Factories	3	Jobs	200	Machines	2

Total number of component types per job processed by HSPM
10	5	8	12	7	6	7	10	7	5	8	9	9	10	5	7	5	8	5	12	6	9	9	5	10	9	10	10	7	7	9	12	8	9	7	11	8	8	6	7	7	12	7	6	11	9	6	5	9	10	11	10	12	12	11	9	5	7	6	6	11	8	10	11	5	10	8	10	6	7	5	5	7	10	12	11	12	6	9	6	8	12	9	11	10	9	9	10	12	6	12	7	9	12	9	7	8	8	12	7	6	11	12	10	8	5	5	9	9	11	7	8	9	7	6	7	7	7	11	6	8	8	11	12	9	12	7	10	9	9	12	11	10	5	11	7	10	7	12	8	5	8	6	12	5	9	10	5	12	6	9	6	9	12	11	7	10	7	10	10	9	7	6	6	10	12	10	12	12	8	7	8	6	11	8	10	11	5	5	6	9	7	12	9	7	11	12	6	5	5	12	8	8	10	12	8	6	9	10	8	

Total number of component types per job processed by MFPM
3	2	3	5	4	2	4	4	4	5	5	1	2	5	5	3	4	5	5	1	2	1	4	4	4	3	3	2	4	1	3	1	5	2	3	1	2	5	5	3	4	3	2	1	1	1	4	1	2	1	4	2	1	5	2	4	4	2	4	2	2	4	2	4	2	2	4	3	2	1	1	3	3	2	4	1	4	3	2	5	5	1	1	1	3	1	5	5	5	1	5	3	1	2	5	1	5	4	3	5	2	5	3	3	2	5	5	2	3	1	5	4	4	5	4	4	2	2	4	4	4	5	3	2	3	5	2	3	3	4	3	1	5	3	1	2	2	3	3	4	4	4	2	4	1	4	5	2	2	5	5	3	2	2	2	2	2	2	1	1	2	1	4	5	4	5	2	3	4	4	3	4	2	1	4	3	2	5	3	5	3	4	5	3	2	1	4	1	4	5	1	3	1	2	5	3	5	3	3	3	

All component type numbers for each job to be processed by HSPM
18	56	4	63	10	17	3	10	19	62	9	44	16	60	6	22	7	5	12	46	
9	4	8	46	0	24	4	51	18	38	
2	5	11	39	0	45	7	17	13	52	12	34	10	10	4	58	
8	4	16	72	7	40	14	1	19	34	6	49	12	12	11	50	1	75	5	27	13	25	3	26	
1	64	15	60	13	28	5	22	14	32	8	23	2	56	
5	31	0	48	7	72	18	56	14	5	16	49	
0	43	18	1	11	15	15	38	13	6	14	9	8	56	
13	7	5	17	0	56	12	14	14	27	2	55	10	31	4	9	8	8	11	16	
4	17	14	1	2	73	6	53	5	50	1	71	16	68	
3	30	2	23	6	5	1	55	7	39	
17	68	10	7	7	54	5	28	16	5	9	2	18	65	4	51	
17	13	3	65	8	49	7	9	9	42	0	15	19	32	4	12	15	40	
5	8	8	40	12	43	1	58	4	49	10	47	2	61	6	17	11	63	
13	4	10	24	18	59	19	7	7	22	0	45	4	71	5	18	11	41	3	28	
0	66	4	54	6	32	11	45	18	18	
12	53	8	20	3	6	9	31	7	59	5	29	11	17	
17	48	12	27	14	59	5	74	0	1	
11	63	10	49	16	16	6	9	0	40	18	42	2	11	12	68	
8	35	6	74	4	12	10	32	1	24	
3	31	19	12	6	28	15	15	16	23	11	46	14	17	7	26	9	5	1	71	4	21	2	75	
15	4	1	70	6	56	12	63	4	13	9	55	
3	46	13	51	18	48	19	21	5	19	12	45	1	59	16	36	2	69	
5	52	13	30	10	5	3	65	9	63	12	10	19	71	7	59	11	7	
10	11	14	24	18	32	2	13	4	64	
6	59	19	69	16	22	3	50	4	63	14	29	13	36	2	71	15	55	7	13	
19	70	11	25	3	46	17	6	16	32	5	21	10	40	6	1	0	52	
1	59	12	41	6	6	15	75	7	72	3	70	14	71	10	44	11	24	2	42	
19	45	11	50	12	64	7	22	4	24	18	65	17	75	1	7	16	43	13	61	
10	32	11	48	15	26	9	71	4	42	18	12	2	61	
16	50	15	33	11	31	19	18	12	3	7	73	14	39	
4	32	3	50	15	45	8	55	12	72	2	56	5	30	18	16	11	53	
13	46	3	8	10	40	2	54	4	24	8	55	11	15	6	58	15	39	17	47	0	41	7	5	
10	72	16	25	3	75	8	52	1	49	5	22	19	23	18	8	
8	47	11	20	1	37	3	42	9	67	17	63	15	49	19	54	5	11	
16	38	5	44	17	5	2	27	8	52	1	7	0	21	
3	24	17	68	19	31	18	12	2	29	10	74	7	45	16	64	14	32	8	36	1	7	
16	33	5	40	14	21	0	25	19	74	11	27	6	34	12	58	
15	27	1	48	19	32	7	49	12	62	8	19	14	28	17	11	
5	21	3	1	13	73	6	29	10	35	11	57	
1	62	14	68	7	63	3	46	15	20	17	2	2	28	
1	22	12	6	10	2	18	45	4	4	6	54	16	28	
14	35	10	14	11	28	2	10	16	66	3	58	19	38	6	64	15	34	5	75	9	2	4	3	
3	25	9	40	5	61	15	39	7	70	13	8	0	67	
10	7	13	43	8	63	17	9	4	36	5	47	
16	29	10	5	19	11	14	70	11	32	12	15	15	63	8	46	6	62	2	47	17	65	
11	30	7	6	18	75	3	59	10	18	19	26	15	69	12	51	5	42	
4	6	17	61	3	71	2	46	16	23	5	36	
4	45	9	75	10	17	8	62	5	42	
1	31	3	15	5	13	2	63	13	4	14	21	18	38	19	24	0	58	
6	50	4	73	17	64	0	16	5	30	7	17	3	55	1	4	18	70	12	67	
0	22	8	34	18	10	10	2	13	12	19	74	7	71	15	51	6	39	17	8	11	38	
10	56	13	21	0	9	15	34	16	19	11	62	8	17	4	40	9	20	6	65	
18	58	15	19	0	54	8	24	9	34	7	41	6	8	16	36	19	26	3	63	14	9	4	35	
15	14	5	1	14	17	9	36	13	28	1	57	2	41	4	15	16	62	17	48	10	19	3	31	
12	62	7	7	11	38	10	25	18	75	5	48	13	74	3	59	6	6	0	67	4	68	
6	44	2	54	11	51	5	58	18	36	4	19	8	74	15	53	13	46	
12	18	1	15	8	7	17	17	14	75	
2	53	4	61	17	41	3	57	15	11	11	12	12	66	
8	41	16	49	4	47	12	6	3	60	17	66	
12	6	16	69	6	31	10	38	7	12	4	41	
3	45	9	51	0	39	12	9	19	75	15	41	8	61	2	73	1	34	11	27	7	58	
19	25	13	74	7	35	1	63	18	29	15	34	12	68	10	26	
3	35	0	51	11	58	10	13	8	70	16	36	5	56	7	33	4	30	13	71	
15	63	8	7	17	50	4	35	1	32	2	8	12	49	7	25	5	6	19	28	6	62	
12	15	19	11	6	29	5	37	16	28	
0	22	11	55	19	51	2	21	18	70	8	31	9	23	17	65	16	60	10	28	
12	71	9	49	10	67	11	56	0	54	2	38	18	41	16	63	
3	22	0	50	19	51	17	73	15	20	1	43	7	59	9	1	4	11	6	60	
3	47	5	23	2	40	16	70	11	48	14	59	
13	41	18	26	4	20	1	35	14	17	15	64	10	10	
16	64	3	40	11	8	8	35	10	5	
10	52	14	21	4	3	11	45	16	68	
12	33	9	70	16	65	18	74	5	17	2	49	13	25	
19	52	15	27	8	1	10	12	4	30	3	4	9	42	2	10	16	5	11	34	
15	9	8	23	6	75	14	53	9	34	5	10	18	36	17	14	10	56	11	22	13	44	19	54	
12	22	11	20	10	48	14	11	5	58	18	37	16	38	15	15	19	34	13	59	6	54	
3	51	0	7	14	39	4	1	19	25	9	47	5	33	12	4	15	68	16	15	7	20	6	73	
5	18	11	56	0	14	18	54	6	69	14	58	
2	27	11	55	15	47	5	35	0	9	1	75	16	53	19	3	17	59	
8	54	2	49	3	71	19	8	14	6	1	30	
8	68	18	74	5	36	12	64	9	22	2	8	16	41	15	51	
10	6	2	36	11	41	3	47	4	26	19	74	17	7	8	43	5	57	7	69	18	16	9	17	
11	54	2	1	8	75	4	71	18	41	1	32	19	5	0	59	3	27	
4	3	8	75	10	6	18	14	9	70	3	26	6	23	19	44	17	55	12	74	0	16	
18	42	6	20	4	25	19	9	8	30	9	60	13	43	3	39	0	74	16	15	
6	16	13	40	0	73	3	49	1	50	14	53	19	39	9	28	10	47	
5	16	4	72	1	63	7	64	9	6	17	54	12	11	13	68	15	37	
2	53	8	65	5	51	6	24	0	67	18	66	12	5	17	11	4	31	1	37	
14	49	4	73	2	72	13	30	18	2	10	40	7	33	19	50	0	43	8	46	17	20	15	59	
4	19	16	43	6	58	11	22	1	14	3	23	
3	52	13	41	16	53	19	22	14	42	7	15	2	29	17	31	8	64	11	39	9	55	15	10	
7	56	16	61	12	24	5	64	19	15	18	40	2	16	
8	3	17	75	6	34	4	58	18	67	0	66	12	57	9	31	3	62	
2	75	18	50	19	36	17	67	5	60	7	19	12	30	13	71	10	73	3	47	16	2	6	8	
5	3	0	30	2	53	12	47	6	73	1	43	7	64	18	68	9	11	
12	50	13	32	10	71	3	44	1	12	0	34	6	22	
15	56	12	74	2	32	17	66	5	34	0	50	1	64	16	15	
5	14	15	42	16	7	11	48	4	70	10	25	6	22	18	28	
8	9	11	36	19	40	18	27	4	14	10	10	16	20	7	18	0	15	6	60	12	55	1	65	
10	23	4	49	17	6	15	59	12	25	2	28	11	8	
11	22	8	68	12	74	15	13	1	30	3	46	
7	55	6	65	9	9	18	3	8	7	5	42	4	40	11	4	15	49	1	18	12	63	
6	39	5	43	16	70	0	22	2	7	14	52	7	68	13	20	8	46	17	35	12	55	4	38	
7	5	3	49	11	21	17	65	9	45	4	56	0	62	15	38	16	69	8	71	
15	46	12	28	9	24	4	3	18	15	3	40	19	5	2	42	
0	2	3	4	2	46	8	16	11	17	
15	37	9	58	7	39	13	62	4	10	
10	11	17	74	3	42	11	70	5	54	2	57	1	28	4	72	15	26	
7	12	5	69	10	68	2	23	19	21	9	3	1	57	8	13	3	20	
1	39	7	54	0	19	3	3	15	67	17	51	9	72	6	11	12	36	16	68	2	25	
15	67	18	36	7	13	2	49	17	72	19	45	3	4	
3	15	15	72	9	25	16	7	10	74	1	73	18	34	13	43	
12	38	11	27	7	16	15	33	5	23	4	48	6	57	16	64	3	62	
5	10	1	7	16	6	6	34	12	16	2	26	0	72	
2	64	16	41	19	63	15	37	12	17	3	13	
8	3	6	7	2	1	3	35	15	28	4	48	13	60	
10	65	5	51	0	27	15	45	12	37	7	26	16	12	
16	16	14	4	4	49	5	15	1	38	8	24	3	61	
5	53	16	5	3	72	6	14	0	70	19	25	2	11	1	73	18	52	8	40	13	22	
7	19	18	44	10	68	9	34	19	75	13	25	
9	48	1	14	10	69	15	39	12	66	5	34	7	67	6	45	
12	64	5	4	6	38	2	17	18	66	14	52	16	69	4	10	
10	65	9	34	6	8	12	25	8	42	18	3	19	11	7	2	17	10	5	13	15	1	
6	73	15	8	4	29	3	22	0	48	10	12	9	58	1	17	16	65	13	16	8	13	11	9	
18	55	4	34	0	21	6	2	2	31	1	7	16	72	5	47	9	51	
17	38	6	50	15	27	8	9	3	2	13	37	0	48	2	23	5	24	9	29	18	7	16	61	
0	68	8	56	4	5	18	70	5	51	13	12	3	71	
8	40	18	53	3	16	13	7	12	39	16	23	19	19	1	21	0	28	14	3	
13	64	0	59	12	65	6	39	4	69	16	16	8	56	18	35	10	5	
13	57	19	28	12	16	17	54	1	61	18	34	5	62	11	66	15	58	
5	51	7	2	19	75	18	38	14	66	0	49	13	55	16	17	2	10	3	62	4	67	12	47	
4	48	0	8	17	12	3	25	1	68	9	55	8	44	7	22	10	33	13	16	19	53	
13	70	15	39	12	46	4	22	18	40	7	48	17	1	9	18	5	16	0	43	
8	67	12	47	14	2	2	55	13	74	
10	65	11	5	3	16	17	57	6	68	8	40	9	38	2	24	0	52	1	67	7	75	
16	12	15	26	19	4	17	38	11	52	0	57	12	66	
0	5	12	4	16	13	13	50	4	17	17	36	15	38	3	39	6	58	2	26	
9	56	3	24	2	44	13	19	14	49	0	18	11	32	
15	50	8	49	0	29	10	21	4	3	6	60	3	46	5	70	9	16	18	1	19	47	14	28	
3	74	2	62	14	28	4	52	18	7	1	46	9	48	16	67	
7	48	17	50	5	74	16	32	15	27	
8	44	10	10	16	64	5	16	2	57	6	71	1	27	17	26	
2	29	18	43	12	45	17	38	5	32	15	63	
13	45	10	55	3	63	17	52	7	11	4	50	6	46	9	24	15	17	5	14	0	22	14	69	
9	6	16	24	15	75	10	69	4	43	
1	43	5	28	0	26	2	74	16	12	11	71	7	7	6	14	3	11	
14	61	2	49	16	33	10	9	12	2	6	34	0	63	18	74	17	62	8	50	
17	4	12	1	7	73	9	55	19	40	
1	62	16	12	14	36	12	41	13	32	7	6	19	38	5	67	6	4	15	29	2	57	0	27	
10	43	6	45	11	60	18	63	7	9	1	5	
11	54	13	21	1	20	6	48	5	42	3	67	4	10	14	23	12	5	
15	58	10	63	12	75	0	74	4	48	3	55	
9	57	3	52	8	20	10	38	2	50	12	12	11	26	13	17	16	22	
12	52	19	74	4	15	18	19	6	70	1	25	14	29	2	14	16	71	3	49	13	11	10	21	
17	19	2	3	11	14	5	62	13	69	10	54	14	66	19	48	4	73	7	28	9	72	
5	46	3	69	8	24	2	11	14	71	9	58	6	52	
8	2	9	75	4	26	11	8	15	63	19	5	18	47	5	48	16	50	12	72	
12	22	4	64	6	19	2	30	9	32	14	70	10	52	
18	30	2	32	1	58	19	44	13	61	3	66	12	55	15	19	10	7	14	71	
11	13	9	5	2	33	3	31	7	36	5	59	12	55	1	18	4	66	10	4	
15	39	10	48	9	6	2	53	18	34	7	69	4	50	17	12	3	67	
1	27	9	56	18	34	14	62	13	15	2	39	8	18	
1	6	18	2	12	10	2	72	5	44	3	69	
16	36	18	21	1	17	9	14	3	53	11	11	
15	1	16	35	14	50	1	72	19	11	7	57	6	19	11	33	2	10	4	61	
15	36	0	16	6	12	9	54	17	56	10	5	4	51	14	48	13	8	16	72	8	17	2	38	
9	35	2	13	16	48	6	4	4	1	18	57	10	24	19	40	11	32	1	55	
8	21	17	74	19	66	14	58	3	60	1	41	11	54	13	72	15	26	16	12	7	23	5	52	
0	66	18	62	11	8	2	5	9	69	1	13	7	67	4	53	15	68	10	65	12	32	13	56	
11	21	4	14	19	38	0	4	15	47	8	52	17	48	6	18	
7	59	10	52	16	40	6	17	5	31	15	51	9	28	
10	68	8	27	6	20	9	13	5	51	4	8	16	7	13	5	
11	16	17	40	6	43	14	19	8	73	3	68	
10	33	12	49	5	14	0	3	2	12	3	16	1	73	19	51	17	31	11	29	9	18	
18	48	7	16	4	75	1	62	11	51	8	8	15	2	17	54	
9	74	0	32	5	7	6	12	17	8	2	30	13	36	4	16	3	25	19	71	
16	52	6	66	0	60	8	38	10	40	3	1	7	9	13	70	1	16	12	2	14	19	
12	66	5	65	10	43	7	62	8	29	
8	49	2	54	11	57	15	71	9	3	
6	14	5	26	2	31	18	40	9	70	17	21	
12	61	14	53	17	30	4	75	18	13	2	9	5	11	9	24	10	25	
8	61	4	16	7	28	13	60	15	54	14	65	2	1	
12	29	15	20	7	5	0	71	9	49	5	34	18	24	4	53	6	64	10	46	3	74	13	13	
7	62	8	9	1	18	6	3	3	15	12	30	10	50	18	36	19	53	
17	74	6	47	1	57	16	43	7	63	12	52	8	10	
17	44	18	66	14	33	6	12	19	20	12	72	10	2	2	9	4	7	8	10	15	64	
17	24	8	39	9	45	1	2	19	72	4	3	5	62	2	58	11	73	15	23	7	74	10	16	
17	25	19	17	16	44	1	54	0	60	4	26	
17	22	1	25	15	61	9	39	16	66	
17	35	8	42	10	37	16	68	3	55	
4	18	1	23	7	44	8	75	12	74	17	31	14	17	11	59	18	58	10	21	0	36	2	72	
15	9	5	66	11	32	16	45	0	37	3	8	4	38	18	27	
6	22	17	47	2	53	0	31	7	46	15	27	13	58	3	70	
13	57	14	3	2	70	19	6	8	54	5	9	16	14	4	20	3	73	10	12	
4	68	16	69	1	52	14	17	18	71	9	57	2	15	8	14	7	20	12	74	5	9	19	51	
18	19	13	45	0	30	8	1	1	74	15	47	10	68	12	32	
5	46	9	31	13	16	4	67	11	17	17	15	
16	31	12	65	9	49	8	23	17	72	1	67	19	7	13	37	7	35	
0	23	3	11	13	18	19	13	18	39	12	63	9	9	15	36	2	15	7	32	
11	53	13	29	1	23	18	35	0	32	3	9	6	69	10	63	

All component type numbers for each job to be processed by MFPM
6	13	4	4	7	2	
1	24	4	10	
9	5	3	1	2	9	
5	14	0	23	2	8	3	24	9	13	
2	18	9	22	7	2	8	23	
4	23	6	5	
7	5	4	19	2	12	5	16	
3	9	1	8	4	23	2	13	
8	14	1	5	5	1	7	7	
9	9	6	18	5	25	2	12	0	3	
6	11	7	13	0	1	2	7	4	20	
2	4	
6	24	8	23	
3	4	4	7	2	8	9	20	0	5	
0	2	3	8	8	16	7	17	4	5	
8	6	5	25	0	20	
8	1	5	15	3	6	2	7	
8	22	6	19	7	21	9	15	1	18	
4	1	7	20	8	21	5	8	3	5	
8	22	
6	9	8	18	
4	18	
0	22	9	4	8	9	2	16	
1	9	7	2	6	8	8	5	
8	5	7	14	3	8	9	6	
2	21	6	14	0	2	
1	11	8	25	3	2	
0	6	7	8	
5	12	1	10	6	1	2	22	
6	17	
6	1	5	18	2	14	
3	21	
6	13	5	12	7	3	3	20	8	1	
6	16	5	24	
8	2	5	7	2	19	
2	17	
6	3	9	10	
0	24	3	7	7	2	6	11	2	6	
2	23	8	15	9	11	4	12	6	1	
4	19	7	9	5	22	
4	10	2	17	7	19	1	22	
9	18	4	1	2	6	
6	7	0	11	
4	4	
8	3	
4	7	
3	15	9	24	4	11	8	23	
4	4	
0	10	7	21	
0	14	
3	7	9	9	4	14	6	17	
0	17	4	1	
5	17	
2	15	7	10	0	7	6	2	9	4	
9	18	0	15	
2	2	5	22	9	3	7	1	
8	10	3	21	0	6	2	24	
9	15	7	11	
7	22	1	15	3	7	4	21	
5	13	7	8	
1	19	2	25	
9	3	7	6	5	16	6	12	
0	24	4	23	
3	15	8	19	7	24	9	2	
0	10	9	2	
8	20	9	7	
4	12	8	3	2	9	1	18	
6	6	0	5	2	11	
2	23	7	25	
6	7	
5	3	
7	1	6	23	4	18	
0	17	2	25	4	22	
8	22	0	2	
8	24	4	5	0	4	9	19	
6	1	
8	8	3	1	5	6	4	13	
3	22	2	10	7	1	
5	21	3	24	
7	13	2	8	4	20	9	3	1	2	
2	21	7	5	9	22	6	1	3	14	
7	5	
7	21	
6	3	
7	23	9	13	2	22	
4	22	
1	18	6	20	7	6	5	3	2	17	
0	18	8	15	6	21	9	17	3	19	
7	13	8	15	4	16	3	22	9	10	
1	11	
8	21	5	10	1	2	7	13	2	7	
6	25	3	7	5	3	
2	24	
8	7	9	19	
0	8	9	18	6	23	8	3	3	4	
7	1	
4	19	1	2	7	11	5	23	9	14	
2	24	4	8	3	10	5	7	
2	3	8	23	4	20	
7	22	9	14	5	17	0	10	3	2	
0	3	2	11	
2	9	6	10	1	8	8	13	9	11	
2	2	0	21	6	25	
2	16	9	17	0	10	
4	4	1	23	
8	18	6	20	9	4	4	16	1	5	
8	1	5	14	4	20	0	23	1	6	
0	15	8	12	
5	22	4	9	6	12	
1	25	
4	5	3	6	2	10	7	7	0	1	
1	3	5	13	4	18	3	12	
5	21	9	7	3	1	1	4	
0	5	2	10	6	24	4	19	8	14	
1	3	3	7	5	17	9	24	
9	9	3	23	8	10	5	19	
3	4	0	16	
1	1	3	18	
8	16	2	15	3	22	5	21	
4	5	2	18	9	7	5	8	
2	13	6	14	1	2	4	20	
2	21	7	9	6	2	9	20	3	22	
6	22	5	11	2	19	
8	8	0	25	
7	3	6	22	2	13	
4	25	5	7	9	2	2	3	0	16	
7	10	8	22	
5	11	3	14	4	13	
5	9	3	5	0	23	
1	10	6	3	0	15	8	23	
0	25	3	13	1	15	
2	8	
3	24	9	1	0	4	7	15	1	20	
2	10	8	16	7	20	
2	16	
5	12	0	9	
5	17	7	20	
0	2	3	7	1	8	
1	13	8	16	6	8	
7	5	1	25	0	4	4	8	
5	6	0	7	6	16	8	1	
8	15	7	23	4	20	6	4	
9	17	1	24	
5	1	3	3	7	18	6	13	
4	15	
3	13	7	3	6	1	5	10	
9	21	5	1	4	16	0	9	7	5	
0	23	6	11	
2	22	5	3	
3	19	2	6	1	1	5	20	7	16	
7	22	2	17	0	11	6	8	9	1	
4	11	0	2	6	13	
0	23	5	18	
5	20	1	17	
2	19	3	17	
3	2	1	10	
1	15	3	6	
0	9	7	14	
1	9	
9	16	
0	19	7	14	
8	1	
0	1	2	9	5	16	8	21	
3	13	2	15	4	7	6	10	8	3	
5	15	3	10	4	9	6	14	
4	17	9	14	6	5	8	4	7	24	
3	23	2	19	
6	10	0	1	9	21	
6	8	3	15	4	7	5	16	
5	4	1	15	8	13	9	6	
4	13	9	16	2	6	
9	17	2	11	3	9	4	20	
3	13	4	24	
5	1	
7	22	6	21	4	9	5	12	
0	6	5	18	9	23	
0	7	1	10	
7	19	9	20	6	22	0	12	4	23	
1	10	5	20	2	25	
6	3	3	7	0	24	9	18	2	5	
7	13	8	6	0	25	
0	9	1	15	8	20	9	2	
6	13	7	12	8	24	2	9	5	5	
6	23	9	15	1	10	
5	14	9	5	
4	2	
8	4	1	14	6	7	3	6	
6	24	
2	25	0	22	7	14	6	5	
6	6	9	15	5	5	4	16	7	2	
5	22	
7	25	9	16	5	11	
7	11	
9	25	7	16	
9	11	0	23	6	13	1	4	2	24	
4	12	7	10	5	5	
7	16	0	19	6	22	3	7	8	18	
3	11	4	22	0	1	
0	22	6	25	5	3	
5	7	4	24	0	6	

Three processing times per job on each machine
The best scenario
232	558	
515	462	
411	451	
587	363	
351	235	
119	64	
683	346	
272	138	
47	134	
774	1222	
502	157	
307	261	
143	163	
226	130	
80	197	
303	380	
496	765	
1313	840	
421	611	
282	136	
464	685	
216	172	
526	514	
793	597	
615	968	
155	129	
215	246	
420	508	
193	228	
155	167	
194	454	
124	632	
653	423	
294	349	
373	567	
212	920	
476	628	
289	250	
372	199	
279	479	
71	165	
421	445	
487	436	
69	31	
141	122	
63	76	
239	287	
1044	915	
385	639	
449	285	
676	1055	
248	515	
356	327	
92	139	
468	479	
247	253	
190	553	
510	506	
198	78	
108	193	
577	942	
512	406	
310	892	
359	166	
293	173	
396	211	
493	319	
231	85	
304	365	
281	322	
1183	533	
820	317	
921	886	
800	332	
193	340	
51	137	
105	288	
349	200	
1063	377	
897	1138	
560	281	
250	222	
265	762	
81	370	
561	634	
80	143	
352	262	
309	639	
322	207	
304	728	
241	690	
733	918	
186	138	
622	515	
680	500	
519	583	
590	630	
616	356	
289	345	
189	95	
341	651	
729	692	
320	498	
373	924	
418	240	
262	267	
102	69	
151	213	
287	453	
88	132	
739	824	
171	321	
50	108	
461	270	
261	637	
336	335	
97	79	
265	257	
149	198	
313	300	
940	470	
896	415	
526	694	
156	290	
192	354	
677	269	
30	127	
124	113	
932	811	
325	226	
209	264	
267	375	
402	1031	
989	192	
605	771	
647	235	
655	498	
177	349	
184	184	
254	400	
463	127	
342	466	
662	359	
44	45	
26	53	
171	249	
308	265	
428	106	
302	255	
575	241	
457	357	
240	197	
308	698	
268	794	
1128	713	
606	309	
438	505	
460	393	
169	121	
415	252	
190	170	
589	525	
386	744	
183	423	
223	154	
857	1052	
240	249	
186	150	
543	797	
462	407	
549	262	
815	296	
233	696	
118	160	
533	227	
609	470	
218	208	
346	304	
298	517	
792	180	
275	519	
308	355	
212	184	
313	217	
289	141	
610	426	
156	183	
386	116	
119	83	
647	368	
190	294	
364	457	
124	353	
321	311	
732	728	
238	388	
138	451	
480	474	
100	246	
245	189	
Most likely scenario
408	751	
917	488	
436	565	
847	690	
478	467	
133	93	
903	609	
317	189	
78	243	
1055	1260	
568	173	
409	306	
182	236	
271	161	
154	238	
484	382	
579	856	
1444	861	
785	640	
332	263	
556	781	
305	341	
619	772	
858	898	
711	987	
188	143	
321	427	
798	598	
204	268	
263	193	
224	679	
237	642	
1176	614	
421	510	
519	571	
411	1028	
580	932	
415	255	
480	296	
365	651	
126	173	
455	539	
544	456	
85	49	
188	153	
87	122	
312	385	
1201	974	
712	684	
540	333	
1164	1229	
387	894	
569	411	
123	185	
714	912	
306	323	
253	675	
635	984	
255	107	
153	349	
629	1058	
912	589	
344	1169	
496	307	
408	251	
539	253	
546	455	
270	98	
307	555	
302	412	
1332	582	
891	539	
1217	1001	
1291	570	
327	511	
69	184	
151	439	
402	283	
1070	488	
1175	1356	
683	361	
298	248	
399	895	
143	399	
660	1028	
157	155	
548	339	
443	1032	
453	233	
573	840	
353	779	
993	1192	
199	158	
720	598	
1114	612	
679	620	
860	881	
708	390	
301	464	
231	185	
390	706	
1360	703	
435	637	
394	978	
559	251	
284	268	
105	110	
258	338	
471	775	
97	150	
1311	1145	
308	342	
66	216	
554	473	
481	766	
440	561	
172	88	
390	328	
205	241	
594	498	
1060	884	
1044	530	
997	1051	
188	297	
354	383	
995	279	
56	128	
140	217	
1410	1286	
387	233	
222	331	
314	417	
579	1042	
1270	332	
1165	779	
891	336	
1234	511	
308	425	
341	292	
489	425	
605	202	
554	607	
1012	600	
55	75	
50	93	
191	277	
360	270	
453	157	
419	408	
683	294	
471	526	
257	263	
455	975	
304	966	
1322	1048	
752	457	
451	596	
619	690	
318	192	
679	336	
203	250	
1005	588	
429	866	
276	564	
246	164	
1202	1380	
287	478	
266	256	
1075	911	
483	642	
550	299	
1095	526	
237	741	
181	191	
607	348	
637	472	
339	289	
409	379	
499	927	
879	347	
282	724	
597	622	
378	241	
326	312	
496	252	
715	829	
179	263	
523	197	
224	98	
1194	472	
221	358	
484	734	
190	437	
548	514	
766	1192	
410	632	
209	571	
572	495	
105	279	
275	320	
The worst scenario
469	824	
1053	503	
464	745	
972	743	
535	508	
174	136	
1307	789	
425	243	
102	271	
1296	1417	
827	206	
543	355	
211	345	
297	189	
171	255	
719	563	
638	1124	
1517	1001	
905	736	
480	332	
819	783	
399	376	
739	877	
1228	1316	
741	1119	
281	209	
400	490	
1083	657	
254	294	
356	266	
271	795	
324	645	
1541	781	
618	614	
615	582	
586	1482	
802	1176	
460	256	
629	384	
508	731	
154	199	
613	634	
694	537	
124	54	
264	190	
112	165	
336	502	
1421	1361	
1041	896	
567	479	
1568	1432	
498	983	
649	610	
128	233	
919	1329	
426	410	
348	739	
884	1091	
320	116	
165	439	
788	1060	
1026	717	
359	1655	
590	401	
505	271	
649	256	
735	656	
368	130	
349	619	
417	589	
1620	623	
1312	773	
1516	1327	
1756	732	
489	558	
82	231	
206	501	
524	382	
1140	513	
1245	1688	
695	484	
386	258	
410	993	
179	593	
986	1269	
223	165	
778	386	
548	1188	
510	248	
592	1232	
477	824	
1046	1339	
256	207	
962	736	
1177	901	
967	708	
1137	1117	
876	532	
334	634	
291	271	
557	743	
1460	765	
466	941	
494	1366	
677	336	
391	282	
127	152	
333	381	
544	1031	
142	192	
1435	1199	
451	348	
73	321	
718	638	
630	1036	
492	841	
210	127	
565	392	
294	299	
795	680	
1283	1010	
1401	662	
1030	1207	
243	403	
445	552	
1047	293	
80	143	
192	325	
1971	1465	
508	301	
223	431	
440	590	
807	1467	
1566	455	
1193	783	
1272	502	
1394	531	
358	559	
428	382	
698	568	
648	301	
755	890	
1104	671	
56	100	
69	126	
234	302	
363	361	
582	170	
504	474	
707	404	
543	749	
298	334	
670	997	
356	1214	
1840	1424	
1018	517	
588	689	
859	964	
477	288	
738	458	
248	326	
1295	628	
583	1293	
384	790	
291	189	
1564	1632	
418	697	
337	378	
1611	965	
618	915	
697	379	
1200	672	
354	1002	
185	198	
867	520	
700	689	
377	331	
537	392	
544	1147	
1169	508	
306	978	
822	902	
412	325	
364	337	
527	361	
772	991	
186	382	
572	277	
244	143	
1439	560	
326	443	
621	789	
216	532	
705	715	
1123	1486	
490	814	
230	798	
629	614	
139	395	
404	348	
