Factories	5	Jobs	100	Machines	2

Total number of component types per job processed by HSPM
10	11	5	5	9	6	6	10	7	11	10	5	7	5	9	9	10	7	10	8	11	9	8	5	11	6	9	7	5	5	12	11	12	7	9	8	11	8	6	9	6	10	6	7	8	6	12	5	12	5	9	8	7	6	10	6	6	8	6	6	12	10	7	9	7	8	6	7	12	9	12	5	7	8	6	5	8	8	8	7	11	11	6	7	6	12	7	7	8	11	11	6	8	10	6	9	11	6	5	9	

Total number of component types per job processed by MFPM
1	5	2	3	3	2	1	2	3	3	4	2	3	2	1	4	3	2	1	2	5	1	2	4	5	4	5	2	3	1	2	2	2	2	5	1	1	1	4	3	3	3	2	5	4	1	5	4	4	5	4	4	3	4	2	2	4	5	2	1	3	4	4	5	4	5	5	3	3	1	5	1	1	3	3	3	2	2	1	4	5	3	3	1	3	3	5	4	1	4	5	3	5	2	2	3	1	3	5	5	

All component type numbers for each job to be processed by HSPM
8	57	5	42	7	61	0	24	18	25	16	34	17	69	1	20	19	3	12	72	
14	13	13	31	0	25	5	39	6	68	3	67	10	57	8	70	1	73	7	75	2	18	
13	75	12	45	16	20	8	11	7	34	
10	65	18	12	0	5	17	39	6	51	
15	46	13	20	4	13	2	33	10	24	17	43	8	3	0	1	9	59	
0	35	16	13	2	23	7	67	13	9	4	52	
11	72	0	54	18	61	15	47	6	36	10	51	
4	61	9	63	0	40	2	19	3	16	17	5	16	55	5	41	7	75	13	21	
15	31	19	28	11	62	12	45	17	66	14	8	7	73	
11	30	13	32	12	33	0	70	2	72	7	3	17	40	3	35	5	46	19	9	16	22	
13	49	6	8	15	25	18	24	1	14	12	61	7	16	10	39	11	53	4	4	
0	69	1	24	4	31	13	43	10	25	
13	36	19	65	6	18	3	2	5	64	2	31	7	29	
12	40	5	20	4	43	11	74	8	47	
12	68	8	55	15	72	4	60	1	12	6	29	7	9	9	14	13	23	
13	16	19	13	11	36	5	14	15	55	8	57	4	67	3	4	9	40	
9	6	11	13	12	56	6	12	10	9	5	29	7	44	15	60	4	35	2	18	
11	64	14	32	2	21	18	61	0	30	5	37	7	33	
10	14	9	47	17	24	19	11	12	45	14	3	15	39	5	35	8	19	2	54	
0	17	10	12	4	31	14	16	3	35	19	39	1	36	16	3	
13	51	11	62	5	73	6	19	17	11	2	29	3	33	9	30	18	58	14	2	4	10	
4	56	7	33	2	48	17	8	15	15	14	39	10	42	3	29	11	62	
5	55	0	42	7	61	15	27	2	20	14	53	13	5	16	69	
18	62	6	7	14	49	1	36	12	17	
11	54	5	29	7	47	8	19	15	2	0	9	14	73	4	37	10	46	13	44	9	33	
0	58	11	40	5	14	7	43	4	32	12	30	
13	38	6	57	14	73	8	72	1	66	5	4	7	2	11	12	18	5	
12	5	18	49	9	53	0	23	19	11	5	59	17	48	
11	43	8	74	12	52	5	42	7	71	
10	21	17	45	11	39	7	12	16	5	
19	37	7	65	10	14	12	21	11	63	18	67	2	11	1	22	4	7	17	19	15	55	14	4	
11	46	19	74	4	4	12	5	16	40	8	31	3	26	17	45	5	10	0	54	14	28	
5	10	7	38	10	15	17	29	4	2	11	9	16	59	15	49	0	36	18	13	1	21	19	12	
16	22	12	6	2	67	3	34	0	30	6	1	17	71	
0	5	16	11	14	32	9	54	18	42	6	70	19	48	5	59	12	44	
0	59	17	62	13	31	16	65	18	42	9	33	5	46	8	57	
2	25	10	1	15	45	11	67	5	63	18	32	0	34	8	15	19	35	6	40	13	73	
13	7	19	10	11	12	12	27	1	63	4	45	6	50	3	1	
5	50	7	12	8	62	12	11	13	70	2	61	
13	25	18	16	17	56	9	44	19	62	4	71	0	55	7	4	14	32	
3	70	6	20	14	13	2	5	15	33	18	53	
2	71	8	28	16	31	13	22	14	38	3	12	15	10	11	41	4	24	18	50	
14	3	10	41	11	70	4	69	6	51	18	2	
4	51	2	22	8	42	16	59	6	1	5	63	14	16	
16	35	15	44	6	46	5	61	9	9	10	1	1	75	7	31	
18	40	7	30	6	5	9	52	11	9	4	60	
3	58	0	4	4	3	10	30	7	44	18	29	9	35	13	54	15	42	2	2	19	25	17	14	
14	65	16	19	19	46	17	55	8	37	
3	71	10	58	9	4	17	35	7	61	8	16	4	47	19	65	1	18	14	9	18	30	2	12	
10	61	2	24	12	5	18	36	17	66	
17	21	2	48	3	73	15	57	7	25	8	68	5	53	4	36	14	71	
10	51	9	75	11	25	7	55	0	17	3	61	1	54	14	34	
8	30	3	56	7	47	16	10	10	24	5	50	4	6	
15	2	6	38	7	28	19	23	9	35	18	50	
19	18	11	13	4	58	5	2	7	24	1	71	8	35	12	45	6	56	10	54	
2	59	0	35	19	32	17	71	12	14	5	61	
14	12	0	5	18	74	9	69	4	50	7	47	
6	16	5	65	13	41	9	27	16	40	4	1	17	46	10	35	
11	3	14	32	16	53	2	39	10	62	8	67	
12	38	7	36	14	1	13	72	18	15	11	66	
5	34	9	11	0	66	17	61	8	38	16	8	11	31	1	16	19	15	3	4	14	68	2	21	
6	48	14	18	18	1	9	60	2	51	16	54	10	70	8	44	1	46	13	23	
15	46	6	66	0	24	12	39	5	43	11	7	16	2	
3	56	9	17	7	32	18	51	2	38	1	23	6	3	19	68	11	13	
14	9	7	33	13	35	16	2	2	75	19	7	6	65	
3	61	12	19	4	48	10	68	17	63	8	70	16	39	13	59	
5	15	8	24	7	1	3	48	13	74	15	53	
3	28	13	5	17	73	15	47	8	44	2	54	7	63	
7	57	11	34	6	38	4	54	17	60	14	75	8	25	12	24	2	12	3	13	18	45	13	58	
5	16	13	72	4	38	8	13	1	58	9	6	11	10	6	20	19	5	
15	8	5	5	11	69	19	42	10	49	4	47	13	29	0	50	8	44	17	57	12	59	1	65	
7	52	9	51	19	65	3	58	8	20	
15	75	13	17	12	12	0	31	2	19	8	14	4	34	
2	56	11	27	19	19	18	9	13	41	6	61	8	18	15	28	
7	57	18	62	15	63	14	73	19	11	5	56	
3	37	0	60	15	49	19	69	17	70	
11	41	10	51	12	2	5	69	13	15	7	57	17	39	18	5	
10	39	12	49	18	13	0	22	17	24	13	42	16	45	1	46	
7	62	2	37	14	61	12	42	11	58	3	33	18	35	10	47	
0	64	18	31	8	66	4	65	3	56	15	6	12	10	
1	48	8	55	0	60	12	62	14	57	18	1	15	23	19	3	16	72	11	16	7	42	
19	25	4	44	12	13	8	37	2	36	6	14	9	16	15	45	16	71	10	38	17	69	
6	19	16	41	14	73	18	30	7	12	8	35	
12	53	6	67	2	63	19	22	17	26	7	34	18	72	
1	51	19	22	15	8	10	58	8	72	2	43	
8	14	15	75	13	29	16	48	11	11	14	43	5	21	3	23	10	10	18	9	19	1	17	15	
7	42	13	71	19	72	2	9	16	1	18	12	12	75	
3	64	5	10	19	14	7	15	1	55	11	27	13	20	
11	53	4	21	18	67	3	16	19	12	5	36	1	64	16	54	
4	73	15	11	19	39	14	1	9	14	6	7	13	13	8	23	7	24	0	8	5	49	
6	29	18	43	3	58	11	68	17	59	7	7	0	26	16	3	12	67	13	15	9	56	
9	29	15	68	5	42	10	1	18	55	11	52	
12	12	8	32	7	11	11	63	16	33	5	5	1	45	6	35	
0	55	1	6	6	60	13	18	3	59	19	20	14	33	16	72	10	64	4	14	
2	60	11	63	4	30	3	41	0	9	10	13	
11	23	2	26	15	3	6	42	7	21	16	11	19	66	18	71	4	5	
14	68	4	44	17	55	11	8	3	4	1	74	8	50	13	53	15	45	6	33	16	60	
15	31	3	59	1	25	19	74	2	22	6	43	
19	69	7	21	13	62	0	59	11	30	
5	45	0	11	14	69	16	4	7	15	15	38	10	39	17	56	3	37	

All component type numbers for each job to be processed by MFPM
6	17	
7	1	6	3	3	18	2	11	4	25	
2	8	0	4	
0	16	3	21	5	13	
0	19	5	18	9	4	
1	16	9	22	
6	14	
1	20	5	9	
0	6	5	14	2	5	
7	25	2	20	4	2	
3	13	5	17	2	8	4	6	
1	20	7	12	
3	1	2	14	7	19	
5	6	2	11	
2	10	
5	25	7	21	3	11	4	16	
8	5	2	23	1	7	
2	5	3	13	
2	16	
4	3	0	7	
7	17	8	13	6	6	1	5	4	19	
9	6	
9	17	6	21	
8	12	7	24	0	7	3	15	
2	18	4	24	6	14	9	6	1	25	
8	7	6	16	9	24	7	19	
3	1	6	7	1	11	8	10	2	21	
6	7	8	16	
9	25	3	22	6	9	
6	24	
2	8	5	6	
4	17	7	8	
3	23	7	6	
4	1	7	25	
4	13	6	14	1	17	5	21	7	19	
0	17	
2	8	
2	11	
2	4	0	15	8	20	6	14	
2	16	0	24	3	9	
0	24	1	17	3	5	
6	19	7	17	1	11	
4	6	5	15	
2	20	8	15	7	19	0	1	4	18	
4	13	3	8	1	23	5	12	
7	4	
6	7	7	10	1	25	2	5	3	14	
6	24	4	13	0	22	5	1	
7	7	0	5	3	15	9	20	
2	15	4	19	5	12	3	2	1	5	
7	12	2	23	9	4	1	25	
2	1	0	5	3	22	6	25	
3	13	8	10	0	7	
3	19	9	9	5	12	4	2	
4	1	8	4	
7	15	1	6	
2	12	4	22	7	21	6	9	
3	12	0	25	2	19	9	24	4	13	
0	8	9	7	
0	6	
4	12	7	8	8	2	
3	2	4	10	8	3	5	8	
6	14	7	16	8	18	9	4	
2	3	1	17	5	24	0	7	3	22	
8	2	3	5	4	8	0	24	
3	7	7	10	5	22	1	5	6	2	
0	2	8	14	9	22	7	20	3	19	
1	22	5	11	8	3	
4	6	1	8	0	19	
1	8	
1	8	8	7	0	13	9	1	6	23	
1	9	
3	24	
9	12	7	11	2	23	
1	19	7	8	6	20	
8	1	9	15	5	16	
5	13	2	18	
7	13	1	22	
6	19	
7	7	8	23	1	21	0	13	
1	17	8	15	9	2	3	25	4	9	
9	6	3	12	5	24	
6	9	2	22	4	18	
7	17	
6	24	4	15	8	14	
9	22	2	24	3	8	
5	18	0	2	4	16	7	22	3	24	
2	8	7	5	1	2	9	7	
8	12	
8	4	2	21	4	7	5	24	
7	25	6	14	4	21	5	8	2	20	
4	18	9	6	1	25	
6	13	7	10	3	14	0	2	1	3	
3	19	1	6	
0	11	6	1	
7	20	8	23	9	18	
2	5	
8	20	3	12	0	11	
6	20	3	25	1	19	9	14	4	11	
7	23	8	13	3	11	0	3	6	9	

Three processing times per job on each machine
The best scenario
220	55	
173	114	
182	133	
45	81	
119	64	
199	360	
142	75	
177	68	
62	84	
57	65	
87	154	
270	496	
134	278	
264	403	
185	92	
31	41	
29	68	
163	138	
340	74	
140	62	
80	22	
87	173	
231	149	
119	69	
32	28	
112	134	
32	26	
77	44	
209	282	
35	62	
403	204	
76	44	
104	117	
202	292	
247	246	
175	166	
432	90	
122	35	
358	158	
77	28	
288	250	
282	447	
354	114	
295	179	
104	95	
30	27	
129	302	
73	48	
301	359	
126	364	
94	162	
32	98	
242	106	
385	235	
192	141	
149	365	
137	274	
365	180	
136	78	
147	64	
71	162	
216	177	
79	106	
60	28	
119	123	
120	268	
91	293	
64	32	
88	186	
262	213	
48	124	
262	253	
78	75	
125	168	
126	196	
88	77	
62	67	
119	285	
26	36	
335	127	
138	164	
350	340	
38	17	
39	33	
351	109	
70	239	
79	125	
48	33	
142	189	
273	118	
244	236	
18	37	
16	52	
105	135	
90	86	
112	91	
361	104	
386	147	
466	164	
165	116	
Most likely scenario
310	88	
223	159	
319	160	
90	87	
160	107	
336	390	
161	123	
229	88	
115	151	
68	73	
115	174	
315	520	
160	447	
432	421	
370	130	
32	59	
45	98	
249	266	
359	126	
157	92	
98	43	
158	224	
365	202	
137	131	
40	42	
145	145	
44	30	
83	50	
268	289	
41	80	
433	290	
132	50	
195	218	
288	383	
358	398	
253	167	
489	167	
174	64	
409	206	
85	55	
292	292	
339	557	
417	149	
441	243	
199	168	
47	29	
168	493	
138	61	
314	370	
231	402	
163	183	
44	121	
330	117	
387	316	
274	192	
191	379	
169	485	
449	273	
162	84	
179	114	
95	165	
328	243	
86	194	
69	30	
205	230	
191	275	
157	344	
82	45	
170	280	
268	255	
69	161	
317	323	
122	115	
175	243	
135	242	
151	100	
95	80	
238	299	
33	40	
430	254	
174	263	
374	384	
57	23	
57	59	
443	196	
105	253	
95	203	
74	60	
195	200	
379	143	
426	265	
35	40	
25	60	
159	147	
164	121	
206	102	
378	114	
521	214	
574	234	
184	121	
The worst scenario
318	130	
251	218	
406	163	
134	105	
179	111	
354	507	
166	153	
267	119	
138	209	
72	103	
160	241	
394	710	
232	622	
457	621	
453	161	
46	78	
62	118	
285	373	
440	142	
211	133	
108	48	
159	291	
401	274	
150	135	
43	58	
179	193	
48	35	
89	74	
396	397	
51	92	
479	384	
190	75	
263	219	
431	538	
416	538	
324	172	
650	202	
220	76	
489	299	
94	56	
438	305	
403	766	
591	186	
473	299	
203	187	
70	36	
231	549	
168	90	
417	531	
330	566	
182	200	
57	174	
378	122	
456	445	
345	225	
207	415	
192	720	
633	287	
210	121	
240	155	
124	229	
456	301	
125	246	
95	42	
292	288	
261	321	
174	447	
108	58	
194	305	
326	275	
84	166	
377	424	
148	167	
210	249	
159	307	
200	144	
109	84	
346	410	
38	56	
625	371	
183	338	
396	400	
75	31	
60	84	
466	245	
135	369	
119	279	
107	86	
226	218	
532	147	
605	358	
52	56	
31	87	
214	162	
187	133	
221	136	
403	133	
534	270	
762	244	
275	142	
