Factories	4	Jobs	100	Machines	2

Total number of component types per job processed by HSPM
12	10	8	11	6	5	8	8	9	9	11	5	7	9	6	9	7	8	11	12	8	11	6	10	12	8	10	10	7	7	11	7	7	8	5	6	6	5	5	9	5	9	6	12	12	10	8	7	8	11	12	11	12	5	10	8	11	7	6	5	12	12	9	10	8	12	12	11	8	5	10	6	10	11	6	7	5	5	11	9	10	10	11	8	7	12	10	12	6	5	12	9	11	7	11	5	6	8	5	10	

Total number of component types per job processed by MFPM
4	5	2	5	5	3	4	3	3	1	5	2	1	2	2	4	4	3	4	2	2	4	3	1	1	1	4	1	2	3	1	2	4	3	5	4	5	3	3	2	4	3	5	2	4	3	4	4	3	3	3	2	1	5	4	1	5	2	5	3	1	3	1	5	5	5	5	2	4	1	5	3	1	5	2	2	2	5	4	2	5	4	3	5	3	2	2	3	3	1	2	3	2	3	5	1	3	2	3	4	

All component type numbers for each job to be processed by HSPM
4	30	15	32	12	24	19	72	11	15	6	57	8	69	17	20	3	60	2	29	7	45	10	43	
9	45	13	16	11	27	1	35	15	15	12	7	8	31	5	26	14	10	3	75	
12	1	13	31	15	7	0	70	6	50	10	28	3	38	1	62	
15	14	17	54	3	72	9	31	12	11	14	57	19	4	1	50	18	70	0	59	7	20	
8	64	10	62	14	26	3	60	11	3	15	1	
16	17	13	21	11	58	8	46	10	57	
14	53	4	3	15	27	7	12	0	21	1	50	11	74	2	18	
9	46	1	55	10	67	18	16	19	44	5	5	13	8	8	22	
19	49	11	59	5	52	1	65	4	51	2	54	14	70	3	11	15	25	
3	47	8	42	17	64	0	17	1	16	13	68	11	29	19	2	4	66	
4	51	19	30	12	72	1	57	10	12	9	9	16	21	6	62	0	18	11	71	2	4	
10	38	16	58	2	18	1	27	7	17	
8	27	17	12	16	49	5	7	0	67	9	70	19	5	
18	39	2	68	1	59	10	42	5	1	0	38	8	61	17	44	11	47	
0	65	5	72	12	6	4	60	6	13	3	14	
15	60	2	21	5	37	16	39	7	27	0	64	19	5	11	40	3	8	
4	50	5	43	18	62	13	15	15	22	9	26	3	65	
15	1	2	19	11	25	3	64	0	33	12	59	10	75	8	7	
0	5	3	32	9	26	18	66	15	56	2	40	13	38	7	64	8	70	12	44	5	73	
11	26	12	8	2	29	7	1	6	33	18	60	4	61	0	49	1	14	5	15	17	3	14	67	
2	43	14	62	19	1	16	10	0	35	10	61	17	24	5	45	
19	6	2	39	12	31	11	22	0	8	3	1	1	58	9	73	16	35	14	34	13	9	
16	9	11	67	7	1	9	53	0	46	19	71	
1	48	9	42	5	14	19	58	11	45	15	28	2	9	18	36	7	29	14	40	
16	6	19	16	6	41	2	68	3	39	5	17	4	65	18	3	1	33	0	67	12	63	9	19	
4	39	14	12	10	11	13	43	11	55	1	37	8	54	16	15	
8	4	18	31	15	75	3	66	17	26	5	41	12	24	4	51	9	48	11	36	
8	68	12	70	15	65	9	5	0	47	14	15	13	75	11	41	3	1	18	61	
6	28	15	62	11	60	5	54	17	2	19	43	18	37	
18	39	2	6	19	10	0	55	11	28	15	34	3	65	
18	70	15	54	6	55	0	28	17	36	8	22	9	60	10	40	4	72	11	27	5	43	
10	73	8	22	15	8	2	64	17	9	14	17	4	66	
6	33	5	41	16	34	17	3	9	13	18	25	8	19	
12	18	5	29	18	37	15	36	2	48	1	67	19	74	16	10	
8	6	2	36	15	16	12	24	13	10	
6	6	19	66	9	37	4	62	2	72	16	59	
10	30	3	17	9	46	4	1	5	55	16	5	
15	10	7	16	0	29	14	48	1	25	
13	72	15	10	5	43	12	28	11	36	
1	70	10	21	3	43	2	41	0	69	11	35	9	17	14	24	8	28	
4	33	6	34	15	71	8	61	3	74	
19	20	17	74	1	44	15	30	14	49	11	73	13	37	18	58	9	12	
5	29	18	59	16	71	19	22	15	53	1	62	
5	72	11	19	12	59	14	63	3	40	7	34	1	27	2	64	0	53	15	32	13	33	6	11	
10	32	17	30	7	36	5	27	0	3	19	53	4	12	18	48	8	72	9	21	13	57	14	2	
16	20	18	19	0	7	4	74	19	53	7	10	10	26	5	47	17	12	9	46	
8	62	7	43	16	4	10	57	0	45	18	10	3	49	1	58	
2	63	9	39	8	45	10	25	14	58	17	1	16	33	
17	27	2	3	15	42	10	4	14	44	3	68	11	21	5	1	
17	37	10	24	11	56	9	70	14	10	4	61	7	9	8	53	16	67	18	45	2	29	
5	33	16	43	18	65	0	62	1	21	4	19	10	51	15	27	19	32	2	36	3	71	7	29	
13	40	16	19	19	21	7	62	9	70	5	60	10	28	3	20	11	73	8	72	18	24	
18	58	12	16	0	56	9	20	4	65	2	21	17	52	3	38	7	6	10	75	19	8	5	61	
6	44	0	5	4	29	3	32	7	14	
14	40	7	11	1	25	6	38	13	34	11	12	16	62	8	73	15	5	9	58	
13	32	2	61	16	10	11	21	6	35	17	56	8	57	5	14	
1	72	7	29	4	23	14	66	5	70	19	64	0	16	12	5	11	4	8	30	17	60	
15	31	8	6	3	56	17	23	18	20	12	21	5	17	
4	56	10	29	14	45	7	70	9	68	18	51	
3	52	14	70	6	4	4	17	13	42	
12	19	14	63	4	11	17	14	15	53	13	33	19	30	18	43	8	70	9	62	7	67	3	4	
0	37	16	28	3	27	13	10	18	57	8	16	9	13	19	51	12	50	1	14	15	59	4	69	
5	60	2	7	8	52	18	20	10	63	15	55	11	23	6	26	1	64	
19	66	16	37	18	40	3	6	2	2	7	17	13	27	9	41	12	21	8	73	
7	46	2	41	1	70	17	59	3	2	0	64	6	55	4	57	
7	43	2	49	3	67	4	32	17	15	11	14	0	75	9	20	5	40	16	24	8	63	10	57	
11	17	4	42	12	19	7	27	14	10	8	68	6	23	10	51	1	50	16	1	0	64	13	38	
2	61	10	3	1	9	18	2	12	41	7	10	15	53	0	37	17	72	19	20	16	34	
14	1	10	68	3	75	9	53	15	52	18	10	8	56	12	5	
15	20	17	3	4	73	3	56	10	15	
18	25	9	70	3	6	12	13	13	58	0	67	19	47	16	24	4	4	6	22	
17	64	0	44	5	52	10	4	14	19	16	54	
19	31	11	13	16	62	10	7	0	27	1	51	12	73	17	57	14	64	13	5	
15	2	5	70	10	46	14	7	16	38	3	53	2	57	19	43	13	42	12	64	11	21	
8	18	10	1	16	73	0	46	6	27	17	26	
7	42	0	2	12	6	10	66	13	75	2	4	6	72	
1	60	11	58	13	40	19	46	12	22	
4	61	8	3	13	9	11	37	15	16	
19	5	12	31	8	67	1	24	4	58	11	19	14	39	15	70	7	49	6	50	9	25	
10	3	18	50	9	52	3	39	14	32	0	64	8	74	11	66	12	53	
17	22	1	28	16	3	7	50	8	15	19	49	9	11	10	69	15	17	11	46	
19	71	2	4	3	22	11	18	5	63	1	40	16	37	12	9	15	19	0	74	
0	11	3	12	1	6	7	42	18	43	8	31	15	72	12	23	2	62	9	75	17	34	
2	13	6	7	17	46	8	51	10	55	19	67	14	20	5	35	
1	31	4	23	18	46	0	74	3	10	17	25	10	2	
0	47	16	25	12	22	11	35	17	32	1	53	8	74	3	5	15	1	14	55	13	75	4	70	
7	53	12	48	17	14	0	69	6	62	8	28	2	52	4	18	14	19	18	24	
9	58	7	26	12	74	5	3	13	20	1	4	8	11	15	32	3	34	10	22	6	44	17	41	
17	48	8	40	10	15	9	12	13	37	15	11	
13	70	6	46	16	23	8	42	19	8	
6	71	18	67	1	59	3	47	2	37	13	38	14	20	17	63	11	12	12	4	10	69	19	9	
19	74	6	37	1	29	18	15	3	43	7	69	2	6	9	53	0	13	
3	14	5	74	14	61	17	57	18	67	2	50	9	38	8	30	13	33	19	19	10	17	
3	57	0	4	13	30	10	47	6	22	15	29	7	16	
0	70	14	39	19	19	18	48	7	64	17	27	3	29	4	55	6	74	12	62	1	14	
8	4	0	18	13	28	9	75	4	47	
9	33	12	46	3	22	14	67	13	69	16	36	
19	72	13	48	6	49	5	23	14	65	2	52	18	29	4	11	
11	14	13	9	19	73	4	63	0	3	
17	2	3	23	7	66	0	36	9	74	6	18	5	69	2	60	4	75	18	70	

All component type numbers for each job to be processed by MFPM
6	4	3	6	9	7	2	1	
7	9	9	16	0	3	1	25	4	11	
3	8	9	14	
5	7	0	6	9	10	2	17	4	5	
8	18	1	24	2	25	0	6	7	10	
4	18	5	9	2	19	
8	18	9	11	5	12	0	17	
5	16	4	9	9	3	
6	12	2	3	9	14	
7	12	
7	14	1	20	3	9	6	8	0	15	
3	20	7	16	
5	17	
2	11	1	8	
7	9	1	4	
7	3	0	20	4	21	8	25	
2	6	8	7	5	4	3	13	
0	10	3	16	7	7	
9	16	6	22	1	2	7	5	
7	15	0	16	
6	24	1	14	
2	6	0	15	7	24	9	23	
3	25	4	17	5	24	
3	19	
0	13	
9	10	
7	25	6	8	8	23	1	1	
5	15	
4	16	0	19	
8	17	3	10	4	22	
7	25	
8	1	1	6	
7	8	5	1	2	5	1	21	
5	15	4	22	1	8	
9	24	7	11	8	12	1	8	2	3	
3	9	2	11	6	1	4	3	
8	18	0	5	2	15	3	7	1	12	
1	11	5	21	4	3	
4	12	0	16	8	7	
8	7	7	25	
4	15	8	4	5	20	1	6	
3	6	8	10	5	7	
7	13	3	6	1	25	0	11	9	2	
1	2	4	12	
2	9	7	18	0	23	5	15	
9	8	6	10	8	12	
4	5	0	12	7	11	8	19	
8	7	9	14	7	22	6	23	
4	10	1	21	6	14	
3	5	1	3	5	17	
5	6	7	22	9	5	
6	16	2	19	
2	4	
6	8	2	22	5	11	7	18	8	21	
2	24	1	15	9	23	4	18	
8	14	
6	12	2	4	0	22	3	9	8	10	
1	22	2	25	
6	3	1	14	7	9	8	7	2	19	
3	19	8	15	5	21	
6	15	
8	18	4	15	6	8	
7	15	
8	3	5	15	6	5	4	17	3	2	
4	9	8	11	7	23	1	14	5	3	
9	22	7	18	2	4	3	9	0	14	
6	9	2	5	1	10	7	20	4	14	
1	13	7	2	
3	24	0	21	8	5	6	19	
9	21	
6	14	1	20	4	18	7	23	8	2	
9	9	5	21	3	19	
6	15	
4	13	5	7	8	18	9	3	6	22	
6	4	2	16	
8	19	6	24	
5	13	1	12	
7	12	8	25	0	13	2	19	5	1	
7	22	4	17	1	12	8	18	
9	1	2	24	
0	4	4	18	1	2	6	10	7	8	
8	24	7	16	2	5	1	3	
4	1	2	6	8	8	
0	2	7	10	1	5	8	17	3	13	
0	25	8	19	7	7	
2	17	1	24	
9	8	8	12	
2	19	7	22	5	24	
1	21	3	19	8	7	
8	22	
4	23	7	2	
6	25	4	23	7	9	
5	3	0	12	
5	4	9	22	7	3	
2	25	4	24	6	16	1	18	8	19	
1	3	
6	22	7	9	9	2	
0	18	1	16	
3	2	1	12	7	21	
7	15	9	13	6	14	2	19	

Three processing times per job on each machine
The best scenario
685	282	
486	452	
266	437	
691	939	
795	472	
773	718	
784	777	
496	497	
169	84	
70	216	
282	575	
345	212	
567	562	
588	611	
671	471	
357	314	
825	887	
305	763	
416	581	
429	293	
114	275	
383	508	
196	500	
198	176	
588	735	
280	635	
353	453	
226	228	
328	962	
748	611	
416	318	
631	308	
547	239	
244	392	
705	306	
39	104	
140	86	
1217	564	
419	1381	
256	228	
568	1153	
320	281	
300	136	
85	215	
252	156	
414	431	
587	720	
298	213	
451	314	
195	98	
145	140	
513	476	
478	326	
274	531	
82	265	
208	555	
668	462	
988	238	
170	156	
301	297	
627	396	
465	456	
490	215	
204	120	
329	632	
894	444	
1295	502	
303	509	
567	1264	
114	181	
250	194	
501	533	
648	1178	
213	145	
80	82	
354	618	
818	505	
148	220	
624	759	
473	120	
129	80	
151	162	
174	119	
326	195	
406	210	
226	426	
211	160	
1127	386	
390	789	
143	128	
139	146	
358	273	
377	223	
311	553	
148	190	
214	296	
543	314	
54	75	
152	196	
338	473	
Most likely scenario
799	298	
518	804	
487	492	
747	1080	
1316	851	
948	1335	
880	1095	
652	768	
255	145	
71	251	
416	864	
479	215	
852	686	
1044	895	
834	643	
499	339	
1026	1122	
431	1122	
739	620	
580	577	
119	466	
545	537	
294	559	
385	179	
967	953	
415	694	
706	784	
232	237	
385	1437	
815	873	
791	511	
740	570	
677	392	
327	451	
882	362	
70	130	
151	115	
1285	719	
489	1382	
410	243	
682	1274	
591	286	
303	196	
157	301	
272	197	
529	598	
790	760	
373	283	
832	564	
332	150	
166	151	
564	640	
695	619	
311	638	
123	285	
342	638	
701	537	
1094	336	
293	284	
449	349	
769	548	
539	775	
548	289	
234	134	
430	801	
934	817	
1312	851	
504	644	
816	1378	
174	319	
417	268	
780	619	
767	1317	
251	261	
92	158	
604	708	
1005	726	
149	230	
934	1008	
536	227	
194	131	
176	289	
227	164	
336	220	
430	372	
376	559	
345	287	
1187	513	
732	939	
168	150	
142	151	
393	413	
500	408	
501	773	
215	257	
263	458	
592	541	
75	87	
280	304	
414	539	
The worst scenario
1046	426	
616	902	
656	548	
984	1227	
1853	1138	
1103	1678	
1170	1447	
849	867	
326	158	
96	294	
589	951	
647	234	
1111	938	
1365	1082	
1012	937	
747	408	
1524	1291	
576	1654	
1083	806	
772	660	
169	682	
625	552	
340	825	
513	216	
984	975	
418	868	
1020	1023	
303	353	
436	1567	
842	1001	
1102	581	
881	639	
999	419	
360	577	
1047	504	
87	146	
201	151	
1692	781	
565	1674	
591	304	
749	1487	
682	367	
348	278	
210	303	
341	285	
663	717	
1030	762	
405	306	
1053	582	
456	176	
204	221	
797	954	
894	727	
434	793	
141	323	
429	755	
880	615	
1285	414	
388	344	
460	441	
1071	738	
641	1010	
667	355	
288	139	
490	1135	
1358	851	
1424	1178	
692	821	
987	1704	
226	320	
598	318	
1050	806	
855	1690	
255	307	
133	205	
799	1033	
1025	773	
207	242	
1368	1407	
557	329	
203	190	
209	365	
335	227	
415	300	
576	490	
492	624	
408	388	
1189	719	
849	1202	
247	224	
172	192	
525	481	
648	542	
681	969	
305	367	
372	572	
666	745	
112	114	
297	447	
416	572	
