Factories	7	Jobs	150	Machines	3

Total number of component types per job processed by HSPM
11	6	11	6	12	12	10	11	8	11	9	7	5	12	9	11	8	7	6	9	9	11	12	12	7	9	11	11	9	12	6	9	7	12	9	9	8	12	10	8	5	8	10	11	6	11	11	11	11	8	11	6	6	7	10	8	7	10	9	10	8	8	11	9	11	10	8	10	8	5	8	5	11	7	5	7	6	5	12	5	11	12	6	5	12	7	9	7	6	9	12	5	11	11	12	7	7	8	8	9	6	6	11	9	12	8	11	12	5	10	6	8	6	5	5	7	11	12	11	10	11	6	7	12	8	5	7	9	12	5	8	7	9	9	12	12	7	11	12	8	11	10	6	12	5	9	8	11	11	6	

Total number of component types per job processed by MFPM
1	1	2	1	1	4	3	3	4	3	5	3	2	2	3	4	1	5	4	1	4	3	2	2	2	2	4	3	5	5	1	5	4	2	3	1	3	1	5	5	5	1	4	1	5	4	5	3	4	3	2	5	4	4	3	4	2	5	4	4	5	5	5	2	3	1	2	1	5	2	2	4	2	3	5	1	5	5	4	2	3	2	2	5	4	4	5	2	2	1	2	2	4	2	2	4	4	2	3	4	5	5	1	1	1	5	3	1	4	1	4	3	1	3	1	1	3	4	2	2	2	5	1	5	2	5	2	1	5	4	5	5	2	4	2	3	4	4	4	3	1	3	3	3	3	3	5	3	4	4	3	4	1	4	5	2	1	3	3	1	5	5	4	3	4	2	5	1	2	3	3	3	1	4	1	4	2	1	5	1	5	3	1	1	3	5	4	3	2	1	3	3	2	2	3	2	4	3	2	4	5	3	2	2	3	2	3	2	2	2	4	4	1	3	5	4	5	3	4	3	5	3	3	1	4	3	5	1	4	3	3	3	2	3	4	2	5	4	4	5	5	1	2	1	5	2	3	3	2	2	3	4	1	3	4	5	5	3	2	4	4	1	2	4	3	4	1	5	5	1	3	5	1	4	1	1	5	1	3	3	5	3	4	3	2	2	5	2	5	4	4	4	3	1	5	5	2	2	5	4	

All component type numbers for each job to be processed by HSPM
11	8	3	33	9	65	12	36	8	26	7	53	13	71	19	73	18	39	5	49	15	20	
2	10	15	41	13	11	3	40	10	57	4	3	
17	2	15	12	6	16	1	42	5	20	12	11	10	27	16	60	8	13	9	33	18	67	
17	30	0	20	19	69	14	14	5	41	3	42	
4	71	3	52	19	53	6	28	14	13	9	70	13	30	2	39	10	75	17	46	8	65	5	69	
16	4	0	28	11	50	12	67	5	8	4	35	6	19	1	2	2	5	14	55	3	45	9	49	
16	53	17	4	2	19	11	58	1	8	6	42	10	60	13	43	18	13	4	57	
10	2	9	14	19	28	13	61	3	22	1	35	5	44	6	60	17	25	4	57	8	62	
3	70	12	4	1	37	0	31	14	36	4	48	18	63	7	15	
9	68	8	7	18	22	11	73	15	12	2	1	16	15	13	43	6	61	5	17	0	52	
0	41	13	69	10	18	4	25	5	73	8	59	7	38	12	44	2	42	
2	61	15	54	9	6	11	63	4	4	19	50	16	29	
1	29	6	54	13	33	19	72	5	25	
4	49	19	21	9	53	18	29	14	65	8	64	10	59	11	69	13	34	2	6	1	45	5	75	
13	74	9	48	14	26	16	11	7	27	19	49	1	22	8	47	4	9	
16	23	8	25	18	22	3	18	2	68	0	38	11	51	13	20	19	45	5	32	12	55	
14	2	8	26	1	9	6	14	17	33	0	4	15	55	13	11	
1	9	5	22	11	1	0	37	8	59	4	63	13	14	
10	16	16	74	6	48	13	2	11	13	19	11	
7	50	15	75	9	56	3	37	11	55	6	26	14	2	18	65	16	47	
8	66	4	47	15	46	7	14	0	30	10	12	17	70	12	23	19	2	
14	17	2	10	15	26	0	7	4	29	12	63	7	20	11	69	8	25	3	3	19	15	
16	53	14	59	4	47	9	27	18	16	10	1	7	74	1	23	19	12	3	14	6	22	13	8	
5	50	4	48	9	19	7	60	17	4	6	59	3	54	12	35	1	39	0	18	14	16	8	51	
13	22	1	18	14	31	11	9	12	50	9	52	0	45	
1	11	9	56	12	18	19	74	3	3	7	20	10	63	13	64	5	1	
16	35	9	70	6	28	5	43	2	41	11	16	10	8	1	37	13	14	7	73	12	40	
4	48	12	17	6	42	9	33	19	25	16	26	13	66	2	59	1	34	5	47	0	40	
19	52	17	7	3	16	16	41	11	26	15	48	12	70	9	3	13	22	
12	13	18	57	6	15	2	29	3	43	1	32	10	42	11	47	14	73	9	54	17	48	13	53	
10	25	6	10	15	31	7	15	5	12	18	36	
17	1	1	8	15	9	4	70	0	62	12	36	9	51	18	47	2	31	
10	26	18	25	3	75	4	31	11	16	8	11	2	17	
10	19	6	48	9	18	5	46	15	44	17	11	12	10	3	57	0	70	13	4	2	75	18	61	
12	68	1	14	15	6	8	26	6	42	11	70	3	57	10	64	7	69	
6	22	0	37	10	21	16	13	15	63	1	40	4	32	18	72	17	45	
15	31	1	62	2	70	9	17	13	45	19	1	8	73	10	48	
0	4	1	45	17	16	15	17	10	29	4	47	16	70	5	11	14	51	6	46	8	75	18	9	
1	75	3	33	12	57	15	35	6	60	0	66	14	55	7	47	2	56	8	68	
3	10	4	52	1	29	10	49	12	36	2	11	7	35	8	65	
18	16	4	53	17	54	10	15	14	58	
8	11	7	26	16	62	15	37	13	59	5	51	1	45	9	56	
9	55	14	47	7	23	15	64	6	27	3	71	11	36	2	54	19	40	18	65	
7	67	2	3	15	29	17	59	8	63	3	20	16	36	5	55	12	30	19	22	6	7	
1	69	15	57	12	75	7	60	16	37	8	18	
13	60	7	7	16	47	12	59	0	30	18	5	1	62	17	17	3	31	2	28	8	40	
6	59	4	71	17	14	0	70	7	44	12	32	15	31	18	10	3	20	1	25	14	7	
12	11	15	32	4	60	17	31	7	15	9	25	19	14	11	10	16	45	8	44	3	8	
2	56	8	75	5	5	9	53	19	35	3	10	14	2	16	63	17	48	18	19	4	31	
4	49	0	9	6	39	1	6	19	43	12	68	18	65	9	24	
9	58	2	12	19	38	7	66	17	63	18	40	14	53	0	9	1	74	4	60	6	37	
8	40	11	39	10	14	9	23	0	5	5	38	
3	29	2	68	7	35	0	1	11	12	12	73	
5	22	17	43	3	60	12	49	18	21	4	36	7	42	
18	36	0	32	19	6	15	72	6	38	4	47	5	57	2	33	1	70	7	60	
8	32	19	7	2	12	15	62	3	22	1	21	18	70	0	51	
19	54	10	43	15	3	8	47	13	61	1	34	17	62	
14	66	1	52	15	68	18	25	11	46	0	22	3	8	6	71	13	35	7	57	
0	54	11	22	2	37	16	15	19	30	12	32	9	60	1	51	5	7	
14	50	0	45	12	32	4	37	3	7	10	47	5	55	1	27	8	51	17	22	
11	28	18	48	9	19	15	56	14	74	3	68	2	54	6	46	
0	28	1	44	2	31	10	59	3	48	14	43	9	73	5	29	
9	40	14	29	19	1	6	4	16	42	4	71	10	47	13	39	3	67	7	17	8	35	
12	10	18	41	2	33	4	46	0	45	6	3	16	4	19	30	9	35	
17	58	12	49	16	7	3	34	1	66	5	1	0	2	9	67	18	39	14	32	11	37	
5	45	1	39	9	58	12	46	18	8	11	47	17	61	10	36	7	66	0	14	
17	27	18	26	15	45	12	20	10	16	13	18	4	67	8	37	
11	38	19	62	18	51	8	75	2	61	15	22	0	43	5	3	3	36	10	74	
17	37	7	66	15	49	14	56	9	42	8	67	10	23	13	63	
6	14	4	44	11	15	18	2	14	21	
1	60	14	18	11	50	18	28	7	74	2	58	13	34	15	25	
18	63	2	27	13	55	0	39	11	43	
17	4	9	38	4	61	8	60	12	8	0	45	6	5	1	32	10	53	19	26	13	30	
8	70	1	63	11	53	6	50	15	46	17	72	3	56	
12	13	13	7	5	24	4	72	8	21	
7	46	9	27	13	16	15	54	14	15	5	65	11	9	
11	45	3	13	9	61	12	1	4	44	7	50	
13	64	15	35	19	74	17	21	5	42	
13	5	10	74	15	25	8	11	18	60	3	7	0	65	16	29	2	10	7	59	6	22	19	16	
15	54	17	12	3	38	14	16	4	49	
5	21	16	72	3	66	10	59	15	11	8	17	13	35	0	24	12	16	9	1	4	22	
1	42	18	53	16	44	4	57	11	33	14	4	6	65	13	54	5	18	0	52	10	24	3	2	
19	19	5	27	9	8	1	71	6	4	16	34	
18	27	17	56	7	74	5	9	1	20	
6	38	14	37	5	34	18	53	16	55	8	70	10	45	3	28	12	29	0	66	13	3	1	22	
4	13	5	15	17	11	9	8	7	2	10	35	3	21	
5	62	0	4	13	42	15	69	10	64	19	6	7	21	14	11	12	31	
13	68	14	37	19	35	2	40	18	19	5	9	17	58	
3	34	1	15	18	22	11	64	9	17	16	65	
5	66	4	55	12	62	9	59	3	73	18	32	11	37	10	25	16	27	
7	17	0	55	16	27	12	18	6	63	1	47	9	2	14	75	4	10	19	35	17	73	18	20	
4	67	17	73	6	4	14	5	9	44	
8	64	11	22	5	75	16	12	4	72	14	67	19	28	13	2	15	35	10	34	17	60	
0	59	14	28	15	75	12	8	1	61	16	1	5	55	13	47	6	9	19	22	11	37	
9	41	18	49	5	2	7	28	2	6	3	9	1	56	12	14	15	52	17	70	16	61	6	68	
11	61	9	18	6	75	14	64	0	63	17	23	1	4	
1	43	15	74	19	20	18	42	10	71	17	66	14	39	
5	42	19	15	12	7	4	40	17	63	16	29	10	38	18	22	
17	57	8	41	10	10	19	42	16	70	12	32	5	19	6	69	
2	68	17	67	16	73	9	18	14	55	1	26	5	64	10	25	0	60	
11	17	14	23	9	68	6	45	16	65	19	32	
3	62	17	51	10	52	15	61	18	35	12	50	
18	47	19	32	10	59	4	53	3	12	7	74	16	49	8	26	13	30	12	71	0	5	
11	15	18	11	16	36	14	72	13	75	10	52	15	64	1	17	19	20	
7	15	13	58	18	74	4	53	17	26	8	59	14	12	12	19	19	52	2	41	9	2	1	73	
8	40	13	48	0	25	7	52	18	15	4	50	16	16	11	5	
19	47	10	36	16	52	1	43	2	50	18	5	14	59	5	73	11	61	8	69	12	75	
18	37	16	44	13	40	8	64	15	11	11	49	19	56	17	29	9	3	7	35	10	75	5	31	
13	53	18	47	4	69	3	18	15	67	
11	69	19	3	5	32	12	13	16	50	0	59	4	15	7	11	8	25	13	5	
1	10	7	43	2	57	6	26	5	35	8	14	
3	42	13	47	2	30	15	7	7	4	14	12	11	72	4	34	
16	59	5	62	8	67	4	72	14	40	19	69	
9	30	18	43	15	42	5	51	6	53	
3	22	15	74	9	5	19	2	10	73	
6	18	13	5	12	50	11	67	7	46	19	58	10	53	
4	25	15	63	3	6	8	62	19	49	5	31	2	38	9	19	10	44	16	65	14	13	
4	17	0	41	19	34	5	37	9	45	3	74	8	35	12	4	11	22	16	3	6	11	14	12	
0	51	1	30	5	11	14	1	16	58	19	27	13	10	8	67	11	75	7	2	9	57	
4	5	9	9	2	27	1	48	6	51	15	58	17	20	0	31	18	14	10	2	
12	74	17	40	18	22	8	1	9	69	14	34	1	61	7	23	3	72	15	59	13	43	
9	13	14	52	17	4	5	10	11	30	6	35	
17	74	16	16	7	58	19	65	6	26	2	48	14	27	
5	16	9	69	1	10	2	41	10	34	4	21	6	49	0	20	19	66	16	71	12	12	13	70	
9	63	8	18	19	49	1	52	2	6	14	40	11	34	7	65	
0	72	18	9	7	39	11	35	16	38	
3	4	14	54	6	50	2	33	1	9	9	32	15	48	
18	26	12	62	7	16	9	66	13	6	17	15	0	42	14	72	11	28	
1	59	0	61	15	38	5	9	19	48	3	7	6	17	10	75	8	63	14	30	11	31	9	62	
10	25	6	9	5	65	14	63	12	56	
13	47	0	70	19	25	9	29	1	22	2	57	3	6	15	61	
8	57	5	17	11	21	17	41	6	30	2	24	13	28	
12	27	14	70	8	62	13	75	10	36	4	30	5	34	9	2	15	67	
18	8	5	35	8	9	17	20	9	27	14	30	13	13	12	16	7	18	
8	63	16	38	6	20	12	35	18	37	0	9	3	21	1	69	10	53	5	17	11	51	7	7	
18	55	17	29	11	9	1	13	6	73	12	26	5	59	0	54	3	71	8	44	9	70	2	46	
19	50	17	19	16	72	3	32	1	4	6	18	9	69	
6	15	2	42	1	65	11	36	16	62	13	40	14	25	17	67	12	46	5	2	0	39	
7	26	6	2	18	1	8	64	16	72	14	44	12	21	15	71	9	50	4	60	13	74	1	25	
10	34	13	57	2	20	17	63	7	59	11	11	0	55	8	6	
4	72	16	31	10	32	2	19	0	22	5	23	7	34	1	53	14	38	11	65	3	56	
8	30	10	28	16	14	13	59	3	69	6	57	12	72	15	44	14	13	2	11	
7	23	13	20	16	19	9	56	5	3	19	25	
1	25	14	36	0	64	8	47	6	40	7	17	18	16	16	21	12	3	4	39	3	13	13	31	
5	71	18	55	3	41	19	39	9	9	
9	47	10	72	4	37	11	33	15	50	2	29	14	34	12	65	18	55	
9	68	13	74	7	66	8	17	16	8	18	30	0	21	4	29	
10	74	18	38	19	41	0	63	17	46	4	55	3	47	14	60	16	48	9	33	7	66	
7	35	18	1	2	64	13	52	3	3	15	48	5	57	16	42	11	19	19	37	9	50	
11	3	1	63	13	53	15	68	0	19	12	74	

All component type numbers for each job to be processed by MFPM
1	13	
8	49	
9	24	2	21	
5	46	
8	13	
7	31	3	35	1	46	6	30	
9	12	4	14	5	8	
1	35	4	37	5	27	
5	8	7	4	2	24	9	14	
8	36	5	38	1	40	
4	11	9	6	5	21	0	7	2	5	
5	44	1	48	4	41	
2	20	3	12	
8	33	2	45	
6	18	9	4	7	23	
1	38	8	26	9	42	3	34	
5	13	
7	44	5	41	8	30	4	40	6	32	
4	3	1	8	0	11	5	23	
3	39	
8	16	4	1	3	8	2	19	
0	27	7	43	9	49	
3	13	8	20	
6	33	2	45	
1	11	9	6	
9	40	0	28	
6	5	5	7	2	12	4	13	
5	35	8	46	0	49	
3	19	4	10	8	25	6	24	0	14	
8	43	5	28	1	37	4	35	9	39	
7	19	
2	49	3	35	8	47	4	38	0	27	
7	1	0	9	5	25	6	22	
6	36	0	47	
4	7	0	1	8	8	
6	40	
2	3	4	12	1	11	
0	33	
7	3	4	18	2	19	1	14	0	22	
6	37	0	43	2	48	1	47	3	30	
5	12	7	25	9	24	0	2	4	15	
0	38	
9	18	1	15	4	19	8	14	
4	33	
5	6	9	13	1	12	0	3	7	5	
6	30	1	42	4	41	5	43	
1	11	7	6	9	12	0	4	4	17	
9	26	3	48	1	49	
1	13	8	25	5	2	0	3	
7	45	5	48	3	31	
3	7	5	10	
4	42	6	33	0	31	5	49	9	37	
8	17	4	2	9	4	0	18	
4	31	2	50	1	39	0	28	
6	21	4	6	8	13	
4	37	2	38	1	27	8	43	
0	11	5	14	
6	50	5	31	7	29	2	39	0	41	
2	6	8	13	5	10	7	2	
6	36	3	46	2	39	0	28	
1	20	9	16	8	14	7	17	6	25	
0	28	1	45	7	38	3	26	8	43	
4	18	8	14	7	8	3	3	0	6	
3	26	2	27	
4	25	0	7	6	3	
2	45	
3	14	6	21	
7	44	
6	14	4	16	8	1	9	22	0	12	
2	44	3	37	
0	25	6	8	
1	41	7	36	5	42	4	29	
7	11	4	12	
1	45	9	32	7	38	
4	19	9	22	6	2	2	18	3	25	
3	28	
9	17	3	18	7	10	2	14	5	3	
3	39	6	43	8	48	4	28	5	37	
2	18	1	5	3	2	9	17	
7	50	9	30	
5	11	1	23	6	3	
0	49	7	39	
3	22	9	18	
3	46	5	38	9	33	7	28	6	35	
2	2	0	5	4	14	6	20	
5	43	7	47	6	36	2	37	
2	21	4	17	7	8	1	11	5	12	
1	30	8	48	
6	24	0	15	
1	30	
8	11	2	21	
8	35	0	27	
9	25	4	14	0	21	1	9	
6	31	2	46	
3	21	2	19	
9	46	8	48	0	37	2	28	
6	22	0	1	8	10	7	18	
3	30	8	27	
8	23	3	2	0	4	
7	31	5	47	9	50	8	33	
6	5	8	13	1	22	3	15	7	16	
6	48	7	38	3	33	0	35	8	47	
9	14	
0	36	
3	13	
1	47	0	30	5	29	9	32	7	41	
1	25	0	3	2	10	
9	43	
8	23	4	21	5	17	9	16	
0	35	
6	10	9	25	7	24	8	3	
5	42	1	30	3	27	
5	24	
7	48	8	50	2	38	
8	13	
6	47	
9	18	6	4	1	2	
3	32	6	34	2	31	4	40	
1	15	2	20	
2	41	3	40	
6	5	1	13	
9	33	4	44	0	27	3	39	6	28	
1	16	
4	35	3	49	2	33	1	32	6	45	
3	14	4	4	
7	35	3	50	0	47	5	43	9	38	
3	25	7	22	
8	35	
9	11	7	16	4	19	6	17	0	10	
6	34	2	36	9	27	8	31	
4	8	2	21	3	10	1	7	7	25	
2	35	3	38	8	34	9	26	5	37	
2	9	4	11	
1	31	7	27	5	47	4	39	
8	24	3	3	
1	29	2	41	3	45	
8	2	6	1	1	15	7	22	
3	28	6	27	5	35	4	33	
2	16	4	22	5	3	1	4	
6	34	7	43	4	39	
2	23	
2	50	7	47	3	31	
6	12	2	10	4	14	
7	49	3	34	9	47	
0	21	5	14	2	16	
0	43	1	48	8	41	
5	8	1	21	8	12	7	20	3	23	
2	26	6	31	8	41	
3	8	5	5	1	12	7	21	
9	38	8	28	7	33	6	30	
5	21	0	9	1	7	
3	27	0	47	8	37	5	39	
1	11	
8	27	4	39	1	47	0	44	
0	4	9	19	5	3	7	14	2	15	
0	45	8	44	
4	9	
4	47	1	40	3	41	
8	13	6	23	3	3	
4	48	
3	9	4	21	2	17	9	14	5	2	
8	29	1	39	5	31	2	46	4	30	
8	1	9	22	6	7	4	10	
1	37	0	42	2	38	
1	18	9	3	4	5	8	16	
2	49	7	44	
2	6	3	13	6	25	0	14	5	10	
4	34	
2	7	6	2	
7	38	6	50	4	41	
6	5	8	14	4	2	
3	42	5	29	4	30	
1	24	
8	39	2	44	9	47	6	36	
3	25	
1	37	2	35	4	38	5	33	
5	15	3	8	
1	35	
5	11	0	22	1	21	3	9	7	18	
2	41	
0	5	6	19	5	2	4	9	9	22	
6	47	4	43	0	50	
6	12	
2	35	
9	4	3	8	2	9	
4	32	6	47	3	28	0	50	2	29	
0	18	3	25	9	24	6	6	
9	30	7	26	6	42	
0	9	4	18	
6	43	
0	10	3	25	8	16	
5	36	6	33	8	37	
2	20	1	9	
4	39	3	45	
5	22	8	4	9	9	
9	30	5	38	
8	14	1	23	9	20	2	10	
1	38	4	27	6	43	
5	5	4	12	
7	49	1	42	6	30	8	35	
2	25	5	12	1	24	7	18	4	4	
9	47	2	49	5	42	
1	1	4	7	
8	30	0	33	
4	22	1	8	6	12	
4	31	6	35	
0	16	8	1	1	12	
2	50	6	30	
2	21	9	5	
9	34	5	41	
6	5	9	17	1	11	7	20	
6	41	4	38	9	27	8	32	
8	23	
5	27	7	42	3	32	
1	16	4	22	3	7	7	10	6	6	
4	37	0	50	7	38	8	48	
7	16	4	20	0	23	5	24	1	25	
2	31	4	28	9	46	
0	4	6	20	3	18	4	13	
1	44	2	45	6	48	
0	20	6	16	2	1	4	25	9	5	
7	48	2	28	9	26	
2	17	4	21	8	22	
2	43	
8	10	4	8	5	14	1	19	
3	31	0	39	2	49	
8	6	4	12	3	10	9	16	0	23	
6	30	
9	19	5	12	4	2	6	24	
9	50	0	44	3	31	
0	5	7	4	1	21	
9	38	7	26	5	47	
5	19	3	16	
8	35	2	37	7	46	
6	10	1	22	0	3	7	7	
1	45	5	40	
2	25	0	21	7	3	5	8	8	15	
4	26	7	39	6	44	5	50	
4	16	2	20	7	13	9	14	
8	47	7	35	4	41	6	27	0	30	
5	1	2	13	1	12	7	25	3	19	
6	37	
1	1	2	6	
6	26	
0	12	9	4	3	20	4	19	8	6	
7	33	5	47	
2	24	6	22	0	15	
9	26	2	40	4	34	
7	22	4	9	
9	48	3	38	
5	10	7	19	9	11	
7	42	4	44	6	48	8	41	
5	8	
0	37	3	27	7	42	
3	4	1	17	5	6	0	20	
1	38	0	33	2	43	4	34	5	30	
6	8	1	3	8	1	5	10	3	4	
6	37	5	32	7	38	
0	9	4	10	
1	41	8	47	3	50	9	27	
2	13	6	9	7	1	4	16	
5	33	
1	22	3	8	
2	30	1	49	4	33	9	36	
5	8	7	2	8	10	
8	36	7	31	6	37	4	34	
1	23	
3	32	2	28	1	42	9	30	7	34	
2	15	7	8	0	21	4	3	1	6	
7	34	
1	5	2	17	6	9	
3	34	7	43	4	45	5	27	1	26	
4	23	
0	34	7	46	5	41	2	26	
8	10	
1	32	
1	22	4	12	7	16	6	24	8	21	
6	33	
3	3	7	4	9	22	
4	42	9	47	2	33	
1	15	5	10	8	23	3	14	0	9	
7	34	4	38	8	27	
5	13	6	9	7	14	2	1	
3	36	6	37	2	42	
3	21	9	23	
4	31	5	38	
4	21	3	19	9	7	5	15	1	23	
3	27	5	46	
6	5	3	18	7	4	0	10	1	21	
8	44	1	29	4	43	0	42	
4	18	3	24	8	8	7	3	
9	34	8	41	4	31	0	40	
8	19	5	23	0	20	
6	28	
3	24	0	11	8	9	6	5	1	6	
8	33	4	39	9	34	2	44	7	42	
8	19	2	10	
8	36	4	40	
5	2	0	16	8	9	1	4	6	25	
8	34	5	49	9	30	1	42	

Three processing times per job on each machine
The best scenario
741	489	434	
1137	1084	452	
136	275	335	
786	969	238	
493	366	300	
768	712	956	
1082	546	329	
417	206	467	
1010	1027	496	
127	147	102	
465	905	490	
404	549	1316	
43	82	40	
180	318	329	
949	329	328	
906	443	633	
150	668	616	
342	202	300	
116	115	251	
268	894	465	
690	682	512	
573	395	260	
170	402	148	
337	279	965	
262	216	168	
530	381	491	
579	966	620	
754	374	886	
386	308	577	
922	607	1330	
325	528	354	
393	301	365	
239	210	168	
1098	441	1174	
94	185	45	
159	514	132	
65	161	181	
504	378	193	
711	667	272	
665	354	328	
1021	346	667	
306	378	927	
524	731	542	
417	355	508	
100	368	159	
339	300	175	
326	312	589	
136	362	422	
97	119	236	
64	188	155	
533	1004	678	
458	724	564	
322	177	154	
704	519	214	
193	258	743	
667	689	436	
314	209	387	
1214	726	1067	
371	158	305	
343	322	534	
858	746	1062	
203	256	185	
1430	745	1376	
488	222	399	
530	363	429	
134	65	185	
499	546	520	
120	97	92	
432	459	867	
60	78	43	
148	604	581	
280	233	242	
416	532	705	
466	240	924	
195	221	522	
210	500	462	
234	333	272	
615	711	546	
242	359	161	
735	440	832	
418	205	638	
606	468	495	
833	310	822	
800	749	958	
405	973	818	
283	171	270	
165	221	260	
92	135	131	
224	530	365	
792	508	598	
617	508	825	
557	813	365	
571	349	265	
392	90	244	
369	566	464	
55	230	137	
801	313	844	
594	641	938	
81	81	178	
774	637	1047	
200	423	209	
366	463	465	
760	759	608	
481	588	303	
293	200	291	
454	171	114	
275	618	478	
68	110	148	
719	939	666	
94	52	148	
1056	396	848	
251	190	146	
137	319	371	
662	272	240	
97	225	162	
328	266	158	
276	364	318	
157	59	126	
320	218	306	
341	183	345	
139	130	137	
276	742	245	
1233	729	365	
760	335	604	
174	147	349	
347	407	257	
901	365	412	
211	864	372	
624	718	980	
559	394	618	
171	110	281	
81	36	61	
210	415	169	
161	225	276	
76	84	77	
343	204	268	
328	330	90	
1042	516	602	
440	962	945	
431	250	258	
864	796	513	
446	495	889	
547	826	689	
734	1220	672	
253	92	53	
534	1079	674	
208	75	104	
788	899	223	
236	327	421	
214	323	371	
Most likely scenario
1122	828	636	
1282	1170	526	
170	410	409	
898	1142	472	
506	500	455	
1116	1333	1339	
1100	672	376	
534	214	479	
1221	1263	602	
200	247	127	
776	922	945	
445	565	1333	
68	154	46	
223	413	445	
954	397	344	
1042	650	1168	
300	1005	725	
560	323	425	
141	118	256	
490	1072	558	
819	921	981	
716	734	374	
221	492	169	
396	420	1131	
325	275	230	
793	556	667	
838	1136	823	
1228	568	896	
455	349	731	
1074	615	1348	
326	621	421	
633	444	542	
272	293	255	
1264	778	1240	
128	189	74	
227	522	198	
130	289	256	
506	467	327	
1136	1242	381	
1267	659	544	
1204	622	1076	
324	579	1024	
625	969	888	
574	480	619	
170	502	170	
345	437	197	
545	502	638	
270	623	446	
105	199	271	
77	199	191	
646	1159	1108	
467	1150	624	
335	197	230	
818	931	308	
326	319	893	
790	739	769	
315	350	472	
1318	1386	1171	
464	159	405	
346	472	535	
1316	1295	1305	
233	272	235	
1509	1080	1479	
680	318	607	
735	413	484	
142	84	189	
990	742	945	
150	125	127	
622	609	918	
71	87	55	
208	641	659	
498	308	434	
656	574	1006	
893	390	1161	
279	411	536	
227	582	477	
278	463	499	
630	832	738	
272	483	275	
1082	479	843	
505	272	701	
1016	620	783	
1022	550	1091	
1087	1197	1117	
447	1046	1317	
324	331	417	
325	236	334	
121	220	207	
439	581	706	
842	649	780	
652	630	834	
891	1056	697	
759	528	359	
493	150	401	
593	876	636	
89	331	209	
1445	502	993	
626	711	963	
107	141	245	
1093	1034	1339	
241	457	380	
677	531	474	
1344	877	992	
960	757	340	
392	286	387	
468	242	156	
354	776	524	
100	124	227	
882	1121	808	
127	103	161	
1252	704	1235	
397	302	271	
165	387	379	
835	436	282	
99	287	190	
352	318	183	
414	487	429	
197	91	130	
375	238	439	
647	306	424	
171	215	149	
431	950	339	
1323	1159	448	
865	499	743	
201	231	558	
691	764	493	
1059	655	492	
360	1071	417	
920	1274	1054	
609	778	1217	
196	125	370	
113	48	74	
213	466	301	
184	315	357	
137	114	138	
498	332	296	
386	485	158	
1182	652	1036	
538	1081	1050	
526	481	377	
1069	1002	515	
675	790	908	
632	854	1000	
999	1278	938	
266	138	81	
758	1143	1225	
304	143	110	
979	1151	330	
266	339	682	
227	478	483	
The worst scenario
1143	1065	941	
1486	1172	671	
209	612	563	
1278	1477	524	
673	535	620	
1299	1385	1964	
1172	1001	426	
698	311	672	
1619	1785	852	
263	316	153	
1080	1064	962	
628	750	1610	
72	178	51	
252	473	663	
1092	423	516	
1559	972	1177	
331	1124	933	
678	414	427	
165	155	368	
572	1272	656	
1171	1086	1150	
718	817	463	
294	517	207	
526	442	1281	
395	366	294	
970	568	786	
1063	1494	892	
1255	819	1299	
651	389	1001	
1161	706	1953	
402	658	441	
704	446	740	
358	330	364	
1623	948	1744	
167	213	102	
298	531	235	
135	411	337	
699	525	449	
1511	1527	450	
1411	938	738	
1396	623	1096	
399	808	1350	
906	1109	1184	
742	622	696	
229	709	240	
471	567	285	
605	677	650	
320	832	633	
138	272	302	
78	216	257	
784	1639	1309	
625	1609	908	
365	222	334	
996	1273	395	
404	403	942	
1092	982	799	
363	387	544	
1621	1890	1189	
637	205	468	
437	666	553	
1615	1488	1731	
277	351	262	
1774	1185	1698	
941	414	816	
1023	427	675	
188	115	273	
1261	840	1135	
159	145	129	
835	657	1006	
85	126	70	
257	897	849	
648	414	567	
803	730	1315	
1050	543	1391	
292	581	544	
230	710	702	
409	602	708	
933	1211	759	
312	561	284	
1284	608	1099	
744	297	726	
1402	871	944	
1512	578	1249	
1126	1700	1615	
656	1485	1618	
484	436	471	
436	249	407	
162	246	264	
470	833	1016	
1010	937	970	
742	911	1031	
1274	1255	736	
992	663	434	
495	164	464	
769	1174	904	
124	365	303	
1787	746	1049	
694	942	1399	
152	168	266	
1434	1328	1476	
339	603	452	
741	744	648	
1489	1042	1274	
1384	920	454	
463	337	454	
506	265	197	
403	1068	650	
134	172	240	
1159	1310	962	
189	121	224	
1483	927	1813	
424	414	318	
166	548	403	
1126	546	399	
137	288	193	
510	439	214	
511	715	627	
249	130	134	
417	294	553	
691	320	561	
199	299	160	
580	1063	382	
1551	1246	613	
1277	731	999	
218	336	711	
718	820	607	
1527	939	705	
480	1334	598	
1254	1832	1302	
696	1105	1442	
262	155	451	
135	62	92	
232	527	374	
247	458	472	
159	157	155	
701	345	305	
541	587	212	
1481	687	1312	
695	1233	1153	
689	662	411	
1083	1079	725	
820	1171	1156	
810	1127	1226	
1393	1654	960	
272	152	110	
872	1506	1365	
381	207	148	
1045	1310	426	
268	448	789	
319	493	660	
