Factories	2	Jobs	150	Machines	3

Total number of component types per job processed by HSPM
11	11	10	8	10	6	7	11	7	11	8	11	8	11	8	12	6	9	9	7	10	8	6	12	11	7	7	5	7	9	11	8	8	10	9	6	9	7	8	10	9	5	8	12	7	12	8	6	7	5	10	6	11	10	11	6	6	6	7	8	5	5	5	6	7	12	6	9	6	12	12	9	7	11	9	12	6	12	5	10	5	8	5	8	7	5	8	11	8	6	11	8	8	11	7	9	7	10	9	11	11	6	11	6	7	7	10	12	6	10	7	6	9	11	10	11	6	8	11	10	10	8	11	11	7	11	11	9	9	11	10	10	5	12	5	10	12	8	11	12	7	7	7	11	11	5	9	8	7	11	

Total number of component types per job processed by MFPM
3	3	1	3	2	2	2	5	5	2	4	1	3	3	2	3	2	3	3	4	5	4	1	3	5	3	4	4	5	3	4	1	2	3	4	4	3	2	1	4	5	5	1	4	5	1	5	2	5	5	1	5	4	5	3	4	3	4	2	3	3	2	1	2	4	2	5	2	3	4	1	2	1	5	2	3	1	3	3	1	4	3	5	2	5	3	4	2	5	3	4	5	2	1	1	4	2	4	3	4	4	3	3	5	2	2	3	3	2	3	4	5	3	1	1	5	5	1	2	5	2	2	4	1	3	4	2	3	1	5	1	5	2	2	3	2	4	2	1	2	3	3	5	4	2	5	4	4	3	3	4	2	3	3	3	2	3	1	1	3	1	2	4	3	5	5	3	3	1	4	4	4	3	5	3	3	1	3	3	3	5	3	2	5	3	4	3	2	3	2	4	4	1	5	4	3	1	3	5	5	1	4	5	1	3	4	1	4	1	2	2	5	1	5	5	1	1	3	2	2	5	1	1	5	5	5	1	5	1	5	5	2	2	1	2	3	2	1	3	3	3	2	1	4	4	2	4	3	2	4	3	5	1	2	1	2	1	4	2	2	2	1	3	2	5	2	5	5	1	3	1	5	4	2	1	3	1	4	3	4	2	2	3	1	1	1	2	1	3	2	5	4	3	3	5	1	2	5	4	4	

All component type numbers for each job to be processed by HSPM
11	72	8	29	19	28	4	55	0	59	1	11	10	46	7	20	15	62	14	19	18	31	
1	29	11	36	8	49	13	56	0	3	19	5	4	18	14	16	17	10	18	48	3	37	
1	74	0	17	7	15	16	65	13	34	4	24	5	61	14	72	6	16	8	33	
5	59	13	48	1	30	19	73	7	34	3	23	11	46	9	37	
5	42	13	40	7	26	16	69	18	34	11	13	19	16	9	56	1	75	17	57	
11	1	15	58	0	33	14	12	9	2	7	22	
12	73	19	60	1	16	4	54	8	74	14	35	7	15	
5	25	6	7	16	46	8	16	9	27	7	17	2	30	13	48	18	23	14	71	15	52	
17	34	9	52	15	51	2	65	12	37	0	48	10	28	
5	53	2	13	4	70	14	56	9	27	10	36	6	73	18	43	15	59	17	55	19	39	
12	65	7	64	3	43	16	28	10	34	4	40	19	66	1	47	
3	2	10	47	8	11	15	37	17	30	11	7	16	18	0	64	13	70	9	20	12	22	
6	63	18	61	15	53	13	72	17	70	19	1	0	12	1	59	
6	44	16	13	12	27	13	59	9	71	1	47	17	69	7	38	3	66	8	9	11	51	
13	75	16	23	9	45	2	26	14	59	10	58	1	22	11	16	
6	29	17	37	5	19	18	15	2	24	12	34	1	12	9	71	16	1	4	64	15	10	10	65	
18	2	10	58	2	17	3	41	17	44	9	39	
10	3	15	70	14	19	12	73	11	40	9	5	2	7	18	47	7	75	
16	62	1	72	8	11	3	6	10	66	19	61	15	33	9	27	2	67	
14	21	17	28	9	33	5	46	3	51	13	4	10	53	
19	20	11	72	0	73	10	74	7	42	5	22	18	7	9	36	12	66	1	16	
4	12	2	60	0	71	13	58	1	61	18	62	12	29	17	8	
1	49	12	65	14	24	7	56	11	58	0	38	
1	31	4	2	14	9	19	28	8	67	2	73	7	38	17	26	16	60	5	64	18	15	3	25	
3	57	14	71	4	40	5	15	15	29	18	42	7	32	13	45	12	54	0	31	6	60	
11	19	12	52	14	71	8	18	4	60	17	35	5	37	
15	17	3	21	0	50	6	60	14	53	11	38	4	10	
10	56	8	1	2	43	18	71	1	24	
16	21	18	75	13	39	4	36	15	3	11	59	9	43	
3	13	12	18	1	73	7	59	10	37	14	38	19	17	15	36	13	65	
2	65	10	19	17	54	19	56	5	55	15	2	13	6	6	21	1	45	12	61	18	64	
10	29	19	11	5	33	8	46	3	53	2	13	15	10	14	45	
16	47	7	54	8	40	5	21	14	35	9	3	12	56	1	14	
8	25	1	53	12	64	15	39	0	43	3	74	7	1	19	68	2	46	11	19	
2	14	1	50	7	26	12	59	0	43	9	27	15	60	19	10	18	7	
13	63	9	11	7	10	17	60	14	38	16	25	
5	40	6	8	17	18	10	70	0	47	18	45	8	43	2	69	11	4	
17	62	13	14	1	74	2	63	14	61	11	13	9	18	
11	16	5	39	1	64	6	17	3	54	15	29	17	14	4	68	
7	66	1	48	12	19	5	65	8	62	10	40	17	11	2	63	15	29	19	1	
1	65	2	53	9	66	14	71	15	24	18	56	17	3	10	30	6	38	
15	20	1	27	11	71	3	43	12	62	
7	20	19	40	8	42	9	62	3	55	14	72	13	7	17	68	
6	65	11	74	15	64	2	17	9	49	19	28	0	3	12	6	18	37	14	27	16	47	5	15	
8	65	16	53	10	46	1	63	7	14	4	31	19	38	
10	12	8	70	6	7	15	18	2	52	0	29	4	65	12	62	7	43	1	53	9	14	19	20	
11	5	13	57	9	64	8	15	5	75	18	63	4	58	1	22	
12	44	7	33	6	14	14	34	4	15	3	48	
17	1	2	43	12	60	1	64	7	74	5	46	11	10	
4	28	9	33	19	36	18	15	17	54	
16	1	12	37	11	24	15	13	3	17	0	6	2	57	4	44	13	5	9	55	
6	56	15	54	9	19	7	15	4	64	2	5	
17	70	9	60	8	13	13	9	2	55	16	56	11	44	14	39	0	20	19	4	5	30	
19	72	18	73	2	36	5	55	10	8	14	56	4	11	16	54	15	2	9	58	
8	28	13	15	16	9	14	37	6	47	15	49	4	48	7	53	19	6	9	43	17	73	
5	26	0	28	3	15	12	50	16	39	9	41	
5	37	18	69	12	2	4	28	17	38	2	18	
3	48	8	33	12	41	15	16	10	29	5	4	
16	11	9	69	17	55	8	37	19	64	12	19	5	18	
19	48	10	11	4	50	17	20	6	34	16	4	8	57	3	42	
11	33	15	2	2	39	0	65	3	73	
1	31	4	60	6	1	7	62	3	44	
3	67	16	5	5	58	2	46	11	55	
12	67	7	44	11	69	14	11	0	8	3	49	
1	73	16	13	12	27	11	2	15	58	8	18	2	10	
15	50	2	35	13	46	11	59	19	20	6	71	9	42	1	44	12	6	3	21	0	63	5	36	
11	69	19	1	12	45	14	52	4	50	0	4	
4	1	17	18	1	10	15	37	2	71	5	33	9	58	14	38	3	21	
5	36	2	10	11	73	13	65	15	71	18	49	
6	41	3	13	12	62	8	2	4	14	15	45	17	74	2	31	16	38	13	69	7	44	18	34	
7	21	15	59	14	52	17	47	8	26	19	74	11	40	3	48	16	57	13	43	18	22	6	18	
2	58	16	21	19	42	18	52	0	46	11	19	9	37	1	2	15	30	
1	68	17	46	3	27	11	38	18	50	7	63	9	13	
12	36	14	3	3	9	15	34	16	11	19	10	18	69	9	63	8	47	4	27	11	72	
14	25	17	70	6	3	5	53	16	59	13	60	7	36	11	26	3	65	
12	74	18	38	3	13	7	56	16	25	9	43	17	23	10	11	11	72	4	58	14	65	8	47	
9	61	5	31	10	7	16	75	2	41	3	58	
15	12	8	68	18	66	14	59	2	47	11	29	6	71	16	67	12	21	19	48	7	69	13	28	
0	68	17	72	4	13	1	28	16	41	
8	39	5	45	12	15	3	69	18	51	16	68	15	65	2	33	1	61	19	6	
6	59	0	69	5	67	12	55	17	16	
7	6	10	61	16	3	13	66	14	72	8	11	5	2	12	30	
0	42	12	52	14	72	5	41	6	30	
2	57	11	1	13	24	19	30	1	6	5	31	6	61	4	3	
16	69	13	44	11	11	2	39	12	36	10	22	0	8	
11	50	13	49	9	2	7	61	2	19	
1	64	19	24	0	10	10	70	11	1	8	67	2	4	7	59	
7	43	12	47	15	56	2	52	5	63	10	5	6	70	17	50	4	25	1	31	18	60	
2	1	11	34	9	9	10	31	8	21	16	24	6	47	1	68	
5	60	0	10	8	73	12	7	16	35	14	48	
7	26	12	44	18	15	5	16	11	71	15	47	16	25	19	2	2	32	9	58	8	64	
17	48	13	14	8	33	0	74	1	43	2	60	7	57	15	23	
19	49	17	60	10	20	6	9	9	13	7	22	1	6	2	53	
17	54	0	7	13	11	1	66	11	58	4	38	6	27	15	40	19	23	12	43	8	42	
0	35	11	47	13	32	16	63	18	46	19	41	3	27	
13	37	10	34	11	49	15	25	12	50	0	67	16	39	1	74	3	21	
18	71	8	72	0	65	17	17	16	2	14	30	6	64	
15	16	10	71	4	57	12	72	13	28	0	40	11	67	8	39	9	22	19	48	
0	3	7	43	18	34	2	38	8	44	16	4	15	2	11	57	19	18	
2	72	11	25	10	2	13	10	4	31	12	26	5	8	6	19	3	45	18	43	1	34	
11	64	14	22	0	45	1	68	3	31	2	23	7	66	6	47	19	69	12	55	13	60	
18	59	6	40	12	4	17	22	9	68	19	48	
0	39	13	20	2	73	6	68	10	15	18	67	17	8	19	2	16	50	11	22	1	28	
10	67	11	47	3	39	6	36	0	11	7	48	
9	54	17	40	15	36	11	73	2	48	7	68	13	41	
16	34	9	53	6	21	15	13	3	33	14	75	8	30	
6	32	11	73	16	35	4	18	19	63	18	38	9	7	2	47	7	34	8	11	
15	58	8	8	9	3	18	12	1	63	14	1	5	28	16	41	3	30	10	46	2	54	13	56	
13	51	6	52	15	53	16	12	1	60	9	63	
19	54	14	28	6	10	13	41	7	36	0	23	5	12	17	2	11	74	8	65	
17	32	15	72	5	9	14	64	6	29	19	16	2	71	
11	25	19	26	14	73	2	6	6	58	12	21	
7	29	2	61	14	75	18	74	15	37	16	2	11	19	6	4	10	73	
2	29	12	60	11	52	13	53	5	14	1	4	18	70	14	21	3	33	16	55	4	56	
17	34	12	49	8	61	10	57	18	33	16	44	6	65	3	56	5	23	13	52	
4	26	16	72	1	19	17	15	5	67	15	16	14	23	13	52	8	55	3	45	10	24	
12	28	10	11	7	7	11	4	8	13	5	46	
19	43	17	36	11	49	8	20	15	53	0	5	13	37	18	7	
2	31	17	30	13	37	9	45	11	72	7	57	1	38	19	20	12	64	4	50	0	33	
15	1	10	6	8	33	0	69	3	20	18	52	13	23	2	3	6	46	12	5	
11	21	2	54	4	32	6	16	5	44	1	23	8	63	15	55	13	69	10	52	
5	7	3	45	18	9	2	68	15	73	16	37	4	47	0	22	
9	27	5	25	2	33	18	45	1	14	19	1	7	18	11	35	10	31	0	41	15	52	
1	15	9	43	5	45	14	3	18	49	16	7	17	5	3	26	2	46	10	75	15	8	
11	26	5	54	8	30	16	21	2	37	3	59	12	24	
1	8	15	46	2	36	18	34	11	50	16	38	4	55	13	30	19	69	7	62	17	22	
15	26	2	20	9	7	5	27	12	34	4	39	13	25	18	6	8	65	17	18	19	44	
1	20	4	25	15	36	11	41	5	40	10	7	2	62	3	17	19	60	
3	5	0	61	2	68	15	75	6	43	19	28	4	7	9	18	7	15	
18	59	7	1	17	46	14	60	4	45	13	12	16	54	9	20	11	15	15	34	5	75	
18	56	3	57	15	60	1	73	4	35	8	53	9	59	6	6	17	10	12	16	
12	72	8	12	10	60	15	68	1	75	3	74	5	8	13	18	7	22	0	49	
19	7	7	55	12	57	8	58	10	60	
10	51	4	40	5	36	13	8	15	56	14	37	12	48	2	6	18	73	3	5	11	41	8	2	
12	16	7	74	1	65	0	54	10	23	
14	6	10	71	6	66	15	59	16	50	3	17	0	16	19	74	5	12	13	60	
12	72	8	49	2	26	16	20	14	62	1	75	9	59	11	14	4	41	7	25	18	65	5	8	
12	3	4	16	16	52	0	26	11	68	19	14	5	27	15	60	
9	31	5	34	18	15	7	2	3	69	0	32	2	62	4	28	15	52	1	9	19	61	
0	5	16	2	15	37	17	46	6	19	12	48	18	31	14	28	8	16	2	74	7	66	9	67	
9	10	11	12	16	64	12	34	0	15	10	20	2	31	
4	18	11	13	18	26	14	58	9	44	1	1	0	66	
18	48	1	46	14	67	8	65	17	53	9	24	15	6	
10	53	12	9	7	51	5	68	11	37	17	67	3	17	4	40	13	74	2	11	15	38	
5	30	7	24	0	43	19	41	2	9	12	58	8	29	15	73	4	38	13	26	16	51	
4	36	19	52	13	55	7	37	10	64	
5	31	2	7	0	30	14	23	15	56	7	12	11	44	4	72	9	36	
17	12	16	32	13	22	3	31	2	44	7	68	12	66	4	54	
9	75	12	63	1	30	19	28	4	12	8	21	3	49	
11	16	13	65	7	10	15	61	10	62	14	20	9	1	16	13	6	31	5	49	3	50	

All component type numbers for each job to be processed by MFPM
3	11	4	7	8	5	
0	29	3	42	9	35	
4	8	
1	48	0	46	7	27	
5	25	7	5	
7	36	3	39	
8	25	6	21	
1	31	5	38	8	29	3	27	6	44	
1	15	0	7	3	22	8	24	4	25	
8	48	9	35	
7	11	4	7	0	20	9	15	
1	44	
5	2	7	8	2	3	
9	47	1	40	8	43	
8	14	2	9	
2	26	5	29	1	44	
4	5	6	23	
1	37	3	41	0	48	
1	6	3	13	5	19	
9	40	3	37	0	31	5	49	
0	14	6	2	4	3	8	5	7	16	
7	48	0	47	9	26	3	30	
1	12	
9	35	1	49	3	50	
6	14	1	20	3	21	5	16	7	2	
6	29	0	48	3	27	
5	2	4	22	8	16	6	15	
1	43	3	40	2	32	7	44	
1	25	0	24	8	2	6	20	5	12	
4	28	5	41	6	50	
4	14	5	1	0	22	9	3	
5	45	
1	19	0	8	
1	39	8	43	2	44	
1	9	2	7	6	13	8	5	
0	28	5	26	3	48	7	37	
4	1	1	15	0	17	
8	28	6	41	
9	23	
2	31	3	32	7	36	9	26	
6	1	9	25	3	19	5	24	4	13	
4	43	0	34	3	47	1	38	9	49	
1	7	
0	28	9	29	7	47	1	33	
2	7	0	22	6	19	7	2	8	3	
8	37	
1	7	2	4	5	14	6	2	7	18	
0	33	4	42	
2	22	8	25	7	9	5	12	6	17	
4	46	1	44	3	27	5	38	9	48	
0	5	
6	38	9	39	8	34	4	35	7	32	
7	20	3	6	9	8	5	21	
2	31	9	33	7	46	4	47	6	48	
6	15	8	21	5	1	
7	41	8	35	3	30	1	47	
0	23	6	13	9	17	
9	41	2	26	5	47	3	46	
0	14	7	10	
5	26	1	31	4	48	
1	1	0	11	2	3	
3	29	6	42	
3	15	
4	37	8	48	
0	21	1	5	6	24	7	4	
0	36	4	42	
8	16	9	17	6	4	1	19	7	9	
0	36	4	31	
6	9	3	24	4	3	
8	28	6	45	5	40	9	37	
5	4	
2	48	5	42	
0	7	
2	37	4	40	8	41	9	27	1	50	
0	9	9	17	
6	37	3	29	7	26	
7	7	
5	46	3	30	7	42	
4	24	1	6	8	10	
2	35	
5	14	9	3	1	2	2	12	
0	36	6	32	9	44	
8	8	4	4	3	6	7	25	6	15	
7	26	9	42	
4	13	2	4	7	2	8	21	1	1	
7	30	2	32	9	41	
6	4	0	23	9	2	1	18	
3	49	1	38	
8	14	5	15	7	16	4	1	0	8	
5	41	1	49	2	50	
5	11	9	5	3	8	0	18	
0	32	6	36	4	31	3	37	5	42	
3	22	6	9	
6	26	
7	18	
2	31	3	29	7	30	8	46	
3	25	2	12	
7	28	1	50	6	36	2	42	
7	4	9	2	8	10	
2	38	5	33	1	40	7	35	
9	21	7	18	1	7	0	13	
8	31	2	50	6	49	
0	22	1	13	5	10	
4	26	9	41	5	46	0	33	8	48	
2	2	1	24	
2	37	1	42	
4	8	6	19	3	16	
4	42	7	28	5	45	
3	17	8	3	
8	28	7	29	3	47	
9	9	3	7	5	18	2	14	
6	43	7	40	2	44	3	31	8	46	
6	1	2	22	9	17	
4	39	
3	17	
2	49	8	43	9	47	1	41	0	38	
7	4	3	24	6	13	4	14	1	7	
7	36	
2	1	6	17	
2	33	1	46	3	35	6	28	4	34	
2	24	3	11	
6	49	9	42	
8	22	3	1	0	3	4	13	
7	27	
6	2	8	10	2	14	
3	44	2	28	1	34	6	40	
7	25	5	16	
9	39	2	26	4	32	
5	1	
1	29	6	34	0	31	8	47	5	44	
6	16	
9	26	6	44	1	46	3	32	2	29	
2	21	9	4	
9	26	1	45	
1	12	0	5	3	6	
3	37	0	40	
2	21	8	16	9	2	1	17	
9	44	8	40	
9	18	
8	30	4	38	
7	24	2	8	5	1	
0	40	9	27	8	41	
8	15	2	24	7	19	9	3	4	9	
8	37	7	47	6	33	5	31	
4	8	2	2	
3	48	2	42	9	32	0	26	8	33	
8	9	6	23	0	20	7	7	
0	27	1	40	6	47	9	31	
4	11	2	19	6	25	
8	41	0	40	4	50	
6	4	7	16	3	19	1	20	
2	40	0	45	
8	19	0	4	5	16	
4	39	0	40	6	30	
3	6	6	8	8	10	
9	36	5	41	
1	3	8	10	6	13	
0	46	
3	25	
9	44	8	39	4	34	
6	25	
9	50	1	38	
1	2	4	6	9	14	8	10	
2	39	6	46	4	28	
7	12	8	15	5	9	9	6	3	14	
4	48	5	35	9	44	1	34	7	36	
9	18	1	25	8	4	
2	29	6	27	5	37	
4	7	
7	43	4	50	6	33	3	49	
6	22	2	16	1	25	4	21	
4	32	9	35	7	42	0	49	
6	8	2	14	8	16	
1	44	9	35	7	34	5	47	4	31	
6	11	2	14	4	5	
0	27	1	49	5	40	
4	8	
2	30	9	43	0	47	
7	22	6	25	1	5	
2	31	6	44	7	40	
7	13	3	25	0	16	2	6	9	19	
0	44	1	42	4	35	
8	22	0	20	
5	39	9	34	3	47	1	49	7	28	
5	12	2	2	0	4	
9	29	8	42	7	32	4	45	
7	4	0	6	9	12	
5	43	9	40	
5	19	4	7	8	24	
1	28	2	33	
1	25	0	1	3	22	9	10	
7	31	5	50	1	41	3	42	
2	18	
8	28	4	33	9	32	5	26	6	34	
4	6	7	7	5	21	3	25	
3	39	4	36	0	28	
3	14	
3	44	7	41	5	37	
4	1	7	10	5	16	6	9	8	25	
1	35	0	44	4	49	7	38	2	48	
6	6	
9	40	8	36	1	31	6	33	
8	8	5	16	7	21	1	1	4	23	
0	39	
7	2	4	15	2	18	
2	32	6	45	1	38	0	39	
2	23	
6	30	8	36	5	43	4	33	
1	7	
6	39	4	41	
7	5	6	3	
3	26	7	43	2	48	0	27	5	33	
1	13	
6	40	0	39	9	42	2	28	1	50	
3	25	1	22	6	7	9	3	0	23	
7	28	
7	3	
0	37	5	46	9	40	
3	21	1	8	
2	50	1	48	
2	4	5	21	7	16	9	18	3	11	
3	30	
7	20	
5	50	2	27	7	29	8	37	6	49	
2	6	7	23	0	21	9	22	1	13	
2	40	9	44	8	38	3	39	1	35	
7	17	
9	26	2	27	6	40	7	47	0	34	
0	11	
6	39	5	31	2	41	0	38	7	45	
9	21	7	4	8	15	0	3	4	16	
8	32	6	28	
4	22	3	12	
0	42	
4	2	9	7	
0	31	4	49	5	41	
4	5	8	25	
4	35	
4	3	6	18	2	24	
6	48	0	44	8	45	
3	16	1	21	8	24	
6	48	8	26	
9	11	
7	33	4	35	6	45	1	38	
5	23	1	6	8	5	0	10	
4	27	0	26	
0	3	1	7	7	9	3	4	
9	41	5	27	2	31	
9	25	4	11	
8	48	2	45	0	46	5	28	
2	9	1	18	6	23	
2	48	5	38	1	47	7	37	4	41	
4	20	
9	27	1	47	
3	16	
1	50	3	30	
1	13	
9	38	6	27	7	39	4	41	
9	25	6	12	
7	40	2	37	
9	7	5	3	
7	32	
7	25	5	16	4	24	
9	45	2	41	
3	20	9	4	0	17	7	7	6	18	
4	50	1	39	
6	9	7	25	2	19	1	4	5	22	
0	39	6	50	3	35	2	28	5	27	
5	20	
4	34	2	35	7	47	
3	4	
9	48	7	36	2	42	6	40	0	32	
5	12	6	15	8	8	3	24	
4	37	3	41	
7	14	
5	48	8	42	9	28	
1	17	
3	37	9	39	4	34	1	46	
2	20	4	14	8	9	
5	44	8	42	2	46	9	37	
7	1	2	4	
4	35	6	49	
6	22	0	1	8	14	
8	46	
2	4	
0	45	
8	18	7	5	
0	29	
9	22	3	12	1	8	
5	44	9	42	
4	6	9	10	5	16	7	17	0	2	
5	39	7	49	4	27	1	48	
7	22	3	23	9	19	
1	31	3	37	8	28	
0	14	9	21	7	16	1	23	8	2	
8	30	
7	11	8	25	
7	38	0	26	9	43	1	42	6	34	
7	24	9	15	0	20	2	7	
4	46	7	31	8	26	3	35	

Three processing times per job on each machine
The best scenario
128	436	375	
598	480	326	
146	31	79	
905	216	707	
528	847	686	
155	305	166	
190	126	167	
346	233	183	
128	123	113	
192	204	173	
550	626	860	
566	1014	209	
810	430	753	
780	795	849	
627	819	233	
617	692	339	
321	174	392	
270	212	140	
259	319	345	
386	417	635	
129	224	111	
221	182	74	
363	574	115	
147	335	341	
1015	228	557	
176	86	438	
876	421	365	
142	377	354	
141	108	63	
805	559	954	
413	439	469	
287	576	124	
210	354	144	
292	194	78	
378	626	436	
468	562	1254	
341	173	526	
149	168	156	
619	720	449	
352	715	874	
524	651	530	
909	515	872	
346	357	462	
386	431	733	
109	215	89	
175	344	407	
407	459	908	
491	823	990	
408	194	206	
359	338	156	
168	170	64	
337	240	262	
885	602	773	
417	466	707	
918	940	604	
216	458	483	
118	109	103	
580	160	438	
392	507	669	
260	1230	433	
539	412	264	
134	149	109	
363	467	222	
264	211	186	
170	214	404	
283	514	742	
503	331	382	
812	959	1258	
380	376	370	
242	807	500	
204	603	280	
120	81	86	
424	564	340	
764	947	299	
265	894	552	
390	743	190	
384	427	305	
364	727	290	
280	564	532	
358	792	205	
191	140	194	
320	1022	458	
335	549	923	
83	126	101	
432	849	396	
387	131	285	
101	63	100	
625	563	542	
813	282	318	
314	590	788	
338	117	401	
540	281	519	
161	236	100	
745	492	916	
884	767	1062	
314	271	161	
416	167	523	
232	554	439	
124	189	442	
407	325	848	
614	289	967	
453	930	486	
194	530	538	
583	759	164	
568	226	376	
384	610	567	
114	171	116	
401	181	356	
723	494	699	
159	174	105	
827	750	385	
685	485	305	
690	627	932	
131	253	222	
336	221	215	
239	229	323	
271	172	150	
304	420	473	
407	1174	488	
132	181	134	
106	189	207	
467	523	435	
619	776	378	
188	333	410	
1120	978	648	
262	748	322	
47	164	74	
371	159	256	
220	196	210	
285	249	584	
570	767	935	
541	298	481	
228	205	347	
154	275	352	
559	872	890	
368	418	587	
349	349	284	
200	448	348	
394	539	521	
322	111	398	
339	155	653	
368	656	488	
336	443	228	
327	180	554	
131	148	434	
314	610	635	
501	912	430	
258	540	375	
116	78	88	
847	711	1346	
Most likely scenario
219	514	740	
693	745	606	
158	59	80	
1335	411	1017	
588	933	780	
194	437	220	
344	174	322	
440	362	341	
203	207	118	
214	226	194	
829	769	1350	
999	1067	297	
877	735	935	
941	808	1012	
1081	1070	440	
989	798	348	
414	211	579	
359	379	154	
414	403	352	
572	726	985	
139	357	179	
236	198	144	
508	685	217	
194	543	407	
1016	317	989	
233	166	490	
1391	460	707	
164	397	388	
237	112	68	
985	930	1184	
664	748	805	
312	636	214	
245	434	176	
303	246	104	
755	701	520	
801	599	1381	
355	212	601	
166	182	232	
1000	809	571	
459	748	876	
712	1152	1021	
936	603	1030	
544	381	496	
506	528	736	
196	265	139	
263	508	445	
566	471	1392	
879	896	1370	
451	230	359	
364	413	287	
186	220	65	
629	370	468	
1332	1095	778	
418	615	955	
1446	1054	795	
432	512	567	
141	194	177	
724	247	496	
682	899	830	
475	1355	470	
621	635	273	
167	204	132	
366	540	299	
350	233	253	
264	291	718	
360	544	771	
661	342	740	
813	1263	1297	
535	524	373	
393	856	670	
326	625	336	
131	130	113	
821	866	558	
894	1135	449	
464	1175	1083	
541	791	230	
433	558	374	
727	1058	505	
396	702	861	
369	1191	352	
279	143	322	
618	1240	545	
548	558	966	
88	178	183	
484	861	539	
483	244	364	
180	64	158	
707	659	642	
1000	350	468	
526	751	842	
392	193	531	
782	437	915	
299	310	125	
1134	506	956	
1167	1423	1147	
463	503	310	
535	264	642	
344	720	601	
171	317	583	
793	400	975	
1156	329	1324	
527	944	641	
386	965	1072	
793	1011	316	
807	265	605	
416	694	844	
115	263	128	
533	259	512	
971	548	1232	
230	194	191	
839	882	558	
688	962	444	
847	678	972	
229	287	228	
383	332	275	
266	377	362	
334	250	167	
553	443	766	
623	1230	812	
185	231	168	
156	195	218	
514	696	513	
1087	1114	391	
215	407	487	
1327	1085	1010	
432	766	523	
66	266	123	
419	236	489	
273	272	362	
547	428	622	
767	957	1119	
795	417	561	
282	235	412	
271	359	395	
646	1327	1014	
490	715	1144	
529	552	381	
357	744	654	
603	558	558	
423	218	484	
520	258	718	
525	900	729	
434	444	268	
532	246	579	
183	292	495	
552	1102	947	
524	917	453	
314	632	633	
157	87	122	
852	1082	1377	
The worst scenario
254	700	936	
867	1075	850	
192	76	114	
1956	473	1408	
630	1260	958	
275	506	257	
428	246	397	
449	367	400	
286	213	165	
315	235	272	
1103	789	1985	
1170	1326	391	
1156	941	968	
1084	1039	1290	
1368	1221	560	
1163	889	373	
579	280	707	
468	518	199	
491	484	467	
734	936	1443	
202	476	254	
346	221	208	
731	879	298	
283	714	485	
1138	431	1203	
333	214	710	
1837	675	1060	
179	466	443	
312	138	102	
1384	1014	1549	
765	939	1178	
380	641	222	
249	592	256	
353	313	133	
1104	780	596	
859	698	1763	
491	232	705	
237	268	332	
1131	1128	830	
469	1070	1151	
962	1619	1042	
1013	663	1533	
730	426	626	
551	672	983	
273	377	166	
300	634	534	
606	504	2051	
1052	1014	1792	
570	315	513	
452	567	339	
277	227	80	
776	508	656	
1802	1198	1014	
576	661	1374	
1881	1213	804	
585	679	582	
179	285	250	
831	251	618	
711	934	878	
666	1648	649	
882	724	388	
215	264	145	
451	722	436	
409	345	361	
377	364	823	
376	635	950	
769	423	776	
837	1370	1306	
614	568	484	
410	1204	770	
364	714	441	
175	169	125	
1041	1161	625	
1340	1278	622	
582	1281	1523	
597	841	318	
496	687	489	
1037	1504	720	
588	895	892	
511	1576	486	
359	146	325	
894	1848	804	
743	693	1101	
122	182	203	
500	1283	553	
654	353	509	
264	90	170	
749	683	851	
1031	449	554	
547	814	1193	
540	219	597	
994	443	1312	
331	360	132	
1248	653	1215	
1243	1677	1333	
665	579	383	
632	268	665	
404	965	780	
228	420	689	
822	443	1289	
1609	414	1752	
698	1322	917	
417	1081	1425	
982	1140	362	
923	275	907	
520	864	1265	
153	280	143	
715	370	697	
1257	549	1376	
284	206	247	
1037	949	581	
936	1202	567	
870	866	1364	
320	393	259	
509	401	326	
282	383	457	
361	341	177	
747	571	1113	
767	1436	872	
206	287	224	
229	280	259	
638	1021	684	
1129	1170	433	
318	444	502	
1364	1434	1156	
580	1058	722	
79	389	150	
440	240	691	
366	393	485	
626	467	816	
1077	1043	1463	
1039	622	707	
394	287	602	
361	478	534	
685	1517	1289	
580	955	1152	
713	598	481	
459	885	928	
608	686	770	
515	301	709	
670	305	965	
691	929	1086	
606	492	399	
731	278	595	
236	405	638	
701	1397	998	
615	954	589	
356	840	788	
188	127	133	
1078	1542	1585	
