Factories	5	Jobs	100	Machines	3

Total number of component types per job processed by HSPM
9	7	7	12	5	9	8	10	11	9	6	5	5	12	8	12	5	8	6	11	11	6	8	11	10	9	10	9	6	7	6	6	9	8	10	7	6	12	11	5	5	10	10	7	9	7	6	7	6	11	11	11	7	10	9	5	7	9	8	5	6	8	10	5	6	7	9	5	7	12	12	8	8	12	12	6	6	7	11	12	10	9	7	9	6	6	11	11	8	6	8	9	11	10	10	10	10	6	5	6	

Total number of component types per job processed by MFPM
1	3	1	5	4	4	1	1	1	4	4	3	1	2	4	3	2	4	3	3	1	4	5	3	1	4	1	3	1	4	2	4	2	2	1	3	2	3	5	1	3	5	5	5	2	3	3	3	2	5	5	3	5	4	1	1	3	3	4	5	5	1	2	3	1	4	3	3	5	2	2	1	3	3	5	5	3	3	3	2	3	2	5	5	2	1	1	1	4	3	4	1	2	1	1	5	3	3	5	4	5	3	5	4	2	5	5	5	1	1	5	1	5	4	1	1	5	2	3	5	4	5	2	4	5	3	4	4	1	5	2	2	4	1	5	5	4	3	4	2	1	5	2	1	3	4	2	1	5	4	3	3	5	1	1	4	2	5	4	1	5	4	5	4	4	4	5	2	2	5	3	3	1	1	4	3	4	2	2	1	2	4	5	2	4	1	4	5	4	4	2	2	2	1	5	5	1	2	3	5	

All component type numbers for each job to be processed by HSPM
5	53	12	17	1	55	13	69	17	12	2	71	4	16	3	1	16	5	
16	20	11	55	19	33	12	35	2	14	5	54	8	17	
10	34	13	7	11	61	5	64	12	72	9	32	2	41	
6	51	2	60	15	70	17	74	16	54	12	13	9	22	19	48	0	39	4	57	10	49	18	5	
5	73	14	26	12	31	4	49	3	1	
5	51	7	1	16	9	15	72	14	74	10	32	13	17	19	15	12	7	
17	15	5	49	7	59	8	74	0	47	4	22	11	67	2	64	
14	2	8	53	12	46	18	50	15	66	7	73	10	13	1	64	2	31	11	8	
4	4	13	58	6	45	12	30	15	63	1	61	10	43	19	18	11	25	9	52	0	1	
2	23	1	18	16	55	11	54	8	33	4	58	17	44	5	27	3	71	
2	56	19	5	4	28	6	16	8	75	17	42	
8	19	11	34	17	37	0	10	5	7	
1	13	0	53	10	75	8	5	19	59	
18	71	6	39	14	60	7	18	10	56	0	58	9	6	17	15	13	57	12	14	16	59	3	75	
14	60	2	55	18	20	9	57	16	68	7	74	0	23	17	56	
13	12	17	64	3	55	6	62	15	15	7	59	4	19	0	42	19	6	14	72	12	18	10	67	
14	72	8	46	1	57	2	3	0	7	
3	52	8	6	16	38	13	73	15	26	1	9	0	34	19	17	
15	73	4	10	19	14	7	12	3	20	2	69	
1	63	16	26	13	46	8	71	9	10	4	66	7	2	19	72	14	38	15	60	17	31	
8	40	17	28	3	21	2	13	19	57	10	3	12	60	16	61	11	10	0	25	1	29	
8	66	12	65	3	69	17	35	11	57	4	17	
17	11	11	42	10	22	13	8	6	52	18	68	4	69	3	63	
12	46	16	39	19	24	8	5	3	29	2	19	18	37	5	72	1	42	13	64	17	62	
9	7	19	44	7	24	10	28	14	3	5	59	13	11	6	67	12	6	0	18	
1	36	15	43	2	56	4	21	17	37	18	58	9	53	12	42	11	46	
0	61	1	34	2	8	5	56	13	1	14	31	8	75	11	55	12	23	19	74	
5	17	18	9	11	48	17	58	1	28	13	74	10	37	8	20	14	57	
12	10	3	58	4	45	1	73	15	24	11	20	
1	45	12	40	14	72	16	44	15	7	7	42	6	57	
15	71	1	74	3	3	2	31	11	66	14	65	
3	68	13	17	14	51	5	41	16	1	4	47	
17	62	19	42	1	72	8	60	6	23	18	17	16	32	0	46	3	29	
10	34	6	35	5	63	19	67	17	48	7	20	1	53	0	23	
12	32	10	33	15	58	8	74	14	7	18	53	4	44	19	57	9	72	5	75	
18	75	10	21	17	59	8	33	13	60	11	45	3	37	
1	3	9	2	14	1	8	39	18	7	5	12	
8	17	10	39	11	7	18	20	2	21	5	55	14	13	17	50	12	45	16	11	4	47	13	69	
8	62	13	25	7	70	16	22	10	54	9	75	14	14	3	33	19	49	11	74	18	69	
19	11	4	56	9	63	1	34	14	10	
17	5	3	8	13	52	1	43	5	36	
11	58	0	29	6	16	2	4	15	74	16	42	5	31	7	28	10	57	12	26	
15	28	13	72	17	2	8	36	16	26	10	71	1	62	0	47	7	24	11	56	
14	34	7	31	8	69	0	4	18	62	5	33	16	72	
8	66	2	61	0	6	1	51	5	24	4	31	3	22	9	57	7	54	
16	41	15	33	17	23	0	1	12	21	6	69	13	61	
8	23	14	53	1	29	16	47	9	11	19	60	
10	61	13	6	5	9	8	37	18	62	15	73	17	33	
10	37	13	69	17	72	0	25	2	7	15	10	
11	19	6	51	19	73	18	55	17	16	13	67	16	52	2	7	8	2	3	4	12	26	
10	66	19	43	16	47	11	53	9	34	12	26	6	70	17	67	5	7	14	6	1	18	
8	50	14	19	5	36	19	26	18	35	15	62	13	53	1	73	0	16	6	8	7	30	
3	4	11	42	6	14	8	30	9	21	14	60	13	31	
18	47	8	32	16	30	17	22	14	69	10	29	12	35	0	39	7	28	3	52	
11	61	19	45	15	56	9	4	7	10	0	7	13	27	6	22	1	47	
12	37	10	58	7	31	4	26	16	36	
5	52	18	45	17	36	8	31	6	37	10	7	14	17	
1	44	10	4	17	50	3	21	13	3	0	39	19	38	4	34	8	45	
13	24	0	14	4	3	18	69	5	44	7	36	17	32	3	29	
13	24	5	39	3	4	11	60	12	66	
15	27	14	62	0	2	7	69	18	15	8	54	
7	39	19	32	17	5	16	7	13	57	9	48	15	44	3	52	
3	52	17	72	19	24	13	57	16	48	1	1	11	65	0	53	2	70	9	43	
5	3	18	52	14	67	19	45	2	53	
13	61	0	27	12	14	8	3	9	8	15	44	
3	8	4	66	18	50	11	1	12	17	1	7	14	59	
8	2	5	39	11	42	13	7	2	70	12	1	7	64	1	66	16	69	
0	43	3	42	18	7	8	59	16	32	
15	21	9	34	10	9	7	33	13	48	19	64	4	61	
18	46	1	26	0	73	11	69	17	74	8	24	6	1	3	20	9	47	2	43	13	72	10	49	
6	13	1	2	11	40	0	62	19	27	13	58	15	31	3	54	4	64	2	49	9	35	14	51	
3	39	17	67	13	63	9	38	16	41	18	28	8	42	1	31	
6	27	10	72	17	71	9	15	2	7	0	35	4	10	3	64	
11	68	7	67	17	39	6	15	10	73	12	62	0	7	5	28	2	47	4	13	14	56	19	45	
7	72	17	20	16	13	12	16	6	68	19	2	1	64	9	27	4	70	5	24	3	8	11	25	
3	29	16	30	10	24	18	27	0	52	6	19	
7	38	6	68	13	14	4	46	10	24	0	74	
12	67	5	19	7	63	18	72	11	44	4	7	8	35	
3	35	6	67	18	54	4	7	7	63	1	37	12	42	9	27	8	33	16	21	14	44	
19	7	15	75	16	25	1	59	4	71	12	66	8	35	11	2	3	4	9	38	6	15	18	23	
2	38	16	35	15	28	4	33	1	22	3	8	0	34	7	16	10	64	12	59	
19	3	3	44	9	4	18	23	1	68	14	16	10	48	2	37	15	41	
18	35	15	30	3	55	0	51	1	24	14	13	17	9	
19	61	18	55	4	49	3	7	14	38	8	28	17	21	2	36	11	25	
1	69	8	43	4	34	12	16	5	71	17	45	
6	70	0	43	12	47	17	10	9	53	10	29	
14	24	4	74	15	57	10	36	11	32	7	71	19	15	12	18	13	35	0	37	1	64	
19	3	1	69	13	61	7	21	6	29	14	8	9	65	15	43	18	51	4	16	0	36	
7	8	4	9	10	5	9	11	15	34	6	64	5	26	12	39	
5	20	17	40	1	75	8	54	0	31	3	61	
6	72	10	75	11	23	9	67	16	74	14	51	18	17	4	9	
1	58	18	53	17	19	6	28	3	8	15	31	4	3	16	29	19	59	
12	20	5	10	17	48	15	70	7	3	6	51	13	73	0	25	10	47	3	5	8	36	
3	53	10	29	1	4	16	7	12	73	18	3	2	35	9	74	11	51	6	41	
1	25	0	41	7	8	19	67	16	3	15	23	5	27	9	71	2	62	3	55	
3	74	19	8	0	18	15	50	9	14	1	6	4	49	16	13	2	72	18	71	
19	16	3	36	11	58	14	12	18	20	8	54	7	6	1	46	5	41	10	69	
10	12	15	54	5	65	0	15	8	4	13	39	
12	40	7	14	17	8	8	51	0	37	
3	29	2	72	11	25	10	4	9	58	7	68	

All component type numbers for each job to be processed by MFPM
5	16	
0	36	6	35	8	45	
4	24	
0	48	9	36	1	34	4	49	3	37	
4	1	1	7	6	25	5	11	
7	47	4	49	2	33	8	42	
9	14	
7	27	
0	24	
5	35	8	32	4	44	2	50	
4	21	0	7	7	12	1	1	
4	49	7	42	3	41	
6	17	
6	30	5	41	
6	25	8	16	7	21	4	24	
8	43	7	41	9	28	
4	17	3	23	
5	27	0	46	8	29	3	44	
9	17	1	13	3	10	
8	40	2	37	5	45	
2	14	
3	45	6	33	8	50	7	27	
9	15	3	6	0	9	4	25	8	18	
4	41	5	34	8	48	
1	18	
9	42	5	39	0	36	7	26	
8	2	
4	34	1	28	3	26	
8	9	
0	43	5	39	6	37	3	44	
5	6	3	12	
8	46	0	36	9	49	4	32	
6	15	5	14	
7	28	5	32	
3	7	
9	34	6	31	8	48	
1	10	3	20	
3	39	4	40	5	42	
4	21	3	18	6	20	2	15	5	10	
9	27	
1	24	5	11	4	7	
0	43	7	32	6	26	8	49	3	28	
9	17	8	19	3	4	5	11	6	10	
7	37	1	45	3	47	9	41	5	36	
3	14	1	5	
1	47	2	38	5	41	
4	13	8	1	3	5	
5	37	8	29	2	39	
2	21	6	17	
4	49	7	39	9	41	0	33	8	26	
9	19	3	14	5	13	8	3	4	4	
2	48	8	45	3	30	
7	15	6	3	4	5	1	4	0	22	
3	46	0	37	1	47	6	50	
5	17	
5	40	
2	14	4	16	7	8	
0	49	1	27	5	39	
8	14	7	7	4	22	6	12	
6	42	4	28	2	41	5	50	9	33	
1	7	4	3	3	14	9	18	6	12	
7	32	
8	8	6	23	
3	40	4	37	2	34	
0	15	
3	31	9	47	2	29	5	45	
8	6	0	18	4	2	
5	48	3	33	1	32	
1	12	5	4	9	7	4	11	0	23	
3	50	4	31	
6	14	2	21	
7	38	
5	8	2	23	6	12	
5	48	9	31	7	41	
6	8	2	13	4	17	8	14	3	20	
8	43	9	32	2	33	5	30	0	49	
1	7	8	11	9	3	
3	45	1	44	4	27	
2	17	8	23	1	16	
5	36	9	28	
7	9	9	11	2	5	
3	31	4	41	
1	6	7	2	5	24	0	14	4	18	
6	29	3	49	9	44	1	28	2	34	
4	24	3	16	
0	34	
3	9	
9	39	
3	24	4	4	0	23	8	14	
6	42	3	47	4	29	
1	1	8	3	2	2	9	21	
9	32	
3	17	7	13	
2	29	
5	4	
5	32	8	39	1	36	9	29	3	45	
3	1	0	4	7	20	
1	27	9	34	8	38	
7	2	1	24	4	7	9	16	8	8	
5	32	0	33	9	49	1	50	
7	15	1	7	6	11	3	3	4	1	
0	40	5	35	3	37	
5	15	7	4	0	21	6	1	9	10	
1	45	6	43	2	50	8	28	
7	21	3	17	
9	35	6	28	2	45	8	34	5	43	
3	22	1	7	6	15	4	4	0	11	
3	40	7	34	2	26	1	41	9	32	
6	5	
1	42	
5	13	3	18	4	1	2	8	8	19	
0	49	
7	13	5	5	9	2	4	23	6	7	
0	29	9	44	4	46	2	48	
2	25	
9	26	
5	6	4	15	0	20	1	7	7	25	
1	36	9	43	
4	6	3	22	8	16	
9	33	5	28	1	34	4	49	8	29	
3	9	1	14	7	15	0	21	
6	48	0	46	3	42	1	35	7	37	
6	7	5	13	
0	36	7	34	5	38	6	44	
8	12	2	9	1	11	3	10	6	15	
6	32	3	43	0	38	
4	7	7	25	5	5	1	15	
1	28	2	30	3	45	5	40	
7	19	
7	40	0	43	4	38	6	36	2	31	
2	6	0	16	
1	34	9	39	
1	5	2	14	6	25	5	17	
1	37	
1	8	2	7	3	2	8	6	9	11	
1	48	9	36	5	46	4	29	6	41	
7	8	5	13	1	15	3	10	
8	34	5	28	3	38	
1	20	6	3	7	25	5	13	
3	36	5	31	
9	20	
0	41	2	34	3	37	7	38	8	50	
0	17	4	10	
6	38	
5	17	3	19	1	18	
2	26	9	28	7	39	5	32	
4	6	3	23	
7	35	
4	21	0	12	3	8	8	2	1	18	
6	27	1	49	8	47	7	36	
0	23	6	17	9	7	
7	27	0	35	8	32	
5	12	9	7	8	5	7	2	4	6	
2	31	
1	10	
2	48	9	28	8	32	7	31	
9	15	4	1	
8	32	0	45	5	33	7	47	4	30	
5	13	3	11	2	12	0	15	
3	35	
4	18	9	21	3	22	0	10	2	16	
8	45	7	46	5	31	9	27	
1	12	7	13	9	8	2	2	5	17	
0	27	7	37	2	30	4	40	
8	22	0	7	6	6	5	20	
1	29	5	41	2	47	9	30	
1	4	0	6	3	3	8	9	7	14	
5	46	1	32	
3	21	6	14	
1	29	7	37	0	31	9	40	2	42	
5	6	9	11	6	14	
9	28	3	30	4	32	
9	3	
3	33	
3	11	0	14	1	4	7	8	
3	41	7	32	2	43	
4	15	1	21	7	23	6	16	
0	40	6	48	
1	21	0	4	
6	47	
4	11	1	12	
4	40	9	44	6	31	5	28	
0	20	8	13	3	16	1	4	5	1	
0	45	5	49	
0	25	1	16	9	19	5	5	
4	43	
4	18	1	9	7	4	8	21	
0	35	3	28	4	39	1	49	5	37	
3	25	8	9	0	22	9	14	
0	48	6	33	5	49	4	36	
9	7	6	2	
5	26	2	49	
4	20	8	17	
3	34	
4	19	7	11	2	9	8	17	3	25	
9	31	6	47	1	50	7	33	2	38	
9	17	
3	38	1	40	
8	5	4	6	6	9	
3	35	7	44	0	38	5	48	8	32	

Three processing times per job on each machine
The best scenario
312	88	303	
119	325	101	
36	88	54	
107	105	40	
242	106	163	
56	123	167	
58	68	34	
218	160	253	
158	174	71	
15	16	33	
150	120	75	
228	136	154	
259	125	110	
107	62	121	
79	31	35	
131	93	134	
152	247	62	
181	304	440	
123	38	119	
205	93	261	
79	133	159	
43	38	47	
176	332	138	
202	112	313	
79	242	62	
269	167	132	
101	199	275	
98	40	132	
51	26	43	
168	320	391	
119	134	81	
312	301	96	
155	166	76	
353	319	119	
116	49	71	
84	118	40	
80	142	122	
143	120	205	
415	475	230	
337	337	185	
304	56	206	
54	26	50	
82	99	131	
130	116	207	
111	100	154	
234	119	171	
86	131	426	
224	200	341	
489	518	198	
155	143	138	
103	239	129	
55	24	57	
368	223	245	
210	262	529	
257	196	249	
249	140	151	
166	100	235	
91	56	42	
251	207	147	
213	129	244	
154	156	233	
41	92	75	
43	54	41	
53	78	76	
44	45	47	
60	62	70	
40	145	130	
233	149	103	
103	131	47	
156	130	44	
186	137	157	
170	140	321	
231	132	287	
105	159	124	
37	68	56	
195	265	409	
63	133	131	
286	230	134	
143	124	151	
96	314	284	
289	203	254	
83	161	107	
248	260	360	
190	248	215	
60	237	146	
34	9	43	
416	193	232	
234	450	312	
93	82	74	
39	55	47	
33	11	41	
393	297	307	
51	79	61	
111	122	52	
222	211	78	
345	172	116	
182	73	170	
276	216	262	
47	174	120	
144	378	392	
Most likely scenario
472	164	507	
141	424	142	
45	108	104	
111	126	54	
262	181	259	
83	137	260	
78	91	62	
390	278	378	
225	292	79	
19	26	43	
159	181	85	
255	160	210	
368	193	117	
171	102	145	
86	40	54	
238	119	179	
211	327	104	
189	507	475	
169	56	147	
307	96	277	
85	155	205	
75	52	57	
219	405	158	
209	138	406	
109	354	92	
313	233	218	
163	231	279	
99	66	215	
54	35	53	
262	458	439	
144	234	90	
324	316	138	
234	198	77	
355	329	139	
131	67	121	
129	141	47	
120	266	134	
157	206	232	
593	485	371	
403	384	207	
306	83	218	
86	35	69	
89	165	182	
142	143	319	
134	189	212	
292	182	202	
167	177	467	
353	307	411	
514	538	262	
272	212	162	
191	403	152	
64	32	98	
401	312	342	
325	405	548	
411	233	353	
326	181	152	
254	104	254	
99	103	46	
388	342	156	
334	169	433	
300	272	278	
60	104	77	
68	56	50	
57	151	114	
74	69	59	
100	65	122	
71	153	194	
377	168	176	
197	158	58	
201	133	61	
221	219	227	
318	195	381	
258	246	289	
115	188	161	
44	135	58	
242	273	500	
68	171	192	
323	326	152	
218	184	227	
151	406	402	
455	386	360	
120	206	116	
279	273	506	
238	329	291	
116	303	203	
39	15	56	
563	347	333	
256	530	380	
153	94	135	
44	59	58	
44	21	50	
395	303	368	
54	107	98	
136	149	103	
253	232	82	
433	201	216	
244	77	272	
517	263	386	
51	198	156	
169	403	397	
The worst scenario
693	221	525	
177	603	160	
63	113	110	
114	186	61	
392	190	380	
118	161	358	
92	133	68	
490	317	551	
248	297	84	
23	38	53	
238	271	118	
318	222	222	
475	248	147	
201	136	204	
124	55	66	
347	133	205	
267	392	128	
245	722	684	
237	74	179	
347	123	321	
110	224	265	
79	69	59	
327	467	230	
253	190	418	
131	524	115	
323	262	268	
231	250	344	
126	81	310	
57	48	61	
335	573	503	
185	309	123	
344	422	195	
336	269	79	
467	480	179	
177	99	133	
156	146	56	
134	270	141	
224	298	294	
873	721	553	
588	396	213	
391	94	299	
113	48	84	
115	212	205	
179	205	458	
198	229	297	
390	224	217	
181	264	645	
471	367	412	
534	554	300	
357	279	241	
281	448	175	
74	47	131	
479	389	419	
356	577	766	
580	262	457	
388	226	159	
309	136	345	
145	152	60	
418	443	204	
480	252	463	
402	395	297	
68	134	102	
85	61	51	
75	161	144	
97	90	67	
112	80	133	
93	211	273	
455	176	207	
265	190	84	
258	157	69	
230	221	325	
339	260	566	
304	297	300	
152	226	172	
64	180	68	
327	361	574	
89	224	249	
332	483	155	
314	253	281	
177	580	511	
558	459	420	
161	268	164	
391	306	755	
291	444	318	
152	334	265	
56	21	84	
788	465	367	
318	578	502	
196	95	196	
56	83	72	
51	26	72	
443	345	411	
73	126	134	
179	176	118	
263	235	93	
587	246	267	
345	93	360	
726	372	435	
75	265	220	
244	523	589	
