Factories	5	Jobs	150	Machines	2

Total number of component types per job processed by HSPM
9	12	12	7	11	8	8	5	6	6	12	7	10	9	6	12	11	5	6	5	5	9	6	12	11	9	8	5	8	12	7	11	10	11	7	5	11	12	6	11	10	5	7	12	9	5	12	9	8	8	12	8	11	9	6	9	8	5	5	5	11	5	12	9	5	12	12	5	10	10	11	9	10	8	7	10	10	5	12	10	12	9	10	6	12	8	10	12	5	9	10	12	11	7	7	6	10	7	11	12	7	11	8	10	6	7	12	11	12	10	5	6	5	8	6	9	9	5	10	12	10	12	8	9	9	9	8	10	9	12	6	12	12	7	12	11	6	9	5	6	7	5	7	5	12	12	8	8	8	10	

Total number of component types per job processed by MFPM
4	4	4	5	3	2	4	5	5	5	5	2	4	2	4	5	1	3	2	5	1	2	4	5	3	4	5	2	3	1	2	3	1	3	5	4	5	3	1	5	4	4	5	2	5	3	1	2	1	5	5	3	5	1	5	2	4	2	5	2	1	1	1	2	1	4	2	4	5	4	2	3	2	3	4	1	5	2	4	5	5	2	1	2	4	5	4	4	2	5	3	1	4	5	2	2	4	1	1	2	4	3	5	1	5	3	2	5	2	3	1	1	4	2	2	3	3	3	2	3	4	5	4	3	4	5	3	5	3	4	4	1	1	1	1	1	4	5	3	3	4	5	4	2	4	5	3	4	3	2	

All component type numbers for each job to be processed by HSPM
16	59	14	13	15	70	0	74	17	5	11	75	13	68	10	17	5	61	
3	12	14	61	2	18	12	63	7	69	18	10	13	29	17	22	10	23	19	73	11	68	8	57	
9	55	12	69	2	62	8	5	14	36	15	39	1	34	11	67	19	31	10	70	17	37	3	16	
1	1	6	41	8	66	2	59	19	16	4	68	5	24	
0	73	15	42	3	74	8	21	18	63	11	1	16	45	19	17	10	52	17	4	2	27	
14	55	8	3	2	39	11	1	7	14	1	37	6	40	19	48	
16	43	12	15	17	44	18	50	4	6	0	11	14	20	2	5	
17	31	5	26	14	44	16	11	18	5	
11	1	0	52	2	39	19	64	12	37	18	6	
13	42	2	23	18	39	4	43	9	49	10	65	
6	26	8	44	11	39	5	15	14	65	7	53	16	56	17	9	2	12	9	41	10	23	1	5	
0	51	15	24	2	37	11	20	4	64	3	32	16	14	
9	52	8	10	18	26	10	29	13	60	14	44	7	23	19	27	12	48	15	53	
19	31	6	67	16	2	11	44	3	6	4	72	14	60	2	43	10	27	
10	19	12	18	5	10	13	41	16	55	17	30	
7	6	18	30	1	67	3	56	6	5	14	2	15	65	13	40	19	27	9	25	10	44	0	75	
17	37	5	31	18	9	7	55	2	41	15	73	8	51	19	6	10	75	3	61	0	50	
7	23	6	63	2	52	12	35	3	40	
8	33	17	62	1	24	15	9	6	60	11	35	
10	6	4	70	5	50	18	54	0	47	
14	15	3	27	1	11	13	41	0	32	
5	68	9	42	0	51	12	12	10	5	16	40	3	48	17	16	18	69	
19	39	9	12	15	74	14	73	1	14	2	11	
2	14	14	73	11	41	7	47	18	51	0	5	17	19	5	20	3	53	8	57	6	45	10	68	
14	30	15	18	8	64	18	49	12	13	3	6	0	31	16	11	17	57	6	60	5	36	
13	16	19	28	6	34	7	29	18	42	4	69	16	36	5	55	3	21	
3	57	13	11	15	48	10	23	1	33	14	6	6	30	2	16	
14	46	6	26	15	18	17	22	7	68	
18	29	17	38	13	57	5	64	14	51	16	12	19	8	3	61	
8	75	9	15	4	59	2	56	11	60	14	74	6	6	1	44	13	7	3	52	16	63	18	19	
6	42	11	57	18	22	13	56	7	27	19	26	4	52	
14	9	0	16	4	23	1	28	3	40	15	19	2	22	7	63	5	17	17	69	13	72	
12	6	4	19	8	34	14	20	11	42	10	39	17	46	5	32	6	58	18	11	
8	21	11	62	6	24	18	4	9	34	13	50	2	67	16	65	5	56	7	32	1	75	
14	29	4	50	11	32	8	65	18	72	1	48	19	73	
4	46	1	48	12	12	8	72	17	69	
11	31	9	40	2	62	19	24	4	26	16	74	18	57	0	5	8	12	7	64	13	51	
8	27	0	31	4	43	19	23	1	48	6	58	5	7	13	71	15	38	7	51	11	50	12	45	
10	30	17	39	9	34	13	11	16	72	1	71	
0	38	7	2	11	23	18	50	9	74	14	44	3	31	15	15	13	11	16	19	10	21	
3	28	17	13	5	72	14	25	0	60	13	12	4	17	8	63	18	55	7	31	
13	72	16	25	11	43	4	28	18	21	
1	6	9	22	16	57	15	52	10	24	14	72	13	5	
0	37	2	39	19	34	1	1	9	29	3	60	18	17	14	7	17	16	8	70	12	57	6	35	
2	39	1	33	14	17	10	47	5	45	6	40	8	46	19	56	17	20	
10	72	1	40	13	48	3	2	6	46	
3	48	1	43	2	68	4	15	5	73	12	37	16	56	17	17	18	3	14	36	13	49	15	26	
7	52	9	23	8	21	10	75	1	74	17	39	15	53	13	28	6	14	
8	68	1	17	18	23	7	54	12	60	5	48	16	49	10	30	
16	49	18	6	10	54	7	60	4	41	14	56	11	74	0	12	
2	57	5	31	0	58	19	5	16	47	18	56	13	60	12	20	11	21	7	52	3	26	9	55	
17	49	6	21	19	20	12	55	11	44	7	40	9	70	8	65	
14	16	18	25	9	35	10	74	0	47	17	54	1	40	13	11	5	5	2	33	11	7	
0	12	16	45	4	17	19	27	15	70	9	23	7	36	3	71	6	35	
14	5	18	67	13	59	12	29	16	69	15	15	
4	3	14	13	11	67	12	74	0	39	16	62	3	8	18	23	5	29	
8	62	7	26	15	3	4	18	3	24	0	11	16	41	17	16	
11	42	10	5	2	3	1	56	4	49	
0	64	9	21	4	16	10	2	1	8	
9	3	6	49	2	66	18	62	0	75	
0	43	4	12	16	10	19	55	6	35	13	2	11	54	15	34	2	15	3	64	7	50	
17	71	13	23	5	28	11	6	7	14	
10	14	11	2	9	12	6	30	3	44	7	49	1	47	17	69	19	66	18	20	5	34	4	32	
8	62	11	45	12	37	16	22	3	5	5	19	19	40	2	63	14	42	
7	66	15	32	12	51	4	19	13	1	
12	38	14	47	17	4	15	57	1	58	16	34	18	18	5	25	19	10	7	42	2	31	8	30	
4	39	19	43	17	55	10	32	11	53	3	50	16	70	12	54	18	15	0	26	1	51	15	41	
0	40	5	35	14	13	10	44	8	25	
13	37	12	46	14	6	5	22	11	40	2	18	3	13	9	72	18	19	8	75	
7	40	5	63	1	34	17	25	8	22	16	27	14	37	11	12	15	70	2	72	
6	46	17	53	7	54	1	16	10	6	8	71	13	19	11	39	15	70	5	27	0	56	
13	45	8	70	0	35	2	74	5	30	16	55	9	71	7	18	19	26	
16	30	5	44	2	63	14	29	10	55	8	4	12	58	18	67	0	23	6	17	
14	42	17	18	1	54	5	56	3	35	10	21	2	2	4	64	
14	57	2	44	15	46	11	36	12	66	1	15	17	13	
15	18	2	13	10	22	3	42	18	36	14	54	7	31	4	46	16	44	12	69	
0	15	18	34	12	69	3	37	5	68	13	1	17	47	7	25	16	30	1	44	
5	5	10	72	9	45	6	59	0	67	
6	71	13	51	7	44	16	43	11	32	5	56	12	70	0	47	4	74	3	45	19	15	1	36	
0	72	4	5	1	9	14	60	2	56	12	29	3	1	11	3	8	46	9	54	
3	60	15	20	14	38	10	8	17	72	4	6	11	32	16	33	2	23	8	16	18	68	0	4	
16	69	3	43	10	28	8	53	7	63	4	64	15	26	9	51	12	20	
7	15	17	53	12	11	16	68	10	8	8	47	11	64	2	65	6	44	19	60	
7	9	16	47	10	69	3	49	15	17	12	63	
11	55	0	44	4	24	6	63	7	41	3	64	17	65	1	75	15	58	19	51	8	15	13	14	
10	1	4	70	3	45	12	69	6	35	14	54	1	50	13	39	
7	37	16	34	0	16	4	45	10	73	5	47	9	5	2	26	6	4	17	11	
0	60	17	2	13	18	1	35	6	58	16	21	18	20	8	38	14	9	5	68	4	8	12	17	
10	72	16	54	7	55	19	62	9	58	
15	24	17	8	2	46	7	44	18	49	9	70	16	69	12	59	10	1	
16	21	13	18	2	12	3	57	12	43	17	41	8	51	4	72	0	33	18	25	
15	65	4	48	8	44	7	42	11	5	12	74	9	33	3	30	0	63	2	14	17	25	5	57	
6	28	3	73	17	46	0	74	2	65	9	32	4	40	13	34	16	49	12	55	15	10	
5	13	15	55	7	41	18	17	0	12	16	20	9	34	
17	37	1	27	19	33	5	46	0	56	18	54	9	39	
7	63	9	4	5	14	8	54	4	23	6	20	
6	69	0	30	16	11	1	29	11	40	15	9	14	17	5	36	18	6	8	54	
19	9	12	1	8	64	18	69	14	21	9	37	10	8	
16	56	9	72	15	42	14	36	13	34	2	58	8	74	7	18	3	65	19	73	1	51	
10	11	1	36	16	64	7	73	6	24	9	29	14	41	5	12	4	35	19	69	13	52	17	74	
5	5	15	70	10	69	6	30	1	71	9	62	14	16	
10	19	8	71	12	30	3	16	6	25	9	17	5	72	7	73	1	53	2	21	15	24	
7	30	17	29	3	75	6	35	1	64	13	52	15	71	14	6	
1	37	14	51	9	66	18	3	4	54	2	57	3	34	19	42	0	5	17	74	
17	42	1	55	6	68	16	44	2	15	3	24	
9	23	16	29	19	45	10	42	5	36	13	46	8	73	
6	19	19	3	8	4	5	48	0	37	4	35	2	33	14	23	3	73	9	39	16	29	17	62	
14	59	17	12	8	40	1	43	11	27	13	2	15	32	9	3	10	15	6	4	0	67	
6	8	19	15	9	5	4	21	12	53	1	51	16	13	17	52	11	27	8	62	0	25	15	65	
0	33	2	15	19	42	17	67	14	14	11	48	8	37	4	21	15	20	16	18	
6	34	8	74	13	56	2	54	1	42	
7	12	14	20	17	4	10	37	9	72	2	31	
3	58	18	23	7	21	11	10	14	34	
3	35	9	21	18	68	11	42	19	11	1	1	4	13	2	57	
9	72	18	50	5	39	1	68	12	21	2	65	
16	15	13	73	4	31	6	41	14	23	7	75	19	18	8	5	9	51	
9	12	8	68	0	49	3	67	10	66	17	50	2	43	13	28	6	69	
13	5	4	32	0	35	5	29	9	14	
0	48	9	8	5	65	8	45	15	61	1	46	10	37	2	43	11	25	13	74	
1	2	19	33	16	39	7	9	6	34	8	63	12	48	11	23	2	17	5	11	15	46	17	60	
9	48	14	50	18	33	16	45	3	46	1	59	10	14	8	52	13	7	5	39	
11	8	14	22	8	74	10	10	5	19	17	59	15	6	1	1	2	3	19	66	9	23	6	52	
7	2	17	9	19	64	15	40	8	33	2	23	9	28	14	26	
13	18	2	60	9	35	6	72	19	59	14	11	18	9	10	15	1	46	
14	43	3	26	17	33	1	23	12	14	18	65	10	66	2	36	5	32	
11	22	19	62	18	17	1	37	4	75	10	46	6	14	12	38	17	63	
12	19	7	4	1	37	15	52	18	3	8	41	6	40	10	25	
9	45	5	27	8	32	16	55	0	23	11	39	18	11	4	72	10	25	6	57	
7	60	10	34	13	3	4	74	18	2	5	7	6	62	19	19	3	8	
9	21	16	19	4	40	14	13	7	36	17	32	1	28	12	47	11	20	6	18	18	65	5	68	
18	74	13	11	3	33	12	17	1	4	14	35	
17	51	2	20	12	64	16	17	14	1	10	33	0	55	19	63	7	34	6	24	18	48	8	30	
11	61	6	28	1	48	17	62	3	29	16	38	10	66	4	6	14	63	5	15	7	65	18	16	
13	4	12	15	0	61	17	66	18	33	16	14	15	47	
6	35	2	20	16	33	12	29	14	73	5	53	19	9	4	4	1	59	3	45	7	42	10	17	
12	67	2	6	8	16	9	38	3	1	1	63	17	74	0	33	7	51	11	35	4	40	
10	38	4	75	12	52	13	74	17	54	11	28	
0	67	13	5	7	36	4	6	9	30	17	61	6	49	12	19	18	35	
11	72	16	46	1	5	14	64	0	21	
8	64	0	68	5	48	4	35	7	1	11	6	
16	4	1	38	9	74	11	69	12	71	3	75	7	62	
15	64	10	75	1	54	12	3	6	49	
19	61	9	19	5	28	10	27	11	74	17	73	2	54	
14	13	12	43	7	60	2	3	0	75	
11	5	7	66	1	51	14	20	17	21	19	24	5	28	15	68	0	1	13	4	12	62	18	6	
12	65	18	32	14	61	15	26	4	30	9	72	8	4	13	55	11	2	6	25	0	50	5	14	
14	42	5	22	16	21	10	43	19	61	9	15	15	2	3	49	
2	43	5	2	9	48	15	27	17	18	18	73	16	68	4	29	
14	56	17	4	5	26	9	40	7	33	16	25	15	22	19	48	
15	19	5	28	11	1	13	50	18	37	16	17	10	75	6	55	9	21	19	24	

All component type numbers for each job to be processed by MFPM
6	11	3	4	8	5	4	9	
1	18	4	7	7	14	5	12	
6	17	8	1	5	24	9	7	
3	21	7	22	2	5	6	9	4	2	
8	24	1	12	0	10	
0	11	1	9	
6	14	1	2	2	17	0	12	
7	5	1	20	6	22	0	25	9	14	
8	9	6	12	5	7	4	20	2	17	
5	25	9	5	8	19	2	16	3	23	
9	11	8	2	2	23	1	14	5	16	
0	16	8	8	
1	20	5	22	8	18	3	9	
4	18	8	5	
1	4	3	25	8	15	0	5	
8	2	7	7	9	11	0	1	5	23	
1	19	
6	19	7	8	4	3	
0	6	8	20	
9	14	7	25	2	18	8	24	1	3	
7	22	
7	14	4	1	
4	9	9	14	8	6	7	13	
0	19	2	15	4	7	1	18	9	23	
3	10	9	1	6	11	
0	21	3	1	1	14	4	11	
3	2	0	15	5	23	9	16	4	1	
5	10	2	2	
5	11	2	22	1	19	
9	7	
1	23	0	6	
6	15	5	8	9	6	
6	11	
8	18	0	16	3	23	
3	6	0	8	8	16	1	4	7	11	
0	18	2	1	8	9	1	11	
6	17	7	22	3	4	0	11	1	12	
9	2	2	23	3	3	
1	20	
6	1	5	12	2	20	1	25	7	18	
9	15	6	17	5	7	8	11	
4	21	6	1	5	24	0	3	
1	12	2	10	4	15	5	20	9	4	
1	23	8	8	
0	1	1	15	8	5	5	21	4	8	
2	23	7	13	8	9	
3	2	
0	4	6	20	
9	19	
5	9	0	18	4	25	2	19	9	8	
5	1	2	20	7	15	8	2	3	12	
4	25	5	24	1	10	
3	22	8	16	6	24	7	4	1	13	
5	7	
0	23	5	5	4	3	2	24	3	21	
6	8	1	17	
6	5	0	23	9	10	3	22	
5	10	3	14	
0	19	2	15	9	5	7	4	6	23	
5	2	1	19	
9	10	
1	16	
9	19	
5	6	7	17	
8	5	
7	7	0	21	2	18	8	24	
8	15	2	19	
0	10	1	20	3	17	6	11	
5	13	2	3	9	12	3	11	1	9	
7	16	9	24	1	25	3	3	
8	25	2	7	
1	12	7	2	2	10	
9	2	3	7	
3	15	0	6	7	5	
9	7	0	3	8	22	4	5	
7	5	
1	13	7	22	4	11	0	21	8	1	
4	18	8	22	
3	23	1	8	4	6	6	4	
7	4	6	17	1	21	0	7	2	23	
1	2	3	24	8	19	4	9	9	17	
0	1	8	8	
8	1	
6	25	4	8	
4	6	0	24	1	13	6	19	
7	22	5	16	6	9	8	17	1	14	
0	12	5	11	1	3	8	20	
4	13	0	3	7	18	2	16	
3	18	0	9	
5	20	7	5	9	12	3	17	1	16	
7	14	9	4	1	6	
3	11	
9	7	1	11	6	4	8	16	
4	13	8	17	9	5	3	24	5	8	
5	8	9	16	
2	6	8	18	
8	3	4	9	3	22	2	8	
8	20	
3	22	
3	9	6	2	
5	24	7	16	9	12	4	22	
5	21	4	13	8	23	
1	19	4	10	5	14	8	17	3	20	
5	4	
0	3	4	25	2	7	1	1	7	11	
4	18	2	22	6	20	
3	20	7	11	
6	24	4	13	7	8	2	22	0	3	
3	22	7	7	
4	1	2	15	1	25	
0	18	
6	15	
3	13	2	20	4	12	8	4	
9	25	7	24	
6	16	3	13	
1	4	7	8	3	7	
0	13	8	19	1	17	
3	2	2	8	8	25	
5	12	8	20	
0	19	6	15	3	5	
7	12	4	21	9	11	1	22	
4	12	9	20	0	22	3	13	7	10	
3	11	9	22	0	18	8	13	
3	6	8	8	4	22	
5	3	2	19	4	6	3	14	
0	6	1	1	8	16	2	11	6	9	
2	22	8	14	7	20	
9	9	3	1	6	10	2	22	1	23	
1	8	0	22	6	21	
6	12	8	16	5	25	2	13	
3	19	2	14	6	21	0	22	
8	24	
7	5	
9	18	
1	21	
8	19	
7	9	3	23	1	13	4	2	
7	20	0	4	6	17	1	3	2	24	
3	13	4	17	6	16	
1	18	9	23	3	24	
0	9	5	14	9	8	6	18	
3	18	8	10	9	21	0	6	2	13	
1	11	8	14	9	13	3	19	
3	22	1	1	
7	13	4	4	5	6	8	10	
1	22	7	21	3	12	5	16	0	8	
7	12	4	6	6	9	
7	13	3	15	1	1	9	11	
3	2	0	6	1	11	
8	1	0	9	

Three processing times per job on each machine
The best scenario
80	313	
519	555	
428	225	
687	366	
295	1071	
701	793	
356	307	
92	275	
609	261	
143	41	
365	239	
846	534	
251	397	
861	537	
200	472	
647	729	
234	473	
287	85	
254	367	
232	144	
430	111	
478	814	
169	165	
171	261	
421	574	
321	463	
68	120	
598	306	
392	410	
490	502	
326	934	
465	375	
110	202	
959	448	
403	258	
693	445	
106	75	
258	227	
396	481	
539	659	
574	607	
290	773	
773	903	
164	445	
419	511	
282	367	
402	291	
116	178	
94	99	
275	426	
77	91	
1462	801	
292	185	
146	98	
133	126	
61	208	
798	766	
493	474	
273	419	
329	239	
617	441	
235	160	
355	262	
916	959	
527	214	
335	850	
168	73	
521	158	
289	272	
595	975	
173	63	
566	518	
92	133	
421	217	
216	265	
1084	536	
579	442	
404	623	
186	143	
228	343	
420	343	
313	218	
591	643	
68	145	
465	643	
269	210	
206	506	
120	174	
455	293	
436	445	
882	543	
373	313	
474	328	
94	179	
841	474	
539	762	
196	424	
1296	962	
722	230	
562	538	
452	162	
575	379	
247	171	
373	578	
482	393	
509	511	
1102	441	
1182	467	
285	243	
841	670	
114	172	
342	232	
876	632	
196	729	
67	363	
579	458	
481	643	
391	585	
518	826	
141	112	
708	201	
611	511	
314	877	
681	206	
397	268	
258	88	
154	268	
301	492	
175	417	
725	197	
643	360	
1149	687	
469	202	
59	162	
348	157	
108	197	
794	849	
300	214	
287	256	
119	240	
192	102	
237	315	
283	420	
302	256	
782	534	
56	97	
148	202	
245	502	
101	234	
205	283	
Most likely scenario
143	327	
522	831	
453	272	
964	521	
476	1456	
1033	930	
702	327	
182	384	
869	305	
192	73	
537	327	
1004	962	
364	742	
1051	715	
319	747	
781	782	
418	810	
362	120	
372	472	
395	249	
441	135	
803	867	
182	253	
189	304	
684	1043	
622	609	
102	126	
670	405	
551	531	
922	911	
384	1191	
483	593	
132	234	
974	673	
681	447	
793	760	
130	96	
427	246	
450	538	
591	844	
681	1081	
344	1378	
1197	1304	
188	460	
752	562	
354	655	
451	311	
139	183	
132	149	
341	520	
121	156	
1494	1164	
433	229	
170	114	
198	158	
107	209	
853	955	
808	690	
506	433	
542	365	
856	871	
266	210	
400	401	
1258	1153	
542	232	
581	931	
170	81	
533	250	
552	295	
745	1330	
202	84	
667	520	
118	222	
477	244	
258	399	
1196	593	
959	591	
596	859	
237	269	
351	498	
610	561	
542	385	
715	720	
87	178	
732	1131	
412	345	
316	905	
217	205	
775	399	
697	456	
1218	925	
431	338	
552	367	
164	204	
1123	482	
891	857	
210	531	
1454	963	
920	404	
771	652	
464	276	
886	394	
268	238	
619	678	
538	528	
606	576	
1247	706	
1355	468	
464	386	
984	964	
128	177	
463	262	
917	727	
329	1034	
130	367	
1047	821	
609	1135	
536	854	
707	1051	
173	174	
724	244	
674	530	
361	1054	
868	265	
496	355	
397	130	
190	290	
332	813	
301	476	
1032	354	
788	474	
1155	765	
689	287	
104	180	
633	168	
188	385	
881	1130	
387	380	
495	270	
169	273	
201	114	
287	383	
360	719	
391	385	
1082	963	
61	137	
271	344	
265	518	
171	237	
326	563	
The worst scenario
149	457	
721	1150	
637	277	
1059	734	
499	1726	
1072	1150	
826	379	
196	571	
1164	320	
262	104	
801	431	
1287	1356	
376	919	
1544	814	
372	826	
951	932	
504	991	
532	175	
499	638	
438	280	
525	188	
890	1005	
235	318	
279	434	
974	1238	
795	758	
111	133	
730	411	
742	683	
1357	961	
447	1405	
638	831	
146	334	
1317	990	
766	614	
1186	873	
158	118	
548	351	
496	650	
672	1189	
857	1426	
437	1755	
1513	1768	
248	505	
934	686	
374	803	
626	347	
196	189	
190	195	
350	596	
136	224	
1929	1549	
546	311	
215	115	
231	186	
112	283	
1128	1077	
854	1023	
619	504	
572	529	
1058	1187	
276	252	
467	533	
1595	1427	
637	255	
746	1394	
185	97	
661	348	
699	343	
973	1391	
297	88	
920	659	
165	268	
584	275	
370	579	
1523	636	
1200	743	
691	1014	
288	351	
353	690	
853	585	
594	474	
1071	991	
128	195	
805	1572	
520	509	
437	1033	
257	276	
1058	428	
1005	549	
1799	1210	
572	383	
576	483	
218	222	
1406	607	
1156	871	
310	692	
2157	1106	
1122	569	
1025	912	
546	314	
1099	551	
332	353	
847	939	
668	544	
752	745	
1813	828	
1399	651	
507	566	
1049	966	
129	245	
505	376	
1201	1025	
424	1383	
146	493	
1536	1031	
751	1324	
737	1091	
725	1403	
186	258	
960	305	
822	793	
488	1071	
1132	346	
640	529	
524	140	
201	383	
355	1001	
364	651	
1548	364	
845	640	
1252	805	
739	417	
142	257	
827	206	
215	476	
899	1671	
524	511	
674	373	
240	289	
252	171	
365	430	
475	764	
530	460	
1113	1269	
71	205	
344	446	
346	722	
177	239	
434	567	
