Factories	4	Jobs	150	Machines	2

Total number of component types per job processed by HSPM
8	11	7	12	12	6	10	12	8	12	10	12	6	5	9	9	12	8	12	9	12	12	10	11	5	8	12	8	10	8	6	8	9	11	6	8	6	12	10	10	9	6	6	6	5	11	6	8	11	6	9	10	7	8	7	11	8	8	12	8	6	6	5	10	7	10	10	8	11	8	5	6	9	7	11	6	9	10	8	7	11	7	8	11	8	6	11	5	8	12	8	10	11	9	5	7	12	6	6	12	11	11	12	8	10	8	8	5	10	11	9	5	6	9	9	12	8	8	7	8	11	12	9	7	10	8	7	8	7	8	8	5	5	5	7	6	10	9	6	10	8	11	6	10	11	5	6	6	8	12	

Total number of component types per job processed by MFPM
4	1	5	5	2	1	2	1	5	3	1	4	3	5	5	4	2	2	4	4	3	1	1	2	2	4	2	2	3	2	1	2	2	2	5	5	5	2	2	1	4	5	3	4	1	3	4	1	4	4	1	4	5	5	2	2	2	3	2	2	3	2	1	1	5	1	5	4	1	1	1	2	5	3	1	1	2	1	5	4	3	2	2	2	2	5	4	1	3	4	2	1	2	4	2	4	2	3	4	5	3	1	5	4	3	4	4	2	5	1	2	4	4	1	3	2	5	1	2	5	5	1	5	3	4	3	5	4	3	5	4	2	1	5	2	3	2	3	2	5	2	4	3	2	4	4	4	1	4	1	

All component type numbers for each job to be processed by HSPM
11	65	14	47	3	28	6	49	4	60	8	40	18	31	13	66	
10	75	15	39	7	32	8	22	4	67	12	54	16	49	9	44	2	59	13	69	18	46	
16	61	9	75	13	49	11	28	8	16	5	14	3	72	
0	62	8	69	3	6	11	38	16	44	10	73	19	74	7	17	18	21	15	4	13	8	17	9	
14	65	5	49	15	3	10	46	19	26	8	23	11	20	4	28	16	73	3	5	7	12	17	71	
15	43	14	13	1	58	18	63	13	56	9	34	
10	52	9	25	14	50	6	57	4	54	2	65	5	70	11	11	19	28	15	49	
16	20	3	51	1	27	17	32	8	63	6	74	7	62	13	11	5	75	12	43	18	6	11	52	
12	13	9	69	8	26	11	39	5	25	14	64	1	35	17	16	
16	25	11	22	13	51	8	59	7	13	12	44	1	16	3	33	19	2	4	27	2	20	9	29	
3	18	5	5	4	52	13	43	8	22	19	26	12	16	16	15	11	74	9	72	
6	55	16	73	10	42	8	65	13	63	4	44	9	17	19	47	2	24	12	53	1	23	0	29	
9	75	15	59	14	44	11	20	4	3	1	1	
18	68	7	1	16	20	3	44	10	57	
11	16	4	73	14	61	6	3	18	1	9	20	3	45	0	18	16	57	
3	62	19	75	0	26	12	1	16	70	15	40	11	57	13	50	8	24	
15	45	0	73	6	5	2	26	7	67	18	25	14	46	11	47	17	44	3	64	4	71	9	7	
16	63	1	48	13	12	2	65	3	11	5	17	14	13	10	3	
12	56	2	10	14	1	15	15	1	74	4	62	7	18	9	40	11	42	3	28	16	65	19	6	
16	69	2	12	17	42	1	75	7	47	12	53	6	50	3	65	4	10	
19	52	18	64	17	47	13	19	4	12	8	49	12	2	0	34	5	9	9	42	15	1	2	22	
9	22	8	19	10	25	16	38	7	60	0	18	15	52	5	12	17	11	19	1	11	32	1	6	
17	64	19	35	8	4	2	12	10	71	6	11	0	7	14	1	4	45	16	48	
14	16	6	15	4	17	9	47	8	66	3	57	10	45	16	24	2	32	7	50	11	11	
4	54	8	33	15	6	17	75	10	13	
19	2	17	47	5	7	6	29	12	21	1	33	10	19	2	48	
6	26	1	46	13	4	8	5	10	73	12	62	17	41	3	75	5	57	16	23	19	3	9	17	
1	18	3	19	6	54	0	22	15	11	13	12	10	20	12	23	
15	72	2	74	10	18	16	34	0	24	13	28	11	6	9	9	4	1	19	33	
4	65	6	63	19	22	14	5	2	23	3	51	18	43	8	48	
9	23	12	29	8	75	18	3	15	11	5	6	
13	22	1	11	5	62	11	46	9	51	19	19	18	69	16	61	
3	51	16	15	17	69	18	11	13	23	8	2	5	57	15	72	2	35	
7	17	14	61	11	44	5	12	19	71	17	13	16	72	4	36	8	47	6	50	3	19	
7	23	19	11	14	25	12	45	13	51	4	4	
14	41	4	57	11	66	7	36	10	20	8	26	2	21	12	2	
5	12	6	55	11	37	4	47	1	25	9	27	
3	50	8	8	15	73	18	36	5	12	10	74	19	4	12	54	6	57	11	45	9	69	14	9	
17	45	14	12	15	34	1	46	16	53	7	64	3	18	13	65	12	36	9	71	
15	24	18	15	5	29	3	57	9	58	2	63	14	33	17	60	4	41	12	50	
13	56	18	72	14	13	1	51	17	44	5	37	8	25	7	10	16	19	
6	31	0	22	12	69	1	63	5	12	18	30	
18	37	12	51	16	24	13	3	9	61	10	15	
11	67	16	2	2	13	12	5	14	32	10	46	
4	7	7	64	9	59	5	62	6	13	
13	17	17	65	2	50	19	21	12	47	9	71	15	14	3	5	5	19	1	34	16	49	
16	55	17	29	19	31	18	12	5	1	1	16	
5	17	6	18	2	29	3	42	1	52	11	21	7	19	4	60	
8	11	13	56	11	63	16	68	9	27	19	34	0	32	4	36	1	52	17	51	12	24	
11	60	10	3	17	16	0	64	8	75	19	74	
18	68	11	38	8	47	2	61	17	23	7	44	1	48	0	51	4	49	
3	67	7	22	8	73	6	75	0	30	12	64	1	34	18	33	5	51	9	38	
18	42	2	28	14	55	3	63	5	49	11	69	12	70	
0	11	5	46	7	33	13	48	3	49	19	19	1	47	18	54	
16	11	11	52	15	16	17	3	2	66	14	67	13	73	
13	31	15	14	8	44	14	26	16	37	1	65	5	42	6	61	11	25	17	2	12	49	
3	39	1	56	15	67	4	42	19	3	7	75	13	31	18	13	
19	19	18	56	3	34	7	25	14	12	6	66	17	22	15	38	
11	23	14	61	2	17	6	63	7	37	4	72	8	27	17	4	10	58	12	62	9	19	0	59	
18	36	16	32	19	22	2	51	8	14	9	56	12	64	7	59	
5	22	13	19	17	13	6	74	19	47	3	9	
15	65	6	37	11	28	16	2	4	72	13	15	
13	64	12	25	19	35	17	34	15	38	
16	56	19	10	8	66	3	24	12	55	1	21	14	70	6	25	4	32	17	63	
12	56	13	9	18	15	7	29	11	59	17	70	15	4	
1	68	8	55	18	45	2	56	6	69	14	62	0	44	9	7	13	27	15	59	
2	57	15	46	7	35	14	18	4	42	8	60	0	25	5	39	10	32	3	24	
12	52	2	56	5	12	3	9	6	5	0	21	15	6	16	48	
2	28	16	42	11	31	12	22	5	2	3	53	7	48	13	16	14	49	1	59	18	25	
18	59	15	48	6	5	5	67	17	53	11	35	16	68	19	21	
14	72	13	27	3	14	10	47	0	36	
17	56	10	38	13	16	7	24	8	23	5	64	
10	73	8	32	1	54	14	18	12	19	5	72	2	35	4	36	3	46	
1	66	7	64	6	27	5	56	10	26	16	5	8	8	
18	31	19	45	7	15	4	65	8	33	3	35	13	57	5	5	11	8	12	38	16	20	
11	36	6	44	1	47	16	2	10	48	0	21	
5	51	3	26	18	5	14	12	0	59	16	48	15	33	2	6	1	63	
3	50	6	43	10	52	4	66	19	44	9	37	15	67	8	51	17	12	13	56	
0	63	12	45	10	33	17	7	19	36	4	16	7	69	14	35	
6	52	2	39	3	37	8	48	13	13	1	47	5	20	
6	58	13	70	15	63	18	55	14	23	17	10	10	24	8	43	12	18	0	48	11	31	
12	50	1	29	7	31	11	75	5	19	19	33	15	56	
2	72	8	5	7	16	17	70	15	53	0	46	10	61	5	75	
10	11	16	37	17	73	6	16	5	36	3	67	15	50	1	1	12	57	0	14	7	47	
8	25	19	69	17	11	16	53	7	74	6	63	9	27	4	43	
10	18	3	25	8	13	5	50	0	37	15	30	
18	50	13	21	12	67	1	42	4	4	17	28	16	60	14	57	6	36	8	29	11	33	
8	74	9	9	10	49	18	33	0	16	
15	57	17	18	10	50	18	17	8	62	4	31	14	29	13	61	
17	19	11	8	2	2	5	21	9	13	0	50	3	70	14	72	4	39	6	5	15	31	13	22	
19	72	10	37	13	43	9	1	4	53	17	67	18	63	14	12	
6	42	11	63	18	61	8	43	9	46	13	18	4	6	2	25	7	19	10	56	
9	68	15	47	10	46	8	75	17	11	11	74	19	44	12	19	4	12	1	23	14	18	
4	15	11	68	16	33	2	2	7	65	18	1	6	53	15	16	5	7	
7	52	13	37	4	25	6	41	15	42	
10	20	2	35	5	54	18	4	6	38	9	22	0	48	
9	10	18	3	13	21	2	35	6	53	17	11	3	30	1	43	11	58	10	63	4	72	12	19	
12	68	8	11	0	66	7	70	6	23	11	41	
18	51	14	65	10	44	11	73	3	28	7	1	
13	11	12	40	0	70	16	15	19	50	11	30	5	39	10	1	7	16	9	33	2	52	3	36	
1	72	4	26	6	8	19	47	12	1	17	33	2	23	7	37	11	44	15	49	8	10	
19	29	5	4	17	34	14	11	6	16	8	53	0	47	11	6	18	14	13	44	12	2	
11	7	13	8	15	56	6	20	19	24	9	68	5	51	2	23	3	4	17	35	10	32	7	55	
3	67	9	72	19	27	7	30	8	36	11	26	5	71	13	56	
17	14	3	9	6	59	11	74	15	35	14	67	1	43	8	70	12	18	16	13	
2	22	3	56	13	72	9	23	14	12	15	24	16	61	17	47	
9	43	0	70	14	30	1	68	6	29	5	42	17	52	11	73	
10	56	3	66	11	72	19	29	13	21	
16	42	5	37	7	28	14	54	19	9	0	12	4	69	2	45	12	62	13	55	
11	4	9	75	7	41	12	22	19	37	18	39	15	25	6	49	10	72	14	60	17	2	
12	35	4	43	15	23	19	59	3	26	16	68	14	3	10	2	2	21	
4	52	15	69	8	27	2	61	3	56	
0	51	9	53	11	43	10	30	14	24	7	17	
12	54	3	51	14	3	8	10	0	45	6	30	18	63	15	13	1	59	
12	32	10	53	9	39	16	45	19	33	7	16	3	23	15	11	8	50	
3	62	1	4	18	68	7	47	12	6	16	15	13	57	0	28	5	37	4	24	19	72	15	34	
11	50	15	41	19	2	1	72	6	75	5	66	3	28	4	42	
10	21	17	9	2	69	9	72	12	66	11	46	13	55	0	2	
14	14	1	55	7	45	5	21	2	40	8	50	15	69	
11	9	18	45	8	20	16	30	15	29	7	59	5	23	19	40	
13	47	4	52	7	63	5	6	2	14	17	28	11	24	14	43	6	44	0	38	9	9	
19	68	5	13	11	61	17	63	2	58	3	75	0	24	4	60	6	25	9	48	14	73	15	56	
18	32	11	25	2	74	9	70	6	35	12	36	1	59	16	66	17	10	
13	12	0	30	19	51	16	58	18	42	8	74	5	4	
3	56	6	75	18	18	12	57	9	42	2	45	11	46	5	38	8	67	0	69	
12	31	0	20	1	21	13	18	15	46	2	6	3	13	7	59	
13	12	2	71	9	69	5	56	1	13	19	65	8	27	
1	18	0	75	19	43	6	48	10	16	16	51	15	62	13	53	
4	2	13	71	8	73	0	31	18	42	14	72	16	13	
1	48	9	60	8	35	14	71	2	63	5	70	19	31	17	36	
5	45	9	73	3	66	17	64	8	21	7	58	4	16	16	32	
11	60	4	13	0	6	9	19	17	26	
19	72	9	65	7	23	0	51	11	38	
5	10	2	26	19	21	4	34	16	38	
0	5	14	38	4	53	11	65	6	30	8	15	5	31	
12	9	18	75	9	40	3	45	11	25	0	5	
6	73	9	75	0	69	17	71	18	40	5	42	4	41	14	50	16	1	12	53	
14	18	12	4	6	66	5	45	3	26	16	37	15	40	13	44	8	28	
19	26	0	14	6	19	13	10	12	54	16	45	
11	41	18	16	13	51	3	18	17	65	1	74	4	56	7	28	19	47	8	68	
4	71	19	11	16	10	9	49	6	28	8	67	11	45	12	37	
1	22	15	57	9	24	17	8	12	46	16	25	11	59	2	36	13	72	14	64	3	31	
1	5	9	16	16	52	6	27	14	2	3	33	
6	32	15	33	0	62	2	53	1	47	13	8	8	71	3	3	16	31	9	38	
16	66	12	62	10	56	11	24	19	3	8	45	3	42	2	61	9	75	17	60	14	23	
12	6	13	45	11	20	5	10	8	70	
15	38	6	62	19	14	17	59	1	57	8	7	
10	9	17	65	6	53	3	34	2	44	19	71	
10	57	5	18	7	32	4	74	14	55	13	60	18	65	17	8	
3	2	12	36	4	54	10	35	8	56	15	17	1	32	0	59	16	43	2	34	6	39	14	73	

All component type numbers for each job to be processed by MFPM
0	21	1	8	7	16	5	22	
6	8	
0	11	9	10	8	1	2	17	4	6	
7	16	9	21	4	9	6	1	2	10	
2	4	1	21	
6	18	
0	23	7	11	
9	19	
9	21	1	10	6	19	3	25	2	1	
5	16	2	13	1	14	
5	3	
8	22	7	25	2	3	5	15	
2	11	7	25	6	24	
2	9	1	5	7	18	8	10	9	17	
7	6	2	5	9	24	4	25	5	7	
9	23	8	9	3	1	5	8	
5	5	7	14	
0	16	8	5	
9	11	0	12	1	1	7	20	
1	9	6	1	2	22	9	10	
7	22	0	9	6	14	
0	14	
2	3	
7	9	1	17	
5	6	6	17	
6	13	0	8	5	17	3	11	
9	11	6	22	
8	13	9	3	
5	11	0	12	1	2	
5	8	4	18	
8	21	
2	19	0	1	
5	22	8	25	
4	6	3	11	
2	16	3	5	6	19	8	17	4	12	
1	20	6	19	3	5	9	15	8	8	
4	18	8	6	1	10	5	2	9	16	
1	5	5	24	
1	7	7	25	
6	8	
4	16	9	22	7	17	0	18	
5	25	1	14	6	2	0	15	2	17	
8	23	5	4	6	5	
4	6	0	18	7	12	9	7	
1	20	
3	8	6	2	4	17	
0	12	4	18	5	4	6	8	
5	21	
5	23	0	17	1	25	8	13	
5	15	9	14	7	3	0	2	
9	11	
2	1	4	25	7	4	5	14	
8	1	4	3	9	22	1	21	0	6	
0	24	3	21	5	25	1	12	9	19	
3	16	9	14	
8	10	9	17	
7	14	5	2	
2	12	7	10	4	1	
8	7	4	1	
9	4	1	5	
7	14	9	20	0	19	
8	7	9	23	
3	18	
1	7	
5	20	6	9	2	17	3	13	0	21	
4	8	
8	14	1	3	2	17	5	11	6	24	
7	11	8	4	1	21	3	15	
1	5	
0	13	
0	21	
1	17	9	25	
2	15	4	8	1	23	8	3	9	10	
4	5	7	21	8	2	
2	14	
8	23	
8	17	6	15	
3	14	
7	14	2	4	4	18	6	6	3	3	
3	3	7	5	0	19	8	23	
6	5	2	13	5	15	
7	20	1	4	
1	12	8	10	
5	6	8	25	
5	20	6	16	
4	1	6	12	8	23	7	5	0	15	
0	11	8	19	1	25	4	14	
5	4	
0	24	5	7	8	16	
5	15	4	19	3	3	8	25	
7	11	1	5	
2	24	
9	20	2	24	
1	9	9	16	4	18	6	22	
4	17	0	5	
2	2	7	20	4	8	0	25	
7	15	1	4	
5	15	7	13	6	3	
1	13	8	6	6	21	9	11	
0	2	7	18	1	16	3	13	6	14	
8	17	2	22	1	3	
8	13	
5	16	1	10	4	23	3	22	9	7	
3	1	7	24	5	14	1	16	
3	22	8	16	1	23	
3	22	1	10	7	7	6	23	
8	1	7	15	4	5	1	7	
7	12	9	2	
0	5	2	17	7	15	8	22	3	18	
7	9	
4	4	5	15	
4	9	8	22	7	6	2	25	
9	17	2	15	3	9	1	2	
6	15	
7	1	4	23	9	13	
0	4	4	8	
4	4	6	17	1	15	0	11	5	9	
1	10	
4	16	3	20	
2	9	6	14	0	13	4	4	5	1	
3	7	7	2	4	24	8	20	0	12	
5	5	
1	3	0	15	9	2	3	21	7	23	
3	19	6	23	9	2	
9	9	5	15	1	21	2	3	
7	12	1	1	3	4	
9	14	2	24	7	15	8	10	3	4	
9	11	2	16	8	2	4	17	
7	3	4	1	9	12	
6	20	8	12	5	1	1	11	9	15	
6	21	2	24	9	25	4	16	
8	17	2	4	
6	17	
5	9	1	5	9	3	4	7	0	8	
6	3	0	23	
4	13	9	19	6	11	
6	25	4	5	
0	14	4	5	9	4	
5	25	8	17	
0	1	8	4	2	6	9	13	7	20	
4	9	7	13	
4	1	7	3	6	11	0	24	
7	16	2	1	4	12	
5	13	7	18	
3	19	1	12	6	23	9	5	
7	18	3	8	6	3	1	4	
9	2	4	14	3	11	8	3	
8	3	
6	22	5	17	8	20	2	16	
8	16	

Three processing times per job on each machine
The best scenario
57	86	
45	54	
162	113	
107	223	
215	137	
124	107	
298	407	
314	346	
183	149	
42	155	
171	138	
67	47	
332	122	
126	216	
245	139	
103	251	
238	49	
78	34	
121	106	
213	180	
100	81	
195	207	
94	167	
340	333	
28	62	
264	527	
165	65	
338	174	
118	212	
119	69	
74	118	
344	118	
54	93	
236	195	
46	146	
154	194	
60	134	
46	193	
287	115	
198	106	
98	203	
46	142	
156	269	
87	119	
85	66	
262	105	
196	241	
331	232	
109	299	
108	192	
83	180	
101	140	
36	87	
144	245	
42	32	
201	53	
80	273	
81	72	
32	79	
168	130	
191	109	
91	141	
323	178	
151	139	
131	344	
81	94	
167	239	
86	161	
44	23	
259	139	
60	62	
258	338	
21	36	
70	141	
183	124	
156	54	
31	47	
110	71	
85	113	
291	567	
82	94	
147	196	
174	110	
217	146	
203	151	
169	123	
202	82	
179	433	
104	553	
59	185	
83	133	
43	139	
326	295	
312	251	
49	76	
63	112	
222	112	
182	169	
393	305	
298	491	
68	92	
58	55	
53	103	
202	244	
292	232	
88	96	
132	309	
66	54	
202	83	
165	140	
100	71	
306	213	
162	226	
17	24	
57	33	
158	79	
104	132	
238	312	
21	36	
59	51	
152	86	
46	70	
238	279	
90	171	
127	195	
107	362	
133	245	
40	96	
182	284	
310	173	
101	136	
22	32	
138	203	
254	99	
12	18	
223	304	
198	152	
224	161	
337	125	
71	111	
175	114	
55	14	
162	211	
138	182	
204	75	
117	68	
93	34	
150	41	
116	90	
329	336	
Most likely scenario
70	117	
64	66	
279	205	
118	330	
283	191	
162	150	
383	459	
344	446	
355	200	
80	189	
266	155	
95	93	
497	236	
134	292	
262	223	
152	284	
317	96	
87	61	
153	206	
393	344	
188	149	
234	302	
142	217	
399	421	
56	64	
417	555	
241	125	
352	177	
219	213	
134	106	
96	223	
476	163	
87	132	
296	349	
91	159	
264	249	
96	202	
72	240	
414	175	
248	172	
186	296	
54	152	
238	295	
91	132	
93	130	
362	183	
260	257	
371	396	
205	311	
195	208	
145	325	
186	179	
48	152	
202	329	
43	43	
223	79	
152	370	
89	76	
39	92	
184	144	
258	143	
129	202	
374	330	
185	272	
178	558	
147	115	
181	265	
111	166	
49	34	
315	259	
62	86	
302	505	
31	41	
76	203	
219	139	
221	90	
38	55	
124	115	
135	171	
307	568	
88	106	
225	222	
175	116	
293	255	
395	163	
197	152	
311	158	
239	435	
190	572	
118	348	
121	134	
62	183	
466	387	
406	268	
89	100	
87	153	
223	187	
210	199	
409	383	
355	503	
132	110	
97	64	
103	165	
261	255	
337	423	
132	123	
153	370	
77	103	
311	132	
228	188	
108	119	
533	272	
249	387	
24	47	
63	53	
306	119	
149	237	
260	355	
31	61	
89	57	
264	155	
76	77	
323	362	
150	264	
134	268	
123	376	
149	248	
78	114	
306	319	
407	185	
108	163	
41	38	
150	297	
268	189	
22	28	
332	559	
362	174	
341	171	
446	178	
103	119	
185	116	
56	27	
226	229	
166	352	
247	107	
128	89	
98	42	
176	74	
201	99	
460	448	
The worst scenario
104	142	
65	67	
311	298	
141	442	
297	285	
241	155	
426	603	
376	546	
509	247	
118	226	
349	227	
113	124	
574	322	
192	362	
264	251	
227	357	
382	142	
123	85	
165	237	
463	358	
258	223	
289	409	
175	274	
587	439	
67	95	
586	587	
352	163	
418	255	
293	285	
161	108	
123	237	
645	200	
119	172	
370	391	
126	222	
370	264	
137	298	
101	328	
593	233	
334	217	
217	400	
61	207	
253	328	
135	164	
100	188	
540	234	
298	309	
447	570	
221	414	
247	264	
155	440	
225	236	
68	217	
265	373	
56	62	
304	112	
194	382	
108	88	
52	133	
225	188	
295	207	
142	223	
547	446	
214	354	
267	802	
184	148	
207	302	
126	248	
68	35	
464	291	
91	96	
411	658	
45	56	
93	303	
287	181	
242	96	
57	82	
145	150	
185	189	
411	799	
95	113	
269	270	
188	127	
412	256	
495	228	
217	196	
455	197	
316	553	
276	738	
126	417	
181	147	
93	213	
565	469	
440	380	
90	137	
117	177	
278	201	
274	200	
585	518	
391	669	
189	132	
129	73	
113	171	
379	332	
441	583	
157	152	
218	518	
108	122	
400	173	
237	221	
150	156	
547	314	
308	519	
28	56	
75	58	
320	166	
173	250	
340	426	
40	73	
113	65	
273	174	
102	100	
409	433	
222	378	
183	323	
149	495	
185	303	
92	129	
399	367	
531	235	
140	229	
45	52	
196	437	
325	234	
25	39	
471	722	
502	258	
425	190	
658	201	
111	130	
266	165	
78	40	
232	275	
220	462	
349	146	
155	92	
107	53	
198	80	
252	107	
658	471	
