Factories	2	Jobs	200	Machines	2

Total number of component types per job processed by HSPM
9	7	5	7	9	12	11	10	6	8	9	8	8	9	8	11	8	5	9	9	11	12	6	11	7	8	8	7	12	11	11	11	5	10	7	11	6	9	9	12	8	7	9	10	12	11	5	7	12	7	6	5	8	12	8	6	7	7	8	10	12	10	10	9	11	6	9	9	12	7	10	10	8	8	10	8	9	9	7	9	7	6	5	8	8	10	11	9	7	12	5	5	9	9	11	9	12	10	9	10	9	7	8	12	11	11	5	11	8	10	8	9	8	9	8	9	12	6	6	11	8	7	7	10	12	7	6	10	7	6	9	6	5	8	10	9	12	9	8	11	9	7	7	6	8	9	6	10	11	6	8	6	10	9	6	7	12	12	11	6	5	11	7	5	9	10	7	10	8	9	5	8	11	7	12	10	6	5	8	9	6	12	11	8	12	9	10	6	10	8	10	11	6	8	5	7	5	5	9	7	

Total number of component types per job processed by MFPM
5	2	1	4	4	2	5	4	2	5	1	3	1	3	2	3	5	1	4	2	5	3	5	4	4	3	1	5	5	4	5	1	5	5	2	1	4	5	3	3	4	1	5	2	2	5	1	1	5	1	2	1	3	3	2	3	4	4	2	3	4	2	2	2	4	4	2	2	1	2	4	4	3	5	2	3	4	5	5	5	2	1	4	3	5	3	4	1	5	5	2	4	4	5	2	1	5	4	1	3	5	3	1	5	4	2	4	5	5	5	3	2	4	5	5	1	5	3	4	2	4	1	4	4	4	1	3	3	4	3	2	5	3	1	1	4	5	2	3	5	5	2	4	4	3	5	3	3	1	5	4	5	3	1	1	2	3	5	3	3	2	2	5	2	3	1	4	5	1	1	4	3	3	5	3	5	1	5	3	3	5	5	3	3	4	2	5	3	1	1	4	5	4	4	1	4	3	5	1	1	

All component type numbers for each job to be processed by HSPM
6	59	2	60	17	61	5	1	11	48	13	23	9	13	3	18	18	10	
18	4	1	21	12	71	16	33	19	31	13	8	14	18	
4	15	6	18	2	52	18	73	12	40	
0	5	3	13	16	59	11	57	14	64	19	36	2	55	
7	59	13	29	2	56	0	12	6	48	14	35	15	3	10	2	11	7	
19	64	6	71	15	21	13	4	4	53	10	5	11	30	3	51	2	25	18	58	1	34	12	45	
19	18	5	9	2	40	6	45	3	54	16	69	9	31	12	67	13	12	4	66	18	14	
9	58	2	65	19	53	5	7	13	54	11	52	10	21	12	37	15	26	17	41	
15	37	19	60	18	50	16	51	3	52	7	65	
10	36	0	15	13	46	8	5	4	68	19	67	11	60	9	59	
13	30	16	31	9	59	10	24	4	64	0	15	15	17	17	68	7	44	
10	13	0	12	1	9	19	49	7	64	17	7	8	24	5	8	
1	53	7	1	3	24	16	9	18	48	12	52	15	44	8	25	
19	42	9	22	12	52	0	73	17	64	14	72	4	4	11	12	5	43	
9	73	7	36	1	52	14	48	19	37	8	3	10	46	18	41	
14	6	12	48	0	74	13	63	19	1	2	11	9	57	8	39	3	5	15	55	1	3	
17	19	6	53	11	5	18	36	13	29	4	71	12	44	0	51	
17	2	16	38	12	21	15	54	11	12	
7	56	15	7	10	37	6	16	2	43	0	21	4	72	3	30	5	50	
12	66	16	2	3	42	19	33	6	59	7	68	18	7	0	47	9	26	
7	66	14	69	19	44	10	58	9	59	13	17	2	29	4	38	0	62	18	47	6	31	
12	62	5	36	15	4	1	24	13	52	9	40	2	57	7	13	10	1	0	5	4	35	19	9	
2	13	1	34	4	42	11	35	0	32	13	50	
17	28	11	41	0	37	19	29	15	35	1	8	10	33	7	34	2	27	6	74	18	6	
14	58	4	64	2	71	10	34	16	74	5	70	19	69	
9	28	4	73	0	25	8	69	10	41	2	9	18	35	3	59	
11	47	7	71	4	17	8	27	19	43	14	67	17	53	3	59	
3	67	18	27	0	72	13	3	19	57	10	61	9	39	
7	69	2	59	0	6	5	10	4	31	14	33	11	12	16	3	3	21	18	72	17	37	15	1	
11	59	2	66	14	13	19	19	13	14	1	8	17	10	5	22	6	64	15	60	16	17	
10	21	14	3	4	8	7	57	13	44	16	48	19	39	12	23	18	14	0	47	9	61	
2	36	14	75	11	1	15	62	8	10	16	27	5	44	9	66	6	41	13	17	1	7	
15	32	16	2	2	13	5	52	0	27	
11	34	17	11	1	8	13	24	7	15	6	66	5	20	15	65	10	40	3	57	
2	2	17	55	10	58	15	1	4	67	7	47	9	63	
12	54	11	33	7	12	17	57	8	31	3	36	19	5	6	61	1	14	10	19	13	25	
11	41	4	44	7	12	1	49	8	1	6	55	
17	46	9	15	10	59	14	18	7	57	18	2	11	61	6	9	16	26	
19	33	11	57	3	13	2	31	15	72	4	42	7	18	16	58	10	54	
9	10	0	73	13	15	19	29	8	26	5	9	10	72	17	31	7	61	6	17	3	41	2	21	
5	24	2	3	13	41	14	11	17	45	8	7	4	32	16	49	
0	39	1	38	13	59	14	16	9	66	17	1	15	25	
9	73	8	3	14	9	12	30	7	44	4	61	18	21	2	40	17	16	
0	72	5	65	12	47	11	63	14	3	3	43	6	29	17	32	7	13	2	58	
14	61	4	1	15	38	13	34	16	74	8	70	6	23	19	54	12	55	3	49	7	37	10	65	
5	9	4	66	19	61	12	38	10	70	2	67	15	10	0	13	18	41	13	72	11	60	
9	66	8	61	7	57	1	28	12	20	
16	23	12	2	5	28	7	71	4	48	11	62	8	45	
5	5	14	8	4	69	8	29	0	10	2	49	13	21	19	31	1	59	9	18	3	41	10	27	
9	26	17	7	1	9	14	56	10	30	0	1	19	63	
16	17	13	13	7	26	10	72	6	45	19	70	
1	32	3	64	11	47	8	52	13	7	
14	56	18	3	6	42	19	48	8	45	16	14	1	23	4	60	
17	14	0	3	16	13	10	55	12	26	8	54	1	59	15	22	18	67	4	71	13	6	2	9	
0	5	8	14	19	44	2	30	3	56	17	22	6	39	10	15	
17	61	19	44	14	25	16	69	9	53	12	51	
2	56	9	44	6	49	5	75	7	1	3	9	10	29	
7	59	9	53	0	21	18	16	10	41	16	42	14	51	
11	47	13	36	3	37	18	75	4	27	7	30	0	49	1	38	
19	33	8	29	4	23	2	7	12	5	13	14	17	59	7	66	11	25	16	22	
12	50	19	4	8	17	10	49	14	67	15	25	6	53	9	22	2	15	16	65	1	33	13	34	
5	71	11	20	18	51	13	53	12	60	10	31	2	27	9	21	17	69	4	74	
15	47	1	14	3	48	13	74	2	70	12	34	6	72	7	11	16	50	19	62	
15	7	13	43	16	37	8	45	5	28	1	26	10	24	18	34	12	53	
2	38	5	67	0	25	16	62	12	24	1	36	19	18	13	33	10	22	6	46	9	5	
7	68	10	55	18	5	0	75	17	65	6	72	
2	54	17	36	10	11	6	33	5	25	3	1	9	24	7	30	15	10	
14	40	1	49	16	72	7	34	3	61	15	38	5	27	18	2	0	6	
9	41	16	20	15	18	12	66	1	72	13	53	14	24	5	34	10	60	2	36	0	19	17	32	
3	6	9	51	15	27	2	48	10	20	8	59	18	72	
19	3	15	72	16	62	6	66	9	75	4	64	12	61	14	22	0	52	13	28	
11	38	8	66	9	43	15	74	17	55	2	18	14	65	3	28	5	5	13	31	
18	48	5	35	11	18	2	44	0	67	1	10	4	28	12	43	
3	63	19	22	4	37	1	34	12	24	14	74	11	9	9	48	
0	70	9	73	17	4	2	67	6	30	11	52	1	28	12	72	16	1	19	12	
17	52	10	14	19	26	16	47	5	17	0	34	8	56	3	37	
1	55	14	65	12	3	2	69	15	29	19	24	5	17	17	6	13	75	
13	39	10	40	3	69	8	43	9	1	2	66	7	56	15	57	18	45	
8	45	17	74	4	29	1	21	15	32	19	69	10	22	
4	63	11	32	2	57	10	2	16	72	1	49	7	7	9	73	5	45	
12	24	0	19	19	33	9	41	6	53	3	23	17	11	
13	43	3	74	19	33	5	15	14	36	10	18	
13	68	18	60	6	58	11	47	5	20	
4	60	12	74	14	6	16	41	6	19	11	73	0	26	7	37	
11	73	7	59	5	43	18	42	17	7	16	12	9	16	4	65	
19	31	8	63	17	43	13	58	12	61	16	30	15	41	4	74	6	56	5	28	
7	31	14	39	1	14	10	41	0	61	11	64	5	46	19	32	18	1	12	73	2	8	
17	62	1	72	6	12	4	55	13	29	8	58	11	14	14	39	19	28	
14	52	7	57	1	27	13	39	12	8	0	24	17	49	
12	62	18	11	14	18	6	74	4	59	8	41	2	49	5	73	15	32	0	65	10	31	13	14	
0	1	10	19	3	36	14	73	17	53	
15	25	0	48	19	58	1	46	2	52	
5	50	19	58	18	54	7	19	10	52	15	37	3	71	12	12	4	40	
7	12	15	58	18	55	6	6	8	20	11	53	12	65	10	41	4	24	
1	29	15	24	19	68	12	63	17	4	8	13	2	69	14	45	6	15	13	36	3	57	
5	61	13	14	6	50	16	70	14	58	19	28	2	40	8	75	7	72	
5	6	13	35	17	55	0	73	19	48	10	70	3	36	8	52	4	3	12	23	18	12	9	22	
8	47	3	27	0	50	15	13	16	63	19	34	9	45	17	54	6	5	10	36	
7	70	3	7	1	10	6	46	19	36	5	27	11	75	10	23	15	6	
11	43	13	8	6	42	7	53	12	9	10	69	15	3	2	54	17	44	19	59	
12	62	6	19	16	21	2	38	0	63	9	11	15	25	1	71	4	33	
18	53	10	16	5	32	13	74	0	13	12	64	19	44	
11	11	14	34	1	33	2	42	5	52	0	49	10	57	7	6	
3	72	1	65	13	32	8	31	12	70	17	56	19	26	11	68	7	12	9	37	6	67	2	18	
16	15	2	9	13	59	1	72	4	36	11	23	17	66	19	75	3	49	8	63	5	8	
11	31	0	67	16	33	7	66	14	2	15	53	3	59	5	13	9	30	6	45	1	3	
3	48	16	21	17	51	15	4	0	34	
5	1	12	19	2	17	7	11	19	61	17	72	10	40	16	3	15	35	13	12	1	65	
15	71	2	8	9	47	7	18	3	63	12	74	11	61	6	46	
5	51	19	20	7	10	14	64	16	50	17	46	1	29	15	14	0	1	10	63	
16	72	12	8	7	66	2	58	6	24	15	54	1	40	5	3	
13	5	17	19	7	2	16	65	15	56	14	34	2	75	18	29	3	70	
2	55	4	56	15	64	1	66	19	28	14	58	10	25	8	35	
17	72	4	4	6	59	5	12	1	64	2	37	19	15	8	63	10	33	
8	52	6	11	0	58	3	67	1	1	5	59	18	73	9	56	
16	65	10	58	14	2	11	30	6	61	17	5	13	22	2	26	0	24	
19	33	3	54	18	55	10	50	15	68	0	57	13	71	16	9	7	46	9	21	1	28	4	67	
11	55	13	25	12	64	10	65	18	53	14	59	
14	52	0	38	17	67	9	31	3	64	12	9	
13	31	14	46	15	51	5	59	4	34	10	26	6	62	18	38	12	24	7	36	19	58	
4	20	2	69	14	23	11	34	19	15	8	7	12	67	3	4	
0	10	17	36	9	72	10	13	8	38	2	23	16	22	
4	23	1	18	8	42	18	11	15	43	7	15	9	12	
1	33	7	57	13	67	9	2	10	56	19	55	3	62	6	60	15	71	14	37	
13	45	15	11	3	27	12	7	9	48	1	66	5	36	0	67	7	54	10	26	4	58	2	56	
12	32	11	28	0	52	3	40	2	53	17	62	6	51	
9	52	18	65	13	67	17	12	16	1	19	47	
1	51	7	47	0	32	4	30	2	53	5	26	19	41	14	62	13	11	9	75	
2	11	13	7	15	74	6	56	1	38	17	20	19	29	
8	13	3	2	15	44	0	60	16	73	11	62	
3	74	19	70	15	51	1	56	6	32	17	18	16	61	7	24	0	12	
10	16	15	60	1	58	2	48	19	33	17	42	
17	5	5	64	2	19	6	9	16	75	
2	24	11	60	0	59	17	73	15	35	7	58	3	30	1	19	
1	8	14	2	7	27	4	61	17	54	19	41	8	51	5	68	10	37	6	6	
9	18	19	52	15	10	8	31	17	8	13	9	18	46	0	57	1	34	
6	27	11	9	3	49	19	48	4	32	16	38	13	55	12	24	14	23	9	69	8	50	7	66	
13	67	15	51	17	40	19	26	9	39	5	29	8	19	0	28	10	61	
1	70	6	8	7	30	16	36	12	14	10	54	3	59	2	61	
12	44	8	60	4	35	17	55	0	28	2	15	18	40	9	30	7	25	19	72	15	22	
9	65	2	32	6	22	7	44	19	16	13	57	1	24	18	48	10	69	
17	43	15	46	0	34	9	10	1	26	4	23	16	16	
12	56	8	72	3	68	19	32	7	61	6	45	0	51	
11	5	6	66	3	42	18	38	1	46	2	4	
3	46	7	22	12	70	5	20	1	19	6	6	10	26	16	47	
13	48	4	31	18	43	0	57	17	12	14	3	11	67	6	34	8	40	
6	27	10	61	8	72	18	66	3	56	13	71	
6	2	12	9	14	70	13	3	4	30	9	11	15	61	11	17	7	63	5	4	
1	72	19	34	15	46	16	55	0	18	12	21	13	1	4	35	3	8	17	30	11	4	
16	30	7	42	4	55	1	4	12	16	13	32	
8	2	1	65	19	63	14	10	4	30	13	16	2	13	3	8	
9	15	14	38	1	8	2	26	6	32	0	9	
5	3	17	1	1	30	10	66	0	29	15	40	9	9	19	59	8	45	2	57	
8	69	4	16	15	37	17	38	2	25	10	11	3	6	19	14	6	48	
0	28	13	4	19	60	15	73	1	46	7	18	
13	53	6	12	4	6	2	40	12	44	11	14	9	63	
0	59	16	26	10	18	11	36	5	32	18	60	2	65	1	15	7	11	9	55	8	61	12	5	
15	43	4	40	19	31	6	13	13	58	8	37	18	52	10	53	5	32	17	8	0	28	16	49	
12	20	4	10	13	12	18	35	10	19	17	56	16	67	2	25	3	70	9	46	14	17	
17	26	18	63	4	14	1	24	12	64	3	13	
1	66	18	73	0	25	15	36	17	71	
1	17	11	70	6	7	17	46	18	68	5	24	19	2	2	12	13	60	7	74	10	42	
12	34	5	66	6	73	0	38	8	55	17	6	1	24	
4	35	19	39	3	46	11	55	16	14	
16	56	6	35	14	55	2	69	3	34	17	36	11	12	13	10	1	72	
12	36	2	16	3	43	7	25	17	24	0	52	13	64	5	61	6	48	10	75	
13	61	15	43	9	65	7	48	0	33	2	62	12	68	
4	1	18	29	6	74	5	2	12	33	9	41	17	30	11	53	8	15	7	67	
19	3	13	32	14	72	18	7	0	60	12	59	6	22	15	71	
7	32	5	61	13	69	2	67	8	39	19	66	10	25	9	58	0	64	
5	11	12	61	11	35	4	40	3	45	
19	43	4	68	14	27	18	7	9	52	10	69	0	64	5	13	
11	43	18	71	8	44	0	7	17	19	12	30	9	25	13	53	7	64	14	55	19	40	
10	43	16	16	1	55	9	58	6	46	14	49	15	1	
14	70	1	53	19	69	18	43	12	38	3	51	7	44	9	6	11	22	4	16	17	12	8	49	
7	40	13	67	5	14	9	68	2	31	14	60	17	61	11	30	12	52	3	48	
2	72	18	12	4	49	11	1	5	13	8	8	
18	45	6	6	7	71	13	63	10	55	
3	16	14	47	18	55	6	48	19	18	7	69	2	71	8	66	
13	29	16	56	19	1	6	65	15	46	10	34	3	38	7	71	17	39	
10	53	17	60	13	67	8	61	12	26	9	40	
2	25	17	3	15	50	16	29	1	15	8	5	12	6	11	38	9	28	14	54	18	19	10	60	
18	20	1	10	0	75	8	5	3	69	12	52	19	60	14	58	7	7	17	31	13	4	
17	1	8	20	10	36	18	15	14	14	16	33	3	39	6	28	
14	54	3	60	8	47	16	27	7	17	13	46	12	16	19	2	11	20	1	24	2	64	0	23	
0	35	4	58	13	8	16	67	10	41	12	65	3	54	8	45	17	7	
1	19	3	64	0	7	11	62	14	44	15	5	7	65	4	56	17	12	5	32	
13	49	4	40	5	75	16	18	12	22	15	72	
2	44	17	74	4	54	15	48	6	16	0	75	14	12	12	33	9	55	19	49	
3	12	10	50	9	20	7	31	8	44	13	34	14	68	12	29	
13	25	6	30	7	61	19	73	3	5	16	3	9	53	0	42	15	40	2	14	
14	48	16	71	12	43	9	65	18	72	11	4	3	64	4	47	19	35	8	50	10	3	
14	14	12	8	18	48	4	59	5	4	7	72	
9	38	11	6	18	27	19	71	7	46	0	12	1	14	3	45	
18	50	15	58	11	67	6	43	0	57	
4	34	6	39	18	58	1	65	12	57	19	25	15	26	
15	37	17	30	16	41	11	13	5	45	
9	63	1	36	11	35	12	44	13	68	
11	8	15	44	13	1	14	27	0	10	18	64	19	23	4	42	10	60	
7	29	4	75	9	12	17	31	2	22	15	10	8	15	

All component type numbers for each job to be processed by MFPM
5	23	9	4	3	18	0	22	7	3	
1	11	7	20	
5	18	
5	17	0	20	1	15	9	9	
2	6	9	13	1	4	5	2	
8	5	6	2	
2	19	5	5	0	8	6	22	7	25	
0	3	2	24	3	5	4	7	
5	8	8	1	
4	23	9	19	3	14	5	18	8	25	
7	9	
2	22	9	23	4	18	
7	21	
0	11	1	24	6	12	
3	18	9	11	
0	23	3	24	1	15	
4	18	8	25	1	23	9	5	6	13	
6	1	
2	19	1	14	7	17	3	1	
4	21	2	24	
8	3	1	6	7	22	4	19	6	12	
3	2	5	6	6	9	
3	2	8	21	4	16	6	3	5	15	
4	19	8	24	7	13	2	1	
9	6	6	9	0	23	3	24	
8	14	4	19	6	6	
8	8	
7	10	2	15	8	2	1	8	6	14	
5	25	7	23	0	4	3	19	9	3	
0	21	5	16	9	22	1	4	
4	1	2	24	0	12	8	21	6	15	
4	14	
4	23	8	7	0	4	6	11	5	10	
4	7	9	22	6	5	5	11	0	13	
5	3	1	6	
3	11	
1	14	0	9	8	23	7	10	
1	9	0	13	8	21	2	20	9	10	
2	15	1	8	6	12	
0	12	5	16	7	6	
7	12	9	20	1	7	5	22	
3	3	
6	16	4	7	8	23	9	22	5	5	
0	3	5	1	
5	4	4	8	
1	17	2	7	9	18	6	14	8	24	
9	6	
9	4	
6	18	0	25	8	4	2	22	9	5	
4	12	
4	19	6	4	
2	1	
9	20	3	5	1	17	
0	21	2	17	6	8	
8	22	9	21	
8	18	4	11	7	5	
3	20	4	7	6	18	1	1	
0	14	7	17	4	13	2	18	
7	7	4	21	
6	2	1	21	7	11	
8	17	0	14	4	19	6	2	
8	15	9	9	
0	25	8	2	
7	10	6	23	
5	20	2	4	6	17	9	13	
9	22	2	16	0	21	1	1	
6	2	4	4	
5	19	2	9	
3	12	
7	22	8	12	
2	18	7	11	0	21	4	7	
9	25	4	12	6	21	8	11	
5	11	9	4	7	19	
3	13	5	3	7	7	1	19	9	9	
8	20	5	17	
5	8	4	21	2	25	
7	18	0	14	2	6	4	5	
1	15	4	19	0	13	7	7	3	6	
0	8	4	23	1	7	5	14	8	1	
8	12	6	24	0	6	1	21	2	16	
8	10	0	8	
5	6	
2	5	8	17	5	22	7	9	
0	6	9	25	3	24	
9	15	7	11	0	17	1	3	6	8	
6	24	1	7	0	3	
4	20	6	16	7	2	5	14	
8	22	
3	4	8	2	2	24	4	11	5	3	
7	2	8	8	0	19	4	17	5	22	
8	4	5	25	
9	1	1	12	8	6	3	16	
5	18	2	15	7	3	6	10	
7	5	3	8	0	1	5	7	1	13	
2	25	4	10	
4	3	
4	3	7	25	0	16	8	23	2	6	
1	3	2	21	4	2	8	15	
8	4	
5	18	4	19	9	6	
4	14	8	20	7	6	2	3	6	2	
5	10	9	12	7	2	
0	24	
7	20	8	6	3	25	0	23	1	2	
6	12	3	7	1	24	9	15	
9	22	3	1	
8	20	9	10	1	19	5	9	
0	14	7	5	8	15	5	13	6	12	
4	23	1	21	6	7	3	17	2	2	
0	16	9	8	1	25	5	5	4	17	
0	6	7	21	3	13	
0	12	8	1	
5	3	4	24	8	22	3	23	
1	23	9	1	5	14	0	3	8	2	
0	16	3	18	9	5	5	3	7	14	
3	17	
7	11	0	24	8	1	9	17	2	19	
8	23	4	13	3	3	
1	20	8	25	0	9	9	6	
9	19	8	22	
8	9	4	23	0	15	2	5	
3	7	
9	22	2	7	1	23	0	16	
5	11	0	8	9	15	3	18	
9	15	4	17	0	5	1	16	
8	19	
3	1	7	25	0	18	
2	5	0	7	4	17	
4	20	5	18	1	14	9	12	
5	6	8	11	1	21	
1	1	4	22	
2	17	5	14	9	22	8	16	1	20	
8	14	3	24	9	8	
7	15	
1	12	
7	5	0	1	9	17	2	2	
8	22	7	17	5	11	1	1	6	3	
2	22	1	13	
5	17	8	14	9	3	
9	22	8	15	1	17	5	7	0	3	
6	17	9	12	8	24	2	15	7	18	
1	18	0	13	
1	9	5	3	6	17	2	4	
2	13	6	7	5	25	9	24	
8	10	5	14	1	9	
7	1	0	17	4	16	3	15	1	3	
4	22	9	9	3	6	
7	8	6	4	8	7	
4	22	
8	23	0	25	9	7	4	10	2	17	
0	16	6	24	2	17	8	11	
3	1	1	2	8	16	7	23	6	17	
1	13	4	21	6	15	
7	18	
1	4	
0	18	8	19	
6	19	0	12	8	2	
2	18	0	20	8	16	7	8	1	22	
6	8	8	15	9	7	
6	21	9	18	8	11	
5	11	7	1	
8	8	2	10	
0	24	3	5	6	19	8	17	1	23	
9	3	0	10	
4	11	6	19	7	23	
7	3	
3	14	0	24	4	21	5	10	
2	17	3	24	9	14	4	4	0	6	
6	22	
4	20	
9	15	3	1	1	23	8	16	
9	5	3	10	7	12	
0	8	5	11	7	9	
2	21	1	11	5	10	3	24	9	8	
2	22	5	21	1	17	
3	25	0	14	9	20	2	1	5	15	
3	15	
6	11	3	4	9	18	5	5	0	3	
9	10	5	5	0	16	
0	6	8	12	4	22	
5	18	3	16	6	20	0	25	1	23	
7	19	8	3	9	13	1	4	3	24	
2	3	8	11	9	10	
7	10	6	6	5	8	
0	11	8	19	4	8	3	12	
6	24	9	5	
2	11	1	19	0	9	4	25	6	6	
9	21	6	11	8	12	
5	13	
0	2	
8	19	9	10	7	22	5	1	
4	5	3	24	2	17	8	2	1	11	
5	16	9	20	6	11	4	1	
9	10	8	4	6	13	2	3	
4	10	
2	4	3	17	0	2	4	22	
3	17	8	25	4	1	
3	16	8	5	4	11	6	17	5	8	
7	2	
2	24	

Three processing times per job on each machine
The best scenario
234	301	
154	112	
147	130	
83	136	
334	152	
113	160	
365	270	
279	177	
112	99	
26	16	
76	58	
201	132	
45	15	
42	97	
108	380	
188	119	
98	393	
337	349	
58	252	
131	175	
94	59	
335	415	
200	184	
36	26	
72	56	
193	114	
34	75	
282	246	
24	23	
157	338	
212	262	
301	244	
93	222	
240	167	
71	95	
129	195	
202	206	
215	234	
97	266	
63	81	
121	197	
192	170	
99	70	
54	67	
112	87	
167	254	
330	141	
152	243	
49	81	
236	200	
300	328	
94	93	
183	198	
88	52	
76	106	
33	28	
358	181	
201	335	
66	148	
86	70	
19	45	
117	95	
109	79	
158	262	
201	132	
406	486	
338	229	
165	257	
162	335	
190	90	
177	43	
91	227	
368	219	
32	38	
74	130	
248	257	
148	318	
15	66	
95	33	
276	191	
199	329	
147	155	
377	250	
20	35	
104	122	
185	143	
325	257	
65	282	
151	108	
244	102	
168	172	
112	127	
206	364	
43	16	
50	56	
140	142	
62	88	
115	102	
185	107	
154	246	
87	85	
121	40	
436	244	
333	135	
60	166	
63	96	
291	160	
68	145	
9	48	
500	315	
333	255	
159	144	
68	34	
354	122	
89	461	
35	34	
22	70	
127	423	
83	122	
147	130	
121	145	
112	168	
49	17	
48	44	
128	72	
36	76	
38	24	
121	72	
469	518	
174	156	
392	326	
188	173	
65	117	
207	399	
341	224	
12	20	
299	92	
387	294	
73	54	
29	43	
257	207	
117	126	
236	160	
335	517	
265	108	
260	260	
113	40	
142	255	
393	225	
272	163	
316	417	
329	381	
376	431	
575	245	
181	318	
77	247	
186	355	
79	45	
327	186	
210	294	
101	53	
37	124	
356	343	
37	161	
27	113	
266	362	
343	365	
202	220	
267	384	
182	222	
94	236	
85	146	
187	371	
189	265	
38	9	
64	130	
288	181	
17	14	
237	162	
109	195	
53	120	
251	79	
41	71	
203	223	
108	130	
551	320	
395	441	
216	290	
207	233	
153	186	
277	233	
246	181	
360	308	
31	18	
30	69	
103	263	
304	137	
411	253	
151	109	
103	138	
Most likely scenario
300	451	
194	205	
171	190	
104	140	
479	257	
166	190	
380	347	
280	272	
163	112	
33	19	
111	95	
216	152	
60	20	
71	148	
154	412	
201	165	
148	585	
394	362	
87	260	
189	213	
153	81	
380	428	
268	359	
55	41	
78	61	
307	181	
41	77	
337	247	
35	33	
296	405	
229	265	
362	269	
140	241	
341	249	
130	102	
152	239	
213	411	
220	267	
133	448	
98	96	
228	247	
235	222	
113	135	
63	133	
190	124	
219	302	
339	159	
264	342	
66	104	
292	236	
484	443	
148	101	
224	287	
129	55	
107	124	
47	45	
374	319	
284	509	
109	273	
124	111	
32	86	
138	108	
168	144	
194	318	
237	262	
461	520	
555	371	
202	289	
208	448	
263	170	
199	84	
131	245	
480	240	
58	43	
125	205	
335	265	
260	445	
26	98	
120	50	
552	213	
213	465	
249	182	
533	412	
36	60	
154	149	
258	171	
377	311	
116	365	
181	109	
411	122	
195	236	
136	164	
374	378	
59	31	
87	89	
145	146	
84	101	
219	106	
227	149	
163	311	
150	101	
217	78	
522	254	
476	207	
83	197	
110	105	
375	230	
104	242	
15	55	
581	332	
416	318	
259	155	
78	53	
439	135	
159	474	
56	67	
37	98	
247	463	
126	141	
207	143	
163	159	
164	219	
55	25	
57	76	
180	106	
37	103	
69	37	
229	121	
509	523	
300	236	
435	372	
299	201	
75	125	
278	473	
497	401	
18	34	
395	131	
402	389	
112	83	
30	53	
310	275	
132	137	
286	293	
604	621	
377	143	
272	319	
127	68	
170	342	
433	339	
402	311	
376	461	
509	465	
549	506	
581	403	
193	451	
154	289	
266	376	
140	59	
575	338	
272	307	
111	79	
47	156	
398	563	
50	199	
45	136	
338	449	
391	519	
218	261	
282	413	
294	334	
106	246	
93	175	
249	497	
204	267	
44	17	
74	257	
289	299	
32	27	
384	275	
151	272	
77	123	
261	148	
55	103	
331	256	
211	182	
575	512	
466	455	
253	293	
386	364	
267	211	
363	375	
485	276	
379	370	
37	29	
51	113	
132	317	
503	192	
430	356	
169	110	
131	166	
The worst scenario
345	498	
260	235	
208	214	
137	189	
675	311	
234	219	
395	404	
329	379	
171	164	
49	25	
128	107	
291	204	
86	24	
74	192	
204	509	
205	239	
176	858	
428	462	
122	351	
272	241	
226	93	
528	543	
343	484	
78	50	
83	63	
334	257	
44	95	
343	252	
49	39	
443	535	
299	363	
375	348	
146	286	
393	281	
193	136	
173	342	
262	416	
258	376	
184	464	
127	103	
242	317	
320	260	
124	178	
84	181	
198	183	
249	329	
493	237	
340	439	
88	121	
402	266	
722	625	
168	117	
287	290	
180	80	
154	126	
51	52	
560	472	
399	532	
138	295	
127	155	
36	122	
178	137	
203	161	
242	363	
240	303	
505	635	
744	388	
275	351	
287	661	
304	197	
279	116	
135	333	
584	296	
77	48	
168	244	
359	314	
322	453	
32	104	
121	51	
703	214	
218	472	
323	212	
534	566	
51	90	
192	180	
300	181	
388	458	
131	506	
223	132	
546	132	
247	289	
146	226	
515	544	
78	33	
99	102	
172	208	
124	109	
227	130	
315	167	
165	342	
189	121	
233	116	
524	338	
535	227	
123	259	
124	119	
508	294	
108	317	
21	63	
782	417	
622	449	
375	232	
111	74	
570	136	
199	482	
80	78	
46	121	
273	550	
189	211	
265	180	
180	180	
238	288	
66	28	
76	106	
230	148	
50	143	
91	53	
301	153	
684	760	
307	342	
469	546	
390	292	
92	180	
403	569	
608	418	
19	46	
547	164	
428	492	
132	88	
40	79	
333	332	
183	144	
420	309	
767	665	
488	167	
304	475	
184	97	
204	486	
626	462	
560	385	
495	671	
752	547	
725	718	
596	443	
263	670	
202	390	
340	495	
173	73	
783	433	
319	432	
136	95	
50	189	
532	577	
72	298	
62	180	
507	637	
446	715	
232	299	
415	555	
326	354	
148	278	
121	250	
360	629	
254	280	
52	19	
81	271	
427	385	
46	28	
451	363	
200	377	
113	148	
360	188	
66	136	
421	293	
265	212	
826	645	
601	605	
281	370	
422	438	
275	307	
531	463	
613	345	
412	494	
53	42	
56	120	
158	437	
517	237	
458	476	
252	140	
181	200	
