Factories	4	Jobs	150	Machines	2

Total number of component types per job processed by HSPM
6	9	10	6	9	5	12	10	9	9	6	7	12	11	8	12	10	6	6	5	9	7	5	5	9	7	6	10	9	11	9	8	7	8	11	9	5	11	11	11	10	8	9	10	6	8	8	8	10	9	7	10	7	9	10	5	7	10	6	9	9	5	12	12	8	8	5	10	6	10	8	12	5	8	8	6	7	9	9	6	6	7	12	9	6	7	9	8	10	11	12	12	12	5	11	5	9	7	7	9	12	9	10	11	10	11	8	10	6	11	9	12	6	9	5	11	6	9	9	6	11	9	9	11	11	12	6	12	10	6	10	7	8	9	10	10	10	7	12	7	5	9	8	5	11	7	12	7	7	9	

Total number of component types per job processed by MFPM
5	2	2	1	1	1	4	1	4	2	3	1	4	2	3	4	3	3	4	1	2	5	2	3	5	5	2	4	4	5	4	3	3	3	1	2	3	4	1	4	4	4	4	3	3	2	3	5	4	1	2	4	4	1	1	5	2	4	1	2	4	4	4	2	3	2	5	2	4	2	3	1	3	2	2	2	1	3	5	5	1	1	3	2	4	5	1	3	3	5	2	4	4	2	3	2	4	5	2	4	2	4	3	2	5	3	1	4	5	4	3	3	4	1	1	1	4	2	3	4	5	4	3	4	4	2	4	3	1	5	2	3	5	2	3	2	5	2	2	2	5	1	5	5	1	2	5	4	3	5	

All component type numbers for each job to be processed by HSPM
18	43	10	59	7	7	12	48	15	1	11	10	
2	10	12	49	7	27	15	68	5	54	11	5	4	2	19	34	18	29	
17	61	13	18	4	11	3	67	8	32	10	38	14	56	12	74	18	23	5	15	
4	61	17	66	12	18	8	67	7	22	15	27	
4	31	7	36	15	23	13	38	19	53	12	27	3	59	2	65	10	48	
15	46	6	19	4	59	14	48	12	12	
6	70	8	26	11	39	10	37	2	1	0	56	3	49	14	8	7	48	16	7	1	2	13	52	
15	48	9	44	8	30	3	71	1	37	11	17	10	31	0	67	18	20	5	45	
0	5	11	46	9	50	10	74	15	32	14	43	8	1	7	53	5	70	
14	23	2	8	4	20	5	2	13	13	15	50	12	32	0	16	10	56	
1	52	16	17	7	4	8	35	5	75	11	72	
8	19	6	25	11	30	9	52	0	8	19	45	18	10	
12	19	3	30	10	22	5	49	2	16	6	13	8	36	0	31	1	25	11	71	14	41	16	21	
7	47	8	69	4	71	3	33	11	9	15	24	16	27	17	31	6	58	0	16	18	10	
8	65	9	57	10	41	2	74	12	22	6	21	5	64	3	47	
12	33	7	39	15	29	4	22	9	69	18	30	1	64	19	21	16	49	17	13	5	63	8	55	
4	30	6	19	10	15	18	3	12	40	0	63	15	10	2	66	11	37	1	59	
6	41	3	29	7	34	0	4	8	74	17	12	
8	13	11	12	12	64	16	43	17	51	5	44	
18	15	4	20	9	24	8	70	14	60	
17	66	18	68	13	23	7	42	5	14	6	40	1	31	15	51	8	7	
9	26	1	62	17	41	16	7	12	40	2	19	15	10	
14	49	5	19	15	10	11	58	3	66	
7	5	18	41	9	55	1	17	14	20	
6	53	4	28	14	73	17	66	15	65	7	41	19	33	0	21	11	24	
14	57	7	43	5	52	19	63	2	17	10	61	11	20	
15	60	18	38	5	64	1	75	4	55	19	42	
6	69	8	37	7	68	19	12	17	28	13	29	15	25	2	10	10	8	5	24	
6	44	5	4	1	31	16	59	4	14	19	63	15	61	9	48	10	39	
6	8	0	75	18	50	8	31	5	18	4	4	1	40	10	2	17	3	19	30	7	65	
17	72	2	10	8	67	3	73	11	51	9	34	10	45	1	50	12	64	
7	24	2	15	5	41	13	38	19	8	3	12	15	61	11	54	
2	50	16	22	15	35	4	27	17	4	10	12	14	43	
0	2	6	30	2	67	8	47	7	55	13	50	14	14	12	58	
9	45	0	55	2	41	8	43	11	65	18	33	7	31	12	69	16	42	4	72	19	16	
16	18	6	13	3	16	11	70	4	52	19	49	5	51	8	9	13	33	
4	32	12	63	11	68	17	47	0	54	
16	75	1	13	19	2	5	21	3	65	7	32	2	16	17	41	15	44	12	42	8	72	
19	37	2	58	10	29	14	60	4	9	15	23	5	1	8	18	1	46	11	30	7	15	
1	38	6	50	2	26	13	12	8	14	7	24	3	27	14	75	0	5	5	35	10	53	
3	2	6	48	16	5	5	61	19	28	10	35	8	37	2	67	1	63	7	71	
16	37	11	58	8	4	9	25	2	60	10	45	1	74	6	70	
9	26	8	72	6	12	19	65	1	13	0	55	3	14	12	23	10	46	
12	56	7	15	15	28	6	53	17	51	14	29	4	38	18	69	11	1	10	43	
1	46	12	15	3	6	5	21	8	53	6	27	
6	8	13	45	0	27	10	15	3	54	7	44	4	40	2	23	
0	27	7	30	2	63	17	62	13	68	3	21	9	51	8	73	
19	72	1	29	11	35	9	45	7	4	12	15	0	9	17	39	
1	10	11	24	19	18	2	49	6	19	15	70	17	74	18	32	8	3	9	28	
11	61	4	3	19	67	8	49	1	39	3	47	18	4	0	57	16	60	
4	58	16	48	12	15	7	27	17	38	9	25	18	49	
7	75	9	64	5	39	19	55	16	3	12	49	11	9	15	18	10	33	18	35	
1	17	11	61	10	45	2	62	16	68	13	59	0	71	
0	13	19	59	18	47	4	30	5	25	10	7	16	68	15	54	13	22	
11	33	14	42	19	8	13	22	15	53	17	11	12	50	4	37	1	60	18	25	
11	5	16	17	5	44	15	71	8	15	
18	16	13	15	7	23	3	1	15	10	16	37	4	70	
12	32	13	5	0	60	6	25	4	27	16	71	10	46	14	17	2	39	1	74	
6	73	5	62	13	9	19	42	8	20	2	38	
11	2	15	10	7	41	8	19	18	5	5	9	12	48	10	25	2	27	
7	26	16	16	14	4	0	62	5	56	11	20	19	50	3	39	2	33	
4	19	10	27	15	18	6	53	12	46	
7	43	15	13	3	41	0	26	11	19	10	56	18	51	9	42	2	3	13	10	16	53	4	54	
8	45	5	33	18	46	6	70	17	25	16	24	3	41	1	8	2	26	10	61	9	58	14	40	
16	28	13	54	11	74	9	36	5	56	19	44	18	9	0	24	
3	38	15	50	1	6	11	35	16	57	17	42	8	4	7	10	
18	33	13	35	14	13	10	60	6	27	
7	60	8	62	14	46	11	23	10	4	12	63	18	20	1	72	17	6	5	40	
9	46	12	59	11	66	15	68	3	7	18	43	
15	7	6	24	0	56	3	34	7	51	10	30	1	46	5	35	13	18	12	41	
3	23	13	11	6	15	8	70	10	21	17	54	7	48	12	61	
6	36	7	17	2	49	12	7	16	48	10	42	3	44	14	12	15	31	17	23	5	27	18	60	
2	18	3	30	17	42	7	75	0	28	
19	8	18	61	15	5	1	9	13	62	5	53	11	56	8	75	
15	34	10	7	12	24	14	58	3	49	13	55	8	42	1	20	
19	7	1	30	11	17	10	28	4	45	2	54	
11	55	6	16	19	45	5	49	17	48	2	73	8	9	
18	36	19	6	6	46	3	31	15	42	7	61	13	14	17	24	8	33	
0	6	6	61	7	69	4	1	10	39	1	25	9	31	5	19	14	66	
17	61	3	16	10	47	7	12	5	21	6	52	
4	56	10	39	7	2	5	10	3	65	0	67	
3	17	11	34	2	30	14	2	5	37	8	20	4	72	
10	53	11	51	12	42	15	12	18	8	8	71	4	20	1	44	2	69	19	57	6	14	7	2	
16	29	5	18	15	21	8	40	1	28	19	26	2	55	6	31	12	10	
13	45	12	38	19	10	15	46	10	30	2	29	
8	8	0	26	11	70	6	28	3	3	16	21	12	31	
18	19	15	52	1	60	9	56	16	51	3	35	2	14	0	42	19	70	
5	13	17	42	8	54	4	45	7	16	13	56	6	51	14	72	
5	19	8	31	3	21	2	38	1	62	7	20	19	41	13	22	15	39	17	67	
7	20	0	11	9	46	15	55	3	59	10	61	19	13	5	36	13	48	11	58	17	1	
8	31	19	45	15	72	5	11	18	36	7	13	4	18	12	52	9	63	1	2	13	12	17	39	
8	37	14	73	9	30	17	64	16	40	7	67	4	31	10	45	12	1	15	29	3	70	11	68	
13	42	8	7	0	41	5	54	10	10	15	66	19	25	3	35	11	59	7	61	16	52	17	56	
0	67	12	21	4	46	5	39	16	70	
4	32	5	29	3	28	11	71	7	5	8	36	17	73	14	21	15	62	13	37	0	8	
7	59	13	27	3	43	8	13	2	69	
6	69	17	20	13	7	7	23	3	33	0	12	9	19	18	66	4	58	
13	75	4	40	10	27	5	3	17	19	8	28	16	36	
6	36	8	68	14	12	10	58	15	45	7	26	17	31	
8	67	7	66	9	41	0	34	14	21	17	20	19	1	3	45	11	2	
16	40	15	71	10	58	12	27	9	48	11	62	2	17	13	74	3	55	1	14	19	13	6	61	
3	7	13	12	18	41	1	8	9	2	17	59	10	63	8	49	2	28	
19	31	7	14	10	73	5	46	11	30	3	75	1	52	9	54	18	25	4	49	
5	72	18	59	7	9	9	63	0	49	6	2	17	33	16	45	1	47	15	23	3	29	
19	20	14	31	13	63	15	61	1	57	12	41	18	66	9	48	7	26	16	32	
10	47	0	35	15	31	12	32	18	13	8	34	2	40	14	69	7	20	5	62	19	42	
5	36	11	19	8	24	3	73	10	52	2	3	13	29	16	11	
4	53	5	20	8	67	15	35	18	13	10	65	12	17	11	10	14	36	9	21	
14	15	19	68	2	63	4	47	8	28	5	25	
8	33	14	23	17	15	12	42	4	6	2	26	6	54	18	47	3	72	13	58	1	25	
17	65	2	1	11	9	9	3	13	55	16	73	12	10	19	41	7	72	
0	55	7	1	4	73	17	70	10	17	12	25	15	72	8	7	3	50	18	54	6	8	13	60	
15	4	5	10	11	67	8	11	10	37	14	5	
8	75	11	12	19	2	9	10	10	62	0	57	15	70	18	11	16	17	
13	31	10	21	4	56	2	23	1	54	
8	32	3	59	13	74	9	30	10	21	2	29	15	48	19	4	5	50	1	72	14	22	
13	71	5	1	15	32	8	8	9	37	17	54	
8	50	12	62	5	9	16	58	13	42	11	72	10	29	18	45	4	30	
6	3	10	57	19	40	12	28	7	56	16	39	15	58	8	54	13	5	
14	67	12	48	16	56	3	73	6	30	4	41	
16	28	19	23	13	26	9	70	12	66	8	51	15	19	5	59	10	71	2	62	1	15	
14	41	6	55	5	3	19	69	17	16	4	29	3	67	13	60	16	12	
2	75	0	9	15	7	9	12	4	28	1	71	6	57	10	3	13	44	
2	3	17	58	16	29	12	7	14	14	5	26	3	32	6	50	8	45	19	46	18	66	
10	24	16	53	17	49	8	25	3	16	12	17	5	9	19	37	9	71	14	28	0	10	
2	65	0	3	12	26	8	46	7	11	10	58	17	10	15	28	5	68	4	9	14	59	1	4	
1	46	16	50	12	26	2	27	15	43	14	33	
6	72	16	3	3	69	15	47	12	5	5	39	8	50	1	73	13	28	10	10	17	71	0	48	
16	27	18	48	5	42	8	15	2	24	7	73	4	12	17	1	1	66	11	47	
16	7	7	58	13	71	5	46	1	9	18	55	
15	68	2	1	8	31	13	18	10	3	4	13	3	34	7	15	0	64	18	27	
6	33	19	6	5	50	11	14	4	52	8	64	15	66	
3	7	13	28	14	49	18	26	7	23	11	6	6	5	0	70	
19	18	7	12	1	49	17	51	3	19	16	31	10	34	11	37	15	73	
5	40	1	53	10	16	19	43	2	68	4	15	14	6	12	4	3	9	7	33	
13	47	11	5	19	19	2	70	7	43	5	75	8	12	12	42	9	24	6	71	
12	7	18	22	10	29	15	40	0	21	4	10	19	20	9	25	5	18	17	62	
1	44	6	57	5	21	16	33	18	43	12	34	3	2	
19	19	0	3	13	70	18	60	17	61	3	11	5	63	4	32	12	44	14	20	10	40	16	6	
5	25	2	47	18	2	16	46	7	57	14	8	10	29	
15	45	13	21	19	26	16	41	1	42	
0	61	14	20	15	26	9	43	6	39	13	58	12	25	16	19	19	55	
9	5	14	70	13	4	17	31	4	66	18	26	2	33	8	34	
0	24	1	66	6	64	11	45	19	36	
5	71	16	39	6	54	19	50	13	9	4	8	10	19	3	68	17	2	14	55	7	6	
3	70	7	20	2	21	5	55	14	2	10	11	15	6	
9	43	4	6	18	26	11	24	5	22	19	58	6	64	8	46	13	8	16	59	2	38	0	61	
18	57	7	15	8	25	4	71	0	27	13	24	17	68	
11	56	1	67	13	65	6	71	18	25	0	20	14	28	
8	48	4	29	5	31	1	55	16	7	15	72	17	35	9	56	12	41	

All component type numbers for each job to be processed by MFPM
7	25	8	14	5	10	0	24	2	20	
6	19	5	15	
3	1	8	7	
6	17	
7	20	
2	12	
2	7	4	17	7	20	0	16	
6	24	
6	18	8	16	4	20	5	6	
8	9	9	18	
0	7	8	12	7	21	
9	14	
9	17	2	6	1	22	5	13	
3	3	2	21	
2	19	4	25	1	4	
6	10	3	19	0	20	9	6	
5	1	8	5	0	4	
6	20	9	2	2	9	
2	9	0	5	8	7	9	14	
7	14	
4	17	1	6	
4	5	6	11	0	15	1	24	5	20	
6	23	9	1	
4	19	7	1	1	18	
8	24	7	22	3	4	9	18	4	12	
7	6	2	13	6	16	9	15	8	18	
3	14	2	13	
7	8	0	19	9	24	3	6	
0	2	6	25	7	24	1	7	
7	11	6	21	8	14	5	20	0	9	
3	5	6	20	8	12	5	4	
0	24	7	5	5	12	
0	4	5	12	8	24	
7	17	5	24	0	22	
2	25	
9	23	3	18	
6	5	2	22	1	15	
0	14	8	6	4	17	6	4	
6	17	
3	20	9	1	0	16	5	23	
7	1	1	25	5	17	6	4	
0	24	1	9	7	1	2	10	
0	7	3	15	6	4	2	21	
6	19	8	8	1	12	
1	22	9	11	2	9	
7	3	3	10	
2	21	8	6	3	5	
5	8	0	15	4	17	1	9	7	12	
6	4	2	19	0	21	8	20	
6	17	
7	5	5	8	
2	23	4	14	0	20	9	16	
1	13	8	11	7	25	2	19	
3	18	
8	23	
3	20	4	25	2	10	1	16	8	9	
4	9	5	14	
1	22	6	11	8	6	9	15	
6	25	
5	12	8	9	
0	2	2	11	5	4	7	20	
8	6	9	8	7	22	3	19	
8	20	6	3	2	23	4	17	
5	8	3	4	
9	4	1	15	6	17	
4	21	8	2	
7	2	6	19	9	20	8	10	4	4	
1	17	0	2	
0	4	7	19	5	7	6	14	
2	22	1	15	
5	5	0	24	9	25	
6	13	
9	19	0	16	8	3	
4	11	5	9	
4	12	2	6	
4	18	6	11	
9	3	
0	25	4	11	2	21	
0	7	1	3	3	18	9	5	7	16	
8	22	6	3	1	7	4	5	2	24	
9	6	
0	23	
4	9	5	24	1	7	
1	15	8	11	
9	12	7	2	1	10	0	3	
1	11	3	10	9	6	5	15	8	2	
6	1	
9	1	7	16	8	13	
0	12	5	3	2	17	
0	6	1	4	3	2	5	14	2	1	
2	16	4	9	
4	23	7	14	5	6	3	3	
2	10	6	5	0	21	3	25	
9	8	7	23	
9	19	8	15	0	17	
4	11	5	5	
0	2	1	20	6	22	7	1	
3	22	9	3	2	16	8	12	7	6	
7	25	3	13	
1	10	6	19	9	3	8	12	
5	9	3	21	
0	13	9	24	4	9	6	22	
8	9	6	3	2	10	
5	24	4	4	
6	22	2	13	5	8	0	3	8	5	
3	15	7	1	8	6	
8	6	
4	12	5	8	0	16	3	25	
9	3	1	18	6	16	7	20	3	8	
4	2	7	19	1	18	2	15	
1	17	8	24	2	11	
0	10	3	1	4	12	
7	16	5	2	0	3	6	10	
2	16	
3	22	
7	10	
5	3	8	17	9	18	2	21	
2	8	6	4	
0	13	8	14	4	11	
8	8	0	1	3	10	6	20	
6	10	3	19	8	4	9	9	1	18	
2	11	3	20	5	5	7	21	
1	25	4	2	8	8	
5	11	0	5	9	7	6	2	
2	15	9	11	3	14	7	17	
1	20	4	7	
0	14	9	2	4	3	2	25	
9	15	0	8	4	23	
0	13	
3	25	6	1	1	16	9	4	0	17	
3	8	7	25	
4	10	7	1	8	21	
6	16	4	1	5	12	7	2	3	7	
0	23	7	3	
4	10	3	22	8	23	
7	8	6	10	
4	21	7	15	8	7	3	12	0	8	
1	8	6	18	
3	7	8	5	
8	24	4	2	
7	4	2	8	1	3	5	21	3	17	
7	25	
3	25	8	4	0	13	2	14	4	8	
1	4	6	23	5	7	8	14	4	24	
0	11	
7	18	6	25	
0	25	3	15	4	13	5	20	1	10	
0	12	5	8	4	24	6	21	
7	15	1	21	0	19	
3	10	5	15	7	2	9	11	6	22	

Three processing times per job on each machine
The best scenario
405	802	
529	634	
482	516	
217	83	
555	590	
360	1291	
628	199	
422	247	
260	238	
245	221	
328	493	
136	114	
138	204	
149	133	
324	274	
444	810	
106	533	
190	67	
376	89	
485	300	
219	278	
784	295	
316	226	
87	273	
832	775	
258	192	
297	469	
600	1057	
421	405	
74	98	
115	151	
202	391	
355	245	
270	331	
96	90	
244	347	
312	366	
678	463	
250	143	
118	72	
292	146	
432	758	
291	399	
248	622	
162	377	
497	193	
498	481	
360	114	
611	364	
171	148	
411	725	
550	631	
531	635	
449	330	
141	122	
203	183	
285	495	
414	275	
401	223	
211	275	
740	1124	
212	196	
190	354	
614	1048	
122	175	
372	491	
525	618	
123	71	
695	316	
262	883	
700	295	
396	224	
688	812	
586	375	
686	311	
252	351	
381	182	
390	105	
705	312	
167	241	
295	124	
470	803	
603	304	
323	242	
922	490	
174	182	
758	308	
247	226	
70	133	
226	436	
1066	717	
715	708	
194	198	
294	629	
902	1084	
595	254	
565	593	
217	156	
177	392	
207	117	
570	650	
646	497	
55	103	
365	193	
671	742	
186	109	
121	141	
1038	1080	
1054	956	
942	1222	
244	427	
205	602	
90	438	
431	184	
334	387	
228	257	
212	239	
378	842	
306	792	
774	511	
662	473	
711	465	
150	266	
103	78	
149	667	
291	130	
443	617	
114	131	
366	156	
185	416	
424	401	
819	642	
525	534	
442	405	
237	416	
235	164	
240	106	
1081	1108	
821	574	
391	487	
220	211	
1018	402	
857	240	
329	278	
208	278	
236	308	
565	778	
424	415	
1211	799	
989	508	
Most likely scenario
573	1349	
804	741	
648	687	
271	87	
702	640	
560	1445	
637	324	
431	402	
415	253	
273	306	
396	835	
243	176	
261	225	
203	213	
372	370	
569	1069	
186	549	
206	111	
403	152	
722	388	
314	293	
1165	377	
352	258	
115	294	
1074	860	
281	342	
526	682	
634	1132	
503	513	
133	125	
179	175	
225	700	
614	286	
377	426	
107	100	
430	502	
546	568	
1262	601	
342	209	
228	75	
306	227	
584	833	
332	404	
467	788	
306	635	
857	329	
626	586	
448	213	
1210	489	
321	211	
591	850	
786	1085	
983	697	
687	450	
252	173	
329	217	
348	653	
729	511	
657	314	
347	314	
851	1166	
388	275	
377	395	
1052	1120	
182	231	
531	630	
990	1026	
177	122	
896	402	
451	1286	
902	445	
433	269	
1083	1303	
876	575	
922	603	
406	557	
566	214	
534	157	
988	550	
180	410	
360	133	
614	1337	
724	416	
333	417	
1017	971	
195	270	
874	500	
290	351	
105	202	
243	451	
1241	1160	
763	983	
241	311	
526	869	
1071	1120	
865	430	
747	799	
349	226	
263	511	
311	146	
712	799	
1095	754	
61	121	
418	228	
1080	1416	
252	170	
134	202	
1544	1301	
1061	996	
1511	1463	
286	548	
241	665	
175	467	
440	238	
348	440	
263	293	
254	266	
603	1246	
520	836	
1125	656	
885	558	
898	878	
248	390	
151	130	
289	731	
476	205	
758	832	
132	235	
640	270	
224	488	
636	609	
1282	912	
810	783	
719	691	
456	658	
316	213	
294	196	
1522	1275	
1221	820	
662	506	
354	266	
1096	418	
1095	434	
348	407	
351	546	
342	560	
746	912	
490	803	
1343	1102	
1065	726	
The worst scenario
734	1623	
1030	763	
807	903	
332	104	
859	876	
724	2165	
738	359	
628	551	
457	371	
363	401	
578	1192	
255	264	
351	305	
284	298	
504	416	
733	1101	
224	665	
223	113	
466	194	
970	486	
411	391	
1239	472	
356	354	
169	382	
1092	1249	
405	353	
765	783	
909	1159	
567	646	
192	180	
245	261	
273	733	
851	322	
399	493	
144	118	
557	660	
620	661	
1333	775	
385	272	
311	108	
416	328	
631	918	
457	509	
574	831	
408	700	
1018	413	
760	622	
527	267	
1635	680	
383	243	
752	1017	
1027	1318	
1045	791	
885	612	
344	217	
466	231	
451	933	
840	729	
819	327	
390	405	
873	1271	
480	352	
474	452	
1432	1233	
257	316	
539	694	
1171	1064	
260	144	
1262	589	
621	1605	
1064	508	
515	346	
1183	1813	
1258	588	
1130	829	
604	734	
662	217	
727	203	
1012	737	
269	512	
432	174	
707	1738	
883	557	
475	615	
1110	1424	
234	356	
1017	716	
341	494	
111	292	
338	509	
1524	1622	
807	1314	
246	439	
694	1144	
1471	1295	
881	454	
1020	1070	
473	244	
369	667	
452	165	
1010	1109	
1126	786	
86	172	
614	290	
1486	1637	
329	204	
188	303	
1814	1475	
1087	1147	
1520	1881	
328	730	
296	777	
261	606	
539	355	
367	494	
383	426	
347	270	
696	1366	
623	1096	
1132	694	
1146	730	
1092	1164	
262	485	
222	148	
305	1069	
713	270	
959	1165	
196	307	
690	368	
248	632	
896	730	
1657	1097	
1017	944	
921	1031	
627	723	
358	296	
363	294	
2146	1277	
1586	919	
963	625	
460	395	
1233	433	
1261	602	
351	581	
372	644	
462	677	
858	1130	
677	957	
1345	1170	
1589	881	
