Factories	3	Jobs	150	Machines	2

Total number of component types per job processed by HSPM
10	8	7	8	12	6	9	6	7	10	10	9	11	7	8	12	8	5	6	9	9	12	7	5	7	12	10	11	11	10	7	5	9	5	10	8	9	10	5	8	7	5	11	12	5	9	10	11	8	10	8	8	8	8	10	10	12	7	8	6	6	5	5	9	10	12	6	8	5	9	9	11	11	11	8	10	9	8	6	6	5	12	9	11	11	12	9	12	9	10	7	8	5	9	9	12	5	12	6	9	8	10	5	7	11	5	11	10	6	11	12	12	8	12	9	11	8	6	11	12	6	5	7	8	10	6	11	6	11	6	8	10	10	7	8	12	8	11	9	12	12	12	11	5	10	11	7	7	9	7	

Total number of component types per job processed by MFPM
3	1	5	1	4	4	3	1	5	4	1	5	2	2	2	5	5	3	4	3	1	5	2	4	1	3	1	4	2	3	2	1	1	5	3	4	1	3	3	4	1	2	5	5	1	5	4	3	5	5	4	3	1	4	1	5	4	4	4	1	4	4	5	5	5	3	2	5	3	5	4	4	1	1	2	1	5	5	3	2	3	4	3	5	3	3	5	1	1	3	1	2	2	4	2	5	3	4	3	4	1	5	5	3	2	2	5	2	3	2	5	2	5	2	3	1	3	3	5	1	1	5	5	4	5	3	4	1	1	1	4	5	5	2	5	3	3	2	2	2	2	2	1	1	3	1	3	1	1	5	

All component type numbers for each job to be processed by HSPM
17	34	12	17	8	41	18	70	2	49	14	15	16	47	19	19	9	42	1	48	
15	74	5	44	2	23	6	34	7	75	13	71	1	51	3	2	
0	43	18	56	9	40	12	29	1	24	19	37	11	7	
14	20	16	55	2	38	15	25	13	36	7	11	9	12	1	49	
13	26	11	23	7	64	0	9	18	10	1	22	16	51	2	53	5	29	10	6	9	54	14	28	
12	73	10	41	5	58	13	54	11	15	18	11	
16	25	15	60	6	41	12	58	18	31	1	52	11	64	0	51	8	26	
17	25	18	31	0	47	15	56	16	35	13	37	
17	28	0	31	7	49	16	62	1	4	14	22	19	26	
8	66	11	24	5	3	10	70	17	30	2	50	6	47	0	63	3	19	16	61	
13	60	3	21	19	13	2	43	6	64	14	2	0	50	18	24	9	15	5	18	
11	41	6	29	3	6	12	11	10	1	0	22	9	7	17	9	16	26	
7	61	12	57	11	16	19	46	17	17	5	43	15	55	10	21	8	42	13	15	1	58	
13	14	4	39	5	20	11	38	16	47	19	27	1	46	
5	62	11	12	2	48	16	2	18	75	4	49	3	32	7	31	
1	66	11	54	10	17	9	25	3	41	14	29	6	34	12	40	19	37	7	14	18	72	5	74	
9	63	15	26	8	1	5	10	10	37	3	14	2	40	16	50	
5	44	6	67	4	22	1	52	3	68	
6	18	1	20	7	59	9	26	18	7	8	71	
14	53	17	60	19	13	10	2	5	17	13	74	8	31	3	46	16	25	
16	6	15	17	9	57	3	39	0	34	17	65	14	5	10	28	13	51	
6	35	17	72	10	47	13	43	0	25	1	27	4	50	3	3	14	46	5	10	7	45	15	14	
15	13	10	26	5	37	1	55	11	64	0	21	7	29	
13	21	8	44	10	39	4	60	19	75	
18	6	12	3	11	74	19	39	15	54	7	56	14	25	
10	25	13	33	4	30	15	17	18	38	12	44	6	22	5	51	1	43	17	58	7	26	14	13	
9	59	13	73	7	71	15	38	4	64	6	67	14	29	10	10	18	18	11	57	
15	66	3	18	19	75	18	37	13	56	8	20	11	55	0	68	5	1	7	31	10	4	
18	4	5	12	8	37	7	55	9	36	11	27	0	58	2	51	6	28	4	43	10	24	
11	20	13	5	14	64	2	45	5	57	19	31	18	43	12	28	16	71	7	26	
5	30	17	5	14	40	15	28	6	24	16	45	13	27	
19	24	15	36	1	29	17	72	16	20	
3	11	0	27	16	23	5	68	19	59	7	31	8	24	17	66	6	67	
15	19	6	39	18	61	10	34	16	21	
7	54	5	26	3	42	2	9	13	1	8	10	14	62	10	36	0	21	4	6	
5	18	3	9	1	41	7	19	16	66	0	10	2	71	11	2	
19	15	1	7	11	66	5	50	3	44	4	10	18	36	0	60	7	11	
5	21	6	75	8	68	14	52	3	57	11	42	4	51	10	36	16	67	0	37	
14	9	5	47	9	73	11	11	2	35	
1	5	16	62	11	21	8	1	12	50	13	36	7	37	5	16	
19	31	16	67	4	45	14	74	1	63	13	49	17	8	
10	47	17	1	1	41	0	65	11	14	
15	40	14	38	17	57	8	13	4	61	18	35	11	28	6	30	5	34	1	7	2	10	
11	6	5	34	8	43	14	70	10	50	0	67	15	73	12	12	13	42	6	68	1	39	4	21	
1	63	18	43	10	64	15	19	3	57	
2	3	1	41	11	32	10	52	8	16	14	36	5	74	7	38	19	7	
4	24	5	68	0	13	16	27	13	44	11	62	18	55	2	14	14	29	17	67	
16	54	7	62	4	36	5	5	0	30	15	35	2	38	11	69	8	3	10	15	3	16	
4	42	3	65	15	2	2	10	9	15	1	70	18	27	16	33	
10	16	11	24	3	70	12	36	9	43	18	68	19	55	16	17	7	11	6	5	
3	34	1	64	17	58	10	47	8	20	14	23	5	1	2	19	
3	67	4	3	1	9	11	69	18	17	19	1	0	64	7	57	
9	64	4	26	18	73	0	29	3	36	17	15	6	7	5	8	
8	64	11	11	17	18	9	30	5	49	3	47	7	27	2	15	
13	36	1	39	6	2	18	59	19	42	7	51	4	17	10	32	3	23	16	4	
4	5	8	58	16	21	0	10	18	27	1	31	9	24	12	15	11	2	10	36	
19	49	15	61	10	5	18	7	16	68	17	12	5	33	0	58	9	74	8	67	4	43	12	26	
16	6	19	56	11	68	10	2	18	42	9	60	8	5	
10	32	3	30	0	49	13	25	5	34	6	57	14	44	18	18	
18	9	0	71	16	27	1	62	5	24	4	23	
9	72	18	26	8	50	17	59	1	19	11	40	
8	36	9	64	7	24	16	41	14	7	
7	20	19	23	9	13	17	37	8	51	
14	4	6	69	11	18	17	22	2	65	4	50	13	67	18	36	16	74	
6	9	3	18	10	46	0	39	5	43	1	45	13	8	17	22	12	64	11	38	
19	62	11	8	10	64	13	73	15	5	0	30	5	46	14	18	3	29	8	16	2	43	7	36	
10	10	12	71	11	51	15	70	18	1	3	31	
13	11	16	12	18	57	6	65	19	24	1	40	2	69	7	70	
11	16	4	64	13	31	19	58	17	11	
9	48	16	40	18	45	0	37	7	56	8	17	19	14	14	15	4	10	
18	53	11	51	3	15	12	68	7	20	15	29	10	40	14	3	1	39	
18	1	16	37	14	17	17	43	9	63	0	40	12	3	8	51	6	54	10	72	15	44	
15	43	6	75	12	26	9	70	11	13	2	55	13	9	8	57	3	67	19	62	7	11	
5	29	12	34	3	40	9	50	0	5	11	31	4	75	14	49	7	41	16	36	19	73	
13	19	1	60	7	18	4	6	10	5	18	46	16	24	14	57	
4	66	19	36	17	62	18	75	9	4	12	16	15	1	2	34	13	41	6	25	
4	37	9	32	13	69	6	48	18	24	5	45	17	31	3	34	16	50	
13	21	18	10	1	52	0	33	19	62	14	56	7	11	9	26	
18	45	3	31	9	6	2	54	5	36	15	60	
14	29	5	44	0	25	13	61	3	68	11	39	
3	56	8	43	0	52	7	70	14	35	
2	68	14	58	0	16	7	47	1	27	5	32	11	65	4	74	3	43	18	39	17	36	19	51	
0	58	18	22	14	12	4	6	15	23	2	74	16	24	3	40	19	1	
13	74	18	71	10	67	8	8	15	75	4	21	1	73	5	17	16	15	12	28	6	45	
8	15	4	45	9	66	5	60	13	37	10	50	11	36	3	14	15	32	7	25	2	8	
19	41	11	4	2	31	9	43	6	51	12	2	0	57	3	47	5	68	7	37	1	40	10	9	
16	34	13	27	18	1	3	7	1	24	17	2	0	60	6	67	9	10	
9	22	10	53	12	70	2	39	5	69	11	2	3	32	13	48	15	16	14	30	7	45	17	31	
3	46	1	6	4	68	16	27	2	35	5	37	18	28	17	51	11	52	
3	65	18	17	10	26	4	37	19	41	13	4	8	43	0	15	2	60	15	2	
1	8	12	57	19	10	11	9	7	46	8	32	2	39	
17	30	5	52	7	3	4	51	9	56	19	74	14	63	8	5	
19	22	17	66	4	60	14	51	15	26	
6	36	10	54	15	68	9	53	12	25	17	17	3	39	0	24	16	11	
19	7	5	21	15	41	7	57	3	10	8	1	0	66	18	32	4	59	
1	44	0	19	12	27	11	7	18	59	15	32	19	36	9	58	6	57	10	52	2	21	7	35	
7	62	14	61	9	63	2	37	17	39	
9	48	18	1	6	65	1	58	10	35	0	8	3	54	15	6	19	51	5	75	16	59	17	52	
2	1	3	74	18	30	10	11	16	73	1	48	
5	9	13	57	6	54	12	35	19	58	8	28	10	45	15	3	18	55	
15	70	1	38	14	55	17	22	6	66	12	57	7	5	5	16	
18	63	17	6	5	17	10	43	16	59	11	21	3	45	19	1	14	16	6	55	
10	8	8	54	9	64	16	10	7	75	
19	66	3	2	18	38	1	41	4	24	0	62	6	69	
14	41	3	7	13	57	5	63	16	2	0	4	11	17	10	51	17	8	6	25	8	36	
18	54	15	23	1	29	5	38	8	25	
9	52	14	15	8	68	4	49	11	67	12	57	5	37	2	42	0	56	6	27	3	26	
6	1	4	17	12	31	18	75	8	43	0	28	16	41	10	54	9	29	1	49	
5	39	7	4	15	14	19	62	13	12	2	40	
10	51	12	13	15	24	2	26	11	20	4	69	9	41	7	7	17	2	8	66	1	62	
12	21	18	39	4	57	8	32	1	20	11	56	13	55	15	65	14	74	0	75	3	47	7	22	
9	56	4	74	14	3	10	66	18	58	5	21	17	73	11	59	7	22	2	14	15	53	1	48	
4	35	0	40	5	9	15	73	11	22	19	2	8	26	13	34	
17	49	4	65	2	18	10	28	19	27	7	33	16	6	14	56	6	36	18	17	13	46	3	43	
7	39	19	71	8	45	16	49	13	50	1	44	14	59	4	17	5	38	
1	58	3	54	18	21	2	35	5	9	7	24	11	32	12	45	9	8	17	29	8	41	
6	74	15	71	1	60	18	49	19	7	11	73	8	5	12	8	
16	1	5	5	17	43	0	67	18	34	2	64	
2	39	14	69	18	46	6	9	0	30	16	68	5	26	8	18	9	40	3	36	10	21	
16	61	2	51	9	64	3	19	6	21	4	56	12	2	7	17	10	27	18	35	15	38	14	20	
12	66	0	44	4	50	9	23	3	6	8	37	
9	61	2	74	18	6	5	12	16	66	
17	9	7	73	9	44	5	15	3	66	10	13	15	35	
8	32	17	61	15	19	0	20	10	13	11	22	5	41	16	36	
18	68	5	43	16	75	12	2	11	48	17	55	7	25	0	33	3	19	6	70	
12	59	18	42	5	57	11	64	16	51	13	13	
15	64	1	32	18	51	6	1	12	35	3	59	19	25	14	19	2	28	7	71	13	40	
5	38	8	37	9	55	17	35	4	42	16	68	
0	70	3	60	13	8	6	4	17	46	2	1	4	31	11	55	10	20	16	3	9	40	
2	28	5	62	16	38	10	2	7	11	14	39	
16	37	8	28	13	73	9	75	15	39	10	1	4	72	18	18	
16	50	5	42	1	33	14	71	11	55	12	66	15	49	7	46	4	13	8	27	
10	3	4	37	1	18	3	73	9	56	12	38	19	64	0	45	8	60	18	2	
16	18	2	5	12	66	8	53	15	28	7	69	0	20	
17	17	12	72	10	2	4	24	3	21	14	70	1	23	19	65	
10	74	3	66	12	70	4	75	2	55	0	72	14	13	1	6	17	65	16	32	6	34	19	67	
10	59	14	20	12	69	0	47	11	27	17	49	9	73	4	37	
3	9	17	19	13	29	10	31	4	28	14	63	7	20	0	59	1	7	8	67	11	45	
11	62	14	38	7	3	16	19	3	48	0	31	17	65	10	20	18	14	
19	28	10	15	13	59	16	63	5	49	0	42	7	16	11	23	14	18	6	7	4	70	9	66	
1	62	5	21	19	75	4	51	3	48	7	32	14	54	11	1	2	72	6	8	17	28	18	27	
8	20	13	63	19	27	4	46	11	17	1	2	17	74	5	49	3	14	14	42	10	41	12	59	
15	17	1	13	10	45	18	71	19	54	7	34	16	75	8	6	17	49	9	74	12	36	
14	29	15	59	8	58	10	66	4	3	
14	57	6	53	9	26	8	44	18	39	1	11	17	74	4	71	0	66	11	32	
14	66	4	20	1	46	16	38	9	30	11	16	17	54	12	19	15	45	5	74	10	62	
19	45	8	16	10	68	14	8	9	36	13	17	5	66	
1	39	9	31	5	45	10	29	11	11	13	70	0	30	
15	55	7	31	5	62	2	54	11	63	6	52	16	3	12	64	0	72	
3	33	12	64	15	23	10	17	2	61	8	70	7	14	

All component type numbers for each job to be processed by MFPM
8	11	2	7	9	10	
7	16	
2	19	4	1	8	10	9	23	7	25	
9	12	
5	10	8	4	9	1	2	16	
5	16	3	17	6	23	9	24	
8	21	5	19	2	14	
2	23	
9	3	8	8	5	2	2	9	6	1	
7	16	2	21	5	11	3	14	
0	17	
8	4	9	5	5	11	3	2	4	23	
0	13	7	12	
1	1	5	22	
5	18	6	8	
9	4	0	21	4	16	5	11	8	20	
6	6	1	21	4	22	2	12	0	20	
1	20	9	19	0	3	
3	23	6	6	1	19	8	15	
3	13	1	14	7	12	
7	16	
7	6	5	7	9	16	4	9	1	21	
9	20	2	12	
6	12	5	1	4	21	3	15	
6	18	
8	14	2	16	7	20	
3	3	
2	15	7	9	9	6	1	23	
8	11	2	6	
7	9	3	3	9	4	
6	1	3	3	
8	8	
7	24	
4	18	0	16	5	22	8	13	3	5	
6	14	8	12	1	15	
2	17	8	13	0	25	3	6	
0	22	
2	4	8	6	7	18	
6	18	5	4	4	15	
6	9	8	17	5	19	3	7	
3	18	
6	4	3	21	
5	4	2	16	4	1	8	25	9	15	
6	11	1	16	7	6	4	24	0	10	
8	13	
8	16	4	10	1	9	0	11	5	24	
1	20	0	5	5	12	3	15	
7	6	1	14	5	12	
6	2	9	10	5	16	0	13	1	14	
2	15	9	7	6	25	5	21	0	5	
9	21	2	22	3	2	1	8	
4	3	1	2	0	18	
8	2	
3	5	6	4	9	15	5	21	
4	13	
0	24	9	15	8	13	6	7	2	11	
4	24	7	10	8	15	3	13	
0	19	9	25	5	10	4	15	
9	11	8	20	6	19	4	15	
4	24	
0	20	6	18	7	11	1	12	
1	23	0	20	4	1	8	19	
9	1	7	22	6	3	2	10	1	5	
7	20	3	8	5	24	2	13	6	15	
7	22	3	9	6	3	2	21	5	7	
8	13	4	21	5	15	
7	23	4	4	
3	2	8	7	0	9	2	11	1	4	
9	22	4	9	8	14	
7	16	5	14	8	8	9	9	2	17	
0	2	8	1	6	12	3	11	
5	7	6	1	7	24	4	25	
4	23	
6	18	
3	24	1	8	
3	20	
2	19	0	9	8	5	4	4	5	2	
0	15	4	2	7	17	5	16	8	21	
2	25	1	3	7	22	
3	7	1	8	
8	23	2	17	3	16	
6	15	8	24	2	18	4	19	
5	6	9	20	1	10	
7	25	1	4	8	1	6	24	3	3	
1	9	2	15	4	8	
9	14	5	9	4	15	
5	19	8	5	6	1	7	17	1	18	
6	16	
3	21	
4	6	7	2	9	19	
5	25	
8	11	7	12	
1	13	4	19	
4	18	5	16	9	3	0	20	
9	2	2	13	
1	5	3	14	2	18	7	1	8	21	
5	12	8	20	7	10	
4	8	2	15	7	16	8	21	
1	16	0	17	4	3	
4	2	5	23	8	7	1	18	
5	24	
7	4	0	2	9	18	8	16	1	5	
1	18	3	10	6	17	8	24	5	14	
7	9	1	8	8	18	
1	9	5	12	
6	24	5	16	
8	6	5	16	0	24	3	11	6	13	
6	8	3	1	
8	2	9	1	1	20	
2	3	8	17	
3	6	2	22	0	2	4	15	1	18	
0	6	3	16	
9	6	5	9	1	19	7	22	0	20	
8	9	7	2	
4	20	9	16	5	19	
1	9	
6	19	3	9	5	7	
2	25	8	1	6	14	
0	13	8	21	4	4	1	10	5	9	
7	8	
4	21	
4	18	9	7	8	24	3	1	5	8	
6	25	0	24	9	7	7	8	8	6	
7	9	0	11	1	8	3	18	
8	25	0	17	1	8	4	9	6	18	
4	18	9	21	3	9	
1	8	9	14	2	21	4	18	
8	7	
9	19	
7	19	
0	13	2	1	4	2	7	8	
6	7	8	18	9	4	4	17	2	2	
0	20	8	15	1	10	9	3	3	12	
1	17	5	15	
1	10	9	6	7	7	3	4	5	13	
8	24	3	8	0	12	
2	9	9	1	0	18	
3	16	6	15	
1	11	6	8	
1	21	8	23	
0	5	2	21	
3	16	9	5	
4	24	
5	21	
2	21	8	7	7	24	
1	10	
3	12	6	4	8	19	
8	25	
6	23	
4	8	2	14	7	18	9	22	8	5	

Three processing times per job on each machine
The best scenario
401	583	
145	450	
519	450	
131	129	
65	149	
449	386	
636	537	
171	450	
1110	369	
121	289	
854	1050	
161	165	
188	206	
221	245	
186	306	
40	140	
892	364	
643	671	
237	502	
430	203	
282	601	
166	171	
1005	1407	
707	1073	
390	432	
897	562	
452	244	
213	131	
617	719	
385	150	
248	113	
557	286	
167	483	
63	91	
248	224	
293	648	
456	645	
967	394	
350	155	
770	1012	
270	1000	
117	73	
510	171	
983	418	
320	281	
618	304	
496	489	
333	198	
679	533	
281	232	
419	520	
290	96	
221	193	
1222	465	
362	238	
493	265	
289	136	
234	316	
51	122	
833	723	
220	845	
215	125	
96	276	
268	342	
153	280	
345	639	
219	234	
220	514	
800	367	
417	615	
363	709	
544	468	
640	542	
629	440	
269	287	
40	41	
121	258	
308	336	
778	894	
677	252	
300	184	
241	354	
799	718	
927	735	
944	325	
356	193	
404	460	
296	453	
167	137	
447	675	
639	761	
547	470	
138	289	
820	719	
133	114	
787	608	
638	597	
63	82	
412	195	
181	214	
491	872	
409	392	
91	172	
586	313	
482	370	
597	229	
210	364	
784	590	
1139	767	
78	218	
152	524	
546	204	
696	660	
206	544	
446	640	
390	1027	
270	514	
91	170	
362	429	
539	540	
426	569	
265	93	
149	172	
186	282	
881	566	
128	86	
255	258	
168	283	
103	353	
834	577	
633	699	
308	335	
231	575	
115	191	
51	196	
229	503	
295	241	
406	253	
234	190	
453	892	
818	439	
1225	871	
174	196	
572	410	
451	1059	
473	259	
144	56	
130	168	
328	498	
212	154	
Most likely scenario
458	689	
227	777	
826	632	
193	232	
97	223	
477	486	
860	833	
260	664	
1298	644	
162	313	
987	1288	
181	185	
323	210	
282	414	
194	446	
60	221	
1441	662	
735	687	
243	539	
495	308	
372	612	
196	241	
1328	1413	
879	1176	
464	493	
898	687	
565	432	
242	136	
693	816	
720	178	
255	219	
684	466	
177	584	
122	133	
252	397	
352	817	
731	697	
1227	742	
451	240	
783	1154	
373	1090	
145	102	
529	280	
1239	460	
402	420	
841	337	
538	750	
494	349	
696	676	
292	284	
585	641	
348	151	
283	210	
1444	600	
671	299	
549	296	
341	244	
322	576	
62	224	
1128	1096	
299	896	
248	177	
120	330	
435	496	
245	297	
489	1022	
263	263	
437	870	
804	686	
566	907	
407	906	
642	714	
697	814	
673	746	
364	394	
71	80	
132	279	
502	457	
953	1377	
1030	310	
337	208	
426	558	
984	751	
1008	981	
1086	455	
389	259	
490	538	
393	459	
303	222	
828	1103	
1124	1196	
1087	559	
140	455	
989	1106	
150	219	
815	1176	
682	712	
119	138	
448	285	
188	274	
576	932	
526	496	
174	274	
719	352	
554	437	
661	357	
244	374	
977	932	
1183	1022	
97	290	
225	538	
592	342	
1170	1042	
412	625	
540	910	
602	1214	
305	795	
160	271	
478	606	
1030	892	
550	832	
301	155	
287	281	
195	311	
974	604	
197	123	
335	307	
174	408	
193	439	
1189	941	
887	989	
363	651	
375	577	
212	201	
84	263	
423	598	
396	377	
794	376	
402	244	
629	919	
932	765	
1273	1150	
236	211	
973	511	
872	1157	
862	458	
271	105	
214	238	
572	531	
292	247	
The worst scenario
546	971	
267	850	
1234	941	
215	319	
102	329	
606	705	
974	960	
321	838	
1901	957	
242	464	
1412	1868	
225	198	
375	224	
339	523	
247	582	
79	318	
1917	727	
763	750	
309	756	
572	371	
468	796	
199	350	
1515	1883	
1113	1181	
676	512	
1303	693	
699	520	
254	141	
773	1061	
958	197	
258	312	
703	494	
210	607	
176	188	
312	589	
396	871	
780	734	
1382	789	
634	324	
1044	1599	
516	1153	
213	103	
611	406	
1766	617	
496	586	
1102	377	
613	1025	
499	442	
972	721	
381	387	
649	941	
496	155	
420	213	
1569	775	
815	427	
623	349	
453	321	
354	840	
75	247	
1380	1249	
304	1259	
296	214	
178	495	
596	545	
344	406	
581	1133	
391	354	
559	1134	
1200	798	
711	1075	
522	911	
691	918	
832	960	
750	999	
406	416	
95	104	
194	352	
593	534	
1286	1391	
1468	399	
397	287	
618	755	
1225	784	
1250	1376	
1551	459	
570	345	
651	619	
521	655	
423	300	
1223	1216	
1135	1553	
1610	755	
162	483	
1330	1480	
213	268	
927	1454	
744	1039	
154	203	
651	424	
189	342	
860	1303	
542	643	
185	285	
772	425	
719	494	
711	397	
322	486	
1198	1199	
1475	1500	
128	320	
318	708	
731	417	
1329	1334	
447	673	
740	932	
753	1684	
365	869	
217	402	
595	827	
1497	1108	
742	960	
316	205	
408	345	
287	448	
1381	875	
258	160	
439	420	
246	577	
255	511	
1631	1307	
1240	1399	
428	811	
441	617	
255	284	
99	303	
546	608	
516	524	
981	439	
518	341	
770	1046	
1010	1055	
1884	1433	
300	288	
1192	640	
1296	1316	
1033	510	
401	109	
276	329	
662	657	
415	254	
