Factories	7	Jobs	100	Machines	3

Total number of component types per job processed by HSPM
11	7	8	5	7	10	9	6	11	7	11	7	5	11	6	5	5	11	8	8	11	11	5	8	8	9	9	7	11	6	12	9	5	5	6	9	7	7	11	5	10	6	8	5	6	8	7	8	8	6	7	9	6	6	8	8	5	5	5	11	5	9	10	6	10	7	8	8	7	8	7	8	6	10	12	8	11	12	11	9	10	9	7	7	6	8	7	7	12	11	11	6	6	8	8	12	12	5	7	9	

Total number of component types per job processed by MFPM
2	4	4	2	4	4	1	2	2	2	1	5	1	1	1	1	2	5	4	2	1	4	1	4	4	5	2	5	5	1	2	5	1	4	3	5	4	2	5	1	2	5	1	4	4	2	2	1	2	4	1	1	4	2	3	1	5	2	4	1	1	1	5	2	1	2	5	1	4	3	2	5	3	2	1	1	5	5	1	2	5	2	1	1	3	2	4	2	2	5	2	5	4	1	3	3	2	5	4	4	1	1	5	2	4	3	4	1	4	5	2	4	1	3	1	1	4	1	4	1	5	1	4	4	5	2	1	4	2	1	5	5	5	1	4	1	4	4	1	2	3	1	2	2	5	2	3	2	5	2	2	4	5	5	2	5	5	3	4	3	5	2	3	4	5	2	3	2	4	4	4	5	4	3	1	4	3	4	5	3	3	2	5	2	5	5	4	3	4	5	3	2	3	2	2	2	1	5	5	5	

All component type numbers for each job to be processed by HSPM
2	28	16	52	13	56	5	50	18	41	1	37	8	2	0	27	19	24	10	21	15	67	
6	5	4	49	7	62	13	64	2	58	18	42	5	52	
9	11	1	57	4	19	0	15	12	61	5	36	7	58	13	74	
3	5	19	52	6	68	10	10	17	19	
13	5	2	23	12	58	0	65	14	9	4	36	6	43	
3	38	14	75	5	33	18	60	4	21	11	51	7	13	12	30	10	59	8	37	
3	33	15	59	4	20	14	49	5	18	8	26	0	54	6	62	7	52	
12	33	0	70	16	9	11	24	10	73	19	65	
19	10	4	47	11	34	2	3	1	22	13	48	10	66	0	58	18	24	9	61	6	33	
6	21	13	40	19	27	15	38	10	26	11	47	5	33	
16	47	13	55	11	33	0	19	9	38	3	48	17	3	8	49	12	50	14	43	6	54	
13	15	5	57	12	42	4	61	10	40	1	28	11	23	
4	19	3	49	2	54	6	45	13	47	
18	43	15	32	3	23	6	11	8	61	9	21	7	8	11	34	5	72	10	44	2	1	
19	16	15	43	7	52	0	44	8	26	12	45	
7	49	0	66	12	6	13	10	16	69	
19	49	1	43	2	10	13	40	3	23	
15	16	9	72	13	25	14	48	0	62	12	66	11	7	4	46	5	21	2	28	10	55	
2	75	12	42	10	29	18	20	5	37	3	60	9	34	14	49	
2	59	3	31	6	68	4	75	10	18	15	15	13	74	8	13	
14	68	17	2	13	59	1	25	12	56	7	27	15	73	4	64	8	15	9	26	6	72	
3	68	0	62	12	28	15	31	11	65	2	9	14	49	17	74	10	2	9	69	18	41	
7	55	19	21	9	7	12	68	4	48	
9	70	12	18	10	35	3	13	19	11	1	17	4	4	8	34	
18	51	3	2	0	74	7	38	4	35	2	56	8	41	17	4	
12	17	11	54	19	40	9	15	0	49	13	20	10	25	8	42	1	5	
16	6	8	42	3	50	15	40	1	27	19	38	6	20	11	8	2	31	
7	19	17	49	15	12	0	1	3	5	12	54	14	65	
10	45	12	1	11	31	1	35	8	66	16	30	13	57	4	43	14	10	3	26	17	59	
3	9	16	65	9	25	7	53	5	22	15	57	
15	26	11	69	18	73	5	52	4	68	1	48	14	39	10	53	12	45	7	5	0	74	19	33	
14	30	10	67	13	33	5	72	12	32	9	22	1	46	16	60	6	65	
10	28	4	16	13	63	14	46	12	60	
14	71	6	27	15	18	19	68	10	29	
18	72	6	55	19	59	15	14	17	19	12	75	
1	56	18	2	11	22	3	70	8	5	7	63	19	38	10	19	2	53	
13	13	8	6	14	74	17	36	15	18	0	59	9	9	
17	24	12	14	5	18	1	60	7	3	19	45	6	6	
6	68	14	49	16	6	3	71	4	16	19	18	7	34	1	33	18	5	5	30	2	42	
12	58	4	16	18	31	8	21	0	4	
11	41	9	56	1	49	0	59	6	28	7	51	10	19	14	38	5	8	12	42	
6	25	13	12	18	20	11	17	17	48	7	44	
2	17	3	38	6	35	11	66	7	23	12	28	16	49	14	57	
2	40	15	66	3	22	10	31	7	8	
11	60	6	30	2	72	8	11	15	64	4	50	
11	39	6	21	4	59	5	31	14	58	13	71	15	64	18	70	
14	38	6	25	1	33	0	7	15	32	2	2	18	68	
13	5	18	38	2	48	6	28	1	14	12	33	5	9	4	50	
4	68	17	71	2	29	16	51	1	40	11	13	13	46	9	73	
7	64	14	41	9	12	0	61	8	47	19	26	
1	6	17	52	11	59	0	50	3	45	16	8	6	2	
11	27	14	10	5	71	0	19	16	61	9	40	1	35	12	13	2	73	
13	3	0	28	10	68	8	2	16	50	18	70	
13	24	4	16	3	17	18	23	10	57	14	74	
12	71	4	25	9	58	13	4	14	63	8	19	3	5	17	48	
10	46	13	41	3	26	9	12	11	73	6	66	19	10	12	55	
0	45	16	58	18	22	8	8	4	47	
1	56	16	21	10	61	17	50	3	17	
7	10	19	63	13	74	1	62	12	37	
7	23	11	64	5	60	6	11	1	16	19	2	14	30	4	55	2	33	8	24	10	59	
17	14	10	56	2	50	9	45	11	38	
12	43	13	13	2	35	14	25	19	72	18	38	7	27	1	10	0	49	
19	63	11	24	2	40	13	11	1	62	16	58	8	36	12	22	14	21	3	56	
16	7	19	64	15	1	10	38	12	22	11	62	
16	11	14	41	9	60	12	50	19	73	5	49	17	52	13	25	7	51	18	42	
15	69	19	5	0	39	9	41	8	48	13	61	1	46	
12	75	9	39	5	10	1	58	7	38	17	18	15	21	6	3	
6	65	14	62	1	1	4	2	19	60	5	70	7	50	12	8	
13	24	19	47	8	37	0	4	7	63	10	9	15	11	
12	47	9	29	16	4	14	16	13	18	11	32	5	34	19	10	
2	6	15	52	4	28	18	51	14	22	13	44	17	13	
19	57	2	38	8	53	16	17	4	51	13	47	6	37	15	64	
1	58	5	72	6	2	4	27	18	15	11	48	
18	27	9	49	4	63	1	17	0	3	10	7	6	25	15	61	16	74	17	65	
5	55	17	12	12	44	19	7	18	63	9	29	15	23	1	30	11	2	4	56	3	43	0	5	
12	5	0	64	4	51	15	58	3	47	16	7	14	59	10	32	
4	47	18	58	14	20	7	31	0	69	11	42	2	4	19	66	8	17	13	41	15	21	
6	35	18	50	9	40	14	28	7	62	3	41	4	1	0	9	10	74	15	61	13	8	19	23	
18	28	2	61	3	13	5	8	0	73	15	10	7	48	10	37	19	16	17	3	1	52	
19	59	3	7	6	34	13	11	0	27	2	72	4	31	11	73	7	39	
14	4	8	23	7	1	19	58	13	44	12	60	1	75	18	37	16	24	2	61	
1	65	19	15	16	71	11	8	8	23	15	25	10	24	12	59	13	50	
15	52	17	70	5	2	11	50	7	26	9	28	19	49	
12	46	15	23	5	43	4	26	7	14	0	20	19	61	
16	20	9	51	5	56	4	15	2	10	7	9	
13	46	7	58	17	22	2	42	16	39	12	61	9	20	4	50	
3	24	4	69	8	31	6	29	7	26	9	41	1	60	
13	32	17	3	0	2	2	66	12	17	11	55	19	54	
8	72	1	45	3	49	11	14	16	15	17	35	4	50	14	43	0	61	15	5	7	4	9	18	
0	74	8	41	11	19	6	61	7	69	4	6	13	27	17	56	3	21	1	12	15	71	
5	51	9	28	18	68	7	58	11	56	17	49	14	44	2	73	4	40	0	11	16	12	
7	6	8	16	6	19	14	38	2	59	3	20	
12	30	15	15	2	13	18	71	6	69	9	53	
10	27	0	23	5	47	17	39	7	61	19	21	9	37	11	15	
14	57	16	45	11	56	19	27	7	68	1	26	4	46	6	28	
18	13	2	50	12	34	19	27	10	20	15	69	7	17	4	41	0	16	17	70	5	43	1	46	
11	28	7	39	2	63	6	10	18	71	8	62	17	13	9	35	13	3	0	11	15	40	16	69	
3	21	10	63	16	18	12	46	5	29	
9	65	2	57	6	75	8	38	0	48	14	4	1	28	
12	67	19	72	17	45	13	3	1	69	14	18	16	64	8	22	9	62	

All component type numbers for each job to be processed by MFPM
7	25	0	24	
4	35	8	49	3	40	0	32	
6	9	3	18	7	6	1	12	
3	43	9	36	
2	2	7	9	3	5	0	14	
2	37	6	29	5	41	9	43	
3	5	
9	48	4	42	
5	24	0	25	
4	43	0	40	
3	2	
9	49	2	45	0	41	6	42	7	50	
4	12	
1	30	
5	16	
5	29	
7	13	0	4	
9	27	0	48	6	29	7	47	5	37	
4	7	1	24	9	16	2	14	
0	35	7	37	
0	8	
3	43	1	48	8	45	7	35	
4	5	
7	32	5	26	8	45	1	40	
2	18	6	14	8	9	3	7	
4	48	7	41	5	28	3	31	9	40	
4	4	6	3	
4	49	0	47	1	29	7	48	3	36	
5	12	0	17	3	21	6	9	9	16	
4	48	
6	17	9	25	
1	34	6	47	4	35	2	26	0	37	
4	13	
0	42	5	43	9	47	3	39	
9	21	6	19	1	7	
2	36	5	33	9	27	6	50	4	26	
1	21	8	23	3	4	0	1	
3	49	6	41	
2	3	8	6	0	20	7	9	1	1	
3	44	
6	13	1	8	
2	40	0	31	7	45	8	49	3	47	
8	12	
9	29	3	41	6	38	1	35	
5	16	9	5	7	15	6	3	
4	28	5	40	
8	19	6	16	
5	33	
5	23	6	2	
6	33	0	40	5	26	4	28	
2	8	
1	46	
6	25	3	14	1	4	8	20	
1	28	3	45	
4	23	3	13	1	8	
6	26	
5	5	8	19	4	3	7	9	1	21	
1	36	9	39	
3	20	5	12	7	3	6	7	
4	50	
6	15	
4	48	
0	5	6	23	1	22	3	18	9	8	
9	27	5	30	
8	13	
2	32	7	43	
4	10	0	8	8	9	7	5	2	4	
3	40	
7	16	3	9	4	13	6	22	
3	43	6	26	0	28	
5	5	0	4	
9	33	0	47	5	32	2	27	8	39	
5	11	2	13	1	10	
4	32	3	47	
0	10	
6	33	
0	16	1	1	6	4	9	10	2	18	
4	46	8	40	2	50	6	28	7	33	
4	25	
9	31	2	34	
4	19	3	12	1	24	7	20	8	23	
6	43	0	29	
0	17	
5	47	
3	2	4	23	1	21	
5	31	8	37	
6	17	3	11	7	13	4	10	
7	43	6	29	
8	21	7	14	
5	42	1	35	4	29	0	49	8	28	
9	10	8	21	
7	29	5	32	6	35	3	44	2	30	
8	25	3	5	7	9	6	21	
0	48	
0	20	8	21	7	11	
9	32	0	49	6	35	
7	3	1	22	
8	34	0	36	9	27	3	38	7	49	
3	22	7	9	4	11	0	12	
3	38	0	44	1	28	2	36	
0	20	
1	33	
2	17	7	25	1	22	4	1	9	21	
1	30	3	28	
7	6	2	5	9	17	4	2	
1	34	5	47	7	45	
2	10	4	23	0	18	3	16	
2	40	
7	3	3	21	8	12	1	13	
2	37	5	28	3	47	6	49	0	36	
3	8	8	20	
7	46	8	37	6	35	4	43	
7	24	
4	50	2	49	5	37	
8	2	
3	32	
1	10	0	15	4	3	7	5	
2	34	
8	19	6	15	9	5	1	20	
7	44	
6	3	7	11	5	5	0	10	1	8	
0	46	
7	7	9	8	3	11	1	12	
8	41	5	26	6	43	4	32	
7	2	9	17	6	25	1	21	2	22	
7	36	4	31	
9	16	
3	26	1	31	9	45	8	40	
8	24	3	12	
7	43	
7	21	4	6	5	10	8	1	9	22	
0	29	7	31	9	38	3	35	6	50	
4	4	1	13	5	8	8	23	2	5	
5	28	
7	4	1	21	4	11	9	6	
4	27	
4	12	1	23	6	21	2	10	
1	49	7	39	4	32	3	33	
9	21	
0	33	1	50	
3	18	5	17	8	23	
7	48	
0	13	9	4	
5	36	3	49	
2	16	3	7	0	5	5	4	7	15	
9	31	8	47	
6	24	8	7	4	8	
1	37	9	39	
5	16	6	8	4	18	2	17	0	24	
1	44	2	39	
7	7	2	17	
8	28	4	26	3	33	0	30	
8	6	3	10	0	22	5	7	9	17	
0	27	2	50	6	45	1	42	5	29	
9	14	2	22	
7	41	2	39	6	38	9	46	5	29	
4	11	2	3	6	25	5	22	3	1	
7	45	1	44	9	26	
6	9	5	21	4	2	9	8	
8	41	4	37	1	31	
9	21	2	23	4	1	0	13	7	10	
4	46	5	38	
0	16	9	12	3	13	
6	39	7	42	9	36	2	35	
7	10	1	14	9	9	6	13	4	19	
1	45	2	35	
8	4	6	15	4	8	
5	39	6	28	
2	16	7	8	3	24	9	14	
3	26	9	46	1	28	2	36	
2	6	7	21	1	11	4	7	
9	49	7	47	4	46	2	32	6	40	
4	24	2	10	7	1	9	19	
4	36	9	49	0	48	
8	1	
5	32	7	27	0	36	3	35	
6	19	1	14	8	13	
2	33	7	42	5	39	4	26	
0	16	7	21	9	9	5	13	4	23	
7	27	4	36	2	42	
2	24	0	8	4	9	
1	38	7	42	
8	4	4	2	9	10	7	11	5	21	
9	50	8	38	
7	7	6	10	4	24	8	23	3	18	
2	36	3	47	6	28	7	37	9	27	
3	23	9	3	6	9	7	10	
6	26	1	46	3	45	
4	6	7	8	3	20	1	11	
6	33	0	29	5	39	1	36	2	35	
5	6	9	4	8	18	
8	42	7	32	
4	15	3	8	1	13	
3	48	8	40	
6	16	5	5	
2	30	5	41	
9	25	
4	48	6	39	9	31	5	41	7	49	
4	8	6	10	8	9	9	11	2	22	
0	41	5	40	9	26	8	46	2	45	

Three processing times per job on each machine
The best scenario
122	265	272	
67	43	98	
515	120	166	
176	344	274	
22	56	71	
70	126	173	
401	149	80	
73	140	76	
48	18	21	
195	97	53	
100	99	79	
79	61	140	
153	90	278	
201	130	134	
386	173	154	
59	52	78	
290	501	125	
220	171	301	
48	38	61	
203	274	132	
299	307	284	
36	18	13	
309	226	150	
226	264	118	
76	92	177	
288	225	189	
29	57	65	
62	62	37	
293	237	90	
246	165	275	
10	14	41	
179	107	99	
191	343	286	
26	66	148	
264	227	122	
46	41	32	
144	189	108	
67	91	81	
127	244	171	
29	52	61	
146	168	71	
181	190	199	
28	49	13	
440	104	351	
77	28	42	
33	83	48	
67	48	82	
123	341	239	
35	21	82	
31	55	27	
338	218	112	
219	79	184	
235	49	172	
99	122	46	
281	231	243	
444	436	301	
297	330	217	
287	167	448	
81	111	111	
285	296	142	
282	158	153	
102	202	113	
188	135	258	
112	77	41	
255	140	91	
153	194	178	
125	214	353	
178	111	121	
91	159	192	
217	302	112	
311	66	106	
217	106	114	
90	82	128	
80	62	78	
198	239	503	
185	197	101	
241	200	329	
17	41	33	
135	67	44	
236	142	171	
21	8	18	
91	60	84	
140	106	202	
122	257	386	
82	67	26	
27	48	66	
122	365	110	
243	349	272	
204	204	301	
167	147	111	
135	134	84	
272	370	203	
154	80	91	
69	82	79	
155	258	132	
284	104	99	
108	199	271	
193	328	363	
54	73	27	
108	86	261	
Most likely scenario
175	418	431	
111	71	144	
519	155	188	
226	522	332	
44	106	79	
77	205	183	
407	155	123	
141	184	86	
50	21	40	
204	109	65	
163	112	123	
135	94	190	
205	120	310	
390	138	259	
459	247	304	
103	85	79	
455	545	210	
283	342	416	
66	57	101	
258	284	254	
316	343	289	
53	28	25	
310	370	246	
379	307	175	
152	141	284	
378	338	294	
46	65	97	
67	79	48	
359	299	99	
486	286	290	
18	15	54	
186	149	108	
198	408	413	
46	76	176	
451	294	184	
63	50	44	
158	235	212	
108	108	89	
143	297	286	
34	56	70	
248	280	85	
302	286	211	
41	52	21	
448	138	510	
88	36	49	
58	88	94	
125	74	93	
208	475	334	
43	42	152	
49	86	32	
483	241	168	
283	115	192	
339	91	193	
104	134	68	
287	369	279	
610	554	468	
399	362	300	
573	205	488	
83	143	114	
320	373	226	
305	265	299	
140	344	187	
212	151	264	
118	117	56	
336	212	148	
207	243	339	
180	316	380	
231	129	146	
171	204	241	
306	328	154	
338	106	133	
259	180	118	
155	83	148	
101	110	106	
291	266	597	
279	232	200	
246	226	462	
30	51	48	
210	129	87	
259	177	283	
28	16	31	
120	72	112	
221	181	261	
210	322	442	
142	74	52	
30	88	72	
164	373	189	
412	434	382	
230	241	385	
217	266	131	
165	149	97	
396	430	399	
195	109	138	
134	100	127	
293	477	178	
467	173	121	
171	322	273	
317	586	386	
58	76	39	
161	142	437	
The worst scenario
186	430	472	
121	91	162	
646	175	275	
248	743	348	
51	116	84	
84	300	184	
567	192	172	
179	195	123	
71	26	41	
213	113	92	
225	167	142	
142	119	252	
213	137	450	
404	196	291	
687	308	399	
123	121	96	
568	618	292	
341	359	509	
94	70	121	
306	411	362	
470	345	369	
54	34	33	
439	544	351	
565	311	199	
155	185	289	
443	466	426	
68	88	144	
86	99	56	
496	335	123	
562	424	391	
26	18	68	
243	184	121	
233	421	610	
59	94	198	
547	402	250	
92	51	57	
193	239	228	
135	137	116	
162	333	346	
49	81	96	
362	313	119	
368	333	272	
45	63	22	
660	162	610	
100	50	62	
82	99	130	
183	92	134	
298	668	430	
50	47	215	
64	111	47	
612	284	214	
371	121	240	
508	131	226	
146	194	91	
333	428	339	
613	748	471	
585	484	314	
659	264	554	
114	148	165	
450	405	250	
449	346	380	
148	433	270	
245	223	312	
121	139	79	
444	291	153	
301	312	425	
190	460	522	
280	191	177	
229	305	349	
398	434	227	
428	126	174	
360	209	119	
201	114	180	
133	165	116	
297	325	835	
347	294	290	
272	304	645	
35	53	58	
310	138	117	
285	237	392	
42	19	33	
178	83	145	
297	255	262	
248	399	599	
184	82	76	
41	126	78	
192	461	215	
415	550	429	
265	259	468	
302	311	168	
235	173	113	
462	451	563	
292	141	170	
155	148	165	
326	604	216	
683	181	167	
227	455	397	
328	669	436	
79	82	51	
240	144	617	
