Factories	6	Jobs	150	Machines	3

Total number of component types per job processed by HSPM
9	5	7	7	9	5	9	9	9	7	6	10	10	6	5	11	6	5	7	6	7	12	7	9	8	6	9	7	11	10	5	8	11	9	11	11	12	8	8	9	7	6	10	11	10	7	9	6	7	11	7	6	12	9	9	9	11	8	6	6	11	7	8	6	6	10	8	9	12	8	7	12	9	12	10	10	10	9	5	8	6	9	12	6	10	7	6	10	5	12	11	7	6	7	7	6	11	8	7	11	11	7	12	12	5	8	5	6	11	10	10	9	10	8	7	12	11	8	5	11	7	10	7	8	5	11	11	9	8	11	8	9	8	11	7	8	5	11	5	7	11	11	7	7	10	8	7	10	6	10	

Total number of component types per job processed by MFPM
2	3	5	4	3	2	3	1	5	5	4	4	5	3	4	1	1	5	1	5	1	5	1	4	4	1	2	1	2	3	2	5	5	4	1	1	3	5	1	2	4	4	5	3	4	4	1	5	5	3	2	1	2	4	3	5	1	3	2	1	1	5	5	5	5	5	5	3	4	5	3	2	4	1	5	2	4	5	5	3	2	5	1	4	4	2	5	2	5	4	4	2	1	5	4	5	3	3	2	4	2	1	1	1	4	3	3	1	1	1	4	5	4	5	1	4	3	3	3	5	1	1	5	4	5	2	1	2	4	2	2	3	5	3	4	3	3	3	3	3	3	1	5	2	4	4	2	1	2	4	1	3	1	2	5	5	2	3	1	2	2	5	5	3	5	2	1	2	5	1	3	3	3	4	1	3	5	3	3	3	1	4	2	5	3	5	3	3	2	2	3	4	4	2	2	1	2	1	1	2	5	5	2	5	5	5	1	5	4	5	1	5	3	4	2	2	2	3	3	5	2	4	2	3	5	3	3	3	2	3	1	3	1	1	2	1	5	2	4	1	2	2	1	3	1	5	5	2	2	5	2	2	4	2	4	1	4	4	4	4	2	1	1	3	3	3	4	1	3	4	5	4	4	4	4	2	4	2	2	1	1	5	1	2	3	3	4	1	2	4	5	5	4	3	5	5	3	3	3	2	

All component type numbers for each job to be processed by HSPM
0	18	16	44	19	38	3	9	17	5	5	47	18	75	7	43	2	30	
7	68	6	8	8	13	10	21	5	27	
4	60	16	12	18	53	10	31	19	43	12	32	15	20	
5	9	9	36	13	34	11	4	16	48	7	64	4	70	
2	12	18	22	12	70	7	20	5	45	4	23	1	75	17	15	10	4	
17	23	5	51	18	49	6	1	13	74	
19	68	5	65	3	35	4	34	14	5	1	36	0	64	17	23	16	51	
3	13	0	49	10	18	7	45	1	53	15	58	5	48	17	28	18	73	
18	3	19	48	2	2	12	27	11	35	10	68	3	45	16	10	17	13	
14	70	5	40	18	18	3	28	8	59	1	23	6	74	
10	45	12	28	6	55	11	68	9	50	7	14	
7	42	17	70	10	64	15	61	16	26	2	33	19	67	14	20	4	58	12	66	
0	59	8	74	12	14	17	75	18	5	15	67	7	50	3	29	19	43	9	24	
5	23	4	27	8	7	2	39	12	46	15	72	
11	26	8	51	5	54	18	42	12	17	
0	60	18	67	2	16	15	14	8	75	13	18	11	34	19	27	14	68	4	23	10	62	
18	48	1	5	3	17	6	57	7	1	16	38	
19	70	11	43	18	9	8	48	1	14	
15	15	1	52	8	55	9	59	0	40	10	66	14	73	
14	14	0	41	13	21	9	65	16	68	15	44	
11	40	13	74	12	26	7	31	1	73	14	22	6	30	
11	45	16	71	10	75	1	19	7	6	2	21	17	39	0	12	18	28	8	22	3	43	9	54	
5	27	1	75	15	3	3	56	8	37	19	55	10	33	
8	50	13	21	18	4	12	6	16	36	4	38	11	74	2	42	7	7	
18	74	17	52	16	27	14	2	1	24	10	63	2	32	15	54	
11	36	16	57	2	14	7	41	9	13	15	32	
12	51	14	21	13	65	3	11	8	42	18	10	5	22	4	17	10	24	
18	50	15	38	7	47	3	73	11	64	14	69	4	74	
14	30	2	62	1	60	12	50	18	12	16	10	6	72	4	6	19	3	0	65	10	48	
2	29	4	30	7	21	19	56	10	47	3	17	0	24	17	55	6	10	5	31	
3	13	8	37	17	67	18	24	9	26	
18	50	1	55	16	23	9	25	17	63	6	75	4	1	19	43	
14	49	4	70	19	2	15	50	8	18	11	55	12	61	16	74	5	53	7	64	18	4	
18	72	4	33	8	59	0	44	3	16	16	19	17	57	11	47	15	1	
6	16	19	64	12	29	2	67	4	71	11	38	1	33	15	39	16	17	17	42	3	12	
9	59	13	70	6	45	7	61	10	14	11	7	3	2	2	20	0	31	1	37	4	46	
12	54	15	30	13	23	7	49	1	1	14	73	8	35	19	17	16	56	6	19	10	7	9	6	
9	2	19	56	15	19	16	16	2	32	12	30	6	18	14	33	
12	64	14	38	3	22	11	24	15	48	0	42	1	8	18	56	
0	15	17	45	18	71	12	52	7	27	8	37	19	32	14	38	13	55	
12	36	16	41	19	39	1	56	14	54	3	52	10	75	
0	56	17	7	15	43	12	14	9	9	5	59	
2	32	15	44	7	5	3	16	5	43	18	4	11	3	8	58	13	62	9	1	
2	19	4	10	1	65	14	41	0	6	5	63	13	22	18	36	16	42	3	46	11	9	
4	51	17	40	13	38	3	9	14	74	1	12	8	59	18	56	9	52	12	29	
13	63	17	13	5	8	18	29	0	42	7	5	19	45	
17	54	9	57	14	20	7	58	0	71	13	28	6	27	5	62	2	32	
3	74	18	9	5	72	1	51	0	4	4	5	
7	69	3	25	4	20	13	72	18	8	11	26	17	36	
15	19	3	51	13	10	0	28	2	26	1	17	8	52	17	75	5	74	10	48	11	8	
14	40	13	28	17	17	6	14	18	12	2	60	3	26	
1	33	15	71	19	75	6	56	7	40	16	44	
8	32	3	73	2	35	7	33	10	48	0	18	9	67	12	46	19	58	6	49	14	7	13	8	
15	57	9	60	18	10	7	40	5	20	2	1	10	5	11	67	17	42	
14	50	10	26	12	10	6	63	8	8	17	71	15	36	9	7	11	45	
4	33	8	49	19	69	17	5	14	19	10	42	13	37	2	58	12	10	
0	54	12	11	18	14	11	66	15	9	13	6	6	41	16	36	14	18	7	33	17	29	
9	17	13	59	18	28	14	50	17	66	7	10	6	73	19	33	
6	43	8	39	16	21	10	63	4	16	11	22	
6	72	1	71	2	36	16	6	8	70	9	73	
10	75	19	72	17	64	4	73	15	52	16	51	18	1	7	60	8	34	13	56	12	3	
13	47	5	43	16	63	11	23	19	5	17	58	9	31	
9	6	16	68	11	28	14	62	5	7	18	17	4	67	17	5	
6	61	7	54	13	65	11	29	1	70	10	13	
14	19	13	36	18	41	0	38	2	52	1	55	
0	58	19	15	15	53	12	20	1	65	5	29	16	24	4	69	18	18	2	55	
9	70	17	75	19	55	16	36	0	62	2	37	5	60	6	56	
18	67	13	64	17	30	14	29	2	36	5	18	16	24	15	62	1	74	
9	18	18	3	11	38	12	21	1	20	8	61	0	11	4	65	14	41	19	26	6	6	2	14	
6	16	1	14	17	13	11	50	3	66	15	55	13	45	7	42	
11	38	15	63	6	8	2	35	9	75	12	2	10	37	
18	8	15	60	2	19	17	51	8	12	14	33	11	3	4	21	3	28	1	26	16	74	10	61	
4	32	1	18	0	44	12	58	11	35	5	21	19	28	16	1	17	15	
11	61	12	51	2	69	18	57	1	52	3	14	17	3	0	1	7	45	13	22	15	23	8	74	
4	5	7	2	1	31	10	60	19	71	17	38	2	36	18	57	14	18	5	48	
10	35	19	20	1	52	17	4	6	17	4	1	15	40	8	38	7	12	12	8	
6	15	16	37	17	19	10	20	18	61	0	43	7	33	9	63	3	9	13	11	
13	11	19	60	18	14	15	10	5	75	6	56	10	61	4	62	3	23	
12	53	5	74	8	25	14	67	11	7	
13	57	15	36	19	66	6	9	3	6	10	30	12	22	5	24	
10	14	6	44	15	38	19	62	12	5	0	54	
3	64	15	19	6	20	16	52	5	62	4	54	14	74	1	18	18	7	
0	3	15	63	2	16	14	35	3	26	17	24	4	75	11	72	13	8	10	27	5	20	6	62	
12	12	7	10	4	25	17	56	18	29	8	48	
11	53	2	1	7	40	12	9	9	74	15	55	4	43	18	47	5	32	19	25	
15	48	4	34	5	18	3	68	19	39	1	20	7	6	
16	39	9	7	8	14	6	16	17	75	18	44	
12	70	8	26	7	72	13	68	11	6	6	47	0	41	3	38	14	21	10	50	
4	61	9	10	18	68	13	69	15	2	
3	14	10	57	12	26	13	35	16	72	18	48	9	67	4	55	14	7	17	16	11	4	15	20	
3	17	13	74	17	28	15	29	12	2	1	19	11	10	10	33	9	9	8	60	16	38	
17	53	3	54	19	43	15	34	10	35	16	8	0	20	
4	27	17	19	0	28	9	6	15	24	2	63	
16	63	17	14	3	64	19	17	0	67	9	15	5	13	
15	47	9	3	0	64	14	58	18	57	1	15	3	56	
8	70	9	67	19	44	3	34	15	42	16	2	
11	68	17	19	7	53	15	24	14	65	10	41	3	23	9	22	12	7	6	59	4	63	
18	60	3	32	13	14	4	7	14	49	1	44	10	43	11	20	
4	4	17	48	11	63	10	14	13	16	18	43	16	37	
18	58	17	62	15	42	2	25	4	12	6	15	0	20	9	72	12	3	19	14	11	37	
18	9	16	40	7	4	13	16	14	21	5	32	10	12	6	20	3	50	17	43	15	35	
11	60	7	52	8	8	1	29	16	51	9	75	10	20	
17	5	2	28	4	63	18	3	0	75	13	60	15	26	7	33	6	16	11	11	9	41	1	44	
18	72	17	46	1	58	4	27	13	65	0	60	10	28	11	54	3	64	14	33	15	17	8	34	
10	33	16	31	1	22	9	34	13	64	
14	26	7	45	18	6	17	51	5	27	0	46	4	12	12	55	
17	71	3	70	4	14	19	62	14	36	
2	62	9	8	16	50	11	41	13	5	1	69	
12	9	14	33	13	11	5	48	17	5	19	25	16	30	3	68	1	22	15	57	0	14	
18	6	15	61	17	58	10	5	4	59	6	67	3	71	19	19	12	49	7	20	
6	62	18	12	15	19	17	11	0	28	16	57	5	32	3	63	4	54	2	46	
0	22	4	74	2	6	6	2	3	49	10	42	19	66	5	7	7	58	
17	14	1	18	15	24	13	40	14	7	2	73	0	4	6	5	12	26	10	56	
11	24	7	68	4	17	1	33	18	35	3	44	17	61	14	59	
15	46	5	36	6	2	4	74	16	25	9	20	12	18	
5	66	17	34	14	26	7	47	18	21	13	28	10	36	9	48	0	52	15	31	1	7	11	51	
16	21	17	18	1	72	11	41	14	61	15	31	2	12	4	25	12	37	8	24	7	32	
16	62	8	25	9	41	2	34	13	58	18	39	10	29	6	69	
0	31	5	25	17	9	4	29	13	44	
4	40	16	32	14	1	19	63	12	5	18	66	11	74	1	24	9	12	15	58	6	54	
2	62	18	58	3	7	16	61	19	39	7	72	12	18	
17	63	18	28	0	5	15	40	6	7	5	51	1	39	7	11	2	2	8	21	
3	26	5	40	6	45	14	33	2	52	4	51	0	64	
11	2	9	24	14	25	10	51	4	9	15	28	18	44	0	15	
5	38	1	75	16	20	9	36	10	40	
2	59	0	12	3	58	14	34	17	51	12	75	18	23	19	54	4	25	16	38	10	5	
14	73	11	53	18	12	9	51	17	71	1	56	6	39	19	70	10	9	7	55	4	10	
1	73	18	62	12	66	16	25	0	50	14	54	10	3	11	53	5	38	
7	72	13	74	15	47	3	36	17	35	0	56	4	62	2	37	
2	29	10	53	15	9	7	71	3	55	1	49	0	1	19	11	4	21	11	70	18	59	
4	45	0	33	12	57	6	56	3	53	16	35	11	70	14	54	
1	52	5	1	11	73	6	27	3	37	17	35	14	18	16	74	13	70	
3	14	17	75	18	11	15	59	10	1	13	12	0	61	19	52	
0	3	13	10	14	16	15	49	16	25	18	13	11	45	19	9	9	46	6	2	8	66	
19	19	0	12	16	51	6	42	14	44	18	64	8	47	
15	22	0	14	2	53	13	50	4	11	7	10	17	45	16	20	
11	14	4	11	0	16	1	43	6	26	
4	13	3	48	14	4	16	35	9	1	1	8	0	12	12	52	15	73	2	43	10	71	
10	18	14	39	7	12	15	70	11	71	
1	35	7	3	15	75	12	46	16	21	18	65	5	39	
18	59	11	46	14	19	0	69	10	23	8	40	15	36	9	35	6	60	4	33	19	16	
2	11	19	24	8	19	12	54	16	66	14	43	13	36	17	38	4	58	7	40	11	74	
12	54	17	9	14	12	2	41	3	11	11	55	6	59	
5	39	15	28	14	29	0	7	8	13	17	33	9	35	
7	21	10	2	9	63	1	33	15	54	3	35	17	60	0	70	19	67	5	1	
14	43	8	61	13	32	9	15	2	48	15	66	0	39	11	73	
3	53	15	39	0	73	4	36	16	19	17	46	10	62	
0	73	12	4	9	55	19	16	14	26	16	52	2	18	18	42	17	25	7	27	
8	38	10	45	13	74	12	58	19	14	2	64	
17	71	5	73	0	2	2	65	4	44	3	48	9	41	16	7	19	67	12	54	

All component type numbers for each job to be processed by MFPM
9	8	6	19	
3	32	0	41	1	46	
7	12	3	19	1	1	4	11	2	5	
1	39	5	42	6	27	9	36	
2	11	7	22	9	21	
4	38	5	47	
9	18	3	20	4	14	
4	36	
5	22	7	4	8	2	3	17	0	20	
4	34	3	27	1	48	0	30	8	49	
9	6	5	18	0	3	7	13	
8	37	0	28	3	44	7	39	
2	6	4	22	3	10	9	2	6	21	
3	45	9	48	7	34	
6	1	3	7	8	2	7	11	
4	37	
4	1	
8	46	7	36	5	43	0	31	6	35	
0	17	
2	44	8	46	5	47	6	35	7	30	
0	10	
6	36	4	38	3	47	9	32	8	28	
3	7	
4	41	8	47	5	46	3	34	
2	2	0	22	6	18	9	5	
3	32	
2	11	7	3	
4	41	
5	24	0	6	
6	43	1	30	8	48	
0	18	1	3	
8	35	7	37	3	40	5	29	0	47	
7	1	5	3	1	16	2	24	6	6	
1	30	3	29	6	49	8	40	
8	20	
8	32	
2	14	1	13	6	25	
1	49	7	34	0	32	8	29	5	45	
1	20	
7	40	0	44	
6	5	0	3	2	9	3	21	
2	50	9	34	6	45	1	30	
8	17	4	15	5	4	9	10	7	18	
9	35	8	45	1	32	
1	20	3	15	7	13	4	6	
5	37	6	43	2	28	9	33	
7	22	
4	37	2	48	9	45	7	26	3	36	
8	16	5	8	4	25	9	17	0	18	
1	38	9	39	4	30	
8	7	0	1	
4	30	
6	7	4	14	
1	40	3	30	6	31	2	33	
4	14	5	1	7	18	
0	39	9	43	1	32	5	47	7	42	
9	14	
5	46	0	50	1	34	
8	15	2	19	
7	36	
0	14	
0	41	3	32	1	34	4	33	8	47	
2	9	0	23	3	8	9	17	1	22	
6	46	0	39	2	31	9	30	4	37	
4	25	2	7	8	9	1	4	7	23	
2	29	9	47	0	37	4	33	3	27	
9	24	2	17	5	20	0	9	3	14	
0	43	1	48	6	37	
4	11	0	18	7	13	6	4	
6	50	5	38	0	26	8	44	2	49	
9	20	1	8	7	6	
4	43	1	39	
8	1	6	20	5	16	3	24	
2	26	
8	13	9	9	5	20	7	2	0	25	
8	32	4	47	
8	15	3	17	0	3	5	25	
2	26	0	45	8	50	5	40	7	27	
2	10	0	9	5	5	3	24	1	13	
6	49	8	45	1	37	
5	23	0	7	
1	43	8	34	9	27	2	33	4	49	
0	14	
6	39	9	27	8	26	5	29	
3	6	9	11	1	15	5	13	
5	47	9	27	
5	8	2	5	6	25	8	3	4	11	
1	36	8	27	
2	24	3	3	7	7	4	5	6	6	
0	31	5	43	2	44	1	40	
4	8	2	18	3	2	1	22	
5	48	6	50	
4	6	
1	42	9	32	2	46	7	50	0	48	
2	1	9	17	0	10	1	14	
7	27	0	48	6	44	5	49	3	36	
7	9	0	13	3	23	
4	41	3	30	5	46	
3	13	0	15	
6	49	8	48	7	34	2	26	
4	18	5	24	
4	47	
6	22	
8	46	
0	15	7	4	8	7	4	8	
1	42	8	37	3	27	
0	19	6	7	3	15	
8	40	
4	2	
4	50	
2	24	4	6	9	23	7	9	
5	48	7	26	8	40	9	46	2	34	
9	4	5	2	2	23	8	20	
7	45	5	41	0	38	9	46	4	30	
1	9	
6	37	4	41	9	42	0	46	
5	21	1	5	8	13	
4	45	0	47	5	41	
0	13	2	6	1	23	
8	41	3	27	2	31	0	33	6	32	
2	18	
9	49	
3	6	0	20	9	5	8	9	4	4	
4	46	2	43	1	30	5	49	
9	2	8	19	4	16	5	24	2	23	
4	31	9	34	
3	9	
9	35	8	30	
1	5	5	1	2	7	3	18	
4	41	7	34	
1	21	2	2	
0	46	3	50	8	39	
5	20	8	5	3	1	4	9	7	15	
6	37	7	49	5	42	
0	24	7	2	4	18	5	15	
6	49	9	41	0	37	
6	24	8	16	5	10	
3	45	8	37	1	32	
4	12	1	19	8	9	
1	36	2	50	6	37	
9	14	1	3	7	23	
0	49	
9	4	6	22	8	16	0	8	3	10	
9	31	8	48	
6	19	2	10	7	9	4	11	
6	41	3	30	4	38	8	35	
7	16	6	20	
9	50	
1	18	7	7	
3	33	7	28	1	49	2	32	
2	8	
9	33	2	47	8	43	
4	21	
6	50	9	28	
2	1	0	20	6	24	9	11	4	25	
0	32	2	31	7	50	6	35	5	49	
2	15	0	25	
9	44	6	38	1	39	
1	25	
2	38	4	47	
6	8	9	18	
4	49	3	32	8	29	0	33	1	41	
4	8	3	18	9	9	2	6	5	10	
6	34	5	29	7	38	
5	22	4	6	1	14	8	8	2	3	
6	34	4	27	
0	12	
8	31	2	26	
7	8	5	1	9	21	6	2	2	9	
8	27	
5	13	7	24	1	11	
0	40	5	36	7	37	
5	6	7	20	8	13	
6	28	3	50	4	31	8	34	
1	20	
3	33	2	50	9	38	
5	7	2	23	9	13	8	17	7	22	
0	36	6	32	9	35	
1	25	7	17	9	8	
6	29	4	45	8	41	
4	20	
3	40	1	38	0	36	2	27	
7	5	3	7	
8	32	1	34	7	44	2	50	6	45	
8	20	0	7	6	8	
3	42	5	44	6	31	0	28	4	34	
3	11	0	23	2	16	
9	42	3	50	2	31	
6	25	7	9	
1	42	4	31	
3	20	0	14	9	1	
5	48	9	29	4	41	1	47	
7	23	3	17	2	15	6	22	
6	49	2	28	
1	8	8	19	
5	43	
4	10	9	15	
3	36	
1	20	
9	26	6	42	
3	25	4	2	9	9	8	6	7	17	
0	42	1	47	4	39	3	30	6	38	
8	22	0	20	
1	42	4	41	9	46	6	32	2	47	
1	7	9	12	6	24	2	21	3	6	
6	46	9	48	1	42	5	40	2	41	
3	17	
7	45	6	26	3	30	5	37	1	28	
9	19	7	18	0	1	1	11	
9	26	0	32	3	33	1	43	5	28	
7	19	
4	40	1	41	0	35	6	33	7	48	
8	22	5	5	9	20	
4	43	5	40	3	41	9	30	
5	10	9	12	
5	49	6	47	
3	5	5	15	
2	44	6	28	8	39	
6	24	1	8	4	3	
0	28	7	34	4	49	3	48	5	41	
4	15	0	2	
3	26	2	49	0	43	4	41	
4	1	8	8	
1	28	6	31	7	33	
4	20	2	18	1	21	0	9	8	15	
8	34	3	37	4	27	
7	10	4	12	8	18	
1	47	5	34	4	45	
9	8	2	18	
0	27	7	39	4	48	
9	21	
6	31	0	40	4	26	
6	14	
3	39	
2	1	6	24	
1	49	
9	20	7	5	2	25	0	6	3	13	
9	36	2	35	
3	15	5	21	0	13	1	3	
3	47	
5	18	1	19	
5	39	1	36	
8	20	
1	29	6	32	0	28	
8	4	
1	47	0	38	4	35	7	28	5	48	
9	18	7	22	0	10	1	20	8	2	
9	28	8	34	
5	25	1	9	
6	45	3	38	8	29	2	27	7	32	
7	3	3	14	
5	39	7	27	
4	21	6	15	5	25	1	18	
5	47	9	40	
5	23	3	9	8	16	4	13	
8	47	
6	5	5	17	3	15	1	23	
5	39	8	45	2	43	3	26	
6	17	0	15	1	3	3	12	
5	48	3	44	2	35	9	33	
9	4	5	11	
5	31	
0	18	
6	48	1	28	3	26	
7	7	0	22	9	18	
8	44	6	33	7	32	
6	15	0	22	8	2	1	20	
8	31	
4	11	5	25	2	24	
8	46	2	26	4	28	6	40	
5	3	8	11	7	13	3	1	4	21	
6	29	9	36	8	32	1	40	
0	8	3	21	6	3	4	11	
9	30	4	38	2	44	0	45	
4	24	7	17	3	13	5	5	
9	35	0	31	
5	16	3	5	2	11	4	1	
4	49	7	45	
6	20	0	16	
3	29	
8	12	
7	44	9	43	1	48	4	27	3	47	
4	13	
7	41	6	27	
6	19	5	9	0	1	
6	29	5	41	9	39	
6	19	0	20	3	2	9	22	
6	41	
1	1	8	7	
5	27	9	41	8	50	6	26	
8	3	4	1	9	10	3	4	6	22	
1	30	2	44	6	26	3	27	7	34	
8	10	5	5	2	13	4	25	
8	40	5	49	0	36	
9	7	7	14	2	5	6	6	3	2	
7	44	8	43	0	32	6	35	2	34	
7	3	0	20	5	18	
4	41	9	35	5	40	
2	5	6	20	0	10	
9	40	1	26	

Three processing times per job on each machine
The best scenario
805	838	672	
302	176	188	
292	221	602	
565	646	755	
85	153	156	
455	525	371	
286	389	666	
152	340	636	
231	200	167	
966	341	766	
192	179	127	
318	267	184	
747	254	350	
101	120	259	
207	608	147	
724	842	501	
358	519	288	
236	394	223	
50	202	229	
78	66	256	
167	116	217	
421	140	587	
289	169	580	
211	742	314	
200	258	741	
813	882	837	
389	408	664	
488	340	809	
236	101	241	
121	233	398	
635	955	259	
226	79	196	
99	105	246	
107	165	219	
381	1174	1111	
270	162	370	
1162	305	476	
815	1049	263	
322	129	361	
685	783	703	
330	347	211	
245	157	78	
1202	730	751	
940	535	1244	
265	397	403	
214	497	651	
347	378	332	
45	60	77	
451	484	832	
709	372	343	
383	583	458	
491	757	203	
667	545	550	
150	143	79	
233	380	495	
240	212	116	
630	142	303	
414	567	351	
678	746	730	
859	720	547	
799	601	305	
859	854	455	
200	233	179	
623	356	767	
261	282	559	
184	98	271	
865	423	700	
145	431	371	
310	221	136	
119	143	162	
708	445	501	
448	872	833	
768	825	1080	
657	694	727	
193	339	548	
58	48	135	
338	127	157	
433	537	626	
271	356	260	
362	197	403	
472	133	437	
295	664	212	
152	330	410	
218	387	120	
515	146	268	
303	318	204	
399	615	677	
248	186	286	
56	137	61	
819	621	848	
556	608	762	
580	414	269	
240	346	198	
300	246	172	
123	174	210	
358	631	409	
555	429	428	
395	243	525	
286	764	1027	
325	247	648	
200	191	177	
413	311	481	
209	478	340	
872	255	246	
171	223	331	
417	472	278	
204	779	316	
274	261	393	
628	184	291	
253	236	597	
102	254	139	
116	59	237	
296	186	222	
227	111	277	
530	321	359	
347	222	189	
564	472	796	
550	414	348	
494	173	335	
1001	400	529	
489	201	349	
284	320	106	
280	702	994	
502	224	261	
191	146	64	
349	541	277	
104	162	77	
886	704	213	
558	304	306	
204	355	468	
313	194	226	
184	167	83	
535	578	1058	
173	501	132	
78	144	53	
357	434	514	
430	672	309	
454	95	272	
623	418	867	
301	479	488	
871	992	576	
319	834	460	
859	432	1170	
357	302	346	
169	266	300	
513	465	786	
283	636	674	
469	159	113	
997	674	730	
205	122	75	
Most likely scenario
1202	1112	782	
499	188	233	
389	325	634	
687	1098	844	
119	164	211	
631	546	410	
334	647	835	
293	427	734	
322	224	296	
1124	579	924	
205	318	206	
422	398	279	
786	435	492	
186	200	290	
229	939	250	
1130	1255	753	
451	733	326	
251	759	372	
96	232	297	
141	110	332	
174	219	234	
515	199	683	
353	270	625	
373	794	364	
323	491	832	
859	903	1236	
666	445	922	
615	350	1030	
299	162	248	
140	237	448	
816	1048	327	
258	153	210	
127	195	254	
208	186	231	
385	1188	1145	
494	212	501	
1233	517	857	
1525	1194	524	
548	162	419	
777	1088	706	
584	594	254	
246	227	86	
1262	903	1140	
1092	706	1250	
501	732	509	
255	659	706	
538	434	514	
69	68	93	
589	580	952	
992	548	390	
555	785	584	
586	840	215	
1303	972	928	
211	275	121	
311	551	815	
366	319	179	
676	252	397	
801	680	536	
872	1057	1078	
966	1081	845	
978	837	534	
933	1298	533	
214	418	278	
748	660	804	
419	554	1086	
205	110	333	
1050	478	935	
271	458	501	
430	274	146	
122	278	233	
720	470	580	
830	1030	933	
1031	875	1205	
1044	816	1175	
283	579	617	
60	67	173	
351	205	165	
732	619	941	
483	425	346	
712	207	783	
650	260	661	
441	845	246	
178	549	582	
358	427	197	
699	241	271	
497	394	247	
433	918	892	
382	187	385	
60	144	89	
1341	720	939	
856	1088	888	
759	584	508	
271	446	360	
336	302	318	
150	289	234	
371	706	465	
722	482	593	
608	306	549	
357	1179	1148	
590	329	778	
383	269	303	
530	352	664	
287	640	644	
975	325	369	
263	290	404	
776	533	359	
385	830	379	
293	280	447	
749	340	321	
290	351	1153	
173	492	189	
187	113	303	
469	262	439	
281	118	359	
613	501	644	
406	283	285	
882	579	1298	
798	460	629	
556	250	486	
1111	525	1027	
545	383	409	
302	348	173	
429	890	995	
621	446	437	
267	184	122	
366	657	299	
170	192	142	
1345	1230	386	
715	393	580	
394	517	508	
356	218	279	
202	176	113	
616	809	1363	
181	546	181	
104	167	57	
563	565	525	
850	817	357	
549	161	378	
732	727	1254	
583	583	527	
1064	1001	841	
593	881	784	
1080	635	1278	
394	501	392	
184	277	328	
770	847	809	
490	1094	1175	
622	222	226	
1110	1082	737	
251	218	101	
The worst scenario
1763	1607	1115	
731	248	250	
583	468	768	
742	1253	1207	
134	217	217	
750	550	543	
403	674	1104	
344	558	1067	
379	282	439	
1553	700	1034	
257	337	233	
601	595	328	
980	587	720	
267	257	412	
253	994	375	
1638	1547	847	
676	867	347	
319	948	375	
132	325	301	
147	150	389	
245	255	324	
616	212	918	
372	383	655	
549	1167	524	
451	492	1174	
976	906	1853	
919	655	937	
876	521	1379	
403	202	284	
202	258	510	
1130	1453	375	
356	215	245	
155	263	275	
266	189	247	
524	1323	1716	
584	318	563	
1768	562	917	
1546	1791	749	
578	233	620	
965	1594	796	
677	608	341	
255	230	110	
1340	1333	1607	
1427	814	1537	
692	975	692	
285	882	767	
725	502	750	
73	101	127	
596	772	1082	
1355	772	553	
614	916	844	
627	1207	262	
1526	1207	949	
284	376	132	
405	762	989	
512	445	214	
781	321	487	
1054	894	601	
1162	1134	1516	
1304	1183	1040	
1347	1234	605	
1316	1568	603	
303	554	314	
1082	939	1027	
495	601	1474	
280	141	397	
1237	671	1096	
316	568	718	
560	351	185	
176	376	307	
725	633	627	
894	1524	1070	
1540	1100	1509	
1074	1090	1250	
310	792	882	
76	93	216	
378	211	181	
873	913	998	
665	633	397	
986	303	1092	
823	334	974	
571	918	249	
245	667	702	
503	458	232	
766	324	331	
681	583	248	
500	1140	1123	
516	280	511	
66	148	102	
1876	740	1079	
882	1187	1000	
1012	817	545	
272	573	411	
380	403	437	
181	356	243	
418	1047	534	
988	500	848	
666	369	663	
502	1415	1697	
599	420	1068	
493	275	447	
659	524	869	
428	843	755	
1060	388	439	
281	318	581	
1029	591	516	
459	1040	498	
340	351	549	
807	495	356	
311	377	1697	
235	605	197	
198	116	437	
573	274	656	
400	125	475	
880	567	647	
568	417	399	
889	607	1896	
1117	465	785	
777	343	665	
1248	601	1211	
683	394	512	
392	499	176	
465	921	1193	
732	453	547	
286	274	159	
499	956	443	
247	283	155	
1487	1529	440	
860	468	620	
487	559	614	
522	260	399	
255	232	169	
871	1066	2039	
247	725	185	
128	203	61	
674	841	687	
1137	1209	498	
640	183	417	
882	1046	1776	
646	872	604	
1418	1359	987	
596	1228	1164	
1487	926	1767	
531	621	444	
270	404	350	
938	1052	1150	
521	1145	1467	
863	315	237	
1135	1110	979	
320	233	136	
