Factories	2	Jobs	150	Machines	2

Total number of component types per job processed by HSPM
12	11	10	9	9	7	8	10	7	12	11	8	7	6	10	6	8	5	10	8	5	5	7	7	5	8	5	10	7	10	6	8	12	6	12	12	7	8	8	8	11	10	12	5	5	10	7	10	10	12	7	11	9	12	11	12	12	7	9	6	11	11	6	8	9	12	12	10	11	8	9	7	7	5	6	9	9	9	12	9	12	11	6	6	7	8	11	5	5	8	10	11	10	10	12	8	10	5	12	12	12	9	10	6	8	5	8	10	5	10	12	10	6	8	8	9	6	8	6	12	9	9	8	10	12	7	7	5	8	9	10	9	11	10	10	5	8	10	11	8	8	5	6	6	9	5	5	11	6	12	

Total number of component types per job processed by MFPM
3	5	3	2	5	4	3	1	3	1	3	1	3	5	3	1	1	3	3	3	4	5	4	4	4	3	2	5	3	4	2	4	5	1	5	4	3	2	4	4	1	2	5	1	4	5	5	5	4	1	4	2	1	1	5	1	5	5	2	1	2	2	3	2	4	4	1	3	1	1	3	3	2	5	3	1	2	3	5	5	5	5	4	1	4	2	5	5	3	2	2	5	2	1	3	4	1	2	1	4	2	5	5	5	2	3	1	2	2	4	1	4	3	3	2	4	3	1	2	2	1	1	2	1	3	5	3	4	2	5	3	3	3	1	2	2	4	1	3	4	3	4	2	2	2	2	5	3	5	3	

All component type numbers for each job to be processed by HSPM
5	23	2	51	13	26	16	74	15	43	18	41	14	57	1	60	8	65	12	19	3	66	7	20	
6	8	19	25	2	40	8	61	0	57	1	22	12	38	7	59	4	64	11	41	5	26	
15	27	11	32	8	71	6	72	0	62	2	4	17	52	1	46	5	58	14	25	
10	11	18	40	8	29	3	5	15	47	4	58	6	49	5	14	1	63	
17	50	16	60	0	46	12	2	10	6	11	43	19	12	3	1	5	31	
10	60	6	1	3	12	0	23	18	19	13	74	16	42	
16	22	13	11	12	57	8	23	7	28	2	45	19	73	11	63	
0	53	5	50	18	38	11	14	19	46	1	8	7	63	13	41	8	9	3	70	
17	28	7	37	9	7	3	30	0	60	13	73	6	52	
7	60	12	28	18	25	4	63	2	57	5	32	6	5	1	50	13	58	16	75	17	6	0	2	
15	42	6	12	13	69	11	50	12	58	7	28	16	48	9	47	8	37	10	6	19	61	
17	12	10	27	3	39	5	64	11	46	19	16	18	13	2	68	
19	61	18	19	1	37	11	65	2	66	9	3	7	36	
8	4	9	47	4	5	7	45	12	15	11	3	
12	11	18	5	0	75	9	12	7	34	15	38	2	22	13	41	16	56	4	24	
15	51	7	27	17	74	14	40	8	53	1	57	
7	70	1	25	8	22	14	19	6	23	5	45	2	13	16	14	
15	54	6	4	17	42	13	14	14	19	
8	13	19	64	2	32	17	55	14	7	11	61	12	21	1	69	3	57	9	18	
19	33	6	15	5	68	15	39	17	47	18	58	16	24	2	52	
12	11	8	41	14	17	3	33	5	55	
5	17	19	19	6	39	13	26	17	38	
1	3	8	67	15	29	11	56	7	8	12	65	4	38	
1	30	3	70	0	13	19	66	2	12	5	21	14	51	
5	32	3	40	18	22	11	56	8	7	
14	47	5	29	7	41	12	35	16	52	6	1	9	22	0	23	
8	15	2	12	16	10	18	20	13	69	
18	45	19	71	6	18	12	14	16	74	1	53	10	49	17	32	15	69	14	4	
0	2	4	44	3	37	19	59	8	22	10	47	14	51	
3	20	12	9	4	21	8	50	16	67	10	41	5	7	13	39	0	55	15	6	
6	75	11	13	15	66	12	19	3	1	10	30	
8	4	0	37	1	55	19	24	2	69	7	17	6	29	17	3	
11	15	6	64	18	13	9	23	4	3	19	60	1	47	5	24	2	42	10	4	8	69	17	61	
0	18	5	64	15	40	11	35	6	16	8	11	
7	16	19	15	1	47	11	58	9	66	18	13	13	67	5	60	6	17	2	7	8	49	17	59	
0	3	6	50	2	66	17	13	5	70	14	65	9	4	3	40	1	39	19	54	10	1	18	61	
15	66	17	38	12	40	18	26	2	56	4	53	1	11	
0	1	8	18	4	22	12	26	13	8	10	31	14	74	15	38	
0	57	14	51	19	15	7	28	2	62	4	24	15	53	16	73	
12	41	14	1	1	3	19	61	17	38	10	24	15	37	5	15	
7	61	19	49	10	71	6	19	14	35	2	57	1	45	9	7	15	74	8	55	16	70	
9	74	10	66	17	64	8	52	1	19	6	60	18	71	4	53	16	39	3	16	
2	64	14	30	10	8	13	20	0	54	5	22	6	63	11	75	17	13	7	7	15	24	12	31	
15	29	6	75	2	70	5	48	10	44	
9	23	14	51	17	58	7	49	1	45	
0	52	7	31	15	25	6	34	3	73	5	9	17	11	12	56	11	42	1	18	
5	37	15	8	1	31	8	64	13	34	18	51	2	59	
6	12	4	58	14	55	1	3	12	56	15	44	13	31	11	13	3	11	0	28	
16	21	12	45	5	75	15	66	4	37	13	63	14	3	18	27	17	23	3	16	
7	72	6	22	2	70	13	49	1	54	11	48	8	47	3	41	9	46	15	40	12	71	18	69	
14	66	2	36	10	5	12	3	15	48	3	71	17	9	
12	40	13	16	18	30	3	47	7	18	10	44	4	5	16	2	8	42	5	58	9	28	
12	59	6	40	8	48	11	26	13	68	0	54	14	36	19	69	7	72	
4	33	3	8	5	56	11	67	7	25	2	26	0	39	19	19	10	44	14	14	17	27	13	24	
4	45	18	39	10	53	9	18	5	66	13	29	12	54	17	48	8	65	15	25	11	58	
16	32	17	9	1	69	2	30	3	50	9	34	4	2	12	35	6	37	18	56	14	58	19	40	
2	54	5	5	0	49	12	15	7	14	18	35	16	31	11	27	4	62	17	3	9	42	13	74	
5	52	2	42	15	49	13	73	4	37	12	12	17	3	
9	4	0	68	12	29	8	1	14	74	7	71	4	35	5	30	19	27	
2	13	1	58	16	18	12	42	6	11	14	48	
17	23	12	40	19	46	2	37	18	72	1	68	0	42	16	45	10	54	6	66	9	25	
10	69	9	65	7	61	4	48	16	44	5	67	11	42	12	21	8	12	14	30	17	13	
11	19	17	58	4	75	5	22	7	18	14	65	
4	35	10	5	2	18	16	45	17	3	1	40	5	20	9	42	
10	66	11	4	15	24	13	29	18	56	2	14	3	21	16	69	9	17	
10	15	18	52	5	17	15	1	16	6	14	38	6	31	7	63	11	53	3	34	8	37	2	72	
13	74	17	29	11	40	5	27	14	5	18	25	3	60	2	14	12	37	0	19	19	45	8	32	
2	18	19	71	14	32	5	16	6	42	12	34	0	7	3	62	13	52	18	65	
9	6	0	32	15	11	6	5	8	46	12	66	16	3	14	30	1	19	3	52	19	2	
3	20	9	46	15	38	13	1	8	43	7	31	11	2	14	12	
4	6	11	71	2	32	10	14	6	20	12	21	14	50	13	42	7	11	
6	67	7	33	0	11	5	22	8	61	12	73	19	24	
2	31	16	14	19	20	15	65	12	32	14	44	18	33	
16	52	11	42	1	64	5	49	6	36	
10	56	9	21	8	65	12	18	11	15	15	25	
12	13	9	40	7	1	14	4	6	15	15	62	13	49	17	53	0	60	
7	25	17	4	16	74	14	18	6	35	5	19	12	75	13	66	1	21	
8	75	3	27	16	41	4	1	9	28	5	51	0	29	10	48	12	60	
7	36	8	38	16	17	5	66	3	2	14	1	10	43	2	55	4	59	0	34	12	62	11	5	
3	58	6	16	0	61	9	41	14	50	5	59	8	56	17	26	4	40	
12	10	4	41	16	57	17	73	13	1	11	50	5	38	15	9	14	42	19	22	7	34	18	45	
2	1	4	20	6	44	3	29	16	24	5	13	17	75	7	15	12	70	9	11	19	30	
16	3	14	9	4	11	5	12	17	19	13	40	
7	72	13	40	18	34	0	68	15	59	11	58	
4	16	18	35	13	24	17	34	16	4	8	40	9	11	
10	5	13	68	11	9	14	22	5	19	2	36	4	8	7	1	
6	25	9	36	16	19	2	16	8	21	13	23	1	56	14	50	7	10	15	6	5	32	
4	21	13	17	12	3	16	75	17	15	
5	38	1	34	16	4	10	74	12	9	
15	53	11	11	9	25	2	54	1	22	3	14	17	35	18	73	
19	62	4	68	11	64	16	32	15	71	17	13	7	23	0	52	10	35	5	34	
0	34	13	5	19	6	16	18	8	35	1	44	18	30	3	46	12	69	15	20	4	68	
3	68	7	50	5	3	12	11	4	65	18	18	1	2	0	55	15	47	11	31	
12	18	9	57	10	32	13	25	2	15	16	41	8	63	19	70	14	58	11	16	
6	69	19	60	9	30	7	31	1	24	8	59	3	47	11	49	18	20	4	17	17	26	16	52	
15	26	2	40	13	60	3	4	5	2	0	42	17	28	1	44	
4	4	19	33	10	25	0	31	1	43	8	29	6	53	15	10	16	16	9	6	
1	67	2	18	19	31	12	66	0	4	
8	3	10	19	7	5	17	18	5	68	11	74	6	47	18	62	2	20	4	33	0	24	15	54	
9	26	12	22	3	41	15	63	6	24	0	4	4	20	14	30	8	35	17	49	7	47	11	50	
5	4	3	45	6	67	19	27	12	51	10	58	0	37	8	3	15	19	14	10	7	48	4	53	
4	66	15	74	13	37	3	52	7	75	18	29	17	60	12	35	0	67	
15	23	10	72	8	1	11	14	19	24	12	58	13	51	16	73	1	75	4	44	
6	27	13	57	4	49	12	61	11	23	3	36	
12	25	16	32	0	46	9	75	4	2	18	40	15	65	3	8	
4	48	0	50	8	75	12	29	17	52	
3	14	14	51	8	49	13	36	17	35	11	66	2	19	5	48	
14	52	6	18	12	75	2	4	17	55	18	16	19	43	1	39	8	26	5	56	
19	73	3	26	4	53	9	15	5	60	
5	2	12	18	7	57	0	52	16	62	19	11	2	53	18	15	15	26	3	33	
18	13	14	68	11	5	12	21	6	8	3	70	10	58	2	42	16	27	5	72	17	3	13	46	
18	2	6	40	5	33	17	8	14	74	1	41	9	3	8	75	0	27	13	62	
0	55	16	26	3	52	9	69	7	7	10	23	
7	51	17	49	9	41	5	34	14	6	8	29	19	33	0	37	
15	31	5	40	1	58	12	29	13	24	8	18	17	67	3	69	
0	63	9	30	17	26	4	59	14	58	7	52	11	36	6	8	19	43	
8	19	11	3	1	34	16	69	4	18	15	21	
16	26	10	47	0	73	2	21	1	27	5	56	12	42	8	29	
9	5	12	2	2	7	15	42	7	4	17	36	
17	48	14	22	7	71	8	28	15	46	11	75	2	18	6	47	5	7	0	74	1	6	12	59	
8	28	15	67	18	19	7	21	11	20	17	65	5	49	10	63	12	32	
15	23	19	66	11	10	9	18	3	48	10	67	5	65	18	19	16	33	
4	52	9	19	2	27	8	35	7	5	17	59	14	4	0	8	
14	19	0	75	3	72	7	42	2	21	16	2	18	44	5	18	8	47	12	45	
18	45	13	66	14	25	16	22	10	26	8	46	0	71	11	72	12	10	6	47	9	74	2	5	
3	31	9	8	11	52	17	29	18	48	1	54	13	23	
19	38	12	24	16	13	2	18	10	43	0	52	18	27	
19	18	12	50	17	62	8	1	6	70	
3	38	16	45	1	34	0	33	11	10	9	4	14	52	8	68	
15	73	7	48	14	19	11	6	4	35	5	14	12	5	6	40	16	65	
3	14	1	52	11	50	13	4	15	74	9	58	19	56	7	6	18	65	17	45	
3	2	4	71	12	35	8	53	7	19	2	64	0	70	5	63	6	43	
7	29	5	23	16	52	11	73	15	49	18	37	10	38	0	59	8	42	14	53	6	66	
9	47	7	67	3	51	4	34	14	63	1	74	19	68	10	16	0	18	15	39	
8	61	4	65	18	8	1	3	11	17	12	58	17	70	5	72	13	60	9	24	
17	59	7	72	15	2	12	7	6	42	
18	3	3	16	6	2	17	70	16	69	15	37	11	25	1	75	
5	65	18	48	14	57	3	14	8	64	12	55	16	6	13	54	19	50	4	26	
8	34	11	18	4	45	6	55	14	51	12	20	5	32	15	25	2	56	1	73	10	38	
17	21	7	53	3	49	5	23	15	27	4	37	0	29	8	5	
9	30	1	13	13	68	5	39	16	26	12	45	19	27	7	64	
16	17	15	9	11	23	17	61	1	74	
0	36	9	5	6	72	17	11	8	71	19	58	
4	7	10	72	3	8	17	4	15	61	19	45	
19	15	7	19	5	30	15	24	8	33	12	25	10	45	14	60	4	65	
10	14	4	59	1	46	6	54	9	16	
3	74	12	10	14	68	6	21	18	19	
15	66	1	48	19	33	13	28	11	71	2	23	18	6	8	1	10	67	12	19	14	3	
6	22	3	42	18	41	15	54	16	14	13	10	
0	68	8	59	4	73	17	49	14	72	9	6	2	29	3	2	6	43	5	58	7	62	11	71	

All component type numbers for each job to be processed by MFPM
2	17	5	1	1	13	
6	4	7	12	2	23	5	8	0	6	
0	24	7	16	1	22	
4	18	2	8	
8	5	3	13	7	15	5	16	4	3	
8	22	4	8	1	12	2	20	
0	22	7	20	1	15	
8	15	
6	6	9	9	3	7	
5	4	
0	11	6	21	4	18	
9	23	
7	6	1	21	5	20	
2	4	6	3	5	12	8	9	9	25	
0	2	6	25	4	1	
8	7	
9	23	
3	19	4	18	1	11	
5	9	7	7	1	22	
1	22	4	5	3	4	
1	5	6	14	8	11	4	9	
8	23	4	15	6	22	2	4	7	9	
3	8	2	17	1	1	4	23	
9	19	2	16	7	20	0	25	
9	18	3	16	8	11	1	13	
2	23	0	24	7	11	
8	7	1	9	
0	5	1	4	3	13	7	9	4	16	
0	25	5	15	8	22	
2	23	4	14	7	18	8	15	
1	19	5	8	
4	14	8	1	3	20	1	21	
1	20	2	1	6	9	9	7	0	21	
3	8	
2	7	0	4	6	9	7	10	9	8	
8	25	7	5	2	10	4	20	
1	4	4	17	3	11	
2	23	7	4	
2	6	4	17	6	21	5	3	
4	19	7	9	9	7	6	21	
5	12	
7	8	6	11	
3	13	2	14	1	1	6	15	0	12	
5	1	
9	14	5	6	8	5	7	15	
0	14	6	17	3	16	7	6	4	7	
4	3	0	11	3	20	7	9	5	12	
5	16	0	4	1	19	8	9	6	21	
0	15	1	25	7	19	2	9	
9	15	
0	23	9	13	2	20	6	24	
5	12	6	10	
3	19	
2	10	
5	6	7	2	3	19	1	8	9	10	
0	7	
8	1	1	16	4	4	7	5	9	2	
5	5	1	23	4	1	2	11	0	16	
5	8	3	12	
8	9	
9	13	4	11	
8	25	7	5	
5	15	4	1	6	19	
8	2	2	25	
8	2	1	9	7	14	4	5	
5	5	4	4	2	20	3	19	
5	18	
7	4	2	14	5	15	
9	23	
7	17	
6	20	3	18	2	9	
8	4	5	24	7	20	
3	18	0	4	
0	21	6	6	2	20	7	3	8	8	
7	7	4	20	1	12	
5	14	
4	19	3	15	
0	22	5	8	7	1	
9	5	3	12	1	7	0	9	7	20	
3	20	1	6	4	5	0	12	5	14	
2	9	1	17	9	10	0	20	8	2	
3	19	7	25	5	16	6	9	1	18	
3	2	4	9	9	13	1	24	
3	15	
1	18	3	10	6	24	8	25	
9	11	4	17	
1	14	4	15	5	4	6	12	0	24	
4	12	7	25	8	17	0	15	1	24	
2	12	4	17	8	21	
8	10	3	11	
0	19	8	14	
4	10	0	3	5	19	6	2	7	9	
5	3	0	2	
9	19	
8	7	2	23	4	6	
3	17	8	10	7	20	9	25	
6	9	
9	21	3	15	
7	19	
9	2	4	23	7	22	6	21	
1	24	0	7	
3	4	5	11	6	19	7	12	1	10	
6	25	0	19	5	20	8	11	7	1	
9	7	3	3	4	2	8	11	1	12	
0	1	6	25	
8	16	1	4	5	17	
5	10	
2	23	6	7	
3	16	7	23	
5	11	1	6	6	14	4	12	
4	20	
7	23	4	24	5	16	9	18	
1	15	4	19	5	12	
4	25	9	16	1	23	
2	1	4	14	
1	2	2	15	0	22	3	17	
5	24	8	2	4	15	
5	25	
1	20	6	16	
7	20	3	24	
7	22	
7	17	
4	25	7	3	
4	5	
4	16	3	3	5	5	
2	8	1	11	8	15	3	22	0	24	
1	14	7	18	3	19	
7	12	9	25	2	10	8	15	
6	5	9	11	
3	22	0	11	6	18	5	13	4	23	
1	13	2	10	6	12	
9	13	3	5	8	11	
9	5	6	3	7	16	
3	24	
5	21	9	6	
0	18	6	10	
6	14	9	21	0	6	8	10	
9	5	
0	25	3	5	2	7	
4	20	9	5	1	21	7	25	
7	24	2	9	5	8	
1	7	2	15	4	20	5	24	
8	18	0	13	
1	21	2	5	
3	23	2	21	
2	23	5	6	
0	1	1	12	7	22	4	3	3	18	
2	17	6	25	8	13	
0	25	9	12	3	3	2	4	1	17	
5	12	4	19	7	13	

Three processing times per job on each machine
The best scenario
37	44	
170	214	
154	82	
72	50	
110	319	
86	255	
272	178	
53	51	
64	42	
266	315	
211	213	
161	135	
88	174	
50	13	
215	320	
174	124	
42	74	
61	61	
100	355	
361	384	
94	50	
111	112	
140	157	
560	374	
120	94	
320	248	
178	324	
240	54	
264	266	
284	231	
126	80	
84	104	
267	229	
73	203	
282	342	
159	155	
233	131	
13	22	
132	182	
113	381	
440	140	
158	179	
261	185	
88	216	
78	170	
16	20	
20	25	
172	280	
98	77	
156	39	
95	34	
276	279	
100	96	
29	55	
386	135	
103	112	
63	175	
54	56	
96	131	
177	418	
164	167	
383	387	
275	360	
30	43	
283	193	
233	215	
286	138	
37	77	
278	336	
207	272	
272	210	
258	216	
81	123	
32	118	
181	209	
294	339	
273	109	
248	170	
281	456	
190	171	
214	126	
39	34	
83	36	
140	259	
103	63	
242	198	
203	346	
69	109	
323	148	
48	130	
115	182	
227	96	
44	89	
42	52	
128	198	
143	132	
198	404	
261	345	
112	60	
73	123	
338	308	
159	141	
60	62	
101	144	
60	64	
301	142	
117	101	
85	66	
331	179	
53	38	
51	66	
67	123	
167	181	
337	151	
61	69	
95	299	
93	230	
281	243	
77	83	
149	252	
96	82	
360	256	
227	452	
58	35	
96	74	
299	73	
209	73	
59	51	
96	50	
91	80	
136	231	
98	70	
29	193	
259	263	
232	246	
200	166	
385	427	
106	135	
56	196	
51	29	
61	179	
40	31	
201	122	
44	80	
247	231	
94	32	
156	207	
28	43	
162	236	
129	98	
Most likely scenario
68	52	
206	228	
163	153	
84	53	
153	351	
113	392	
348	264	
83	62	
80	75	
395	442	
303	273	
208	200	
155	209	
56	19	
223	391	
244	240	
47	94	
115	70	
172	458	
420	574	
98	80	
168	207	
147	166	
592	421	
186	163	
353	416	
238	404	
272	65	
309	349	
365	390	
135	111	
165	136	
289	373	
102	356	
368	487	
180	287	
234	206	
22	34	
215	347	
200	456	
538	151	
159	187	
382	187	
136	299	
111	233	
29	24	
33	36	
318	327	
116	84	
161	53	
102	58	
279	300	
197	109	
48	100	
534	262	
148	159	
112	184	
72	60	
139	257	
220	505	
228	334	
425	554	
482	409	
35	51	
322	324	
326	221	
409	235	
47	118	
380	438	
311	279	
324	281	
438	283	
101	191	
41	130	
287	225	
563	626	
303	150	
255	236	
355	537	
195	202	
232	178	
61	35	
118	57	
198	311	
141	104	
272	225	
355	377	
73	154	
591	176	
81	155	
123	250	
360	177	
71	105	
79	75	
216	328	
154	152	
233	417	
502	423	
155	65	
99	135	
392	466	
176	214	
82	98	
105	165	
103	85	
314	193	
183	118	
112	76	
391	211	
57	56	
52	104	
112	150	
209	238	
383	232	
113	92	
98	304	
118	269	
378	394	
141	98	
152	288	
154	156	
537	282	
409	523	
62	52	
121	78	
312	127	
318	111	
71	69	
107	67	
96	108	
227	405	
156	110	
53	199	
405	291	
406	378	
226	230	
524	536	
111	198	
86	285	
53	47	
109	233	
49	51	
249	194	
61	115	
406	319	
132	48	
239	266	
41	54	
193	365	
196	164	
The worst scenario
94	62	
226	279	
172	228	
90	60	
155	364	
128	506	
512	337	
87	80	
90	111	
486	585	
445	278	
259	218	
225	255	
66	22	
309	544	
309	311	
59	132	
171	98	
231	587	
559	758	
108	111	
202	244	
215	204	
666	582	
224	219	
405	546	
253	497	
387	87	
431	373	
483	491	
202	130	
168	142	
302	506	
108	455	
492	580	
224	362	
292	247	
29	35	
304	377	
269	680	
701	213	
206	256	
437	210	
146	360	
163	313	
42	36	
38	40	
389	404	
134	118	
163	66	
144	83	
347	337	
253	115	
67	147	
782	379	
213	236	
128	228	
83	86	
177	259	
324	675	
289	479	
559	671	
578	610	
45	59	
348	340	
345	265	
487	248	
62	154	
465	573	
441	369	
423	409	
579	340	
135	195	
45	153	
426	312	
689	704	
334	198	
370	324	
530	540	
253	212	
286	232	
70	52	
120	63	
263	409	
166	120	
388	290	
477	458	
106	218	
821	248	
107	212	
130	359	
537	212	
84	130	
87	91	
253	485	
156	211	
321	432	
687	522	
160	66	
101	201	
532	686	
237	248	
109	120	
157	201	
116	113	
427	263	
239	128	
161	91	
499	264	
82	77	
63	107	
128	221	
287	251	
471	316	
166	106	
102	424	
168	347	
525	508	
143	147	
176	306	
230	221	
771	350	
449	642	
92	55	
165	88	
373	182	
455	141	
96	77	
130	75	
138	152	
244	461	
195	157	
79	276	
592	414	
482	420	
301	235	
696	673	
159	248	
93	323	
63	67	
163	302	
67	76	
315	287	
68	154	
523	469	
177	66	
312	347	
42	79	
282	473	
234	243	
