Factories	4	Jobs	200	Machines	3

Total number of component types per job processed by HSPM
12	5	7	11	10	5	10	8	10	10	6	8	8	6	8	9	6	12	12	12	6	10	9	6	9	9	5	10	9	10	11	12	5	11	9	9	11	10	7	6	11	10	5	6	8	12	5	8	10	7	9	8	11	11	6	5	7	10	9	11	7	8	8	10	7	5	12	6	6	8	5	8	7	6	7	5	6	11	12	6	12	9	11	8	7	7	7	12	12	11	11	10	6	11	12	9	11	9	7	10	5	5	5	6	7	7	11	5	8	5	7	9	5	9	9	10	10	7	6	11	8	5	11	5	6	12	8	11	9	7	10	5	6	10	5	9	10	12	10	6	8	7	6	11	10	8	11	8	11	10	11	11	5	8	10	6	7	11	11	6	9	8	5	7	10	6	8	7	10	6	11	9	12	12	7	10	6	5	10	9	12	9	5	10	9	11	6	12	8	7	5	12	11	12	9	9	9	9	11	9	

Total number of component types per job processed by MFPM
1	5	2	5	4	5	3	1	2	1	5	3	4	5	4	3	1	5	5	5	5	1	1	5	2	5	2	1	3	2	3	5	2	5	5	2	5	5	1	5	4	4	1	4	4	2	1	5	1	1	1	5	5	1	2	3	4	4	1	3	4	3	1	2	1	1	3	4	2	4	4	3	2	3	3	2	5	1	5	3	3	4	2	4	2	1	4	4	4	3	4	1	4	1	5	5	5	3	5	2	3	5	4	2	1	3	1	5	4	1	4	3	1	1	3	5	4	5	3	3	2	4	1	4	2	2	2	3	2	4	1	3	1	1	2	2	2	1	1	4	3	4	4	2	3	1	1	2	3	5	3	4	5	2	4	1	5	2	3	3	2	2	1	2	1	1	2	1	5	1	4	1	5	5	2	2	4	1	5	4	1	3	1	5	4	4	1	4	4	4	3	2	5	2	1	2	2	3	1	2	1	2	5	2	4	2	3	5	3	4	4	5	2	3	2	2	3	5	3	5	4	3	4	5	2	3	2	5	4	3	3	1	1	4	1	4	5	5	2	3	5	1	5	3	5	3	1	4	5	3	4	3	2	3	5	3	5	2	1	4	3	2	5	1	5	2	3	1	3	5	5	5	2	4	4	4	1	4	3	2	1	3	3	5	3	1	1	1	4	5	3	2	4	3	1	3	5	4	3	3	4	2	5	5	4	3	2	3	2	5	1	5	2	4	2	2	3	2	2	4	2	4	4	5	4	2	4	5	1	4	3	3	2	5	5	3	3	3	1	1	5	4	4	1	2	1	1	3	1	5	4	1	5	1	3	2	5	1	4	2	4	4	1	3	3	2	1	1	3	2	3	3	2	3	2	3	5	2	5	2	2	4	2	4	1	1	4	4	3	4	3	1	5	2	5	5	1	5	3	1	

All component type numbers for each job to be processed by HSPM
4	75	15	54	13	66	0	41	16	44	8	67	3	26	12	31	9	56	2	49	11	36	6	70	
8	50	2	31	12	60	0	26	16	2	
9	41	19	67	11	8	8	43	10	2	16	27	3	68	
13	24	8	67	16	51	11	27	10	71	0	55	18	60	14	65	12	5	9	7	7	13	
5	3	12	69	4	2	10	51	16	23	19	8	6	34	9	15	7	74	17	44	
15	54	4	22	11	32	10	4	3	14	
11	4	4	36	13	30	18	40	10	15	0	10	14	9	1	23	5	18	15	63	
1	41	18	33	6	16	4	52	14	9	17	64	2	70	7	1	
11	14	12	71	13	37	14	6	3	65	17	22	2	48	10	51	4	68	18	16	
14	60	12	32	2	1	1	18	10	67	9	26	4	65	11	62	8	3	16	16	
13	61	9	60	10	42	16	37	2	59	5	15	
15	10	14	49	2	24	4	11	11	64	17	72	8	34	0	54	
16	50	15	30	13	48	14	23	2	56	12	41	18	32	4	14	
10	50	12	23	13	52	1	9	6	71	16	3	
12	1	14	53	10	42	16	18	2	13	7	26	8	37	17	10	
8	41	19	34	11	55	16	53	3	27	6	69	17	67	7	56	15	6	
16	54	14	39	8	8	4	62	17	58	19	48	
11	70	5	71	3	58	2	41	16	7	0	42	10	74	15	69	18	33	4	9	19	46	12	3	
12	70	19	59	10	55	0	41	2	22	16	15	4	50	18	34	17	14	15	6	8	25	1	74	
5	13	14	36	18	18	2	14	15	37	0	58	13	8	16	68	7	66	17	50	9	71	3	70	
19	38	18	19	0	32	5	64	10	11	2	8	
9	35	11	59	19	14	7	13	4	67	14	48	12	33	10	74	8	11	18	12	
1	71	7	9	8	32	6	34	2	33	16	7	9	60	11	64	4	39	
16	22	11	30	8	56	2	17	10	13	15	72	
0	23	6	38	4	7	1	18	16	15	17	39	11	1	10	41	13	59	
4	17	11	24	10	59	7	48	1	2	9	39	12	6	14	46	13	56	
16	54	1	64	0	12	9	56	5	74	
5	9	16	2	1	42	6	45	8	24	4	25	13	55	0	26	18	5	2	35	
17	61	5	3	16	69	19	10	0	65	11	63	12	42	14	30	8	2	
13	55	4	43	5	36	12	70	6	22	14	10	11	60	7	73	17	33	16	42	
18	27	17	59	11	50	13	61	9	49	1	71	15	47	10	16	0	23	14	3	6	1	
3	73	1	11	14	57	4	29	15	31	19	69	17	53	7	65	11	27	10	28	5	68	9	3	
5	61	1	35	12	24	4	21	19	5	
19	19	11	8	3	35	13	50	5	60	9	39	7	32	17	25	15	68	10	14	0	58	
19	29	16	33	4	52	15	28	18	58	8	6	1	3	7	42	14	59	
9	58	2	26	15	67	18	5	13	68	4	30	5	35	16	19	19	42	
0	20	11	45	14	21	16	63	9	30	3	29	17	37	18	32	5	16	19	13	2	52	
6	37	7	52	4	62	10	26	14	11	13	4	1	6	3	23	2	41	11	5	
14	68	18	65	6	48	9	27	13	43	3	23	12	45	
1	59	9	25	13	2	15	16	5	24	19	74	
19	33	10	57	18	24	13	54	7	43	6	51	1	61	11	39	8	27	3	62	0	69	
4	26	10	51	12	37	17	66	13	74	6	63	5	49	9	47	3	35	14	59	
12	19	10	34	19	22	3	13	17	48	
11	62	15	57	16	11	5	5	7	13	18	50	
12	48	4	61	9	30	2	8	16	4	14	60	5	14	10	31	
11	47	0	27	8	28	6	51	5	24	4	42	13	48	16	2	15	34	7	23	12	7	19	19	
4	55	16	20	11	5	5	14	15	40	
4	12	13	37	0	58	18	22	14	9	7	45	17	1	6	52	
12	13	10	21	6	4	9	11	19	54	15	72	16	20	17	55	11	35	7	74	
5	23	6	38	17	71	11	11	9	64	14	58	2	1	
17	11	3	47	7	39	13	36	19	13	14	70	4	32	1	48	11	73	
9	47	12	9	13	21	2	19	18	61	19	37	11	27	6	51	
0	30	3	51	8	2	14	26	19	11	5	3	12	52	11	15	16	61	18	29	17	37	
8	24	11	46	6	37	19	44	9	39	12	68	7	52	10	75	13	17	1	1	18	29	
12	49	5	14	2	33	3	47	15	3	10	36	
7	5	5	72	3	14	8	63	19	51	
10	4	19	24	11	47	3	48	4	45	9	14	12	36	
0	6	7	66	4	16	14	3	9	13	2	35	3	7	16	46	17	57	13	51	
6	4	11	55	0	74	16	1	1	38	2	46	17	24	15	44	19	70	
14	21	12	72	11	13	10	2	3	14	16	58	1	35	18	6	13	56	4	7	5	31	
6	39	9	31	14	56	5	54	13	22	10	34	16	25	
15	72	1	12	5	5	6	39	18	33	19	53	2	29	17	22	
10	48	1	58	0	66	5	51	19	64	2	75	12	27	16	41	
6	49	1	19	12	34	9	7	7	28	18	27	3	47	8	51	11	15	13	40	
8	33	9	52	1	70	18	69	14	38	10	7	13	3	
8	26	19	52	13	18	1	49	3	22	
6	45	18	75	15	7	8	70	1	29	16	46	19	57	3	24	10	65	13	19	12	27	11	51	
10	63	18	4	2	49	4	70	0	10	19	25	
15	50	8	27	11	11	13	7	16	34	7	42	
8	67	13	62	15	41	10	26	12	72	14	56	3	30	4	33	
4	53	14	71	12	1	18	32	17	9	
16	41	19	31	13	1	14	19	12	49	1	67	5	4	2	29	
19	26	1	74	14	42	2	62	9	45	0	3	7	30	
11	28	5	65	9	47	13	55	12	23	7	41	
4	3	3	20	12	1	17	59	19	40	18	71	9	54	
15	67	8	66	5	12	9	75	18	73	
12	4	18	45	7	42	19	9	15	21	8	51	
8	47	12	38	3	29	11	70	14	50	16	58	0	64	4	34	19	6	18	26	10	23	
2	54	11	40	4	21	17	12	5	59	7	65	18	71	3	69	8	39	16	66	9	52	14	10	
2	23	15	53	3	49	9	47	19	37	4	73	
13	26	15	27	3	55	4	59	0	31	11	3	8	42	9	10	16	46	14	49	10	48	7	19	
9	68	8	42	7	55	10	69	17	36	15	13	3	49	1	47	4	21	
14	30	18	15	16	64	12	23	13	60	0	42	1	41	15	35	6	2	5	39	3	61	
5	58	8	61	7	33	3	65	12	12	15	43	1	48	16	20	
9	1	6	7	10	2	4	42	5	8	17	36	0	57	
12	61	18	19	19	15	13	46	4	74	14	17	17	10	
8	56	13	31	19	69	2	62	14	35	9	54	17	45	
3	33	6	2	11	20	9	34	18	24	14	57	4	70	8	25	17	5	15	43	5	1	13	22	
16	73	14	31	1	62	18	63	19	52	3	21	12	43	13	75	15	45	0	7	9	57	2	8	
3	59	8	17	4	45	10	57	0	37	17	46	18	20	14	14	2	8	5	63	7	2	
12	19	17	8	13	16	16	54	6	1	18	33	5	55	9	53	15	17	19	26	11	20	
13	1	2	9	6	2	17	47	9	21	18	39	19	42	14	60	5	36	3	70	
16	21	18	55	0	2	5	8	17	19	13	66	
4	1	18	2	10	12	15	68	1	69	14	66	9	49	12	40	8	65	5	24	16	75	
1	56	3	52	15	32	9	22	7	70	8	58	5	48	4	66	18	46	0	24	17	2	10	13	
2	41	16	5	7	28	12	35	10	6	13	21	15	22	14	23	1	14	
12	48	19	60	17	65	10	18	16	71	5	67	0	5	6	59	13	19	8	47	11	57	
12	31	11	71	15	12	0	15	1	41	18	50	17	6	9	13	13	30	
8	24	9	43	3	62	4	72	11	65	1	40	16	53	
12	25	17	65	9	17	6	14	4	66	15	41	16	7	14	1	2	71	3	3	
8	25	3	41	9	36	2	71	13	26	
7	3	16	45	11	34	19	54	17	56	
9	20	10	33	7	69	0	59	3	18	
3	64	1	55	9	74	15	14	10	6	13	22	
9	37	18	57	7	71	16	42	15	14	11	44	19	8	
2	51	10	66	13	38	5	64	11	70	0	4	15	13	
12	32	2	74	7	42	1	9	5	72	13	20	14	4	6	26	11	39	15	43	0	54	
17	9	0	12	13	33	5	15	3	11	
15	18	4	69	17	6	1	20	19	33	9	22	3	43	8	50	
7	75	5	50	14	13	9	59	18	60	
1	68	2	16	6	51	15	74	4	10	16	53	3	28	
11	37	2	29	10	57	19	75	8	64	18	46	13	4	9	5	16	32	
17	53	2	10	5	26	0	47	18	25	
19	69	10	68	15	14	13	73	11	50	14	49	8	13	9	9	3	27	
2	30	19	26	4	32	11	55	13	62	10	60	6	43	18	31	9	36	
19	32	2	35	6	63	15	44	18	37	7	57	10	51	12	19	13	38	16	31	
6	4	17	9	4	66	2	3	18	48	14	7	0	67	15	25	13	47	8	2	
9	32	5	1	8	8	15	23	2	55	11	63	13	48	
2	53	13	48	16	73	17	20	3	19	9	68	
10	38	19	69	16	46	13	60	6	52	5	22	14	50	18	27	15	45	12	43	17	20	
5	57	19	60	3	17	10	62	7	11	2	23	8	40	14	58	
13	35	18	53	19	12	15	25	11	31	
0	36	1	14	2	60	6	48	18	15	10	35	13	45	16	30	8	58	15	2	11	65	
10	38	18	40	11	10	19	60	13	13	
14	15	19	75	2	31	9	28	16	55	17	19	
4	22	8	45	11	3	18	56	16	4	0	23	17	27	6	21	14	62	15	13	2	46	19	66	
12	22	8	23	2	56	11	69	15	75	7	73	1	26	13	38	
17	12	4	2	16	32	14	19	11	4	8	70	2	39	0	59	3	66	6	28	7	53	
5	48	0	36	19	52	17	54	12	55	16	73	8	61	14	34	7	50	
13	69	7	65	19	22	9	25	18	38	10	66	1	7	
0	15	3	47	14	44	5	64	17	55	10	30	15	57	16	36	13	50	2	16	
13	24	10	15	12	5	19	21	16	74	
8	67	7	72	0	38	18	33	13	46	12	35	
5	57	3	16	1	22	2	36	8	26	11	10	14	51	13	54	16	13	7	49	
17	41	13	15	6	20	2	38	4	71	
0	1	9	58	1	31	15	44	4	43	16	29	10	40	3	24	2	59	
3	71	7	19	14	11	4	3	19	37	6	69	15	55	17	47	2	15	16	72	
11	54	14	36	5	42	7	19	12	50	10	56	9	74	8	11	3	34	1	48	6	61	18	20	
8	25	17	54	12	55	18	47	7	50	9	46	10	30	6	6	16	68	11	74	
0	26	17	51	6	35	15	58	9	27	12	39	
6	51	9	21	10	58	17	19	3	7	12	53	11	46	8	36	
6	50	19	59	0	4	9	38	3	46	11	1	16	21	
2	64	15	75	12	14	4	68	18	1	0	65	
4	38	0	8	3	34	14	6	13	28	11	29	15	68	8	3	9	39	17	37	5	57	
3	45	5	2	14	69	9	13	7	30	2	6	17	23	18	10	1	65	10	27	
1	58	4	27	19	14	9	17	11	5	17	12	6	56	3	22	
3	13	5	37	7	64	0	33	13	73	18	16	4	71	9	59	11	75	12	9	14	11	
19	75	14	16	3	20	2	36	12	14	11	54	7	70	18	4	
18	59	2	41	7	58	14	48	3	50	15	42	9	19	8	32	17	35	6	6	13	21	
10	26	6	2	0	14	4	17	7	33	8	75	1	20	5	39	11	59	17	8	
7	44	14	53	17	52	13	57	0	29	10	36	1	71	2	67	12	22	9	63	6	31	
14	74	15	35	10	47	17	49	16	59	7	36	19	69	5	15	1	27	0	29	3	68	
7	70	13	56	9	72	2	23	6	28	
9	67	4	65	3	61	15	63	10	50	5	47	8	74	11	36	
5	5	14	20	10	29	6	16	2	3	17	8	18	35	3	62	7	47	12	67	
17	63	14	38	9	73	8	8	5	11	11	31	
10	48	17	16	8	5	7	57	11	61	5	71	13	53	
1	22	17	52	19	23	3	46	4	40	5	7	12	13	2	57	11	58	15	4	7	62	
3	73	9	62	13	2	18	34	17	42	11	40	8	13	0	66	12	15	19	31	1	57	
5	37	8	20	3	56	19	74	18	54	12	31	
16	16	6	40	17	9	0	56	2	36	12	33	13	2	3	46	9	18	
10	59	14	38	6	67	9	63	19	65	16	50	1	42	2	30	
0	15	1	21	10	25	15	59	3	46	
2	15	12	73	1	70	17	75	8	4	10	13	6	36	
16	70	3	74	14	48	17	49	7	42	11	55	15	10	6	73	12	53	0	33	
6	59	3	29	10	15	14	37	1	54	18	4	
11	34	1	70	8	31	10	63	0	12	12	15	9	54	2	24	
12	27	2	71	10	68	15	54	8	7	14	73	19	39	
1	48	14	40	5	7	19	45	3	49	2	44	8	10	9	36	17	58	18	5	
19	13	7	44	5	49	10	3	9	38	3	62	
2	72	12	32	0	9	15	65	17	62	4	37	3	57	16	10	14	60	8	23	1	73	
14	54	0	63	13	23	19	11	9	24	17	17	10	41	18	71	8	67	
19	75	13	16	1	35	8	44	11	11	12	8	0	37	5	3	14	48	3	50	15	24	10	69	
10	29	17	30	1	41	11	11	6	74	14	4	7	3	5	56	8	31	3	15	2	6	9	22	
11	21	10	69	8	36	12	63	2	58	0	38	17	57	
16	30	4	54	8	7	17	70	13	25	1	21	12	8	6	2	10	40	15	37	
15	41	19	47	3	31	10	22	0	28	17	62	
10	70	6	41	1	3	9	68	18	60	
9	67	17	21	2	41	12	65	14	32	6	22	18	18	5	20	16	13	4	71	
9	42	11	70	19	39	14	6	8	32	15	37	3	9	5	43	12	40	
17	7	19	54	1	31	9	6	12	23	13	51	4	45	18	16	11	10	10	70	15	22	3	57	
7	57	19	67	18	38	5	26	10	56	9	62	0	43	11	45	13	35	
14	50	16	62	18	63	10	53	4	3	
7	13	18	19	12	20	9	6	6	22	5	55	0	53	19	61	4	14	10	47	
19	73	13	45	6	71	5	55	14	59	12	53	8	58	0	16	10	19	
7	18	19	73	14	44	11	8	12	37	3	46	0	32	18	71	17	48	5	58	4	20	
3	57	0	34	10	25	11	61	19	11	2	22	
7	41	5	34	0	40	10	23	2	38	12	5	8	31	19	16	14	70	3	1	18	75	15	22	
19	13	14	62	5	58	7	1	1	47	0	55	3	50	18	17	
12	31	15	74	11	52	13	5	0	61	6	24	10	63	
19	22	16	66	15	49	6	40	9	20	
1	26	0	16	18	67	13	20	8	8	2	38	15	10	3	48	5	41	17	33	9	55	19	45	
2	2	10	40	19	18	11	57	18	24	13	48	0	67	5	15	16	32	12	55	3	60	
4	65	0	66	7	61	15	10	19	33	3	17	17	4	14	62	13	15	10	28	8	67	11	49	
6	42	15	4	13	28	11	13	17	26	18	23	9	34	0	67	10	25	
2	51	0	16	11	75	9	30	17	61	13	7	8	56	5	60	7	42	
0	3	7	17	8	15	14	31	12	62	1	70	11	32	4	47	3	54	
17	23	5	27	4	21	7	14	18	52	13	25	19	35	16	4	15	13	
5	16	6	20	19	60	14	30	1	36	18	41	17	7	15	74	8	52	3	29	16	22	
7	59	9	55	19	65	17	31	10	15	11	72	0	1	1	33	12	74	

All component type numbers for each job to be processed by MFPM
8	17	
8	50	0	35	6	40	1	42	9	39	
6	16	1	9	
0	44	5	40	4	49	1	27	6	47	
2	22	4	8	1	19	6	21	
4	27	9	46	2	29	3	28	0	40	
2	22	6	25	5	7	
3	30	
7	7	0	9	
3	49	
9	8	4	18	0	11	6	6	2	10	
2	28	4	34	0	26	
5	19	6	23	3	24	1	10	
0	33	7	28	1	35	8	41	2	46	
2	2	4	10	8	3	3	7	
4	28	1	32	8	40	
2	14	
2	50	0	44	8	42	3	37	6	26	
7	11	2	1	8	23	4	5	0	18	
2	30	9	37	1	31	6	36	8	40	
1	21	0	25	5	8	6	17	8	6	
7	28	
3	10	
0	46	9	47	2	26	4	38	5	42	
7	5	2	24	
2	30	9	49	1	35	3	40	7	48	
3	19	2	22	
3	38	
0	6	5	8	6	19	
1	43	2	40	
7	6	6	18	8	14	
8	39	3	37	0	44	4	29	9	41	
6	8	3	9	
9	40	8	50	2	43	3	26	5	44	
5	21	9	5	6	16	1	19	2	4	
9	46	6	33	
7	24	2	19	1	14	5	6	9	3	
8	32	5	47	0	38	3	43	9	41	
6	20	
4	47	7	29	2	49	6	45	8	42	
0	7	4	19	9	18	3	16	
1	46	7	50	5	39	3	37	
6	11	
9	35	1	42	7	50	5	48	
4	17	2	16	8	20	6	2	
6	32	4	40	
0	6	
6	38	8	47	7	30	4	36	5	42	
2	13	
3	33	
9	19	
7	30	4	35	5	42	0	31	9	28	
2	20	7	2	5	15	4	22	3	18	
2	36	
5	25	8	12	
3	30	0	37	9	46	
1	20	4	5	3	9	5	22	
9	42	2	48	0	36	7	26	
4	2	
3	30	9	43	4	37	
6	6	7	7	3	25	5	12	
8	47	2	33	7	42	
4	6	
3	50	1	37	
7	16	
6	38	
5	6	0	23	3	22	
8	48	3	41	4	28	9	49	
0	18	9	17	
4	36	3	28	1	50	2	32	
0	10	5	2	2	1	6	14	
1	42	9	36	3	46	
0	11	6	6	
9	34	1	43	6	50	
1	12	2	3	0	19	
2	48	1	34	
4	2	8	4	5	21	3	3	0	5	
4	28	
2	14	9	16	0	20	5	7	6	18	
2	45	3	44	5	39	
2	13	7	9	1	18	
6	49	4	48	1	41	3	35	
0	11	6	7	
3	40	8	46	7	39	5	27	
6	20	7	9	
6	43	
7	21	1	20	4	24	6	9	
0	43	3	40	8	28	7	26	
5	1	6	16	4	11	2	12	
4	37	3	30	7	46	
8	4	0	8	9	19	1	10	
6	41	
4	22	6	18	9	12	2	24	
3	27	
6	18	4	6	9	23	8	15	2	21	
2	33	0	38	4	36	5	34	9	39	
5	22	1	8	7	21	0	19	2	24	
7	39	9	40	6	33	
7	3	2	11	9	19	0	25	1	12	
1	41	0	49	
3	18	6	12	2	22	
4	43	8	42	5	37	3	49	6	27	
0	8	9	6	8	5	1	4	
2	27	3	40	
0	10	
0	45	6	49	1	47	
0	15	
5	36	0	50	8	37	2	48	1	26	
7	21	2	9	9	10	3	7	
6	28	
1	12	6	15	4	10	3	18	
1	47	3	37	2	44	
2	12	
6	35	
3	9	6	11	8	5	
5	43	2	34	4	44	1	42	0	29	
0	14	6	7	8	10	4	20	
5	27	7	29	4	37	1	42	9	32	
4	1	2	12	1	4	
3	42	8	33	9	28	
1	2	7	19	
5	33	7	36	1	43	4	45	
9	21	
0	38	1	29	5	35	9	39	
9	2	0	6	
9	46	8	49	
6	14	7	1	
5	38	3	29	6	37	
8	10	3	25	
8	42	9	27	0	49	6	38	
8	19	
1	30	4	29	0	40	
4	15	
3	45	
3	10	7	14	
2	42	4	39	
3	12	9	5	
4	38	
1	11	
7	48	3	34	8	37	6	45	
5	9	1	24	9	1	
1	50	5	32	4	26	9	49	
4	12	9	23	0	9	2	2	
3	47	9	37	
7	3	8	11	3	4	
7	50	
7	24	
0	49	6	48	
4	20	1	17	9	15	
1	41	6	26	5	32	9	40	8	30	
0	1	1	13	2	11	
3	35	8	46	5	40	1	36	
7	25	2	18	5	3	3	20	6	9	
4	31	6	40	
3	24	6	25	0	13	8	22	
7	36	
4	13	5	3	9	11	3	12	8	6	
3	36	8	37	
8	15	1	23	0	1	
4	48	5	44	3	49	
0	21	1	3	
1	49	4	37	
4	14	
1	36	7	41	
6	24	
6	49	
8	8	3	19	
2	35	
6	14	2	22	8	1	7	12	4	10	
7	43	
1	17	7	4	5	7	0	23	
7	34	
5	18	9	24	0	8	4	19	1	15	
2	34	5	50	0	47	3	40	1	38	
4	14	8	13	
9	28	5	32	
9	10	8	9	5	6	4	2	
8	29	
8	23	1	8	0	11	5	20	3	13	
6	34	8	35	4	32	3	29	
1	6	
6	44	5	35	4	30	
3	7	
7	28	6	45	5	31	8	42	1	30	
2	1	7	24	5	25	4	19	
7	47	1	33	6	48	3	37	
1	2	
1	34	7	35	3	46	4	36	
4	15	0	9	6	5	8	8	
5	28	6	27	9	31	8	39	
1	5	2	24	7	21	
5	32	1	38	
8	2	4	24	7	1	1	20	9	15	
0	39	8	43	
6	24	
9	27	7	40	
5	8	6	17	
8	37	2	31	5	44	
5	21	
5	35	4	34	
0	15	
9	29	1	37	
5	8	7	1	0	10	6	5	4	6	
0	29	5	48	
0	16	3	17	9	8	4	7	
1	28	5	36	
8	5	3	9	1	24	
7	46	2	49	0	27	4	48	3	35	
5	19	3	2	6	1	
5	30	2	46	9	32	1	33	
5	10	0	11	3	4	9	24	
2	31	3	29	1	50	6	37	7	28	
5	19	7	15	
2	26	1	32	0	48	
4	2	7	15	
7	48	6	45	
3	20	6	2	5	18	
9	46	6	38	1	32	3	30	2	48	
7	7	1	9	3	10	
6	31	4	46	5	41	3	26	8	40	
5	4	3	24	2	11	8	19	
2	50	1	29	8	49	
9	10	6	8	8	9	0	11	
2	31	0	38	5	26	6	30	7	45	
3	24	9	19	
0	37	3	29	1	39	
6	15	1	4	
5	30	2	33	4	32	0	41	9	42	
4	23	5	17	0	12	8	25	
5	37	8	33	7	46	
7	9	8	13	1	17	
4	47	
1	20	
3	49	0	33	8	41	2	36	
0	15	
3	35	8	29	7	50	6	47	
5	2	4	6	9	4	7	7	2	13	
2	46	6	30	7	27	8	45	9	44	
0	16	4	6	
0	40	2	50	7	33	
6	12	9	22	7	24	1	2	8	8	
2	40	
3	18	6	14	7	22	2	3	0	10	
0	49	2	41	8	32	
4	7	2	21	0	19	5	8	8	3	
7	37	8	29	1	50	
0	5	
2	31	5	26	8	36	1	43	
1	19	6	11	7	5	0	7	9	4	
3	44	2	34	6	35	
9	20	1	24	4	25	6	17	
0	47	4	35	9	46	
8	24	9	5	
2	49	9	45	7	35	
3	23	7	2	0	20	9	1	1	19	
0	33	1	37	5	34	
3	14	6	20	2	15	7	23	4	19	
3	44	4	48	
8	1	
9	47	3	39	5	26	6	36	
4	15	7	12	8	10	
9	42	6	45	
2	19	9	13	6	23	1	16	0	14	
1	43	
4	16	1	24	3	5	6	6	7	19	
2	46	4	43	
1	20	3	23	5	6	
9	30	
7	21	0	13	4	6	
5	45	1	30	6	49	4	33	3	43	
7	2	9	10	5	18	2	4	1	21	
8	27	7	49	1	26	2	30	9	42	
5	11	9	5	
7	34	0	45	5	42	9	27	
1	11	6	15	9	17	3	21	
8	30	7	39	5	42	3	45	
9	2	
7	29	1	30	3	44	8	45	
2	12	9	2	4	1	
9	45	8	49	
1	6	
6	45	7	50	4	40	
4	9	5	21	6	11	
5	44	4	30	1	39	8	50	7	40	
0	3	8	17	7	8	
3	50	
2	17	
2	47	
2	3	1	1	4	19	5	4	
0	27	1	39	6	34	9	30	3	48	
6	4	0	20	1	22	
9	32	6	47	
4	18	7	7	1	15	8	14	
8	42	1	34	2	43	
5	17	
4	42	6	38	5	40	
3	9	5	18	6	1	0	4	4	13	
6	45	0	50	9	35	5	33	
5	7	2	11	6	4	
7	41	0	26	9	33	
1	8	3	14	0	10	2	4	
6	44	4	42	
2	5	1	2	8	12	0	17	6	9	
0	42	9	40	2	33	6	28	4	27	
1	13	6	1	0	21	5	2	
1	49	0	35	5	27	
4	4	1	22	
3	43	8	47	2	30	
8	16	1	4	
8	31	7	47	2	32	4	26	1	28	
1	25	
4	46	6	44	9	36	7	30	0	31	
4	25	1	13	
0	26	2	34	3	28	1	50	
8	6	7	4	
1	29	5	30	
1	4	3	25	2	9	
1	27	0	28	
6	3	0	19	
9	37	1	46	0	47	3	28	
2	18	3	20	
9	48	2	37	6	32	5	42	
1	1	0	5	4	4	9	6	
4	29	7	36	5	41	3	30	8	39	
3	22	1	16	5	11	9	24	
0	46	9	31	
8	12	1	2	6	9	2	16	
4	40	8	47	0	35	9	37	5	36	
5	9	
4	42	0	29	8	40	5	46	
2	24	6	21	9	1	
3	33	2	40	0	50	
7	9	8	1	
9	50	7	30	4	38	1	47	6	48	
2	13	9	1	5	12	1	10	6	24	
9	35	6	41	7	29	
1	23	2	21	9	19	
5	41	8	46	4	38	
5	9	
0	45	
3	17	5	3	1	13	0	23	4	25	
8	46	7	39	4	30	2	36	
6	17	9	6	7	12	1	2	
3	26	
7	11	5	22	
0	32	
5	7	
3	27	5	32	4	31	
8	16	
3	50	6	37	4	47	0	45	1	34	
8	14	2	1	4	12	3	20	
3	38	
4	5	2	16	0	10	1	8	6	23	
3	49	
5	12	7	19	6	16	
3	47	8	41	
4	21	6	25	3	4	8	6	7	18	
2	28	
5	3	8	18	0	8	6	19	
2	27	7	50	
9	14	0	9	3	23	5	15	
9	41	6	37	7	38	4	26	
4	15	
0	44	3	46	5	34	
6	16	3	21	9	15	
1	36	3	39	
8	13	
0	44	
6	1	9	14	1	25	
0	29	8	43	
3	25	6	4	5	5	
0	40	8	32	9	41	
4	25	6	18	
9	36	5	50	4	42	
7	14	8	8	
7	36	5	50	3	31	
8	16	2	12	9	25	5	20	6	5	
5	39	3	47	
6	18	7	8	5	2	2	20	1	11	
8	45	5	39	
1	19	9	8	
1	41	7	26	4	27	3	34	
1	15	3	11	
2	45	8	27	5	36	6	31	
3	17	
3	26	
8	6	5	1	6	24	1	20	
9	43	8	38	1	42	4	36	
6	8	8	1	3	3	
9	37	0	40	2	41	6	49	
8	15	5	20	6	2	
7	45	
4	21	8	13	0	11	2	14	5	16	
3	30	5	38	
0	11	9	10	3	9	1	14	7	18	
0	34	6	29	3	35	5	33	2	31	
1	4	
6	27	5	47	4	41	1	48	8	26	
1	15	0	4	4	17	
5	47	

Three processing times per job on each machine
The best scenario
77	104	126	
47	26	36	
314	262	91	
394	290	333	
105	143	40	
198	276	340	
89	55	94	
63	217	185	
77	73	64	
394	117	278	
62	157	245	
76	45	51	
29	25	26	
233	213	185	
127	185	180	
81	206	261	
103	55	59	
131	70	198	
124	74	34	
106	98	49	
139	111	41	
82	188	159	
114	390	277	
48	202	37	
150	251	103	
62	41	65	
127	344	288	
237	107	97	
194	118	206	
104	123	136	
213	218	123	
496	288	479	
91	169	82	
259	92	214	
247	174	280	
270	64	170	
63	97	44	
20	51	31	
302	291	200	
185	130	110	
65	46	109	
199	257	278	
254	412	486	
159	218	393	
196	137	325	
189	174	438	
390	518	269	
560	393	454	
157	134	165	
39	41	30	
236	280	141	
87	38	98	
323	312	74	
53	87	64	
126	130	89	
43	172	49	
74	65	232	
214	215	301	
46	100	136	
89	192	270	
157	66	85	
301	453	138	
139	126	95	
187	198	148	
56	42	95	
70	77	73	
297	152	374	
230	148	214	
53	126	40	
81	135	149	
87	111	275	
285	113	232	
224	190	123	
243	144	308	
82	44	68	
81	22	69	
166	186	229	
98	57	74	
84	95	29	
279	179	222	
117	89	175	
77	69	117	
157	69	216	
61	125	146	
8	33	48	
21	30	50	
56	64	77	
296	377	78	
132	107	176	
255	74	263	
105	52	30	
108	47	68	
38	24	27	
60	112	152	
33	54	49	
39	49	54	
289	266	120	
76	55	142	
353	193	378	
156	118	236	
205	480	218	
174	143	105	
516	485	173	
26	29	47	
178	140	181	
390	241	605	
334	262	131	
122	204	148	
135	250	234	
197	149	373	
69	55	46	
225	177	232	
102	93	83	
245	263	175	
305	376	249	
84	159	103	
183	126	161	
199	246	185	
188	177	65	
17	47	28	
46	26	57	
196	181	106	
37	91	79	
397	155	449	
52	82	122	
503	151	143	
104	243	74	
33	118	31	
46	109	69	
87	79	33	
291	191	170	
148	70	180	
145	540	444	
94	116	208	
185	80	193	
151	268	221	
348	128	115	
148	90	132	
261	342	457	
64	80	152	
67	72	105	
222	203	375	
44	41	55	
56	30	35	
235	342	210	
218	212	74	
234	79	102	
59	45	94	
87	154	153	
363	186	242	
60	95	65	
83	182	168	
91	204	156	
27	16	13	
286	142	206	
95	68	43	
10	33	38	
160	109	83	
153	195	131	
190	122	100	
184	82	194	
371	140	100	
30	36	31	
65	31	66	
56	215	114	
160	43	32	
511	285	228	
318	181	269	
66	68	38	
118	121	74	
88	198	233	
296	314	74	
238	149	230	
75	157	55	
30	39	63	
128	314	73	
46	37	19	
322	226	119	
23	35	60	
275	268	169	
197	89	126	
357	510	388	
74	125	163	
229	224	285	
68	59	67	
250	279	357	
179	335	169	
122	79	81	
42	87	113	
348	170	188	
240	178	146	
43	79	123	
242	156	202	
39	44	59	
20	17	32	
93	109	157	
185	414	85	
400	161	81	
309	315	465	
105	129	280	
Most likely scenario
142	136	140	
53	49	45	
483	340	169	
461	465	504	
173	147	62	
343	473	367	
114	68	95	
126	255	273	
108	84	128	
451	191	286	
89	231	263	
83	79	81	
46	40	43	
256	336	209	
135	322	256	
146	295	283	
154	109	102	
170	121	201	
125	79	57	
116	99	60	
140	162	49	
110	192	174	
225	518	339	
71	244	61	
245	486	151	
76	70	79	
185	447	366	
416	197	115	
265	125	268	
204	142	254	
214	263	146	
598	415	585	
115	185	146	
411	137	258	
342	281	386	
279	121	266	
117	118	55	
33	59	55	
358	422	350	
306	152	182	
67	58	163	
393	439	290	
313	554	556	
202	232	489	
264	162	390	
261	235	546	
518	522	401	
625	581	563	
160	151	270	
46	58	37	
286	296	221	
148	69	132	
328	403	121	
101	132	89	
204	166	147	
68	212	71	
96	76	245	
246	288	312	
81	197	178	
123	218	374	
163	100	170	
457	505	211	
178	152	114	
251	213	170	
110	72	110	
112	140	88	
509	229	377	
403	242	299	
80	136	42	
121	141	232	
167	126	351	
512	142	251	
329	255	227	
355	262	490	
97	81	101	
116	44	114	
302	316	324	
110	98	95	
86	146	40	
372	209	308	
121	157	215	
152	107	136	
243	87	223	
116	197	184	
16	61	53	
28	40	77	
112	104	96	
374	427	154	
257	121	216	
378	136	459	
108	56	51	
139	73	123	
50	38	37	
91	177	230	
51	93	59	
53	56	84	
312	272	137	
140	98	149	
435	260	426	
302	232	297	
399	524	377	
190	187	127	
566	618	273	
30	38	69	
197	221	314	
626	336	618	
483	397	212	
204	339	166	
250	369	431	
232	258	375	
84	73	63	
417	193	372	
121	180	104	
268	340	231	
316	398	305	
114	161	136	
217	150	186	
355	316	330	
230	226	83	
22	66	33	
52	43	78	
200	207	123	
67	131	92	
577	230	501	
90	134	144	
568	252	238	
174	283	113	
60	148	49	
68	180	85	
101	81	66	
453	322	324	
193	116	221	
257	577	515	
108	130	216	
211	106	195	
287	451	248	
380	246	203	
179	96	205	
333	461	534	
87	116	156	
89	127	166	
390	254	413	
64	75	56	
75	57	39	
263	385	214	
351	376	102	
247	90	177	
77	87	129	
138	197	206	
595	345	250	
113	186	110	
94	355	294	
182	251	161	
45	32	18	
337	208	376	
106	125	79	
18	44	52	
179	125	125	
182	199	136	
221	180	190	
268	107	252	
428	188	126	
35	46	53	
82	60	92	
85	229	165	
237	76	61	
577	372	331	
559	354	303	
117	130	61	
147	146	80	
96	305	253	
315	324	134	
305	283	301	
92	203	100	
53	71	78	
134	316	129	
47	50	29	
539	401	145	
43	67	70	
362	287	283	
268	144	251	
602	606	426	
90	150	187	
296	329	321	
79	69	76	
292	472	365	
311	529	312	
131	104	101	
63	122	131	
400	297	216	
379	190	176	
78	94	177	
342	191	277	
62	45	103	
24	21	40	
106	138	159	
305	526	168	
403	236	161	
357	603	477	
146	197	446	
The worst scenario
188	138	197	
73	60	52	
595	347	203	
666	469	646	
241	202	67	
414	495	459	
145	83	101	
134	324	335	
144	114	149	
461	284	314	
118	241	360	
91	118	92	
65	47	59	
366	342	242	
172	404	280	
202	409	363	
223	153	107	
198	144	278	
161	108	73	
133	104	66	
143	195	56	
118	246	250	
256	535	430	
74	348	63	
259	591	193	
112	95	109	
276	606	406	
558	291	145	
362	144	363	
264	157	331	
317	370	214	
668	534	776	
134	223	148	
445	164	260	
488	406	468	
354	175	297	
145	119	59	
42	88	56	
371	469	409	
390	157	192	
72	83	171	
402	637	426	
405	672	782	
261	324	559	
336	198	502	
385	269	752	
700	604	594	
696	634	613	
196	170	305	
59	84	47	
367	348	253	
195	97	155	
432	437	175	
115	154	132	
271	185	193	
98	300	95	
97	104	291	
330	319	361	
100	219	213	
126	252	406	
193	128	198	
613	718	275	
207	219	160	
271	214	182	
112	77	131	
131	180	123	
607	277	456	
469	350	446	
116	162	48	
151	162	272	
243	189	397	
639	200	324	
403	307	274	
368	357	492	
143	96	137	
128	49	118	
445	390	449	
129	112	142	
119	215	50	
395	235	422	
124	209	242	
184	160	189	
268	109	284	
158	256	240	
21	79	71	
41	49	87	
137	142	139	
478	517	182	
360	123	229	
557	138	649	
138	58	56	
194	94	129	
60	51	39	
95	192	345	
60	100	63	
59	75	98	
358	334	153	
185	125	165	
614	302	544	
385	342	420	
420	547	468	
257	228	160	
771	802	330	
42	57	70	
272	257	443	
765	446	849	
489	584	223	
244	483	245	
350	533	473	
312	276	406	
113	102	67	
540	258	497	
122	230	128	
334	429	309	
351	563	416	
120	169	200	
303	224	235	
376	410	335	
256	282	91	
28	91	46	
75	47	95	
205	283	173	
90	166	129	
793	311	649	
102	170	146	
717	259	240	
206	285	168	
76	151	53	
75	204	121	
114	99	71	
679	373	333	
228	133	280	
297	768	549	
127	131	226	
217	131	211	
411	476	303	
416	309	208	
189	135	268	
365	567	590	
99	167	194	
103	147	179	
581	335	550	
85	112	81	
77	85	42	
315	439	232	
460	551	107	
366	105	259	
90	113	138	
167	199	254	
886	366	331	
136	262	150	
113	373	441	
205	374	171	
57	48	24	
353	246	535	
128	171	113	
24	48	64	
200	148	178	
219	270	158	
259	249	229	
362	142	305	
608	226	153	
37	58	55	
88	83	132	
118	342	176	
324	85	69	
802	406	456	
744	400	414	
142	147	63	
210	161	84	
111	433	304	
381	360	175	
360	348	332	
116	298	121	
57	89	92	
159	423	153	
49	53	40	
572	600	179	
64	70	86	
388	354	420	
331	186	252	
790	769	522	
131	158	197	
305	398	354	
114	76	91	
330	536	457	
327	567	411	
144	117	112	
89	155	137	
486	367	252	
467	232	238	
107	126	211	
444	247	384	
77	53	125	
30	25	41	
113	140	237	
375	627	223	
452	315	239	
464	738	711	
160	215	657	
