Factories	3	Jobs	50	Machines	3

Total number of component types per job processed by HSPM
11	8	6	10	9	6	9	6	7	10	5	11	9	6	9	7	9	6	10	8	9	10	9	12	10	9	6	10	5	8	5	9	7	12	8	8	10	12	5	6	10	10	9	11	5	12	5	6	7	6	

Total number of component types per job processed by MFPM
3	5	3	3	3	4	2	1	5	1	4	5	4	3	5	1	5	3	4	2	4	1	5	2	2	3	3	3	5	5	4	3	5	3	4	4	1	4	1	4	4	1	5	2	5	1	2	2	3	2	4	1	3	2	4	2	2	5	3	3	3	5	2	4	2	4	2	1	5	1	1	2	4	1	1	1	1	1	3	5	3	1	2	2	5	3	1	3	5	3	3	5	1	1	5	4	4	2	2	3	

All component type numbers for each job to be processed by HSPM
7	49	5	63	14	6	4	29	9	16	1	26	2	32	18	70	6	25	8	68	15	33	
15	41	1	53	6	48	2	61	0	72	4	24	16	26	10	35	
6	41	4	3	12	43	19	4	7	70	15	13	
18	49	3	15	12	61	8	41	1	75	5	17	11	47	10	42	13	7	4	68	
0	5	18	64	17	59	6	74	11	46	14	72	8	60	5	50	10	44	
18	58	5	37	2	59	16	56	0	5	19	40	
6	39	12	22	1	64	11	26	16	30	14	19	10	1	18	58	17	20	
8	74	10	75	9	9	1	29	15	57	6	39	
16	52	7	48	10	55	14	30	11	23	17	43	6	4	
10	69	5	66	8	15	7	6	17	71	9	29	1	44	4	18	14	24	11	56	
6	4	16	60	18	44	12	62	2	51	
14	32	2	73	3	7	4	69	7	56	16	63	15	58	13	22	6	47	9	74	11	61	
5	13	12	18	2	61	13	57	0	45	8	25	19	21	4	40	16	26	
2	65	4	39	17	24	19	11	14	70	8	23	
1	68	11	39	12	7	7	31	0	41	9	62	14	74	3	75	15	50	
6	23	14	66	1	7	3	17	18	43	17	73	15	57	
10	67	2	15	13	6	1	32	14	68	17	45	18	23	11	37	12	10	
18	5	10	75	1	68	12	43	13	51	9	72	
19	29	6	48	5	28	15	59	1	43	4	22	0	74	11	26	12	9	2	45	
12	7	10	57	15	38	6	58	7	61	3	68	13	34	9	23	
16	31	3	17	2	5	5	25	4	68	8	48	19	59	13	19	15	38	
9	22	2	41	4	2	5	28	8	73	0	63	17	47	11	3	19	75	1	45	
11	4	1	9	3	43	5	32	17	24	7	8	16	15	10	20	12	64	
19	48	10	25	18	63	15	22	14	15	8	12	3	21	1	8	0	13	17	28	7	64	5	37	
18	59	13	61	1	50	4	44	0	2	5	45	8	57	3	49	15	29	19	26	
6	67	13	66	17	41	18	75	8	51	12	59	1	7	2	60	5	27	
12	67	14	11	6	41	13	59	8	3	10	44	
1	48	5	50	16	6	17	32	8	69	0	18	7	22	12	58	19	41	9	56	
19	70	12	21	2	24	8	22	13	39	
15	72	18	33	12	24	7	11	19	64	8	13	10	73	5	12	
7	59	4	1	3	67	0	30	8	20	
2	55	11	61	16	14	6	17	8	28	14	4	4	3	3	71	7	20	
19	54	3	71	13	13	7	12	9	28	8	42	10	17	
17	23	16	64	6	3	15	34	19	56	11	27	5	5	4	69	12	49	0	29	14	38	2	14	
11	30	0	20	15	7	1	27	3	1	10	25	7	9	8	15	
19	30	15	60	16	58	0	1	14	41	18	19	17	21	2	33	
5	74	18	25	14	68	12	69	8	64	11	33	7	39	2	24	17	61	3	10	
8	5	11	15	18	67	19	24	14	70	5	26	12	52	13	25	6	39	17	6	10	35	2	4	
17	43	16	11	9	20	15	50	19	53	
11	37	18	33	14	74	12	7	4	45	10	71	
0	40	5	12	8	5	11	65	10	46	16	56	2	21	17	52	3	63	13	67	
2	52	0	41	8	37	14	72	11	17	15	34	16	11	12	3	18	4	3	46	
1	74	9	14	10	20	5	33	4	30	16	57	14	26	19	2	0	28	
4	30	13	75	16	5	17	2	7	25	11	24	6	19	19	3	8	67	0	13	5	41	
11	22	16	21	13	58	15	68	4	53	
19	44	18	34	12	16	10	36	17	74	11	9	5	46	13	33	4	19	1	35	0	42	16	18	
3	31	6	7	1	70	5	66	11	23	
17	20	19	30	14	54	8	66	5	47	11	25	
11	33	10	37	19	68	7	43	6	39	0	18	2	69	
19	49	16	28	6	32	14	29	18	73	7	26	

All component type numbers for each job to be processed by MFPM
4	12	3	19	0	25	
5	38	9	44	7	42	1	48	4	36	
6	7	1	20	5	15	
6	47	5	34	1	49	
4	7	2	2	1	9	
7	37	6	40	3	31	9	47	
4	25	8	7	
0	49	
5	11	1	8	6	10	0	4	8	21	
4	26	
1	9	4	15	0	10	3	4	
8	39	3	28	7	40	4	47	0	37	
7	17	4	14	6	9	1	4	
9	27	4	50	6	38	
0	8	7	12	6	20	3	24	8	4	
3	50	
0	2	4	10	8	19	3	24	9	22	
8	36	6	38	4	32	
6	11	8	22	5	7	1	25	
2	33	4	44	
3	8	7	9	1	3	9	5	
7	29	
9	18	5	23	1	2	4	13	7	11	
7	32	3	35	
4	21	6	12	
9	43	0	50	2	26	
8	19	6	16	9	11	
1	26	7	40	4	32	
4	10	0	2	9	11	8	1	5	13	
4	42	2	29	7	28	5	31	1	40	
0	14	3	19	7	20	8	21	
6	44	2	35	0	47	
2	15	1	20	4	2	5	3	0	4	
0	42	1	41	2	27	
7	2	3	5	6	14	0	18	
5	27	3	39	0	44	8	31	
6	24	
0	35	3	26	9	41	6	38	
1	9	
4	46	8	35	9	34	6	27	
0	12	8	14	6	16	9	5	
0	42	
3	10	7	13	6	7	0	20	1	14	
6	42	4	33	
4	6	7	5	2	12	1	7	6	10	
6	26	
1	14	7	3	
4	37	1	33	
2	25	4	18	9	17	
0	29	9	30	
6	3	4	22	7	19	3	17	
0	45	
6	21	4	20	2	2	
3	30	9	31	
5	15	1	20	2	11	6	5	
6	35	4	28	
0	12	6	2	
7	43	9	27	4	28	2	46	6	29	
9	24	7	15	6	21	
4	37	7	42	9	41	
2	7	3	6	6	5	
1	41	7	28	0	35	6	50	9	32	
7	22	0	2	
4	33	9	34	1	37	2	48	
8	9	9	7	
4	28	0	38	1	44	2	37	
9	15	2	22	
4	27	
2	4	5	6	9	8	1	7	0	17	
0	50	
7	23	
6	29	2	35	
3	11	1	5	5	16	7	8	
0	36	
5	5	
3	30	
2	22	
0	38	
8	9	1	10	4	12	
6	35	8	43	2	49	9	33	0	30	
8	12	6	6	4	3	
6	50	
7	25	9	13	
0	38	7	40	
0	15	5	22	6	13	7	8	2	6	
2	44	1	35	3	28	
9	18	
6	32	3	50	1	31	
6	15	8	7	2	20	4	8	7	1	
8	48	9	47	3	44	
4	19	9	9	2	17	
0	29	5	43	1	42	6	38	8	39	
3	14	
7	30	
3	20	5	12	4	25	7	18	6	2	
0	38	6	45	7	49	3	32	
1	2	9	20	0	22	2	17	
1	42	0	43	
7	21	4	6	
8	44	1	31	3	28	

Three processing times per job on each machine
The best scenario
252	263	206	
192	200	236	
146	118	39	
110	171	72	
101	37	90	
151	87	85	
88	155	137	
456	394	396	
83	39	65	
215	154	281	
231	136	249	
242	154	71	
34	103	27	
136	166	105	
297	156	189	
51	64	31	
45	112	37	
81	177	130	
148	138	176	
110	123	68	
198	117	94	
120	69	118	
116	407	323	
112	51	101	
311	89	347	
245	134	300	
289	191	204	
154	71	182	
156	184	143	
165	65	172	
274	157	207	
174	75	48	
25	31	48	
198	301	64	
21	29	72	
171	173	265	
127	153	112	
236	203	382	
182	142	153	
183	257	102	
236	89	87	
294	101	234	
122	228	268	
65	201	91	
72	30	87	
80	193	100	
396	166	358	
48	121	102	
115	63	92	
45	24	40	
Most likely scenario
436	498	245	
268	265	253	
158	129	61	
131	242	86	
125	68	136	
206	92	133	
130	173	237	
497	455	503	
108	57	89	
335	240	353	
237	174	308	
309	298	114	
35	125	33	
163	183	150	
370	251	259	
64	79	45	
52	132	41	
128	179	158	
239	182	193	
123	171	79	
199	125	176	
169	133	152	
195	460	423	
150	64	168	
340	157	385	
286	173	440	
300	327	312	
186	105	301	
161	279	226	
255	108	276	
297	255	297	
232	107	76	
44	35	51	
343	317	102	
36	37	100	
255	278	347	
159	225	121	
388	258	416	
195	273	226	
190	369	129	
264	114	110	
358	156	346	
212	337	509	
92	229	169	
100	54	105	
99	247	124	
571	183	375	
95	133	174	
150	91	131	
69	33	51	
The worst scenario
519	585	333	
400	291	293	
223	154	62	
149	247	98	
156	95	198	
237	101	196	
172	198	315	
562	668	652	
160	71	101	
352	357	499	
252	236	413	
373	438	146	
44	160	46	
211	271	214	
422	297	317	
89	108	47	
61	175	44	
154	261	169	
333	199	232	
160	195	87	
286	147	233	
251	182	194	
290	546	606	
163	92	175	
405	214	513	
369	199	647	
428	418	372	
200	121	393	
173	329	311	
293	123	408	
403	374	336	
293	110	100	
62	36	52	
398	402	104	
37	43	134	
293	391	425	
193	261	132	
480	293	444	
201	362	235	
274	506	141	
395	122	131	
533	181	444	
297	391	519	
112	306	227	
120	77	140	
130	328	154	
574	197	430	
120	166	244	
213	122	157	
96	35	64	
