Factories	6	Jobs	150	Machines	3

Total number of component types per job processed by HSPM
10	11	10	9	8	10	10	5	11	8	10	9	9	8	9	11	6	9	7	12	6	12	8	12	12	12	12	12	11	6	11	11	11	8	8	5	7	7	11	8	12	12	11	9	12	7	12	7	12	6	5	6	11	7	5	7	12	5	8	6	5	8	12	5	9	8	9	7	11	10	8	6	12	12	10	9	7	6	5	8	11	9	11	10	9	5	11	10	6	5	12	5	11	6	7	7	12	9	5	7	5	12	9	8	11	7	6	9	10	5	12	7	11	10	7	8	9	5	9	12	12	6	10	8	5	9	5	11	11	11	12	5	5	12	6	12	9	6	8	8	5	6	10	10	12	8	12	9	11	7	

Total number of component types per job processed by MFPM
5	5	3	4	5	3	3	1	5	2	3	3	1	4	1	3	1	5	5	4	2	5	3	1	4	3	2	5	4	1	3	5	4	4	2	2	2	2	2	5	3	5	3	2	5	2	2	4	1	4	5	2	4	4	3	1	5	2	1	3	1	5	5	3	3	2	5	1	1	1	3	5	1	4	5	2	3	5	3	4	1	5	4	5	3	4	4	4	3	5	2	4	1	3	2	5	4	2	5	3	2	3	5	4	3	3	2	1	2	5	3	1	1	3	3	2	5	5	5	2	3	1	4	1	2	2	4	1	5	5	2	5	3	5	3	3	3	4	1	4	1	5	5	1	2	3	1	1	2	1	1	3	1	1	3	5	4	3	2	4	4	1	4	4	4	5	5	2	1	4	3	1	2	1	1	5	4	3	5	4	4	3	4	3	5	3	4	4	5	5	2	4	2	1	2	4	1	3	1	3	2	5	3	2	3	3	3	2	3	3	4	3	3	3	4	1	2	4	3	1	5	1	3	5	4	5	3	2	1	3	4	1	1	2	4	2	5	3	1	4	2	4	2	4	4	2	4	1	4	1	1	4	5	1	5	4	4	3	4	3	2	5	1	5	3	3	3	5	2	1	3	5	2	2	1	2	2	2	2	4	4	3	2	4	5	5	4	4	4	5	5	2	2	2	2	3	2	2	2	4	

All component type numbers for each job to be processed by HSPM
17	30	0	12	2	6	15	48	3	16	19	42	6	39	16	55	18	66	11	22	
17	15	16	13	3	54	8	53	1	25	13	24	4	45	0	52	5	50	2	47	19	69	
1	23	0	28	12	73	4	20	14	42	13	31	10	40	6	49	11	56	16	6	
10	75	5	74	7	60	0	24	11	1	9	62	6	63	8	51	14	48	
12	74	19	6	15	68	18	26	9	1	14	44	10	28	11	45	
4	73	17	23	14	70	18	16	13	3	8	40	16	27	9	65	15	64	3	38	
8	66	2	12	6	45	9	65	10	3	1	53	4	62	17	20	18	35	16	46	
13	60	16	55	15	38	0	66	9	43	
19	71	7	9	6	5	15	72	13	25	9	40	3	56	17	61	0	46	18	22	14	51	
17	63	16	67	13	43	19	37	11	65	8	22	1	36	18	72	
5	70	4	49	8	1	10	19	9	66	6	51	2	65	19	43	15	48	17	27	
5	9	16	5	17	43	15	67	8	31	1	68	2	44	9	39	6	27	
4	27	11	73	19	62	5	68	16	1	2	18	15	50	12	16	7	40	
14	48	8	47	7	49	16	14	12	28	17	41	9	9	11	5	
18	37	1	23	4	59	19	41	2	10	12	67	6	16	16	46	3	21	
4	70	16	46	3	1	5	66	6	23	1	33	17	26	19	14	7	65	18	47	8	12	
6	9	2	19	16	4	10	31	5	43	7	5	
4	22	9	16	14	44	12	8	11	63	6	66	13	4	18	40	17	49	
10	3	11	26	9	58	2	1	12	25	16	12	7	35	
3	16	13	54	9	4	11	42	7	51	8	36	2	24	19	65	6	40	18	20	17	5	0	15	
1	34	6	15	11	75	13	12	8	71	9	74	
15	42	7	52	5	55	1	22	13	41	16	39	3	68	2	63	17	45	14	67	18	60	8	21	
4	68	15	19	18	67	8	38	7	75	6	74	5	7	1	23	
19	39	11	64	8	20	2	30	6	2	4	55	16	40	14	54	10	60	1	49	17	38	3	37	
1	1	5	56	15	51	12	12	2	20	16	44	3	23	6	5	4	73	7	47	17	41	0	29	
12	61	8	42	4	36	7	37	5	7	11	45	10	27	18	5	1	41	3	23	6	63	15	12	
16	51	18	69	11	53	10	57	15	54	9	7	8	17	6	70	19	35	13	44	7	64	5	68	
15	21	1	36	13	59	11	39	14	48	10	9	3	62	2	46	0	14	17	72	19	10	16	25	
9	42	2	7	19	19	7	31	16	15	5	18	6	22	1	34	13	32	10	28	11	38	
11	73	5	15	2	67	1	49	15	38	6	68	
18	61	16	52	3	3	9	43	14	33	0	56	1	54	17	8	15	32	10	60	8	37	
8	68	14	22	7	53	12	71	3	7	11	31	0	10	2	16	16	57	13	63	10	55	
16	49	1	5	2	20	4	42	11	47	7	65	18	64	17	13	10	55	8	51	6	21	
13	18	8	5	0	62	15	27	2	31	9	60	3	11	16	13	
11	16	4	32	12	54	10	75	8	19	3	48	5	62	16	49	
10	11	13	6	7	27	8	60	4	68	
13	51	14	14	1	59	9	54	0	47	7	43	19	33	
12	23	11	38	10	35	2	34	3	17	5	67	4	45	
12	59	10	22	11	5	13	29	0	32	6	54	2	57	9	51	17	23	8	36	1	60	
13	28	6	74	3	62	15	47	9	27	17	24	7	73	11	46	
4	55	2	37	19	30	13	36	17	54	7	48	8	50	16	32	15	61	18	44	3	13	9	74	
1	40	7	59	4	16	19	56	3	17	11	67	5	43	14	51	9	45	0	70	6	10	2	7	
11	32	0	20	13	52	12	15	16	70	9	56	18	41	7	51	10	29	1	40	5	71	
13	29	12	74	15	25	7	55	1	11	5	65	8	41	6	30	4	26	
14	72	8	25	9	41	12	27	17	32	1	15	19	70	2	30	7	31	6	43	3	36	13	58	
7	48	18	60	16	16	15	7	12	67	1	45	14	50	
13	31	18	22	3	65	6	6	11	46	7	8	17	20	8	15	1	58	19	30	16	38	9	27	
8	58	12	64	2	36	10	41	19	18	6	72	11	43	
14	70	2	55	12	10	9	38	19	35	4	3	13	24	18	60	11	13	0	14	8	65	3	63	
10	70	13	20	3	75	12	38	7	68	18	35	
15	9	10	11	0	72	14	15	19	23	
11	23	17	7	16	70	14	44	9	49	18	41	
15	27	14	63	8	61	10	67	16	70	19	46	7	6	1	4	2	18	5	71	12	68	
19	58	17	31	4	53	18	30	1	3	15	32	5	41	
9	43	3	56	2	61	0	36	5	23	
7	47	12	11	4	6	10	15	15	16	19	29	2	63	
7	74	8	12	1	41	16	23	13	3	5	66	10	4	6	33	11	30	15	21	4	39	9	2	
17	8	1	55	13	22	0	69	4	75	
11	2	4	48	19	17	2	10	6	13	5	62	16	36	14	15	
10	29	17	37	13	62	12	65	8	24	1	39	
16	69	9	53	0	55	11	47	6	19	
9	39	19	40	15	44	17	38	18	21	12	6	16	72	14	61	
11	11	19	25	13	55	5	38	1	5	0	58	10	9	14	74	3	21	12	3	8	65	17	46	
4	65	0	63	18	18	9	47	19	5	
0	72	7	53	13	59	12	30	18	6	2	56	15	58	8	29	6	16	
12	20	0	21	4	70	15	69	19	39	10	55	13	25	14	63	
4	54	12	19	0	25	10	68	7	63	9	37	17	23	3	17	5	75	
8	55	6	44	9	57	10	41	15	69	14	1	2	22	
3	33	12	43	14	73	10	7	13	64	15	50	16	12	8	70	2	58	19	72	0	27	
9	13	15	25	14	70	0	30	13	40	10	53	11	62	5	20	12	61	4	6	
7	73	12	62	9	46	11	69	0	68	3	60	18	35	13	9	
1	6	14	22	16	13	8	47	7	37	9	40	
1	61	6	71	5	26	15	32	13	19	14	3	4	67	11	36	0	50	9	29	7	39	19	48	
11	57	1	75	4	70	5	30	19	37	0	16	7	27	16	4	3	74	15	55	13	34	2	73	
17	31	5	68	11	12	1	62	8	63	13	18	15	48	14	4	4	50	16	11	
0	66	6	37	15	67	5	42	17	41	1	43	14	74	12	55	18	14	
15	27	17	46	0	74	12	56	5	48	13	7	19	20	
7	4	0	35	15	42	3	54	2	75	4	28	
0	47	5	36	17	53	9	21	14	12	
12	72	14	13	17	14	13	21	3	74	8	70	5	22	19	55	
12	32	19	24	8	36	7	19	0	13	18	38	14	41	5	22	6	18	4	60	10	67	
10	18	4	68	0	71	9	1	5	29	14	10	6	13	3	39	1	46	
13	61	6	46	17	39	18	69	10	51	2	41	1	14	16	48	9	43	14	62	19	53	
17	7	10	61	13	46	4	69	12	12	1	8	16	72	18	65	14	20	6	32	
19	48	17	21	4	54	11	52	14	39	15	45	8	16	5	71	2	50	
6	74	18	49	16	46	1	67	0	14	
8	16	6	26	19	67	3	50	15	32	10	37	13	66	7	57	17	68	2	5	16	20	
2	13	8	64	13	53	4	59	6	50	9	51	0	34	10	22	14	35	15	36	
5	4	15	43	17	61	6	3	3	26	7	45	
7	64	17	17	10	26	16	18	8	52	
8	58	17	17	1	59	6	1	5	10	16	44	18	9	12	43	15	25	9	49	10	74	14	42	
9	67	15	11	17	72	16	26	10	68	
3	5	4	20	1	14	5	30	13	56	12	69	2	38	8	49	10	27	0	28	9	47	
13	10	10	62	0	68	11	33	5	47	14	54	
4	27	19	42	2	75	1	53	8	32	13	7	12	52	
0	67	13	29	11	2	18	34	1	16	6	47	2	72	
8	40	10	34	6	50	9	60	0	19	14	41	15	1	13	42	12	33	11	29	2	65	3	51	
15	56	9	12	18	13	19	75	1	54	17	10	5	49	7	51	14	47	
7	47	10	24	19	29	0	10	5	30	
8	5	14	12	3	68	17	29	11	48	12	51	6	34	
11	65	15	26	1	58	13	47	18	33	
12	71	2	40	3	2	4	14	8	72	0	32	15	28	14	26	11	17	17	1	16	57	10	30	
17	54	10	6	9	33	19	16	15	36	14	40	5	67	7	61	16	53	
19	71	4	52	3	5	10	61	16	48	14	13	13	59	17	60	
11	47	19	49	16	27	3	33	8	69	0	5	2	39	7	63	9	46	15	48	17	34	
18	31	0	17	3	54	11	15	13	24	12	47	7	32	
8	34	12	42	5	58	10	23	14	67	3	22	
17	54	13	15	9	7	11	62	5	14	0	43	7	37	10	6	19	57	
15	70	18	57	8	30	2	21	1	4	3	56	7	65	16	67	4	18	12	48	
8	65	6	18	12	55	18	50	9	49	
18	62	13	40	5	25	16	42	7	33	15	17	10	26	4	51	14	23	1	14	3	61	11	56	
4	32	17	38	1	47	8	39	19	37	2	22	16	42	
15	68	16	43	18	74	14	8	17	32	3	39	8	19	12	12	2	35	7	41	6	5	
15	41	11	23	5	18	10	45	13	49	1	28	16	6	17	61	2	12	6	2	
8	62	7	54	1	23	16	8	17	37	5	63	18	61	
15	51	6	28	4	63	14	44	0	22	2	26	8	34	12	64	
12	54	15	44	4	64	10	21	0	6	5	31	11	52	14	74	19	43	
4	12	11	21	2	34	12	67	15	3	
10	29	0	49	11	9	15	28	4	48	9	62	13	39	1	54	16	53	
16	72	4	12	11	8	7	60	12	16	0	14	6	63	19	48	10	10	17	59	15	7	1	67	
10	19	5	44	6	7	8	39	13	22	2	65	0	66	19	20	12	57	14	23	3	3	16	47	
9	22	10	16	11	62	12	32	5	53	3	52	
18	4	0	16	17	48	6	62	5	66	19	56	15	71	14	55	13	58	12	47	
6	15	5	43	11	75	15	25	4	39	3	53	7	37	12	13	
10	40	7	75	15	37	11	18	18	26	
11	45	16	59	7	48	10	17	3	64	1	67	4	14	17	41	15	73	
18	32	4	11	2	22	0	56	3	35	
15	46	9	28	6	61	2	34	18	47	7	26	5	27	19	11	1	25	4	21	0	45	
7	20	3	61	11	72	12	51	5	9	13	6	16	63	6	48	19	25	15	60	18	43	
8	50	19	47	5	5	13	58	6	33	17	64	1	18	15	14	18	60	16	12	10	63	
6	7	7	25	15	28	11	74	9	36	19	63	10	42	4	45	18	56	2	75	5	17	17	40	
1	23	14	69	10	60	4	32	8	43	
15	18	2	9	10	28	17	24	18	4	
16	73	19	33	15	30	5	15	11	28	8	60	18	32	4	55	2	61	9	53	14	52	17	10	
10	10	13	46	19	74	8	25	16	32	5	66	
16	8	15	61	6	69	13	40	7	50	17	31	9	54	2	24	4	10	5	57	10	11	1	58	
7	36	5	6	3	25	1	24	2	9	0	68	11	70	6	56	18	75	
8	60	6	58	7	24	19	16	16	33	15	6	
18	43	7	72	5	33	15	16	6	40	19	56	17	24	0	29	
19	18	13	24	0	13	1	55	16	28	4	59	17	17	15	69	
3	46	7	13	6	60	4	36	14	39	
11	42	18	29	1	57	17	74	15	13	19	25	
8	66	1	1	14	9	19	41	2	64	13	31	6	4	7	72	10	8	4	38	
8	50	3	43	13	29	2	22	18	68	5	36	0	39	14	37	12	31	11	49	
10	73	6	7	19	33	15	19	13	27	12	38	8	71	4	14	17	21	11	40	18	8	5	28	
17	22	3	69	15	29	6	25	9	61	11	50	12	71	19	75	
18	31	13	4	4	49	9	18	1	59	0	14	19	8	3	65	5	50	16	28	2	23	17	52	
12	59	18	9	4	6	1	12	6	23	7	72	15	40	8	46	0	30	
13	12	12	39	11	14	1	67	2	44	18	64	7	38	17	52	8	42	14	9	3	65	
15	71	5	5	2	35	13	49	12	36	4	2	17	73	

All component type numbers for each job to be processed by MFPM
9	20	4	1	5	18	6	17	2	21	
9	46	1	33	2	37	6	49	5	43	
4	9	0	11	9	14	
9	34	8	40	6	44	3	50	
1	19	5	1	2	8	7	11	0	4	
2	48	7	45	1	49	
8	18	0	24	3	3	
5	34	
6	25	1	18	7	19	5	16	0	14	
0	44	4	33	
9	17	0	20	5	21	
1	48	9	28	2	38	
2	9	
5	30	7	33	1	38	9	31	
5	9	
2	33	3	41	6	45	
5	20	
5	48	0	49	8	38	6	27	1	34	
9	19	6	20	2	12	0	7	7	10	
2	30	6	37	5	39	9	42	
3	25	6	17	
8	36	4	46	6	43	2	38	1	27	
5	11	0	18	1	16	
5	48	
3	15	6	16	5	23	0	2	
8	43	7	38	0	46	
8	9	1	14	
4	48	0	29	3	28	6	39	7	37	
2	2	8	4	4	17	7	5	
7	27	
0	23	3	8	5	10	
6	31	2	47	8	29	4	41	0	42	
3	2	4	21	1	1	0	15	
5	42	6	41	7	36	8	48	
3	13	1	2	
9	44	4	49	
0	18	1	8	
5	47	0	45	
3	20	5	21	
6	34	1	48	5	50	9	38	2	39	
9	9	2	4	1	6	
6	27	7	50	2	41	4	39	3	34	
3	5	9	9	5	24	
5	36	6	29	
2	8	6	17	7	7	4	15	0	20	
4	44	7	40	
9	15	0	3	
0	31	7	47	8	35	4	34	
4	8	
1	30	5	34	2	38	9	32	
4	25	8	15	5	9	0	21	6	24	
8	33	6	43	
7	6	1	23	4	19	0	16	
5	35	1	29	6	39	2	47	
3	7	9	13	6	14	
5	39	
4	11	2	25	7	24	6	15	8	19	
3	37	7	35	
4	16	
3	32	2	48	5	35	
6	15	
7	36	4	48	5	44	0	45	2	32	
9	10	0	22	7	6	1	14	8	9	
9	37	2	50	0	44	
9	15	4	21	3	18	
9	34	4	28	
9	8	1	15	2	19	3	2	6	5	
3	39	
0	21	
1	29	
4	24	8	5	9	25	
9	28	8	30	3	36	2	29	1	49	
7	6	
9	47	3	36	8	43	0	28	
5	19	7	18	2	8	8	21	6	12	
7	28	5	42	
8	4	0	14	1	16	
5	41	0	42	3	47	2	31	7	40	
7	9	5	16	9	25	
8	48	9	38	0	33	4	45	
0	21	
3	38	0	43	4	40	6	31	9	28	
1	24	8	1	9	21	3	13	
9	32	0	44	4	29	3	48	6	49	
4	16	9	9	5	19	
3	26	8	43	5	34	7	36	
4	14	5	24	2	2	1	8	
5	48	1	32	8	44	7	40	
2	5	6	11	4	24	
1	27	2	47	5	44	4	42	7	35	
1	10	3	5	
3	26	9	40	2	27	8	29	
4	22	
4	46	6	40	2	47	
3	1	8	11	
3	39	2	32	6	28	5	45	7	30	
9	5	7	18	5	15	1	24	
3	26	1	33	
5	2	1	21	3	23	0	1	9	11	
0	26	6	30	1	44	
9	3	7	25	
7	35	9	41	4	50	
9	5	5	11	6	6	0	21	2	20	
7	35	0	42	9	41	8	33	
1	2	2	9	0	3	
1	50	5	39	9	41	
2	24	0	17	
0	27	
8	24	9	10	
7	29	1	28	6	35	4	41	5	30	
9	8	6	9	8	2	
2	40	
6	24	
8	35	5	27	2	29	
3	7	0	24	7	2	
0	49	9	41	
5	16	1	13	6	19	8	14	7	11	
1	34	0	38	5	31	7	27	9	41	
4	12	6	13	1	18	5	20	2	24	
9	36	6	28	
6	19	0	23	8	7	
6	37	
7	10	6	11	0	25	3	9	
4	41	
4	12	1	14	
1	49	7	45	
8	23	3	25	0	24	5	12	
6	35	
1	5	3	12	7	25	2	23	4	1	
7	29	2	48	3	46	4	32	1	45	
3	16	4	7	
5	35	2	38	1	40	3	33	9	30	
2	12	6	6	8	19	
8	42	5	48	0	49	3	44	9	38	
8	19	0	22	7	11	
8	31	4	36	5	26	
9	22	2	20	3	11	
4	47	0	39	6	43	8	41	
3	12	
0	43	1	27	6	39	8	50	
1	25	
7	44	9	31	5	38	6	39	4	30	
9	7	5	11	8	21	4	3	1	16	
1	48	
7	14	8	23	
6	29	3	42	0	34	
5	6	
0	32	
3	24	4	14	
0	44	
2	4	
2	49	8	48	1	44	
0	21	
2	50	
3	12	1	17	8	8	
4	40	9	49	8	38	0	26	7	34	
8	10	4	9	0	18	9	20	
5	32	2	40	8	44	
1	13	9	1	
1	27	0	48	3	47	9	41	
9	16	3	8	5	14	6	5	
2	35	
5	3	2	18	1	1	4	12	
1	29	7	30	0	41	6	45	
6	2	1	4	2	5	3	9	
0	49	3	35	6	38	8	40	5	36	
3	7	6	23	0	8	5	9	7	19	
5	31	0	35	
7	13	
0	36	5	41	1	44	4	40	
7	20	5	8	2	19	
8	37	
7	4	9	13	
0	43	
5	8	
4	36	6	43	5	48	9	30	8	29	
8	10	2	12	9	20	5	6	
4	26	9	29	2	35	
1	22	6	19	4	24	0	5	5	21	
5	28	1	39	7	31	8	36	
0	9	4	10	6	21	5	22	
2	50	6	46	9	49	
7	9	8	1	5	2	1	19	
2	41	4	50	8	29	
4	15	9	17	8	20	3	10	1	19	
9	42	4	35	2	27	
5	23	7	8	4	15	3	14	
2	35	7	30	4	36	0	31	
1	24	0	5	8	6	6	20	4	7	
1	46	4	37	5	39	7	26	6	47	
3	14	6	25	
9	26	1	31	4	29	3	37	
7	20	8	13	
4	47	
1	18	4	16	
9	34	3	40	0	45	4	30	
7	15	
5	37	1	32	3	27	
3	19	
8	26	4	47	1	45	
3	19	4	20	
5	44	4	45	1	35	6	50	3	32	
3	18	5	14	1	11	
3	49	2	31	
0	7	2	24	9	2	
9	36	0	42	4	26	
3	20	1	14	2	25	
7	50	9	39	
0	22	6	5	1	18	
9	45	1	41	6	47	
3	11	8	15	9	5	5	7	
0	28	8	29	3	38	
4	22	3	3	7	8	
7	27	0	45	4	47	
5	8	3	1	9	24	7	19	
3	41	
9	22	6	4	
8	39	3	30	5	45	6	46	
3	21	0	24	1	20	
3	47	
8	13	6	18	7	1	5	24	4	2	
3	27	
0	7	6	23	3	14	
4	29	5	38	9	32	7	39	8	48	
0	14	1	6	3	8	2	11	
9	34	1	32	0	48	2	27	6	35	
1	18	3	6	9	22	
3	39	1	30	
8	18	
1	37	6	41	7	32	
9	25	5	13	2	19	4	11	
0	43	
9	18	
3	34	0	41	
7	25	4	3	8	16	2	6	
0	35	4	28	
6	2	7	15	5	10	1	23	4	9	
7	27	2	48	0	30	
9	3	
1	40	9	44	7	28	5	36	
3	8	4	22	
6	46	7	35	9	49	4	47	
8	25	2	21	
1	47	3	27	2	32	5	41	
7	9	1	12	4	24	0	13	
7	35	0	41	
5	21	9	7	2	10	4	8	
0	49	
7	3	1	14	0	8	9	7	
0	47	
7	15	
5	31	9	37	3	42	2	43	
4	4	7	17	3	11	8	6	1	14	
3	34	
5	18	2	25	4	4	1	14	3	11	
6	31	2	46	3	50	7	32	
6	13	0	17	1	22	5	6	
4	32	6	36	2	31	
2	14	8	3	0	23	1	24	
6	40	7	26	8	43	
7	18	6	23	
4	34	6	45	8	33	9	41	2	27	
4	2	
4	41	6	49	5	33	9	31	2	40	
5	7	1	11	0	13	
3	49	1	34	9	48	
7	18	3	24	1	14	
0	26	9	32	6	45	1	30	5	34	
1	3	3	5	
7	39	
1	2	0	3	3	15	
7	47	4	39	1	28	5	44	3	33	
2	5	0	17	
7	39	4	31	
0	10	
8	30	7	35	
1	11	0	19	
2	50	4	37	
3	15	2	9	
1	44	3	43	8	41	2	26	
1	9	3	22	6	8	4	2	
0	39	7	45	3	50	
4	24	6	8	
6	48	0	42	1	49	2	41	
4	21	8	23	7	1	9	24	6	13	
4	29	6	37	5	34	7	47	0	35	
1	14	4	24	6	25	8	21	
9	43	7	31	4	41	1	40	
0	25	6	23	5	15	1	20	
8	42	0	50	3	45	1	41	2	38	
7	14	9	10	2	17	1	5	5	1	
0	26	2	44	
8	2	6	17	
6	33	1	42	
6	7	3	15	
9	47	2	31	5	27	
4	25	1	15	
7	33	9	44	
5	10	9	17	
1	30	7	29	6	40	8	39	

Three processing times per job on each machine
The best scenario
31	42	46	
179	370	154	
94	66	84	
82	118	235	
220	486	132	
232	210	140	
332	96	209	
37	50	61	
114	81	348	
247	167	361	
139	196	171	
150	115	270	
75	153	179	
221	156	282	
85	67	104	
44	41	40	
120	112	135	
259	217	159	
162	203	245	
131	177	146	
109	357	151	
66	65	92	
70	165	241	
213	110	299	
70	90	45	
189	201	120	
52	20	38	
296	261	127	
95	64	99	
69	87	56	
163	267	277	
37	68	37	
443	156	226	
299	202	101	
206	409	262	
525	244	177	
179	146	100	
118	71	137	
90	39	56	
146	196	268	
275	397	92	
209	219	279	
48	49	27	
68	78	86	
396	346	308	
93	47	61	
276	428	491	
53	22	86	
131	88	270	
51	64	85	
222	117	216	
32	23	25	
247	170	283	
284	56	67	
64	224	153	
140	39	52	
202	221	129	
30	103	59	
271	369	237	
44	30	41	
41	82	50	
52	10	18	
111	52	134	
167	228	177	
59	72	70	
122	399	237	
108	50	21	
225	188	189	
156	107	112	
125	83	42	
213	357	432	
48	201	93	
81	70	81	
176	236	170	
320	87	249	
184	116	146	
188	288	473	
265	229	268	
230	95	99	
243	206	211	
116	164	74	
102	55	153	
30	65	97	
209	93	100	
326	175	436	
79	93	104	
57	69	39	
67	48	47	
81	142	143	
158	334	190	
31	121	60	
85	165	175	
134	88	137	
173	194	256	
129	221	264	
239	293	148	
123	110	141	
135	108	154	
84	51	75	
281	141	174	
283	214	117	
197	222	302	
186	338	157	
130	256	296	
265	142	118	
368	174	154	
113	270	168	
499	364	329	
67	101	112	
252	308	168	
238	126	193	
126	236	410	
111	184	136	
304	178	235	
137	81	100	
80	314	298	
150	118	132	
188	230	338	
85	87	64	
46	170	135	
77	70	69	
18	25	88	
109	124	213	
324	411	248	
193	344	462	
137	54	124	
79	192	121	
197	142	154	
25	35	54	
103	209	307	
289	156	144	
45	117	117	
138	72	61	
214	231	226	
306	147	232	
205	205	285	
217	230	152	
120	102	297	
101	75	129	
84	40	46	
197	154	176	
58	58	30	
34	27	15	
80	131	173	
52	56	105	
171	225	195	
103	53	41	
392	212	196	
407	333	236	
344	267	228	
Most likely scenario
46	74	70	
206	432	206	
132	113	85	
111	158	338	
271	519	188	
279	260	247	
375	170	364	
70	66	82	
128	138	457	
280	219	572	
214	230	177	
215	133	402	
114	204	197	
432	283	439	
117	77	137	
71	73	45	
182	114	141	
306	288	306	
237	340	301	
233	228	184	
127	392	262	
101	70	110	
107	239	244	
367	130	328	
72	97	50	
205	399	238	
57	23	40	
360	353	154	
185	126	167	
95	130	95	
246	355	347	
43	71	51	
485	300	237	
371	318	197	
313	424	286	
531	313	201	
193	285	179	
135	91	271	
125	77	81	
270	287	274	
389	530	143	
240	292	350	
74	93	46	
97	83	94	
465	556	408	
139	86	103	
327	443	541	
87	37	90	
145	147	294	
94	72	92	
255	229	280	
57	42	37	
339	277	313	
385	109	121	
95	264	281	
161	43	88	
256	331	241	
53	128	85	
408	458	397	
49	50	54	
79	142	84	
56	19	29	
120	58	135	
174	284	225	
100	101	90	
178	435	381	
125	78	33	
417	243	268	
159	144	123	
169	86	57	
283	493	447	
67	213	124	
123	115	116	
254	440	300	
351	174	438	
209	119	242	
327	301	568	
329	333	395	
306	174	171	
418	208	366	
127	293	96	
115	101	197	
60	97	121	
264	165	148	
395	264	438	
111	104	118	
67	115	78	
116	96	69	
120	237	175	
223	391	259	
61	187	65	
168	175	243	
172	113	238	
244	225	270	
176	228	347	
282	397	211	
163	203	195	
214	202	162	
108	96	103	
316	162	209	
296	226	148	
276	266	363	
326	382	284	
216	325	416	
447	198	164	
488	270	159	
116	358	262	
534	511	400	
88	117	137	
294	333	237	
362	137	343	
201	250	426	
205	326	184	
345	210	457	
177	100	169	
160	401	319	
189	185	147	
285	404	547	
148	113	98	
74	179	145	
111	99	105	
30	40	95	
149	166	225	
453	436	331	
269	497	497	
219	99	186	
100	358	220	
245	273	160	
38	36	63	
150	219	475	
428	211	185	
78	160	128	
177	118	66	
220	460	266	
437	152	431	
265	252	316	
369	254	207	
172	194	307	
104	134	176	
146	61	56	
278	227	299	
110	113	42	
38	53	25	
84	220	229	
66	91	147	
273	253	292	
106	77	57	
628	304	217	
440	467	414	
346	431	366	
The worst scenario
49	86	71	
261	601	269	
161	118	105	
139	181	410	
325	712	193	
286	295	253	
415	236	397	
86	91	96	
144	171	677	
367	226	586	
245	295	229	
255	145	513	
126	243	266	
492	316	470	
164	102	160	
90	105	46	
209	151	152	
339	374	390	
280	347	418	
236	247	221	
141	579	293	
120	80	149	
123	272	310	
434	174	390	
93	135	56	
287	429	255	
77	25	51	
489	478	163	
272	189	225	
141	180	114	
368	495	474	
45	73	52	
545	388	253	
483	392	253	
319	470	290	
635	420	289	
196	395	216	
184	98	344	
147	115	85	
364	293	332	
442	602	160	
280	423	464	
109	125	58	
115	123	130	
555	608	459	
158	119	133	
468	541	595	
109	39	122	
148	177	389	
119	95	120	
264	321	379	
82	45	46	
343	395	319	
521	159	160	
121	330	374	
220	59	96	
335	345	251	
72	183	109	
432	635	574	
71	53	73	
98	152	110	
81	26	33	
131	60	179	
178	384	270	
133	125	106	
234	540	443	
175	93	46	
615	349	289	
184	149	167	
225	120	82	
361	640	513	
79	241	125	
129	162	148	
307	518	423	
447	260	611	
229	155	263	
393	415	687	
434	394	531	
396	216	227	
596	260	473	
142	342	124	
118	111	230	
63	134	157	
326	184	164	
470	342	550	
151	139	172	
88	169	93	
167	139	82	
179	247	201	
224	528	346	
74	220	93	
239	253	297	
210	135	337	
290	328	391	
192	230	461	
384	550	273	
174	294	205	
295	241	197	
127	98	146	
435	217	244	
412	256	185	
391	376	433	
436	481	329	
272	446	420	
654	207	244	
637	287	220	
160	463	307	
639	729	525	
109	136	177	
347	428	352	
378	196	401	
282	374	586	
223	451	225	
471	287	672	
238	121	190	
162	556	415	
256	263	204	
362	548	695	
158	153	107	
77	218	154	
133	124	139	
38	44	131	
150	174	316	
663	559	362	
294	685	659	
238	106	252	
150	531	291	
269	279	224	
44	42	90	
214	236	551	
571	249	205	
109	240	173	
221	129	76	
272	521	369	
555	201	462	
379	273	455	
436	327	302	
214	211	366	
118	171	211	
163	68	67	
409	330	438	
113	121	54	
41	62	30	
93	275	320	
85	104	186	
331	368	404	
125	89	73	
875	413	281	
607	556	572	
403	618	517	
