Factories	3	Jobs	150	Machines	3

Total number of component types per job processed by HSPM
11	12	8	5	10	10	7	12	7	12	5	8	10	9	10	10	7	5	6	11	11	8	12	11	8	8	5	10	5	9	10	6	10	11	6	5	11	5	11	11	10	9	12	5	10	8	11	7	9	7	5	11	5	10	10	11	10	8	9	9	11	7	11	12	8	10	7	6	6	8	6	5	5	7	7	6	6	8	6	8	12	5	9	8	5	8	12	9	8	6	5	7	9	12	10	12	10	8	9	10	5	11	8	9	8	6	7	11	7	11	10	7	8	5	11	12	11	11	8	6	9	8	9	5	7	7	5	12	11	5	5	7	6	7	9	9	10	6	10	12	5	8	7	10	7	9	12	5	9	10	

Total number of component types per job processed by MFPM
1	4	2	2	5	4	1	5	5	2	5	2	5	3	3	1	4	1	2	1	4	5	1	1	2	1	3	5	2	5	1	2	1	2	3	4	3	1	5	3	1	3	2	4	5	2	3	2	3	1	5	2	5	3	1	4	5	2	2	3	1	3	3	5	3	1	2	1	2	3	1	1	4	2	3	5	5	2	3	2	4	1	1	5	4	5	3	1	3	3	5	1	5	4	1	2	5	1	3	1	5	1	2	4	3	2	2	2	1	5	4	4	3	5	4	4	5	1	5	4	1	3	4	2	1	4	2	1	2	4	2	1	2	1	1	4	5	4	4	4	3	2	1	4	2	5	5	1	5	2	1	4	1	3	2	5	4	4	2	5	1	4	3	3	4	2	1	5	3	2	5	1	4	4	4	5	5	3	5	2	5	2	2	3	2	2	5	3	3	4	5	4	1	5	1	1	3	5	4	5	5	5	2	5	5	2	3	3	4	3	3	5	4	3	5	4	2	5	3	4	5	3	4	1	5	1	5	1	2	1	4	4	3	4	4	5	5	3	1	1	5	1	3	4	3	4	3	2	2	2	3	4	1	4	1	5	4	4	4	1	3	4	2	3	5	2	1	1	4	1	3	1	2	2	4	4	4	3	4	2	1	5	1	2	1	3	1	5	4	2	5	3	1	4	3	4	1	4	4	5	

All component type numbers for each job to be processed by HSPM
9	20	13	40	5	1	3	46	2	5	15	43	4	48	0	55	12	42	11	62	14	59	
18	31	2	22	16	28	1	18	5	56	6	23	17	54	4	68	3	41	8	64	15	32	9	65	
13	24	16	22	6	32	18	56	0	63	17	60	2	12	14	2	
2	42	11	6	1	18	6	7	0	13	
18	10	6	48	16	31	2	52	17	7	13	9	3	23	7	32	1	29	8	60	
15	38	1	64	12	49	18	25	4	55	2	44	16	22	10	50	9	7	8	56	
4	37	11	69	1	58	18	18	19	16	15	10	0	26	
8	47	16	18	1	22	10	51	2	67	7	54	5	71	3	9	19	64	0	34	6	31	17	13	
1	40	15	38	19	33	10	32	4	74	8	56	2	75	
14	3	6	70	15	37	5	15	19	39	13	11	1	31	16	48	11	16	18	41	8	1	7	61	
13	34	14	55	4	4	9	28	6	14	
7	26	9	56	1	22	10	33	19	28	11	41	13	46	12	51	
2	42	19	6	18	68	14	56	13	48	12	7	8	3	16	8	10	32	5	62	
7	37	1	31	10	68	4	22	12	15	8	20	15	34	9	44	11	6	
17	2	13	59	8	27	9	40	3	16	7	10	11	57	18	65	15	37	1	25	
14	26	11	35	13	69	2	21	19	56	10	19	12	22	17	15	7	31	4	74	
3	16	15	32	12	54	19	39	7	61	2	5	18	30	
5	14	15	70	9	65	13	46	7	44	
5	62	13	45	2	5	0	41	10	67	18	17	
17	5	13	75	2	18	6	70	19	16	18	36	12	31	9	57	8	65	4	43	10	6	
8	21	9	63	2	36	18	53	4	56	5	20	15	40	11	9	16	54	7	24	13	55	
6	17	4	52	15	19	12	13	10	9	19	1	16	22	1	58	
12	10	14	36	5	39	3	43	9	50	1	68	8	1	10	12	7	63	19	34	13	66	15	44	
14	45	17	35	1	17	6	4	13	19	0	26	4	47	16	41	11	38	5	12	9	29	
15	25	2	22	4	43	16	39	13	26	18	56	7	33	5	49	
0	28	11	1	18	25	1	34	3	46	17	13	16	44	13	23	
1	74	8	53	17	27	7	20	15	31	
15	13	19	26	4	18	7	61	1	15	5	44	17	8	14	2	0	50	6	4	
4	63	9	29	6	30	7	12	13	49	
11	54	18	63	7	72	10	7	2	30	1	45	3	62	5	61	12	65	
16	30	18	52	6	14	5	74	3	69	0	72	4	9	8	70	19	5	13	45	
1	72	11	27	16	26	18	33	6	13	7	22	
16	23	2	44	0	70	5	6	15	51	3	62	10	58	12	41	19	66	18	30	
6	16	5	43	18	35	2	7	8	2	12	49	1	67	0	62	7	29	15	56	17	13	
9	5	4	49	2	14	18	2	10	47	8	25	
11	36	6	17	12	54	2	33	9	43	
17	39	10	46	16	73	5	13	8	45	11	67	14	72	0	75	9	27	13	20	3	5	
4	14	14	40	19	53	16	4	3	17	
16	6	13	30	8	54	1	26	0	48	14	18	4	58	17	62	3	46	19	50	5	59	
8	6	9	74	11	34	18	70	13	49	5	9	17	52	4	14	7	7	1	31	12	63	
4	58	18	75	9	26	19	14	15	65	17	48	0	9	10	57	13	16	5	25	
13	75	3	10	11	61	7	25	17	57	8	39	9	62	1	53	0	50	
14	23	16	46	13	9	17	35	7	48	4	18	9	50	15	17	12	25	10	10	1	8	2	38	
2	51	0	56	10	41	16	30	9	68	
5	50	6	74	18	57	14	42	13	29	10	22	9	48	15	65	8	60	7	26	
11	27	15	28	10	45	13	65	16	57	4	39	5	25	0	55	
7	40	4	69	15	11	13	1	19	62	14	50	1	32	0	54	10	31	5	66	11	24	
9	38	7	60	15	65	5	39	0	34	13	59	3	19	
2	28	18	13	10	30	9	67	12	21	11	64	5	70	13	20	0	29	
6	33	12	8	19	15	8	47	5	24	18	12	11	49	
10	66	12	58	11	48	7	69	1	5	
17	9	19	28	8	53	7	29	18	11	9	16	16	6	2	24	11	19	10	58	3	47	
11	52	19	39	15	46	13	53	0	16	
12	61	14	33	13	48	17	25	7	63	19	62	15	10	8	36	10	11	0	42	
17	49	6	53	2	34	7	30	10	27	11	57	0	14	14	75	9	17	16	41	
17	2	3	55	4	27	15	13	12	16	11	26	10	48	1	6	13	19	16	73	0	64	
18	62	16	6	19	45	15	9	13	32	11	68	4	73	17	31	12	66	3	56	
15	30	4	6	10	72	3	21	7	49	17	35	8	26	19	63	
10	28	14	29	3	69	18	46	0	36	13	40	16	11	17	13	11	18	
12	41	18	9	11	32	8	61	14	2	1	45	9	73	5	71	17	7	
8	3	10	29	3	64	4	45	12	74	14	58	18	9	7	39	15	68	9	28	16	72	
11	15	5	48	13	12	7	18	14	63	6	32	3	24	
0	74	2	57	5	73	8	24	9	16	17	40	10	72	13	6	3	19	19	30	1	31	
7	10	2	12	17	2	19	27	8	59	1	74	14	21	5	6	6	5	3	41	0	22	11	62	
17	21	10	12	11	54	18	17	16	1	3	16	5	27	7	69	
2	47	4	57	19	50	11	11	17	8	0	34	18	40	16	22	6	36	3	41	
18	48	4	1	10	24	12	8	13	33	11	60	17	12	
19	55	0	61	14	21	18	56	7	7	11	75	
1	33	18	28	8	61	17	41	5	22	7	37	
0	7	4	70	14	33	19	37	17	14	3	13	6	67	15	38	
14	56	15	32	4	57	13	41	0	61	1	72	
4	48	18	17	15	57	0	63	9	46	
16	6	1	44	19	42	18	8	14	9	
11	66	9	38	2	12	15	72	1	75	16	48	8	52	
13	61	14	4	4	7	7	36	11	53	2	67	19	35	
8	8	9	30	15	25	5	35	0	67	14	56	
0	18	16	21	10	47	8	67	5	40	13	4	
9	4	3	18	18	49	10	34	5	26	2	29	14	46	0	58	
13	59	2	31	12	22	4	52	18	23	10	11	
19	1	11	22	6	2	10	26	8	53	14	27	3	37	17	62	
3	17	12	42	6	53	2	27	0	5	8	26	16	51	14	13	5	32	19	50	9	29	11	47	
12	38	8	73	15	49	7	14	9	3	
3	14	19	56	16	10	6	44	17	51	2	41	4	13	15	3	18	48	
18	60	13	69	8	73	1	5	19	11	0	25	9	10	14	33	
7	73	10	1	16	60	18	46	2	2	
18	61	2	14	6	35	8	3	19	30	7	25	16	18	10	63	
11	59	9	26	4	33	6	52	13	11	15	21	7	50	17	60	0	7	14	45	19	36	8	71	
2	60	17	69	12	65	16	64	18	18	11	58	10	42	8	62	19	33	
17	56	12	31	6	1	3	60	1	57	13	9	8	70	10	5	
19	32	12	63	8	60	1	16	15	31	14	65	
0	55	3	11	19	3	12	42	13	18	
8	3	15	61	6	53	1	48	13	56	18	51	16	73	
3	6	2	53	9	43	5	19	4	3	17	48	18	50	0	22	7	14	
7	47	6	30	18	43	8	39	0	15	17	48	15	35	1	12	12	27	4	66	11	41	16	63	
14	68	18	41	19	48	4	11	9	52	3	58	5	2	17	47	12	54	16	43	
5	70	9	26	2	67	10	66	7	54	18	55	6	64	14	46	8	11	3	12	15	9	12	14	
14	5	12	52	6	12	17	8	15	9	13	3	11	42	5	57	3	56	2	17	
10	35	11	50	4	22	19	6	9	40	0	39	2	47	1	18	
1	41	13	57	2	66	3	54	14	28	12	8	10	65	7	14	18	69	
7	60	19	64	0	63	3	40	4	66	6	11	2	29	18	6	5	28	12	39	
3	37	11	5	8	11	18	66	10	24	
7	22	1	47	10	55	16	31	5	61	9	52	2	50	19	30	11	40	15	2	12	69	
5	22	10	19	13	11	7	23	11	17	18	51	1	38	14	37	
19	22	9	32	2	54	13	25	3	11	11	35	17	1	15	55	18	56	
8	5	13	3	7	22	14	13	17	62	18	21	0	56	15	17	
19	32	9	45	0	38	3	46	1	68	8	55	
4	29	13	46	11	58	1	57	15	23	3	32	19	26	
8	28	5	42	10	61	9	52	11	9	3	30	4	40	13	38	19	69	14	60	1	55	
7	52	18	30	8	6	3	1	9	56	17	18	6	33	
2	34	11	18	12	44	1	39	18	54	17	14	16	41	8	12	19	65	7	6	0	11	
19	74	5	8	16	37	9	13	0	22	7	56	6	60	18	26	11	14	1	65	
2	26	0	38	16	10	9	64	18	74	5	68	13	17	
10	17	1	48	19	59	15	20	14	34	18	69	17	32	12	51	
9	22	3	41	7	8	16	13	12	64	
14	36	7	68	12	33	2	44	4	20	13	75	10	66	6	59	16	47	17	71	3	73	
8	59	15	7	4	16	6	71	7	10	14	68	2	46	19	69	16	60	5	42	17	41	12	58	
13	15	5	10	18	43	9	48	4	38	16	47	6	4	1	39	12	33	2	14	3	13	
17	6	14	51	3	12	1	36	6	44	16	3	4	39	8	55	10	1	11	19	13	10	
13	37	8	32	6	7	3	44	18	46	9	13	14	43	17	41	
15	73	14	23	3	15	7	65	9	38	4	30	
14	1	1	40	0	20	5	31	9	65	4	43	12	64	3	5	15	21	
7	26	18	45	13	57	16	10	4	49	8	2	17	64	5	29	
7	44	3	59	10	12	17	57	1	48	16	6	5	15	18	35	15	64	
16	1	13	8	3	24	4	30	0	14	
17	21	3	38	18	69	6	20	10	1	12	17	8	30	
10	11	1	67	6	44	4	27	7	14	13	34	14	6	
3	13	9	48	0	52	15	69	7	14	
17	68	11	73	3	19	8	32	1	24	19	75	0	58	16	67	12	44	10	51	4	4	13	50	
11	12	2	15	16	35	1	73	3	37	5	44	19	56	18	74	17	36	7	66	6	55	
13	65	16	60	7	20	2	2	15	47	
18	55	6	67	1	22	19	4	17	25	
7	72	8	27	18	11	15	29	3	23	10	69	0	30	
4	24	3	44	6	1	8	75	5	45	1	70	
18	35	17	58	10	28	4	16	13	24	19	9	15	48	
8	21	5	20	16	41	6	53	3	11	11	39	17	69	19	70	0	45	
2	6	8	67	16	58	3	34	9	33	14	46	13	8	7	11	0	51	
9	68	1	48	7	70	8	31	16	13	17	38	13	55	12	43	4	41	2	22	
14	14	4	59	10	6	9	17	2	47	1	57	
2	61	18	49	11	69	9	30	1	18	17	9	19	66	10	75	12	15	16	14	
10	53	4	23	18	75	15	11	0	47	2	36	13	16	12	5	3	28	17	54	16	69	6	13	
1	49	9	14	2	31	3	26	10	11	
6	38	5	6	12	48	9	55	3	47	1	40	14	67	10	31	
10	25	11	58	4	53	2	23	15	45	7	54	18	14	
18	6	8	17	7	35	3	22	2	40	14	46	6	69	9	61	11	39	4	26	
4	25	7	56	14	71	1	49	5	60	13	19	15	70	
14	1	3	71	17	60	7	15	6	59	11	34	8	48	10	25	15	70	
16	12	17	41	0	18	4	58	7	57	19	69	5	14	12	51	10	63	1	55	18	31	2	54	
10	52	8	53	6	71	15	62	14	43	
4	8	16	5	13	29	5	25	3	52	12	27	8	58	14	16	7	74	
8	68	0	63	19	49	13	70	5	52	9	1	15	31	16	14	6	54	10	39	

All component type numbers for each job to be processed by MFPM
3	11	
2	46	4	42	6	47	5	39	
9	6	8	14	
6	30	4	40	
5	5	8	3	2	7	7	25	1	23	
3	45	8	26	9	46	0	42	
7	15	
9	50	4	28	6	35	7	43	3	42	
1	13	6	5	9	20	7	25	8	1	
4	47	6	27	
2	7	6	16	7	19	4	10	0	15	
7	44	5	36	
6	6	5	5	2	9	4	8	1	14	
4	38	8	40	5	43	
7	24	3	1	5	12	
3	46	
1	18	3	24	2	7	8	17	
0	47	
7	17	3	1	
7	27	
8	3	1	19	0	12	7	18	
9	43	3	33	2	34	8	41	6	32	
4	10	
2	48	
5	12	7	13	
7	50	
6	23	3	3	2	1	
8	29	2	48	1	35	7	33	4	44	
4	3	2	16	
8	43	5	29	1	47	9	42	6	49	
9	12	
4	45	0	37	
8	20	
4	41	5	39	
9	1	0	13	2	22	
1	46	6	35	0	27	8	32	
1	17	4	19	0	8	
1	39	
0	21	3	7	6	17	2	4	1	9	
1	39	4	42	9	43	
8	24	
8	31	9	46	6	29	
0	5	4	21	
7	43	1	36	3	50	0	47	
6	25	3	24	1	10	8	3	2	14	
4	49	7	26	
3	4	1	12	0	11	
1	45	9	40	
6	16	2	9	0	12	
0	50	
2	25	3	4	7	18	1	1	8	22	
9	38	7	31	
0	5	4	13	7	3	3	1	8	14	
1	39	7	38	0	43	
1	11	
9	49	7	35	0	50	6	47	
5	10	6	2	3	17	7	3	9	19	
2	31	0	41	
2	16	1	21	
8	48	5	29	7	31	
5	12	
0	44	7	31	2	38	
0	6	8	9	6	14	
2	29	9	26	4	37	3	36	5	28	
4	16	9	9	2	2	
5	42	
2	1	3	2	
5	30	
7	16	2	1	
6	41	0	34	4	38	
2	16	
3	31	
3	15	0	16	4	1	1	22	
1	44	2	48	
7	4	4	23	5	1	
5	46	3	31	2	36	9	48	4	37	
7	25	9	7	5	14	3	5	2	4	
7	39	5	45	
2	11	1	15	9	12	
5	30	0	48	
9	9	0	24	8	5	2	2	
0	37	
6	19	
5	36	2	35	9	47	0	29	8	39	
2	8	0	15	5	7	9	18	
8	41	6	47	9	40	7	48	1	28	
0	15	8	7	9	8	
0	48	
0	23	5	12	6	11	
7	26	6	35	0	36	
1	23	9	13	2	1	8	4	6	10	
8	33	
9	4	2	3	7	10	5	7	8	21	
1	34	6	30	3	47	8	38	
4	8	
8	34	1	40	
5	11	7	18	1	14	9	7	2	20	
6	37	
7	12	5	25	1	10	
9	29	
2	16	3	14	6	10	8	18	1	17	
8	49	
4	20	3	15	
5	41	1	50	8	36	3	37	
1	6	2	19	4	15	
4	27	5	33	
8	19	7	22	
0	49	9	26	
2	18	
7	34	8	36	1	48	2	41	9	30	
4	23	7	1	9	4	3	14	
4	34	8	50	2	29	1	46	
1	12	8	24	2	8	
2	44	7	38	9	43	4	48	8	47	
4	3	9	1	2	15	5	11	
1	27	2	46	8	31	4	36	
1	10	9	16	6	1	5	12	0	3	
6	43	
4	4	2	23	7	25	5	17	8	12	
5	46	6	31	1	34	2	43	
9	4	
1	35	0	32	6	26	
3	17	1	21	8	15	0	20	
0	26	4	47	
9	21	
3	45	0	39	2	43	6	31	
5	8	7	21	
4	29	
1	7	5	17	
0	48	6	37	3	40	8	45	
8	1	1	4	
7	35	
0	1	4	23	
9	44	
4	1	
4	41	7	33	5	45	2	32	
7	16	5	22	4	17	2	25	0	12	
0	45	3	40	1	32	8	31	
1	11	2	6	6	19	3	23	
9	32	2	39	0	38	5	36	
7	11	0	12	8	23	
9	34	2	43	
1	1	
9	35	6	44	8	43	7	36	
1	4	5	11	
6	49	2	42	1	48	5	36	3	31	
5	22	3	10	8	9	7	4	2	21	
1	35	
8	5	4	17	0	11	1	6	9	3	
4	45	8	49	
5	17	
2	30	9	26	7	31	8	46	
9	3	
1	47	4	43	8	33	
5	4	1	22	
7	28	3	39	5	45	4	46	2	33	
7	11	0	4	2	9	4	8	
1	41	4	46	5	42	8	40	
7	16	6	8	
8	47	7	38	2	45	5	43	0	46	
0	18	
5	27	3	35	2	41	0	48	
0	22	7	17	1	20	
2	44	5	30	0	26	
8	15	7	4	9	6	3	5	
1	37	5	46	
7	2	
9	48	1	32	5	30	3	33	8	31	
3	15	7	4	5	22	
3	37	7	30	
0	23	3	7	7	18	5	9	2	13	
1	31	
9	11	3	10	2	9	1	24	
1	30	4	48	6	50	7	47	
0	14	3	24	9	15	2	16	
0	29	9	34	3	33	5	37	4	43	
7	6	4	25	0	14	3	17	8	11	
1	30	8	27	4	34	
0	7	7	6	6	15	5	1	3	13	
3	28	2	46	
9	21	1	22	3	3	5	10	6	17	
3	32	9	31	
6	8	3	18	
9	29	8	38	1	32	
4	11	3	25	
8	47	6	44	
2	1	1	19	3	21	7	7	5	4	
3	41	0	44	6	33	
3	2	7	4	9	22	
3	37	8	29	0	48	1	34	
2	20	3	14	1	6	0	18	9	19	
1	50	8	47	2	48	3	38	
6	21	
1	38	9	36	6	35	3	45	0	39	
5	23	
9	26	
4	11	9	8	3	6	
1	36	9	28	4	41	8	33	2	29	
7	15	2	18	5	22	3	6	
6	32	3	34	2	35	8	45	0	42	
8	10	3	20	9	25	1	3	6	1	
2	38	7	28	5	46	0	41	6	48	
4	4	7	19	
3	30	2	45	8	42	5	47	0	49	
2	4	5	13	0	6	8	16	4	8	
3	37	8	31	
8	4	2	3	7	6	
3	33	7	47	9	35	
2	19	6	11	0	3	5	17	
5	33	8	50	0	44	
2	5	6	20	5	17	
6	26	1	44	9	48	4	33	3	36	
8	11	7	2	9	17	0	8	
5	43	2	30	0	45	
2	17	0	4	4	23	1	7	7	10	
3	44	5	37	1	38	2	32	
5	15	7	17	
6	32	8	42	1	43	2	33	0	41	
9	14	8	10	5	20	
4	32	2	35	7	42	9	31	
4	13	3	11	0	8	6	4	1	1	
9	36	0	38	6	27	
0	13	3	7	8	5	7	6	
2	38	
9	13	5	11	1	8	3	25	4	19	
1	37	
3	17	0	3	4	7	2	23	5	19	
6	39	
2	13	6	25	
0	46	
1	12	2	7	7	22	5	4	
5	36	7	42	9	49	6	33	
4	25	1	7	6	14	
1	39	3	48	9	45	4	40	
2	15	9	17	5	9	7	19	
6	38	0	30	5	45	9	40	3	44	
0	17	7	19	5	13	2	8	9	6	
9	50	7	46	1	31	
8	21	
3	44	
0	20	5	7	1	4	4	17	6	18	
0	50	
6	18	5	14	3	8	
6	42	4	50	8	29	1	31	
5	10	8	5	6	20	
8	26	6	33	5	36	9	32	
3	10	2	3	6	19	
5	44	3	36	
7	13	0	3	
0	39	6	37	
8	21	5	19	3	20	
4	30	6	32	3	39	5	46	
1	3	
1	47	6	28	8	45	0	50	
9	11	
6	46	8	28	0	40	7	45	4	43	
0	22	6	12	1	3	9	24	
7	42	5	48	4	34	9	46	
3	4	0	18	1	2	2	3	
9	26	
6	11	9	18	7	7	
8	33	7	28	6	42	0	38	
8	25	7	8	
1	43	3	26	8	33	
1	11	4	10	9	1	6	13	7	21	
6	50	0	26	
4	19	
0	29	
3	4	6	11	0	12	7	1	
2	49	
5	24	3	10	0	7	
8	38	
4	22	6	21	
5	42	2	26	
3	8	7	9	6	25	1	13	
3	44	5	39	4	35	2	27	
4	3	0	15	3	11	9	5	
8	37	5	41	7	34	
9	19	1	17	8	18	7	14	
1	40	3	29	
0	14	
5	44	3	46	7	40	1	50	4	42	
4	7	
9	44	0	46	
4	11	
8	31	7	28	4	43	
7	10	
4	41	0	27	6	26	2	34	7	42	
0	12	8	19	2	9	9	11	
5	34	8	45	
1	4	6	20	0	25	7	7	2	10	
8	30	6	45	9	44	
8	11	
1	26	3	30	5	40	4	45	
6	20	7	16	5	15	
4	33	9	32	0	44	2	36	
3	7	
1	39	9	34	8	33	2	48	
4	14	5	11	9	17	8	18	
7	35	4	50	3	45	6	39	2	46	

Three processing times per job on each machine
The best scenario
216	156	106	
94	43	150	
347	97	166	
410	344	194	
182	220	292	
143	84	185	
279	114	219	
20	33	14	
166	206	250	
185	42	102	
85	90	64	
84	173	149	
99	239	173	
220	47	109	
218	554	340	
162	81	140	
299	373	198	
143	191	146	
93	58	29	
36	15	49	
99	139	107	
18	23	30	
105	169	565	
350	282	382	
205	299	195	
20	90	61	
11	59	47	
88	115	46	
117	158	175	
177	107	117	
169	263	278	
41	85	75	
111	142	114	
225	280	135	
39	126	90	
291	191	213	
72	51	65	
72	235	76	
261	173	163	
139	119	146	
133	138	277	
25	37	26	
409	137	308	
25	65	18	
319	353	157	
72	218	160	
39	161	96	
76	54	32	
197	293	210	
234	240	209	
225	202	239	
220	336	200	
120	191	278	
122	136	96	
448	298	77	
145	113	532	
49	32	47	
178	145	154	
244	114	261	
258	393	317	
159	96	243	
200	220	377	
244	90	146	
97	134	95	
54	51	90	
273	89	224	
164	85	146	
81	62	216	
71	141	130	
150	110	141	
188	316	211	
209	174	62	
301	278	235	
214	119	390	
13	30	27	
85	278	181	
309	165	313	
70	100	247	
334	236	415	
270	235	108	
341	441	235	
83	104	99	
94	102	389	
74	85	115	
87	159	256	
47	130	99	
329	308	312	
337	70	186	
516	302	291	
69	43	85	
296	158	223	
495	305	417	
81	123	123	
184	92	116	
335	163	247	
147	118	298	
103	127	50	
177	182	63	
132	189	86	
162	187	262	
143	57	179	
354	132	132	
100	52	89	
60	103	101	
231	133	114	
160	106	180	
66	85	189	
80	181	140	
73	103	141	
305	369	144	
152	140	162	
352	401	428	
22	12	21	
307	288	206	
111	199	207	
261	172	171	
107	45	75	
97	42	28	
99	113	88	
164	230	358	
276	107	170	
124	107	169	
265	328	346	
171	135	125	
261	128	364	
59	83	77	
145	358	196	
134	188	328	
217	262	155	
25	35	42	
108	77	71	
210	64	42	
48	148	134	
133	424	280	
78	53	41	
92	83	180	
180	124	357	
114	77	80	
77	108	163	
25	47	55	
380	87	221	
30	106	108	
28	70	46	
210	101	225	
202	114	383	
298	410	140	
140	43	52	
57	183	164	
96	125	72	
244	242	302	
Most likely scenario
252	208	209	
98	79	215	
443	181	172	
415	571	356	
362	244	344	
204	163	244	
405	143	221	
22	44	21	
224	396	308	
204	81	136	
139	116	112	
148	211	214	
154	327	263	
264	87	132	
229	580	396	
198	117	173	
432	479	302	
164	198	154	
111	89	30	
45	29	55	
115	179	141	
19	41	49	
159	221	585	
393	326	411	
304	395	273	
29	104	92	
22	69	71	
106	123	65	
234	226	235	
272	189	124	
259	433	325	
42	145	82	
147	255	185	
338	303	187	
59	149	157	
388	339	225	
81	73	108	
128	263	100	
309	286	314	
145	214	258	
144	173	328	
31	47	48	
467	268	435	
30	70	35	
501	427	280	
139	242	226	
61	197	97	
132	62	38	
277	482	360	
458	284	320	
237	218	254	
223	347	372	
149	252	284	
208	143	147	
452	518	152	
181	212	615	
56	47	72	
330	260	259	
267	146	354	
397	501	401	
259	145	274	
350	273	422	
275	116	280	
135	145	145	
83	59	144	
276	105	362	
229	141	218	
91	118	229	
140	157	179	
157	113	144	
312	323	372	
249	250	104	
304	348	355	
374	209	532	
16	31	46	
133	409	226	
425	267	323	
85	185	265	
480	284	445	
278	274	208	
429	462	316	
152	114	152	
134	180	412	
134	167	123	
135	174	282	
71	141	193	
549	511	461	
415	110	239	
558	527	502	
107	85	118	
330	159	249	
552	441	511	
132	154	161	
216	102	189	
344	167	316	
264	235	385	
161	219	78	
242	199	96	
241	246	157	
255	225	283	
166	87	233	
574	154	256	
108	94	92	
71	132	131	
362	147	225	
206	133	196	
93	90	221	
153	347	211	
99	113	147	
370	406	147	
237	264	238	
376	411	552	
29	23	31	
403	397	231	
135	375	278	
264	217	305	
182	88	117	
113	73	35	
194	119	108	
303	413	459	
284	196	260	
218	115	177	
381	392	392	
282	246	154	
262	181	528	
60	152	111	
216	399	197	
141	207	435	
278	408	186	
33	63	79	
130	84	138	
229	88	73	
68	159	146	
161	450	292	
96	58	78	
134	140	252	
263	170	473	
126	80	84	
125	160	179	
27	77	57	
450	174	312	
57	162	186	
31	117	64	
340	149	279	
392	144	389	
306	485	195	
195	83	79	
114	189	198	
100	168	78	
261	285	386	
The worst scenario
343	274	289	
123	117	224	
639	238	249	
563	620	527	
449	343	447	
285	174	314	
557	154	255	
32	47	30	
248	553	441	
289	103	201	
197	155	139	
199	297	229	
168	424	321	
287	102	156	
315	749	531	
215	156	219	
505	566	366	
216	278	165	
136	122	40	
67	36	81	
141	186	206	
25	57	66	
187	246	848	
562	465	507	
413	559	361	
31	146	97	
25	103	90	
153	183	86	
291	243	259	
385	254	183	
358	466	364	
59	151	101	
219	378	258	
479	409	216	
75	192	168	
452	432	265	
106	82	157	
182	368	129	
328	291	464	
155	289	342	
207	177	433	
42	64	53	
618	358	562	
32	84	47	
655	542	297	
187	363	279	
62	258	101	
196	82	45	
351	508	423	
648	340	442	
311	251	325	
322	501	460	
157	264	314	
228	194	176	
470	594	159	
187	311	782	
77	64	92	
371	290	359	
337	167	358	
439	600	571	
263	158	371	
351	345	579	
359	174	343	
148	184	166	
122	69	192	
348	129	503	
256	157	219	
114	140	322	
179	191	248	
190	130	180	
354	368	389	
362	271	152	
449	351	422	
536	229	741	
24	43	52	
139	593	310	
577	365	363	
120	243	287	
503	381	538	
331	334	305	
526	645	424	
199	144	228	
144	188	414	
162	213	125	
202	229	307	
76	158	250	
665	694	554	
421	140	311	
811	587	603	
129	100	142	
489	167	337	
571	451	600	
185	192	166	
237	151	206	
356	199	353	
360	273	425	
226	220	92	
330	220	131	
259	249	190	
378	317	348	
187	97	297	
842	225	285	
141	96	93	
91	143	180	
412	149	313	
215	158	281	
119	110	264	
207	389	289	
117	139	172	
384	410	214	
255	348	262	
525	428	716	
31	26	35	
445	547	240	
153	441	295	
384	251	338	
264	93	129	
168	94	49	
240	154	145	
383	601	655	
349	271	311	
266	128	221	
491	412	493	
358	271	171	
354	269	554	
70	207	121	
265	569	284	
144	239	442	
292	458	263	
39	93	110	
155	96	200	
274	96	103	
97	228	213	
221	655	423	
121	84	112	
167	159	358	
389	194	502	
186	110	95	
179	165	216	
36	106	66	
493	237	406	
61	205	235	
40	150	82	
388	219	287	
498	204	450	
311	621	242	
226	113	110	
128	250	243	
114	234	87	
360	402	530	
