Factories	6	Jobs	50	Machines	2

Total number of component types per job processed by HSPM
6	12	12	12	9	6	7	5	10	5	5	10	10	5	9	8	6	11	7	7	8	6	11	6	12	8	12	5	8	6	10	12	8	6	12	10	8	9	5	8	11	9	7	7	12	5	8	7	12	11	

Total number of component types per job processed by MFPM
5	4	1	2	3	4	2	5	1	4	5	4	5	5	4	5	1	3	1	4	3	3	2	5	4	5	5	3	5	2	1	2	2	5	2	2	2	2	4	3	4	1	5	5	1	5	4	4	2	3	

All component type numbers for each job to be processed by HSPM
10	51	1	3	16	21	8	35	0	16	18	25	
2	16	4	53	16	12	13	45	15	42	14	30	7	46	1	48	3	2	18	11	19	58	5	17	
13	14	2	60	3	75	8	45	5	57	15	23	17	2	19	17	0	18	1	12	7	48	4	41	
17	32	3	70	19	35	11	69	16	38	6	22	9	58	13	51	8	61	5	75	7	16	14	34	
4	47	8	50	18	7	16	66	9	65	6	53	7	54	10	43	19	69	
9	35	6	23	18	11	2	58	19	28	5	48	
9	50	15	65	2	42	3	48	7	23	5	55	6	61	
9	17	5	16	1	39	19	35	7	5	
1	20	16	36	10	41	15	21	8	54	4	5	0	3	17	74	13	30	5	48	
19	15	7	50	18	51	16	63	1	14	
10	31	18	67	0	61	6	55	9	36	
9	42	7	36	16	58	17	53	19	59	11	28	18	68	14	52	4	60	2	20	
2	21	1	74	3	13	19	51	13	58	4	52	12	49	6	14	0	4	18	11	
2	40	18	53	17	36	8	41	7	66	
3	30	7	58	2	62	0	73	15	41	4	51	13	40	10	69	18	61	
19	33	12	2	0	24	1	55	13	29	8	51	6	46	11	28	
8	37	19	55	1	4	11	49	3	24	12	48	
5	14	19	70	16	1	6	56	0	16	10	28	3	44	17	5	13	63	15	45	11	13	
12	22	3	8	14	33	10	74	7	68	17	1	19	69	
1	58	14	43	11	15	3	69	13	36	7	48	8	19	
8	16	2	67	19	7	9	1	1	51	18	63	0	6	5	14	
17	32	10	63	18	58	0	65	14	16	7	45	
7	6	5	26	4	70	9	72	13	27	15	9	3	29	6	56	18	57	2	42	10	61	
8	62	11	48	12	61	3	65	4	37	16	17	
7	34	3	24	16	47	13	18	15	63	2	38	11	39	8	7	12	73	4	10	19	61	5	67	
5	16	8	43	0	73	10	17	2	40	18	9	13	46	14	38	
1	15	13	74	17	66	2	67	4	13	9	21	8	19	15	52	3	59	11	10	19	8	5	11	
14	55	6	39	7	1	10	23	5	21	
6	64	4	27	16	43	2	10	5	22	9	21	11	40	10	45	
4	56	18	54	7	8	16	52	9	13	14	15	
11	42	10	47	6	15	1	30	0	43	15	26	7	12	2	66	19	70	5	55	
19	36	2	51	6	63	9	65	15	31	4	24	11	71	3	49	1	39	16	68	18	52	13	28	
0	3	16	54	8	72	11	21	7	48	13	23	2	7	1	6	
15	63	6	37	4	21	18	59	12	15	3	52	
18	25	5	43	1	36	10	4	2	7	15	62	19	55	17	57	9	14	6	59	14	22	7	27	
19	24	18	40	3	33	11	6	5	67	13	22	8	7	17	26	6	61	7	31	
1	47	0	49	5	17	4	39	17	50	7	58	3	2	10	64	
0	21	17	58	18	7	5	71	19	31	4	38	14	60	15	4	16	73	
6	49	1	48	7	28	9	21	5	55	
3	62	9	42	0	25	8	44	15	49	17	22	12	19	7	45	
5	43	6	20	12	59	2	52	15	25	14	21	17	15	4	28	1	51	8	42	7	11	
0	45	18	47	1	43	10	74	12	39	11	34	8	30	3	65	15	33	
13	34	12	63	19	39	17	24	1	3	3	10	8	19	
4	12	0	43	9	14	18	38	16	54	8	34	13	41	
3	14	18	15	9	1	6	69	0	37	2	61	4	42	8	3	14	8	12	12	13	54	11	25	
17	64	14	33	15	75	10	13	1	1	
19	15	18	74	2	46	17	3	5	71	15	18	3	34	14	38	
19	32	6	68	15	27	10	21	7	35	5	47	18	59	
17	26	9	39	3	13	13	70	18	49	8	5	11	68	19	41	16	27	10	67	15	58	2	38	
2	40	7	75	10	26	14	11	1	13	15	61	5	21	0	37	17	32	11	50	16	46	

All component type numbers for each job to be processed by MFPM
7	20	3	3	2	4	0	6	9	17	
3	11	8	5	9	2	5	8	
5	16	
3	6	5	5	
5	22	4	18	9	3	
6	20	4	3	1	1	2	16	
1	11	9	24	
5	24	1	5	4	3	3	9	8	14	
2	6	
8	1	3	7	6	13	4	17	
7	15	6	12	8	11	0	18	1	23	
1	11	7	14	4	17	5	12	
2	12	9	1	1	22	5	6	6	19	
2	25	9	24	4	3	8	21	7	10	
9	14	1	3	2	20	0	18	
7	22	5	15	0	5	3	1	1	17	
4	24	
2	11	8	16	9	12	
0	2	
3	2	1	7	6	11	8	6	
8	10	4	25	0	13	
7	1	6	23	4	8	
5	17	9	1	
9	4	3	9	1	8	6	1	2	18	
7	10	1	8	8	21	0	18	
4	7	8	14	2	21	1	6	0	4	
0	20	7	17	4	25	3	2	2	18	
5	8	8	6	7	2	
7	18	8	20	0	16	3	11	9	6	
7	13	1	12	
8	14	
3	20	9	18	
2	9	3	4	
3	18	8	19	2	5	1	25	9	14	
8	7	2	12	
7	21	3	19	
5	12	6	15	
4	3	1	13	
9	8	4	7	5	22	6	17	
4	12	5	10	9	21	
1	25	0	11	9	1	7	13	
5	14	
6	5	1	8	0	6	5	11	2	21	
7	5	9	14	1	9	6	1	5	23	
4	23	
4	6	9	3	8	5	0	25	7	21	
4	13	3	17	6	23	8	15	
2	7	3	21	7	14	4	19	
5	18	4	24	
5	7	0	9	7	12	

Three processing times per job on each machine
The best scenario
57	18	
168	183	
43	34	
30	45	
194	168	
100	89	
115	113	
209	152	
171	178	
69	100	
119	69	
103	157	
306	288	
65	56	
119	266	
92	118	
71	103	
58	17	
47	78	
55	47	
129	111	
371	125	
138	226	
255	135	
178	374	
369	325	
364	99	
91	253	
150	62	
162	143	
270	359	
331	182	
332	220	
280	201	
66	160	
161	65	
171	403	
240	124	
90	290	
149	80	
75	46	
137	191	
305	281	
217	107	
210	141	
20	68	
189	109	
212	87	
361	309	
28	68	
Most likely scenario
64	24	
274	222	
56	51	
52	54	
230	219	
194	101	
206	185	
332	161	
182	276	
135	197	
180	73	
113	244	
503	490	
95	60	
185	362	
149	187	
101	168	
86	29	
79	84	
74	53	
196	162	
600	165	
186	452	
265	229	
309	423	
444	369	
505	193	
144	261	
224	65	
194	177	
372	376	
375	186	
387	300	
284	254	
107	193	
193	97	
279	433	
243	147	
118	446	
228	154	
149	86	
189	216	
315	315	
292	169	
307	196	
33	91	
232	156	
251	111	
498	443	
30	107	
The worst scenario
67	30	
287	324	
70	52	
72	64	
240	284	
243	135	
211	191	
369	222	
203	361	
185	255	
215	92	
164	308	
663	557	
103	66	
277	370	
172	234	
112	251	
89	40	
106	95	
80	54	
227	202	
870	172	
194	490	
327	337	
395	487	
581	549	
645	262	
196	355	
276	82	
204	233	
554	416	
398	206	
394	327	
329	371	
115	201	
253	111	
402	638	
291	178	
157	502	
284	187	
212	123	
199	301	
426	434	
350	174	
336	234	
36	110	
281	223	
272	132	
542	595	
44	118	
