Factories	6	Jobs	200	Machines	3

Total number of component types per job processed by HSPM
11	11	5	12	9	10	6	12	5	12	12	9	9	9	5	8	10	7	10	9	12	6	8	6	5	5	12	11	5	11	11	7	12	11	9	10	5	10	8	7	9	11	11	12	7	5	11	7	10	11	10	11	11	12	6	12	10	12	8	7	7	11	6	6	5	12	6	11	9	9	12	10	7	5	6	11	7	10	6	8	6	5	7	12	7	6	11	5	11	12	12	12	7	8	10	11	5	8	5	6	6	8	12	12	7	12	5	7	9	9	5	10	5	12	10	12	7	11	7	11	10	11	8	10	5	10	7	5	5	6	6	12	11	5	6	6	7	7	7	8	5	8	9	7	7	10	11	10	11	11	9	11	6	11	11	8	9	9	12	5	12	6	9	12	8	10	11	7	9	5	6	5	12	9	10	12	12	6	9	7	12	6	11	8	8	11	7	6	12	5	11	10	10	8	5	7	6	5	11	9	

Total number of component types per job processed by MFPM
5	5	4	4	5	3	5	5	5	4	2	1	1	3	5	5	5	2	2	5	2	2	3	2	1	1	2	5	1	3	4	4	1	4	1	3	5	1	2	3	4	2	2	2	3	5	4	1	1	5	5	3	5	3	4	5	3	1	5	3	4	2	2	2	1	1	1	1	2	3	4	5	3	2	2	3	1	3	3	4	5	5	4	1	2	3	4	3	5	2	5	1	2	3	1	3	1	1	4	5	2	3	1	3	3	5	2	4	1	2	4	3	5	1	3	2	4	5	4	4	4	1	5	5	1	1	5	1	5	4	4	4	2	4	5	2	2	2	1	3	4	3	5	1	5	5	5	4	1	5	4	2	3	1	5	1	5	3	3	2	3	4	1	3	4	3	4	1	1	2	1	1	2	3	2	5	2	5	3	5	1	5	1	3	2	3	2	1	3	4	1	1	4	3	3	4	3	5	5	3	3	5	2	4	3	1	3	3	5	1	1	1	3	2	4	4	5	2	3	3	1	4	1	1	2	1	1	1	3	4	5	3	1	5	1	2	5	5	3	3	1	3	5	4	1	5	2	3	3	5	2	1	3	4	3	2	5	3	5	4	1	3	5	1	1	2	2	2	1	1	3	5	1	2	4	5	3	1	4	1	1	5	3	5	1	4	5	5	1	1	4	3	4	3	1	2	4	4	5	5	4	1	5	3	1	3	2	5	5	1	1	2	3	1	3	3	2	4	5	5	3	2	3	4	1	4	3	2	1	1	4	4	5	1	3	5	2	3	3	4	3	3	4	5	2	2	2	2	2	4	4	1	2	4	3	5	5	2	1	3	1	4	4	5	2	1	3	5	5	4	3	5	3	3	2	3	5	3	3	5	4	4	5	5	2	5	4	3	3	1	4	4	5	1	1	3	3	3	3	2	

All component type numbers for each job to be processed by HSPM
16	69	13	68	7	38	19	37	18	55	9	66	2	65	14	47	4	16	8	72	12	29	
15	14	10	59	9	51	13	52	4	71	3	47	2	63	14	34	11	73	8	60	5	12	
19	61	16	16	10	75	0	1	2	54	
19	18	15	64	9	60	8	52	4	57	6	41	18	10	17	14	5	5	10	2	13	37	7	39	
1	20	3	55	5	27	2	74	10	61	13	68	15	37	12	8	9	15	
17	35	4	2	9	48	3	73	2	53	18	6	7	34	16	40	1	23	11	37	
12	65	8	26	15	59	11	31	7	68	5	11	
19	38	16	13	5	5	4	4	0	56	9	48	17	8	12	47	11	63	3	27	15	20	6	34	
12	70	16	19	8	15	17	30	5	75	
10	27	6	31	19	16	18	38	9	12	4	46	15	54	11	73	5	5	2	2	17	72	0	6	
0	3	16	54	18	51	2	52	15	62	6	25	17	5	5	67	19	23	1	65	3	61	14	58	
19	10	16	74	15	35	0	9	4	24	11	55	9	56	1	33	14	7	
8	66	0	46	14	75	7	6	1	7	5	48	18	8	19	74	4	2	
0	43	9	35	19	54	6	27	14	72	4	11	5	42	7	10	8	65	
15	14	3	19	9	54	8	15	18	73	
0	3	5	39	8	53	7	10	6	42	13	40	11	37	2	60	
1	56	3	60	16	43	8	28	19	48	12	31	10	74	14	35	11	51	13	36	
12	55	0	34	4	44	14	19	2	68	15	11	6	37	
13	24	19	44	7	16	10	41	1	60	6	25	0	49	18	36	16	19	12	72	
6	44	15	32	13	39	18	62	10	52	16	26	11	38	2	51	14	35	
16	44	18	21	3	8	12	69	4	37	11	48	8	61	10	13	0	31	17	10	13	47	2	19	
7	60	15	6	11	43	16	74	10	31	5	50	
11	41	7	66	13	35	12	56	5	8	0	61	6	68	2	16	
8	50	14	72	18	16	2	51	17	52	16	13	
9	27	1	1	11	66	19	2	17	46	
19	67	11	18	13	6	9	42	6	25	
16	31	0	72	10	63	1	19	12	36	15	15	2	47	5	57	3	64	4	14	17	12	11	75	
2	13	13	22	10	53	16	62	19	51	5	69	12	33	0	38	17	17	11	40	9	68	
3	7	7	68	0	44	19	46	14	32	
4	25	15	40	16	69	9	72	0	33	1	32	18	43	19	4	3	65	12	29	14	15	
5	20	6	22	10	56	2	25	13	8	1	49	4	36	15	66	8	47	0	21	3	27	
2	69	1	43	18	52	0	44	5	51	16	22	7	11	
14	45	1	24	9	44	6	11	4	47	7	58	11	55	8	54	19	8	3	17	5	20	17	13	
11	5	3	13	19	18	7	9	9	28	1	8	17	51	6	11	12	59	10	17	16	29	
10	62	8	25	1	17	9	14	7	67	5	13	15	9	14	75	0	3	
8	20	17	66	0	33	11	42	15	71	12	17	7	14	3	38	13	56	10	10	
10	44	11	43	2	22	12	32	14	72	
16	8	9	50	4	12	1	20	19	70	17	14	5	18	8	33	7	74	15	69	
14	58	6	73	8	53	11	19	9	14	15	20	10	49	7	5	
10	68	8	2	16	71	9	64	6	67	3	12	1	72	
19	23	14	48	13	26	12	34	6	1	1	12	18	60	10	11	3	58	
12	32	3	41	9	48	6	25	18	29	17	36	8	17	19	64	10	1	4	66	0	49	
6	63	0	67	8	48	12	33	17	32	15	24	11	34	1	26	4	46	19	2	13	60	
4	38	12	24	9	19	10	39	6	2	18	30	7	29	14	21	16	17	2	3	1	6	13	15	
1	38	7	46	10	51	8	2	2	43	6	75	16	54	
1	33	2	17	16	38	15	21	3	24	
11	35	13	49	7	45	18	5	8	72	9	62	2	15	5	29	4	34	6	36	12	71	
8	18	13	11	17	25	19	65	2	48	7	30	1	29	
14	39	16	53	1	21	10	23	11	4	15	26	7	47	4	58	8	25	0	2	
19	42	6	68	12	46	11	47	3	22	4	34	0	75	7	36	5	38	17	8	1	3	
0	54	19	39	14	62	2	47	5	46	17	51	11	35	18	1	7	36	10	69	
13	50	3	69	6	24	15	59	18	46	9	70	16	62	19	20	14	51	12	71	4	47	
7	69	4	41	14	55	17	35	16	50	19	67	18	43	3	46	5	12	13	44	1	57	
6	33	5	27	9	21	8	14	4	9	7	35	17	70	3	74	18	59	15	15	0	55	12	53	
3	4	14	23	1	71	17	36	16	32	2	20	
16	6	11	9	0	4	17	40	3	21	1	53	8	25	5	66	4	71	19	48	7	42	14	11	
10	69	5	58	0	74	16	55	8	39	18	24	14	47	7	56	12	22	11	68	
3	26	10	46	0	29	4	75	17	48	19	25	6	33	15	74	14	55	13	43	18	12	5	51	
14	6	5	8	19	69	7	15	1	9	16	74	18	27	6	49	
12	29	0	50	6	35	7	6	11	13	18	47	3	32	
13	11	0	50	7	57	11	49	5	34	3	18	4	70	
6	41	4	66	8	54	12	42	9	53	16	16	19	57	13	55	5	61	18	31	15	62	
15	50	17	64	5	68	6	7	9	2	13	60	
4	61	19	18	9	11	3	48	16	41	18	21	
1	73	10	15	6	63	14	18	2	71	
17	26	1	37	5	55	19	60	6	14	11	31	16	5	3	30	14	52	4	7	15	44	8	57	
0	31	4	21	10	23	14	35	6	44	8	56	
18	57	14	73	10	68	2	45	15	13	8	39	16	29	12	56	9	49	19	4	17	36	
17	28	0	71	1	41	19	30	10	72	18	50	11	70	14	10	12	20	
12	26	2	48	6	43	15	53	8	75	5	40	18	54	14	50	7	57	
9	60	13	9	19	16	0	62	5	40	12	17	10	58	2	67	18	37	14	39	4	31	1	72	
12	16	11	5	10	43	13	20	16	18	0	15	7	41	6	34	9	52	17	62	
18	56	0	54	13	18	3	74	15	26	8	42	10	14	
7	26	0	28	18	65	5	72	1	10	
9	15	2	12	0	27	18	52	11	17	1	6	
17	65	19	14	16	70	12	1	8	37	3	48	18	69	11	3	13	53	1	17	4	51	
0	17	8	42	10	5	18	59	9	51	15	37	5	39	
16	20	0	3	12	29	11	75	19	39	4	67	17	32	5	30	3	10	9	59	
0	14	3	56	8	68	2	41	12	67	19	50	
7	11	2	63	13	16	1	9	10	56	3	12	5	53	15	35	
18	61	0	34	9	14	5	20	8	72	17	30	
5	53	10	63	8	66	18	4	17	55	
4	20	3	34	6	47	19	56	7	45	11	59	16	36	
17	17	2	69	4	31	8	32	15	62	14	53	1	45	12	39	13	18	0	4	18	56	6	49	
0	60	11	42	19	23	12	16	5	4	13	5	16	69	
18	70	14	19	8	73	11	49	7	36	19	8	
14	6	1	38	8	26	9	68	7	35	13	15	2	3	6	47	15	25	19	69	12	31	
18	37	11	70	7	66	1	62	3	35	
1	71	14	29	10	32	2	35	8	67	17	43	9	21	7	17	11	37	6	4	15	72	
17	22	7	12	0	15	15	73	9	42	8	10	10	26	19	49	3	72	16	35	4	68	1	71	
7	15	15	65	18	72	9	42	10	73	5	59	3	38	1	18	12	62	13	22	19	55	16	36	
18	40	12	2	1	39	9	1	14	50	2	68	16	22	17	54	8	38	5	10	13	25	6	19	
15	34	8	41	5	8	2	66	10	6	4	2	7	27	
0	38	5	74	3	59	9	71	1	30	18	9	6	12	16	3	
0	30	5	39	12	49	15	59	1	51	2	44	11	61	9	48	8	41	17	11	
19	13	9	65	10	52	3	54	4	61	11	2	18	41	2	3	13	34	5	74	16	69	
6	31	8	61	4	20	0	45	3	2	
11	61	16	44	4	64	10	42	13	72	7	53	12	47	2	65	
4	66	11	58	8	4	2	49	10	60	
2	55	4	44	7	60	1	21	15	14	9	74	
15	52	6	4	18	43	11	28	14	37	7	36	
6	51	0	21	16	41	18	32	2	55	8	35	15	3	3	4	
15	28	9	49	7	9	3	17	12	21	5	12	16	16	19	22	10	32	8	11	11	26	13	45	
3	45	15	58	19	2	5	31	8	27	1	29	12	66	16	22	0	14	4	67	18	74	13	59	
10	39	0	28	7	64	17	35	15	37	1	74	5	57	
7	54	14	23	13	10	1	56	19	42	12	34	2	12	15	31	9	57	3	2	16	27	8	37	
12	9	11	47	2	13	15	48	1	49	
12	16	17	71	19	11	9	64	14	51	4	67	7	52	
6	8	0	34	16	9	3	16	4	46	19	73	7	20	12	75	13	64	
0	27	19	54	7	43	4	30	6	12	17	1	12	6	8	40	13	49	
16	36	11	73	17	26	15	1	0	2	
3	17	13	13	9	12	5	45	18	54	11	22	1	50	10	62	19	72	17	5	
6	32	16	50	0	75	11	17	18	30	
3	30	0	58	7	70	16	42	5	65	15	27	11	57	17	14	2	66	9	52	8	11	18	8	
11	68	13	44	4	47	10	30	5	71	9	72	17	9	2	13	19	39	18	29	
0	43	11	26	13	19	18	17	1	36	3	32	5	54	4	28	6	46	10	44	12	74	9	45	
11	55	18	47	8	7	1	60	12	32	2	36	4	4	
18	10	15	42	12	22	19	37	17	60	10	46	13	74	16	38	1	75	14	35	3	5	
8	21	16	47	5	16	11	38	3	75	15	23	18	3	
16	18	6	13	10	35	3	42	2	41	11	69	17	47	19	27	15	16	9	31	7	67	
0	36	4	30	2	31	3	8	8	72	6	37	1	52	11	73	16	56	7	50	
11	5	7	46	1	48	16	74	0	42	14	64	3	27	19	9	6	8	4	24	8	37	
14	74	13	29	4	3	16	24	1	43	11	2	0	1	17	48	
6	7	14	8	17	41	19	68	0	38	3	49	1	4	5	12	9	23	12	73	
10	17	16	2	9	26	8	25	7	64	
19	60	1	57	6	41	18	39	11	61	4	19	3	7	2	15	15	69	8	73	
8	66	10	60	16	4	13	71	7	58	14	64	0	13	
19	19	3	64	1	51	13	31	0	2	
3	8	12	22	2	47	11	62	16	57	
16	30	17	28	2	2	0	7	6	31	3	21	
7	2	11	48	3	11	19	54	15	52	16	9	
16	55	7	58	3	25	12	8	4	63	8	64	2	43	19	20	5	14	15	13	10	12	9	1	
1	17	12	55	4	64	5	75	14	49	0	26	8	47	19	23	18	22	9	7	17	71	
9	1	19	29	3	37	11	62	12	34	
17	52	3	71	1	33	19	60	12	46	9	1	
1	17	18	55	11	74	14	18	17	68	0	54	
6	22	2	36	4	71	9	21	5	11	17	26	0	15	
8	75	10	6	7	43	18	55	14	16	12	40	19	7	
3	56	14	49	17	38	4	37	2	23	13	36	5	58	
9	14	5	41	4	5	14	61	8	28	2	20	18	34	6	12	
6	19	4	68	15	39	9	62	13	15	
2	61	11	37	8	30	18	72	15	50	7	20	3	44	16	43	
2	4	19	68	17	69	7	54	8	41	18	52	0	40	16	42	10	33	
18	67	6	72	13	61	0	22	11	7	16	59	12	39	
8	16	16	37	12	29	2	26	15	28	9	20	4	40	
0	75	11	21	19	14	16	25	2	41	4	37	8	26	15	38	5	23	18	29	
12	48	17	65	6	30	16	4	4	32	3	52	18	41	10	7	7	8	5	71	13	40	
0	19	16	40	13	34	11	47	10	28	14	54	6	8	4	68	8	20	15	22	
6	52	2	69	4	1	7	19	19	28	0	26	5	59	12	42	16	49	13	72	18	25	
16	45	7	32	3	33	10	38	9	70	8	5	13	31	15	44	1	14	5	19	14	20	
12	50	14	17	18	73	16	28	7	12	6	39	17	30	1	65	19	56	
8	28	14	17	10	37	1	19	11	44	16	6	7	21	17	62	5	72	12	24	13	59	
7	73	13	30	16	69	2	50	18	32	1	59	
4	33	15	68	2	19	10	27	13	36	14	62	3	5	17	7	0	29	7	75	11	53	
9	37	4	59	14	11	13	45	2	16	10	22	5	48	8	73	19	72	6	29	0	41	
15	51	9	74	6	2	14	53	19	71	13	72	18	5	1	68	
13	50	17	10	19	45	8	58	5	15	9	19	4	66	10	26	2	75	
10	16	16	34	18	50	12	12	5	56	1	45	17	71	15	41	7	38	
19	55	14	21	1	18	8	30	9	54	13	69	5	47	7	24	16	58	10	25	6	23	17	51	
18	38	9	19	4	43	14	67	17	68	
15	1	18	2	13	48	7	11	5	68	2	35	10	27	9	70	8	41	3	8	12	3	14	19	
12	11	14	49	19	30	17	47	9	58	0	1	
10	40	1	47	17	59	5	38	9	2	2	1	4	42	0	3	15	41	
9	30	15	11	16	12	8	9	1	26	2	37	14	13	19	28	10	23	3	54	18	22	0	14	
5	13	7	42	8	64	2	61	6	4	10	67	4	65	1	12	
0	64	9	44	4	74	2	60	18	21	6	72	7	34	10	22	19	53	11	66	
2	56	17	11	18	39	19	23	8	31	16	20	5	57	1	17	14	12	10	33	15	49	
2	67	3	57	10	44	4	24	6	38	8	37	15	4	
18	68	15	54	4	62	13	18	1	72	16	60	14	44	6	47	2	11	
10	67	5	8	11	27	2	75	8	32	
2	8	4	72	19	39	10	69	9	13	15	64	
4	36	14	22	9	54	3	35	8	16	
4	57	17	22	15	66	16	11	12	71	5	30	7	70	14	26	0	4	2	46	10	34	11	41	
13	49	6	42	16	25	1	26	14	4	11	29	3	6	4	34	7	21	
16	62	12	32	15	74	2	36	5	64	11	69	9	6	6	45	7	10	0	22	
15	61	11	21	13	47	14	4	7	26	8	71	2	38	16	10	18	18	3	41	0	19	4	2	
16	54	7	4	18	18	9	43	3	62	4	51	1	15	11	63	14	44	12	12	19	57	8	66	
7	62	12	1	1	70	10	52	14	6	6	18	
8	25	9	55	14	3	19	65	11	14	13	73	18	4	7	74	3	22	
10	37	19	40	9	48	4	18	5	13	2	75	12	20	
1	24	16	65	13	57	17	29	0	28	14	48	6	10	19	41	9	21	18	17	3	51	7	9	
2	23	14	2	9	66	11	11	7	67	1	44	
3	12	13	52	4	69	0	7	12	66	7	75	19	51	16	49	14	32	6	41	10	40	
18	29	15	52	5	62	8	56	9	48	0	34	7	33	16	67	
9	45	13	1	1	51	2	46	10	52	15	12	7	43	8	66	
3	5	13	31	11	68	0	26	1	13	15	6	18	12	14	16	5	10	2	62	7	74	
8	56	6	25	2	47	15	10	5	61	19	6	7	20	
10	7	19	19	7	2	0	29	8	8	1	46	
1	66	7	40	16	36	15	18	8	43	4	4	2	48	11	1	19	12	5	44	6	53	0	54	
5	37	3	74	16	23	9	5	14	25	
19	72	0	59	16	51	1	16	9	57	14	37	12	30	10	20	18	69	6	29	8	44	
0	7	1	37	6	38	8	75	19	35	2	10	4	39	7	64	14	32	3	57	
3	33	2	14	12	32	8	58	1	59	0	5	13	23	6	2	9	40	18	18	
4	61	8	70	5	5	2	30	9	24	11	59	17	33	13	75	
1	70	13	39	15	28	10	10	8	29	
13	12	14	15	15	30	17	50	19	38	5	62	16	35	
7	56	13	17	1	69	8	53	9	75	5	63	
17	67	10	44	6	7	16	16	8	5	
9	16	17	18	8	47	10	64	2	66	3	71	1	56	6	10	19	45	13	65	14	59	
5	50	11	69	8	48	2	10	7	42	18	43	6	16	13	45	0	18	

All component type numbers for each job to be processed by MFPM
7	10	4	4	1	19	5	16	0	24	
7	34	9	45	6	28	3	46	1	49	
4	6	9	24	0	14	8	13	
3	33	0	49	1	35	5	30	
2	3	7	14	9	6	4	1	0	25	
0	27	7	38	8	33	
3	25	0	8	8	2	7	18	9	13	
6	49	4	46	2	35	9	38	0	28	
6	13	5	19	2	11	4	20	9	4	
6	36	4	47	3	29	5	34	
8	6	6	2	
8	33	
7	2	
8	36	7	34	0	27	
5	21	3	11	4	6	7	5	6	1	
7	46	1	41	6	35	3	43	2	49	
5	9	3	17	8	11	4	14	7	24	
5	42	8	27	
5	9	1	13	
9	29	2	45	7	37	4	36	8	47	
6	14	8	8	
9	29	5	43	
1	20	9	5	6	18	
2	29	6	26	
8	22	
4	29	
0	4	9	16	
5	34	6	28	0	26	1	29	4	39	
2	6	
8	43	3	45	5	39	
3	2	8	14	5	16	0	18	
9	30	5	47	1	42	2	26	
8	9	
7	33	6	47	0	27	8	42	
9	20	
1	41	5	40	9	38	
3	24	6	5	7	21	4	17	1	18	
0	48	
7	23	3	4	
7	47	2	44	4	34	
2	24	3	12	1	1	6	16	
2	33	0	50	
1	23	4	8	
4	42	8	31	
1	4	7	16	3	6	
3	32	9	38	4	41	6	49	1	33	
9	22	4	15	5	6	7	13	
9	45	
7	16	
2	32	9	37	8	35	4	45	1	27	
9	6	8	25	2	13	7	12	1	15	
5	37	2	36	9	30	
9	5	7	25	3	12	8	7	0	23	
1	42	4	33	8	34	
3	3	7	8	9	15	2	11	
4	48	2	33	7	45	0	28	8	42	
9	22	3	10	8	3	
8	29	
3	5	9	12	7	2	4	22	2	18	
1	31	6	41	4	27	
8	17	3	19	9	13	1	25	
9	27	6	32	
7	4	9	9	
1	38	7	44	
0	14	
2	40	
1	19	
2	41	
5	18	2	13	
9	34	0	40	1	27	
9	25	3	1	4	12	6	5	
5	50	6	39	2	28	0	45	8	35	
1	20	8	13	4	18	
1	48	6	29	
8	3	2	10	
9	46	2	35	3	29	
6	22	
1	43	3	34	4	40	
9	14	6	9	2	22	
7	48	6	32	5	46	1	36	
0	22	2	14	6	18	9	23	5	7	
8	44	9	30	4	39	0	36	3	27	
9	5	7	14	4	3	2	15	
0	34	
4	25	0	16	
5	30	3	31	7	44	
4	8	3	23	9	12	5	3	
7	50	1	39	3	27	
7	11	4	18	0	2	3	24	5	1	
0	37	5	31	
4	11	1	23	6	10	5	7	2	25	
9	41	
7	4	0	11	
9	29	7	31	1	40	
3	17	
2	28	6	36	8	47	
1	19	
3	30	
4	8	1	17	2	5	3	3	
6	50	1	34	5	48	7	39	2	30	
4	20	7	11	
2	27	7	32	5	44	
0	21	
1	33	9	39	7	30	
5	14	2	22	6	15	
7	32	5	39	8	41	4	31	3	35	
1	2	2	9	
4	26	9	44	1	28	7	45	
7	17	
0	47	8	40	
4	9	6	2	3	15	0	7	
8	29	4	40	7	47	
2	17	3	12	6	22	9	11	4	10	
9	26	
6	8	0	19	1	10	
9	39	4	29	
2	25	6	4	4	6	5	22	
5	30	7	29	3	27	8	37	2	31	
3	17	5	23	8	6	1	20	
5	29	4	36	7	43	0	40	
2	21	6	10	5	18	9	14	
7	45	
2	22	0	16	5	10	3	12	4	13	
9	49	2	32	0	44	6	33	3	50	
5	24	
8	33	
4	18	7	11	6	5	3	10	9	22	
1	40	
0	19	7	1	1	4	2	11	6	7	
6	34	8	50	2	44	0	47	
4	3	6	5	0	22	7	14	
4	48	3	31	8	34	2	32	
0	23	6	18	
7	45	0	29	3	39	2	35	
1	4	3	8	9	5	4	21	2	14	
1	46	6	41	
1	15	3	8	
0	43	7	46	
1	20	
7	45	6	34	4	36	
1	18	6	3	4	10	0	4	
2	42	1	32	6	46	
2	10	8	20	5	22	1	7	6	25	
3	29	
8	20	0	5	7	17	5	18	9	11	
7	31	6	40	1	41	4	44	8	35	
9	20	6	21	8	25	5	15	3	4	
7	26	6	29	9	28	2	30	
2	21	
4	41	0	36	3	37	6	38	8	33	
3	15	8	25	6	21	1	13	
8	31	9	50	
7	15	6	4	1	2	
6	33	
3	22	0	16	4	6	7	7	1	11	
9	28	
7	9	2	17	0	7	6	14	3	22	
6	50	9	30	3	31	
9	9	0	20	1	6	
1	41	0	27	
9	21	0	4	6	9	
5	28	2	31	8	45	6	38	
3	6	
5	32	8	30	1	39	
3	5	8	9	1	21	2	12	
5	27	6	43	3	49	
5	3	9	10	4	4	7	1	
2	48	
3	9	
2	33	0	34	
5	15	
9	36	
7	13	5	24	
6	32	5	41	3	31	
9	23	8	1	
7	37	8	34	3	46	5	40	0	39	
6	25	4	17	
1	39	5	42	3	30	2	43	9	44	
7	12	6	18	1	1	
0	34	2	26	6	31	4	41	8	27	
5	6	
4	50	7	31	1	47	5	36	0	29	
0	19	
3	46	2	38	8	49	
0	5	8	21	
6	40	0	38	1	30	
4	9	8	7	
0	36	
1	12	8	7	7	14	
8	26	5	31	9	37	1	50	
1	9	
9	35	
8	3	1	6	7	18	0	10	
1	36	9	45	8	46	
9	6	5	23	4	12	
4	27	7	49	2	32	5	38	
7	3	1	2	8	19	
3	48	2	42	7	35	1	43	8	38	
9	23	4	15	0	18	7	2	3	13	
9	38	1	49	8	50	
3	16	0	5	4	12	
4	35	7	27	1	31	9	47	0	40	
6	6	0	4	
4	37	8	39	0	42	5	50	
0	18	9	10	5	4	
8	37	
2	12	1	20	9	2	
1	33	6	49	3	34	
5	18	4	9	9	20	2	10	3	5	
5	33	
3	12	
4	43	
6	13	4	25	0	5	
5	29	4	36	
9	6	7	20	1	4	6	8	
4	49	8	33	0	27	7	26	
8	4	3	6	0	9	7	19	1	23	
3	49	7	50	
8	1	5	14	3	10	
7	32	2	38	6	41	
8	14	
8	39	6	38	0	48	7	29	
3	10	
3	35	
2	8	6	4	
7	35	
5	11	
6	43	
4	16	6	10	7	1	
3	30	8	38	7	27	1	31	
1	2	4	20	5	14	9	6	3	23	
0	31	9	37	4	48	
2	13	
8	38	5	39	7	36	3	41	1	49	
7	16	
1	34	6	41	
4	2	0	11	1	15	3	20	2	19	
4	33	5	31	6	28	3	39	9	29	
6	6	7	3	1	23	
0	32	4	33	2	45	
7	23	
6	49	8	46	0	37	
2	22	7	8	1	13	3	23	4	10	
6	41	8	28	2	27	1	38	
0	2	
1	40	6	42	7	47	3	38	0	41	
8	23	2	4	
5	42	9	34	8	33	
8	24	3	1	0	11	
0	42	1	46	2	32	6	37	7	33	
1	5	6	13	
3	39	
0	10	2	9	5	5	
4	41	8	38	3	49	9	37	
9	13	0	21	6	8	
1	31	3	28	
0	5	7	8	5	16	1	23	2	10	
2	32	8	50	1	44	
1	2	7	14	4	11	5	8	3	3	
2	35	0	49	4	32	6	42	
8	6	
3	47	7	29	4	45	
6	15	3	8	7	21	1	4	8	18	
1	27	
9	6	
8	30	4	41	
0	9	2	6	
4	40	2	38	
4	13	
3	29	
8	13	5	3	2	4	
4	34	7	47	2	43	0	46	9	29	
7	7	
2	39	7	33	
7	3	8	5	3	11	1	19	
1	50	2	34	5	39	8	40	3	31	
2	13	6	25	4	19	
5	38	
8	19	5	22	1	14	9	2	
6	48	
0	6	
7	26	8	40	6	33	1	35	4	50	
4	9	8	19	7	12	
7	45	4	48	9	30	5	46	6	50	
2	10	
4	34	7	29	5	30	3	35	
1	19	5	6	4	10	9	14	7	23	
3	27	8	41	0	47	7	34	2	33	
0	25	
0	36	
0	24	6	10	8	12	7	18	
1	50	6	27	3	36	
8	3	1	25	5	10	4	11	
1	39	5	41	8	47	
3	23	
5	42	8	44	
7	18	2	16	5	6	6	2	
8	26	4	50	3	35	2	30	
3	25	6	6	5	19	9	9	2	23	
9	34	5	33	0	37	7	38	1	28	
5	1	7	14	9	20	6	21	
8	29	
0	16	7	14	3	3	6	8	5	6	
0	40	6	29	7	35	
3	15	
9	35	8	38	3	47	
9	9	0	19	
5	31	9	39	8	29	1	50	4	27	
2	18	7	15	4	23	0	16	8	22	
0	43	
5	6	
8	28	5	37	
8	16	2	8	7	21	
2	28	
9	8	4	23	3	18	
4	27	7	34	6	45	
5	17	9	10	
2	30	5	42	1	36	0	40	
6	21	2	23	0	11	5	3	3	15	
1	31	8	47	3	28	7	33	2	27	
4	13	5	20	2	17	
3	38	7	47	
8	22	9	18	2	9	
2	26	7	50	3	43	9	33	
4	5	
1	39	0	47	9	34	6	29	
2	15	3	18	0	10	
6	28	0	35	
6	4	
0	49	
5	3	2	6	3	19	8	1	
4	28	7	43	8	50	2	29	
4	13	8	2	2	23	1	15	0	18	
9	44	
0	7	9	17	8	10	
8	36	3	27	5	47	0	37	6	31	
2	15	9	10	
6	31	3	45	0	36	
9	23	4	8	3	22	
3	41	9	29	5	47	4	28	
0	6	2	11	7	18	
8	34	7	27	5	37	
6	21	8	22	5	2	3	24	
3	42	4	31	5	40	8	29	9	39	
6	19	9	14	
8	31	5	35	
3	10	4	7	
0	34	2	33	
6	17	1	13	
0	42	9	49	3	38	5	37	
3	13	9	6	7	8	6	9	
1	41	
0	11	2	12	
3	44	7	35	5	46	8	31	
5	18	7	14	8	11	
0	48	9	33	4	43	5	31	2	45	
0	18	4	4	6	5	7	14	8	20	
9	36	6	28	
6	14	
9	28	0	31	4	33	
6	15	
0	39	8	29	7	46	2	31	
7	19	4	1	3	23	6	11	
2	38	4	28	3	39	0	36	1	29	
2	14	3	7	
8	45	
5	22	0	4	3	23	
7	36	1	26	2	42	5	29	9	50	
7	16	5	20	2	7	8	4	6	22	
2	27	3	42	6	30	4	47	
5	3	0	13	6	10	
0	47	4	27	8	35	6	39	5	28	
6	8	2	13	0	9	
3	30	1	26	7	38	
0	21	5	8	
7	46	0	49	9	36	
2	7	3	1	6	9	0	2	1	13	
0	39	8	40	4	49	
3	18	9	17	8	24	
2	28	0	48	1	41	7	49	5	34	
1	12	8	10	5	15	4	25	
2	35	6	39	8	44	5	40	
0	25	7	10	4	1	6	11	8	18	
3	30	5	43	6	48	4	38	2	32	
5	19	9	7	
1	31	5	39	8	30	9	45	7	48	
0	4	7	21	1	25	6	17	
0	48	1	33	9	31	
9	18	6	5	1	17	
9	46	
2	5	6	22	0	14	1	3	
8	35	4	34	7	27	3	30	
4	1	6	20	5	16	9	11	0	24	
5	49	
3	20	
2	43	7	40	9	46	
0	5	9	13	4	1	
1	49	5	35	4	50	
5	3	8	1	2	8	
6	30	1	27	

Three processing times per job on each machine
The best scenario
1252	895	563	
642	291	455	
337	702	777	
466	350	263	
159	326	365	
655	523	525	
130	594	372	
139	514	331	
923	858	516	
668	649	570	
47	97	114	
353	325	664	
279	70	173	
85	106	43	
101	142	130	
244	559	316	
669	547	496	
1274	1123	561	
1003	395	1170	
212	127	141	
967	734	415	
156	798	275	
782	507	615	
1149	501	502	
686	403	527	
245	384	640	
330	1197	676	
174	373	231	
296	386	113	
738	747	299	
434	875	260	
325	371	533	
215	280	869	
1137	380	300	
266	672	623	
260	174	394	
660	274	170	
319	263	520	
207	151	170	
582	377	617	
90	226	120	
399	405	730	
618	126	382	
419	799	251	
1239	682	708	
279	135	439	
216	164	366	
508	328	651	
179	165	164	
310	249	270	
202	162	370	
87	101	74	
172	514	530	
286	655	669	
314	949	972	
455	370	266	
600	529	352	
356	531	679	
540	255	734	
924	708	295	
61	155	166	
384	792	400	
60	64	183	
33	129	150	
386	368	186	
467	322	687	
333	224	209	
654	600	697	
143	201	142	
193	91	84	
144	168	291	
132	69	205	
369	734	645	
341	423	522	
328	470	389	
524	1106	253	
600	399	358	
942	377	262	
678	360	968	
346	271	349	
155	231	150	
718	568	492	
96	400	417	
294	631	395	
693	788	520	
63	67	147	
100	371	319	
117	145	389	
585	409	293	
244	155	672	
135	109	173	
358	476	575	
653	354	281	
468	355	912	
65	77	78	
381	226	354	
232	693	500	
261	119	163	
1293	875	761	
813	502	390	
587	379	431	
429	546	688	
204	109	499	
120	369	189	
298	577	474	
437	227	165	
184	1072	876	
143	402	349	
512	433	377	
100	119	177	
1393	839	989	
398	196	662	
528	355	186	
316	588	246	
819	512	504	
894	312	426	
461	511	229	
289	724	1217	
291	743	859	
323	293	173	
114	74	44	
446	265	277	
261	184	513	
1038	415	715	
71	57	116	
188	109	134	
46	145	173	
329	202	172	
708	272	697	
448	311	322	
1336	841	543	
425	385	276	
504	571	493	
69	139	83	
182	139	265	
184	293	431	
426	452	325	
817	514	684	
521	579	611	
137	95	118	
119	142	71	
175	465	209	
171	264	292	
586	917	829	
829	784	297	
1005	383	715	
706	517	283	
207	1024	715	
192	216	389	
332	165	172	
815	417	411	
108	104	49	
162	239	246	
369	488	251	
613	710	309	
330	537	487	
367	364	573	
389	244	344	
293	230	260	
237	618	772	
132	403	170	
513	530	510	
264	406	896	
249	282	401	
719	288	376	
110	68	90	
320	703	488	
534	606	499	
300	638	264	
137	32	168	
64	135	108	
157	129	255	
625	613	306	
331	360	146	
57	54	62	
185	212	170	
562	542	676	
701	447	562	
314	83	213	
95	130	38	
293	287	217	
772	650	449	
430	960	327	
166	294	480	
643	322	773	
1025	686	460	
88	181	128	
298	494	681	
467	326	758	
303	258	150	
393	552	575	
206	125	529	
103	174	46	
833	1140	497	
65	44	172	
277	227	109	
654	352	748	
404	462	659	
175	302	700	
1016	731	735	
Most likely scenario
1363	1456	967	
672	329	768	
663	826	880	
584	589	341	
181	427	417	
925	973	542	
248	654	451	
236	583	457	
1099	1200	519	
821	676	871	
72	117	151	
481	504	901	
411	129	332	
125	207	76	
168	151	250	
255	643	322	
839	795	890	
1381	1433	860	
1161	474	1337	
285	162	175	
998	790	688	
297	1101	329	
1126	779	762	
1341	674	570	
912	689	748	
271	719	981	
603	1444	1169	
287	648	326	
430	432	168	
893	772	392	
518	1282	435	
391	630	848	
247	284	960	
1275	563	400	
488	1243	836	
304	222	545	
758	420	314	
517	460	826	
244	284	235	
748	626	882	
143	232	172	
435	519	800	
906	247	408	
439	837	471	
1284	1128	817	
335	243	470	
405	197	388	
758	545	680	
262	235	291	
345	452	365	
236	268	419	
101	202	135	
233	670	782	
431	1196	1111	
481	1288	1136	
708	470	306	
931	804	365	
514	612	722	
804	303	773	
1316	992	427	
115	307	259	
650	873	680	
79	96	224	
60	184	180	
632	671	272	
499	481	732	
486	351	317	
842	1129	776	
178	313	276	
220	102	124	
150	217	296	
186	119	233	
584	1015	786	
509	663	947	
361	802	750	
657	1399	358	
1001	659	533	
993	715	359	
1089	515	1005	
418	344	692	
303	241	177	
743	943	581	
171	528	448	
572	650	408	
1168	1096	627	
64	128	181	
118	392	320	
207	265	399	
601	415	573	
466	259	762	
140	118	207	
692	549	662	
753	422	523	
595	365	1050	
129	105	135	
529	318	522	
429	739	816	
395	133	229	
1351	1068	1280	
1083	643	496	
668	490	669	
678	795	1014	
298	145	583	
185	393	243	
473	1042	939	
633	277	245	
286	1120	1153	
157	603	449	
986	672	457	
123	205	308	
1432	1021	1376	
674	279	709	
672	456	259	
582	673	363	
836	546	559	
996	467	611	
546	829	407	
361	1191	1457	
500	970	1016	
553	521	189	
160	109	74	
489	424	341	
448	230	589	
1183	628	1044	
142	63	212	
341	171	137	
81	177	220	
448	290	251	
1026	417	748	
768	477	328	
1484	881	671	
581	445	425	
526	707	531	
103	147	141	
242	246	521	
297	344	496	
691	794	393	
941	890	765	
972	1125	996	
140	146	153	
130	251	135	
217	500	266	
231	513	540	
1097	1170	1008	
1078	818	566	
1193	590	1140	
884	833	333	
284	1045	745	
240	254	746	
615	316	184	
994	551	560	
137	170	83	
167	383	354	
557	680	332	
1005	877	508	
386	538	580	
392	556	606	
485	298	413	
382	247	397	
359	707	838	
187	735	247	
912	614	548	
338	413	1190	
379	381	505	
1034	390	423	
122	135	107	
615	1202	584	
624	843	742	
441	784	286	
161	61	210	
69	258	139	
165	212	403	
859	671	331	
481	393	257	
93	94	94	
234	282	293	
878	712	1029	
919	764	580	
346	140	248	
185	146	59	
421	357	409	
929	743	847	
746	982	546	
243	322	692	
883	345	796	
1467	736	682	
107	225	194	
490	743	787	
638	604	776	
315	354	188	
461	720	591	
404	238	728	
201	236	66	
1010	1191	688	
85	75	258	
299	239	172	
1006	495	1285	
562	857	819	
269	536	711	
1284	1223	1273	
The worst scenario
1556	1808	1295	
796	342	1112	
771	1160	956	
607	873	508	
249	532	556	
1234	1315	600	
267	818	460	
336	605	538	
1141	1735	593	
1082	926	1127	
82	129	189	
515	534	1029	
527	169	445	
174	259	112	
217	166	342	
281	952	446	
1225	925	1127	
1682	1523	1212	
1218	598	1751	
295	173	237	
1311	977	765	
313	1461	438	
1565	805	1132	
1908	797	603	
955	732	1006	
310	935	990	
899	2153	1529	
308	935	391	
526	462	203	
899	1125	455	
673	1549	586	
529	869	950	
341	389	1357	
1569	739	546	
539	1620	875	
357	273	699	
810	575	327	
726	469	998	
275	311	253	
796	679	1169	
170	315	197	
620	773	805	
1052	343	458	
523	1041	579	
1798	1300	821	
378	260	500	
560	243	536	
795	682	731	
314	269	354	
463	574	494	
280	373	468	
130	286	152	
296	729	1118	
572	1774	1617	
609	1894	1702	
808	680	319	
991	1115	500	
643	639	1019	
1040	439	844	
1735	1026	579	
118	406	354	
817	1261	982	
109	140	285	
86	238	254	
948	771	397	
518	557	789	
496	394	472	
1141	1400	992	
249	365	308	
246	110	180	
186	305	444	
271	174	297	
693	1038	787	
702	758	1418	
539	879	1070	
739	2098	447	
1379	753	782	
1415	944	520	
1362	634	1321	
442	345	835	
443	340	212	
848	1176	850	
256	668	577	
634	678	422	
1541	1113	683	
73	181	241	
159	462	437	
235	394	577	
806	507	799	
683	313	1109	
163	126	291	
927	772	775	
1112	556	583	
879	455	1090	
191	132	193	
694	355	674	
531	842	1063	
526	194	276	
1372	1542	1880	
1383	949	667	
891	680	958	
842	1097	1058	
418	159	781	
201	465	321	
632	1115	1151	
774	320	311	
403	1360	1515	
182	765	505	
1254	828	633	
124	256	350	
1749	1120	1601	
854	408	876	
818	542	260	
772	676	492	
852	569	809	
1436	562	702	
684	1122	523	
452	1642	2176	
572	1427	1330	
613	624	278	
210	139	101	
672	592	428	
467	240	722	
1385	756	1108	
176	74	248	
390	197	195	
107	188	283	
558	361	289	
1319	549	1059	
1094	609	450	
1561	1066	971	
667	550	575	
592	850	781	
113	155	188	
309	319	706	
415	469	576	
951	940	434	
1368	1109	767	
1222	1419	1342	
201	161	156	
134	364	166	
277	641	381	
334	741	621	
1546	1461	1121	
1158	826	608	
1768	643	1287	
1037	1052	426	
319	1085	1051	
357	263	949	
648	340	219	
1191	669	670	
188	219	105	
176	417	496	
810	700	378	
1486	1246	659	
439	639	763	
440	795	838	
691	442	418	
434	321	581	
426	748	1039	
254	1071	292	
1365	659	766	
494	490	1618	
457	550	634	
1140	469	529	
123	172	135	
623	1767	876	
892	1227	836	
482	909	412	
179	73	219	
86	343	165	
206	227	418	
1200	831	477	
692	568	380	
125	111	111	
342	331	355	
974	1047	1443	
1320	778	708	
411	168	359	
196	180	82	
489	418	598	
1006	870	1209	
1108	1182	687	
253	414	850	
1279	417	961	
2059	1034	877	
140	284	291	
677	1093	1130	
787	895	1046	
361	500	280	
578	949	786	
569	342	824	
284	288	72	
1304	1723	882	
107	77	350	
366	299	204	
1172	669	1756	
708	958	1055	
322	779	753	
1750	1538	1540	
