Factories	2	Jobs	200	Machines	2

Total number of component types per job processed by HSPM
6	11	9	6	12	7	12	9	6	8	5	11	8	10	9	6	12	5	12	11	8	12	8	6	5	7	7	12	9	7	6	10	8	8	10	7	6	11	7	5	8	5	7	12	11	10	8	8	5	6	9	12	11	5	5	6	10	9	9	5	11	5	11	9	8	8	12	9	12	11	8	11	11	6	10	8	12	8	5	5	8	6	9	9	6	6	11	12	5	5	8	5	6	5	11	7	8	10	5	5	6	7	12	11	7	5	8	7	12	12	9	7	7	5	5	5	9	7	9	8	12	8	5	5	11	7	5	6	8	8	5	10	12	7	6	6	12	8	6	9	9	6	12	6	8	11	12	5	12	8	8	11	9	5	8	12	11	11	10	6	6	8	6	8	7	11	12	10	10	8	7	7	5	6	5	8	5	7	7	11	8	8	7	12	11	10	8	10	5	9	10	6	11	11	5	7	5	10	6	9	

Total number of component types per job processed by MFPM
4	3	1	3	5	5	5	1	3	1	3	1	2	5	5	5	2	5	5	5	2	5	5	1	2	5	4	2	1	1	4	3	2	1	1	2	5	5	2	2	3	5	5	2	3	3	3	1	2	2	4	4	2	3	5	3	4	5	4	1	5	3	2	4	5	2	4	3	5	2	3	4	2	3	1	3	2	1	3	3	5	3	2	1	4	5	4	4	2	4	3	5	5	1	2	3	4	1	5	2	5	1	1	1	1	1	2	3	4	5	3	4	4	5	4	3	3	3	3	4	1	3	2	3	1	3	3	1	1	1	4	3	1	4	1	4	2	2	1	3	5	2	5	3	1	1	3	1	2	3	2	4	2	5	5	5	3	2	1	5	3	5	3	2	1	4	3	5	1	3	5	1	4	2	3	1	5	1	4	2	1	1	4	1	4	3	4	3	5	4	5	5	1	4	5	2	3	3	2	1	

All component type numbers for each job to be processed by HSPM
8	30	10	8	17	28	16	68	7	16	4	61	
17	13	18	38	5	41	14	5	1	45	9	57	16	28	19	30	15	33	2	31	8	40	
8	57	1	64	14	25	7	73	6	34	15	72	11	5	18	1	13	33	
4	30	19	62	16	73	13	9	12	68	10	29	
7	75	10	47	18	7	2	2	6	12	14	42	19	3	16	13	3	33	5	52	4	51	13	34	
15	50	18	28	0	56	8	22	9	71	2	16	14	23	
16	47	14	46	15	73	19	48	5	36	18	50	1	56	3	69	4	28	6	66	8	53	11	37	
12	28	19	35	2	62	13	18	0	17	9	27	7	61	17	48	11	50	
8	72	12	37	19	5	18	9	3	74	14	21	
6	31	5	27	10	55	17	51	18	57	8	14	1	38	3	9	
7	68	1	35	2	31	0	69	9	40	
14	36	18	21	13	13	16	10	3	7	5	61	12	34	15	52	7	49	17	43	19	45	
9	25	4	42	17	36	19	67	3	53	2	54	6	35	7	48	
19	55	11	7	14	14	7	58	3	44	18	30	1	54	17	43	4	2	16	68	
17	66	11	39	7	2	3	35	12	6	15	1	8	24	13	14	19	74	
1	23	19	40	10	3	16	9	11	25	12	16	
5	8	6	30	4	45	16	46	7	44	1	40	13	23	12	26	14	62	0	25	17	19	19	64	
16	62	17	11	10	23	19	14	4	47	
12	61	19	44	2	1	10	46	0	3	13	11	3	34	6	16	7	45	16	70	9	63	5	66	
17	61	4	43	18	75	10	1	0	57	3	62	9	27	6	7	14	68	16	23	15	13	
16	2	6	30	0	37	12	56	7	42	3	61	10	40	11	3	
0	66	8	52	2	29	13	23	11	56	18	7	6	34	14	57	16	59	7	6	19	71	1	15	
17	37	4	26	8	66	2	35	9	29	3	19	14	63	15	54	
2	36	10	16	13	50	16	51	8	17	14	54	
19	13	14	51	1	17	7	41	0	62	
3	1	4	4	1	57	0	65	10	40	7	41	14	73	
9	48	7	55	19	75	4	3	5	31	8	50	2	66	
7	7	3	41	8	34	9	23	1	22	5	8	17	70	10	32	4	15	16	37	14	60	15	9	
0	42	4	65	5	59	14	43	1	10	19	4	2	23	15	50	6	31	
17	7	1	48	3	51	5	56	10	4	7	28	2	26	
3	72	10	51	8	26	0	55	17	69	6	19	
14	9	18	1	19	24	15	20	6	17	17	7	0	33	8	4	2	31	11	73	
8	62	2	54	18	39	11	70	14	31	9	9	5	52	12	40	
11	64	18	70	7	50	3	18	8	35	10	67	1	30	17	1	
13	11	3	60	6	63	9	6	14	42	16	33	0	8	8	69	4	21	2	66	
8	48	5	61	15	16	18	28	16	33	9	13	0	6	
16	48	4	31	10	38	14	46	7	28	13	64	
1	57	15	51	7	6	16	31	12	46	4	13	9	22	14	61	5	63	18	38	2	20	
10	1	6	61	11	32	16	57	12	56	14	34	1	22	
12	20	7	15	10	33	3	16	16	75	
12	52	16	60	8	53	1	20	13	11	3	72	7	19	4	49	
17	22	1	55	10	16	7	67	2	34	
5	59	11	32	6	14	16	21	2	72	1	27	8	43	
5	70	10	75	6	71	14	31	7	67	12	27	19	73	1	52	15	37	17	15	2	42	16	3	
8	2	14	63	5	51	12	16	0	40	7	18	4	5	6	57	18	70	1	55	13	1	
5	31	0	22	19	60	2	72	11	71	1	19	18	49	10	38	16	62	3	36	
0	6	14	7	1	67	10	1	13	13	11	55	18	43	19	2	
15	11	5	60	14	57	17	5	8	17	16	58	13	4	1	20	
15	45	7	38	16	13	5	56	0	1	
12	28	0	55	1	52	11	27	6	45	16	17	
14	62	9	37	5	19	18	47	8	34	11	70	3	74	16	58	17	14	
4	20	1	54	15	29	11	8	19	37	0	16	8	59	16	25	7	38	18	55	5	56	12	48	
5	53	2	22	3	26	12	15	6	47	4	2	16	9	19	28	14	24	11	59	13	8	
18	24	8	66	14	15	11	3	16	63	
13	34	17	54	18	36	7	39	10	19	
7	35	6	60	5	27	14	57	1	40	0	32	
7	19	9	52	19	50	8	37	10	56	0	5	18	8	3	63	2	4	6	48	
14	24	0	22	12	66	2	31	3	68	5	48	6	35	9	45	17	70	
8	9	11	30	9	17	16	51	12	13	13	36	18	31	14	35	5	44	
11	14	19	24	9	66	17	51	3	47	
3	6	7	26	12	39	15	19	4	74	2	29	5	52	6	43	19	59	9	70	1	10	
3	30	9	74	7	70	0	35	14	48	
16	64	5	53	1	16	0	7	14	34	2	26	8	21	17	57	15	52	19	73	10	31	
18	7	4	68	6	39	11	42	5	52	17	18	0	17	2	74	7	57	
4	35	10	7	0	22	17	59	19	49	2	11	18	12	16	38	
13	73	0	25	8	32	5	11	3	51	7	57	9	48	16	41	
9	9	15	64	10	40	12	39	2	15	14	38	8	41	16	2	19	19	13	60	7	53	18	36	
15	74	11	8	5	53	16	22	7	10	17	48	4	19	8	17	12	64	
18	37	19	27	17	58	4	47	3	28	5	67	8	32	13	3	7	66	11	54	1	24	15	10	
9	51	2	4	1	32	19	31	5	54	6	39	10	1	12	63	3	2	18	18	17	11	
0	36	19	47	8	26	17	31	15	39	7	69	12	34	16	63	
1	53	8	45	15	65	17	28	4	67	7	64	13	21	9	7	11	73	0	12	18	74	
13	33	16	69	18	41	17	4	1	49	2	67	5	11	11	58	15	59	19	62	14	25	
10	53	9	30	3	58	6	15	0	7	5	57	
19	6	13	13	10	22	4	7	1	32	2	59	8	1	6	42	11	29	15	18	
5	14	15	3	1	37	2	33	19	11	6	68	13	42	18	45	
7	26	2	24	16	66	10	3	15	28	8	22	5	63	13	35	18	8	12	67	11	40	4	54	
16	20	17	7	12	5	8	60	3	69	15	23	5	51	1	33	
11	49	6	58	10	67	8	21	5	37	
17	11	0	55	11	31	4	24	8	39	
11	27	6	34	8	40	3	2	19	67	16	25	4	60	1	65	
2	67	15	28	14	54	17	14	1	69	19	9	
5	19	12	15	2	57	8	71	3	56	1	36	11	32	6	64	4	1	
13	63	10	69	3	73	18	7	0	68	9	1	16	26	1	31	17	45	
3	7	0	32	10	33	7	15	9	69	6	42	
8	11	15	22	18	73	12	50	13	68	19	8	
11	58	2	32	9	61	4	30	6	72	12	26	19	34	16	74	8	35	14	9	5	52	
4	36	3	44	6	54	8	69	10	67	13	23	14	58	1	35	11	47	5	41	17	20	7	26	
15	44	1	61	12	74	9	11	16	3	
6	22	0	52	11	43	1	3	18	14	
4	40	18	20	6	27	13	75	11	63	10	69	19	37	9	64	
2	55	14	7	5	20	18	14	6	23	
2	18	6	69	14	67	9	1	13	14	11	26	
11	60	19	22	14	45	9	61	4	62	
17	69	14	11	2	32	16	10	0	38	12	34	4	41	18	33	5	53	10	72	8	62	
12	67	18	66	8	42	17	61	0	29	10	45	5	47	
4	8	2	59	13	50	12	63	5	11	18	10	14	48	6	17	
2	18	6	33	12	50	13	21	8	29	14	58	1	14	15	40	5	72	9	60	
10	45	7	23	16	75	12	32	11	39	
3	68	8	19	14	29	11	40	2	24	
7	48	19	22	6	32	3	61	10	29	0	54	
10	70	17	24	11	32	5	58	15	20	16	37	8	31	
18	56	2	73	0	51	19	10	7	47	10	8	15	65	6	41	5	49	8	30	12	58	14	60	
0	45	4	17	6	70	1	27	15	28	12	5	2	11	16	38	17	49	8	33	7	58	
5	18	6	5	11	62	10	75	3	31	15	23	4	22	
1	53	19	5	11	37	12	32	8	22	
14	74	3	72	11	15	9	17	1	19	16	41	19	56	6	67	
15	47	0	71	7	2	8	65	2	24	12	29	13	45	
18	49	11	40	8	34	5	32	0	73	2	39	19	50	17	3	4	54	12	26	14	16	10	9	
8	21	15	5	16	70	13	43	11	62	9	35	4	69	0	27	17	22	5	33	1	57	6	1	
14	30	5	11	17	46	15	69	16	56	0	53	9	3	12	74	11	22	
7	19	2	6	12	35	19	42	8	2	16	44	3	69	
10	19	9	46	5	70	11	44	4	60	13	22	3	75	
7	56	12	6	2	18	11	26	13	1	
7	65	6	56	15	74	10	4	19	29	
0	22	10	52	4	48	17	56	8	59	
2	55	16	36	0	30	6	19	10	2	4	41	9	14	19	60	8	50	
13	66	7	54	1	18	15	39	14	58	16	4	8	30	
7	1	2	39	11	32	9	17	6	48	12	60	3	75	1	59	10	54	
4	8	2	6	19	46	12	68	0	70	9	55	7	4	1	34	
16	7	19	56	8	72	11	11	0	2	5	34	18	32	14	29	13	70	1	21	12	37	7	46	
7	72	10	31	18	54	8	62	14	33	12	28	9	57	1	19	
11	52	6	17	10	10	5	31	12	15	
7	11	18	65	5	14	13	2	9	12	
5	9	9	72	2	6	0	8	3	27	18	31	19	75	13	39	10	62	17	25	6	69	
11	72	13	73	19	48	14	64	6	49	8	39	3	23	
15	62	11	39	4	36	9	71	2	32	
5	47	7	11	12	42	13	68	1	71	19	44	
3	63	9	54	4	53	12	31	8	35	16	20	14	59	11	52	
1	10	13	30	0	67	12	17	11	58	18	57	15	69	4	51	
14	14	6	9	15	23	8	46	3	10	
17	46	4	16	15	19	1	32	0	35	7	28	16	10	9	70	11	23	14	3	
10	17	13	4	15	52	7	65	11	36	12	7	0	5	2	25	1	43	6	75	18	15	14	34	
6	19	11	69	4	75	19	66	8	40	7	34	3	61	
4	6	12	25	19	19	1	14	5	16	6	55	
5	74	19	6	13	26	18	65	6	31	9	27	
17	4	1	27	14	30	10	32	2	51	19	20	4	9	3	68	5	70	18	71	6	73	8	39	
9	64	18	11	6	38	1	52	10	10	4	40	13	9	11	30	
12	6	0	64	14	39	11	43	2	59	6	36	
11	27	15	18	2	7	0	29	4	28	13	5	8	47	14	8	18	58	
7	24	10	56	11	5	4	7	13	14	18	65	17	27	19	48	2	12	
5	58	14	35	16	19	9	26	10	14	8	17	
11	23	10	24	5	17	19	59	6	43	15	58	17	15	3	49	4	70	7	55	18	72	9	40	
13	63	9	16	15	58	4	68	0	10	8	74	
18	51	0	68	6	52	3	70	10	40	12	29	19	61	9	43	
5	50	15	15	11	43	9	38	2	51	13	46	17	36	1	59	6	44	16	61	0	55	
11	48	7	40	16	75	9	53	4	50	14	15	10	65	1	21	6	52	13	10	0	12	2	61	
0	20	7	74	4	46	13	63	11	60	
5	9	16	34	4	4	12	21	6	74	7	66	13	32	9	35	17	38	18	64	0	30	15	45	
5	71	1	28	2	9	17	58	18	32	15	36	13	42	19	3	
1	24	5	32	2	35	14	65	16	71	19	27	6	62	7	18	
15	58	0	32	1	42	14	25	4	6	11	2	2	14	19	41	8	49	16	26	12	15	
0	17	7	72	8	8	14	28	13	24	12	22	4	56	9	34	15	64	
5	31	10	1	15	9	0	39	11	4	
6	34	9	69	11	8	4	32	18	50	13	24	5	70	14	20	
0	59	8	35	6	2	9	8	12	26	3	28	5	53	4	72	2	54	11	32	1	25	16	27	
16	69	1	46	13	39	11	5	10	32	8	73	5	31	19	4	17	6	12	17	2	71	
16	10	17	16	6	59	9	19	8	38	5	51	10	43	14	25	2	49	4	46	12	41	
11	52	4	21	10	69	17	63	12	15	6	13	5	57	0	5	14	10	2	26	
5	72	8	65	9	3	13	17	2	18	7	32	
12	48	1	31	18	8	5	6	17	53	19	9	
5	48	18	57	4	56	7	69	0	13	11	74	19	51	15	59	
9	15	19	61	11	31	6	41	17	45	2	47	
18	52	0	57	9	43	14	10	19	27	11	48	4	41	8	60	
11	28	6	49	5	60	13	54	15	45	14	2	7	62	
14	17	19	28	16	10	5	5	0	27	12	20	15	60	7	54	4	70	2	42	18	31	
0	74	4	19	14	70	5	45	6	41	10	43	2	8	3	52	12	60	19	61	7	13	15	1	
11	75	14	8	19	20	13	44	8	31	9	68	4	40	10	2	12	37	17	41	
2	59	12	74	16	75	10	47	7	2	13	61	3	43	6	63	9	6	11	41	
8	46	1	47	4	19	5	70	16	3	7	57	9	24	0	13	
19	37	8	24	10	74	12	26	15	61	3	75	16	47	
15	70	2	47	13	19	1	71	16	10	17	31	11	59	
12	72	4	34	10	74	16	38	8	60	
17	70	12	72	7	42	8	66	16	38	10	24	
0	22	10	11	13	62	5	45	12	60	
6	60	12	47	9	18	14	27	1	65	10	16	17	7	13	9	
16	60	11	54	1	67	3	51	9	37	
14	27	6	6	17	50	0	67	12	40	9	51	11	17	
2	3	7	5	5	47	16	64	1	16	13	10	8	73	
6	32	17	23	2	66	1	33	12	13	9	22	10	62	16	15	13	57	15	69	0	55	
3	21	1	32	16	31	18	73	4	70	14	39	7	60	13	68	
7	58	1	65	8	55	5	6	16	10	9	9	0	48	18	64	
1	12	12	27	8	52	16	74	14	15	6	73	9	56	
0	30	5	50	6	58	9	59	12	14	18	45	16	62	13	6	17	2	1	27	3	48	10	61	
13	29	10	11	0	62	11	19	19	1	5	31	6	30	3	70	4	69	12	43	8	58	
18	2	1	66	11	68	7	62	5	3	13	5	9	35	10	9	14	48	0	71	
11	13	0	73	1	39	19	2	6	45	5	25	16	14	7	67	
2	59	13	15	7	1	11	51	4	9	10	74	18	24	8	3	19	56	0	40	
0	26	12	70	8	24	16	41	7	29	
9	42	3	54	16	38	6	35	11	23	8	33	10	10	0	27	2	46	
15	50	11	57	5	21	6	63	19	48	8	15	1	61	9	2	16	10	17	73	
1	43	3	58	4	46	14	59	17	26	18	23	
5	52	4	51	18	7	11	63	8	5	0	43	9	70	13	18	16	28	1	15	14	23	
2	58	16	52	3	42	17	32	8	38	1	15	14	21	7	71	9	45	5	28	12	31	
13	33	19	34	18	42	8	10	17	14	
9	49	3	34	12	15	6	11	5	28	19	26	0	63	
15	42	7	60	1	64	17	19	0	53	
4	64	5	32	14	49	19	16	18	9	3	29	10	73	2	24	8	1	9	56	
17	73	6	29	3	46	15	23	4	74	13	14	
0	28	6	14	11	45	2	68	7	71	10	30	19	38	5	33	8	53	

All component type numbers for each job to be processed by MFPM
9	1	4	18	2	3	5	19	
3	24	1	2	2	15	
3	13	
9	7	4	14	7	5	
9	5	2	7	6	15	5	8	7	14	
2	24	6	14	4	9	7	7	0	4	
2	4	4	21	8	8	1	18	7	11	
4	18	
6	16	3	11	9	4	
1	6	
1	24	3	7	2	12	
8	11	
8	17	2	2	
8	12	7	25	3	23	1	2	4	6	
7	2	8	4	5	20	6	13	0	15	
0	2	9	5	2	4	8	9	1	15	
4	6	8	25	
9	6	3	15	0	21	8	10	1	7	
6	2	0	10	1	14	7	15	4	4	
7	6	8	11	0	1	6	19	4	13	
5	20	8	24	
4	18	3	14	2	22	5	25	1	17	
1	1	6	25	5	24	7	2	4	6	
3	7	
0	3	6	18	
3	10	9	9	5	25	6	20	2	24	
5	11	7	1	1	5	8	21	
2	4	8	14	
2	19	
7	23	
1	24	9	4	6	9	7	25	
1	8	8	23	7	4	
5	10	1	12	
2	20	
1	19	
6	13	9	1	
3	4	9	19	0	1	4	21	8	6	
9	5	6	8	8	17	1	16	7	25	
6	16	3	2	
2	20	5	4	
7	18	8	20	4	10	
9	13	7	20	5	19	8	14	0	2	
0	19	2	1	7	2	5	23	6	7	
0	8	4	18	
8	10	6	12	3	9	
1	4	7	23	8	17	
2	11	6	21	5	17	
8	16	
5	21	9	13	
6	6	4	11	
6	3	3	11	5	5	8	14	
9	1	5	20	1	19	0	3	
5	12	4	22	
8	16	1	2	3	22	
6	20	1	13	5	6	4	14	8	21	
9	2	4	18	5	7	
6	19	3	2	7	10	0	1	
1	3	3	6	4	21	9	25	2	22	
5	22	3	11	4	16	7	12	
3	1	
6	22	9	9	1	5	5	13	7	14	
4	2	7	10	5	22	
8	8	2	7	
7	23	9	7	5	25	8	9	
8	21	0	20	6	10	4	5	1	18	
7	14	0	24	
7	2	3	23	9	13	4	15	
1	24	8	20	2	1	
4	8	9	9	1	16	3	3	5	24	
1	15	4	16	
2	22	3	21	4	23	
3	3	5	8	9	2	0	6	
1	15	8	4	
6	11	8	9	3	4	
5	14	
6	25	2	21	8	2	
4	2	6	20	
3	3	
5	18	6	25	7	22	
9	8	3	16	8	19	
5	4	0	19	3	16	9	1	7	14	
7	21	0	12	1	1	
1	14	0	19	
0	19	
1	23	0	1	2	16	5	18	
9	18	7	6	8	4	0	9	1	19	
3	14	8	15	2	7	7	10	
6	8	9	17	3	15	2	16	
1	13	3	8	
0	1	2	9	3	13	6	6	
0	13	5	21	7	22	
6	18	1	5	3	20	8	6	7	19	
0	4	9	22	7	24	4	18	6	9	
5	15	
5	21	6	13	
3	6	4	19	2	24	
3	8	8	10	7	2	1	5	
3	22	
2	8	0	17	8	19	7	11	5	18	
2	23	1	20	
3	2	8	10	5	12	0	15	1	8	
1	7	
1	4	
4	9	
2	2	
8	11	
2	12	4	18	
6	7	5	19	7	2	
1	17	0	6	5	18	3	15	
6	10	7	6	5	9	2	2	8	14	
3	23	8	14	4	1	
1	10	2	14	4	24	0	5	
3	9	8	4	9	3	4	25	
6	14	7	17	4	11	9	21	8	7	
5	4	2	15	9	25	7	5	
7	19	1	5	8	25	
8	22	3	21	7	14	
6	21	3	20	0	9	
7	15	3	13	0	22	
1	15	5	7	9	13	2	9	
0	16	
4	19	3	25	0	15	
0	8	6	10	
4	9	1	3	3	17	
3	14	
2	11	6	22	4	5	
9	2	8	17	1	18	
9	19	
5	15	
0	15	
6	12	0	25	8	15	3	18	
8	25	3	5	2	10	
4	9	
9	19	0	5	8	10	4	12	
5	6	
2	15	5	13	8	14	3	5	
9	5	3	20	
9	5	7	13	
1	23	
5	25	9	7	0	11	
1	23	8	12	9	25	3	1	5	6	
2	16	0	10	
6	11	3	4	9	14	1	8	4	1	
2	20	3	22	6	2	
9	19	
0	8	
7	23	2	1	3	24	
6	21	
2	4	7	23	
2	6	6	16	5	3	
3	20	1	15	
8	25	0	13	1	8	3	1	
0	24	4	11	
2	19	5	5	8	12	3	13	9	10	
7	7	0	6	1	16	3	10	6	25	
0	10	2	11	6	1	9	4	7	7	
5	15	1	25	3	23	
0	2	3	20	
9	19	
6	15	4	16	1	23	9	13	7	3	
0	3	2	21	1	22	
5	25	3	22	1	4	4	6	7	20	
7	11	3	23	4	1	
1	2	4	10	
6	16	
6	9	4	13	3	22	8	24	
5	21	2	1	4	11	
5	1	7	3	6	18	9	5	8	20	
3	6	
9	7	6	3	7	21	
2	4	1	11	6	19	4	17	0	5	
3	3	
7	3	1	7	9	5	4	12	
7	12	6	14	
8	6	5	15	1	12	
7	20	
5	25	1	3	0	10	9	4	4	17	
8	1	
6	8	4	20	9	13	8	5	
5	24	0	10	
6	24	
2	21	
9	17	5	6	6	19	3	13	
3	18	
0	12	9	18	3	21	7	10	
6	19	2	3	8	23	
1	24	4	18	0	8	9	25	
2	16	1	2	5	19	
9	20	5	2	1	18	7	23	8	21	
3	9	2	5	6	14	1	1	
1	11	6	3	7	7	3	13	9	10	
0	22	1	23	4	1	8	8	7	20	
2	21	
7	14	2	3	4	17	0	10	
7	15	0	3	3	10	5	6	4	13	
9	25	2	20	
0	9	1	2	4	22	
9	5	2	15	1	1	
6	9	9	8	
3	13	

Three processing times per job on each machine
The best scenario
772	593	
1076	865	
661	367	
453	970	
275	134	
415	403	
213	340	
132	206	
291	493	
310	159	
173	310	
114	106	
635	408	
320	220	
307	634	
1144	591	
112	71	
164	248	
215	309	
331	668	
515	420	
680	392	
456	653	
777	721	
335	635	
294	231	
451	602	
250	646	
482	351	
177	346	
845	790	
326	1002	
292	259	
125	104	
56	137	
392	327	
425	427	
68	237	
154	30	
107	53	
87	94	
575	822	
450	508	
347	139	
228	440	
301	275	
301	342	
198	394	
209	132	
310	337	
712	440	
640	720	
382	457	
103	409	
60	155	
665	223	
96	180	
378	644	
393	489	
502	1209	
164	321	
685	155	
207	155	
476	301	
333	518	
165	284	
290	430	
128	372	
770	394	
490	281	
243	595	
225	312	
358	258	
384	436	
1046	367	
237	420	
457	282	
572	614	
756	791	
419	962	
785	1056	
253	864	
471	886	
190	392	
448	818	
373	420	
365	562	
966	585	
504	706	
577	262	
496	759	
406	129	
468	467	
472	863	
369	566	
826	409	
627	593	
518	689	
164	83	
732	629	
649	484	
188	76	
312	162	
251	673	
624	637	
458	98	
225	330	
181	430	
996	807	
686	346	
58	177	
982	1179	
446	241	
147	314	
1095	818	
317	504	
334	186	
301	477	
520	492	
237	132	
145	372	
324	568	
894	549	
598	567	
616	339	
179	134	
532	1011	
148	444	
325	553	
193	72	
146	238	
339	173	
130	107	
497	241	
365	471	
496	149	
133	58	
137	238	
613	737	
246	241	
152	134	
212	171	
297	245	
593	754	
436	256	
546	474	
913	320	
546	283	
109	497	
801	857	
536	506	
38	116	
466	183	
422	665	
234	234	
246	174	
78	166	
1088	1004	
667	1242	
42	43	
582	456	
443	715	
107	306	
538	645	
188	61	
717	645	
582	244	
393	363	
765	538	
119	379	
125	91	
499	357	
377	518	
176	412	
182	101	
465	875	
228	329	
397	231	
1236	819	
43	64	
503	370	
718	1075	
464	881	
226	550	
177	406	
506	265	
513	594	
470	522	
634	230	
50	56	
251	467	
226	202	
375	1034	
702	201	
177	182	
594	550	
487	426	
479	847	
919	432	
155	150	
Most likely scenario
1048	879	
1296	1202	
801	578	
521	1035	
375	195	
547	487	
241	351	
238	251	
365	611	
617	215	
246	493	
116	146	
657	580	
630	424	
350	640	
1172	1142	
129	133	
258	471	
309	507	
563	998	
1013	509	
1289	401	
630	688	
784	958	
390	1109	
415	240	
843	1106	
387	704	
652	372	
216	538	
873	990	
391	1061	
480	467	
240	128	
88	177	
564	461	
569	697	
104	324	
182	50	
150	97	
162	158	
797	1017	
507	721	
532	278	
385	698	
530	404	
409	439	
249	430	
244	234	
454	361	
901	656	
1276	879	
388	549	
186	475	
112	244	
921	383	
183	322	
501	916	
408	922	
584	1282	
215	410	
701	271	
275	255	
558	472	
652	565	
208	446	
323	750	
251	604	
804	624	
552	445	
329	956	
443	407	
433	429	
388	543	
1127	661	
256	774	
494	310	
616	859	
883	805	
637	1047	
1458	1441	
288	898	
735	903	
358	490	
831	1185	
557	742	
486	638	
984	886	
557	716	
587	474	
610	761	
527	230	
638	821	
886	986	
701	875	
1139	570	
705	1001	
655	845	
165	90	
799	778	
951	601	
313	104	
343	234	
359	676	
1199	852	
580	190	
334	621	
301	776	
1184	1056	
865	406	
106	203	
1273	1225	
572	398	
160	450	
1294	1246	
362	783	
490	246	
331	479	
789	824	
271	248	
261	465	
336	1039	
1046	954	
719	708	
867	358	
321	248	
633	1105	
291	471	
561	672	
200	135	
276	349	
344	237	
140	108	
639	281	
425	500	
645	181	
183	110	
170	342	
1002	1059	
462	416	
233	169	
327	336	
503	414	
873	1039	
528	270	
884	647	
1046	406	
574	454	
195	546	
871	919	
597	654	
74	173	
469	216	
494	1279	
272	251	
289	341	
103	176	
1283	1325	
1208	1284	
82	70	
635	763	
714	842	
163	536	
798	766	
223	103	
1000	926	
747	328	
671	370	
775	600	
166	692	
168	99	
819	653	
417	715	
246	482	
188	131	
670	1292	
382	497	
436	377	
1325	1206	
53	80	
634	438	
1225	1252	
835	938	
234	697	
330	555	
563	454	
849	635	
537	541	
793	367	
92	107	
403	571	
374	218	
392	1169	
717	320	
312	258	
641	749	
910	518	
624	1106	
1051	451	
239	151	
The worst scenario
1452	961	
1304	1259	
956	811	
692	1206	
403	230	
562	513	
320	469	
285	274	
457	646	
881	223	
295	664	
165	148	
849	619	
772	542	
430	778	
1448	1517	
189	191	
267	608	
365	575	
785	1376	
1089	581	
1696	436	
927	1004	
1084	1035	
399	1166	
433	266	
987	1200	
562	1022	
769	481	
275	628	
1091	1222	
497	1177	
483	676	
263	149	
95	234	
752	527	
797	1022	
126	412	
246	68	
167	139	
227	167	
853	1170	
746	894	
627	359	
439	1036	
732	515	
491	554	
257	564	
346	296	
678	473	
975	795	
1380	1062	
432	642	
278	541	
137	269	
1305	531	
224	381	
579	1007	
565	1372	
787	1898	
257	462	
849	361	
408	261	
735	650	
962	844	
298	527	
329	835	
354	680	
866	730	
796	634	
442	1092	
553	546	
436	568	
398	671	
1296	909	
310	981	
680	434	
655	1101	
1223	1044	
795	1117	
1716	1590	
330	1225	
745	1019	
433	712	
1081	1697	
616	752	
612	667	
1164	1098	
558	773	
717	557	
904	832	
632	318	
927	1039	
1282	1016	
882	972	
1365	810	
964	1342	
915	893	
214	107	
854	1090	
1391	855	
423	141	
474	307	
501	986	
1447	901	
774	266	
425	848	
369	890	
1470	1477	
1270	413	
157	269	
1501	1351	
629	572	
239	622	
1683	1481	
512	1076	
513	327	
454	508	
1147	1034	
392	270	
376	631	
407	1405	
1189	1429	
854	982	
1046	460	
398	314	
724	1490	
414	697	
781	902	
225	165	
384	381	
362	307	
141	125	
868	326	
532	694	
850	243	
241	154	
228	397	
1125	1544	
490	486	
345	227	
440	414	
512	464	
912	1472	
545	293	
1041	753	
1085	532	
701	533	
272	806	
1027	1240	
660	930	
109	183	
695	219	
651	1534	
406	319	
341	372	
132	205	
1571	1774	
1493	1578	
102	96	
711	1021	
864	914	
181	710	
1041	916	
305	133	
1167	1379	
765	392	
741	371	
861	836	
218	755	
244	132	
1132	874	
448	868	
247	633	
202	182	
914	1475	
490	728	
469	414	
1770	1572	
79	110	
764	558	
1369	1661	
1241	1028	
326	1012	
460	767	
591	582	
947	790	
700	640	
1123	484	
100	111	
499	818	
543	296	
518	1350	
813	467	
372	262	
911	875	
1034	707	
934	1445	
1341	556	
352	189	
