Factories	3	Jobs	150	Machines	3

Total number of component types per job processed by HSPM
8	5	10	6	7	9	11	11	12	9	6	12	9	6	11	12	9	5	5	5	7	11	11	12	11	8	11	12	6	7	7	10	8	5	8	9	8	8	11	7	12	10	9	7	9	6	11	9	5	10	6	7	11	5	11	9	8	11	10	11	12	6	8	5	10	8	6	11	11	7	5	7	7	8	6	12	6	7	7	12	7	5	11	12	7	11	8	5	12	6	7	7	10	11	8	10	6	5	5	5	9	5	7	10	7	10	6	9	8	9	5	5	7	6	12	12	9	12	11	10	8	9	11	8	9	6	7	9	11	5	11	6	10	11	12	10	10	9	8	8	7	6	7	12	12	7	10	7	11	9	

Total number of component types per job processed by MFPM
3	5	3	2	1	1	3	1	2	1	4	3	4	3	3	5	3	3	5	1	5	5	1	3	1	1	1	3	4	3	5	4	1	2	1	5	3	5	4	2	3	2	4	4	5	1	3	3	5	1	3	4	2	3	2	4	4	4	5	1	1	4	4	3	2	2	5	5	3	1	4	1	1	4	3	5	3	5	3	1	1	4	2	1	5	5	5	5	1	3	5	2	5	3	5	4	2	2	1	4	3	5	2	3	5	5	3	3	1	2	2	5	2	1	1	4	4	2	5	4	2	4	2	5	4	3	3	5	1	3	1	1	5	5	1	1	4	1	5	1	4	2	5	1	1	5	5	2	5	1	5	5	1	1	1	1	3	3	5	1	2	4	3	5	3	2	5	1	5	2	4	5	3	2	4	3	3	2	4	2	1	1	1	3	5	5	2	2	4	4	2	4	4	3	4	4	4	4	5	5	4	2	2	4	3	4	3	4	3	3	1	5	3	1	4	1	1	4	1	1	4	1	4	1	2	3	5	2	4	3	3	1	3	4	1	4	2	2	4	4	1	1	1	1	1	4	3	4	4	3	3	5	2	5	2	2	2	4	3	1	4	3	2	3	5	5	3	5	3	5	1	1	5	3	3	3	2	5	1	2	1	1	3	3	4	4	5	5	3	1	1	2	3	1	3	2	3	1	4	1	

All component type numbers for each job to be processed by HSPM
19	47	5	24	11	2	12	75	16	22	2	12	13	64	7	59	
18	29	13	60	11	7	15	25	8	21	
10	63	16	14	18	57	2	2	9	52	7	54	13	72	1	16	11	42	17	67	
11	34	1	50	16	21	12	68	7	38	8	73	
11	24	1	69	4	18	15	56	13	7	12	65	10	36	
8	38	2	23	14	11	6	66	19	60	1	32	11	71	18	44	16	5	
7	26	2	72	8	73	9	66	5	68	14	55	12	23	16	61	0	28	19	49	1	21	
1	70	13	63	12	54	17	66	15	35	0	61	4	16	10	55	11	45	8	31	18	36	
3	28	7	1	9	63	6	3	15	17	12	2	13	42	10	71	8	73	17	60	0	29	19	26	
12	73	0	34	16	70	11	72	18	4	19	47	13	33	14	45	5	62	
8	8	4	10	17	40	2	15	14	24	18	38	
1	44	0	40	2	60	18	75	11	64	14	1	8	18	3	17	12	34	16	61	13	70	9	68	
5	19	0	9	18	31	7	47	2	68	12	38	19	63	6	12	9	10	
7	7	10	67	0	59	6	29	16	42	4	44	
8	19	13	35	7	43	3	41	6	67	17	42	11	29	18	1	4	30	15	28	0	64	
7	4	11	30	18	22	19	14	14	21	4	57	9	28	5	64	0	20	8	15	2	50	12	62	
8	25	4	17	17	6	12	24	13	30	14	47	19	52	15	66	9	50	
13	15	18	16	8	32	12	69	11	65	
10	27	15	1	17	51	2	70	11	48	
18	55	15	63	11	4	16	10	1	48	
3	48	6	10	4	35	10	30	9	24	17	61	11	54	
5	55	9	20	14	38	19	52	4	53	0	25	6	50	7	58	12	72	3	29	13	23	
4	25	18	21	8	7	7	66	15	65	13	31	19	10	16	46	17	18	3	54	10	17	
13	46	18	27	4	62	2	53	6	63	16	13	0	42	15	69	17	32	3	5	14	31	7	7	
17	46	11	71	8	33	9	15	1	75	2	44	6	60	18	14	3	12	15	39	5	32	
6	6	13	50	16	70	4	51	2	61	3	29	15	10	17	9	
13	68	1	35	16	29	7	15	11	61	4	30	5	22	19	5	9	53	12	7	8	49	
8	27	3	59	13	71	9	24	15	22	1	56	17	7	16	23	12	32	5	48	11	12	10	69	
14	74	6	64	10	18	4	71	13	3	2	32	
6	36	0	7	16	33	14	67	18	59	8	12	11	70	
18	27	19	4	1	10	4	75	3	34	12	19	10	13	
8	6	9	7	10	40	7	67	4	29	3	27	15	2	6	13	13	57	17	35	
16	47	12	33	2	67	11	71	6	58	4	48	1	6	10	34	
13	12	16	3	5	36	17	18	7	16	
13	11	16	29	17	24	7	7	19	66	6	53	0	6	3	52	
4	4	16	9	18	63	17	13	6	36	19	67	8	29	14	20	7	17	
18	57	1	46	8	59	4	26	17	73	12	61	15	33	16	28	
5	43	17	71	13	8	2	57	0	28	11	56	16	50	18	53	
13	13	14	47	8	17	7	34	0	74	1	68	17	8	3	9	2	65	15	45	5	15	
1	36	3	60	14	55	19	70	6	19	8	54	2	72	
14	19	1	56	16	20	15	36	12	74	9	69	0	18	7	70	4	8	13	7	11	52	5	28	
6	37	4	63	5	28	13	13	19	34	12	72	15	8	11	48	2	15	17	3	
1	28	5	64	8	61	11	60	3	43	15	30	4	26	6	16	19	55	
16	6	17	33	6	73	3	7	14	48	9	36	15	61	
4	19	19	38	12	4	11	54	16	51	14	33	13	72	7	44	15	34	
14	35	13	56	10	20	9	38	4	23	2	18	
2	35	19	18	7	8	12	53	9	74	16	45	18	37	6	7	11	17	3	68	13	20	
19	16	11	50	10	44	2	63	1	25	16	6	12	46	18	36	0	30	
7	8	11	7	19	71	8	75	16	14	
16	40	6	70	15	60	13	4	7	28	0	37	10	11	3	43	18	48	8	55	
19	40	16	50	9	6	14	26	1	37	7	16	
6	30	11	36	3	24	18	12	10	33	1	48	7	44	
6	25	12	65	16	7	11	66	10	40	8	12	14	52	1	17	9	29	13	30	7	23	
15	61	10	56	7	70	5	59	11	69	
19	8	0	36	18	44	2	70	10	66	14	28	3	61	6	57	8	31	1	58	5	17	
0	66	2	38	10	39	16	37	9	68	4	43	1	20	15	19	12	21	
15	31	18	75	19	64	10	45	9	59	12	6	8	19	1	53	
0	19	5	34	17	20	16	26	12	7	10	62	6	74	11	31	13	29	15	43	9	39	
14	69	2	59	15	32	0	14	11	6	3	57	8	25	9	68	16	64	13	16	
15	53	1	73	4	14	5	71	18	51	0	38	12	68	3	22	7	1	16	45	19	57	
18	73	17	40	5	53	11	64	14	68	16	26	13	75	4	19	3	38	6	6	1	15	8	61	
0	57	1	44	14	31	8	50	9	42	5	33	
8	68	10	42	4	3	5	20	6	28	11	13	7	11	15	31	
13	67	14	10	17	49	6	51	10	48	
1	60	16	18	12	44	7	15	3	36	11	48	19	66	2	28	15	45	10	38	
19	22	12	48	18	67	6	39	5	49	16	32	14	52	13	56	
6	25	2	67	8	58	7	37	17	66	3	47	
19	30	1	24	8	66	17	14	18	60	12	54	2	36	7	45	3	5	4	25	11	57	
0	13	10	4	9	30	16	2	11	25	6	32	1	8	4	49	18	16	3	45	12	64	
16	2	14	31	3	59	1	53	18	50	4	39	17	5	
16	35	15	59	7	32	4	13	0	11	
4	15	10	12	13	7	15	73	14	51	9	72	6	28	
1	68	6	36	18	43	2	30	5	24	7	19	11	28	
14	48	16	57	8	39	18	1	9	2	2	74	3	33	6	69	
19	14	4	73	0	45	10	66	7	46	8	75	
12	22	6	58	0	68	7	64	15	10	14	45	17	49	3	71	1	41	11	53	5	11	8	48	
19	8	16	27	7	19	9	16	14	59	8	31	
10	67	3	53	14	33	16	2	19	31	1	10	17	19	
6	35	15	74	10	45	11	73	16	67	19	52	4	55	
2	44	16	32	17	33	6	15	15	6	10	46	13	73	1	35	0	20	3	2	5	71	12	70	
16	25	0	73	11	17	8	62	18	35	3	34	2	15	
8	62	9	37	14	14	11	23	18	1	
5	40	4	32	2	62	0	16	18	41	3	47	19	68	9	27	16	22	1	42	14	55	
12	34	16	6	9	32	3	10	13	17	2	57	7	54	6	5	17	43	15	73	11	47	1	25	
5	7	13	34	7	9	19	62	8	49	12	64	3	55	
4	3	17	64	15	44	8	74	6	10	19	36	5	31	7	12	2	67	12	33	10	60	
3	7	14	49	8	36	2	20	19	60	15	46	16	71	7	44	
0	42	16	3	12	51	5	38	8	56	
7	58	11	26	3	30	14	64	0	35	13	9	19	36	4	57	9	42	12	33	6	54	18	61	
17	23	1	74	13	30	19	48	8	19	11	57	
3	9	4	57	18	24	2	74	0	60	5	45	9	69	
10	29	0	3	17	37	6	22	15	47	16	71	9	13	
13	57	14	18	6	37	12	30	17	56	3	68	0	41	19	67	18	74	15	6	
17	74	5	45	4	32	19	30	0	60	15	3	11	65	9	69	2	55	8	7	3	29	
1	70	12	64	7	55	14	19	18	58	19	47	13	54	5	40	
2	40	0	43	18	73	9	7	4	33	13	27	12	45	11	26	17	61	16	56	
2	55	0	47	6	52	10	13	5	65	18	25	
17	52	18	43	6	33	9	1	4	55	
11	14	10	5	3	72	12	24	19	63	
5	61	12	26	10	35	16	5	11	9	
8	50	2	34	14	35	3	62	13	38	7	58	9	65	4	2	15	8	
18	1	14	62	15	41	10	49	17	11	
13	73	0	22	3	55	5	67	8	12	14	21	16	2	
7	44	11	3	4	24	6	18	2	60	14	37	16	27	0	21	12	54	18	68	
18	36	9	25	10	34	4	22	13	10	12	17	15	28	
2	2	0	32	3	74	5	16	16	26	15	3	7	10	8	65	13	45	10	40	
7	54	10	56	11	33	12	41	17	23	18	15	
15	72	16	22	2	13	13	30	8	34	1	53	0	73	9	7	10	43	
19	4	10	60	6	41	0	40	17	63	16	74	1	5	7	49	
16	38	7	23	9	26	15	62	4	65	1	55	19	51	11	8	0	7	
9	47	5	32	19	35	10	2	16	69	
16	20	11	44	3	1	5	34	14	74	
10	37	17	42	11	25	15	75	19	63	6	64	8	67	
11	73	8	37	3	62	2	72	0	18	5	45	
14	50	5	11	9	66	15	26	10	40	6	31	19	72	2	61	1	56	7	34	8	38	0	18	
11	72	16	75	6	28	5	46	18	68	12	50	10	56	1	4	0	41	9	18	4	66	19	5	
19	63	16	6	10	42	11	67	18	32	3	46	4	33	2	48	1	74	
10	51	7	32	8	55	9	52	19	37	16	34	12	2	13	44	0	56	5	6	18	39	3	19	
7	31	2	23	17	12	1	65	11	75	9	30	12	32	8	13	18	71	19	5	4	47	
11	62	17	48	12	9	8	11	19	49	0	22	1	73	18	10	13	47	6	46	
0	29	16	75	8	32	17	64	11	55	3	54	5	39	9	23	
3	15	12	52	7	23	0	50	18	13	4	18	6	59	17	8	8	69	
17	58	16	12	5	30	12	24	1	65	11	62	7	52	0	18	6	27	8	47	13	72	
19	69	14	60	5	26	6	34	0	17	12	68	2	40	11	11	
17	8	7	10	6	63	4	60	15	55	16	44	19	25	13	41	12	54	
18	51	15	30	17	47	1	48	13	23	6	12	
6	25	7	41	9	19	16	29	1	1	10	73	13	12	
8	7	9	45	19	3	15	50	6	68	3	75	1	38	10	66	16	23	
2	57	11	22	0	59	8	18	9	40	7	36	13	20	19	6	12	1	3	47	15	44	
3	23	8	65	9	46	0	64	16	52	
7	50	9	61	17	44	6	20	13	57	14	33	8	16	15	63	12	23	5	9	19	38	
18	12	2	47	0	7	9	71	13	39	4	4	
12	67	0	70	17	66	16	17	9	69	19	29	14	5	5	32	6	24	1	20	
9	59	13	38	4	63	12	9	7	33	17	1	14	50	16	6	8	72	15	27	2	10	
18	39	17	33	4	29	14	72	11	71	6	27	9	28	19	42	8	35	16	56	10	59	13	61	
13	49	17	1	15	73	2	61	12	54	1	60	5	12	19	11	8	50	9	71	
9	52	8	62	10	23	4	11	14	50	5	73	7	71	2	32	0	33	17	1	
1	1	15	58	5	7	12	24	4	36	2	74	16	72	10	73	0	2	
10	29	15	20	1	22	14	13	9	9	3	26	13	56	8	32	
3	57	8	33	12	72	13	16	17	43	9	48	19	27	10	24	
9	75	19	38	10	12	18	42	13	11	14	61	12	55	
6	33	2	13	19	72	5	40	3	32	7	56	
13	9	16	38	0	73	4	1	18	6	8	71	11	8	
0	14	13	71	4	56	16	16	7	1	14	38	18	50	3	52	2	35	8	23	11	13	10	20	
0	63	17	30	3	16	14	5	9	60	2	43	12	74	11	58	6	27	18	61	7	4	16	41	
13	16	1	23	4	74	11	40	10	50	14	6	5	8	
1	23	12	47	14	31	13	71	7	5	17	42	8	55	0	69	9	24	2	17	
0	60	7	67	2	30	10	3	18	55	16	72	11	26	
12	57	11	60	3	12	13	51	1	25	19	54	9	67	15	3	14	8	7	52	0	44	
3	30	6	70	16	35	13	46	7	74	5	19	15	26	1	40	14	66	

All component type numbers for each job to be processed by MFPM
6	8	5	23	1	15	
5	32	0	47	4	35	7	31	2	33	
3	23	8	4	5	1	
4	27	9	36	
1	24	
1	47	
2	16	7	6	4	20	
5	35	
9	18	8	6	
1	32	
4	1	8	9	7	10	9	14	
1	41	4	34	8	37	
4	15	9	16	0	23	5	1	
1	43	2	36	0	32	
2	21	5	7	3	22	
1	30	3	37	7	36	0	50	2	41	
7	24	4	3	1	18	
9	34	8	48	2	31	
0	2	6	6	9	7	7	12	3	11	
7	45	
5	8	1	19	7	11	2	10	4	17	
9	40	3	31	0	30	8	37	7	29	
4	22	
6	43	0	27	2	49	
5	24	
5	33	
4	18	
1	42	0	47	4	38	
8	13	1	6	5	17	0	5	
6	33	4	46	7	45	
2	3	7	16	5	18	8	17	6	22	
7	30	9	48	1	49	8	37	
8	21	
7	44	2	31	
0	5	
2	39	9	28	1	44	7	42	4	37	
9	15	2	3	8	14	
4	34	2	33	3	40	5	49	7	42	
8	5	6	2	0	10	9	17	
3	32	7	35	
4	19	8	12	0	21	
7	37	4	49	
7	7	6	13	1	16	8	10	
0	35	8	44	4	30	5	29	
2	9	6	6	4	14	8	1	1	7	
1	32	
3	21	2	19	0	18	
7	35	9	29	3	49	
9	22	3	3	5	18	2	20	0	23	
5	38	
7	6	9	16	0	18	
0	32	4	38	6	48	8	26	
3	12	0	5	
0	34	9	37	3	30	
1	1	5	23	
4	49	3	34	0	45	6	35	
5	2	7	11	6	3	4	4	
4	33	2	32	8	40	9	50	
0	21	4	25	6	1	8	5	5	15	
1	43	
4	20	
8	40	6	47	5	31	2	42	
7	8	1	15	5	9	2	16	
4	41	8	32	6	50	
8	15	4	22	
1	44	3	43	
1	20	6	18	3	14	9	21	8	3	
5	44	6	40	8	39	3	37	9	45	
3	16	5	25	6	21	
3	45	
5	22	1	12	2	2	0	25	
3	39	
0	13	
9	27	6	41	1	35	2	33	
5	15	7	12	3	8	
5	33	7	30	3	45	2	50	9	47	
9	9	4	2	3	6	
6	41	4	38	1	33	2	45	5	26	
2	2	1	24	3	25	
8	35	
5	4	
2	41	5	49	4	50	7	47	
3	1	6	11	
8	35	
2	20	4	17	7	21	8	7	1	6	
9	45	6	46	8	31	5	48	3	40	
6	5	2	16	4	18	1	3	5	2	
4	45	6	49	0	38	2	26	5	28	
9	15	
0	46	1	39	2	44	
4	9	7	3	8	25	6	24	1	16	
1	41	9	49	
3	7	5	25	8	21	1	22	9	2	
1	32	8	27	7	43	
1	8	4	13	0	18	9	15	3	20	
9	40	7	32	0	37	1	46	
5	25	8	2	
8	33	7	40	
9	17	
2	30	3	36	5	32	0	42	
4	19	9	2	1	8	
5	49	9	46	6	33	1	50	0	48	
0	2	6	8	
1	45	2	42	6	40	
3	7	6	3	7	22	5	8	2	16	
4	47	5	33	1	30	9	42	0	46	
0	17	9	11	2	23	
8	26	0	28	1	40	
1	20	
3	42	4	32	
7	7	8	23	
8	42	6	41	3	35	5	29	4	44	
9	4	1	20	
3	37	
5	10	
1	26	6	43	8	47	9	41	
0	2	4	17	5	3	7	10	
6	34	5	37	
7	20	4	15	2	16	6	7	5	8	
5	40	8	50	9	32	3	29	
6	9	7	16	
3	39	6	41	7	36	9	27	
7	3	6	7	
4	37	3	41	7	32	9	43	8	42	
5	17	6	24	1	10	8	7	
5	28	7	43	1	42	
6	3	0	17	5	9	
0	46	9	38	2	43	4	42	3	49	
6	17	
7	42	1	46	5	30	
9	14	
6	28	
4	7	9	19	6	21	8	5	1	10	
4	45	2	37	8	30	6	41	0	34	
5	15	
5	50	
7	22	3	11	6	24	9	19	
5	44	
8	14	3	9	6	5	2	24	1	19	
9	44	
5	10	3	23	1	19	8	24	
4	38	8	47	
2	3	8	14	6	22	0	16	5	23	
5	38	
0	15	
2	50	9	33	3	31	1	27	6	30	
6	15	7	22	4	3	3	8	8	14	
9	47	6	48	
9	12	2	10	6	1	0	3	7	8	
9	29	
9	12	0	19	5	25	8	3	2	20	
6	34	8	26	9	48	4	46	7	47	
8	2	
8	33	
9	16	
9	31	
1	21	7	8	2	24	
4	39	8	33	2	45	
0	23	4	18	9	25	6	22	8	17	
5	38	
6	5	1	6	
2	42	3	30	6	50	0	35	
5	5	4	1	7	11	
2	36	9	47	3	31	7	28	5	26	
6	14	7	4	9	15	
6	47	3	34	
4	20	0	5	2	9	5	13	3	8	
6	39	
1	24	8	3	7	20	2	1	0	22	
5	44	2	38	
4	21	8	9	3	23	5	25	
0	40	9	32	1	46	3	30	7	45	
9	7	8	12	2	6	
5	35	8	46	
9	4	8	16	1	11	0	5	
2	27	0	34	5	47	
0	3	9	5	1	24	
6	41	9	29	
0	1	8	4	9	14	1	11	
2	28	8	49	
7	25	
7	49	
0	22	
1	50	3	42	8	38	
0	16	5	9	9	12	8	17	6	19	
7	44	4	47	9	42	6	26	2	34	
4	19	3	22	
4	32	2	30	
7	19	2	8	3	1	0	24	
1	26	3	38	9	36	7	48	
9	4	4	1	
9	41	3	32	5	30	0	28	
4	17	8	24	9	14	2	9	
8	26	2	33	5	50	
8	8	7	19	1	10	2	9	
9	31	2	41	1	34	6	32	
8	16	3	20	2	7	5	15	
8	46	2	40	7	47	1	43	
1	2	3	22	0	17	7	1	5	13	
6	45	3	31	1	43	9	50	0	36	
7	12	0	18	2	5	6	8	
7	44	2	47	
8	16	7	5	
4	43	9	50	8	47	7	34	
7	11	3	4	2	16	
1	45	3	46	8	33	2	37	
1	5	4	12	8	9	
9	44	6	37	4	47	2	45	
4	7	2	21	0	17	
8	31	2	47	4	28	
3	25	
5	38	0	33	4	35	2	45	1	41	
6	21	5	9	0	25	
6	44	
0	21	3	7	6	24	7	4	
7	40	
2	6	
2	30	7	38	5	33	9	37	
5	24	
5	27	
9	1	5	18	3	24	7	20	
4	49	
0	6	1	24	2	19	5	7	
1	30	
8	1	9	3	
3	30	8	29	4	42	
3	13	8	18	9	2	1	6	7	17	
8	32	4	28	
4	7	8	1	7	4	5	14	
6	50	3	48	2	39	
6	6	5	25	1	3	
2	39	
0	5	7	4	9	23	
6	28	8	42	2	32	1	49	
2	4	
6	28	3	29	1	39	0	47	
0	20	5	4	
3	38	1	41	
2	14	1	17	0	24	5	5	
5	30	6	32	8	49	9	41	
7	19	
0	46	
6	10	
6	33	
4	24	
3	38	6	35	7	34	4	43	
1	6	5	23	4	14	
8	40	3	43	2	44	4	26	
8	14	9	12	2	6	1	15	
2	40	7	29	5	49	
1	16	0	14	6	20	
0	50	7	48	2	32	9	39	4	40	
1	8	0	4	
8	39	7	44	6	30	5	34	1	46	
6	13	3	5	
8	47	0	40	
7	23	0	19	
1	39	7	45	4	48	6	41	
6	15	0	21	3	10	
5	39	
7	9	8	3	4	17	1	25	
9	37	4	42	1	29	
8	14	7	7	
0	38	9	31	5	30	
5	3	2	16	6	15	9	2	8	14	
3	49	8	33	9	32	5	26	0	27	
2	7	5	20	1	10	
2	32	8	42	3	39	6	43	5	26	
3	5	2	24	8	11	
1	41	5	50	0	47	3	28	6	49	
2	21	
7	42	
9	9	3	20	0	24	2	10	1	16	
3	26	6	46	2	28	
4	7	3	14	5	9	
0	50	4	46	9	38	
3	5	9	15	
5	50	8	28	6	32	0	30	7	33	
6	21	
8	37	3	41	
4	15	
5	36	
9	17	2	2	1	19	
1	28	7	49	3	45	
7	8	5	2	9	22	2	14	
4	45	6	30	9	28	0	43	
0	20	9	23	5	13	4	15	8	14	
5	44	9	36	6	26	3	43	8	34	
9	3	3	24	5	10	
5	47	
1	25	
4	28	6	49	
4	19	7	17	6	22	
9	34	
1	13	8	4	0	7	
8	29	2	33	
9	14	6	20	2	19	
1	45	
8	5	4	11	1	19	6	16	
7	36	

Three processing times per job on each machine
The best scenario
79	111	145	
269	501	886	
660	441	595	
414	534	251	
275	251	396	
223	596	315	
351	266	582	
990	713	437	
100	139	435	
559	243	278	
288	206	201	
617	268	872	
531	356	235	
347	299	378	
716	338	331	
514	429	505	
860	901	675	
321	1352	704	
85	174	231	
619	455	714	
204	103	93	
112	271	212	
351	923	255	
186	59	189	
679	599	896	
324	522	447	
153	353	308	
311	233	170	
395	376	215	
180	73	57	
256	214	52	
379	473	622	
548	555	480	
536	549	265	
362	217	313	
636	653	567	
278	692	364	
237	386	485	
140	192	310	
789	811	776	
904	222	369	
861	284	765	
647	363	725	
842	333	1165	
509	562	734	
119	58	175	
189	230	489	
366	573	595	
581	235	406	
903	928	657	
130	235	213	
665	810	895	
216	195	257	
520	943	148	
236	304	318	
257	204	273	
582	452	363	
295	212	442	
238	132	285	
211	224	235	
625	268	187	
184	236	634	
604	397	643	
204	49	97	
370	498	289	
368	402	187	
378	412	326	
56	205	297	
238	312	351	
136	143	115	
50	176	130	
492	129	740	
48	64	56	
479	357	329	
687	555	992	
466	1182	463	
268	440	300	
287	411	171	
123	250	81	
502	512	279	
489	269	522	
386	120	116	
372	315	91	
387	361	659	
584	340	790	
540	815	911	
836	847	874	
558	424	323	
684	265	1035	
540	619	881	
197	477	344	
90	122	61	
140	95	200	
172	240	917	
223	431	576	
735	665	805	
290	334	470	
429	446	349	
164	402	218	
114	101	155	
297	75	139	
399	379	206	
205	485	641	
563	1019	851	
101	219	85	
1044	745	808	
265	844	1041	
1217	635	303	
458	1031	430	
650	367	256	
926	494	159	
562	709	776	
577	342	334	
392	550	187	
68	208	158	
604	555	193	
229	345	154	
367	332	912	
64	94	145	
428	822	616	
593	431	250	
861	559	691	
534	508	644	
1273	348	584	
179	99	157	
228	467	380	
375	630	355	
429	839	529	
697	534	869	
876	761	1111	
147	129	196	
194	57	167	
373	297	312	
482	543	586	
824	708	246	
566	505	600	
364	264	283	
99	70	100	
224	297	170	
718	787	748	
348	191	69	
229	345	498	
401	833	556	
306	238	645	
1083	512	1333	
406	129	141	
255	202	219	
157	440	138	
137	133	132	
58	177	48	
Most likely scenario
81	168	177	
328	656	902	
998	775	896	
453	894	297	
527	276	419	
260	748	379	
363	517	604	
1323	994	664	
159	203	487	
578	365	379	
419	297	377	
654	448	889	
802	512	453	
349	513	657	
823	654	367	
813	749	756	
1207	1078	1325	
463	1372	913	
130	202	241	
688	778	1354	
310	107	109	
174	288	222	
501	1166	346	
362	103	353	
823	909	1001	
412	549	753	
249	373	330	
328	248	204	
501	494	333	
195	75	58	
297	237	99	
591	744	719	
965	1005	872	
652	571	472	
525	317	315	
847	965	1003	
525	1047	699	
341	735	842	
166	238	377	
1055	1273	788	
925	440	492	
958	438	1025	
867	544	822	
1063	354	1228	
697	590	872	
169	87	189	
305	282	800	
432	616	632	
635	305	698	
1325	1279	897	
165	339	260	
690	1060	1125	
277	240	297	
742	1052	292	
447	424	334	
260	274	417	
620	588	373	
304	329	586	
286	236	480	
227	396	267	
767	357	303	
343	303	662	
976	491	1217	
210	69	136	
444	571	543	
388	542	357	
435	458	350	
107	253	370	
284	533	409	
173	148	128	
91	221	144	
508	252	804	
53	93	74	
712	410	444	
879	578	1495	
880	1277	724	
284	476	318	
509	663	176	
161	303	152	
768	637	420	
894	306	996	
555	151	232	
497	495	171	
681	435	697	
671	569	1060	
563	1031	1151	
1089	1110	987	
676	662	594	
936	464	1316	
630	699	925	
236	909	650	
129	138	64	
144	102	270	
336	280	1095	
303	630	793	
1039	728	855	
327	402	615	
662	594	405	
287	438	433	
150	131	187	
303	129	241	
510	411	366	
263	799	815	
596	1069	1002	
141	257	133	
1360	969	1021	
522	868	1329	
1353	1198	478	
682	1047	548	
800	407	338	
1077	862	295	
779	871	886	
657	441	411	
774	962	356	
83	232	272	
637	877	317	
432	388	236	
449	651	985	
88	101	159	
498	1483	875	
930	593	352	
1039	927	715	
812	527	669	
1431	600	722	
247	127	183	
334	600	636	
543	631	405	
526	856	579	
877	716	984	
1056	897	1378	
172	187	303	
288	104	184	
693	363	594	
779	647	1160	
973	807	267	
602	560	634	
690	432	538	
147	112	112	
319	384	192	
958	1346	1304	
380	200	132	
313	415	586	
505	1008	1078	
494	452	684	
1337	747	1364	
478	143	164	
379	321	342	
289	584	213	
210	154	139	
70	224	59	
The worst scenario
89	208	203	
422	911	1185	
1456	818	1053	
507	927	322	
785	338	587	
372	1083	504	
382	542	865	
1647	1135	747	
162	239	662	
829	511	413	
523	346	490	
770	508	1179	
1047	723	514	
423	518	825	
936	655	460	
1160	1069	956	
1768	1427	1650	
634	1585	1101	
195	230	339	
804	994	1973	
452	120	163	
192	336	309	
691	1689	475	
513	133	465	
1173	1254	1264	
588	552	1025	
255	556	372	
412	263	227	
745	660	442	
210	79	72	
349	322	130	
669	1026	983	
1155	1321	1299	
721	760	613	
784	376	358	
1213	1367	1408	
713	1150	903	
421	994	1106	
214	329	421	
1436	1454	853	
1023	508	713	
1263	557	1288	
967	638	977	
1471	470	1727	
987	823	1227	
233	126	191	
452	375	977	
645	856	830	
728	444	1020	
1573	1347	920	
216	505	306	
722	1291	1368	
316	244	383	
893	1228	365	
500	584	386	
376	366	424	
717	787	464	
322	473	736	
290	269	495	
340	452	387	
1092	508	377	
479	402	805	
1099	500	1618	
307	82	174	
509	642	695	
451	705	451	
436	613	400	
111	265	412	
379	625	605	
220	156	155	
104	255	178	
566	261	983	
65	113	93	
963	536	618	
1261	692	1789	
1196	1867	844	
297	524	343	
595	794	244	
239	445	198	
925	871	531	
1164	404	1211	
778	154	272	
573	549	183	
885	452	819	
999	720	1269	
697	1187	1629	
1400	1589	1292	
859	948	739	
1121	500	1514	
697	706	1355	
338	1208	714	
158	152	90	
203	109	368	
471	358	1432	
443	725	1003	
1313	985	1071	
382	508	841	
779	656	539	
337	636	639	
200	146	204	
350	153	361	
592	531	435	
276	944	1142	
655	1482	1468	
166	261	169	
1844	1076	1184	
692	1104	1720	
1359	1238	658	
771	1140	789	
1046	603	492	
1413	1158	351	
1078	902	918	
927	485	501	
795	1047	459	
108	310	399	
697	1066	453	
612	546	324	
513	813	1066	
126	143	189	
603	2095	1146	
1012	885	354	
1287	1094	846	
1013	598	868	
1986	816	752	
249	162	217	
483	668	639	
649	911	576	
567	969	712	
1144	858	999	
1118	1257	1552	
237	261	364	
350	155	262	
782	444	637	
1055	893	1696	
1325	869	364	
814	801	913	
708	638	726	
185	114	132	
436	440	272	
1296	1598	1908	
425	240	167	
469	499	805	
718	1500	1181	
669	655	898	
1781	811	2014	
494	187	246	
390	409	396	
313	858	262	
295	173	204	
79	232	69	
