Factories	6	Jobs	100	Machines	3

Total number of component types per job processed by HSPM
12	11	6	7	6	12	12	7	9	12	12	10	6	6	11	10	12	9	12	12	7	10	12	8	10	5	9	10	8	8	7	7	7	8	11	12	7	9	11	12	10	8	5	8	12	11	8	12	5	11	9	8	12	9	6	12	6	7	8	7	8	8	12	10	9	10	10	8	11	11	10	9	12	10	12	7	8	7	7	9	9	6	5	6	9	8	5	12	7	11	8	10	9	11	7	10	9	8	5	11	

Total number of component types per job processed by MFPM
3	4	5	3	5	4	2	2	1	1	3	5	4	2	2	1	2	3	1	3	1	2	1	1	2	5	3	2	5	3	3	2	4	1	1	5	5	3	2	2	5	3	5	5	1	5	5	4	3	1	4	2	5	5	1	2	3	1	3	3	1	4	1	5	4	1	2	5	4	2	3	5	1	5	1	4	4	2	3	5	1	2	3	4	1	1	2	5	1	4	4	5	4	3	5	2	1	2	3	5	3	1	2	4	5	1	4	3	1	1	1	1	4	5	5	4	1	1	4	3	5	2	4	4	2	4	1	2	2	1	1	5	2	5	5	2	3	1	2	5	3	3	5	2	4	4	4	1	1	3	5	2	3	1	5	3	4	2	4	3	3	3	1	3	2	1	5	4	5	1	4	2	1	4	5	4	2	4	4	4	1	3	1	3	2	5	4	4	1	5	5	4	2	5	4	3	3	4	3	4	

All component type numbers for each job to be processed by HSPM
3	3	13	56	6	18	1	31	0	9	4	32	2	69	12	73	19	15	10	52	17	53	7	62	
14	40	7	23	8	4	6	59	0	3	13	61	18	16	1	14	11	51	10	55	15	63	
16	48	10	63	18	41	0	40	19	69	8	67	
12	17	0	53	8	56	14	6	13	20	3	5	6	15	
1	50	13	3	15	44	10	24	4	41	14	11	
16	36	19	15	10	58	14	35	12	30	18	63	0	9	7	8	3	46	1	59	17	14	9	68	
3	37	11	21	16	41	6	26	14	1	12	9	10	34	5	69	18	39	19	13	9	61	2	42	
17	23	0	33	16	37	5	21	12	56	3	41	18	3	
8	7	10	4	13	63	18	51	0	65	2	62	3	40	9	67	1	2	
11	67	7	35	19	66	0	18	8	11	18	13	17	31	9	1	10	9	12	26	6	30	5	68	
12	21	6	34	0	42	4	6	2	58	15	10	10	20	18	3	9	43	5	18	19	54	8	60	
5	60	8	72	0	68	13	22	16	64	17	46	6	33	15	44	10	20	4	63	
12	41	9	73	6	19	1	63	3	12	4	44	
16	11	13	71	14	40	7	54	5	12	8	1	
0	68	10	36	18	27	15	31	4	64	8	72	11	70	5	60	17	35	12	26	13	16	
12	12	9	22	10	9	6	43	1	5	5	70	4	3	17	24	8	56	14	23	
6	65	0	59	5	56	4	17	3	46	13	11	9	28	2	7	1	73	12	18	18	74	11	43	
6	16	19	49	5	15	4	64	13	26	14	65	3	19	2	56	9	17	
4	9	16	20	12	41	6	69	3	16	11	47	17	33	0	8	14	24	8	73	2	12	1	10	
4	63	10	71	15	33	5	44	13	56	8	5	6	42	7	6	3	20	1	74	19	49	9	32	
17	33	14	53	16	39	18	7	8	23	4	25	5	70	
4	15	17	31	16	65	5	74	7	62	6	10	19	75	1	49	18	60	8	42	
4	62	9	10	5	32	6	59	18	46	19	1	15	61	2	50	7	47	13	18	12	8	16	65	
1	29	7	61	12	54	6	18	8	37	14	7	16	38	3	51	
5	19	4	26	6	32	2	22	13	60	12	3	11	27	17	62	8	18	1	4	
2	2	8	37	11	5	5	33	14	39	
8	43	15	25	5	4	14	26	2	19	12	50	7	5	18	22	11	59	
19	33	8	64	13	26	12	67	9	34	1	8	3	7	11	63	0	54	4	46	
15	67	19	31	17	41	14	43	3	10	1	60	7	9	5	14	
12	50	19	12	8	15	17	13	6	67	18	16	13	69	11	41	
9	52	18	59	11	18	10	4	3	6	0	43	8	30	
10	57	16	74	17	31	2	27	9	1	19	65	5	20	
16	4	4	58	11	33	17	70	1	43	15	35	14	27	
2	22	8	4	4	45	6	13	7	7	11	21	13	24	12	49	
9	62	0	39	16	19	6	11	3	3	1	50	2	73	7	21	4	9	18	5	19	32	
7	50	12	60	18	65	4	27	14	39	10	55	9	61	11	66	2	74	8	10	17	43	19	2	
19	5	15	32	16	50	2	55	6	4	8	71	12	23	
17	30	12	54	16	8	14	34	18	64	7	57	6	45	0	13	1	69	
18	31	2	53	3	48	7	58	11	57	4	52	17	17	1	12	5	14	15	70	0	20	
9	17	16	24	7	70	19	21	2	65	3	56	8	49	18	52	13	62	12	68	1	54	11	35	
11	19	4	49	8	21	0	68	7	8	14	50	18	9	12	3	1	72	13	40	
1	51	0	32	13	40	14	6	18	4	12	62	4	49	6	36	
18	21	5	7	10	53	14	14	12	19	
4	27	17	63	6	19	0	50	19	67	9	46	10	13	2	32	
7	44	14	53	2	75	17	25	4	35	16	17	3	26	15	32	6	33	18	38	19	19	12	69	
11	32	16	38	2	7	15	39	1	61	9	48	8	43	5	65	19	56	12	73	0	33	
18	42	10	36	17	47	12	22	14	11	0	46	6	35	8	7	
17	6	2	47	19	69	0	64	15	8	4	27	14	11	7	54	16	12	12	13	9	55	1	31	
2	59	19	27	17	14	15	28	18	67	
8	35	5	47	10	63	4	74	1	4	9	2	2	21	7	75	14	20	16	55	11	60	
11	30	1	21	19	12	3	56	8	75	7	47	18	48	10	34	15	36	
3	73	6	71	7	19	16	74	19	11	5	75	1	18	15	45	
13	69	14	67	19	27	10	60	12	38	2	7	18	54	11	34	4	74	9	29	8	20	7	70	
4	59	13	31	12	56	7	63	14	54	3	29	15	28	9	64	1	21	
11	14	12	27	19	44	7	69	15	18	13	40	
2	70	19	19	6	39	7	35	1	23	3	61	14	13	9	33	15	7	18	5	17	10	4	55	
6	26	0	43	14	50	12	71	3	9	19	1	
2	4	7	32	8	16	4	37	17	23	9	7	16	6	
16	29	0	8	15	64	6	18	9	19	18	35	17	7	12	41	
10	72	0	31	19	43	18	63	3	26	9	73	7	21	
0	23	8	72	3	11	9	41	16	61	10	28	6	44	14	10	
3	9	7	39	6	38	2	70	1	75	0	73	17	24	15	41	
19	33	16	9	11	63	6	44	1	4	14	72	0	5	4	29	5	43	8	74	9	1	2	31	
0	58	3	44	11	26	18	46	7	75	8	20	6	12	1	47	14	7	19	17	
6	18	2	67	12	29	8	31	7	22	9	6	5	70	15	63	4	34	
9	28	11	59	19	55	2	16	0	54	18	33	14	63	1	58	4	74	8	9	
8	66	15	60	3	9	16	13	14	59	18	28	9	53	6	22	11	20	13	73	
13	17	18	25	6	41	16	55	2	8	4	49	7	22	5	34	
14	58	19	69	16	61	6	55	9	24	7	26	1	14	12	23	17	6	8	64	11	72	
12	21	13	53	18	24	17	70	6	25	16	30	15	47	5	59	19	13	11	62	9	66	
17	68	16	59	7	42	13	47	4	27	2	34	15	61	0	4	12	55	14	11	
9	67	14	27	17	71	6	62	11	29	0	3	1	7	13	47	5	68	
5	16	14	23	2	61	6	71	3	72	7	60	19	8	18	11	16	58	4	28	17	38	9	43	
2	34	13	35	1	18	3	29	17	17	16	36	8	33	11	58	15	54	5	25	
1	60	16	54	12	55	13	34	19	19	14	36	3	12	7	6	15	30	5	5	9	24	17	70	
19	63	10	57	11	50	2	20	3	60	13	44	15	71	
12	44	18	68	10	65	2	69	3	8	13	11	16	26	8	71	
2	39	4	54	10	17	18	12	14	30	12	69	3	5	
5	28	4	5	1	72	7	62	0	60	14	71	3	3	
10	4	18	49	6	26	17	27	9	25	5	31	4	67	11	44	1	24	
6	12	17	63	1	43	16	73	4	19	0	75	15	66	10	48	3	44	
3	6	19	68	5	50	10	57	18	64	14	30	
4	40	14	63	2	28	1	58	17	24	
7	64	6	56	1	10	18	59	8	33	14	35	
10	54	15	59	12	20	0	1	16	7	2	50	9	2	4	55	19	32	
3	10	11	17	8	33	15	59	17	11	14	68	9	49	13	70	
7	62	4	72	2	46	16	6	0	40	
0	46	11	33	4	26	1	36	2	16	17	51	13	58	5	7	8	17	15	65	19	12	16	59	
1	11	14	22	18	69	0	41	19	42	17	5	11	74	
19	36	0	8	11	72	9	4	6	19	12	15	17	73	5	22	15	66	1	30	16	7	
19	61	0	48	15	29	8	32	18	59	5	22	6	2	12	55	
6	37	11	26	13	73	12	14	7	75	1	16	2	53	17	2	19	27	18	23	
17	1	9	67	13	50	15	38	0	59	18	11	6	34	10	3	14	10	
17	58	10	69	8	31	2	47	7	43	0	55	3	1	18	72	16	19	12	50	4	40	
13	19	11	64	16	18	18	30	6	68	17	35	3	55	
3	62	1	67	15	57	10	1	18	5	19	44	7	65	6	54	4	10	2	50	
16	45	14	21	5	42	0	64	8	34	4	28	18	65	17	26	7	14	
4	1	1	17	0	33	7	42	12	74	6	65	11	32	14	18	
17	58	3	47	14	44	5	27	12	68	
18	8	0	59	8	75	11	22	10	12	14	29	13	14	2	71	19	53	6	32	4	5	

All component type numbers for each job to be processed by MFPM
7	13	8	17	4	21	
8	30	4	31	6	42	2	32	
3	18	7	16	6	12	0	22	4	17	
6	31	0	28	9	29	
5	11	9	18	2	23	0	3	6	24	
9	28	5	32	2	43	3	40	
8	4	7	10	
6	31	7	32	
8	13	
1	40	
2	24	6	21	8	17	
1	47	3	31	0	32	4	34	9	26	
0	5	4	25	3	16	7	23	
8	28	7	37	
0	1	2	3	
9	28	
6	19	5	6	
0	46	1	36	4	29	
3	21	
3	32	1	31	9	37	
0	10	
4	42	5	46	
6	1	
6	42	
3	16	6	1	
9	43	2	41	5	36	4	28	0	45	
4	19	0	10	8	7	
0	33	7	43	
9	22	5	1	1	10	7	19	6	2	
2	43	4	28	7	50	
4	15	3	19	0	6	
7	47	1	37	
4	3	5	13	3	7	8	20	
2	26	
3	7	
2	35	5	47	6	39	9	48	4	38	
8	23	5	24	0	12	6	13	7	3	
2	40	8	46	7	49	
3	22	5	16	
2	45	0	41	
2	8	5	13	9	19	7	23	6	4	
6	35	8	36	7	34	
2	25	1	15	5	14	7	5	9	6	
6	38	5	49	7	42	1	31	3	39	
1	4	
1	46	5	36	0	27	4	40	7	42	
5	1	7	19	4	12	9	17	3	10	
3	48	8	36	9	27	4	35	
7	24	5	1	9	16	
2	26	
8	13	7	12	6	24	4	7	
7	28	3	39	
1	8	8	9	0	15	5	14	3	16	
5	43	6	30	1	36	0	39	9	33	
9	15	
4	50	5	29	
0	19	4	9	7	6	
4	39	
3	22	6	5	9	15	
6	47	3	31	8	43	
0	22	
2	45	9	28	8	50	3	47	
9	21	
9	32	3	33	7	28	6	29	2	40	
1	7	9	20	3	25	0	14	
5	38	
2	7	5	9	
8	35	6	27	3	30	2	41	7	39	
7	11	2	22	6	15	0	19	
5	26	7	43	
0	7	3	11	2	3	
3	30	4	41	0	49	6	45	1	31	
3	24	
0	50	4	34	7	38	1	35	5	28	
9	21	
0	29	4	40	9	42	8	46	
1	13	6	1	8	20	4	8	
7	33	1	38	
8	7	4	11	5	3	
8	27	5	46	2	41	7	32	4	30	
3	8	
1	40	0	36	
0	11	7	4	3	10	
4	49	8	43	1	36	3	45	
6	14	
0	41	
4	13	5	14	
5	48	7	27	1	42	3	32	4	35	
3	25	
3	47	7	29	6	26	0	40	
4	9	3	19	7	10	5	13	
8	39	1	35	0	45	7	41	5	33	
1	5	0	20	4	23	3	8	
6	26	3	44	9	29	
6	25	9	13	1	19	0	15	2	24	
8	46	4	48	
1	12	
3	32	9	31	
1	21	9	13	2	24	
1	41	9	43	3	30	0	33	2	40	
0	11	8	19	5	14	
7	33	
9	21	0	12	
5	33	7	29	8	41	1	35	
4	16	0	2	3	7	1	11	5	23	
4	34	
5	25	9	4	3	5	1	19	
0	27	3	39	1	30	
9	23	
1	39	
3	6	
5	39	
6	17	9	22	7	7	8	9	
4	33	2	35	3	44	0	26	7	40	
7	12	8	21	1	10	2	15	6	11	
0	49	2	37	8	33	1	34	
4	9	
4	41	
4	24	3	2	7	8	6	25	
8	36	4	50	7	32	
1	21	7	11	9	5	6	12	5	24	
7	40	2	47	
9	5	4	19	6	23	0	14	
8	44	2	34	7	29	1	27	
8	22	9	23	
2	44	7	47	4	38	8	45	
8	19	
2	39	3	32	
5	1	9	17	
6	39	
1	15	
7	36	6	45	1	29	0	46	5	31	
5	15	4	24	
3	48	4	42	2	31	0	49	7	30	
8	23	4	20	6	13	2	14	9	2	
4	39	3	37	
2	15	0	12	6	4	
3	34	
8	9	5	24	
2	34	6	32	9	42	0	40	8	47	
3	8	5	25	0	12	
4	41	7	32	1	43	
8	10	1	7	9	16	4	2	5	8	
8	33	6	43	
1	14	8	6	2	13	5	7	
7	50	4	38	8	40	3	31	
1	22	8	17	0	21	3	12	
3	49	
8	7	
9	36	3	34	6	26	
0	4	3	8	8	24	5	23	9	6	
3	46	2	41	
1	7	8	12	6	2	
6	29	
2	21	9	15	1	11	4	2	8	18	
0	40	2	47	8	48	
3	17	8	12	9	13	2	18	
3	46	8	40	
4	14	9	2	7	8	2	13	
7	44	9	41	5	26	
8	12	4	25	3	2	
6	47	2	30	5	43	
0	11	
4	45	9	29	2	28	
7	5	6	9	
1	40	
2	12	5	22	9	23	1	16	4	21	
8	46	2	34	3	48	5	39	
4	22	6	18	8	3	0	20	1	16	
5	31	
2	5	1	4	8	23	0	15	
7	27	3	46	
5	11	
6	26	1	29	9	47	3	43	
2	21	6	25	3	7	1	8	9	15	
4	38	1	34	6	44	9	50	
9	5	5	6	
6	26	8	49	7	40	0	27	
7	7	4	2	6	18	5	8	
5	41	4	45	6	35	3	50	
2	15	
8	49	5	46	0	41	
0	5	
0	44	1	42	9	45	
2	21	3	20	
1	28	5	38	2	32	6	46	7	48	
9	12	7	14	8	23	1	19	
3	29	2	44	0	32	9	37	
4	10	
6	50	9	38	7	34	2	26	1	35	
5	14	1	2	7	3	2	21	3	23	
5	43	0	26	6	37	2	35	
9	14	4	3	
0	26	4	37	8	32	1	34	9	42	
1	22	6	1	3	17	5	24	
9	37	3	48	7	32	
6	20	3	18	8	14	
2	41	5	27	8	45	3	33	
3	18	8	2	5	3	
6	40	7	27	8	37	1	50	

Three processing times per job on each machine
The best scenario
706	294	966	
244	116	240	
213	368	375	
185	353	297	
277	400	563	
958	404	552	
576	742	595	
203	301	155	
677	429	488	
150	150	162	
186	383	77	
324	334	283	
728	617	422	
78	103	134	
98	42	93	
198	677	306	
108	245	72	
103	211	108	
144	220	277	
725	688	280	
230	130	296	
161	310	457	
221	455	632	
398	736	235	
505	829	931	
226	247	585	
432	611	299	
634	639	878	
205	241	358	
294	135	281	
404	280	139	
60	50	113	
158	98	115	
508	631	244	
268	508	131	
947	483	303	
160	174	119	
198	133	163	
168	172	195	
499	461	902	
95	126	134	
144	329	280	
596	481	339	
412	381	454	
160	60	90	
1013	776	500	
282	115	240	
169	533	345	
440	385	812	
713	711	208	
843	315	502	
151	133	101	
201	481	342	
305	468	488	
133	96	69	
456	1012	729	
380	296	519	
307	818	316	
269	176	443	
54	90	108	
186	296	192	
416	331	1088	
303	249	454	
375	205	350	
321	377	228	
795	255	679	
196	241	114	
163	175	114	
615	336	310	
282	467	279	
549	180	556	
537	281	151	
829	697	356	
450	549	217	
354	349	566	
189	140	182	
354	359	133	
166	527	418	
298	91	292	
609	310	680	
304	318	364	
158	113	41	
919	357	381	
223	92	155	
270	498	526	
453	264	512	
352	398	489	
470	240	394	
143	316	177	
306	632	427	
376	551	198	
422	387	146	
560	339	479	
261	52	53	
40	108	204	
226	439	228	
236	586	382	
232	117	86	
246	528	564	
247	414	686	
Most likely scenario
1256	428	1140	
284	210	366	
215	702	523	
297	542	414	
295	553	627	
1050	722	616	
597	802	608	
341	345	245	
711	725	874	
295	228	210	
288	419	154	
497	595	319	
1194	747	484	
81	174	164	
159	84	107	
329	710	321	
185	332	144	
200	378	140	
256	339	354	
1001	813	319	
316	235	381	
188	538	497	
380	473	753	
680	821	258	
657	942	1178	
416	357	592	
448	933	339	
1185	705	1129	
295	291	377	
399	209	357	
593	510	223	
88	55	183	
191	165	183	
634	943	283	
306	842	260	
1473	764	591	
307	206	189	
357	231	223	
247	258	278	
544	783	945	
118	159	183	
272	339	314	
1163	757	419	
492	389	545	
185	74	147	
1416	815	525	
492	201	329	
317	617	363	
586	731	816	
834	1074	399	
950	448	707	
220	202	130	
282	712	393	
306	715	537	
139	133	123	
520	1144	824	
456	512	621	
514	975	498	
296	286	844	
85	116	194	
209	422	235	
564	469	1114	
544	392	767	
387	235	388	
530	698	350	
1186	316	1013	
229	289	172	
181	230	139	
681	387	371	
297	608	524	
708	338	740	
624	385	220	
1086	1258	408	
679	1070	386	
519	355	820	
298	179	341	
551	515	226	
318	545	448	
301	96	297	
774	397	1010	
533	596	709	
165	187	63	
961	548	653	
241	138	263	
298	604	602	
641	305	711	
383	572	695	
509	244	458	
214	384	352	
529	1078	820	
650	699	325	
503	399	202	
711	402	747	
272	83	81	
62	159	217	
343	453	401	
284	919	470	
295	222	97	
390	952	856	
475	580	824	
The worst scenario
1767	607	1370	
338	299	419	
251	726	564	
432	745	471	
403	714	689	
1174	1054	661	
814	973	779	
479	499	314	
778	1002	1235	
411	241	221	
303	563	201	
596	705	330	
1234	1098	715	
106	190	217	
186	122	159	
335	1004	457	
193	364	167	
221	556	166	
370	349	412	
1151	1063	462	
415	237	545	
238	724	664	
463	509	1105	
900	1063	355	
895	1368	1289	
443	415	829	
520	1017	508	
1589	739	1397	
434	300	481	
405	248	397	
632	581	224	
92	67	271	
280	202	208	
642	1284	365	
346	1214	269	
2184	765	780	
338	209	259	
427	250	289	
332	372	335	
674	1154	1039	
167	198	220	
299	346	326	
1688	814	568	
569	555	659	
202	98	209	
1585	1033	589	
673	258	448	
417	811	447	
649	909	824	
863	1588	464	
1154	529	1030	
258	259	163	
418	731	505	
364	966	727	
165	162	153	
639	1704	871	
627	528	914	
560	1017	620	
359	354	943	
121	141	275	
226	436	334	
655	654	1615	
678	437	876	
534	282	425	
730	779	444	
1674	410	1249	
298	337	201	
188	292	188	
862	443	550	
336	863	572	
915	406	777	
903	395	266	
1539	1849	531	
977	1254	558	
580	472	1162	
328	238	467	
652	673	293	
382	700	516	
412	142	349	
1159	480	1505	
730	880	776	
215	261	78	
1118	757	669	
357	187	325	
423	800	857	
729	448	748	
482	619	730	
731	337	514	
246	471	393	
776	1322	929	
748	879	348	
731	497	274	
850	589	1104	
405	114	97	
71	214	318	
344	497	510	
292	1185	538	
401	242	137	
558	1162	989	
510	649	1130	
