Factories	5	Jobs	50	Machines	2

Total number of component types per job processed by HSPM
5	8	10	7	10	11	9	9	10	6	9	5	10	9	5	10	7	9	5	5	12	7	11	7	6	6	9	11	12	5	6	11	9	6	9	10	5	5	12	8	11	5	12	9	12	8	8	7	11	6	

Total number of component types per job processed by MFPM
4	4	3	1	5	2	5	5	4	1	4	1	3	1	2	4	1	5	2	2	2	5	1	2	2	2	4	4	4	2	4	1	2	3	4	2	1	5	2	2	5	3	5	2	3	5	2	4	3	3	

All component type numbers for each job to be processed by HSPM
1	1	15	15	3	51	4	35	18	52	
6	50	13	70	7	46	11	11	8	53	15	74	10	40	16	66	
11	56	12	42	4	51	14	23	10	18	15	71	9	48	19	66	8	69	3	60	
10	59	14	20	15	28	12	33	5	75	0	22	2	69	
13	59	12	25	14	37	2	54	18	51	6	2	17	10	5	39	7	22	11	71	
10	39	15	2	19	15	1	19	14	53	4	25	11	29	13	6	5	18	16	63	8	67	
11	45	3	51	2	2	19	7	4	18	18	8	14	35	12	34	9	47	
11	39	4	25	17	28	9	59	2	75	0	1	13	22	8	21	15	4	
19	32	10	51	1	5	3	72	7	14	14	60	8	18	4	69	13	65	12	17	
19	47	18	1	1	39	0	65	4	20	13	45	
2	22	11	26	16	7	14	65	12	18	9	72	18	73	5	46	10	9	
15	21	17	66	19	24	14	70	12	20	
15	68	11	63	18	4	13	65	4	66	6	52	9	36	19	14	14	25	17	51	
0	62	10	2	19	33	14	52	15	48	16	22	7	1	3	5	17	15	
3	10	2	45	17	4	14	68	0	73	
4	9	9	22	10	71	5	6	7	66	2	63	19	56	8	2	0	34	1	73	
18	16	13	6	19	4	14	53	10	50	5	69	7	75	
13	2	3	50	2	31	0	19	16	37	8	9	19	43	7	40	12	62	
16	51	9	18	13	50	15	34	12	1	
10	2	14	63	15	14	16	39	9	51	
5	2	13	56	8	58	14	70	19	26	11	68	16	37	0	17	1	36	10	69	7	21	9	52	
11	12	1	24	8	64	10	39	17	63	2	57	14	8	
14	17	17	12	2	23	8	74	11	29	7	20	9	1	10	41	5	62	12	53	16	39	
1	48	16	58	9	52	7	31	17	63	4	67	3	10	
7	61	10	4	11	67	12	2	15	28	6	24	
11	39	16	2	6	42	5	62	19	24	18	38	
14	23	16	68	8	57	3	55	9	67	6	60	10	33	15	49	11	8	
8	2	12	1	10	26	19	42	9	39	11	17	13	11	15	57	2	49	7	7	3	13	
6	23	7	43	4	71	5	28	15	45	16	18	2	13	10	50	18	3	3	20	19	27	9	72	
17	1	6	45	19	10	16	18	7	5	
17	43	10	15	14	31	5	11	8	75	18	71	
12	8	0	33	16	30	10	64	19	31	2	37	1	68	11	41	5	19	7	73	15	28	
17	58	2	29	7	46	9	17	8	28	3	72	5	32	11	20	0	24	
11	58	16	66	15	14	13	62	14	52	10	36	
12	10	14	29	19	36	9	37	15	52	8	59	3	75	16	23	2	61	
18	73	0	27	5	24	14	16	2	39	15	43	1	14	7	13	17	49	12	36	
3	74	11	35	14	6	15	57	5	49	
19	40	16	52	14	5	18	59	3	75	
9	60	7	25	10	67	6	5	1	3	16	24	17	36	5	30	3	40	4	51	19	43	0	75	
11	19	5	22	9	58	17	56	2	72	1	41	16	35	12	61	
3	39	13	62	17	25	18	70	5	52	16	44	0	58	8	26	9	34	7	23	10	73	
10	30	2	63	8	74	5	75	7	57	
11	41	10	68	3	17	18	14	14	52	12	72	9	28	7	58	19	27	1	75	13	10	17	9	
13	54	9	31	1	67	8	11	11	17	19	53	14	62	4	59	5	69	
3	48	15	20	4	36	6	50	18	56	10	26	8	67	17	8	9	74	13	37	12	14	5	62	
3	42	15	40	12	20	13	26	19	35	16	5	5	1	8	23	
10	10	16	35	14	28	15	21	4	51	13	33	7	8	3	53	
5	50	7	38	17	69	2	28	14	19	12	60	1	22	
6	58	18	47	12	14	5	13	0	28	13	36	9	6	1	48	14	55	7	17	2	56	
10	39	0	12	16	42	9	1	1	8	14	29	

All component type numbers for each job to be processed by MFPM
1	10	2	5	4	11	0	2	
9	11	8	12	4	4	0	23	
2	1	6	21	3	22	
9	4	
9	25	6	19	4	15	5	7	3	2	
7	12	2	23	
9	24	1	22	7	12	8	11	6	19	
7	19	1	22	4	5	8	4	5	25	
5	22	6	13	3	4	7	2	
1	20	
9	19	8	23	1	1	4	25	
4	12	
3	2	5	7	8	23	
6	6	
7	20	2	1	
5	4	6	6	0	2	1	15	
7	1	
4	18	0	17	7	15	5	9	3	4	
0	8	4	25	
3	5	7	10	
6	10	4	15	
8	25	3	6	2	24	7	3	9	9	
7	3	
2	13	6	21	
7	21	5	8	
8	17	3	2	
9	18	0	10	8	21	3	3	
7	5	2	3	6	6	4	22	
9	7	4	3	5	24	3	23	
7	7	4	17	
3	15	0	22	6	9	1	4	
1	20	
3	2	1	7	
4	18	0	23	2	17	
2	13	1	10	7	2	6	6	
3	1	5	7	
2	12	
3	4	1	14	6	12	5	20	9	7	
9	20	8	17	
1	7	8	18	
0	21	5	17	2	19	7	6	6	16	
1	14	8	24	7	9	
9	9	4	2	0	18	7	23	3	21	
9	14	5	3	
3	2	2	4	5	17	
5	16	7	19	2	23	8	5	1	4	
9	9	4	20	
1	25	3	1	4	7	2	18	
6	22	0	18	4	1	
7	10	0	2	9	7	

Three processing times per job on each machine
The best scenario
280	176	
762	568	
495	327	
93	124	
789	733	
259	334	
215	84	
281	569	
190	811	
380	405	
176	134	
220	472	
217	573	
389	595	
278	803	
159	109	
371	183	
92	71	
38	123	
258	195	
99	314	
106	151	
309	560	
1183	697	
647	199	
301	493	
1019	818	
36	83	
53	67	
263	135	
164	201	
554	350	
192	182	
989	1016	
127	213	
697	396	
258	108	
507	673	
482	741	
333	372	
395	581	
159	142	
407	121	
184	879	
515	644	
192	320	
755	434	
131	210	
325	112	
159	101	
Most likely scenario
466	321	
1047	712	
573	335	
95	181	
1560	1025	
376	616	
249	131	
473	790	
314	845	
505	740	
205	153	
356	634	
218	576	
697	775	
312	977	
212	166	
446	358	
116	88	
71	245	
319	213	
155	491	
149	272	
342	722	
1256	702	
718	229	
448	651	
1075	853	
68	151	
92	96	
310	200	
188	252	
649	475	
249	327	
1202	1326	
242	278	
1211	691	
264	150	
749	1166	
777	1080	
443	721	
515	636	
212	277	
423	168	
320	945	
764	1044	
229	377	
1065	529	
245	416	
381	128	
184	191	
The worst scenario
577	338	
1525	740	
804	373	
110	227	
2299	1295	
436	739	
256	138	
695	1064	
431	919	
538	948	
234	161	
497	735	
275	588	
808	1149	
358	1037	
218	189	
565	460	
140	96	
86	282	
425	309	
183	530	
174	383	
377	982	
1848	891	
885	312	
480	960	
1481	1169	
100	194	
115	129	
394	267	
191	256	
670	634	
368	432	
1374	1534	
271	359	
1358	931	
373	200	
1019	1184	
788	1388	
634	1028	
661	788	
255	283	
450	183	
457	1262	
997	1446	
292	509	
1266	584	
268	472	
442	141	
202	260	
