Factories	4	Jobs	100	Machines	3

Total number of component types per job processed by HSPM
10	12	7	7	9	8	9	12	11	8	10	9	12	7	8	12	5	10	6	9	7	9	5	6	6	12	7	11	9	5	12	7	7	5	8	7	11	9	12	7	11	6	11	6	5	10	9	5	11	6	7	8	10	9	10	9	5	6	5	9	7	9	12	9	9	5	11	8	8	10	5	5	10	5	9	7	11	9	10	11	11	5	7	6	10	5	10	11	8	5	12	7	6	11	9	12	8	5	8	11	

Total number of component types per job processed by MFPM
5	3	2	1	4	1	5	4	3	5	5	1	1	3	3	2	4	2	1	1	1	5	4	2	2	1	1	5	3	3	5	3	2	4	1	4	4	2	5	5	4	5	1	3	4	3	1	1	2	1	1	1	1	2	3	3	5	1	5	1	5	4	1	1	5	3	5	5	5	2	5	5	1	5	5	2	2	2	5	1	5	4	5	3	2	1	2	4	1	2	2	2	5	4	1	3	2	5	3	2	1	4	2	3	5	5	5	1	2	2	2	4	1	2	2	4	3	1	3	2	4	5	4	4	3	4	2	4	4	4	3	4	4	3	2	4	4	2	5	3	4	5	5	5	2	1	5	3	3	5	3	4	4	5	2	2	1	5	2	4	5	4	5	2	5	4	4	3	4	3	2	2	5	5	4	1	4	3	3	2	2	3	2	4	3	4	1	1	1	4	1	5	3	2	2	5	2	2	2	3	

All component type numbers for each job to be processed by HSPM
0	69	17	47	14	2	10	4	5	25	18	6	19	51	16	68	11	66	15	16	
17	48	8	66	3	70	14	57	18	2	13	59	12	44	15	71	6	42	9	30	16	4	2	31	
3	31	14	34	7	24	11	22	16	37	1	35	17	63	
4	14	7	19	1	37	0	29	8	17	2	31	16	25	
12	3	5	12	17	30	11	21	3	64	13	67	19	7	10	74	1	39	
7	24	6	45	9	36	2	13	19	6	1	1	17	44	8	53	
10	45	19	32	18	24	7	61	4	54	17	25	11	14	15	66	5	8	
19	6	18	63	15	74	2	40	9	31	14	17	10	33	3	39	16	14	1	37	7	16	13	3	
19	33	1	69	7	71	17	52	10	35	12	62	14	72	2	36	8	3	18	45	3	63	
6	71	0	65	17	49	5	10	10	44	19	8	14	9	2	46	
7	14	4	21	10	70	8	58	1	3	2	75	16	51	18	36	14	60	6	46	
4	43	3	22	10	42	1	6	17	65	16	73	14	16	8	20	18	30	
0	24	2	27	19	63	3	50	17	70	1	40	4	51	9	44	5	58	12	28	8	34	6	36	
3	11	15	56	9	29	10	24	7	70	13	4	12	65	
7	5	6	74	0	23	1	60	11	4	3	71	12	36	14	68	
13	52	2	49	4	57	7	13	14	73	11	66	3	31	15	37	5	5	12	51	6	56	19	69	
4	21	5	68	15	15	6	25	14	53	
3	38	10	50	5	67	14	19	17	1	2	17	12	28	1	25	15	2	19	32	
7	39	10	66	2	33	9	36	19	9	4	43	
17	22	13	28	15	71	11	55	6	42	10	48	1	65	12	15	8	25	
5	37	14	21	10	13	17	48	0	46	11	57	1	75	
10	8	4	12	11	35	7	75	12	14	13	4	9	31	16	51	1	69	
13	5	2	73	5	57	7	26	0	31	
19	6	9	61	11	69	15	25	2	22	3	32	
5	69	17	72	12	62	19	60	10	54	9	8	
3	74	15	35	1	37	0	64	10	59	18	63	17	48	9	46	19	10	5	5	2	47	6	67	
4	28	18	68	8	21	13	47	15	75	0	54	7	40	
8	33	17	1	2	6	18	39	15	68	10	50	12	20	1	8	16	22	14	41	5	75	
19	18	6	50	0	60	7	74	14	34	15	73	9	12	11	67	12	8	
14	34	1	20	12	49	0	40	7	31	
14	51	13	12	0	61	7	72	2	6	18	69	6	23	19	49	8	4	15	75	1	65	16	35	
7	75	4	21	6	43	5	65	2	17	3	33	12	4	
10	56	6	39	18	50	5	24	3	1	7	32	13	5	
5	59	19	11	17	70	9	23	3	24	
3	43	0	73	4	55	9	47	7	30	6	19	17	9	14	53	
18	2	5	23	13	39	19	62	4	68	14	48	2	72	
3	44	13	65	12	4	0	68	1	7	8	25	11	11	2	40	7	66	9	62	14	16	
14	3	16	28	1	35	7	21	15	55	18	25	11	24	6	19	19	70	
3	14	17	59	15	36	13	10	8	19	7	62	10	5	6	20	5	53	12	73	16	13	4	49	
4	1	3	54	10	70	19	57	7	51	2	40	0	22	
0	8	16	69	17	29	1	10	14	20	3	60	7	38	12	51	4	3	8	66	5	53	
5	65	3	48	10	37	8	58	15	51	17	16	
7	2	11	61	6	73	2	70	10	67	19	18	17	38	1	25	16	55	12	72	0	62	
8	75	19	69	4	70	1	56	5	11	2	44	
18	23	19	15	4	58	14	49	5	25	
2	56	9	22	10	45	17	26	5	1	14	47	16	53	11	32	7	13	6	6	
11	67	7	22	12	12	9	21	13	4	4	11	14	31	6	47	10	25	
9	21	16	24	5	4	19	42	0	27	
1	6	18	69	8	35	12	48	14	56	7	5	9	32	11	51	10	23	6	25	2	27	
5	35	9	21	2	26	8	51	17	7	18	19	
7	71	5	14	3	3	15	41	8	69	6	19	0	17	
18	62	0	67	5	11	4	46	15	49	6	70	19	8	2	65	
10	21	1	29	2	72	8	75	7	50	6	18	19	28	9	26	13	53	12	45	
5	5	16	21	13	29	1	18	9	38	17	8	4	73	7	24	12	13	
7	68	6	50	16	11	10	44	8	13	5	14	4	32	19	65	18	63	1	60	
14	71	11	66	12	8	10	18	1	58	15	29	9	43	3	20	7	6	
18	1	1	73	15	39	3	15	9	71	
0	47	3	11	19	38	4	67	15	18	13	74	
3	69	12	61	6	56	17	41	2	60	
15	32	4	5	3	2	12	28	7	6	19	30	6	15	14	50	13	72	
18	12	17	10	13	70	10	55	12	36	8	54	11	65	
17	44	13	42	16	7	10	8	6	23	15	71	4	17	11	54	7	41	
6	55	1	11	19	36	10	73	13	3	12	5	15	33	0	62	8	50	11	41	3	19	14	37	
4	35	12	56	6	37	17	5	3	52	15	61	2	12	7	59	8	31	
5	64	15	40	0	15	11	53	19	71	18	1	13	60	4	14	8	28	
12	62	10	2	4	50	1	29	0	25	
4	33	17	22	12	32	16	41	5	13	10	71	18	11	0	74	11	54	1	69	15	62	
17	54	12	69	0	56	13	37	1	51	3	55	8	19	18	16	
2	8	15	51	10	37	16	48	19	52	1	54	11	46	0	24	
12	28	14	69	1	56	11	59	3	74	19	35	16	50	4	21	0	55	17	42	
12	15	15	54	14	73	13	17	5	27	
8	75	16	48	15	28	17	23	19	24	
19	25	1	37	3	59	9	33	10	23	8	41	16	7	12	28	0	21	17	75	
19	47	4	67	15	29	2	21	17	7	
7	64	5	22	9	28	13	62	2	39	18	73	4	14	17	38	3	11	
4	57	11	15	6	10	14	59	7	40	12	60	10	18	
5	4	18	30	14	34	8	39	11	13	1	9	15	52	17	1	4	44	6	74	7	36	
11	50	8	6	13	55	15	21	6	15	7	57	19	7	3	33	4	37	
2	40	19	31	16	11	0	60	5	59	1	57	15	34	12	71	10	7	6	61	
5	32	2	54	18	66	8	73	10	17	1	58	19	29	7	31	11	72	6	18	17	6	
18	15	19	44	0	40	7	33	10	56	9	22	13	52	5	7	17	2	8	27	6	51	
14	54	2	60	15	6	6	29	4	71	
18	74	12	14	14	18	9	40	7	24	13	20	2	46	
12	48	14	10	13	5	1	30	9	6	16	51	
16	21	5	73	8	44	12	66	2	56	13	37	19	59	17	2	1	33	18	55	
5	55	2	42	13	68	18	52	16	3	
9	62	13	17	10	70	2	42	3	34	11	53	1	67	5	49	16	46	6	27	
12	36	19	13	8	56	5	15	13	69	18	65	0	63	2	33	10	9	6	1	1	59	
17	61	11	63	12	55	0	32	2	16	14	44	10	70	9	59	
2	17	16	69	3	16	7	10	15	59	
16	26	8	59	3	43	0	14	13	63	14	41	10	11	7	7	18	68	17	73	12	4	1	53	
11	47	6	67	14	18	3	40	19	20	5	8	7	45	
13	34	10	75	9	15	8	54	6	31	3	50	
18	75	4	38	5	68	9	6	6	74	11	39	7	53	1	40	16	13	0	3	17	69	
15	73	16	42	2	50	19	71	5	41	17	38	3	52	18	64	14	57	
0	66	3	72	14	22	19	59	12	70	1	35	7	16	8	65	9	54	16	6	11	75	10	34	
0	51	8	12	15	30	11	6	16	8	13	48	9	69	1	11	
9	26	10	31	13	28	11	34	5	39	
9	57	14	12	12	14	2	6	1	30	17	28	16	68	6	41	
9	31	7	8	18	41	6	55	16	64	5	12	19	10	3	22	17	19	1	65	4	53	

All component type numbers for each job to be processed by MFPM
4	4	5	5	1	24	3	2	6	1	
2	49	4	46	9	34	
8	9	4	20	
9	31	
3	3	8	7	9	24	4	19	
3	47	
2	19	9	9	6	13	8	2	3	25	
0	38	3	43	9	47	2	32	
9	13	4	11	2	15	
5	37	0	30	4	33	8	29	6	49	
2	11	5	1	1	13	8	16	4	10	
7	41	
5	7	
7	42	4	43	0	46	
7	6	6	12	0	11	
2	43	4	26	
5	3	2	9	0	22	6	11	
6	31	1	46	
6	9	
6	29	
2	1	
7	41	4	35	9	43	5	49	6	48	
8	18	2	20	1	5	4	19	
4	36	0	28	
2	3	9	1	
4	35	
8	16	
5	37	6	36	0	34	4	30	3	49	
6	18	2	16	4	22	
0	50	1	47	8	30	
1	5	5	25	3	24	0	21	8	4	
0	49	3	30	6	27	
0	10	6	25	
1	47	9	46	3	41	6	43	
0	21	
9	49	6	30	7	28	5	40	
0	10	7	13	5	16	3	17	
1	35	0	30	
8	11	2	2	4	10	9	8	0	14	
8	45	2	42	5	48	3	41	4	30	
5	7	0	9	3	24	9	10	
0	31	1	34	2	42	5	47	9	28	
7	3	
6	35	9	49	7	36	
8	4	7	17	9	18	0	6	
9	35	7	28	1	34	
6	3	
1	47	
0	10	5	12	
3	27	
8	15	
5	46	
6	22	
4	50	7	46	
0	6	9	1	4	23	
4	43	6	30	8	44	
5	7	2	11	0	5	8	12	4	9	
2	48	
8	13	2	12	1	11	5	2	0	20	
8	45	
2	2	4	7	7	1	3	12	6	20	
9	31	4	38	7	39	6	36	
2	18	
1	42	
9	19	6	7	2	9	0	5	1	23	
3	41	8	33	4	28	
5	7	4	17	6	10	7	16	0	3	
9	28	5	27	6	30	1	26	4	34	
9	11	6	12	8	25	1	13	0	19	
1	27	6	37	
0	19	5	7	3	1	9	22	7	25	
0	42	7	41	8	27	6	36	9	31	
3	7	
4	46	0	43	2	37	5	38	3	42	
0	10	1	1	8	18	7	16	5	6	
5	26	6	27	
0	19	2	14	
4	31	6	32	
4	11	3	22	7	7	6	25	2	4	
7	28	
8	9	7	6	3	4	6	23	2	19	
9	50	6	43	8	44	7	37	
3	9	9	25	4	22	0	19	5	24	
2	35	1	47	6	49	
6	4	5	2	
3	40	
6	5	9	18	
8	35	7	47	3	46	9	49	
5	14	
8	37	4	41	
2	13	5	10	
0	37	5	43	
7	22	5	4	1	8	9	1	2	13	
8	27	5	37	1	40	4	28	
1	2	
6	42	5	36	2	29	
5	18	6	14	
5	36	2	46	6	48	7	44	9	30	
8	24	2	1	1	15	
5	28	3	31	
8	15	
0	32	6	35	7	33	4	31	
9	2	2	19	
6	40	7	29	8	35	
5	3	4	2	8	24	7	7	2	18	
6	33	2	50	0	42	9	37	5	39	
6	5	4	20	0	9	3	11	1	18	
2	34	
6	19	7	14	
2	50	4	27	
1	9	8	5	
1	45	8	28	3	49	6	43	
9	18	
3	44	6	45	
3	16	6	9	
6	30	8	26	1	38	4	44	
9	23	3	22	4	7	
1	29	
8	11	2	7	1	12	
8	32	0	28	
3	22	2	3	8	7	9	18	
9	37	3	41	5	33	4	31	0	30	
2	19	5	12	8	1	3	2	
8	37	5	38	9	40	7	39	
5	23	3	16	6	24	
1	37	5	40	3	29	2	30	
8	12	3	21	
3	45	0	46	7	38	5	47	
3	7	4	11	1	14	2	24	
8	29	4	45	1	38	6	28	
4	4	2	23	0	14	
3	37	8	46	6	29	2	27	
9	25	7	5	5	6	6	14	
5	27	4	31	7	47	
0	8	1	22	
8	39	2	43	6	32	0	34	
7	4	5	1	8	2	2	25	
5	46	8	29	
0	13	7	24	8	11	3	18	4	22	
2	38	4	31	8	27	
0	4	9	15	1	16	7	14	
8	45	9	38	1	34	2	27	6	47	
0	18	8	4	2	9	7	17	6	11	
1	43	7	40	2	39	0	37	5	27	
6	17	7	22	
5	36	
9	22	6	1	2	21	8	19	4	23	
6	27	0	39	3	36	
4	22	1	18	7	11	
1	46	8	42	3	41	9	30	6	28	
6	17	3	2	0	12	
8	30	1	26	0	49	5	31	
3	15	7	12	8	4	0	21	
3	29	6	36	4	44	0	31	9	41	
4	23	8	6	
9	38	3	45	
7	24	
2	41	1	46	5	32	9	43	4	29	
7	19	8	15	
1	50	7	31	0	26	4	44	
4	10	1	3	5	14	9	13	0	24	
7	31	2	27	3	41	5	45	
9	20	6	2	8	4	1	15	0	24	
7	35	8	26	
2	11	9	18	8	24	7	12	6	22	
3	40	7	42	0	36	6	50	
6	9	8	16	1	23	0	3	
3	31	6	41	0	37	
8	15	0	24	1	19	3	7	
5	50	4	46	7	35	
8	6	0	20	
3	50	1	35	
9	5	0	1	7	14	3	6	8	16	
9	45	1	36	3	34	5	31	0	35	
9	3	5	21	3	16	7	23	
6	33	
0	14	4	2	9	12	7	4	
3	33	9	32	2	31	
4	20	5	22	3	7	
3	40	0	27	
3	19	2	14	
3	45	8	42	4	48	
5	18	4	25	
5	38	6	36	8	40	7	50	
8	10	0	1	4	7	
2	37	5	48	8	40	4	41	
9	24	
8	41	
6	6	
6	37	8	46	5	35	0	40	
9	22	
9	32	4	46	1	29	2	39	8	42	
6	9	4	21	1	10	
3	43	7	49	
7	8	0	19	
0	42	4	47	8	38	2	39	7	36	
5	15	9	14	
1	29	6	48	
9	3	5	17	
0	34	3	48	4	42	

Three processing times per job on each machine
The best scenario
170	117	110	
274	202	199	
311	385	230	
14	46	41	
315	254	139	
292	208	213	
221	242	235	
204	124	105	
198	431	199	
170	121	134	
301	313	312	
356	570	110	
145	171	94	
90	181	162	
54	190	162	
253	81	217	
185	146	168	
135	62	149	
190	210	349	
103	121	161	
378	254	472	
152	418	422	
157	347	183	
31	14	13	
206	126	86	
130	204	117	
130	129	138	
343	256	194	
91	269	462	
26	30	52	
143	83	29	
275	190	175	
72	42	43	
173	410	303	
200	150	101	
120	137	103	
42	86	51	
181	125	161	
86	82	96	
169	163	84	
246	240	209	
426	376	444	
64	66	63	
197	176	288	
548	493	221	
126	72	97	
113	88	136	
42	32	46	
130	47	144	
84	119	178	
63	53	106	
243	260	85	
132	91	149	
353	189	202	
514	99	268	
16	25	43	
62	167	62	
262	345	288	
47	64	46	
98	133	117	
56	215	271	
92	75	47	
15	23	25	
18	55	44	
43	25	76	
502	562	271	
318	233	189	
189	206	64	
374	176	518	
139	158	96	
154	275	261	
43	39	80	
105	48	264	
85	26	68	
283	229	250	
258	358	242	
211	253	182	
332	232	104	
78	235	225	
67	278	120	
113	85	71	
281	122	192	
78	196	171	
534	223	178	
110	146	195	
16	23	21	
55	53	69	
316	219	206	
324	66	317	
292	209	406	
13	62	30	
226	154	186	
75	234	83	
133	180	212	
507	181	297	
63	154	261	
29	23	84	
221	158	182	
30	23	21	
254	307	313	
Most likely scenario
257	147	122	
300	203	323	
376	425	269	
20	47	68	
381	434	255	
389	314	382	
246	254	398	
211	136	196	
254	520	212	
213	200	151	
306	413	341	
596	579	182	
177	244	95	
130	264	287	
101	241	173	
470	131	405	
318	164	328	
185	70	163	
222	342	444	
163	237	256	
529	362	481	
156	494	429	
193	352	192	
37	24	23	
222	142	89	
158	298	219	
176	145	258	
414	489	224	
164	408	467	
27	56	59	
148	102	49	
454	259	212	
81	45	51	
241	522	499	
206	271	158	
138	174	128	
69	104	55	
236	218	290	
122	128	185	
189	242	99	
319	304	339	
471	379	528	
90	76	64	
232	285	418	
591	499	368	
169	127	164	
147	115	153	
54	40	50	
190	85	183	
117	189	271	
94	94	114	
257	288	101	
165	108	295	
528	283	302	
527	158	269	
32	32	53	
93	223	69	
278	390	325	
72	76	48	
108	205	176	
97	267	302	
149	87	59	
19	45	29	
20	72	71	
51	46	90	
541	567	323	
391	240	282	
220	234	107	
379	181	530	
162	241	131	
202	411	353	
82	58	89	
110	70	286	
129	52	105	
348	342	446	
360	363	382	
230	317	239	
502	237	191	
143	325	291	
130	294	217	
175	93	100	
305	168	306	
84	228	312	
545	228	319	
174	254	232	
30	44	23	
94	90	94	
418	227	230	
352	116	370	
334	304	472	
22	78	32	
355	162	221	
121	251	121	
157	308	216	
511	198	329	
112	199	306	
55	41	147	
293	293	325	
35	29	35	
352	374	363	
The worst scenario
380	193	176	
431	208	356	
468	471	395	
26	52	86	
505	611	360	
491	389	424	
311	321	543	
262	165	274	
278	657	316	
265	297	155	
433	500	347	
701	804	272	
213	267	121	
154	266	352	
135	353	252	
592	162	420	
385	170	331	
189	72	196	
326	415	547	
222	351	335	
771	393	509	
218	601	460	
196	404	216	
55	28	26	
243	190	103	
175	402	225	
227	154	343	
441	503	286	
198	452	607	
29	71	87	
170	110	72	
576	351	271	
82	58	59	
242	777	524	
226	282	206	
199	205	188	
83	152	69	
300	321	294	
181	185	267	
204	263	124	
336	363	436	
516	417	563	
129	96	69	
285	313	602	
703	580	471	
232	186	215	
185	129	177	
61	58	69	
230	95	190	
120	265	372	
117	141	118	
306	425	105	
218	158	396	
589	385	366	
642	175	368	
46	38	54	
110	305	81	
334	430	390	
105	91	50	
155	300	177	
124	378	329	
194	103	68	
26	60	36	
22	96	104	
72	49	105	
758	573	438	
543	279	423	
306	288	145	
419	218	735	
201	282	180	
221	427	380	
107	61	124	
121	100	402	
131	66	122	
444	360	586	
396	390	565	
272	327	346	
694	314	209	
180	374	436	
162	366	314	
188	123	126	
433	243	372	
98	251	372	
799	271	393	
209	282	333	
44	61	26	
125	104	119	
563	253	239	
431	148	387	
346	336	479	
33	113	39	
427	215	299	
158	296	154	
235	385	321	
554	216	396	
152	200	437	
79	57	194	
397	413	420	
52	32	36	
375	407	542	
