Factories	2	Jobs	50	Machines	2

Total number of component types per job processed by HSPM
9	11	10	11	10	7	11	9	11	10	6	8	12	10	7	8	7	11	12	11	6	10	7	5	6	5	6	12	12	10	10	9	6	8	5	12	5	11	7	7	9	12	10	12	6	8	12	8	6	8	

Total number of component types per job processed by MFPM
3	2	2	5	3	1	1	4	1	3	3	2	5	2	5	3	2	1	4	5	2	2	1	4	5	2	3	5	2	4	3	2	5	5	2	3	2	4	1	2	1	5	3	4	5	1	4	3	2	1	

All component type numbers for each job to be processed by HSPM
16	16	14	65	5	7	10	22	1	23	17	32	4	40	15	24	0	10	
1	34	19	41	2	20	6	55	13	57	16	12	9	64	8	18	12	70	17	10	4	27	
0	9	18	2	16	14	5	40	4	62	12	50	11	22	8	18	3	17	1	25	
7	60	17	54	4	18	13	69	15	56	5	66	19	40	12	42	16	49	0	72	18	33	
18	66	0	4	3	52	10	23	15	35	16	17	4	73	8	34	5	58	9	36	
14	22	2	50	18	2	16	64	12	9	8	40	19	32	
17	25	7	28	4	69	10	68	11	18	16	46	3	61	19	75	1	52	0	20	13	35	
4	62	2	22	10	41	14	8	9	61	15	19	17	52	3	71	19	50	
15	7	14	46	2	32	8	19	13	54	6	18	9	12	12	14	4	3	5	72	3	11	
8	30	6	8	12	67	13	10	4	46	0	9	9	73	7	71	17	47	11	18	
11	46	2	7	16	32	14	61	4	67	19	14	
4	58	10	22	18	12	15	74	6	64	9	57	16	63	17	24	
17	22	4	61	5	73	0	65	7	10	19	17	11	16	12	50	10	9	9	23	1	8	15	11	
11	50	19	21	4	26	14	2	0	24	6	32	3	73	10	39	13	48	1	66	
15	41	10	9	13	30	11	59	16	55	4	13	0	74	
4	28	5	47	2	17	13	26	0	29	7	2	11	44	3	42	
5	12	10	41	13	36	9	11	14	10	16	72	8	56	
8	55	1	23	19	15	18	63	5	26	14	14	6	50	13	7	16	20	7	64	17	12	
6	28	18	38	0	57	2	22	7	40	1	58	16	70	8	13	12	34	5	21	14	66	11	36	
16	20	4	27	14	41	6	58	9	16	5	6	15	18	3	25	11	52	17	44	0	51	
4	6	7	70	15	26	10	16	9	28	12	44	
5	28	12	32	15	52	6	65	19	62	9	29	11	18	3	35	10	66	16	30	
2	39	14	41	3	37	9	17	18	36	4	67	11	38	
15	4	12	64	5	39	6	75	4	1	
4	4	10	38	9	33	15	25	7	37	19	17	
16	6	19	58	15	55	12	68	3	43	
0	19	1	26	4	3	8	15	3	39	16	21	
10	59	11	20	2	22	7	65	3	40	4	69	6	73	8	47	5	53	12	42	14	25	1	49	
2	18	18	42	9	48	7	55	13	72	12	28	19	46	17	30	1	49	8	66	0	31	6	67	
12	75	8	73	14	57	5	50	19	55	15	15	16	1	17	40	1	24	2	11	
19	1	4	4	11	54	0	24	9	74	16	26	18	16	1	66	14	47	8	59	
9	66	6	40	10	57	17	35	19	45	0	69	2	58	4	17	1	64	
7	58	2	20	11	38	17	64	8	72	15	75	
4	74	13	14	16	72	19	5	9	17	0	64	18	65	11	32	
12	68	19	10	6	21	8	24	9	8	
1	42	18	37	19	6	9	49	12	13	0	2	16	21	10	75	2	4	6	28	7	26	3	34	
11	26	18	53	8	75	0	9	12	2	
15	25	6	41	12	11	13	36	11	60	17	16	18	64	16	39	7	63	14	40	9	44	
11	53	18	50	4	4	17	26	0	14	15	38	8	57	
2	19	0	67	16	1	13	16	4	71	7	37	6	2	
1	12	17	35	7	71	12	57	0	43	3	11	2	38	15	26	18	2	
10	13	7	15	11	57	6	3	15	62	13	44	16	11	14	66	9	63	8	2	17	46	12	55	
15	20	1	43	5	33	14	68	13	66	9	40	3	32	11	24	2	72	19	50	
7	60	5	62	11	61	4	7	3	35	9	10	14	39	17	11	16	5	0	21	18	28	12	20	
13	19	7	45	6	28	3	43	8	3	19	55	
19	21	15	75	16	35	13	62	17	14	11	73	5	25	4	7	
9	63	13	75	1	43	5	25	7	31	17	57	14	72	12	6	4	4	10	48	15	51	3	16	
8	24	3	33	4	45	2	72	7	73	15	34	11	58	13	25	
2	47	9	22	15	4	11	11	10	64	17	2	
10	34	7	12	4	33	3	21	5	23	1	10	0	26	17	47	

All component type numbers for each job to be processed by MFPM
2	3	9	2	0	19	
6	7	9	1	
2	14	1	3	
5	3	8	25	2	18	9	14	0	23	
9	12	7	14	2	18	
0	18	
9	22	
6	22	1	5	8	10	9	15	
0	14	
3	13	6	19	9	5	
1	21	0	9	7	8	
9	6	6	25	
2	2	8	6	5	8	6	24	7	22	
0	11	6	21	
4	7	1	18	9	9	3	13	0	15	
7	7	8	11	2	8	
8	18	1	21	
2	17	
3	6	5	11	8	7	9	16	
6	14	2	1	1	10	8	25	9	3	
1	6	9	19	
3	8	1	10	
5	22	
6	13	2	16	7	20	8	15	
8	14	9	10	2	18	6	5	5	20	
1	11	9	14	
5	1	9	4	1	12	
5	25	6	5	2	11	3	1	8	24	
1	12	8	4	
3	11	1	23	2	22	7	5	
0	15	5	16	3	6	
3	9	9	24	
1	5	7	11	8	9	2	22	6	12	
9	22	0	9	3	7	4	13	7	19	
5	7	2	19	
8	23	5	9	6	17	
5	5	6	9	
3	5	4	10	9	25	2	7	
7	5	
6	19	0	4	
0	12	
7	2	6	1	4	14	8	15	9	9	
9	6	7	19	0	13	
6	15	5	13	1	17	9	25	
0	17	7	4	4	15	5	20	8	8	
6	4	
2	9	4	20	5	16	3	1	
4	3	2	11	9	13	
0	19	7	12	
6	17	

Three processing times per job on each machine
The best scenario
147	149	
122	72	
522	595	
167	189	
378	738	
513	471	
773	218	
869	474	
169	141	
198	357	
227	535	
101	79	
497	368	
303	323	
166	296	
593	466	
508	640	
821	845	
180	192	
249	624	
675	590	
583	316	
209	114	
143	215	
549	1066	
193	388	
126	204	
816	1179	
72	69	
46	97	
756	965	
92	223	
854	871	
437	732	
475	470	
313	382	
50	91	
290	424	
758	701	
958	657	
180	133	
170	120	
442	703	
166	92	
274	63	
428	730	
346	349	
271	337	
620	830	
238	67	
Most likely scenario
269	165	
179	127	
664	862	
225	240	
538	742	
732	716	
1111	359	
969	607	
257	155	
277	430	
267	981	
183	116	
875	414	
336	606	
236	378	
633	471	
644	669	
1357	1267	
215	205	
417	685	
755	687	
654	626	
267	182	
193	353	
636	1212	
340	403	
186	223	
1229	1479	
105	109	
82	142	
1209	1001	
184	399	
1252	1279	
820	868	
491	542	
398	642	
84	155	
393	489	
907	805	
1119	957	
357	172	
189	161	
491	744	
206	178	
301	92	
476	874	
375	461	
338	500	
1097	968	
395	115	
The worst scenario
383	227	
246	164	
837	1020	
234	319	
787	924	
1075	1024	
1607	442	
1266	692	
316	183	
352	532	
285	1034	
194	135	
1154	457	
367	714	
249	554	
939	607	
834	682	
1404	1336	
274	213	
443	845	
1014	892	
683	920	
348	232	
272	364	
735	1750	
490	492	
270	268	
1304	1807	
121	120	
100	178	
1325	1208	
274	468	
1428	1549	
937	1161	
658	577	
488	675	
104	156	
475	522	
1351	998	
1352	988	
436	183	
242	164	
655	762	
291	251	
450	108	
549	894	
488	608	
477	545	
1299	1422	
544	161	
