Factories	5	Jobs	50	Machines	3

Total number of component types per job processed by HSPM
5	10	5	10	6	8	5	10	6	6	9	7	7	6	5	7	11	5	10	7	6	7	10	11	8	11	9	6	11	8	10	11	11	8	7	5	12	12	5	5	8	9	7	10	8	9	10	5	10	12	

Total number of component types per job processed by MFPM
2	2	1	3	1	4	2	1	3	4	5	1	4	4	5	2	1	3	5	3	3	5	2	1	2	3	1	2	2	1	2	3	3	1	3	5	1	1	1	4	3	1	1	5	3	4	3	3	5	4	5	5	3	2	5	3	4	3	1	5	3	3	1	4	4	5	4	4	4	3	1	2	4	4	3	2	1	1	5	4	3	2	4	5	4	1	3	4	5	1	3	5	2	2	1	4	3	2	4	2	

All component type numbers for each job to be processed by HSPM
13	55	3	65	9	11	15	19	14	58	
3	54	4	58	18	11	8	5	13	16	10	32	11	44	16	41	19	15	14	19	
3	51	1	69	10	37	19	25	4	39	
14	44	1	65	8	11	9	41	13	66	4	61	15	12	3	57	10	16	0	8	
15	50	16	75	5	53	12	58	1	7	3	9	
9	13	19	56	18	69	15	39	14	75	4	66	2	71	13	50	
6	72	0	17	18	43	1	18	13	38	
14	17	5	28	9	43	11	61	18	63	15	42	4	22	0	10	3	50	2	24	
19	71	4	51	11	12	9	3	5	22	17	50	
19	65	13	21	18	19	2	46	11	10	4	61	
14	56	17	54	5	63	6	39	15	32	1	13	2	68	4	36	16	59	
7	7	9	59	4	27	17	71	8	8	0	57	10	2	
18	21	4	37	2	4	11	39	0	29	10	44	15	47	
6	75	19	28	16	25	5	15	8	24	11	4	
5	67	9	23	0	58	16	68	4	8	
4	29	13	66	12	61	10	49	8	16	17	14	0	22	
6	59	5	18	8	32	3	45	2	26	10	15	11	68	1	29	7	36	9	58	4	9	
18	46	17	21	13	4	1	42	2	37	
7	49	6	34	3	54	12	32	1	35	2	50	11	56	14	53	17	68	18	8	
15	29	4	21	9	56	16	34	12	18	6	42	14	11	
13	31	3	15	11	45	7	71	18	60	1	63	
12	51	3	36	16	18	14	40	13	49	4	63	18	75	
11	1	5	62	15	49	3	7	17	6	2	17	8	61	18	20	12	11	14	71	
7	30	9	60	13	59	5	37	6	39	0	1	8	12	18	57	17	42	4	45	2	14	
9	48	18	39	0	70	8	16	2	75	12	36	19	29	11	72	
2	32	0	25	15	12	12	74	1	22	16	35	10	16	19	23	14	72	11	36	7	60	
6	16	3	29	7	70	9	43	8	18	15	58	19	22	17	25	11	39	
17	41	7	19	16	30	13	50	10	17	8	9	
3	22	16	70	7	20	10	75	15	4	19	41	13	63	6	10	8	43	5	38	9	56	
6	16	16	31	5	69	11	7	19	19	1	51	3	48	13	33	
12	24	10	64	19	19	13	73	15	8	1	45	18	21	5	4	16	26	14	27	
10	35	17	55	16	48	4	46	8	63	13	42	3	59	19	21	11	68	5	65	6	22	
3	65	0	45	2	55	10	47	19	66	12	22	9	2	4	14	16	53	5	9	7	49	
9	59	0	27	8	69	18	14	3	11	16	61	6	12	5	1	
7	54	1	3	17	64	0	28	11	34	16	25	15	12	
0	37	17	46	14	28	2	38	12	32	
5	42	14	40	7	24	0	4	10	71	12	28	15	55	4	74	3	57	13	68	18	18	8	6	
7	29	5	5	6	42	19	62	9	44	14	50	0	67	3	47	15	18	2	59	8	56	13	52	
11	67	7	10	14	8	15	75	16	1	
10	37	3	15	2	11	6	1	9	26	
15	65	11	54	17	56	12	47	18	29	7	20	9	75	0	15	
5	6	9	71	3	31	14	9	4	10	13	37	10	20	12	48	6	75	
15	8	1	62	3	53	9	46	6	32	19	21	11	61	
17	56	1	40	18	43	16	36	13	32	6	28	7	11	9	15	2	51	14	64	
7	58	9	47	18	70	6	66	12	45	10	38	8	29	16	54	
14	23	17	9	8	6	12	22	9	35	10	7	16	29	11	27	0	34	
10	68	17	46	9	44	8	2	19	27	2	56	16	67	3	39	1	26	15	10	
18	6	6	27	1	67	16	66	14	73	
14	10	0	3	6	24	1	5	10	74	19	54	18	6	4	34	7	70	3	38	
9	74	1	40	0	34	5	50	10	59	8	47	15	29	17	44	19	51	12	17	13	1	16	14	

All component type numbers for each job to be processed by MFPM
9	3	4	18	
5	29	8	46	
0	6	
3	30	9	31	8	40	
0	25	
5	46	0	43	2	45	1	32	
5	17	1	2	
6	29	
8	7	4	18	6	5	
4	39	2	46	1	32	6	45	
2	25	1	17	7	7	8	5	5	14	
5	46	
1	9	2	24	5	7	9	13	
8	44	2	26	5	45	1	36	
1	23	0	21	3	12	7	14	9	16	
3	35	2	32	
3	23	
0	31	6	30	5	29	
4	14	0	22	8	10	3	20	5	24	
8	47	5	28	0	30	
4	2	7	24	1	15	
8	32	3	46	7	39	9	29	4	49	
3	6	9	11	
9	50	
4	18	6	11	
2	28	1	45	6	30	
0	6	
9	40	1	30	
7	12	0	16	
9	42	
7	3	6	9	
5	48	0	31	9	37	
3	8	6	5	1	24	
8	28	
8	16	3	18	2	12	
7	26	3	39	8	40	5	37	9	35	
9	2	
1	46	
9	22	
4	36	6	31	1	30	3	43	
5	17	3	13	4	14	
1	40	
2	19	
2	29	3	34	5	28	1	43	7	47	
6	13	7	22	9	3	
0	50	8	37	5	39	3	30	
7	18	0	6	9	15	
5	32	8	43	7	42	
4	2	1	16	9	17	6	11	8	15	
1	40	7	28	2	42	9	47	
4	17	2	23	0	4	6	7	8	9	
6	45	1	27	8	41	9	44	4	47	
8	22	0	23	1	13	
4	28	8	46	
6	20	3	24	7	17	5	5	1	7	
6	28	5	46	3	33	
3	2	8	7	4	10	6	24	
1	44	5	31	0	39	
2	11	
8	29	6	30	9	27	5	38	0	41	
7	21	5	19	0	10	
7	28	1	45	6	39	
0	22	
2	35	0	36	6	30	4	44	
6	9	0	17	7	21	8	22	
9	39	3	27	8	47	6	26	0	35	
4	6	3	18	7	14	0	12	
3	28	4	36	5	37	0	29	
7	7	9	24	4	3	1	22	
2	37	7	41	4	29	
8	25	
0	36	4	26	
2	13	3	21	4	20	8	4	
8	27	0	38	9	50	3	48	
6	22	2	11	7	16	
1	47	0	38	
6	19	
8	37	
9	20	8	22	7	21	2	1	5	2	
5	26	4	27	6	28	8	31	
6	13	5	4	8	17	
1	50	0	31	
1	12	4	15	2	14	9	7	
2	38	9	33	3	29	8	34	4	48	
3	6	6	25	7	10	1	20	
6	49	
0	7	2	16	5	10	
9	26	5	32	1	30	4	33	
4	3	3	7	9	18	6	12	2	1	
3	37	
2	16	5	13	4	1	
7	27	5	50	0	47	6	35	8	40	
1	13	7	1	
0	38	4	42	
4	6	
5	30	3	36	6	46	1	26	
1	10	7	22	6	8	
7	35	8	49	
7	17	3	1	9	10	2	11	
6	40	4	49	

Three processing times per job on each machine
The best scenario
49	63	175	
330	572	1056	
589	807	513	
236	167	481	
278	295	123	
547	637	176	
93	176	118	
837	654	661	
547	622	759	
1033	442	907	
347	401	302	
292	307	117	
658	405	211	
726	853	809	
157	752	601	
88	301	294	
220	569	158	
663	891	1047	
86	38	131	
1062	1080	813	
164	115	254	
153	323	191	
382	436	679	
351	391	221	
1021	443	1162	
219	253	404	
174	99	159	
68	63	166	
382	250	141	
372	371	178	
582	616	471	
820	290	168	
248	310	514	
473	588	668	
707	281	886	
490	528	455	
409	970	1094	
193	277	161	
477	675	546	
477	775	623	
237	167	229	
577	369	424	
399	578	754	
1001	717	593	
207	339	354	
248	188	207	
120	162	89	
392	265	355	
370	625	453	
504	247	195	
Most likely scenario
87	118	181	
654	879	1356	
671	881	596	
300	207	597	
478	349	222	
798	861	265	
167	220	219	
1256	1055	664	
635	634	870	
1199	548	912	
464	505	319	
404	396	201	
669	416	370	
784	1137	1087	
272	843	821	
132	371	301	
363	639	265	
856	1026	1425	
112	62	181	
1064	1183	870	
325	215	350	
183	586	307	
568	689	736	
387	429	337	
1336	697	1466	
435	503	521	
221	150	263	
94	67	167	
432	378	200	
501	519	293	
919	886	534	
969	431	318	
300	424	751	
546	600	872	
1172	407	1268	
585	531	679	
474	1138	1334	
261	427	239	
654	765	748	
709	998	698	
240	200	394	
578	611	441	
432	693	795	
1040	1148	612	
274	441	643	
260	353	367	
151	175	174	
460	518	530	
406	945	745	
577	250	347	
The worst scenario
115	175	199	
783	904	2017	
947	1135	757	
418	216	671	
717	422	313	
1100	1112	373	
224	306	317	
1416	1223	976	
640	834	1239	
1685	678	1050	
519	625	390	
606	573	230	
972	597	426	
979	1358	1538	
373	1195	1058	
165	378	341	
544	787	279	
1088	1172	1501	
132	70	216	
1569	1716	883	
331	265	491	
258	772	318	
664	956	1061	
410	576	451	
1449	838	1643	
529	700	537	
250	192	273	
130	74	209	
497	398	211	
534	592	348	
1262	1112	715	
1163	474	378	
370	439	1053	
632	885	873	
1533	541	1747	
695	765	978	
591	1704	1747	
305	547	315	
862	1114	918	
999	1143	731	
266	269	570	
818	842	632	
450	928	1030	
1269	1394	693	
280	465	889	
301	496	441	
224	199	217	
598	676	579	
517	1076	807	
628	305	511	
