Factories	4	Jobs	200	Machines	3

Total number of component types per job processed by HSPM
6	8	5	6	7	9	6	12	8	7	12	7	12	5	8	11	9	7	12	7	5	7	12	8	6	7	8	7	10	8	7	12	8	11	6	11	7	5	10	6	6	8	10	11	12	8	8	7	9	11	10	11	12	5	12	7	6	10	8	12	6	5	9	6	7	9	11	9	7	6	7	11	10	7	7	11	7	9	5	9	8	6	8	6	8	11	9	5	8	7	11	10	10	5	10	9	10	11	5	10	9	12	7	12	12	11	10	8	5	9	5	8	8	9	7	7	9	10	12	10	12	5	9	8	12	8	10	6	8	9	12	6	12	7	7	8	12	5	12	9	6	8	8	12	8	12	7	7	7	10	5	7	10	5	9	6	6	5	11	12	11	11	7	11	7	6	10	8	10	5	12	7	10	6	7	6	8	7	7	12	10	11	11	11	10	7	11	5	7	5	10	11	10	9	6	11	12	10	6	10	

Total number of component types per job processed by MFPM
4	3	5	4	5	2	3	3	5	4	4	3	2	1	3	3	3	2	5	4	2	3	2	3	3	4	5	1	4	4	1	4	3	5	3	5	1	2	5	2	5	2	4	2	1	4	3	5	1	4	1	4	1	5	4	4	3	2	5	1	3	3	1	1	1	1	5	3	2	1	3	5	5	3	2	2	1	2	5	4	4	3	5	2	3	3	2	2	2	2	5	1	2	2	2	2	2	2	2	4	3	5	3	4	1	2	2	4	1	3	4	5	2	5	5	5	3	1	2	3	4	1	5	5	4	2	5	3	4	3	3	1	4	2	3	2	3	2	3	5	4	3	1	3	5	4	3	4	4	3	2	4	5	5	4	3	1	3	3	2	2	2	5	4	1	5	5	3	5	1	3	4	3	3	2	1	2	3	3	4	2	1	4	3	1	1	2	1	4	1	1	3	4	2	3	3	3	5	3	5	1	3	3	3	4	2	4	2	1	1	2	4	5	4	5	2	1	3	1	4	5	5	5	4	1	2	5	1	1	3	2	4	5	2	5	2	3	1	4	3	3	4	1	1	5	4	4	5	1	2	3	4	4	1	3	1	2	4	5	4	3	2	4	1	3	5	5	4	4	1	3	4	3	5	5	1	3	4	2	4	1	1	3	5	3	5	5	5	5	3	3	2	3	3	2	2	5	5	3	3	1	3	4	3	4	2	1	5	2	2	2	3	2	4	2	1	5	4	4	4	3	3	5	4	5	2	4	1	5	4	1	3	5	2	3	3	5	1	4	3	5	3	3	2	5	4	1	1	2	3	4	2	4	3	3	1	1	5	5	2	5	1	4	4	4	2	3	3	4	2	4	2	2	5	5	2	4	2	3	1	3	3	5	2	1	2	5	4	2	5	5	1	3	3	3	4	1	2	4	3	

All component type numbers for each job to be processed by HSPM
12	62	1	73	15	58	0	1	17	16	4	35	
12	7	5	39	6	33	9	51	10	3	16	28	15	67	18	53	
18	14	8	43	5	44	7	51	11	47	
17	46	4	9	13	22	19	72	7	55	3	34	
1	39	17	45	6	75	10	31	5	33	18	21	4	44	
9	6	4	11	7	36	15	75	16	41	12	23	11	3	8	33	17	10	
3	46	12	70	1	6	0	53	11	68	4	3	
7	32	12	42	17	53	0	2	8	66	19	9	6	64	1	69	18	20	11	65	16	14	2	60	
4	4	12	48	7	43	3	40	19	19	16	62	2	73	17	26	
7	35	19	2	13	61	6	20	15	41	1	58	11	74	
8	19	3	18	17	34	12	64	5	75	0	40	4	43	18	37	19	66	15	2	7	16	1	28	
9	47	4	19	10	32	3	41	1	24	0	48	17	55	
6	36	17	56	13	42	15	33	8	34	5	39	0	11	1	8	16	29	9	44	14	49	3	35	
12	14	13	65	3	50	15	63	2	43	
3	33	8	25	17	57	15	10	19	72	16	74	1	29	11	36	
13	17	11	1	9	68	2	6	8	70	7	59	0	45	4	67	18	39	19	57	10	62	
16	34	18	12	17	15	7	11	11	62	4	47	12	72	9	14	10	50	
17	31	5	59	14	19	0	72	3	9	16	2	9	30	
2	38	9	28	16	29	18	40	10	9	3	7	15	53	7	59	11	12	12	14	5	62	6	23	
19	68	10	4	8	23	5	64	11	45	4	28	14	59	
0	9	17	68	6	56	9	14	1	37	
16	22	6	70	5	35	1	45	10	1	14	13	9	25	
5	29	4	61	6	64	17	16	8	49	7	60	18	17	13	31	11	27	14	63	1	71	2	7	
8	8	10	19	16	69	11	36	15	44	18	46	9	31	14	14	
5	53	17	5	4	27	13	68	16	19	19	16	
5	14	0	17	13	45	19	60	17	19	6	35	7	34	
18	61	7	1	2	73	9	2	15	4	17	10	10	68	5	58	
18	58	15	6	19	44	1	21	17	29	12	16	8	47	
6	4	9	8	13	29	19	1	8	45	17	18	16	57	14	17	3	65	15	63	
18	56	5	5	10	23	11	52	0	32	15	36	4	71	2	37	
3	37	8	45	6	64	15	34	18	69	13	16	7	58	
5	24	13	67	12	23	14	72	3	41	9	53	17	22	15	47	6	57	10	39	2	9	7	31	
1	61	18	2	14	59	5	15	0	5	11	9	9	10	6	72	
5	64	18	55	0	45	13	35	7	56	14	71	19	60	11	3	4	15	3	5	12	1	
6	68	19	32	4	64	1	33	0	62	8	28	
8	72	9	41	13	18	5	6	3	49	7	66	10	68	18	10	17	61	19	24	12	31	
11	72	2	47	12	73	19	15	4	23	1	40	8	14	
7	56	19	9	6	74	4	8	10	60	
4	20	11	58	12	4	6	43	1	65	9	67	19	16	14	54	3	53	16	35	
0	74	15	30	2	53	18	7	3	2	9	54	
11	8	14	9	15	1	12	36	1	48	17	16	
1	36	2	35	14	9	18	23	16	61	17	10	7	65	3	26	
5	21	0	43	12	63	19	61	15	67	9	45	1	6	8	41	16	58	7	24	
2	43	9	72	4	17	6	63	16	24	17	57	19	62	14	20	15	68	13	31	7	54	
14	2	5	64	8	25	7	68	15	72	0	19	19	16	10	38	18	57	16	20	12	34	11	22	
19	5	1	66	0	58	9	54	16	56	4	65	8	23	12	64	
1	54	15	36	4	30	0	16	3	57	11	15	10	9	13	60	
16	40	6	37	11	26	13	6	9	10	14	39	12	54	
15	66	5	3	19	52	12	14	11	15	18	20	1	27	9	19	13	36	
14	5	5	28	12	57	9	3	3	62	6	41	7	43	1	60	18	34	15	37	17	38	
8	68	13	3	6	75	18	65	9	27	3	4	0	29	1	48	10	71	5	19	
10	33	4	72	8	57	3	39	9	37	2	3	11	35	15	6	12	41	13	60	17	15	
13	74	16	41	11	7	14	69	8	16	12	54	3	28	17	67	2	5	1	49	0	8	4	30	
18	3	2	21	17	67	16	32	4	74	
5	27	8	66	1	11	7	49	14	53	9	12	16	70	19	5	2	58	17	55	10	60	13	38	
6	2	2	1	1	52	9	18	17	46	13	28	5	56	
17	62	0	39	14	37	16	51	3	9	6	46	
5	14	7	49	18	54	6	31	4	55	10	10	17	9	16	73	13	57	8	70	
14	65	0	57	4	60	3	26	16	22	2	53	9	55	7	4	
4	18	3	72	8	67	14	54	18	63	5	73	6	27	13	13	0	30	9	19	11	11	15	41	
3	14	2	36	4	60	17	55	5	22	18	33	
6	37	15	9	10	59	14	17	9	73	
2	23	8	15	18	52	0	50	10	69	7	35	6	14	16	12	3	25	
3	69	1	73	11	34	2	67	0	64	15	25	
19	46	14	58	9	52	17	57	0	23	4	33	15	9	
14	50	15	23	3	14	8	7	10	25	13	16	7	66	17	33	0	15	
10	55	19	62	18	18	16	44	14	47	15	58	9	45	7	14	8	27	0	59	17	20	
10	60	2	75	5	12	8	40	6	50	3	11	11	72	4	20	13	61	
3	10	5	11	6	22	1	53	4	64	18	7	0	35	
13	74	3	69	17	13	14	71	11	23	15	62	
1	61	13	66	15	68	17	33	8	16	19	34	7	35	
9	43	15	72	16	36	2	15	10	63	3	71	8	59	17	28	14	2	1	37	18	55	
1	28	10	71	17	17	9	46	12	64	15	48	3	8	11	73	4	33	5	75	
8	11	7	41	17	68	19	19	1	37	4	40	0	74	
6	33	13	68	16	6	15	10	1	41	7	23	0	42	
7	38	4	55	12	71	9	17	3	7	16	73	6	28	1	29	8	21	2	56	17	14	
13	20	17	37	6	15	12	24	15	11	3	8	16	31	
14	68	3	52	10	9	4	12	6	57	13	62	7	33	5	63	2	4	
18	9	12	52	8	43	14	12	3	56	
19	10	10	62	16	63	14	24	8	15	2	46	5	50	12	58	0	13	
14	10	6	54	13	23	1	47	7	13	18	74	12	31	16	11	
17	24	16	54	0	4	10	39	5	32	12	38	
10	21	14	12	17	13	18	14	6	50	15	7	5	31	1	54	
16	7	10	10	19	69	11	61	17	14	14	68	
5	45	9	25	2	32	1	56	14	61	4	22	15	33	13	73	
9	73	0	61	19	25	3	23	14	24	11	55	5	70	1	59	2	72	7	68	16	26	
16	68	12	8	0	71	5	65	2	70	3	64	11	17	19	2	13	16	
16	21	2	57	17	16	11	4	12	26	
15	62	3	60	8	71	6	68	5	49	7	35	11	47	10	18	
2	64	0	43	7	62	6	25	12	26	16	68	10	66	
17	51	4	49	10	43	15	1	3	46	19	12	5	34	2	10	7	71	9	8	14	13	
10	23	15	70	13	63	6	20	17	73	14	13	5	42	0	60	18	35	1	49	
4	56	15	2	9	36	6	1	8	41	19	55	16	64	0	15	17	24	3	44	
16	18	9	62	1	11	2	44	5	9	
11	9	10	43	14	37	12	48	16	42	17	73	13	51	6	34	5	35	2	19	
16	48	11	9	10	22	17	37	19	26	1	72	3	13	8	42	9	56	
6	62	18	1	1	74	0	36	5	47	10	73	9	58	7	23	13	8	17	48	
0	66	2	29	5	46	6	16	17	38	13	12	11	60	16	65	7	24	8	1	1	30	
5	58	15	5	9	16	18	59	19	32	
9	73	14	29	17	74	16	51	18	27	13	43	4	36	0	12	10	8	5	52	
13	4	0	59	11	31	9	2	14	28	15	42	2	32	19	75	5	36	
2	62	19	12	8	24	12	54	14	67	9	22	6	28	13	74	10	57	15	72	3	66	1	60	
12	47	1	11	8	8	7	6	3	66	4	39	14	9	
13	34	1	37	14	48	15	71	2	4	18	29	11	41	19	55	6	5	4	32	3	7	10	2	
4	12	7	44	14	27	17	23	12	21	9	37	2	3	13	35	5	25	11	56	8	16	19	5	
13	5	3	54	1	37	0	24	7	70	17	22	16	8	19	45	6	65	12	72	5	29	
13	57	17	22	19	6	0	67	18	34	14	36	10	31	11	12	1	43	4	14	
19	33	16	75	0	54	11	37	18	38	12	50	9	15	13	71	
1	19	7	66	14	70	15	40	13	74	
17	22	13	1	1	2	2	44	11	9	3	57	4	6	15	28	12	59	
2	56	13	10	11	46	8	1	9	57	
0	45	1	65	10	64	3	20	9	25	17	1	18	49	14	52	
3	63	14	65	19	25	0	74	17	18	18	50	13	43	7	52	
10	1	19	21	16	3	5	5	2	15	14	44	9	18	0	41	4	37	
14	13	0	74	1	58	6	48	3	46	9	73	2	41	
1	73	11	47	3	39	0	71	4	59	7	11	10	7	
5	24	18	54	2	10	17	11	16	74	6	2	9	27	1	13	12	35	
11	73	1	59	10	9	14	51	13	45	17	11	18	74	6	42	4	66	19	29	
5	39	7	74	18	22	1	50	11	24	16	32	12	33	19	46	3	48	0	57	15	70	17	27	
7	74	3	28	10	22	13	7	1	65	8	27	0	44	15	48	11	2	5	70	
0	34	2	45	13	48	16	67	17	2	4	23	12	8	11	3	10	64	7	47	18	65	5	21	
1	65	9	11	8	25	16	47	3	70	
11	8	15	52	12	70	14	16	19	65	2	39	10	6	16	12	5	4	
7	6	5	23	13	60	12	25	16	72	11	67	17	7	8	44	
0	38	2	54	13	31	19	1	7	41	14	45	18	16	12	65	9	36	4	73	5	63	8	39	
2	56	16	26	14	42	0	63	18	55	17	13	12	25	9	46	
13	15	0	58	10	17	4	33	15	42	11	40	5	4	9	11	16	23	14	7	
14	20	1	64	7	71	2	30	19	1	4	21	
15	38	2	34	6	17	1	57	11	41	10	16	19	39	3	7	
10	12	14	59	4	55	8	62	16	38	13	65	18	2	5	29	12	1	
18	64	17	39	7	33	10	11	15	72	19	56	4	1	8	73	16	51	3	69	12	42	9	63	
5	34	7	36	16	38	2	2	3	30	10	33	
4	53	11	39	0	52	17	28	12	75	6	18	15	15	2	55	7	16	14	38	13	11	16	10	
18	33	6	39	12	9	3	25	10	54	13	30	9	55	
5	29	2	54	7	68	16	39	12	52	15	11	4	20	
10	63	2	71	9	1	13	49	16	20	5	29	12	6	18	56	
7	3	12	12	18	40	11	41	10	59	3	20	1	7	0	72	14	36	17	24	5	16	15	63	
5	7	3	15	12	9	4	69	15	41	
9	43	3	33	0	26	4	47	13	19	6	65	2	66	7	1	16	69	17	55	10	58	18	59	
1	34	7	52	17	68	4	67	11	57	10	13	8	1	18	30	19	48	
13	59	3	27	10	63	7	50	19	2	17	60	
8	60	13	4	9	24	7	68	14	25	19	55	18	54	6	20	
13	34	14	41	8	42	7	5	12	31	11	39	5	64	3	9	
11	60	12	70	4	37	6	42	15	25	9	67	3	53	18	7	0	41	1	57	19	56	16	62	
16	60	3	21	9	25	2	15	8	37	19	16	11	13	18	58	
14	74	15	25	10	57	16	19	12	20	7	24	11	33	2	41	8	47	13	50	9	49	18	4	
3	22	7	36	12	45	19	62	9	64	11	70	2	32	
19	65	14	36	9	44	17	18	8	70	11	53	1	3	
17	24	1	36	18	62	12	18	15	28	7	31	14	46	
15	66	5	39	17	19	0	22	4	69	1	44	2	53	11	48	18	15	13	13	
7	26	18	65	10	34	19	14	4	27	
3	61	1	5	4	13	6	6	10	41	14	69	7	33	
5	7	18	23	0	13	14	15	1	33	16	61	13	20	6	6	19	50	8	44	
2	41	5	20	11	11	10	17	1	21	
19	18	15	22	3	53	9	6	18	47	14	64	13	54	0	12	2	24	
5	62	19	47	9	6	11	34	3	27	17	24	
8	73	17	61	18	45	13	52	9	54	1	53	
17	21	7	14	14	34	12	45	13	22	
4	74	1	17	19	4	11	1	3	20	0	16	6	27	18	53	2	43	17	70	14	3	
15	56	17	67	4	45	13	25	18	29	8	62	14	32	3	73	0	36	12	38	9	12	10	65	
8	48	13	8	9	54	17	1	2	63	16	34	18	71	0	17	1	52	4	44	3	57	
12	26	7	36	11	22	19	58	8	57	6	19	1	14	2	40	3	72	15	70	18	39	
19	28	5	32	10	31	17	45	16	54	13	55	11	75	
4	45	5	18	11	66	8	32	2	42	3	50	0	28	12	12	6	64	9	75	17	47	
13	63	19	56	12	19	15	39	10	42	9	6	17	46	
19	10	6	52	2	18	16	65	4	12	1	56	
12	48	19	25	9	67	14	38	17	10	16	75	6	44	15	31	1	71	2	9	
2	55	18	49	16	4	9	23	17	40	0	46	15	63	3	29	
2	31	17	53	12	40	5	27	4	29	7	42	6	54	1	38	3	24	15	69	
4	60	19	5	13	54	7	44	18	65	
10	24	4	17	15	48	8	4	0	43	3	70	12	60	16	18	14	21	5	22	6	33	13	42	
11	27	12	1	14	23	15	56	13	54	4	9	0	44	
2	20	4	59	7	36	11	1	0	25	1	43	9	55	10	74	5	39	12	34	
14	11	16	5	13	19	10	34	3	33	9	74	
12	55	17	64	1	70	8	11	18	4	7	72	19	31	
11	44	8	16	3	18	5	43	7	24	0	59	
2	29	0	19	12	28	4	26	18	51	1	58	9	17	8	59	
3	61	14	30	15	19	17	11	10	40	12	31	7	26	
5	67	6	70	16	43	4	35	3	38	19	29	8	31	
4	12	19	72	13	41	11	30	10	54	1	58	0	62	15	15	18	38	6	3	16	50	2	75	
19	34	2	30	9	9	15	39	4	69	11	31	5	12	16	57	13	50	8	64	
1	4	18	26	3	62	2	17	16	13	19	56	5	61	17	7	8	63	0	20	4	23	
11	74	13	9	5	6	19	1	4	55	1	2	6	67	14	14	16	43	17	68	9	33	
16	68	4	21	8	44	12	10	2	75	5	61	9	12	14	15	1	60	17	1	15	63	
2	30	3	74	4	3	8	66	15	69	17	25	11	12	19	56	7	2	16	28	
2	51	15	50	3	35	1	6	11	68	4	46	12	2	
19	26	10	72	16	50	9	65	14	43	5	1	1	27	11	59	3	42	4	4	2	36	
13	8	3	19	10	74	16	69	2	56	
1	42	0	21	19	65	8	53	7	10	4	70	16	44	
11	34	17	53	9	43	2	66	13	56	
18	20	2	31	16	17	0	40	17	49	8	50	19	48	12	33	15	15	14	51	
9	13	6	52	16	49	12	72	14	1	7	73	10	32	5	61	0	37	3	71	2	48	
3	50	1	43	19	64	16	45	7	18	14	63	17	27	11	42	15	55	4	52	
10	1	2	56	13	45	0	6	1	8	19	42	8	12	17	59	12	47	
7	67	4	41	10	43	18	18	0	3	17	64	
11	38	18	9	1	30	8	4	7	7	3	44	5	52	19	72	9	23	2	20	13	66	
10	21	1	63	13	11	5	24	9	45	17	5	8	16	11	71	4	44	15	10	18	56	3	13	
10	26	3	18	5	69	11	50	2	67	4	48	6	42	17	32	9	57	13	49	
5	62	4	6	18	75	11	17	3	65	12	68	
3	62	9	31	1	11	11	37	17	2	8	12	19	17	6	43	12	58	7	24	

All component type numbers for each job to be processed by MFPM
8	5	6	3	0	21	4	4	
8	26	9	49	3	41	
7	21	5	15	3	23	6	25	1	24	
9	32	6	50	1	27	5	30	
4	20	2	25	1	3	8	21	0	15	
8	49	5	45	
8	3	0	15	7	19	
5	27	8	31	2	46	
2	4	6	19	7	3	8	17	5	15	
3	32	7	46	9	26	1	40	
0	12	6	19	9	16	5	8	
0	41	7	44	6	28	
6	24	0	15	
6	46	
1	21	7	24	6	4	
2	50	9	47	4	31	
8	10	1	7	3	24	
0	45	2	50	
0	3	9	4	8	8	1	21	4	17	
6	33	2	29	3	28	1	45	
0	1	7	20	
8	50	4	29	9	34	
5	15	6	12	
7	45	3	32	4	46	
4	13	3	16	8	1	
7	34	9	37	6	41	5	50	
8	6	9	2	0	16	1	14	5	11	
4	29	
9	1	3	13	0	20	8	6	
9	36	2	26	0	43	7	39	
3	23	
8	39	0	37	1	46	4	34	
2	5	3	13	8	10	
9	38	3	46	2	33	0	43	5	50	
8	13	7	7	9	3	
9	27	7	33	4	46	3	32	2	31	
3	25	
0	45	4	41	
0	24	7	16	6	21	9	8	8	22	
5	40	2	39	
8	3	3	21	7	7	0	8	6	25	
4	32	7	30	
2	13	3	9	0	10	7	18	
6	28	8	43	
8	18	
4	50	6	27	8	38	9	35	
2	7	8	9	6	11	
0	45	8	38	4	28	2	41	5	34	
6	22	
3	26	2	44	1	38	9	36	
8	19	
2	35	9	33	7	29	5	39	
9	18	
7	47	3	33	9	38	2	40	8	48	
4	15	0	10	1	21	9	17	
8	43	1	48	4	30	9	47	
9	17	0	13	4	15	
6	30	9	37	
6	23	0	13	9	19	7	2	5	24	
9	37	
5	4	2	6	0	21	
0	46	7	36	2	40	
3	12	
5	50	
7	9	
4	45	
8	2	4	6	3	19	6	3	0	12	
6	46	3	42	5	26	
3	3	0	8	
5	46	
0	25	5	3	6	21	
3	30	1	27	8	35	5	46	4	34	
2	13	0	8	4	19	3	5	9	21	
2	28	3	32	9	37	
6	12	5	3	
7	41	8	38	
3	25	
4	41	7	33	
2	20	8	11	6	3	9	16	7	24	
2	48	3	38	4	45	8	31	
3	10	6	9	8	4	2	22	
1	40	5	38	7	33	
8	19	0	13	3	10	4	12	2	1	
1	30	5	27	
4	3	6	23	7	21	
3	39	6	47	9	45	
8	6	9	16	
0	39	9	45	
3	8	9	15	
4	47	6	50	
5	5	9	10	0	7	7	14	6	9	
8	50	
4	10	3	6	
9	29	0	42	
5	16	3	15	
6	32	0	47	
0	9	4	13	
0	40	1	44	
8	21	5	1	
1	33	5	28	9	38	8	48	
9	2	1	7	8	5	
0	49	1	46	2	32	8	33	7	37	
2	21	9	15	4	14	
8	39	0	41	7	40	6	27	
4	9	
3	38	1	46	
5	22	1	9	
0	36	3	38	5	33	1	27	
2	7	
8	31	9	28	4	44	
6	25	7	17	3	10	8	13	
0	37	6	48	2	39	8	38	9	30	
5	18	7	1	
6	28	7	42	2	33	3	35	0	45	
1	10	5	5	6	6	0	11	4	18	
7	47	9	29	2	26	5	46	8	43	
3	14	0	21	9	20	
0	47	
0	14	6	9	
2	39	7	48	9	44	
2	2	0	13	5	17	1	7	
5	36	
5	16	9	22	0	23	4	21	1	15	
2	33	1	27	3	44	6	42	9	37	
1	11	9	4	3	5	6	12	
1	42	6	33	
2	11	3	4	5	24	4	8	6	5	
5	43	4	33	7	41	
5	13	1	17	2	24	8	21	
9	33	3	31	7	37	
8	11	9	21	4	15	
3	49	
8	16	9	21	1	6	0	8	
5	49	4	45	
8	22	5	10	0	24	
7	26	3	32	
2	8	6	23	9	12	
5	38	4	46	
8	21	1	7	3	24	
9	39	8	43	5	34	7	36	3	37	
7	2	4	5	3	3	1	9	
8	33	0	38	4	43	
2	22	
0	50	7	31	4	43	
8	25	0	23	4	4	9	3	6	9	
2	34	3	47	4	33	6	40	
5	10	9	25	4	7	
8	43	1	37	7	32	4	28	
1	1	2	4	5	23	8	10	
1	46	2	35	3	44	
1	5	9	17	
0	35	9	38	4	44	7	49	
9	25	0	4	5	18	3	19	4	1	
7	27	8	34	5	50	3	39	1	33	
1	20	5	15	4	17	6	22	
4	45	2	36	6	32	
7	22	
8	33	5	47	3	31	
8	5	1	15	3	23	
4	33	9	41	
8	1	1	21	
4	36	1	35	
8	14	1	17	6	16	3	21	7	8	
3	43	6	34	4	27	9	26	
3	5	
8	27	5	45	1	30	9	46	6	41	
7	10	6	8	3	19	4	15	2	1	
3	34	9	39	2	47	
8	1	3	25	7	3	4	7	2	13	
7	44	
1	13	3	8	0	21	
4	36	6	28	0	48	1	45	
6	13	8	17	2	7	
9	50	3	37	2	35	
1	3	5	20	
7	27	
2	8	5	25	
8	47	7	35	3	50	
4	11	0	7	7	8	
4	49	1	33	2	35	5	38	
5	6	0	23	
2	50	
6	18	4	16	5	10	9	12	
6	40	4	29	1	38	
5	9	
4	38	
4	11	1	13	
0	38	
9	19	8	7	1	1	0	13	
2	46	
2	18	
3	36	7	41	0	39	
7	6	8	23	5	11	0	15	
9	43	0	42	
9	2	6	25	4	24	
1	40	0	48	5	47	
9	14	6	18	7	10	
0	32	9	45	6	33	2	28	4	30	
2	8	7	1	4	2	
5	43	8	28	9	48	3	30	2	50	
3	3	
8	38	5	29	9	37	
6	8	2	19	4	21	
1	27	4	50	0	34	
9	20	7	3	5	11	0	7	
9	31	7	43	
3	3	5	15	1	16	6	5	
9	40	8	44	
4	7	
2	41	
8	8	2	6	
6	39	5	37	9	45	8	43	
8	11	3	3	5	14	7	6	0	17	
9	27	6	48	2	50	0	34	
6	24	2	12	8	3	5	8	1	2	
9	27	4	49	
7	9	
5	26	1	47	0	29	
9	21	
5	35	0	43	6	36	3	45	
3	18	8	15	9	6	0	5	2	1	
1	46	7	41	0	29	3	32	6	26	
6	24	5	22	3	7	1	23	2	21	
6	34	7	30	1	39	5	27	
4	8	
7	33	8	46	
5	10	1	17	8	23	4	5	7	1	
3	48	
7	10	
4	37	9	50	1	47	
5	10	1	8	
8	35	5	41	9	43	2	32	
5	13	1	19	2	8	0	15	9	6	
0	26	1	31	
4	18	0	2	3	1	7	21	9	10	
5	47	6	46	
8	20	6	7	0	11	
4	34	
1	15	2	6	9	24	4	13	
1	26	9	31	4	33	
8	16	0	25	4	22	
7	35	5	41	1	36	2	30	
0	11	
7	35	
4	8	0	16	7	11	1	23	5	6	
3	42	7	49	9	26	2	35	
4	16	5	25	7	15	0	11	
0	34	4	46	2	27	7	32	9	47	
8	17	
7	40	0	45	
5	19	0	3	4	9	
0	32	3	46	9	28	8	50	
1	23	2	12	7	22	6	7	
7	34	
8	3	9	25	3	18	
7	41	
6	6	7	21	
2	46	6	33	7	48	9	27	
8	5	0	25	9	18	5	11	1	3	
6	48	8	40	9	49	1	39	
6	5	9	19	8	1	
8	44	7	45	
0	15	6	4	7	11	2	23	
0	37	
5	5	0	14	7	17	
6	29	1	35	4	27	8	31	2	50	
5	2	0	9	2	16	3	23	9	7	
5	44	4	32	1	50	9	41	
2	11	0	15	3	16	9	18	
0	42	
5	4	3	9	7	22	
7	30	6	41	5	47	4	48	
6	16	5	4	3	10	
3	35	1	31	9	42	2	50	4	32	
7	25	5	5	8	6	6	1	9	2	
1	29	
7	23	9	6	0	19	
1	36	7	44	5	31	6	50	
8	3	4	19	
3	39	1	34	6	27	9	32	
3	23	
5	41	
2	1	7	17	9	13	
6	34	4	50	8	29	5	32	7	48	
9	22	5	24	8	23	
2	35	3	37	1	46	0	33	8	42	
6	20	1	7	2	12	5	5	8	1	
9	30	7	45	3	42	4	38	5	34	
4	14	3	13	1	20	8	24	0	25	
3	46	6	45	7	27	
9	20	2	19	5	21	
5	33	0	40	
8	15	6	20	3	6	
4	35	1	26	9	48	
3	13	5	15	
8	32	5	36	
5	2	4	11	8	7	9	25	0	1	
7	38	5	43	1	40	6	47	9	31	
7	18	4	9	6	11	
1	39	4	42	0	50	
2	16	
5	43	2	37	9	26	
6	8	2	20	9	14	0	3	
0	49	2	45	1	41	
0	23	5	22	1	25	6	15	
1	47	9	45	
2	2	
1	35	5	30	0	40	3	29	7	48	
9	17	3	12	
8	43	1	35	
4	22	7	24	
5	28	6	31	0	46	
9	21	1	11	
4	40	8	48	3	31	6	42	
5	15	9	19	
8	32	
7	22	4	3	9	24	3	21	1	7	
4	37	1	27	3	43	8	36	
1	13	4	17	9	10	8	22	
7	46	8	29	1	44	0	39	
3	23	7	20	6	15	
4	42	5	39	2	37	
8	23	7	12	0	22	3	20	5	4	
2	28	9	39	7	45	5	27	
9	11	1	2	6	24	4	7	3	16	
0	34	2	29	
2	8	0	3	3	2	5	22	
3	40	
0	11	1	23	8	4	6	12	5	10	
9	37	4	26	2	45	6	44	
1	19	
8	29	2	30	9	47	
4	11	5	21	3	25	2	17	6	23	
4	50	8	42	
2	18	0	15	5	13	
8	28	1	36	2	33	
4	22	2	14	7	21	0	25	1	3	
9	41	
0	10	2	25	3	5	4	7	
0	38	7	41	2	44	
9	18	1	24	8	20	0	9	2	13	
6	36	0	38	1	27	
2	22	9	4	7	14	
8	26	5	34	
5	9	1	21	4	6	9	24	0	3	
9	32	1	30	7	38	0	27	
1	8	
8	39	
0	22	6	5	
9	33	4	46	5	28	
7	18	1	20	8	12	6	24	
5	31	6	39	
1	3	4	5	8	6	2	14	
1	29	2	48	5	45	
8	14	7	23	5	9	
0	26	
8	14	
4	50	6	40	5	34	0	29	8	47	
7	6	2	4	0	17	4	25	6	7	
4	34	5	38	
5	13	6	9	7	8	9	11	8	24	
3	39	
7	15	2	9	3	7	5	22	
4	40	0	29	7	36	2	27	
3	9	1	4	0	16	6	7	
4	32	6	28	
9	16	4	22	6	4	
4	31	2	34	7	32	
2	16	9	8	6	17	5	23	
2	46	3	28	
6	24	3	3	0	15	8	18	
4	43	3	50	
8	19	7	23	
8	30	4	44	2	27	1	28	0	35	
9	16	3	9	4	14	0	18	1	1	
7	37	4	33	
0	3	1	17	3	16	7	21	
9	38	3	43	
4	6	6	25	3	23	
4	49	
0	2	4	10	8	17	
5	28	1	34	7	36	
4	21	6	1	2	19	5	20	8	13	
0	29	2	37	
7	3	
4	45	7	34	
4	18	3	24	5	6	1	23	7	3	
1	40	3	43	6	34	7	37	
4	14	7	18	
1	36	8	32	4	31	0	43	2	50	
9	23	0	7	1	14	4	21	2	8	
8	48	
8	21	3	3	6	24	
4	49	8	44	2	47	
8	21	1	25	0	8	
2	34	0	47	6	28	1	31	
8	4	
4	46	2	30	
1	15	6	20	9	22	7	18	
8	41	0	28	6	27	

Three processing times per job on each machine
The best scenario
287	640	302	
564	443	862	
408	371	273	
352	1015	510	
587	1240	1170	
793	418	521	
231	409	314	
1302	678	1079	
354	410	344	
691	354	600	
169	361	252	
134	142	182	
280	573	717	
330	285	550	
597	626	256	
645	1236	1079	
40	122	133	
477	342	498	
532	428	286	
183	324	285	
972	826	365	
122	123	208	
855	341	894	
108	225	387	
542	211	598	
120	358	249	
775	725	1005	
92	369	124	
986	1057	1128	
740	735	417	
467	803	349	
270	445	199	
271	727	240	
86	128	175	
776	766	445	
77	47	52	
579	368	547	
125	137	253	
464	446	581	
462	490	383	
310	674	424	
129	181	216	
661	321	271	
796	381	588	
753	520	533	
197	101	390	
551	534	819	
564	635	719	
691	882	773	
208	139	269	
297	566	198	
537	569	715	
456	346	323	
371	485	414	
748	158	703	
205	209	415	
152	227	295	
986	737	861	
838	417	494	
289	322	408	
270	238	210	
311	631	345	
225	430	654	
513	408	494	
698	558	370	
360	485	379	
66	166	159	
181	115	89	
493	1031	414	
629	438	1178	
429	241	432	
691	417	274	
267	503	121	
241	193	667	
61	206	119	
212	196	90	
503	349	414	
629	274	398	
172	764	171	
422	392	630	
321	180	76	
396	823	238	
278	347	390	
335	375	524	
94	126	255	
503	631	480	
262	437	826	
625	338	613	
337	213	248	
336	485	162	
728	571	312	
359	407	173	
75	138	190	
540	722	482	
209	153	233	
48	201	320	
221	212	243	
860	544	814	
1072	354	473	
285	325	271	
500	665	246	
161	295	221	
503	290	496	
859	350	1122	
170	120	83	
529	432	638	
140	103	112	
250	546	255	
222	249	196	
379	228	175	
524	332	343	
206	356	287	
364	987	1132	
749	237	857	
219	650	876	
752	432	515	
422	255	491	
267	314	185	
267	233	82	
146	76	174	
240	378	309	
211	51	169	
372	420	459	
222	552	204	
244	267	262	
425	387	1015	
573	1145	869	
176	91	135	
1253	896	728	
799	760	1003	
628	395	545	
484	352	167	
153	121	177	
546	112	250	
218	311	566	
207	145	158	
533	616	269	
56	105	66	
243	394	315	
216	269	463	
513	450	576	
547	554	352	
424	297	135	
174	278	570	
306	477	805	
279	320	448	
353	179	135	
577	143	736	
170	522	425	
324	574	345	
711	743	430	
536	352	1289	
553	391	382	
150	229	415	
498	287	621	
457	192	185	
238	62	86	
310	400	223	
45	101	71	
738	653	429	
74	96	72	
308	316	1273	
258	158	253	
412	341	674	
379	209	354	
666	528	410	
520	634	364	
364	507	455	
648	419	433	
149	127	130	
768	742	1122	
365	680	452	
204	151	535	
849	568	846	
383	630	472	
166	183	237	
98	123	51	
125	115	64	
379	335	491	
126	159	192	
439	384	538	
315	390	199	
329	665	598	
432	959	572	
144	642	227	
342	827	289	
99	179	170	
738	332	241	
171	174	96	
195	610	395	
465	357	294	
325	266	434	
141	48	66	
76	218	97	
449	722	516	
105	145	48	
422	640	528	
189	257	327	
242	259	364	
417	133	155	
Most likely scenario
294	776	463	
656	567	940	
492	644	398	
542	1083	517	
843	1409	1306	
1098	832	652	
264	603	539	
1400	1325	1164	
525	551	368	
778	635	827	
336	489	256	
159	195	230	
532	709	899	
498	330	859	
598	752	337	
1039	1261	1160	
75	123	238	
933	639	506	
582	474	288	
218	549	315	
1323	886	641	
189	139	220	
1252	459	958	
116	350	407	
639	312	752	
170	599	347	
778	1198	1097	
156	397	160	
1292	1343	1269	
986	917	794	
535	820	359	
417	726	327	
458	1177	318	
152	193	202	
1166	1073	604	
90	63	64	
777	511	889	
214	236	271	
569	485	1028	
561	533	469	
375	1004	618	
196	302	247	
905	532	381	
930	556	732	
807	588	827	
336	159	545	
558	678	1432	
756	807	758	
1164	1327	928	
361	244	455	
400	855	339	
847	783	1105	
479	411	536	
667	633	720	
749	224	713	
278	398	422	
287	351	383	
1177	1266	1079	
1118	784	534	
468	537	516	
307	335	251	
608	711	464	
347	668	748	
945	748	725	
874	779	454	
415	624	462	
132	217	183	
228	225	141	
649	1242	577	
723	497	1409	
661	326	586	
740	667	339	
525	523	221	
268	364	936	
96	221	195	
387	298	179	
727	690	565	
669	372	565	
323	860	333	
432	482	757	
371	336	150	
468	837	355	
436	438	393	
598	569	621	
96	200	339	
779	866	773	
404	751	1203	
710	525	671	
543	308	283	
378	795	205	
990	990	505	
564	422	212	
83	186	272	
658	1254	658	
293	270	327	
95	252	380	
330	389	300	
861	603	1026	
1272	441	474	
305	582	305	
603	1089	367	
184	328	363	
512	580	642	
949	545	1178	
284	161	150	
870	617	914	
179	131	189	
251	582	292	
331	303	281	
640	401	320	
564	580	593	
315	425	320	
638	1067	1213	
767	252	999	
313	1215	1146	
812	658	618	
525	444	496	
280	418	344	
357	356	153	
182	112	211	
356	491	569	
228	76	276	
698	825	497	
443	609	318	
249	334	402	
517	582	1140	
751	1267	1011	
242	108	165	
1270	1104	986	
913	961	1009	
897	487	1052	
923	438	261	
249	239	272	
549	224	285	
351	480	973	
342	219	190	
833	765	340	
59	143	128	
367	434	409	
219	290	609	
966	837	1002	
704	810	454	
554	532	202	
233	414	617	
339	822	811	
445	586	676	
454	264	156	
940	277	887	
219	570	435	
633	654	461	
1169	785	763	
1035	652	1544	
607	535	396	
263	242	571	
727	565	755	
502	359	225	
294	123	143	
371	515	368	
68	137	125	
887	857	474	
119	118	76	
340	572	1320	
360	170	389	
435	628	730	
556	235	506	
706	561	622	
574	1099	572	
475	620	496	
880	783	601	
164	149	184	
1128	1054	1293	
680	785	895	
406	226	629	
927	741	859	
473	817	654	
330	320	255	
155	203	90	
170	157	105	
563	618	953	
162	220	252	
547	541	661	
556	647	308	
496	764	833	
812	1078	1060	
286	693	431	
640	859	303	
148	338	176	
814	354	419	
249	208	183	
270	719	473	
742	543	452	
598	379	693	
279	81	89	
88	269	152	
857	911	833	
129	199	74	
828	831	583	
284	441	572	
383	386	492	
482	226	208	
The worst scenario
420	1099	577	
870	642	1338	
581	913	421	
661	1368	523	
1063	1916	1379	
1296	911	845	
349	825	739	
1454	1650	1267	
546	770	468	
842	855	993	
483	558	333	
171	285	281	
752	746	1006	
550	361	1134	
868	1125	352	
1067	1691	1289	
106	124	338	
1091	955	561	
611	695	338	
293	738	361	
1655	1107	672	
214	159	255	
1400	586	1380	
117	510	529	
735	349	1022	
250	860	505	
822	1623	1557	
169	549	186	
1658	1452	1491	
1057	1180	1163	
649	913	412	
453	837	467	
641	1211	433	
196	275	226	
1608	1527	753	
124	73	80	
916	572	1195	
260	305	395	
682	622	1177	
800	720	592	
562	1230	748	
207	411	340	
1345	636	407	
1241	690	739	
1141	661	1051	
467	186	613	
721	903	2063	
1005	1157	1054	
1487	1429	1378	
450	337	562	
502	1166	419	
1030	1168	1110	
505	594	565	
672	940	1009	
985	317	989	
343	559	453	
302	432	422	
1319	1695	1274	
1326	828	659	
607	667	760	
352	460	357	
782	734	633	
511	949	878	
1115	969	821	
1013	1031	523	
437	856	478	
192	278	198	
316	296	203	
870	1607	697	
746	560	1416	
717	425	780	
769	805	351	
720	630	318	
315	521	947	
118	281	220	
417	445	194	
1084	985	804	
671	547	612	
408	952	448	
516	655	813	
545	392	156	
602	1106	369	
530	626	482	
712	700	815	
97	221	438	
1136	1247	1026	
557	878	1610	
1016	625	904	
590	389	353	
550	1002	221	
1257	1199	610	
766	442	229	
106	202	324	
750	1521	912	
418	326	453	
108	294	533	
366	471	319	
886	615	1124	
1591	650	503	
366	834	374	
658	1370	393	
224	331	436	
515	703	826	
1288	742	1605	
333	181	164	
1016	856	1042	
196	175	234	
322	724	302	
475	408	310	
674	413	351	
651	766	755	
456	532	328	
880	1359	1762	
1024	345	1324	
355	1360	1157	
965	731	640	
647	565	573	
359	540	383	
444	517	224	
206	150	215	
391	676	823	
249	108	279	
860	894	614	
643	911	468	
355	442	522	
525	820	1315	
838	1727	1245	
323	123	188	
1318	1651	1159	
1319	1311	1106	
1066	603	1537	
1105	569	314	
366	249	292	
635	250	354	
452	509	1074	
471	232	253	
1013	773	421	
78	202	174	
477	458	457	
291	314	890	
1362	1071	1276	
996	1115	585	
815	694	296	
339	615	698	
446	939	1071	
586	805	744	
582	282	209	
1238	323	1252	
274	765	513	
865	667	493	
1458	949	1037	
1343	831	1665	
883	615	454	
388	352	631	
742	775	890	
650	420	282	
352	165	182	
554	723	465	
89	187	137	
952	1235	617	
152	149	88	
452	795	1483	
446	250	474	
500	809	789	
728	265	638	
984	612	696	
850	1423	852	
709	804	624	
1253	869	776	
190	166	216	
1226	1488	1372	
755	1159	1032	
440	265	825	
1003	809	1141	
664	995	874	
360	460	276	
206	298	109	
192	160	121	
772	729	1127	
197	295	340	
732	595	691	
666	652	450	
554	1061	921	
849	1219	1356	
397	801	634	
792	885	341	
173	364	246	
928	440	474	
318	225	269	
370	921	689	
1062	712	499	
731	538	756	
372	87	127	
121	307	175	
1255	1219	931	
134	209	104	
1127	1037	711	
385	612	821	
412	460	700	
644	239	271	
