Factories	5	Jobs	50	Machines	2

Total number of component types per job processed by HSPM
6	5	12	8	9	9	7	10	11	12	6	12	11	6	12	6	6	9	5	12	9	10	5	9	9	9	5	6	8	6	9	8	11	7	6	9	10	8	10	5	7	10	12	7	11	7	6	5	5	5	

Total number of component types per job processed by MFPM
3	3	2	5	5	3	2	5	5	2	5	1	1	4	5	1	3	1	5	3	1	1	3	1	3	3	2	5	1	5	3	3	2	1	4	5	2	2	4	2	3	1	5	3	4	3	2	3	2	4	

All component type numbers for each job to be processed by HSPM
15	40	2	61	8	73	19	21	4	8	9	31	
11	2	7	68	9	21	2	10	1	5	
18	74	11	35	17	53	9	75	12	68	2	21	19	67	10	41	14	18	7	42	5	60	13	52	
17	10	2	19	7	46	12	50	9	63	5	18	8	7	3	51	
4	26	7	10	5	4	6	41	14	74	11	37	8	72	12	46	13	19	
18	55	12	67	1	37	16	3	10	60	0	50	3	71	15	40	11	42	
1	37	10	75	2	31	4	11	11	13	0	56	3	70	
12	2	11	33	19	21	18	36	13	29	10	70	1	49	0	56	8	32	17	51	
10	53	8	13	6	45	5	68	19	69	17	63	1	36	13	11	11	29	0	50	9	48	
18	53	19	51	5	70	2	16	7	69	15	39	0	58	14	23	17	65	8	2	12	74	10	35	
6	45	18	3	2	75	9	22	19	61	7	67	
19	35	2	74	11	66	4	8	12	36	5	34	1	5	15	26	13	25	16	12	10	17	3	57	
0	10	7	42	12	61	4	4	14	43	17	74	8	73	3	49	9	30	18	12	19	58	
7	24	1	48	0	55	16	29	15	72	8	30	
1	9	8	71	9	68	5	22	14	66	11	36	17	69	4	67	7	72	2	18	3	8	12	7	
0	38	1	15	14	14	17	72	15	1	11	36	
14	73	0	22	6	44	4	11	15	62	5	45	
15	73	14	27	13	8	2	10	5	63	0	39	19	43	10	52	16	38	
9	64	13	66	7	17	3	63	10	58	
7	68	14	17	5	44	19	56	10	14	16	3	15	35	4	5	13	72	6	59	0	39	2	53	
4	8	15	3	0	57	19	1	9	27	5	58	17	19	12	17	6	34	
11	7	19	19	4	1	10	33	14	71	13	49	0	68	12	74	17	64	18	18	
3	2	16	23	0	29	2	30	15	50	
16	67	5	59	0	37	18	54	3	69	11	32	15	45	7	6	14	22	
16	49	11	43	8	53	10	52	0	15	3	48	13	58	4	34	19	69	
18	53	5	23	1	66	9	45	14	67	11	3	16	63	8	6	7	42	
19	4	1	55	8	37	6	69	12	66	
0	28	11	39	6	49	2	68	17	36	10	22	
11	7	8	12	18	67	19	75	2	68	13	73	7	70	10	23	
17	55	2	74	3	30	19	44	18	4	11	38	
15	51	13	31	0	66	12	49	4	26	17	57	11	17	1	35	9	58	
14	55	17	24	7	40	16	46	12	60	2	37	4	66	18	63	
3	38	2	69	1	35	0	30	9	37	10	54	13	60	18	36	7	3	15	47	6	48	
10	73	13	49	15	35	8	29	4	25	6	10	19	51	
9	25	13	19	18	23	3	68	1	46	2	65	
7	22	10	48	0	39	4	47	19	27	14	34	16	53	2	19	18	44	
7	63	17	30	14	45	12	15	19	26	9	54	8	66	1	70	2	55	3	27	
10	70	4	58	1	34	13	66	0	42	19	30	18	64	8	8	
18	21	8	45	5	54	0	64	14	44	19	37	11	12	17	3	16	29	3	7	
10	69	16	39	5	20	8	36	13	62	
0	20	15	36	14	12	8	69	7	43	9	39	3	33	
14	62	4	66	16	25	7	15	0	57	12	22	19	23	13	33	17	26	6	52	
11	54	9	38	0	33	1	14	6	51	10	64	13	28	12	13	18	26	8	68	16	42	19	23	
11	30	8	25	2	70	4	28	14	65	7	55	9	68	
11	45	6	70	13	61	1	11	5	7	0	59	7	26	8	15	18	47	9	27	14	53	
6	69	17	45	12	51	8	34	13	71	3	66	4	63	
12	68	11	20	14	5	2	24	0	57	8	47	
9	12	15	62	4	54	16	52	13	73	
18	18	0	31	5	43	2	55	16	1	
13	26	17	25	19	52	12	23	9	73	

All component type numbers for each job to be processed by MFPM
5	24	9	5	2	22	
5	18	1	23	8	24	
2	19	8	24	
4	5	8	13	5	15	9	12	6	21	
2	7	3	23	1	1	5	6	4	12	
8	3	6	19	2	25	
8	25	4	17	
9	11	3	6	8	19	7	17	2	5	
3	1	7	11	1	2	9	8	2	17	
9	13	3	1	
5	10	9	2	6	3	0	17	8	22	
4	24	
9	14	
3	3	0	7	6	1	2	8	
5	1	8	7	4	17	6	8	7	21	
0	3	
5	4	0	15	1	18	
4	12	
1	15	7	9	8	8	0	14	4	18	
3	20	7	9	8	13	
6	10	
3	21	
8	3	5	16	0	14	
8	21	
9	25	0	14	1	6	
4	8	5	15	9	10	
5	24	7	8	
3	14	5	7	4	20	1	4	9	3	
4	7	
7	7	5	10	3	15	2	18	8	20	
4	11	7	9	8	1	
6	18	5	7	9	13	
1	3	5	25	
1	3	
4	15	0	6	3	3	6	4	
8	2	9	14	1	7	0	11	5	24	
3	17	2	3	
6	24	4	6	
8	19	6	11	9	1	5	14	
0	4	3	13	
6	22	1	17	9	16	
2	14	
1	13	9	17	7	22	0	19	2	21	
3	23	2	8	0	11	
4	13	2	20	5	4	9	3	
0	7	3	6	5	9	
9	17	0	4	
4	3	5	5	2	6	
5	13	0	14	
3	5	4	8	6	6	0	24	

Three processing times per job on each machine
The best scenario
545	443	
265	249	
50	62	
80	207	
81	62	
235	129	
237	196	
96	146	
35	43	
243	251	
69	68	
166	151	
100	32	
355	136	
312	257	
469	286	
111	177	
160	140	
148	345	
125	191	
156	379	
374	190	
47	49	
205	219	
83	174	
234	159	
128	164	
93	76	
201	129	
237	263	
17	32	
250	171	
57	198	
70	78	
286	188	
371	295	
62	51	
48	59	
116	44	
164	77	
232	100	
94	231	
137	77	
52	92	
119	115	
93	157	
242	277	
339	260	
32	92	
98	241	
Most likely scenario
576	486	
274	318	
62	65	
123	333	
141	119	
303	157	
367	307	
126	163	
62	73	
332	371	
75	78	
197	266	
117	56	
504	158	
381	450	
512	326	
148	270	
244	268	
270	391	
224	287	
187	422	
385	267	
88	73	
267	416	
129	176	
252	277	
171	201	
117	82	
367	206	
323	342	
28	63	
281	214	
96	213	
95	134	
339	292	
413	296	
83	93	
75	60	
148	75	
250	102	
258	138	
185	263	
211	126	
56	110	
206	214	
114	222	
249	356	
423	356	
63	163	
108	246	
The worst scenario
693	679	
373	332	
79	67	
126	375	
192	120	
414	230	
487	369	
188	217	
69	98	
446	446	
88	85	
247	397	
173	70	
690	162	
517	653	
541	418	
149	329	
248	290	
324	505	
238	327	
267	481	
424	389	
103	74	
289	563	
148	222	
305	356	
210	250	
146	88	
522	292	
482	479	
37	94	
297	311	
107	249	
104	150	
344	349	
562	336	
106	135	
80	68	
190	92	
309	131	
333	177	
267	323	
303	177	
80	136	
253	290	
168	229	
344	395	
547	478	
66	232	
146	252	
