Factories	7	Jobs	100	Machines	3

Total number of component types per job processed by HSPM
9	8	10	12	7	9	12	9	11	7	8	11	12	10	8	10	5	9	7	5	6	6	12	6	10	5	7	7	12	5	11	5	11	10	12	11	5	10	11	10	11	7	8	8	9	12	8	7	10	12	8	8	9	7	8	7	11	6	11	9	11	9	6	11	5	7	6	12	7	6	7	6	5	11	11	9	5	5	7	8	10	5	12	8	5	8	5	7	8	8	5	10	12	8	11	9	6	7	8	6	

Total number of component types per job processed by MFPM
3	5	5	5	3	1	1	3	2	3	2	3	1	3	3	4	3	3	5	3	5	5	5	3	4	1	5	2	4	2	4	5	3	1	5	1	2	1	2	4	4	3	1	4	1	3	5	5	3	3	3	2	2	4	2	5	1	4	1	4	5	3	1	2	3	5	4	4	5	5	1	1	5	3	1	3	1	3	3	5	5	3	3	4	4	5	1	3	2	5	1	4	4	1	2	3	3	2	4	5	2	4	1	3	1	1	4	1	5	5	2	4	3	4	3	1	1	2	5	4	3	5	4	2	4	4	5	2	4	5	4	1	5	3	5	3	4	2	1	1	4	4	3	4	2	1	1	1	3	3	4	4	1	2	3	4	5	3	3	4	2	1	2	2	3	4	5	3	4	1	5	4	4	5	1	2	4	2	2	3	5	3	5	4	2	4	1	1	3	3	1	4	4	5	5	3	4	3	2	3	

All component type numbers for each job to be processed by HSPM
15	36	12	15	11	65	10	42	7	22	0	74	18	64	14	75	4	50	
16	11	12	41	5	10	15	23	13	33	19	30	14	19	1	54	
6	21	8	67	2	49	1	20	13	39	11	54	9	28	5	52	16	61	15	64	
19	37	2	57	15	40	4	38	11	64	12	67	3	50	9	34	14	3	18	53	10	58	16	13	
11	18	6	31	18	12	15	66	3	63	0	7	10	10	
19	49	5	6	8	31	11	32	17	9	13	55	3	45	15	69	4	54	
13	71	14	25	3	14	2	20	18	46	17	31	19	29	12	40	16	27	5	18	7	7	10	9	
5	9	17	69	0	33	1	58	10	73	11	7	14	66	4	42	3	15	
15	55	12	50	11	30	7	47	3	3	14	16	1	31	5	34	10	13	4	33	16	66	
11	19	1	57	16	36	10	56	8	64	5	16	19	17	
2	15	7	23	12	68	15	18	8	58	5	50	10	70	1	44	
15	50	3	22	5	11	6	66	16	48	10	72	18	24	12	43	7	20	19	42	2	47	
12	2	3	42	18	73	17	71	9	11	14	16	7	17	16	45	10	65	5	14	8	68	0	43	
13	41	0	4	15	62	6	75	19	26	3	49	14	24	17	1	2	6	12	56	
12	71	5	53	4	55	1	8	6	23	18	15	15	61	0	39	
3	12	16	14	7	4	12	51	1	21	10	6	2	9	13	56	8	19	6	17	
11	26	19	9	0	1	1	52	16	27	
18	32	17	62	7	2	11	48	10	61	4	46	6	13	19	17	5	28	
9	21	14	56	2	28	4	43	3	68	5	1	6	73	
18	62	5	31	1	52	9	46	0	17	
16	11	9	33	7	21	13	55	4	32	0	48	
2	47	3	49	14	38	8	71	15	58	1	26	
3	25	18	65	2	73	8	12	9	24	15	16	4	31	6	55	11	50	19	69	17	41	5	38	
8	31	14	34	17	19	11	73	5	56	10	39	
12	49	7	1	15	37	3	69	5	65	16	35	9	31	4	13	2	33	10	54	
12	39	11	58	4	19	16	33	13	40	
2	19	0	68	15	42	19	74	10	57	3	35	14	26	
9	22	1	28	4	26	2	74	6	71	19	7	3	58	
18	64	15	44	14	26	3	20	8	19	11	48	19	55	9	41	2	56	1	74	17	68	16	46	
11	22	8	21	19	35	15	37	13	38	
6	31	9	53	15	47	8	29	0	57	11	23	16	75	3	3	4	2	18	27	12	50	
6	49	4	46	14	33	18	50	15	9	
19	44	15	50	3	2	13	59	14	28	11	55	2	21	6	75	5	45	1	51	10	23	
18	53	13	71	10	41	1	19	14	16	16	10	15	44	8	54	6	62	5	22	
19	36	14	58	2	10	3	51	5	56	8	49	16	20	11	22	9	29	17	27	4	45	7	75	
12	29	8	61	4	43	19	20	9	39	6	32	7	1	18	9	16	4	17	14	3	37	
10	55	8	65	19	31	12	71	7	32	
0	24	1	21	13	1	3	12	2	9	8	2	16	3	10	52	9	32	5	63	
14	75	11	41	5	13	9	28	4	9	7	54	0	46	1	37	12	70	19	60	17	48	
18	56	16	59	2	30	9	51	10	47	4	18	19	19	13	32	5	9	17	71	
13	54	11	23	12	32	6	40	0	64	7	39	3	61	17	16	15	25	18	20	19	42	
4	2	17	48	3	8	15	32	0	52	6	49	5	25	
8	66	13	62	18	16	15	17	7	64	12	50	16	41	3	28	
10	50	17	8	4	24	18	3	16	48	6	35	3	18	7	64	
15	39	14	9	16	48	0	19	9	16	18	59	2	60	7	35	17	47	
12	51	8	71	4	25	16	17	3	5	19	50	14	38	18	21	2	75	17	60	7	65	9	13	
9	61	11	29	19	46	2	31	18	43	15	57	10	22	17	26	
19	35	6	56	9	33	11	50	2	68	17	31	15	49	
11	50	2	52	5	40	12	6	14	3	9	72	15	26	10	49	8	51	19	27	
17	44	18	71	11	59	10	47	13	70	5	14	14	20	1	29	2	15	9	38	8	21	0	33	
2	35	15	36	6	9	18	20	3	47	19	50	7	25	9	55	
13	30	6	31	10	36	12	24	3	45	8	21	7	14	0	74	
12	57	11	7	13	62	17	61	10	13	9	69	18	34	15	8	1	17	
13	50	14	55	15	16	17	43	9	33	2	24	18	57	
9	20	11	4	7	3	17	33	1	72	15	17	16	36	4	21	
8	56	5	53	4	27	14	51	17	70	1	71	18	72	
15	21	1	4	8	13	0	12	2	38	19	24	7	41	16	23	9	22	11	17	3	14	
3	22	18	35	11	54	4	60	12	37	17	8	
16	9	15	10	2	23	1	19	10	21	6	52	12	58	9	3	17	37	11	31	0	71	
13	17	1	32	11	18	4	13	3	44	18	68	2	30	8	43	5	8	
13	69	4	36	10	32	7	31	2	29	17	68	19	34	11	53	1	22	5	30	8	70	
9	73	16	52	4	45	15	18	19	36	6	44	10	16	17	7	11	56	
10	57	2	73	7	28	9	36	4	43	16	47	
3	74	11	17	16	24	19	18	5	53	6	33	18	46	7	49	0	29	9	21	14	27	
19	73	9	72	3	49	7	44	11	23	
11	38	9	67	16	44	1	56	6	21	7	7	12	50	
7	56	13	35	19	20	11	26	12	64	2	34	
8	5	7	7	16	42	6	26	3	18	19	46	17	61	4	66	11	28	0	22	18	27	2	31	
0	9	12	12	5	11	19	17	15	50	14	68	18	31	
16	44	17	6	18	9	3	28	2	66	0	12	
4	32	17	21	19	3	18	35	7	56	2	44	8	66	
1	42	16	33	3	1	7	47	4	44	10	54	
5	39	8	60	0	73	18	29	6	25	
2	2	8	49	0	42	14	37	1	56	12	12	15	54	9	62	19	17	17	58	16	21	
4	7	8	44	5	54	6	64	11	16	0	8	3	37	10	57	17	30	19	27	2	41	
3	15	4	21	13	31	7	51	19	37	9	25	15	56	2	64	6	60	
3	66	11	12	17	47	14	30	15	72	
10	26	7	15	3	6	9	50	4	5	
1	29	8	47	3	45	13	60	15	2	12	64	4	11	
13	59	6	42	17	24	10	13	2	74	14	18	4	9	15	72	
12	6	3	8	17	22	1	72	16	35	13	7	11	38	2	9	4	11	0	64	
10	64	12	13	3	17	1	23	6	22	
1	31	6	36	5	22	18	12	11	26	7	42	4	70	9	56	8	7	14	45	10	73	13	60	
3	59	8	13	14	53	7	6	2	72	19	57	15	36	10	29	
9	55	11	51	19	70	6	40	1	56	
18	1	7	19	4	54	13	53	1	30	10	45	15	32	9	52	
16	51	15	57	5	8	18	45	9	20	
7	27	8	3	0	8	4	10	9	37	16	11	3	55	
7	26	17	9	14	11	6	6	13	1	5	58	11	46	1	31	
8	64	15	7	6	49	5	52	18	21	10	24	16	25	0	18	
13	63	16	12	14	2	2	54	10	43	
14	21	17	51	19	22	4	49	15	67	13	55	2	62	12	69	3	53	16	44	
15	70	10	15	19	65	11	49	7	60	0	17	14	55	3	4	8	11	16	67	4	24	12	32	
10	70	1	59	2	35	4	15	16	73	3	28	17	5	0	27	
15	42	11	24	1	70	19	68	13	39	10	12	5	9	17	35	9	55	0	64	14	6	
1	16	16	27	10	54	18	13	9	14	19	61	13	57	5	48	2	39	
10	42	5	37	0	7	13	61	12	70	4	21	
3	73	10	60	9	14	6	55	16	24	0	23	2	61	
16	38	11	69	0	46	13	43	4	60	17	42	10	29	3	25	
9	46	1	23	0	68	16	71	14	61	6	27	

All component type numbers for each job to be processed by MFPM
6	7	0	9	1	2	
0	42	6	44	8	37	3	47	2	46	
1	17	8	10	6	1	7	24	2	11	
3	41	2	33	6	30	9	36	0	47	
2	16	0	4	3	9	
4	45	
3	20	
4	35	1	27	8	46	
8	17	1	22	
6	47	5	39	1	29	
0	22	8	15	
7	31	6	45	3	41	
5	8	
7	38	9	39	4	32	
2	12	8	16	5	19	
8	32	3	31	4	33	0	49	
5	4	8	14	0	23	
0	48	1	29	9	39	
1	21	5	7	6	5	9	24	3	18	
6	41	0	46	1	34	
8	25	2	18	9	8	0	3	6	9	
1	33	6	31	5	32	7	29	9	45	
7	18	5	8	4	15	8	10	6	23	
7	50	6	49	2	45	
4	17	0	12	1	13	8	4	
6	35	
6	18	1	4	2	6	0	14	9	23	
4	37	9	49	
5	8	6	21	4	12	1	9	
2	30	4	40	
0	7	5	11	6	22	1	25	
4	30	5	26	2	27	1	28	0	50	
5	11	8	5	1	14	
4	42	
2	7	8	18	6	11	1	20	7	3	
2	47	
0	3	7	21	
4	44	
1	23	6	13	
5	37	9	33	3	39	6	30	
9	18	3	23	5	7	7	5	
9	28	0	41	1	38	
2	8	
8	27	4	43	1	30	3	40	
2	14	
9	27	7	33	1	30	
3	9	9	2	1	4	7	16	8	22	
5	47	1	34	2	46	4	33	9	29	
6	20	0	10	9	3	
6	35	5	28	9	39	
7	9	6	10	0	2	
4	29	0	28	
9	7	8	16	
2	29	0	41	3	34	4	31	
3	25	4	13	
6	50	1	44	9	27	0	31	4	32	
3	12	
6	37	7	28	9	50	8	40	
1	18	
6	38	3	36	9	39	4	37	
3	5	6	17	2	13	0	10	8	7	
6	31	7	34	5	27	
0	19	
0	36	1	26	
5	12	9	7	3	13	
2	40	4	50	8	45	6	38	7	43	
4	5	3	16	0	13	7	12	
0	35	2	38	6	46	9	41	
5	3	4	9	0	6	8	24	9	25	
5	37	1	45	7	42	4	30	2	49	
9	7	
2	30	
5	10	4	15	0	22	2	19	3	25	
0	45	3	46	1	44	
4	22	
4	47	6	41	7	26	
0	9	
6	33	7	41	4	37	
0	5	5	10	4	17	
1	33	2	30	6	39	3	35	8	44	
5	25	1	22	4	15	8	6	6	5	
6	35	9	48	2	32	
7	17	6	24	2	4	
8	38	9	48	0	31	6	40	
4	25	0	5	2	15	1	18	
5	41	1	39	4	43	9	31	0	47	
3	1	
1	45	3	49	8	39	
6	23	1	24	
5	32	9	38	3	50	2	44	4	35	
7	14	
4	34	0	29	9	43	1	35	
8	15	2	16	1	9	7	2	
7	45	
4	9	2	17	
5	43	9	46	0	48	
2	3	6	4	7	20	
1	38	3	46	
2	22	6	15	4	21	9	24	
6	31	4	28	3	47	9	40	5	34	
6	15	7	13	
4	31	7	29	6	30	2	41	
2	2	
9	48	8	47	1	43	
5	11	
4	40	
7	2	6	12	4	16	8	13	
6	31	
8	2	2	5	0	10	3	25	1	15	
1	35	0	38	2	39	6	50	5	31	
5	8	9	1	
9	46	7	50	5	48	3	33	
7	12	2	2	6	13	
0	29	1	31	9	49	8	47	
6	1	9	7	5	5	
5	30	
7	5	
2	42	0	41	
4	21	9	14	5	20	6	8	2	15	
9	49	1	34	6	29	3	35	
9	15	6	9	5	1	
4	42	2	49	5	43	3	44	7	46	
3	21	9	7	6	8	1	14	
6	33	9	40	
0	24	1	6	6	12	5	3	
5	29	2	49	4	39	0	42	
5	10	4	22	1	20	9	2	7	16	
0	36	9	35	
4	19	2	20	7	8	0	18	
9	45	4	27	8	39	6	36	1	47	
2	1	5	20	9	6	8	5	
2	41	
9	16	5	9	3	14	0	7	2	6	
9	43	8	42	7	28	
3	13	7	25	2	9	1	22	8	7	
2	40	5	29	6	45	
2	9	1	2	7	24	9	5	
9	49	8	43	
1	14	
0	26	
1	14	0	11	9	3	5	9	
5	43	6	26	8	48	1	39	
6	17	9	12	3	21	
1	37	6	49	4	34	5	41	
3	5	8	21	
9	37	
0	23	
2	46	
3	3	8	23	2	16	
0	27	3	28	7	35	
6	21	8	10	5	25	0	18	
7	38	5	36	0	44	8	39	
7	15	
3	49	2	50	
6	20	4	10	8	21	
4	43	2	47	0	44	9	31	
3	21	1	17	5	16	0	5	7	6	
1	32	0	45	5	31	
0	1	1	15	5	24	
3	28	7	32	5	40	1	27	
7	16	6	7	
7	31	
0	21	6	4	
0	36	3	32	
8	14	0	1	1	7	
4	36	5	50	2	31	7	47	
3	15	5	9	1	3	2	11	6	24	
1	26	5	40	9	44	
5	13	6	7	7	3	9	4	
1	27	
4	2	3	19	0	21	9	12	2	5	
5	33	6	27	7	35	1	47	
6	4	4	10	3	18	8	6	
4	28	7	37	8	38	5	29	1	34	
4	7	
8	39	4	41	
4	6	6	4	8	19	9	22	
7	35	6	36	
5	14	3	16	
1	26	7	36	8	35	
9	24	1	1	7	20	2	17	3	18	
1	43	5	50	9	48	
8	25	1	15	5	2	2	14	7	7	
2	47	3	32	0	46	8	39	
9	22	2	14	
3	47	6	26	2	38	0	48	
8	10	
5	31	
2	10	7	16	3	12	
8	47	3	41	9	34	
6	25	
6	31	3	30	1	46	7	45	
0	20	8	14	4	23	3	12	
9	41	7	39	8	32	2	46	3	50	
1	6	6	3	2	2	5	20	7	10	
2	32	0	38	6	33	
8	20	2	15	0	18	7	21	
3	43	4	39	5	33	
9	19	7	16	
3	44	0	49	1	37	

Three processing times per job on each machine
The best scenario
761	792	631	
487	615	1042	
240	169	677	
62	150	137	
374	574	568	
592	354	425	
401	337	319	
425	634	471	
372	1091	303	
238	127	138	
234	294	343	
173	206	405	
336	336	527	
232	135	120	
649	599	308	
549	472	625	
321	119	277	
638	613	379	
99	170	291	
182	237	164	
845	559	365	
334	241	946	
680	604	355	
812	446	283	
341	328	409	
61	87	77	
588	863	948	
641	382	947	
209	183	188	
767	816	332	
140	162	55	
527	218	240	
589	191	490	
503	768	550	
592	785	447	
829	827	357	
734	881	1048	
91	228	197	
766	622	441	
173	50	289	
744	462	234	
447	833	556	
325	211	171	
840	393	829	
589	526	221	
611	766	309	
415	422	175	
331	816	282	
419	549	189	
798	799	461	
571	394	857	
313	411	239	
130	164	108	
606	359	787	
314	397	594	
719	412	403	
167	78	66	
527	595	601	
762	635	301	
514	397	534	
137	134	127	
428	456	699	
554	424	152	
374	306	140	
283	95	110	
555	307	428	
106	50	74	
415	699	817	
134	102	146	
682	635	299	
214	331	126	
179	513	357	
438	359	366	
427	260	201	
112	227	378	
178	195	204	
290	329	371	
219	205	209	
166	301	256	
121	68	102	
188	266	430	
250	197	111	
1341	460	671	
460	181	332	
663	358	1091	
616	1159	501	
134	231	96	
496	453	698	
171	170	123	
564	604	252	
278	434	422	
319	618	394	
176	371	732	
279	574	350	
315	73	363	
666	844	301	
271	809	559	
381	348	223	
475	503	606	
35	191	104	
Most likely scenario
833	941	828	
562	1230	1181	
289	229	763	
110	188	191	
499	882	936	
923	428	826	
501	461	550	
469	670	688	
501	1201	566	
298	151	161	
293	355	345	
286	306	644	
387	499	543	
254	142	226	
1207	769	357	
709	632	742	
347	165	480	
833	744	495	
185	174	302	
230	240	199	
959	595	500	
628	377	949	
960	800	641	
853	470	473	
400	499	530	
121	111	88	
988	1032	1215	
1037	395	1191	
243	337	250	
801	882	532	
153	189	102	
635	420	326	
597	266	634	
704	933	635	
894	929	508	
831	1099	454	
1446	1354	1381	
128	296	283	
908	809	512	
193	84	321	
792	530	238	
576	1149	880	
338	348	333	
948	571	1075	
744	789	241	
1015	771	334	
667	543	181	
483	999	425	
750	830	240	
1263	904	730	
700	588	1255	
542	455	247	
136	209	182	
672	495	982	
500	439	599	
955	512	578	
178	119	70	
671	770	956	
778	1154	541	
529	630	847	
243	194	222	
483	631	1115	
576	576	271	
546	395	265	
308	134	202	
818	600	662	
148	70	122	
441	1263	939	
142	130	215	
932	1120	349	
248	349	155	
229	543	534	
721	504	581	
446	427	287	
154	230	398	
240	219	285	
459	613	687	
315	375	215	
285	391	511	
171	71	116	
225	494	600	
415	305	208	
1411	493	1079	
478	257	357	
884	380	1196	
814	1251	844	
244	268	131	
789	716	700	
238	177	171	
858	794	430	
288	571	423	
375	660	702	
303	577	973	
400	633	413	
530	137	446	
737	913	466	
411	960	761	
419	595	411	
575	766	735	
61	197	176	
The worst scenario
1150	1364	1019	
809	1734	1340	
305	290	912	
125	199	270	
745	1283	1213	
1050	450	1075	
639	605	628	
599	695	812	
728	1271	744	
347	173	176	
367	371	412	
302	392	905	
572	701	770	
377	154	320	
1268	1116	382	
1047	918	824	
485	171	668	
855	915	578	
197	252	453	
295	255	246	
1280	645	623	
761	505	1217	
1332	1017	935	
1149	673	607	
502	546	746	
169	145	128	
1046	1135	1491	
1456	564	1767	
354	496	344	
989	1299	777	
180	239	151	
721	533	327	
771	278	722	
1032	1248	820	
1244	1069	540	
1180	1234	666	
1640	1973	1420	
170	351	347	
1282	982	713	
204	126	361	
824	622	314	
785	1631	1284	
496	426	406	
1375	726	1375	
846	998	319	
1243	976	413	
766	704	185	
701	1193	478	
965	1027	344	
1830	965	1011	
981	590	1489	
635	522	327	
203	301	185	
716	540	1094	
561	453	745	
1307	541	641	
187	124	86	
996	998	1113	
874	1368	699	
539	807	1004	
345	274	281	
608	747	1414	
694	741	397	
782	538	289	
314	162	257	
1086	805	724	
185	78	165	
443	1608	1087	
200	148	226	
1196	1440	370	
266	421	187	
340	677	622	
738	565	639	
604	462	422	
202	290	521	
356	247	313	
509	850	968	
435	485	232	
286	490	669	
208	77	154	
334	692	877	
584	442	281	
1680	608	1220	
626	371	455	
941	565	1635	
1080	1620	913	
283	389	186	
812	765	768	
346	259	234	
934	1092	490	
408	644	499	
513	831	971	
351	774	1243	
457	680	489	
606	155	561	
923	1363	508	
436	1027	1064	
618	684	460	
831	886	917	
73	258	198	
