Factories	3	Jobs	200	Machines	3

Total number of component types per job processed by HSPM
10	5	7	9	9	10	5	6	12	10	7	9	8	7	7	9	6	12	7	6	9	8	12	8	9	12	5	10	5	8	5	8	12	11	5	7	12	10	6	12	7	11	12	7	11	10	7	9	9	12	7	5	9	10	5	11	11	8	10	10	9	7	10	7	11	7	9	9	11	9	9	7	10	12	10	12	10	6	12	9	7	6	9	12	8	7	6	8	9	8	11	5	6	10	9	9	9	9	12	7	12	7	9	7	6	5	9	6	7	11	6	8	6	10	6	11	6	8	6	6	12	11	9	10	12	10	9	7	12	9	5	10	9	11	12	5	9	5	8	7	9	8	6	6	8	7	6	11	11	10	6	5	10	11	12	9	11	7	11	8	6	6	5	9	9	7	10	8	12	5	8	7	8	7	12	12	11	7	8	11	7	8	5	6	5	6	11	10	11	9	6	12	5	10	11	12	11	9	12	8	

Total number of component types per job processed by MFPM
1	2	5	5	1	1	2	1	1	1	2	4	3	2	4	5	2	2	5	4	2	4	5	2	5	3	4	5	2	2	4	2	2	2	5	3	3	4	2	2	1	5	5	3	1	4	5	1	3	4	5	3	3	3	2	3	3	2	2	3	5	2	4	1	1	3	3	3	5	2	2	3	3	4	1	2	5	5	3	5	2	4	1	4	3	2	4	1	2	2	2	5	3	4	4	5	1	2	3	5	5	3	5	3	2	1	3	5	5	5	3	5	2	4	3	4	1	3	3	4	2	1	3	3	5	2	4	5	4	3	5	3	1	5	1	1	3	4	5	3	2	4	1	3	1	4	4	3	4	1	3	4	3	2	5	5	5	4	3	3	3	4	4	4	3	4	1	2	4	1	2	3	1	2	1	4	5	5	3	4	5	2	4	2	4	3	4	4	3	4	4	1	4	4	4	4	5	3	1	2	5	1	1	2	2	4	2	2	1	3	1	3	1	2	3	2	3	4	1	5	5	2	3	2	5	4	1	4	3	2	2	4	1	2	5	2	1	3	1	1	4	3	5	4	5	4	3	3	3	5	5	2	2	1	2	1	5	3	4	4	3	3	3	2	1	4	3	2	5	1	2	5	5	5	4	5	5	2	3	5	4	4	3	1	4	3	1	3	3	4	4	2	5	3	5	3	5	2	5	1	2	1	3	3	3	3	5	1	1	3	5	4	1	1	4	4	1	2	1	1	2	3	5	3	5	2	2	4	4	3	4	4	1	3	1	3	4	5	1	4	3	1	2	2	4	2	1	4	2	3	5	5	4	4	3	3	4	3	3	3	3	4	3	4	5	3	4	3	4	2	5	5	2	4	4	1	5	2	4	4	5	5	4	5	3	5	5	5	3	5	4	5	5	1	3	1	5	1	1	5	

All component type numbers for each job to be processed by HSPM
16	54	1	63	0	55	11	51	9	18	13	73	2	15	5	46	7	6	12	67	
15	25	10	47	1	53	19	71	8	67	
8	2	3	59	17	60	6	10	12	45	0	69	7	50	
15	40	13	13	18	39	5	6	17	2	1	70	6	11	9	5	4	48	
7	5	19	58	18	54	15	66	5	75	8	31	9	65	6	64	0	6	
4	73	16	58	2	40	6	13	19	11	15	19	8	34	3	52	0	43	10	51	
17	33	2	29	15	59	5	3	7	15	
12	33	16	6	18	20	6	22	14	51	5	39	
1	49	11	40	13	64	3	73	4	17	14	38	16	21	9	67	5	74	6	53	2	18	18	31	
7	63	17	27	16	39	1	45	11	35	4	10	2	37	8	54	6	66	18	73	
1	46	13	30	8	34	4	65	7	44	15	50	6	39	
5	16	6	22	11	19	17	18	2	45	19	10	9	63	16	52	18	64	
9	5	18	44	2	23	0	20	4	39	16	69	15	18	14	8	
10	44	14	21	12	39	1	25	5	23	7	34	3	49	
15	8	19	1	9	23	0	47	1	53	18	58	13	33	
7	31	2	64	10	56	18	17	13	14	5	6	12	25	14	40	9	19	
13	58	3	72	8	63	18	44	7	35	15	43	
6	55	0	57	19	66	9	70	5	14	8	30	11	11	17	54	7	23	14	39	2	10	1	18	
18	39	3	64	10	22	5	70	0	9	1	51	4	41	
1	28	4	40	17	50	12	5	11	34	13	55	
3	41	4	45	10	22	14	20	6	66	9	30	13	43	7	54	15	10	
14	1	19	8	10	45	18	9	12	11	8	25	0	41	7	71	
13	65	10	68	8	5	19	51	16	1	15	47	4	34	2	17	17	54	0	37	6	2	7	30	
18	33	8	1	11	65	1	43	9	53	10	47	3	70	5	58	
15	16	2	14	16	63	0	59	7	47	5	74	3	39	17	21	4	71	
18	6	12	10	2	57	4	55	6	28	3	65	11	15	13	20	17	44	5	26	9	37	8	69	
16	75	6	62	1	24	0	22	3	11	
19	4	14	33	0	46	6	11	7	50	3	36	10	26	18	72	9	41	8	61	
18	65	6	15	10	7	11	61	19	8	
5	65	18	75	6	4	15	25	11	52	9	13	0	47	13	60	
5	50	15	40	9	9	4	74	19	27	
12	43	11	49	9	62	14	27	6	33	1	18	17	60	2	2	
14	26	8	21	17	34	13	37	1	61	11	15	10	9	2	72	12	54	18	39	5	19	7	32	
8	57	4	62	15	7	0	72	11	55	3	24	12	52	6	63	14	28	7	41	10	30	
14	4	18	58	7	10	1	26	16	56	
4	31	12	29	11	12	18	74	15	73	8	67	13	63	
17	5	19	29	5	11	7	71	0	16	11	53	16	10	18	28	15	63	13	7	6	25	14	19	
8	60	17	62	2	6	12	50	0	34	14	9	1	4	16	15	18	45	6	28	
13	62	17	25	18	73	3	58	8	35	11	75	
7	57	18	33	14	68	4	11	1	5	3	14	10	6	19	26	8	53	6	74	15	69	5	55	
16	8	4	68	9	22	8	65	17	9	1	24	7	15	
14	19	4	4	2	40	15	62	9	36	5	29	18	39	19	26	6	51	1	47	12	6	
0	1	16	25	17	44	3	72	2	2	11	33	7	58	4	27	5	68	15	47	13	66	6	7	
13	56	17	29	5	55	10	15	19	22	4	18	9	24	
9	11	14	19	10	9	19	14	11	63	2	42	17	41	6	25	3	66	16	34	7	68	
13	50	19	52	0	58	18	55	3	4	15	11	9	18	12	53	17	69	14	24	
17	46	5	50	4	32	2	44	0	22	16	33	8	75	
16	12	5	17	2	34	8	43	19	41	4	3	11	65	3	7	13	28	
15	62	13	10	10	53	8	33	14	71	12	61	18	5	6	74	11	41	
14	68	3	65	5	59	12	8	6	34	7	2	15	26	16	70	17	43	4	7	19	30	18	74	
13	59	15	54	19	71	0	37	6	45	12	19	3	3	
4	54	3	56	12	16	5	48	6	9	
4	19	9	24	8	11	0	70	6	61	19	33	2	71	7	38	3	3	
5	65	4	27	14	11	13	62	17	60	8	16	1	26	10	49	7	4	12	61	
3	51	2	72	4	57	13	50	0	74	
12	66	13	70	9	8	10	35	2	47	19	34	1	36	18	53	0	2	17	33	11	74	
19	15	9	40	2	39	12	35	8	34	0	59	14	46	17	8	5	48	10	68	4	17	
7	24	0	7	3	75	13	52	17	48	9	62	6	3	15	13	
14	31	9	11	18	54	12	69	15	58	2	44	4	13	6	9	10	52	0	7	
4	7	14	56	2	72	16	31	8	63	13	11	15	18	7	57	10	50	17	19	
6	17	12	63	19	44	5	4	18	69	15	5	4	9	11	73	9	16	
2	65	4	62	16	4	0	12	6	17	8	59	12	66	
11	9	0	35	4	15	6	70	17	29	19	20	15	24	9	41	12	60	1	71	
12	63	11	52	0	50	3	5	8	75	19	4	17	20	
0	41	1	48	7	66	10	46	13	51	4	22	15	32	8	19	9	35	18	6	5	9	
8	52	4	42	2	49	10	9	19	57	13	14	0	70	
18	69	10	37	12	57	0	1	19	49	1	71	11	12	15	25	3	38	
14	52	5	21	2	16	10	19	17	9	8	38	15	68	4	24	6	13	
3	11	8	12	15	46	18	50	9	24	4	56	16	34	2	9	12	15	6	30	13	37	
6	45	13	75	10	57	18	1	8	42	11	66	12	22	7	36	16	49	
12	50	10	40	4	21	19	59	13	68	9	24	15	56	16	9	17	19	
8	35	14	40	12	28	11	32	13	75	1	19	4	36	
8	9	12	73	9	12	19	67	7	72	2	42	6	4	17	61	15	16	0	37	
9	14	0	60	12	25	6	69	5	54	15	48	13	12	18	45	14	52	4	59	11	30	1	38	
1	25	5	48	4	46	11	63	19	24	10	71	17	72	18	42	14	15	8	28	
4	7	14	35	13	61	7	16	0	27	18	53	12	4	15	69	6	52	11	28	9	30	5	20	
7	49	8	44	11	66	3	60	18	1	13	40	0	47	12	65	14	45	6	46	
5	4	8	67	14	74	0	33	15	43	11	34	
19	39	5	67	2	18	6	38	8	33	15	48	1	22	11	2	0	8	18	66	3	31	4	10	
16	65	15	33	18	58	5	54	0	12	1	72	19	13	6	8	8	41	
15	50	0	67	8	30	14	12	7	55	13	52	18	58	
8	63	14	70	3	50	13	8	2	25	19	73	
7	19	13	68	8	34	17	75	3	42	6	64	1	37	10	55	16	15	
10	30	7	1	13	34	2	44	11	71	18	54	8	45	14	18	6	26	4	63	5	67	16	24	
10	71	5	17	14	37	1	5	3	14	13	68	12	51	4	40	
3	61	5	71	12	24	16	67	4	55	19	16	18	6	
14	51	4	68	0	4	13	26	18	45	8	32	
7	46	3	73	2	24	1	5	14	15	15	7	12	58	19	17	
5	60	18	8	4	20	16	7	3	23	13	65	8	69	12	25	0	45	
1	10	2	48	8	15	17	22	0	2	14	38	12	57	15	32	
16	37	4	20	14	43	19	41	9	42	6	6	2	44	1	60	10	15	7	2	3	62	
3	5	4	18	8	11	12	19	16	15	
0	51	2	57	9	37	14	17	8	18	1	56	
1	61	9	65	4	46	19	59	6	24	10	22	0	71	8	73	2	55	15	75	
18	8	9	16	14	36	16	58	1	51	2	73	5	43	7	69	19	74	
3	16	6	70	4	46	2	60	9	75	10	7	18	14	0	69	5	64	
11	52	16	34	18	10	5	7	1	30	7	41	15	59	17	32	0	51	
7	35	10	43	17	8	11	69	3	21	0	40	1	68	2	20	4	18	
11	31	10	71	12	75	17	27	6	14	2	67	4	44	7	2	14	55	13	43	3	21	19	13	
12	17	4	50	5	67	8	53	17	3	9	14	2	57	
7	7	13	54	19	43	17	36	11	16	18	59	0	73	5	70	1	10	8	5	15	53	6	68	
2	72	6	57	16	38	11	50	9	63	8	39	4	18	
19	35	1	8	6	14	15	40	14	65	10	45	4	21	18	56	3	50	
9	1	13	21	16	20	0	68	8	45	14	75	19	2	
13	47	10	53	15	37	19	46	4	39	0	71	
18	74	12	40	2	68	9	59	7	66	
11	1	12	22	1	60	0	24	16	74	8	41	7	38	15	64	9	46	
8	45	4	46	14	4	11	32	17	1	18	34	
13	28	0	34	14	57	11	56	1	49	8	65	2	71	
1	49	14	65	11	8	0	5	15	14	4	9	17	18	18	4	12	58	2	60	10	24	
10	62	14	12	7	22	3	25	16	26	11	54	
15	68	18	50	4	61	7	18	16	70	19	71	13	40	9	29	
13	58	7	24	16	35	12	64	9	62	17	72	
1	73	13	10	4	51	8	25	7	50	11	60	2	20	9	62	16	47	18	8	
2	74	9	65	8	57	3	17	18	54	13	73	
9	55	10	38	16	14	11	74	5	12	1	31	12	36	6	10	18	75	15	9	0	65	
6	66	13	24	1	28	0	12	14	1	8	54	
8	20	15	22	19	13	5	63	10	7	18	14	4	56	2	54	
4	12	16	63	9	42	1	25	12	29	6	36	
12	59	11	18	5	57	13	4	14	35	6	11	
13	19	15	23	0	48	6	73	11	3	14	30	10	32	2	21	16	55	4	4	1	75	17	2	
0	29	9	73	5	53	10	35	8	55	18	30	12	65	1	14	16	48	19	22	2	45	
7	60	9	72	15	48	10	21	4	56	5	12	12	9	14	68	2	63	
12	22	11	61	9	26	15	52	1	39	3	54	2	64	17	40	16	30	0	48	
18	29	16	31	17	41	1	59	15	49	9	15	2	37	10	8	4	69	19	23	5	22	14	1	
9	18	5	16	18	22	7	42	14	26	8	35	19	24	3	71	6	4	10	9	
13	69	5	45	14	70	2	71	19	75	3	61	0	8	15	15	18	52	
18	49	16	40	9	20	2	12	15	19	0	46	17	26	
5	74	6	43	4	17	0	4	17	68	14	3	10	69	18	44	19	58	15	20	3	22	9	39	
11	41	9	32	2	73	3	74	6	13	16	40	12	3	18	51	7	69	
19	48	10	25	4	52	11	75	12	65	
14	12	8	64	6	11	19	51	5	60	16	74	13	68	2	36	3	53	10	28	
2	31	0	5	15	73	7	32	11	74	12	16	9	20	6	25	1	22	
3	14	17	52	7	66	11	69	15	18	5	33	18	72	12	19	14	62	4	26	6	54	
5	55	17	43	9	30	18	37	3	59	6	44	19	5	13	14	16	48	2	70	7	47	10	6	
3	43	6	38	19	39	4	58	17	21	
9	3	2	52	12	33	4	1	17	22	7	24	5	54	13	42	1	60	
17	34	7	23	3	1	4	67	2	13	
7	10	9	42	18	57	4	12	0	61	6	26	3	66	10	9	
5	30	18	52	9	12	0	35	8	70	6	67	12	1	
10	53	14	14	18	48	0	42	12	74	4	45	15	29	7	4	16	22	
8	28	4	19	6	10	18	66	12	18	3	14	5	16	11	4	
13	44	0	39	6	55	4	51	11	43	12	38	
11	10	13	38	16	5	5	40	18	41	14	51	
2	24	5	53	4	43	16	18	9	70	18	47	6	28	17	29	
13	61	2	25	5	47	18	31	6	27	12	74	3	2	
13	25	1	47	8	67	11	66	6	24	15	72	
3	16	9	25	0	22	8	23	14	74	16	47	19	7	4	29	2	64	1	45	18	56	
19	47	8	2	12	55	6	70	2	51	3	5	7	16	0	74	17	1	14	49	10	33	
0	16	6	65	16	59	5	42	4	57	2	25	18	39	7	52	13	6	14	61	
13	10	3	43	9	37	15	28	8	55	16	64	
0	65	4	11	16	38	8	26	9	62	
8	2	2	26	14	66	11	72	7	64	10	15	9	7	6	23	19	9	0	43	
16	20	18	1	11	66	13	37	5	75	17	49	4	2	12	61	1	5	7	29	8	71	
15	58	1	31	4	60	7	45	14	68	8	72	13	43	5	3	18	38	9	4	11	34	6	14	
9	68	16	2	12	72	3	21	11	63	14	23	5	1	17	30	15	17	
16	59	5	7	12	20	2	26	6	11	17	53	19	33	3	13	0	3	14	27	4	44	
5	28	17	32	4	8	10	16	14	5	1	20	11	45	
8	32	1	60	9	54	13	28	11	63	0	16	17	74	5	69	7	55	3	24	16	47	
7	23	16	19	0	13	15	14	10	15	17	74	6	42	5	22	
0	55	14	44	4	41	19	42	17	17	5	35	
10	4	5	64	19	51	15	17	3	67	18	5	
7	20	11	57	14	70	3	73	0	44	
6	42	10	65	15	20	8	13	16	3	4	25	17	8	3	54	2	73	
7	23	1	35	3	42	13	20	10	40	19	7	14	14	0	64	6	47	
1	35	12	31	17	58	0	2	13	62	15	45	18	60	
18	35	5	69	2	70	10	27	8	72	15	40	13	59	7	16	4	67	12	46	
8	2	10	5	4	51	12	34	14	25	2	8	6	61	17	33	
7	20	13	48	2	56	8	69	4	6	11	54	9	41	14	64	10	12	6	57	17	25	19	7	
16	47	7	29	9	2	6	63	2	71	
3	7	19	36	9	67	12	17	16	4	8	42	10	72	6	40	
9	23	0	46	13	15	19	24	10	21	2	54	14	57	
9	57	17	34	19	69	2	22	8	40	5	12	18	6	1	16	
19	75	12	2	2	43	6	65	9	64	15	52	13	13	
7	1	10	6	11	32	8	52	0	34	9	43	3	75	12	41	1	5	17	68	15	2	13	67	
19	54	8	46	3	15	14	1	16	34	12	23	15	67	11	43	0	52	7	70	4	49	9	24	
9	71	15	62	2	20	18	49	1	42	5	59	19	31	3	10	0	2	4	66	13	65	
14	5	1	51	16	69	19	35	8	19	7	41	17	74	
1	68	3	55	12	72	0	16	7	22	18	15	16	29	4	58	
1	40	5	45	12	52	7	28	10	75	18	50	6	57	3	65	14	11	15	14	16	12	
18	56	19	74	8	37	7	44	4	16	5	75	16	12	
0	30	15	10	1	40	11	27	8	7	18	39	4	36	2	34	
4	68	18	60	10	19	16	27	11	75	
5	67	12	54	10	5	13	31	14	22	3	27	
7	55	1	63	12	48	3	60	9	11	
17	18	12	60	2	74	19	69	0	26	1	36	
13	37	18	46	9	65	2	27	1	13	7	39	0	30	12	57	4	21	11	33	5	60	
9	26	14	50	19	3	11	69	5	44	10	18	7	35	8	64	3	72	12	70	
2	39	4	18	13	48	19	21	18	13	5	12	6	35	0	15	9	50	3	37	7	49	
18	50	8	2	19	38	16	71	3	29	4	58	10	19	17	14	0	6	
17	47	18	70	8	20	11	64	12	9	19	17	
10	74	15	5	11	57	14	20	6	47	7	25	5	69	3	23	8	36	12	3	4	18	1	53	
4	2	5	75	12	37	19	5	0	25	
5	29	7	53	16	48	1	6	17	10	19	27	12	1	10	43	4	11	8	61	
2	27	9	53	19	44	6	42	12	65	4	28	5	45	18	46	17	8	3	1	14	38	
14	47	19	24	12	34	16	49	8	31	17	2	18	38	0	67	7	36	10	19	9	11	3	18	
15	6	11	40	8	61	19	31	1	20	18	15	3	19	0	63	17	75	16	44	7	70	
13	23	16	2	12	22	4	74	14	25	8	42	19	52	18	50	5	54	
7	7	15	31	14	11	3	69	6	42	11	19	13	28	1	17	4	21	9	6	17	2	10	16	
12	66	6	68	14	11	7	4	15	25	18	60	10	63	11	58	

All component type numbers for each job to be processed by MFPM
1	25	
4	34	6	37	
1	7	3	4	2	5	8	16	6	10	
8	30	9	49	2	45	5	39	6	28	
7	23	
8	38	
7	22	4	8	
0	36	
0	6	
9	50	
1	25	2	10	
9	34	0	33	1	32	6	29	
4	19	8	16	7	25	
0	39	3	46	
2	6	4	18	5	3	0	25	
9	47	8	45	7	50	1	42	0	31	
8	11	1	9	
2	45	9	40	
9	7	6	8	3	20	0	17	1	6	
8	41	7	40	2	38	9	34	
3	17	4	8	
6	29	3	34	2	45	4	43	
1	16	6	10	3	11	2	9	4	5	
5	42	4	34	
8	10	9	11	0	14	4	5	1	8	
1	34	9	30	7	27	
3	24	4	9	1	4	6	21	
0	28	5	50	6	46	1	32	4	30	
4	16	9	8	
5	27	6	28	
0	4	5	22	8	16	1	15	
3	39	2	47	
0	21	3	16	
9	49	8	50	
0	21	6	8	7	4	4	23	1	11	
7	38	6	46	1	32	
3	14	0	18	8	17	
7	49	2	38	8	26	5	47	
4	14	8	16	
1	45	4	39	
9	17	
2	50	6	42	4	41	7	33	1	44	
5	6	2	24	9	12	3	10	7	17	
5	35	4	34	2	37	
5	24	
0	28	9	50	4	31	1	43	
7	14	1	15	6	18	9	6	0	13	
2	39	
7	4	4	18	2	14	
6	45	2	41	1	42	4	29	
1	8	5	14	0	20	7	21	6	19	
5	47	1	28	0	50	
3	3	9	5	0	25	
5	41	7	34	3	29	
2	7	3	8	
8	42	5	43	0	37	
5	11	2	10	1	20	
1	48	3	35	
4	12	0	5	
1	47	3	39	6	28	
5	8	3	9	0	10	8	5	2	13	
0	28	1	47	
7	25	0	2	5	3	4	7	
6	26	
9	14	
3	45	6	42	5	46	
1	10	0	5	5	14	
9	49	5	28	4	38	
3	7	8	21	2	3	1	9	6	8	
8	35	5	43	
6	6	4	4	
2	36	5	40	9	42	
2	1	9	14	1	23	
3	28	6	37	0	49	2	27	
5	15	
7	37	6	41	
9	25	3	9	8	11	1	18	7	8	
6	30	5	46	1	49	4	34	3	39	
9	18	7	8	6	21	
0	31	7	33	8	46	3	42	1	27	
5	6	9	2	
1	33	5	49	4	34	0	35	
4	6	
5	42	3	48	6	37	7	28	
9	8	0	5	4	9	
9	38	1	47	
6	6	7	25	9	18	3	2	
4	37	
0	9	1	18	
1	34	5	28	
4	10	7	12	
1	41	4	42	2	43	9	36	0	50	
2	13	7	12	5	23	
3	41	7	37	2	29	4	45	
5	16	1	18	3	3	4	22	
0	38	7	35	1	32	8	41	9	27	
3	19	
1	31	8	40	
7	14	8	23	0	10	
5	28	0	45	8	37	6	48	9	44	
2	11	9	15	5	12	3	8	7	18	
7	38	9	29	2	31	
6	8	0	21	7	13	5	6	3	23	
2	47	9	34	0	29	
5	5	8	16	
5	47	
5	7	9	22	4	16	
2	47	8	41	4	45	3	39	0	30	
4	5	6	15	9	21	7	18	2	9	
7	45	5	31	8	49	2	34	9	37	
5	14	2	22	3	12	
5	40	4	33	3	28	8	32	6	26	
0	20	4	3	
6	50	3	39	7	41	5	38	
1	1	8	19	4	15	
8	47	4	32	6	40	3	42	
6	8	
7	48	2	29	8	36	
7	7	0	4	1	1	
2	28	3	50	7	44	4	27	
5	17	4	16	
9	50	
3	14	5	18	1	17	
9	28	5	47	2	34	
5	21	9	5	4	13	0	17	8	22	
3	29	1	31	
2	10	6	16	4	23	5	3	
6	39	7	28	5	47	8	42	2	43	
6	18	9	22	1	25	5	8	
5	45	6	34	1	42	
2	15	7	19	8	10	3	9	4	14	
5	36	2	28	9	34	
2	3	
9	47	7	34	8	42	4	28	2	35	
7	19	
7	29	
1	9	8	16	7	8	
7	38	8	49	3	48	6	32	
0	8	8	20	6	16	3	18	4	3	
0	48	2	35	9	40	
1	13	5	17	
1	42	2	43	4	34	6	50	
5	2	
7	27	3	46	6	42	
8	23	
3	46	0	41	7	32	9	48	
9	14	7	5	2	23	5	12	
1	30	7	49	8	47	
1	19	3	13	7	9	9	8	
1	28	
7	22	3	3	2	1	
8	42	1	48	4	39	7	43	
4	5	9	10	8	21	
8	26	2	44	
8	17	1	18	7	13	5	10	2	16	
4	39	9	41	3	48	5	49	0	38	
1	15	2	11	5	10	6	17	9	19	
6	29	4	32	7	40	0	26	
0	25	2	7	7	16	
9	28	0	39	7	30	
3	18	8	15	0	7	
1	27	4	26	9	36	7	44	
3	3	1	1	5	14	4	5	
3	48	4	37	0	31	2	33	
9	5	4	7	5	11	
0	31	5	32	7	27	6	29	
9	24	
7	27	0	29	
4	9	2	6	9	1	7	24	
8	26	
7	1	3	21	
7	39	4	33	6	41	
9	6	
0	27	9	39	
3	9	
0	44	6	46	5	47	3	32	
8	15	4	21	3	2	0	14	5	7	
6	43	8	31	5	36	7	50	2	40	
2	15	9	13	7	6	
8	50	5	31	7	35	3	43	
9	7	4	17	1	11	7	18	5	23	
8	31	1	30	
9	23	3	10	8	24	5	21	
1	30	8	50	
8	2	1	7	2	20	5	19	
2	49	9	27	8	48	
9	7	8	18	1	19	7	22	
1	46	8	43	2	39	9	49	
4	4	5	13	9	3	
5	28	1	50	0	30	7	44	
2	6	7	11	8	4	9	19	
5	50	
8	20	9	6	5	2	0	5	
6	30	3	44	0	26	8	39	
4	22	2	12	5	14	8	21	
9	49	3	34	2	47	8	39	
8	11	4	13	5	2	7	6	9	3	
0	46	7	40	8	47	
5	4	
5	41	4	43	
6	16	1	1	5	20	4	24	8	13	
9	46	
5	11	
0	26	9	32	
6	16	4	3	
1	27	4	36	2	33	7	26	
9	9	1	14	
9	46	1	39	
4	9	
3	36	1	29	9	49	
4	22	
9	32	6	48	5	50	
9	9	
5	49	7	38	
2	9	0	17	6	7	
5	32	4	35	
5	18	0	7	9	5	
0	26	3	31	5	32	2	43	
8	2	
3	43	0	40	6	34	1	49	9	42	
0	1	8	8	1	11	3	15	6	21	
6	45	1	30	
9	7	6	13	4	25	
7	44	2	27	
1	2	8	9	5	13	3	11	9	14	
8	28	1	48	9	33	5	47	
5	22	
4	32	5	49	0	29	9	31	
3	9	4	3	8	15	
0	37	2	29	
2	5	1	15	
8	39	9	28	3	42	2	31	
3	8	
3	26	5	31	
6	1	2	16	7	17	3	6	8	4	
2	41	6	48	
1	19	
9	38	1	27	2	35	
5	13	
1	30	
5	18	4	8	1	13	9	5	
1	29	0	44	7	36	
8	9	1	22	4	4	9	11	7	23	
6	36	5	41	4	50	3	47	
4	14	9	19	0	15	2	16	7	17	
6	50	2	44	1	42	3	34	
0	15	4	9	1	2	
4	42	0	46	1	47	
4	3	6	25	2	18	
2	45	9	30	0	33	1	50	8	46	
7	11	2	24	5	5	8	20	3	22	
7	36	9	39	
7	18	1	15	
5	42	
2	25	1	24	
5	47	
4	11	8	23	6	5	7	25	2	17	
7	40	0	28	1	41	
1	24	2	8	8	13	4	14	
0	45	5	48	9	39	2	46	
8	7	4	10	3	17	
2	44	0	46	3	50	
8	3	4	7	6	14	
1	42	3	34	
5	3	
1	46	3	41	8	50	9	44	
4	12	6	7	3	18	
0	45	1	26	
3	4	9	5	2	20	5	1	4	2	
7	45	
4	10	9	13	
7	45	5	28	3	40	8	48	0	37	
9	11	5	7	7	15	3	10	4	20	
9	40	6	50	3	35	0	48	4	26	
5	1	8	9	7	4	3	6	
6	28	7	31	2	34	3	35	5	27	
8	5	9	14	6	16	7	15	4	11	
9	47	6	41	
0	5	4	24	2	16	
4	35	1	48	6	43	0	37	9	32	
8	21	2	3	7	25	4	8	
3	36	7	31	9	49	2	44	
6	23	5	8	4	25	
8	44	
3	12	5	13	7	11	2	2	
4	49	7	27	6	44	
4	18	
2	34	4	50	3	29	
8	6	1	3	7	13	
8	30	3	35	5	45	9	29	
3	21	4	22	5	20	7	18	
2	36	7	39	
9	5	4	23	5	21	3	25	8	9	
1	33	4	42	9	30	
0	7	3	17	6	5	1	4	8	1	
3	29	4	40	5	27	
8	11	6	19	3	24	9	8	4	7	
1	29	4	41	
3	11	4	22	9	1	2	4	1	25	
7	32	
1	25	4	5	
1	49	
2	15	0	11	8	13	
6	50	0	44	1	40	
0	25	4	18	3	22	
7	47	5	38	2	40	
4	14	1	8	6	19	9	5	3	1	
7	32	
6	13	
9	42	3	50	8	38	
5	13	9	4	3	22	8	21	2	12	
2	48	5	36	0	40	7	26	
9	19	
9	36	
0	6	4	24	7	16	5	12	
5	28	4	46	0	38	1	33	
1	13	
9	39	5	38	
7	18	
4	44	
4	20	7	22	
7	45	2	36	9	46	
3	4	9	2	8	16	6	15	0	3	
1	27	5	32	7	29	
5	4	3	5	8	6	7	12	2	3	
1	43	9	49	
5	1	2	13	
5	50	0	29	3	31	7	48	
1	11	3	1	2	22	9	10	
8	31	5	34	4	38	
7	1	5	18	1	12	3	5	
2	44	0	40	1	29	6	47	
3	23	
3	41	9	49	1	47	
6	4	
7	49	0	31	1	27	
8	2	0	9	5	3	1	1	
1	37	8	39	3	46	5	41	6	29	
8	10	
4	29	9	43	8	47	7	27	
3	13	1	8	2	6	
5	44	
0	15	8	3	
0	48	7	35	
1	13	4	21	5	20	9	4	
9	34	8	49	
4	9	
7	39	2	33	0	37	4	32	
9	24	4	17	
3	37	6	48	9	36	
2	18	3	4	7	13	8	21	5	10	
4	38	6	45	5	37	8	43	7	29	
9	13	4	7	8	19	3	5	
1	46	3	50	6	49	0	32	
9	22	6	11	3	20	
9	48	7	46	5	41	
0	3	9	9	8	21	1	1	
1	50	7	32	6	26	
7	10	4	21	6	19	
4	44	6	36	5	50	
1	11	8	13	9	15	
2	30	0	28	1	36	6	46	
9	4	3	20	0	3	
8	47	0	35	6	37	9	29	
1	18	6	12	9	17	8	13	4	14	
5	41	0	40	7	31	
6	16	4	2	8	17	3	1	
7	36	1	32	8	49	
3	4	2	3	4	13	7	20	
0	26	2	50	
8	6	9	12	1	17	0	5	3	14	
0	26	1	42	7	46	5	34	3	28	
3	2	8	19	
5	34	4	48	7	46	0	43	
9	7	7	1	4	17	2	24	
6	26	
1	8	0	15	8	19	5	3	3	2	
5	31	3	33	
4	14	3	2	8	21	1	3	
6	41	5	39	0	31	9	34	
0	25	8	22	3	19	2	21	9	23	
9	33	3	50	6	44	7	32	2	37	
0	12	5	1	2	5	4	18	
2	39	9	45	3	40	1	43	0	34	
4	15	6	16	9	14	
2	27	0	49	4	50	6	48	9	39	
6	17	5	2	2	12	0	11	1	20	
3	49	0	26	1	38	7	40	5	47	
8	4	7	24	2	21	
2	49	3	43	6	31	1	32	5	44	
0	4	3	16	5	22	2	19	
3	41	6	32	9	31	5	26	4	36	
6	1	8	19	3	13	7	7	2	9	
1	42	
3	3	5	25	8	23	
0	39	
2	10	5	25	1	11	8	3	7	15	
2	41	
0	20	
8	33	1	28	9	49	6	27	0	38	

Three processing times per job on each machine
The best scenario
297	220	430	
87	31	25	
9	41	53	
83	43	27	
199	255	199	
101	117	86	
339	308	246	
207	142	247	
191	270	164	
144	118	36	
351	223	190	
72	49	70	
66	128	211	
139	204	66	
268	108	230	
60	86	89	
127	230	250	
78	21	73	
90	74	127	
153	357	342	
123	426	170	
117	233	156	
97	64	114	
308	220	189	
40	27	20	
128	137	43	
171	278	209	
315	289	253	
441	277	144	
23	33	72	
45	128	37	
120	64	115	
220	216	128	
141	158	215	
174	199	409	
85	42	137	
125	73	107	
60	130	134	
127	207	236	
135	222	147	
55	182	317	
527	232	249	
34	67	89	
153	188	154	
419	315	323	
61	195	170	
39	47	130	
39	37	68	
183	150	169	
227	285	107	
130	252	429	
25	12	36	
261	314	346	
82	90	78	
187	120	149	
277	176	223	
164	128	90	
138	137	132	
97	29	36	
90	59	98	
177	491	146	
267	193	129	
197	119	111	
112	75	118	
124	155	150	
269	271	429	
29	32	14	
42	29	60	
142	109	196	
69	53	232	
231	185	207	
155	63	76	
19	68	35	
294	345	131	
289	230	201	
51	66	38	
32	45	15	
277	189	227	
202	111	189	
148	89	400	
55	14	53	
141	87	101	
28	28	26	
180	356	245	
235	97	103	
193	166	364	
124	83	104	
103	338	274	
128	195	318	
194	192	186	
235	264	87	
281	166	117	
97	191	81	
310	213	152	
135	245	61	
242	331	103	
127	235	213	
147	352	344	
129	38	80	
61	125	93	
199	230	101	
45	69	76	
104	86	54	
308	437	168	
121	206	231	
245	373	282	
260	216	426	
381	525	92	
50	132	56	
200	172	288	
450	464	333	
39	26	56	
105	42	41	
245	246	474	
376	343	246	
375	129	434	
228	110	97	
28	89	34	
116	245	253	
179	74	324	
306	269	113	
32	89	36	
110	246	91	
61	144	219	
118	50	93	
176	436	248	
75	77	58	
193	190	323	
102	125	85	
315	148	377	
347	243	266	
294	246	190	
80	70	86	
118	219	63	
275	126	167	
141	148	130	
146	271	174	
191	384	117	
384	416	90	
24	51	66	
136	253	177	
156	59	133	
111	272	137	
134	91	62	
300	361	381	
117	46	117	
69	184	72	
84	104	134	
90	22	56	
39	23	69	
80	235	259	
43	28	27	
286	356	460	
354	324	143	
105	305	112	
354	343	329	
305	284	165	
234	176	268	
373	418	330	
130	133	353	
23	33	25	
53	29	16	
62	147	65	
304	104	80	
123	251	110	
297	348	146	
63	37	141	
173	85	44	
98	231	111	
453	305	235	
40	19	49	
109	384	239	
186	80	163	
386	113	162	
265	312	236	
158	63	156	
188	101	209	
127	85	160	
118	147	168	
146	446	344	
30	61	22	
462	183	417	
248	252	176	
33	49	89	
117	38	110	
254	400	365	
119	98	57	
252	178	223	
135	56	110	
162	221	358	
118	139	84	
538	172	236	
103	249	278	
306	430	333	
309	283	211	
226	75	76	
120	295	282	
383	267	87	
37	180	75	
303	462	231	
Most likely scenario
452	271	494	
102	48	50	
15	59	59	
119	69	41	
379	298	261	
103	159	96	
366	429	416	
335	177	262	
198	307	290	
165	156	53	
441	316	259	
84	65	87	
132	251	298	
159	208	127	
486	125	379	
63	96	117	
242	406	309	
114	39	99	
145	97	145	
267	410	427	
156	497	334	
196	349	277	
103	120	127	
358	281	258	
61	36	25	
221	163	81	
285	364	369	
562	394	424	
491	296	265	
34	60	81	
90	204	58	
130	71	166	
409	333	226	
186	195	242	
266	234	470	
86	82	163	
223	95	214	
111	155	237	
156	287	304	
194	275	170	
96	339	375	
558	399	306	
65	83	147	
157	318	193	
440	331	358	
118	286	216	
75	51	135	
46	52	81	
322	162	280	
318	345	213	
213	279	497	
30	24	49	
279	348	407	
148	138	128	
252	198	235	
287	191	271	
235	208	176	
229	160	141	
141	45	44	
97	110	152	
314	501	152	
308	195	163	
327	182	172	
118	114	130	
172	168	173	
342	453	509	
39	47	26	
69	49	78	
230	124	204	
71	98	263	
379	263	366	
172	81	124	
28	77	56	
513	361	202	
305	444	257	
98	96	39	
41	52	16	
304	259	256	
216	112	264	
252	165	435	
56	21	59	
150	127	182	
32	39	29	
190	373	292	
306	139	114	
231	246	506	
202	133	159	
173	497	394	
244	319	409	
320	351	352	
272	457	143	
301	215	148	
189	370	157	
400	375	155	
178	268	74	
443	444	167	
240	277	227	
262	370	576	
171	61	139	
90	183	124	
396	429	195	
51	72	95	
123	103	107	
481	496	224	
213	252	271	
306	627	341	
282	377	479	
509	577	177	
82	177	84	
302	191	312	
539	497	429	
57	50	60	
175	57	57	
246	404	483	
438	372	250	
399	211	551	
245	135	134	
31	97	52	
140	446	421	
191	139	415	
467	348	211	
40	122	51	
130	288	152	
118	263	253	
156	71	112	
326	537	377	
81	100	74	
319	226	370	
151	182	149	
322	226	402	
507	393	348	
435	322	271	
87	103	160	
168	291	93	
297	218	194	
220	154	163	
162	471	195	
275	522	194	
488	421	150	
32	84	68	
167	343	229	
207	66	158	
191	434	161	
152	125	93	
397	485	471	
130	59	190	
103	238	119	
104	140	146	
157	44	65	
52	37	71	
113	271	282	
56	48	51	
544	400	485	
383	548	200	
139	393	205	
498	388	377	
534	533	191	
237	271	354	
454	433	349	
177	212	355	
28	37	47	
85	32	31	
65	206	106	
373	184	107	
211	502	175	
434	445	282	
123	56	188	
218	139	79	
195	287	214	
491	457	315	
61	34	57	
174	491	306	
351	108	219	
438	172	213	
356	369	354	
210	82	259	
201	158	300	
177	109	193	
171	222	269	
154	557	500	
33	64	41	
463	331	428	
357	278	300	
35	78	113	
207	62	114	
305	408	397	
192	118	99	
444	182	241	
161	79	161	
230	330	362	
124	140	125	
607	223	327	
187	445	396	
376	454	351	
407	452	380	
306	122	129	
154	436	411	
438	381	141	
59	202	80	
306	509	430	
The worst scenario
547	324	563	
118	49	71	
19	60	74	
159	97	42	
445	415	374	
110	187	129	
503	482	623	
353	189	378	
221	398	349	
205	161	76	
507	453	349	
105	85	115	
160	308	425	
163	245	160	
659	153	509	
71	116	173	
271	454	343	
125	47	100	
170	109	157	
302	442	491	
185	529	392	
255	405	377	
135	144	141	
386	401	282	
71	37	37	
300	235	99	
376	396	425	
762	565	606	
608	428	341	
38	73	93	
101	252	60	
195	99	243	
432	349	334	
241	213	297	
352	328	574	
97	92	219	
253	110	255	
156	194	336	
231	396	450	
270	399	194	
128	393	381	
827	560	358	
68	120	180	
176	436	289	
511	400	441	
144	303	288	
96	63	157	
62	58	104	
453	203	288	
411	502	279	
308	302	670	
42	28	62	
372	499	536	
160	153	186	
330	276	273	
291	216	369	
318	277	198	
240	177	169	
180	51	65	
109	159	177	
367	571	176	
322	235	239	
444	233	187	
144	160	145	
218	188	257	
464	579	748	
51	55	31	
90	64	80	
293	152	263	
76	134	347	
483	377	509	
217	104	149	
40	99	64	
661	520	225	
376	553	318	
130	116	58	
60	55	24	
453	262	285	
220	150	342	
274	219	500	
77	25	65	
214	171	266	
42	57	34	
202	537	340	
459	156	125	
341	356	515	
244	189	191	
227	608	526	
289	433	582	
407	370	518	
286	633	168	
418	271	158	
272	542	172	
550	481	169	
213	391	87	
647	469	193	
334	299	310	
343	493	651	
188	79	180	
94	227	142	
487	623	229	
76	90	102	
145	131	123	
708	641	277	
249	369	404	
358	913	424	
307	493	567	
689	616	262	
119	257	118	
327	264	399	
722	573	472	
80	70	61	
178	83	66	
353	472	700	
632	423	357	
433	298	615	
299	169	172	
36	116	64	
167	645	538	
264	190	592	
588	485	294	
48	124	71	
151	378	209	
136	375	284	
220	102	163	
466	665	512	
104	140	103	
419	318	397	
191	263	170	
389	337	487	
659	475	408	
587	377	334	
97	137	189	
215	302	100	
405	319	216	
246	158	166	
206	628	220	
342	724	214	
554	546	203	
35	103	82	
228	373	249	
208	67	167	
192	482	219	
153	155	100	
579	595	696	
169	83	213	
107	261	157	
105	194	167	
178	64	69	
63	54	106	
149	276	329	
69	63	65	
548	489	692	
425	628	268	
202	497	220	
503	414	459	
552	559	271	
321	392	394	
674	643	436	
241	259	367	
32	49	57	
115	36	32	
71	292	111	
539	227	155	
279	572	178	
628	564	321	
161	66	238	
267	179	115	
218	310	218	
501	548	391	
80	40	60	
210	556	459	
367	115	250	
541	197	288	
518	450	435	
269	120	360	
288	229	405	
232	130	263	
249	247	301	
201	669	701	
37	75	61	
543	418	624	
514	323	407	
48	94	115	
230	67	160	
452	544	506	
222	135	138	
608	199	317	
237	102	237	
266	440	485	
145	173	187	
720	256	449	
252	629	407	
426	455	355	
511	656	501	
364	131	188	
224	641	467	
589	419	157	
86	232	97	
388	622	535	
