Factories	7	Jobs	150	Machines	3

Total number of component types per job processed by HSPM
12	9	9	7	11	11	7	10	8	7	12	8	8	11	5	8	5	9	8	8	9	9	9	12	12	6	5	9	12	5	11	10	5	11	7	8	10	7	9	7	10	8	5	6	6	8	12	7	9	9	11	8	9	7	11	9	6	6	9	8	9	5	6	9	7	12	10	9	5	10	5	5	6	10	6	7	11	6	7	9	11	12	8	5	11	8	11	12	7	11	8	5	9	11	10	8	9	11	10	12	7	12	11	6	5	11	5	11	8	5	6	7	8	9	5	7	6	5	9	12	6	12	10	9	5	6	6	8	5	8	7	7	6	5	11	8	7	5	12	9	5	6	8	10	11	8	12	5	11	5	

Total number of component types per job processed by MFPM
1	2	4	2	2	4	2	1	3	4	1	5	1	4	2	1	4	2	4	4	5	5	5	2	2	5	4	2	5	2	2	3	3	2	4	1	4	1	3	2	1	1	2	5	1	1	4	1	4	3	1	5	2	2	1	4	2	1	3	4	5	4	3	5	3	4	3	1	2	1	1	2	3	4	3	4	1	3	4	5	5	3	3	5	5	5	5	2	3	5	3	5	1	1	1	4	1	2	3	5	1	5	5	3	1	4	5	1	3	5	3	5	2	5	4	4	5	1	4	5	3	4	5	1	3	3	5	2	1	2	2	5	4	4	1	2	2	4	4	5	2	2	5	4	3	2	3	1	5	3	2	3	3	4	1	1	3	2	4	1	1	3	1	4	2	3	4	1	1	3	3	1	1	5	4	4	1	3	1	1	2	4	4	5	3	2	2	4	4	2	3	1	2	5	1	5	3	5	3	4	2	5	1	3	1	5	5	3	1	4	5	3	3	3	5	4	1	4	1	5	5	5	5	4	4	5	1	1	3	3	3	1	4	2	2	1	1	3	5	1	5	2	1	1	4	4	3	2	2	3	2	4	1	4	2	5	3	5	1	5	4	2	2	4	4	1	1	4	5	2	4	1	4	1	5	2	4	5	4	1	3	2	5	4	1	4	3	5	3	3	5	3	2	3	4	2	3	3	1	5	

All component type numbers for each job to be processed by HSPM
10	66	6	37	8	58	13	21	19	69	4	10	11	68	14	24	17	2	15	44	5	40	7	47	
12	4	11	13	7	6	2	9	3	3	0	74	5	72	18	19	14	68	
5	38	7	55	3	44	6	50	18	14	2	19	9	1	0	11	13	48	
19	71	10	25	8	33	17	66	11	74	1	67	0	18	
15	4	17	18	5	41	13	40	8	19	19	69	16	2	11	11	4	15	18	51	7	52	
17	28	1	35	18	71	5	30	10	2	13	34	12	12	14	14	9	51	4	37	11	53	
19	47	7	23	4	60	18	32	16	70	3	65	15	16	
5	55	12	39	13	30	0	58	11	68	4	27	14	1	8	54	6	62	17	5	
0	5	15	12	17	24	18	33	14	30	3	19	1	38	2	72	
3	71	17	64	9	30	19	18	5	5	11	29	13	27	
14	73	1	23	10	60	13	40	9	52	17	17	8	22	11	25	3	35	2	64	16	16	4	57	
17	29	2	2	11	41	7	70	14	16	5	21	6	68	3	4	
6	51	15	19	7	24	2	66	10	3	9	61	13	56	0	21	
5	1	7	37	17	50	10	29	15	8	2	52	1	19	14	45	9	54	12	35	0	46	
15	26	1	27	11	12	18	68	7	36	
14	21	7	2	9	54	12	20	16	74	10	34	0	72	11	23	
1	56	17	75	0	7	4	72	14	62	
1	55	13	68	15	45	12	40	3	44	4	72	19	66	10	27	8	33	
12	41	11	6	5	49	6	2	9	27	14	18	10	52	0	61	
15	1	18	39	13	42	8	27	12	41	4	22	1	7	3	36	
8	47	2	13	7	43	6	37	15	32	17	6	11	31	5	19	16	22	
13	32	7	58	5	36	16	38	11	67	8	7	6	63	9	61	17	43	
7	70	18	31	5	32	13	6	10	52	14	19	12	54	3	17	0	48	
14	17	0	72	7	48	18	47	5	11	2	40	1	53	4	7	6	46	11	10	8	1	19	55	
13	18	9	74	16	28	12	73	5	34	0	13	14	71	18	50	19	64	15	16	2	21	11	37	
5	6	17	35	11	52	4	74	3	32	1	3	
6	48	0	42	10	61	16	40	3	51	
14	13	10	11	11	50	12	40	19	57	15	33	17	9	3	29	13	3	
13	25	6	24	4	20	18	65	17	66	0	15	3	2	2	37	1	14	16	68	8	4	5	35	
16	20	3	33	0	45	5	51	13	46	
3	1	0	4	18	42	11	46	13	74	4	24	19	28	12	21	7	30	17	33	8	50	
19	61	11	32	13	13	7	71	2	1	17	24	4	72	18	45	0	68	16	29	
14	51	3	35	8	54	7	53	16	4	
9	25	2	61	12	43	15	59	1	16	16	49	14	53	3	51	4	3	7	52	17	12	
9	56	15	59	11	28	2	74	16	10	10	2	1	21	
6	22	0	16	8	11	9	38	11	58	17	55	3	70	13	43	
0	72	17	12	8	61	10	67	5	18	18	75	3	68	7	56	12	4	16	48	
2	34	9	13	16	21	4	10	13	46	8	63	0	57	
14	45	5	59	12	42	16	69	11	68	4	6	8	15	9	41	6	67	
14	59	10	61	4	32	0	49	5	31	19	56	3	54	
3	45	1	1	11	68	17	24	6	49	18	67	14	66	15	23	10	21	0	57	
9	28	2	24	12	48	14	9	7	74	5	66	15	12	1	51	
9	18	11	5	14	20	4	60	18	66	
6	67	9	1	11	26	1	53	2	36	15	39	
18	40	6	28	19	24	9	13	3	45	17	49	
15	7	19	23	4	3	16	29	9	27	2	51	0	65	5	46	
15	64	19	45	7	56	17	31	9	36	0	37	8	57	10	66	13	70	1	65	18	38	5	18	
8	39	1	56	5	33	19	13	7	49	16	46	0	23	
19	75	10	57	7	51	5	10	3	37	17	19	15	46	14	63	6	25	
3	7	2	39	15	44	8	74	6	37	17	53	10	34	4	25	11	55	
3	3	13	56	11	35	12	33	5	72	10	18	15	22	19	67	4	64	16	47	9	14	
15	23	0	40	2	19	10	6	18	21	7	69	19	7	11	35	
7	3	12	42	6	60	8	72	18	43	13	6	4	56	10	33	0	1	
15	11	4	51	17	40	5	52	2	73	1	19	0	34	
13	67	14	28	16	13	18	26	7	16	5	38	19	45	4	46	0	74	17	8	3	71	
7	16	11	6	3	19	1	64	19	45	17	65	0	33	16	12	2	57	
15	36	11	65	6	12	18	53	10	7	1	56	
9	3	11	48	17	47	7	30	2	23	5	32	
10	51	12	11	6	60	8	64	0	13	14	14	3	57	1	68	2	46	
15	73	5	50	0	37	16	33	10	16	2	29	9	19	8	75	
12	37	6	74	18	40	2	43	11	60	0	46	16	61	4	33	8	16	
1	52	10	4	3	51	11	6	16	22	
0	41	19	38	11	37	17	31	5	56	16	2	
9	64	6	47	12	29	10	34	3	55	2	12	5	4	17	42	1	16	
13	22	17	7	19	34	12	36	18	5	6	44	15	19	
8	23	5	63	17	70	15	62	13	7	9	5	12	30	16	25	10	47	1	22	3	48	4	53	
17	23	19	62	2	6	4	21	16	70	8	22	14	11	3	33	1	57	9	54	
8	51	14	66	16	20	18	14	12	3	9	60	10	31	15	61	17	46	
17	42	9	73	19	31	11	3	1	37	
19	54	17	70	12	8	11	36	18	45	2	50	7	41	10	39	4	62	14	27	
12	26	15	12	6	23	2	54	11	48	
11	46	8	42	18	67	15	50	1	19	
16	32	0	46	17	53	3	17	10	38	15	39	
19	48	16	63	7	49	9	64	5	58	13	30	17	47	14	31	11	65	10	69	
8	35	3	41	12	57	16	44	2	70	7	16	
13	22	4	6	5	3	3	17	0	71	17	10	8	52	
11	73	19	60	18	32	4	6	17	49	5	65	2	17	15	16	13	10	10	25	16	46	
1	64	14	26	10	32	8	33	13	68	4	13	
11	56	2	17	4	33	3	13	0	68	9	35	6	8	
3	25	18	51	10	4	1	17	16	40	19	72	5	41	8	27	9	8	
11	1	15	52	13	67	14	72	19	18	17	71	12	63	7	75	8	22	18	17	2	9	
13	42	10	56	12	50	15	14	7	10	8	37	16	46	9	39	14	4	5	12	2	1	4	44	
14	67	7	74	13	18	17	6	19	48	8	49	12	16	1	17	
11	71	16	9	12	41	7	7	10	4	
19	53	10	49	1	52	2	35	13	29	16	40	18	45	11	58	12	57	6	25	9	62	
5	41	16	11	0	16	15	25	10	1	14	20	4	49	17	64	
17	13	19	31	3	75	13	25	15	22	9	49	1	58	7	18	10	35	8	33	0	23	
17	43	13	70	7	41	6	1	11	17	14	52	18	62	12	53	8	65	19	33	15	64	3	4	
4	26	5	8	2	40	12	16	1	23	18	47	6	15	
8	41	12	31	15	70	14	63	19	68	0	8	18	28	17	65	11	53	16	9	1	66	
13	27	6	50	1	8	18	65	12	40	8	36	2	18	11	63	
18	56	11	49	8	71	14	68	12	33	
2	59	3	26	5	34	0	44	8	18	14	24	6	13	18	71	15	5	
13	47	10	67	1	68	5	38	15	61	7	64	19	22	16	40	11	15	2	39	0	11	
6	50	2	25	11	11	1	9	18	75	3	21	14	42	8	17	4	15	7	19	
18	11	6	17	16	27	7	2	13	25	4	57	2	21	8	44	
16	69	12	72	17	27	10	35	13	38	9	18	15	64	5	60	14	47	
9	55	18	32	3	60	11	36	12	52	14	28	5	6	6	15	10	21	8	41	15	66	
6	10	8	30	17	4	12	1	19	69	14	54	7	14	15	42	18	18	4	59	
15	37	2	9	19	23	1	29	9	46	5	15	10	19	6	50	17	48	11	54	12	52	4	12	
6	50	5	44	4	19	13	72	7	22	12	34	19	45	
2	38	17	56	8	41	10	22	5	34	4	58	14	3	11	14	6	43	12	19	15	69	1	57	
9	16	18	71	11	75	17	63	14	28	0	68	6	61	16	24	3	34	8	72	5	7	
11	18	13	72	6	23	12	16	5	40	15	25	
11	72	13	61	10	36	8	31	1	35	
14	75	1	22	7	8	9	50	6	24	8	54	19	33	13	61	2	13	16	18	4	68	
12	24	3	53	0	30	7	13	16	5	
2	27	0	36	8	61	10	17	19	69	1	34	17	2	16	48	14	26	4	4	15	50	
18	62	5	50	9	66	7	9	14	61	6	8	8	48	10	16	
13	74	8	11	7	62	0	15	9	68	
15	1	2	22	13	9	3	29	5	68	19	61	
19	35	6	25	17	65	12	44	11	5	15	14	5	2	
5	26	19	8	3	2	7	30	18	65	16	63	8	60	11	52	
6	24	13	51	0	14	2	31	14	10	15	8	1	49	18	9	7	25	
15	12	18	40	7	7	8	26	14	65	
14	60	8	56	5	57	10	35	2	7	3	72	15	8	
0	8	16	29	9	30	3	66	14	16	8	31	
1	32	5	3	19	73	15	72	7	8	
6	36	18	40	2	25	0	50	14	27	4	2	3	41	1	14	12	45	
1	15	17	1	0	7	13	11	8	54	9	2	16	43	10	29	14	68	5	27	15	69	2	51	
6	20	4	63	11	28	18	66	12	56	13	33	
3	41	10	40	9	37	12	42	4	44	7	55	17	18	13	68	0	32	19	50	8	66	18	22	
0	49	14	14	19	11	11	4	1	5	15	16	13	51	16	6	6	22	3	48	
16	67	0	60	2	20	6	35	13	42	3	21	17	10	9	40	4	11	
0	6	17	37	11	59	1	64	8	11	
5	14	8	41	9	73	13	35	17	18	4	6	
12	72	6	3	9	59	13	46	5	55	19	54	
1	2	4	14	3	37	2	22	15	29	19	40	9	41	10	65	
8	27	7	1	1	11	11	74	14	67	
0	19	9	72	10	21	3	44	1	13	19	1	11	70	4	46	
16	48	0	51	9	32	17	41	7	70	6	71	11	14	
13	30	14	2	10	73	4	60	9	54	11	32	0	21	
17	27	6	40	3	24	9	13	19	29	7	23	
6	17	12	31	1	42	9	50	7	29	
10	1	11	44	0	31	1	39	12	14	7	52	16	33	6	63	8	62	5	2	3	29	
1	28	2	57	13	54	4	55	17	11	19	61	7	75	8	64	
2	29	19	68	16	11	5	63	13	4	8	43	0	10	
4	48	11	16	12	7	10	1	6	29	
4	62	19	12	17	41	3	70	9	56	6	30	8	69	10	14	12	43	14	39	15	10	11	26	
2	72	10	9	9	29	11	28	4	53	0	40	15	25	14	10	7	35	
10	26	9	43	17	36	4	4	1	72	
4	20	5	54	9	66	15	8	19	27	10	3	
15	9	11	26	10	34	5	47	19	29	13	41	1	3	3	2	
11	42	6	69	13	6	7	36	4	28	16	61	0	12	15	23	2	56	9	29	
16	39	18	75	7	20	9	27	17	26	13	15	3	73	10	65	2	53	5	24	1	57	
9	41	11	11	10	44	4	63	14	53	8	32	19	10	17	43	
15	73	14	67	19	74	13	20	10	15	18	9	3	19	9	36	1	22	2	24	0	70	11	75	
2	70	15	75	16	73	4	30	9	64	
2	70	8	5	19	36	14	4	1	31	7	30	11	55	5	50	18	75	12	46	0	49	
5	23	11	64	1	33	7	68	4	20	

All component type numbers for each job to be processed by MFPM
7	5	
3	29	8	32	
2	10	8	16	5	17	0	11	
1	48	0	35	
1	16	5	14	
3	26	8	37	9	41	6	48	
9	24	3	16	
6	36	
9	1	3	9	2	7	
1	36	9	42	6	34	2	29	
1	23	
7	50	0	42	3	39	9	27	6	30	
4	20	
1	45	9	30	8	37	5	42	
0	1	2	22	
0	38	
6	6	9	23	2	5	8	18	
0	46	2	33	
2	11	5	9	3	12	6	16	
3	50	9	26	7	37	2	28	
5	13	8	24	4	25	9	9	7	8	
2	48	0	40	9	31	5	34	1	44	
9	1	4	11	1	7	2	10	8	14	
4	31	5	44	
8	13	2	8	
3	35	1	37	9	41	4	36	2	48	
8	18	0	21	5	12	2	7	
9	40	0	36	
0	21	1	23	4	10	8	15	5	14	
8	50	2	31	
2	10	8	4	
3	40	7	31	8	33	
8	23	9	14	0	19	
0	47	7	34	
5	10	9	4	7	21	0	7	
6	48	
6	1	3	5	9	9	8	20	
5	40	
2	5	9	16	8	14	
3	39	1	45	
1	21	
8	38	
6	9	8	7	
1	26	0	31	3	40	9	36	6	34	
4	16	
6	42	
0	3	9	10	5	17	6	13	
3	36	
6	7	2	19	5	12	7	3	
1	49	8	31	0	43	
9	19	
5	49	8	46	7	43	6	35	3	39	
7	1	1	18	
4	28	8	35	
3	6	
5	50	6	34	3	35	8	44	
1	5	3	3	
9	33	
4	8	5	7	0	15	
5	35	3	47	8	50	6	37	
7	5	5	10	6	20	2	6	0	24	
7	49	0	38	6	40	8	50	
9	11	3	7	7	19	
4	35	2	48	0	44	6	39	3	33	
6	15	2	16	1	8	
0	38	2	47	3	28	8	29	
5	17	2	13	4	16	
1	42	
5	15	0	25	
7	31	
1	14	
0	29	2	36	
7	22	2	9	3	1	
6	48	8	46	7	29	4	45	
3	25	0	19	5	4	
6	29	7	48	3	41	8	26	
3	13	
5	31	2	39	4	27	
1	8	5	3	9	11	3	23	
9	36	3	40	6	48	7	26	4	34	
8	20	2	17	3	7	7	5	5	8	
3	26	4	44	7	40	
7	12	1	4	0	17	
3	35	1	36	4	41	2	50	9	37	
0	20	8	10	2	16	5	15	3	9	
4	32	8	31	9	46	3	45	2	43	
1	7	5	17	3	1	7	24	8	19	
5	50	3	43	
6	7	7	25	0	9	
2	30	3	48	8	27	1	31	6	34	
6	5	1	15	7	8	
7	43	8	32	4	29	3	50	1	40	
8	19	
2	30	
8	14	
5	46	8	48	9	50	3	29	
4	11	
8	50	3	34	
1	3	7	20	4	7	
4	42	7	36	9	45	0	46	5	49	
5	8	
7	41	0	37	1	39	8	33	9	26	
4	12	8	6	2	22	5	11	6	10	
5	28	8	26	0	40	
9	17	
1	40	9	29	2	26	6	42	
7	16	0	1	2	3	9	24	8	19	
2	41	
5	1	0	8	9	7	
4	34	7	35	2	27	5	47	8	45	
1	15	0	9	8	24	
7	49	6	31	4	36	2	33	8	38	
3	8	7	24	
3	29	9	31	1	41	4	42	6	33	
6	2	5	1	4	25	2	19	
6	30	4	28	9	43	8	33	
3	18	2	9	9	14	4	13	1	6	
5	42	
8	10	5	8	9	3	4	20	
4	27	7	45	5	44	3	37	9	36	
6	6	2	25	8	21	
0	32	4	42	6	38	8	37	
6	3	4	8	3	23	8	14	0	11	
7	45	
1	5	6	21	4	12	
4	35	9	39	1	32	
2	16	4	10	0	22	5	4	8	24	
7	42	2	47	
3	24	
4	45	6	35	
6	4	4	21	
9	32	2	36	7	27	4	45	5	49	
1	19	3	3	9	24	2	1	
7	40	2	28	3	46	8	30	
7	16	
2	40	3	31	
1	8	6	18	
5	39	0	44	8	41	3	30	
5	14	0	3	2	5	4	4	
7	50	6	30	3	32	5	43	8	45	
7	13	0	22	
9	31	5	38	
5	3	4	5	2	24	6	21	8	13	
6	44	9	26	4	39	8	50	
2	16	1	12	6	18	
3	48	4	35	
1	19	8	6	6	14	
6	27	
4	20	2	9	1	2	6	19	3	13	
3	45	1	40	9	50	
1	6	5	1	
3	28	8	39	2	45	
6	6	2	19	4	1	
1	28	9	35	5	30	8	37	
0	16	
5	35	
4	19	7	3	3	5	
3	47	7	26	
3	20	0	7	6	13	7	1	
0	28	
4	3	
4	30	0	44	3	39	
2	16	
4	50	2	40	3	45	5	33	
6	7	5	11	
8	48	6	50	9	36	
9	10	7	2	5	23	6	9	
3	47	
9	14	
1	37	0	26	3	33	
1	6	0	1	6	21	
6	47	
4	10	
6	30	4	43	0	38	1	31	7	26	
2	9	5	25	9	19	7	16	
9	36	2	47	7	46	5	49	
9	22	
3	36	1	26	7	34	
5	11	
2	42	
3	2	8	24	
0	30	5	40	1	37	2	27	
0	6	2	7	5	16	8	21	
3	40	8	26	4	35	2	49	6	46	
7	23	5	11	1	6	
7	47	5	48	
4	7	1	21	
1	40	0	36	8	30	9	45	
8	24	5	12	6	9	1	4	
8	42	1	28	
2	11	4	12	1	9	
0	45	
0	23	3	10	
5	38	4	48	8	39	6	49	1	35	
5	22	
3	50	5	26	2	32	7	28	8	38	
4	23	5	9	9	13	
7	42	3	30	1	47	9	39	0	32	
1	20	5	13	2	12	
7	40	3	34	6	26	8	29	
9	4	2	1	
9	39	5	28	2	44	1	46	4	40	
9	7	
7	29	6	43	5	31	
9	24	
9	26	7	48	4	29	1	42	3	31	
6	1	7	7	8	15	9	23	2	3	
5	31	7	42	4	29	
6	9	
7	34	6	47	4	29	8	44	
1	17	3	22	4	7	6	23	2	13	
9	40	3	44	4	43	
6	12	2	10	7	4	
0	43	7	41	5	31	
1	6	6	11	5	7	7	24	0	23	
8	35	4	49	1	34	5	45	
7	6	
1	42	0	35	5	39	8	49	
2	14	
9	36	2	37	0	50	1	38	6	28	
8	8	5	20	2	14	9	19	0	16	
5	43	2	28	9	32	1	30	4	27	
8	24	4	8	6	3	7	17	0	21	
2	39	4	50	7	38	1	33	
1	9	5	8	7	17	0	6	
5	30	2	40	3	39	6	36	9	42	
0	18	
1	43	
5	19	0	17	3	25	
1	41	7	29	3	32	
9	16	3	21	2	25	
3	50	
0	19	4	17	6	15	7	8	
5	48	0	50	
5	18	9	4	
8	33	
2	8	
9	41	6	49	4	40	
1	12	3	8	5	20	8	5	4	7	
3	37	
9	19	0	24	2	17	6	16	3	12	
0	33	5	29	
6	19	
0	47	
6	23	3	22	2	21	0	9	
3	47	0	34	1	32	9	45	
5	6	9	16	4	12	
2	27	7	37	
8	2	0	5	
4	35	3	50	5	46	
5	21	4	6	
6	30	4	35	2	29	5	47	
8	17	
4	40	3	38	7	47	6	43	
7	21	3	4	
7	40	2	49	9	38	3	33	8	46	
6	7	3	14	0	17	
0	29	5	26	8	31	9	38	1	28	
1	15	
5	49	3	35	8	43	1	42	6	34	
3	11	9	13	2	7	7	12	
4	45	7	46	
3	16	0	12	
8	50	6	35	4	36	5	44	
3	22	2	1	9	15	1	11	
8	33	
8	21	
1	49	0	42	3	35	9	27	
1	15	6	4	9	22	2	12	0	5	
0	48	7	44	
9	23	4	18	2	22	3	16	
1	29	
3	2	7	15	5	11	6	18	
0	41	
5	8	4	7	2	10	7	19	9	16	
8	33	7	26	
8	20	9	10	1	18	2	2	
9	42	3	29	6	30	7	28	0	43	
9	17	3	16	1	11	4	4	
4	28	
2	13	4	9	6	22	
3	44	5	29	
2	22	1	18	9	4	8	21	3	14	
6	26	7	39	9	46	1	28	
7	20	
7	45	6	34	4	31	1	26	
7	4	8	2	0	21	
3	37	8	27	4	28	9	50	7	31	
0	22	3	5	8	8	
6	29	1	27	8	36	
0	2	4	17	9	9	8	16	2	21	
8	41	9	46	2	33	
8	12	2	1	
6	43	2	35	5	41	
6	14	3	3	5	5	0	18	
0	38	3	29	
3	8	8	6	0	13	
0	32	8	28	1	38	
6	10	
3	27	1	47	2	37	4	48	8	33	

Three processing times per job on each machine
The best scenario
74	159	102	
132	92	79	
245	209	310	
48	14	24	
139	142	104	
128	71	74	
213	172	34	
105	189	82	
86	89	70	
34	28	20	
75	190	259	
252	134	176	
276	190	92	
58	13	13	
59	87	58	
81	55	70	
210	295	358	
77	54	46	
208	101	304	
116	152	81	
93	19	55	
264	58	225	
9	17	16	
30	39	28	
49	29	48	
264	431	413	
173	62	122	
322	332	283	
178	159	127	
71	88	79	
215	119	93	
55	110	113	
73	88	69	
33	146	95	
207	175	300	
218	169	158	
204	113	324	
131	122	245	
117	101	169	
227	308	100	
98	127	257	
22	62	35	
74	38	99	
17	32	53	
332	302	116	
194	145	160	
51	118	149	
199	86	111	
264	345	301	
427	309	193	
87	93	75	
147	141	131	
184	116	144	
112	185	49	
310	225	201	
199	90	333	
25	24	49	
48	63	78	
261	273	384	
41	61	57	
55	97	64	
146	149	358	
257	140	74	
66	140	217	
300	107	99	
356	348	287	
69	38	26	
137	128	273	
10	56	29	
284	531	339	
320	326	191	
225	271	209	
371	360	260	
64	178	107	
156	418	83	
140	311	141	
99	65	36	
115	33	59	
252	219	391	
24	36	9	
44	142	111	
285	325	241	
127	104	203	
31	60	17	
44	91	93	
153	502	469	
48	137	90	
44	17	24	
330	150	233	
123	121	409	
230	297	105	
290	108	140	
147	249	323	
45	117	104	
315	419	465	
70	19	43	
116	38	127	
117	244	262	
189	154	164	
156	190	172	
23	36	68	
187	113	190	
214	150	251	
323	494	249	
69	86	84	
146	140	505	
269	260	208	
355	95	142	
329	370	150	
422	174	221	
104	147	224	
152	261	227	
206	69	151	
191	284	106	
226	45	105	
96	106	28	
150	169	212	
42	78	60	
147	187	69	
60	145	199	
18	29	24	
8	13	22	
55	126	133	
54	104	35	
246	179	211	
74	76	96	
27	31	15	
176	148	101	
77	117	67	
263	55	72	
155	61	117	
258	73	207	
169	219	201	
234	204	87	
526	268	167	
174	244	89	
49	18	48	
122	297	318	
256	250	357	
57	93	57	
50	41	46	
90	39	61	
60	259	213	
76	112	97	
70	90	62	
123	139	89	
21	31	37	
77	108	75	
160	93	158	
237	225	323	
Most likely scenario
113	193	160	
138	184	141	
317	268	415	
65	27	42	
239	193	153	
191	100	114	
246	175	67	
194	248	119	
108	90	121	
49	41	21	
115	238	314	
253	226	214	
410	211	174	
62	18	24	
113	92	79	
103	70	87	
240	301	384	
105	70	65	
262	119	360	
181	234	82	
95	33	105	
292	111	277	
16	20	28	
43	54	34	
59	33	62	
465	477	435	
196	66	141	
350	411	381	
319	273	141	
87	107	114	
300	182	122	
90	114	224	
119	93	79	
55	160	157	
221	319	368	
427	220	228	
282	213	425	
148	140	321	
119	123	289	
276	341	171	
113	182	396	
32	66	54	
100	49	109	
23	46	63	
512	511	154	
255	189	279	
94	135	167	
263	106	140	
416	367	382	
473	320	318	
93	167	76	
155	157	193	
219	220	171	
210	209	66	
346	312	267	
348	152	361	
29	42	59	
89	115	80	
355	283	400	
44	83	73	
62	98	76	
270	178	374	
279	226	80	
122	192	337	
306	158	173	
565	385	546	
93	69	40	
144	139	378	
19	60	56	
294	587	600	
430	436	277	
364	301	269	
419	439	422	
73	196	165	
178	425	161	
224	322	231	
106	77	44	
141	40	63	
416	357	451	
43	49	15	
88	184	125	
334	344	244	
237	193	270	
34	66	32	
72	92	126	
243	514	542	
50	208	101	
47	34	42	
521	245	459	
135	223	438	
282	375	113	
420	111	240	
151	296	486	
74	129	153	
513	459	497	
83	22	68	
125	63	196	
194	407	409	
352	288	328	
300	193	310	
44	38	72	
252	186	286	
255	172	302	
357	507	280	
120	132	108	
157	193	515	
503	308	290	
368	118	261	
337	403	172	
426	198	273	
108	187	277	
161	342	426	
297	124	239	
198	345	176	
280	89	177	
151	151	45	
241	238	239	
69	142	86	
218	224	109	
110	172	222	
27	31	27	
16	20	26	
108	152	226	
99	107	61	
332	326	317	
117	131	151	
44	35	17	
310	243	168	
153	130	102	
296	110	142	
227	110	142	
403	132	220	
182	246	219	
238	289	172	
596	271	283	
188	300	103	
56	35	54	
151	402	569	
434	367	496	
108	95	62	
80	78	71	
116	52	76	
94	277	315	
108	206	98	
73	175	75	
172	143	126	
22	39	60	
145	128	78	
187	179	227	
460	331	414	
The worst scenario
144	215	217	
179	230	209	
354	402	622	
82	35	48	
294	264	197	
269	108	171	
330	200	82	
196	284	121	
139	120	151	
71	51	23	
143	273	430	
273	318	250	
419	247	223	
79	20	31	
150	97	116	
152	85	117	
271	436	410	
140	76	66	
371	135	391	
197	296	115	
113	48	122	
313	147	352	
20	22	40	
55	77	48	
83	48	87	
693	622	474	
217	80	179	
442	430	476	
448	400	149	
99	118	151	
415	211	147	
112	119	313	
158	120	109	
56	189	192	
260	393	473	
499	284	291	
394	234	607	
215	146	421	
170	170	401	
379	351	228	
150	187	473	
39	73	73	
117	55	131	
30	52	92	
656	564	195	
285	283	368	
108	165	195	
268	128	174	
450	424	420	
658	430	348	
127	214	113	
179	182	242	
323	322	244	
305	267	91	
502	449	396	
372	193	413	
32	46	63	
112	128	115	
509	360	559	
63	102	104	
79	115	113	
288	234	544	
364	244	98	
130	258	382	
382	212	191	
740	554	614	
120	101	43	
147	201	493	
26	69	60	
405	657	841	
613	652	363	
386	324	315	
573	457	437	
76	262	224	
196	631	204	
329	452	306	
121	107	48	
148	60	85	
605	400	535	
59	54	17	
90	242	180	
442	497	279	
322	285	345	
48	90	36	
83	107	145	
270	639	756	
71	237	109	
51	49	62	
752	285	525	
188	334	607	
372	544	130	
465	141	320	
168	398	517	
95	132	159	
769	569	517	
121	23	96	
175	69	200	
272	550	502	
508	387	409	
447	228	449	
50	43	77	
368	212	365	
339	212	394	
381	671	325	
131	180	148	
196	219	569	
592	341	391	
457	127	346	
470	571	189	
456	271	357	
124	190	327	
217	482	604	
377	130	316	
261	461	246	
312	106	195	
159	166	60	
335	281	290	
102	156	108	
230	296	116	
142	200	240	
36	32	40	
21	22	39	
141	176	297	
133	149	84	
336	362	318	
131	185	161	
63	51	24	
328	340	223	
226	157	125	
341	112	210	
332	157	190	
591	156	281	
247	324	265	
284	330	210	
642	402	313	
256	301	104	
78	51	62	
160	452	749	
587	526	603	
124	139	88	
108	87	98	
170	53	92	
99	329	467	
154	291	131	
99	244	99	
254	211	140	
26	54	67	
153	157	111	
201	208	244	
654	411	521	
