Factories	4	Jobs	150	Machines	3

Total number of component types per job processed by HSPM
10	11	12	9	8	10	12	7	6	9	7	6	9	11	9	10	8	10	9	5	8	6	7	7	10	8	7	11	10	7	6	11	8	11	12	6	12	7	11	9	6	12	8	12	12	12	7	6	8	12	11	12	9	6	7	6	9	6	6	10	6	11	10	6	5	8	11	8	12	12	6	8	6	7	8	8	5	6	11	10	10	8	9	11	9	10	6	7	12	7	11	5	12	12	7	12	7	12	9	6	6	8	12	12	6	9	10	10	10	8	12	5	7	6	8	10	8	7	5	8	11	5	11	9	11	10	6	5	7	6	5	8	11	10	6	5	6	11	12	11	12	11	11	7	5	5	11	9	6	8	

Total number of component types per job processed by MFPM
5	4	3	5	4	3	4	3	3	3	4	4	5	2	1	4	5	3	3	5	1	4	3	5	2	2	4	1	4	1	1	5	2	1	1	1	5	2	5	3	4	5	4	3	1	3	5	4	2	5	3	5	5	2	1	4	1	2	3	4	4	4	2	5	5	4	2	5	5	4	2	4	4	5	3	2	1	2	4	5	3	2	4	1	2	1	1	4	3	3	4	4	5	5	2	4	1	1	5	4	1	5	1	4	2	1	5	3	1	3	4	4	4	4	4	2	2	3	4	4	4	1	1	4	3	4	3	3	3	2	5	4	4	4	4	4	4	5	4	4	1	4	2	4	2	1	1	5	5	5	5	3	1	5	3	2	4	1	2	5	2	1	3	3	4	2	2	3	1	2	1	1	1	1	4	1	4	1	1	5	2	2	2	5	5	3	2	3	1	3	1	1	4	2	1	1	4	2	4	1	3	4	2	4	2	1	2	3	3	1	3	2	1	1	3	1	4	5	1	1	3	4	5	3	2	2	4	1	2	2	1	5	3	5	2	5	1	3	5	2	2	4	4	4	1	5	5	5	1	3	2	4	3	4	1	5	1	1	5	5	1	1	1	1	5	2	1	1	3	4	1	1	3	1	5	2	2	3	5	3	3	2	2	4	4	5	2	5	4	5	5	2	3	5	1	4	5	2	5	4	

All component type numbers for each job to be processed by HSPM
17	48	6	70	14	34	10	57	12	69	3	67	13	24	9	19	8	50	15	45	
18	42	4	63	1	61	12	39	17	51	13	1	19	64	8	21	6	73	10	12	3	27	
15	61	4	6	12	20	14	25	11	21	6	52	0	49	7	34	2	65	19	57	16	40	8	30	
3	67	15	17	0	75	8	15	10	61	9	56	18	71	17	53	14	24	
7	75	5	39	3	9	12	2	18	28	15	42	0	17	13	54	
0	2	14	50	7	63	6	39	1	57	18	40	3	15	15	9	10	42	13	4	
10	7	19	13	17	29	0	16	16	42	2	49	9	51	13	9	8	43	11	6	18	75	4	69	
10	56	3	31	7	72	11	68	5	12	8	20	14	44	
4	6	10	22	18	53	19	1	2	37	15	14	
14	45	18	52	10	69	5	29	8	14	13	10	19	16	6	73	15	53	
18	1	7	70	17	56	9	12	13	50	2	26	10	4	
15	5	3	68	0	55	12	47	8	48	17	23	
8	24	18	27	0	41	4	75	10	29	19	40	12	26	5	30	3	73	
18	2	17	55	8	49	14	4	16	65	6	12	2	69	11	56	19	70	7	67	13	7	
7	59	6	8	14	64	5	58	12	11	8	18	9	21	4	14	16	61	
19	70	16	28	1	45	8	57	10	23	18	34	3	35	13	6	9	5	6	52	
5	63	3	49	10	18	6	28	2	25	17	60	0	38	16	26	
13	30	10	3	11	6	4	16	6	73	16	2	14	9	8	56	12	67	19	32	
2	56	0	43	4	48	10	19	11	66	13	5	17	59	6	22	16	16	
9	55	7	66	3	11	4	50	16	27	
2	38	11	74	13	46	18	7	10	63	4	56	3	61	17	15	
11	50	10	35	16	46	2	12	0	72	9	9	
4	2	2	66	17	19	13	71	12	31	0	74	1	39	
0	7	8	69	13	5	19	2	9	10	15	72	14	38	
12	67	7	17	4	8	2	46	14	34	8	30	6	20	15	38	10	40	16	14	
15	16	13	13	16	19	14	62	5	72	12	3	8	7	19	52	
5	39	17	72	13	12	3	67	15	2	19	60	14	62	
6	23	12	25	8	74	2	58	5	3	15	51	17	42	11	5	9	15	16	63	14	6	
17	26	0	60	6	32	16	68	3	22	15	27	11	21	2	49	18	10	12	51	
1	8	19	42	18	40	12	11	13	51	5	50	11	61	
12	72	8	73	7	57	0	27	17	34	14	59	
12	22	11	25	5	30	4	7	10	20	9	27	18	29	2	50	17	8	0	54	3	17	
17	27	1	63	11	75	2	17	4	9	8	10	5	22	13	5	
4	65	19	74	14	5	5	71	3	20	13	57	16	7	15	70	1	9	9	14	7	10	
12	41	2	28	15	55	19	45	13	33	0	9	14	12	17	27	5	34	4	46	7	17	9	31	
1	34	0	28	14	59	13	66	6	69	2	40	
16	63	8	72	17	71	4	20	11	56	6	59	15	74	10	51	13	19	5	28	18	54	7	7	
8	60	0	52	7	2	1	25	13	23	9	8	2	32	
1	61	12	68	14	40	10	74	2	58	16	44	4	30	17	66	18	28	7	75	6	31	
16	73	5	60	1	70	9	9	11	71	0	21	18	35	19	24	17	23	
10	73	19	38	18	37	1	47	15	9	9	63	
7	21	0	48	14	16	19	15	12	69	9	50	1	46	17	3	13	45	18	28	10	41	8	27	
14	66	5	25	7	12	2	10	15	15	12	52	16	47	1	70	
13	53	7	3	4	75	8	12	14	44	6	17	9	54	10	65	19	19	5	1	11	4	18	69	
4	42	15	59	16	71	12	13	3	15	5	55	9	56	8	38	19	34	6	45	11	6	7	25	
10	62	0	46	15	61	8	7	12	40	7	8	13	25	9	3	17	70	4	41	18	14	11	67	
10	51	6	65	11	48	8	75	12	39	1	11	5	12	
5	56	8	29	17	19	7	37	1	55	16	26	
18	46	9	72	17	10	19	37	6	42	8	28	3	22	0	12	
8	14	2	41	10	21	6	24	1	8	5	48	3	58	14	29	15	46	11	9	16	28	4	26	
11	30	5	23	4	51	14	67	0	27	2	11	6	29	12	42	13	56	8	3	3	72	
15	62	6	23	9	9	0	66	1	64	13	1	7	58	18	57	2	26	19	15	4	17	14	8	
13	20	2	13	11	4	3	9	18	66	12	68	6	64	19	39	7	45	
13	67	2	39	9	5	3	34	8	43	7	57	
4	21	13	58	3	53	6	38	5	33	19	23	12	57	
12	31	13	61	5	25	9	23	6	15	1	64	
19	51	10	40	0	3	14	74	13	13	7	12	6	65	2	26	11	17	
2	56	3	18	8	29	18	50	9	37	16	68	
11	27	1	18	7	11	16	12	2	75	19	69	
4	61	13	39	10	49	14	63	12	53	18	54	1	51	15	9	3	66	16	8	
5	68	8	66	0	19	7	16	10	11	13	69	
18	34	1	33	15	38	6	16	4	24	3	64	0	45	9	30	11	7	19	5	2	19	
15	58	18	29	6	64	12	28	19	24	5	74	17	55	1	37	9	47	11	65	
15	39	4	25	9	42	17	12	13	7	19	6	
11	75	5	64	13	43	14	23	15	28	
4	1	13	7	8	23	6	21	14	43	18	35	2	42	10	20	
6	29	12	42	3	1	0	16	17	15	10	9	4	68	16	32	7	74	13	14	14	22	
17	40	13	9	8	73	1	66	19	22	15	32	2	69	3	38	
18	43	13	64	14	34	17	35	4	31	1	23	12	50	11	42	3	18	19	40	8	33	15	73	
15	64	1	7	19	6	5	27	13	48	6	53	16	46	12	23	9	32	4	52	18	15	14	47	
19	13	11	32	16	16	12	36	2	7	0	3	
14	41	13	11	7	75	2	68	17	65	11	15	3	36	5	17	
1	58	0	43	2	9	11	4	17	26	14	14	
1	30	15	22	7	43	19	59	17	69	4	65	11	27	
8	70	12	39	2	6	5	27	18	26	16	32	1	37	9	59	
4	59	6	1	0	17	12	33	14	3	19	51	10	45	8	65	
11	55	12	19	17	57	6	45	3	71	
6	21	2	13	19	54	3	52	7	74	17	40	
13	3	8	18	11	31	3	11	0	12	15	63	1	10	4	40	6	23	2	53	19	30	
6	19	5	7	12	14	10	75	17	63	9	37	7	15	3	36	19	1	14	22	
7	14	0	61	9	63	18	52	4	12	2	55	13	46	14	11	8	70	1	30	
14	35	16	18	0	38	6	56	1	45	12	69	15	6	11	58	
15	48	9	53	7	1	14	49	11	5	13	41	18	8	19	10	10	23	
4	72	0	21	1	45	10	5	11	11	17	1	7	47	9	2	12	29	16	49	2	70	
17	54	5	3	1	41	6	5	3	43	10	57	4	14	16	32	8	2	
1	36	17	69	11	44	15	28	3	72	18	35	7	21	14	64	6	68	13	15	
13	43	15	13	12	44	17	12	18	18	4	58	
6	20	19	58	7	60	0	41	2	32	15	15	16	19	
8	23	0	53	15	46	5	45	3	57	19	66	18	69	6	51	2	14	4	34	13	8	7	59	
10	44	15	50	0	69	19	54	9	27	13	5	7	18	
0	72	14	70	17	40	18	10	19	58	3	67	2	61	6	43	8	63	9	19	13	62	
6	38	12	56	10	9	16	35	1	12	
7	36	3	48	5	58	15	1	19	21	0	17	12	43	17	3	16	39	4	41	8	67	11	34	
10	2	2	45	11	49	12	22	14	74	9	30	5	3	19	66	17	11	3	33	4	65	6	62	
7	11	9	13	1	38	13	65	16	71	10	1	12	50	
1	50	6	20	8	25	3	14	15	21	19	29	18	35	5	31	9	12	13	62	16	5	11	32	
6	60	12	42	9	49	8	20	11	50	3	70	17	30	
14	15	17	3	5	28	1	25	0	20	9	27	2	57	13	63	11	17	16	1	18	70	3	66	
0	17	13	26	2	51	1	21	17	23	5	62	19	33	3	58	10	32	
11	23	13	65	3	2	0	57	18	18	1	30	
8	19	1	30	15	48	13	16	12	42	10	38	
11	40	15	54	17	69	0	31	5	34	3	47	10	27	19	63	
7	39	18	41	8	29	16	57	15	5	10	16	11	61	3	28	13	33	12	58	17	48	4	14	
4	70	0	74	5	43	3	12	18	30	14	28	8	24	11	59	7	11	16	52	9	20	13	54	
12	62	13	18	5	12	7	14	14	44	3	72	
0	60	10	5	6	61	2	4	4	27	8	65	17	37	1	42	18	10	
8	14	2	33	4	16	14	47	9	8	0	74	12	75	7	32	10	7	11	45	
10	42	7	23	9	53	2	39	18	2	12	54	6	17	16	34	5	52	13	3	
10	4	7	33	13	45	8	71	2	60	4	25	12	12	6	30	15	34	17	9	
18	51	9	12	6	45	1	74	19	75	7	32	16	69	0	4	
17	29	13	73	5	44	8	42	4	45	16	51	9	20	7	43	15	6	19	56	10	10	1	64	
17	8	0	28	10	67	14	43	6	27	
9	38	16	6	1	49	11	32	5	18	19	2	6	28	
5	32	9	52	16	48	2	31	12	23	6	34	
18	22	3	37	19	69	12	10	0	65	17	71	1	16	6	72	
4	37	11	42	3	53	6	41	16	8	7	13	1	28	2	26	19	69	8	19	
13	10	6	70	7	50	14	40	2	1	1	38	15	52	18	9	
10	46	16	73	17	29	15	14	1	62	19	32	6	39	
19	5	10	56	16	24	3	23	6	47	
2	73	12	12	17	9	13	34	4	48	0	50	15	29	7	24	
4	27	0	61	8	43	18	6	14	4	5	57	15	50	19	22	11	25	1	62	7	36	
18	40	7	28	15	30	13	72	14	21	
13	23	16	71	6	75	3	32	9	14	2	12	19	38	11	46	5	45	0	10	18	41	
9	5	12	25	16	74	4	63	13	45	8	10	6	7	17	40	0	69	
8	35	11	36	18	70	19	39	1	4	4	37	12	26	6	59	10	21	5	61	14	71	
8	53	16	39	14	57	15	20	18	75	11	33	4	43	10	14	0	51	7	28	
5	47	7	1	3	71	19	37	10	14	13	45	
5	59	1	5	10	42	8	11	17	48	
5	34	1	19	10	24	7	36	0	46	13	7	16	71	
6	21	12	4	11	75	18	33	14	59	15	45	
8	52	12	65	11	51	1	42	19	58	
1	18	13	36	16	1	18	20	8	75	15	62	7	43	10	71	
0	62	12	74	13	12	15	70	5	19	16	65	6	24	17	58	19	29	4	52	11	47	
8	30	0	39	1	35	15	75	9	63	18	11	16	21	4	26	7	23	6	67	
17	14	6	26	11	2	2	33	16	75	18	65	
13	69	14	10	5	73	3	33	6	19	
0	11	8	60	19	71	9	57	11	68	7	64	
17	71	18	39	6	75	1	63	13	58	19	51	11	23	10	17	16	33	14	3	7	42	
2	53	14	18	16	26	13	39	9	38	0	11	11	43	7	40	10	5	5	19	6	6	18	56	
9	9	3	45	16	33	8	28	19	7	2	52	10	53	0	35	12	54	7	25	1	3	
3	46	12	20	5	74	8	45	1	19	9	31	15	22	2	62	19	53	10	41	16	52	14	57	
18	5	12	31	11	35	9	63	5	45	6	50	7	46	13	25	3	72	2	13	15	53	
15	40	10	42	16	69	14	60	4	37	2	68	1	11	17	24	13	20	7	53	0	17	
3	30	11	15	6	13	8	7	15	16	19	43	7	33	
6	58	7	61	18	36	5	3	0	23	
0	2	9	44	13	40	6	14	3	28	
11	55	2	61	13	45	4	8	7	48	3	21	0	69	19	57	16	63	10	37	9	65	
4	20	19	39	16	59	11	53	3	34	1	66	6	6	12	11	7	1	
17	63	9	24	8	48	13	68	4	37	6	59	
0	63	15	53	18	39	4	23	6	57	8	50	7	21	9	68	

All component type numbers for each job to be processed by MFPM
6	4	1	16	8	13	4	12	7	22	
4	42	9	34	3	37	8	46	
4	20	6	7	1	2	
6	44	8	28	3	34	7	35	0	43	
2	12	4	18	6	7	3	10	
4	41	9	45	5	48	
8	3	7	10	3	14	1	1	
9	29	3	30	6	41	
5	2	1	20	9	6	
2	43	8	35	7	37	
7	9	2	4	0	13	1	15	
9	29	3	31	2	32	8	48	
8	10	0	19	6	7	4	2	5	14	
2	40	5	41	
2	7	
7	40	1	32	4	34	8	46	
8	8	7	7	6	12	2	23	9	9	
3	26	5	34	4	40	
7	24	6	3	8	16	
3	37	8	28	6	35	9	48	5	40	
7	13	
6	48	4	32	1	28	2	31	
6	21	8	5	7	13	
2	36	3	42	4	30	9	43	8	31	
7	21	2	6	
6	36	3	46	
9	12	0	2	8	14	7	11	
4	38	
0	6	5	24	3	20	2	4	
5	37	
9	2	
4	30	7	45	2	39	8	35	9	37	
3	1	0	25	
3	37	
6	25	
3	45	
3	5	4	18	9	6	6	20	8	15	
5	29	0	48	
7	13	9	4	0	9	1	3	8	8	
3	45	6	27	4	35	
7	9	3	18	2	15	9	7	
9	42	5	50	3	39	2	35	8	46	
8	11	3	25	2	1	7	10	
4	39	2	40	1	28	
9	20	
7	43	1	26	8	47	
8	19	7	16	0	13	9	20	4	1	
3	43	5	41	8	36	4	40	
0	4	3	2	
5	42	4	50	0	35	6	26	1	39	
9	1	5	6	8	7	
6	29	4	48	1	33	7	44	0	46	
9	9	4	1	8	12	0	24	6	16	
8	43	9	35	
4	15	
7	31	6	49	2	34	0	30	
2	21	
8	30	4	49	
7	3	8	22	4	23	
3	48	2	50	5	44	8	26	
1	7	7	22	3	23	9	17	
5	29	2	45	6	33	4	49	
9	21	1	15	
7	47	9	28	8	30	3	34	4	26	
4	12	8	7	5	1	1	15	7	11	
8	37	1	48	5	34	2	42	
9	8	3	23	
2	35	8	27	7	42	4	43	9	47	
9	22	0	16	6	13	7	19	5	9	
0	32	2	36	6	42	1	30	
6	9	3	13	
4	36	8	41	0	44	3	46	
8	15	6	25	9	8	1	17	
3	49	2	32	7	28	4	33	1	47	
4	25	7	13	8	3	
2	27	4	28	
3	3	
9	48	8	37	
9	16	0	20	8	19	3	5	
8	46	0	47	3	36	1	29	7	45	
5	13	6	7	0	9	
2	48	1	29	
2	18	6	20	0	25	3	3	
5	49	
6	5	5	15	
7	40	
2	23	
5	31	0	29	2	49	8	26	
5	24	2	16	3	21	
8	47	2	34	3	35	
9	18	5	11	2	19	6	5	
8	37	3	28	6	45	7	27	
4	22	2	11	9	21	6	4	1	1	
5	37	2	27	6	31	4	49	3	46	
3	17	0	12	
8	28	3	45	1	30	9	41	
9	19	
8	48	
1	25	7	18	8	19	0	10	4	17	
2	29	0	27	6	48	4	47	
5	23	
4	36	1	41	9	32	2	45	3	31	
3	15	
8	26	4	27	3	39	0	28	
2	16	3	24	
2	48	
8	21	3	24	0	8	9	6	6	3	
0	48	9	35	3	26	
2	10	
7	29	6	34	0	31	
6	1	3	11	9	13	0	5	
6	40	5	47	3	39	8	35	
2	23	1	8	9	4	4	17	
8	49	2	28	4	41	6	36	
6	12	3	11	8	4	0	24	
0	26	6	30	
6	1	7	6	
5	42	8	41	6	40	
7	20	4	13	2	25	1	4	
7	41	6	39	2	29	8	27	
4	20	9	4	0	18	7	25	
5	34	
5	5	
3	41	0	39	7	31	4	28	
2	10	3	5	5	13	
1	47	4	50	9	27	2	39	
4	17	3	20	2	18	
0	42	4	39	1	31	
6	12	7	3	4	21	
3	30	6	50	
6	11	0	8	3	14	4	15	5	13	
2	50	3	26	9	43	1	32	
1	5	8	12	2	7	3	11	
0	37	3	49	9	27	4	26	
3	3	5	1	4	5	7	11	
3	46	7	50	6	42	4	34	
7	1	1	15	4	6	9	2	
2	27	5	50	7	32	8	43	9	28	
1	15	5	14	8	4	3	16	
5	40	4	28	0	34	9	33	
1	24	
6	26	4	45	7	27	3	46	
1	8	0	24	
1	36	8	34	9	27	3	50	
9	24	3	17	
6	49	
9	13	
1	45	3	47	2	28	5	41	4	48	
7	20	0	6	4	14	9	22	6	24	
4	48	3	28	0	45	1	31	9	39	
6	4	0	3	8	16	7	12	5	21	
3	30	1	42	6	46	
4	13	
8	48	4	28	1	27	7	37	2	50	
1	5	6	17	7	16	
1	35	7	38	
3	17	0	18	1	11	2	24	
7	36	
4	8	6	3	
8	26	4	49	7	35	6	36	5	41	
7	12	4	21	
4	32	
0	19	6	2	3	4	
5	27	0	31	6	48	
2	18	9	6	6	3	0	19	
5	26	9	47	
5	24	7	5	
9	48	1	39	0	28	
9	8	
2	40	1	45	
9	2	
4	41	
6	21	
8	36	
7	18	2	17	6	13	8	1	
7	39	
0	1	3	10	6	25	9	23	
3	50	
5	14	
3	37	9	29	7	38	4	49	1	28	
1	8	7	6	
4	26	0	36	
2	23	4	15	
0	36	9	32	3	49	1	46	4	34	
9	18	2	2	4	6	5	13	6	20	
6	26	3	47	7	30	
8	9	2	21	
1	34	9	32	5	35	
1	2	
1	33	7	41	2	31	
3	19	
6	31	
3	13	9	19	7	14	0	5	
6	33	3	39	
2	18	
2	39	
1	12	8	16	3	22	4	21	
2	32	7	44	
2	19	3	17	4	21	6	1	
2	44	
3	1	2	7	0	13	
7	49	6	39	2	30	1	40	
2	1	8	2	
3	41	8	27	1	39	4	33	
4	19	2	25	
8	40	
5	22	0	20	
8	29	4	43	6	40	
2	18	8	1	9	16	
1	50	
1	19	0	8	2	5	
9	34	4	33	
6	24	
9	38	
7	3	1	14	2	21	
6	44	
2	20	6	17	8	13	5	24	
1	31	9	32	0	45	2	47	7	39	
0	22	
3	39	
8	5	3	8	4	18	
7	32	6	29	9	36	3	35	
4	5	1	9	7	7	8	11	2	16	
5	50	1	49	8	37	
8	6	9	8	
1	32	3	38	
5	10	4	14	6	4	0	20	
9	41	
6	14	0	18	
3	30	8	34	
9	10	
3	28	7	33	9	32	6	38	8	48	
0	22	4	9	2	24	
4	34	9	48	8	42	0	46	6	38	
3	5	5	23	
7	34	9	45	2	26	5	41	8	40	
0	14	
5	26	3	50	4	44	
9	13	8	16	3	25	2	15	1	10	
8	28	7	40	
9	5	4	6	
3	37	9	26	2	41	8	27	
2	10	3	21	4	24	1	12	
3	37	8	38	5	36	0	45	
1	9	
5	50	2	35	8	36	1	42	4	47	
9	22	7	24	3	8	0	12	5	25	
8	42	7	37	2	28	4	49	0	35	
6	14	
2	39	5	44	7	30	
3	12	9	14	
3	42	6	28	4	44	0	37	
6	25	8	11	3	8	
6	31	0	42	7	48	9	49	
9	16	
0	48	3	40	5	35	8	33	2	46	
4	1	
2	26	
6	13	7	7	4	23	2	4	3	16	
1	35	9	28	8	39	4	48	0	26	
0	22	
6	39	
4	6	
4	48	
7	17	6	7	5	9	1	3	2	2	
1	42	6	39	
0	24	
0	50	
0	22	4	21	3	5	
0	47	2	27	9	48	4	50	
7	23	
1	50	
0	1	7	22	8	2	
3	40	
9	9	0	22	7	14	1	3	4	24	
3	31	5	32	
1	17	2	7	
3	45	7	47	5	30	
4	15	5	5	3	14	0	25	2	22	
2	37	6	36	0	47	
3	8	0	18	7	3	
6	45	4	50	
1	17	5	3	
7	36	1	46	0	38	6	35	
3	24	2	10	4	12	9	1	
9	31	1	49	6	45	8	34	4	47	
5	9	7	22	
5	41	2	29	8	30	3	36	7	31	
7	24	5	17	1	5	8	6	
4	38	5	28	2	37	7	26	1	46	
6	2	9	17	4	10	0	11	1	12	
1	37	0	46	
8	12	5	20	1	7	
9	49	5	27	6	33	7	39	1	45	
0	21	
2	46	3	39	4	26	7	43	
3	5	2	8	9	25	5	3	1	12	
2	48	6	47	
9	8	7	23	2	10	0	21	1	20	
9	46	5	31	4	42	2	28	

Three processing times per job on each machine
The best scenario
152	132	90	
65	354	215	
130	332	210	
44	50	119	
317	154	149	
166	108	182	
190	126	423	
35	38	43	
211	186	139	
28	18	45	
99	123	83	
72	49	94	
251	108	258	
47	115	131	
255	310	219	
58	76	67	
257	118	100	
162	206	326	
256	316	273	
94	299	383	
57	169	56	
141	373	307	
32	55	25	
45	63	151	
28	128	27	
100	193	202	
47	24	25	
54	76	42	
138	74	63	
240	277	147	
72	74	33	
99	190	279	
204	198	317	
170	159	279	
283	195	475	
174	389	408	
100	195	335	
96	47	82	
81	56	143	
95	123	56	
250	110	182	
146	216	257	
107	138	32	
18	32	23	
417	160	318	
212	215	227	
309	193	116	
322	178	124	
65	125	118	
365	458	182	
48	124	80	
72	55	122	
527	290	185	
55	52	137	
270	423	232	
118	55	104	
268	270	93	
107	82	165	
466	486	209	
177	141	266	
230	257	88	
134	150	237	
54	41	50	
153	55	125	
51	62	45	
173	238	67	
269	300	239	
139	208	72	
145	341	225	
95	54	26	
229	186	350	
387	193	406	
114	151	223	
322	280	134	
165	61	143	
265	105	235	
31	51	21	
219	70	143	
144	77	53	
36	20	17	
138	220	219	
121	440	101	
50	60	34	
160	108	137	
142	238	143	
44	14	41	
190	209	289	
406	205	269	
60	33	44	
340	274	348	
364	127	73	
490	109	223	
98	274	347	
148	259	72	
216	167	159	
232	116	119	
124	57	108	
62	75	40	
168	325	176	
136	84	231	
486	447	159	
219	201	220	
59	89	150	
141	197	354	
145	163	105	
28	106	53	
107	235	196	
173	266	155	
261	308	253	
333	192	196	
66	87	80	
396	118	226	
32	103	108	
117	150	197	
115	321	118	
273	351	364	
230	100	79	
150	79	114	
282	294	275	
39	26	19	
168	74	192	
360	209	119	
135	182	109	
74	26	25	
157	66	74	
76	94	101	
221	99	248	
33	46	126	
237	142	258	
17	17	33	
61	41	35	
153	77	129	
16	36	16	
15	9	35	
113	72	126	
471	168	202	
100	77	304	
113	172	116	
111	238	76	
51	80	80	
140	154	179	
418	185	255	
343	174	518	
178	144	142	
361	404	152	
111	68	168	
300	317	213	
128	40	68	
126	118	166	
137	263	213	
Most likely scenario
183	211	135	
121	440	344	
153	396	406	
76	87	155	
433	177	183	
273	168	284	
248	219	481	
40	76	67	
261	228	214	
56	24	52	
123	132	96	
77	95	169	
283	184	267	
91	117	154	
411	584	285	
59	80	80	
394	175	139	
200	224	369	
496	385	368	
133	348	442	
77	308	77	
160	413	546	
40	63	40	
77	103	183	
43	131	48	
178	384	221	
49	25	44	
73	80	83	
200	136	79	
301	509	200	
110	113	59	
169	316	525	
214	325	404	
312	304	292	
322	205	480	
309	593	447	
200	208	354	
135	87	105	
124	99	146	
113	197	70	
311	187	230	
180	274	262	
147	153	58	
21	35	24	
468	164	368	
285	297	329	
348	226	192	
339	211	125	
123	153	120	
455	476	235	
90	191	88	
103	98	124	
551	382	309	
70	57	184	
275	458	262	
119	79	155	
282	304	130	
160	132	281	
574	578	398	
194	142	273	
264	278	156	
181	281	337	
100	48	99	
169	58	171	
91	113	50	
213	310	76	
410	491	258	
256	251	143	
202	385	333	
122	69	40	
261	337	439	
479	201	479	
207	259	265	
423	458	205	
177	88	193	
297	156	318	
59	60	37	
272	73	192	
206	87	67	
45	21	30	
183	241	251	
149	453	162	
96	100	51	
161	177	193	
221	267	157	
58	22	51	
254	279	325	
566	275	439	
66	35	75	
493	381	480	
414	242	140	
572	214	233	
115	336	393	
259	309	133	
247	215	167	
234	149	171	
166	85	161	
63	86	46	
198	425	270	
138	166	424	
488	518	311	
242	379	241	
96	98	173	
159	275	397	
177	209	176	
54	116	78	
176	430	256	
192	370	176	
477	431	314	
509	365	325	
128	117	103	
426	198	227	
45	119	115	
143	281	275	
181	487	213	
524	384	511	
300	168	97	
207	133	212	
355	431	317	
49	37	32	
186	111	222	
406	248	194	
201	195	155	
79	30	36	
159	121	105	
103	112	147	
254	170	287	
62	63	127	
415	188	331	
24	20	61	
72	59	57	
278	99	140	
31	59	29	
26	18	47	
131	78	155	
499	245	288	
150	108	390	
118	261	188	
147	333	124	
61	133	146	
175	226	354	
447	304	309	
377	179	560	
302	218	256	
566	450	282	
116	101	284	
321	333	325	
180	45	99	
131	148	305	
227	406	281	
The worst scenario
208	240	161	
125	640	387	
191	459	455	
111	98	194	
569	255	273	
408	202	314	
346	241	681	
60	105	72	
352	332	231	
84	29	71	
161	173	110	
79	102	184	
332	196	364	
107	119	208	
431	646	298	
70	120	114	
530	192	204	
272	249	447	
564	459	477	
183	398	452	
112	378	80	
219	583	747	
42	68	48	
93	153	239	
56	183	58	
202	430	299	
51	27	45	
92	99	118	
272	146	102	
401	705	230	
158	121	63	
203	459	528	
220	326	561	
410	327	418	
324	212	681	
433	688	503	
250	293	517	
193	93	145	
170	131	204	
117	277	90	
393	263	291	
219	401	335	
207	173	65	
30	44	26	
483	227	403	
411	399	441	
354	273	246	
409	259	139	
163	221	176	
514	687	281	
102	253	114	
138	146	138	
620	450	387	
85	64	207	
406	603	353	
175	111	169	
361	325	142	
195	188	350	
816	661	508	
232	208	371	
311	369	223	
205	296	342	
141	60	116	
189	83	172	
125	127	62	
220	348	81	
426	514	289	
343	331	166	
297	552	423	
152	83	56	
313	493	486	
666	296	612	
235	271	367	
559	526	229	
262	119	203	
393	223	469	
66	67	49	
349	96	210	
211	92	75	
65	23	35	
212	269	303	
152	551	226	
112	132	53	
241	189	285	
249	292	158	
70	33	68	
301	327	343	
759	329	568	
75	36	81	
628	493	489	
598	320	200	
746	216	247	
131	412	520	
331	353	162	
313	224	194	
306	169	183	
174	93	176	
90	111	69	
257	620	279	
149	169	512	
538	645	363	
340	513	256	
121	99	249	
228	296	417	
223	271	261	
65	119	79	
199	561	314	
227	463	264	
508	629	433	
523	528	391	
176	173	141	
431	284	268	
47	172	132	
189	417	289	
250	617	218	
628	490	638	
440	192	123	
310	148	307	
398	541	340	
70	48	36	
214	127	232	
462	262	208	
204	232	213	
100	40	42	
218	166	148	
137	160	176	
339	214	376	
82	88	130	
618	239	458	
31	23	82	
108	68	75	
327	114	181	
33	84	43	
38	20	61	
160	92	181	
627	255	303	
214	117	558	
138	360	282	
187	377	151	
82	140	200	
196	264	359	
635	374	317	
466	198	743	
361	257	315	
597	631	342	
158	110	298	
399	495	364	
226	64	132	
194	169	378	
280	600	318	
