Factories	7	Jobs	100	Machines	2

Total number of component types per job processed by HSPM
6	8	5	11	7	9	8	10	10	6	6	5	10	5	8	9	7	7	10	9	10	5	9	10	12	6	10	7	10	6	5	6	11	8	9	10	12	8	9	10	12	10	8	11	12	7	9	9	10	9	11	12	6	12	11	8	11	8	10	5	10	12	8	9	12	6	8	10	7	8	6	9	11	5	7	11	5	12	8	10	12	12	10	11	10	9	12	9	12	5	9	10	6	10	12	8	9	7	9	11	

Total number of component types per job processed by MFPM
5	1	5	1	1	5	2	1	1	4	5	5	1	1	4	3	3	2	5	5	3	1	3	4	2	5	1	2	1	2	3	2	2	3	3	1	4	2	5	3	3	5	4	5	1	4	4	2	2	1	1	2	5	1	1	3	5	5	1	3	1	2	3	2	2	3	3	4	2	3	3	2	3	4	5	3	5	1	5	5	1	3	2	3	1	5	4	5	1	3	1	4	5	2	4	2	1	2	4	1	

All component type numbers for each job to be processed by HSPM
11	41	1	52	16	37	14	60	10	59	13	54	
7	2	12	45	14	69	4	42	0	31	10	20	8	65	2	8	
19	52	4	29	1	11	5	40	0	22	
5	51	7	29	10	31	12	67	16	35	17	42	0	73	18	39	15	56	2	23	19	63	
14	62	2	12	7	49	18	9	6	73	19	29	0	39	
2	71	5	9	14	1	12	37	4	65	10	60	11	63	1	43	15	53	
4	62	9	1	5	8	8	33	3	74	19	58	12	34	2	15	
4	57	14	63	17	41	15	54	8	24	7	64	10	31	13	4	19	70	18	56	
12	29	18	72	6	50	1	68	14	37	10	24	8	27	3	60	11	40	17	67	
9	7	3	54	7	46	4	24	14	68	18	15	
14	33	9	6	8	63	3	4	1	3	16	42	
13	65	16	70	17	11	6	63	15	12	
2	18	10	68	11	65	19	36	1	44	14	59	17	72	12	27	3	4	5	62	
16	4	2	3	1	19	12	70	9	53	
2	7	10	67	7	34	13	70	6	41	14	5	8	43	18	18	
17	2	19	13	7	56	1	10	4	26	3	69	9	41	6	48	0	57	
11	61	12	46	4	20	14	53	19	55	18	40	6	57	
4	28	10	63	17	3	12	38	6	7	14	62	15	12	
11	20	18	73	14	47	16	18	8	21	13	71	19	23	9	48	4	64	5	32	
19	11	14	37	1	32	0	41	9	22	15	25	5	1	6	62	3	64	
11	40	2	5	5	45	0	43	14	63	17	7	19	32	12	13	15	69	6	59	
1	62	18	35	19	15	9	31	4	38	
10	33	1	67	0	10	19	9	9	37	12	75	13	66	15	3	8	63	
19	60	3	61	5	55	7	17	17	67	9	29	1	3	15	7	0	13	13	71	
13	5	19	67	11	31	18	46	17	57	16	18	12	21	6	10	9	25	0	42	5	27	3	1	
18	72	6	2	2	6	10	32	14	31	4	36	
3	75	12	33	14	12	9	21	15	43	18	20	17	41	8	59	11	23	1	22	
11	31	14	66	13	29	7	24	15	45	0	9	12	44	
1	68	14	48	17	25	10	23	2	50	7	36	11	44	19	37	16	47	12	58	
8	55	11	65	4	28	9	56	16	12	10	40	
0	13	9	71	14	20	10	3	11	26	
9	39	5	63	11	65	4	71	8	55	0	73	
14	40	19	32	16	38	2	5	6	16	13	30	12	48	11	67	1	28	17	41	7	58	
9	40	18	6	8	15	16	16	13	56	1	2	0	10	7	1	
10	26	15	49	16	61	12	50	11	55	2	59	14	27	18	5	19	10	
6	36	8	46	13	39	1	58	18	75	5	73	12	34	14	33	2	41	16	17	
10	44	4	22	0	65	3	34	12	14	6	49	13	41	2	4	16	62	9	71	7	1	14	40	
7	20	10	56	13	16	16	12	12	40	4	31	9	36	1	9	
1	62	5	63	4	43	10	55	16	16	12	69	9	32	8	3	7	18	
2	61	9	58	1	34	11	11	19	15	10	40	8	3	13	31	12	12	0	45	
0	31	2	45	6	62	9	40	19	1	12	41	14	50	18	10	13	54	17	6	7	65	10	57	
16	31	0	12	18	68	7	41	19	7	14	39	11	74	4	29	12	20	5	42	
6	73	10	47	11	23	7	20	19	21	17	50	4	68	15	25	
9	7	18	5	16	6	3	31	6	8	14	34	8	53	1	35	12	73	4	20	10	57	
6	27	8	68	5	51	17	45	13	75	9	29	10	6	1	42	14	2	11	14	0	34	7	4	
17	14	19	65	7	22	12	33	10	26	15	24	2	48	
4	16	14	7	5	57	19	34	10	52	2	2	3	8	16	70	8	71	
4	71	0	10	6	50	18	6	2	54	10	36	19	38	9	27	12	30	
11	3	15	29	3	42	6	55	14	2	19	36	4	43	12	28	5	53	17	49	
3	54	17	50	15	47	11	53	7	62	13	1	14	11	4	35	9	70	
18	40	2	27	8	66	5	57	4	28	19	10	1	8	11	70	13	29	3	33	9	11	
0	18	14	35	3	29	11	2	10	56	8	72	1	20	4	69	5	23	9	30	19	10	12	36	
19	59	0	73	16	62	1	57	6	47	14	37	
2	16	5	71	7	27	10	64	13	41	11	69	14	33	12	75	19	56	9	12	4	65	6	25	
8	38	16	21	14	68	5	20	17	25	12	7	9	32	4	4	0	74	3	51	15	34	
7	20	2	63	5	56	15	52	0	1	4	57	1	13	10	11	
18	11	5	2	8	7	9	56	17	27	16	9	12	62	15	75	10	50	6	73	7	68	
9	1	4	21	16	52	11	53	7	7	2	57	18	19	3	27	
11	72	16	26	8	34	2	16	0	8	19	3	10	58	18	2	17	69	14	44	
15	60	5	57	11	47	13	53	18	14	
4	74	18	38	2	5	14	17	15	18	5	53	17	68	6	61	12	29	11	31	
3	18	15	70	19	28	11	19	4	13	7	45	5	57	6	4	8	42	14	3	16	73	18	58	
11	26	0	1	1	3	19	10	6	44	14	42	10	43	8	73	
15	29	14	68	19	19	16	57	18	5	0	23	11	15	2	64	17	40	
17	58	16	20	2	25	11	54	4	1	9	15	5	8	14	4	1	66	18	63	3	43	7	53	
3	1	15	37	4	49	8	69	0	54	5	74	
7	40	1	47	19	39	12	8	11	60	15	35	14	44	18	9	
14	24	5	67	7	73	19	60	11	26	9	47	16	33	8	11	2	29	6	19	
15	7	7	45	2	37	11	3	17	33	1	61	14	68	
6	41	17	2	7	3	11	23	9	1	12	49	19	53	2	33	
1	29	10	32	13	60	3	9	0	62	11	13	
13	15	4	24	8	65	19	6	10	43	15	11	3	30	2	45	14	4	
7	27	6	7	10	61	18	57	5	54	2	75	15	22	3	34	8	44	4	65	11	23	
7	74	3	34	19	20	15	46	4	73	
6	57	13	10	2	72	8	21	18	53	1	22	9	18	
4	51	12	56	3	7	7	62	9	10	17	68	11	4	14	73	1	39	6	63	13	18	
17	14	12	10	4	53	16	70	14	31	
0	8	11	75	14	4	9	63	12	18	6	51	18	27	15	7	2	73	8	5	19	12	1	68	
8	39	18	71	1	16	10	42	0	8	2	20	3	29	7	4	
6	11	15	2	14	21	5	35	3	58	8	10	11	64	0	19	13	17	12	26	
15	9	8	37	18	43	1	26	14	42	10	15	0	41	4	2	17	65	5	71	11	36	3	32	
2	35	4	62	14	26	16	34	7	44	1	33	12	13	10	65	8	20	17	23	11	69	19	68	
9	15	16	52	14	53	2	43	7	57	4	34	18	47	11	35	6	70	15	37	
14	70	15	16	5	17	4	66	7	54	6	10	16	68	19	48	2	9	9	29	1	50	
17	62	6	31	11	25	15	70	1	66	0	45	16	32	8	27	9	26	12	23	
16	66	7	23	18	22	9	46	11	11	14	42	1	64	8	14	4	33	
11	31	0	56	2	17	4	21	10	4	13	5	1	37	17	38	12	26	7	18	8	46	9	10	
18	2	19	17	17	72	7	45	13	52	8	68	12	48	3	56	14	13	
12	56	19	67	3	51	4	2	6	40	18	39	13	58	8	13	14	74	15	29	7	12	0	5	
19	28	0	37	9	2	5	73	13	14	
7	45	4	72	6	42	0	26	19	1	1	48	5	64	14	31	9	33	
14	34	7	44	1	3	17	37	8	43	4	41	19	71	12	27	3	74	2	55	
15	42	12	45	16	38	3	17	13	34	18	64	
15	22	2	21	9	2	19	44	7	14	13	59	18	45	0	43	5	19	11	29	
17	60	1	41	11	57	3	52	13	9	2	18	19	8	14	65	7	24	15	39	10	67	18	14	
2	54	10	28	16	15	17	73	6	72	11	45	7	67	12	11	
9	12	17	52	1	64	10	71	6	62	11	26	12	60	7	40	19	1	
19	60	10	72	17	3	16	52	7	16	11	28	14	14	
13	42	7	1	8	20	14	44	5	23	16	50	1	57	10	63	18	21	
10	37	6	47	2	38	5	59	13	26	1	40	4	36	12	69	17	39	8	1	15	15	

All component type numbers for each job to be processed by MFPM
8	18	5	25	4	13	3	20	0	21	
1	6	
2	4	7	6	6	1	8	11	1	7	
0	6	
6	8	
4	21	7	7	2	18	0	10	9	3	
4	25	3	3	
9	4	
8	17	
7	2	5	16	0	14	1	7	
9	1	8	10	6	13	0	22	2	24	
7	20	6	12	8	17	4	16	3	18	
4	11	
3	18	
1	20	0	9	8	15	3	3	
2	20	6	11	0	17	
7	20	3	2	9	24	
9	14	4	2	
4	21	7	3	3	13	6	5	8	24	
4	23	0	21	3	4	5	18	6	5	
6	15	7	17	0	3	
7	21	
7	4	5	7	0	23	
6	10	7	13	2	4	5	21	
1	12	6	21	
0	21	4	6	1	1	6	14	8	10	
3	18	
2	4	9	7	
5	6	
1	11	8	21	
8	24	3	18	5	10	
7	11	9	19	
4	9	0	4	
6	25	0	24	9	14	
1	22	9	13	5	21	
4	25	
9	15	8	4	0	8	6	7	
4	10	1	12	
9	23	8	7	3	15	1	5	0	22	
9	25	4	19	1	17	
9	25	8	6	2	9	
9	25	2	24	0	22	6	15	5	20	
0	22	8	25	7	23	3	15	
1	15	3	23	2	24	7	18	4	20	
9	11	
4	5	0	6	8	4	3	3	
8	20	5	6	6	21	7	22	
6	14	9	15	
6	1	5	18	
9	21	
2	9	
9	13	7	24	
0	2	8	10	3	25	5	18	7	14	
6	7	
8	2	
2	6	4	14	8	10	
5	8	6	7	8	10	2	11	0	4	
5	21	4	9	7	15	3	23	1	1	
3	17	
8	13	5	23	6	19	
1	24	
1	20	6	22	
5	17	6	4	0	23	
5	3	3	20	
1	21	5	15	
6	17	2	14	8	15	
0	24	2	8	3	2	
0	18	6	20	3	2	1	9	
0	4	1	3	
9	7	8	5	4	6	
2	8	3	5	6	4	
3	12	0	21	
0	16	9	14	3	5	
7	10	1	12	5	9	9	17	
6	3	4	8	2	25	0	17	7	6	
4	14	5	9	0	2	
5	17	0	10	7	6	9	22	1	7	
5	6	
6	2	8	22	9	17	2	6	1	19	
8	23	4	5	3	25	6	11	1	20	
0	11	
5	12	6	9	2	20	
0	13	8	10	
9	18	2	24	6	9	
6	6	
2	11	1	1	9	20	7	10	6	3	
1	12	7	24	4	9	9	18	
7	3	4	4	3	5	1	24	8	23	
6	13	
0	13	2	5	5	23	
3	6	
0	14	2	13	9	23	3	20	
1	8	3	18	0	4	4	25	6	11	
4	16	8	13	
8	10	9	12	5	8	0	18	
5	19	7	3	
6	12	
2	6	3	7	
5	20	3	11	2	4	6	9	
2	9	

Three processing times per job on each machine
The best scenario
227	170	
233	178	
126	113	
326	254	
45	70	
226	103	
342	432	
276	173	
66	156	
196	147	
313	118	
99	195	
406	372	
308	156	
82	129	
322	373	
131	84	
183	55	
144	350	
109	133	
257	243	
68	33	
145	210	
106	73	
109	183	
159	61	
412	260	
187	140	
311	138	
34	52	
67	34	
158	65	
97	264	
155	310	
104	182	
301	125	
172	113	
63	36	
60	41	
191	164	
101	297	
130	90	
21	44	
58	76	
126	148	
233	411	
38	85	
173	83	
37	38	
25	158	
194	122	
336	251	
207	59	
154	112	
197	70	
105	331	
68	73	
34	9	
369	258	
322	309	
59	93	
369	305	
163	76	
29	55	
105	221	
50	22	
34	35	
252	338	
104	276	
241	197	
138	163	
123	168	
74	122	
85	94	
26	29	
60	270	
81	206	
143	152	
121	164	
84	124	
60	38	
130	292	
99	414	
28	12	
29	36	
214	226	
26	23	
251	210	
82	308	
144	179	
78	38	
608	519	
57	269	
161	284	
285	414	
176	114	
140	425	
51	39	
112	199	
119	206	
Most likely scenario
228	221	
364	258	
128	119	
383	294	
46	71	
368	110	
489	582	
442	287	
80	197	
347	151	
375	198	
100	230	
424	455	
352	187	
98	138	
342	536	
151	117	
205	92	
152	429	
123	236	
339	310	
91	60	
206	253	
202	122	
120	218	
196	77	
431	338	
212	146	
429	187	
50	63	
68	48	
239	122	
108	280	
212	378	
132	250	
406	220	
222	219	
95	57	
80	61	
249	231	
200	335	
233	124	
25	69	
79	83	
183	259	
352	582	
76	89	
189	147	
44	45	
47	186	
211	144	
493	369	
231	111	
188	134	
250	98	
152	438	
108	81	
38	17	
469	445	
475	415	
93	104	
421	585	
164	78	
44	79	
164	226	
78	28	
59	51	
312	453	
111	418	
313	249	
179	194	
240	241	
100	126	
127	144	
29	37	
105	406	
100	302	
165	238	
181	167	
100	247	
120	60	
162	322	
134	476	
54	22	
54	52	
372	288	
28	45	
367	340	
86	335	
266	208	
105	71	
620	622	
73	291	
213	425	
312	448	
207	147	
274	453	
76	60	
134	240	
159	236	
The worst scenario
328	330	
428	275	
177	138	
474	351	
55	72	
427	120	
605	608	
447	354	
89	230	
366	219	
474	273	
113	255	
433	615	
415	262	
112	193	
413	564	
214	120	
235	93	
175	456	
153	339	
460	399	
100	67	
297	363	
247	167	
137	242	
236	105	
623	487	
221	191	
525	278	
59	75	
81	62	
287	173	
115	320	
251	415	
171	330	
485	295	
323	303	
123	78	
91	81	
346	316	
228	420	
249	173	
26	78	
103	89	
190	376	
456	777	
107	112	
246	217	
65	47	
59	196	
249	214	
499	396	
345	139	
251	188	
305	137	
174	607	
143	121	
43	18	
673	607	
701	544	
118	144	
581	728	
176	91	
52	92	
202	268	
83	33	
79	67	
340	593	
112	419	
335	269	
193	204	
313	279	
115	156	
162	197	
43	50	
155	583	
145	440	
198	241	
264	219	
149	273	
167	62	
242	396	
143	598	
69	23	
63	73	
373	386	
38	64	
508	452	
103	432	
368	215	
130	83	
880	781	
92	317	
274	626	
315	568	
299	194	
343	565	
97	72	
140	299	
191	265	
