Factories	4	Jobs	100	Machines	2

Total number of component types per job processed by HSPM
5	9	5	5	7	6	8	12	12	5	7	12	9	11	10	7	10	6	12	6	6	12	12	5	8	7	9	6	7	11	5	8	8	11	6	8	10	9	9	9	10	5	8	9	9	8	5	12	11	8	7	12	8	6	5	9	8	7	8	6	11	9	6	12	8	6	12	11	7	5	12	6	7	7	8	6	12	8	5	10	12	7	11	6	9	7	12	9	12	6	11	11	8	6	8	7	12	11	9	5	

Total number of component types per job processed by MFPM
2	4	5	3	4	2	2	1	4	4	3	2	4	4	3	2	2	1	3	5	2	4	2	1	3	4	5	4	1	1	4	4	4	2	5	5	1	2	1	5	2	5	4	1	5	2	1	5	3	5	2	2	1	1	5	4	3	2	2	4	4	1	2	3	5	2	1	5	1	5	3	3	1	5	4	5	3	4	4	1	3	2	5	5	1	3	4	4	4	1	4	4	4	4	5	1	3	1	2	3	

All component type numbers for each job to be processed by HSPM
11	29	16	33	19	61	8	4	18	41	
16	63	9	52	1	73	12	30	8	48	13	16	10	53	3	17	18	54	
13	64	2	14	6	50	5	8	8	5	
7	14	1	65	8	23	14	33	4	4	
3	53	5	38	19	49	6	15	8	47	15	20	18	7	
8	38	3	59	1	24	5	19	14	54	6	57	
12	48	10	56	11	52	2	6	19	67	3	43	8	29	17	30	
10	32	13	22	16	48	7	17	17	5	4	21	12	40	18	68	2	67	9	6	0	51	5	11	
11	38	19	44	5	8	0	31	1	45	7	23	17	21	9	47	18	27	15	54	4	74	3	67	
10	26	2	53	1	70	16	61	11	10	
8	15	15	58	9	57	18	56	11	68	0	37	14	8	
7	57	4	27	6	37	15	20	19	29	17	53	12	65	16	23	1	54	2	5	18	50	14	58	
4	48	13	71	7	31	2	37	12	23	19	67	11	22	18	46	1	74	
14	43	8	19	7	58	1	50	11	63	0	42	5	33	2	54	19	25	13	2	18	6	
0	29	12	22	19	75	8	14	16	59	3	24	11	8	7	72	1	4	17	65	
19	54	5	4	14	29	10	8	11	19	8	68	4	70	
16	8	7	48	0	50	13	75	10	71	9	2	8	19	11	20	17	26	12	70	
15	54	17	58	3	36	8	15	10	55	12	22	
13	17	4	65	18	74	6	30	8	31	17	26	7	42	12	34	2	2	1	14	0	69	14	47	
6	39	16	19	4	56	18	26	3	64	1	68	
19	66	12	28	4	59	13	71	14	21	16	27	
9	72	14	33	7	25	8	46	18	39	12	20	13	4	0	49	10	57	1	67	15	73	6	69	
11	1	7	38	0	57	8	45	4	2	18	69	14	55	9	26	13	5	10	21	1	8	3	25	
13	38	15	68	18	3	3	41	19	10	
15	46	1	39	18	38	4	30	5	12	19	42	7	72	0	31	
3	69	9	49	0	52	8	54	11	75	15	2	19	72	
1	49	10	10	13	33	12	26	15	23	6	3	11	44	8	74	19	62	
19	54	13	21	16	23	1	45	4	61	18	22	
9	27	1	17	6	18	7	47	5	70	10	67	18	19	
11	59	10	60	2	18	4	20	8	39	6	26	15	6	5	73	7	41	19	54	12	67	
9	3	3	32	12	38	18	4	7	64	
11	44	7	10	13	52	6	4	4	15	5	53	16	72	8	75	
16	15	13	16	15	49	6	74	3	62	17	59	0	26	7	48	
17	6	12	30	6	28	2	39	7	42	5	15	10	53	18	33	15	18	3	64	4	12	
19	73	18	8	7	57	8	19	16	44	14	10	
5	51	15	21	19	7	9	27	12	19	7	73	10	12	16	6	
16	51	6	34	3	32	12	69	14	61	0	24	1	67	18	62	10	41	4	66	
11	5	4	61	8	75	17	22	19	48	15	10	2	36	5	18	0	24	
2	8	9	32	3	4	5	27	14	9	0	51	11	34	19	61	6	39	
18	7	11	25	1	14	7	59	8	15	6	17	3	42	4	57	0	22	
12	58	2	50	11	10	19	36	17	59	3	55	6	23	1	75	9	7	10	42	
7	37	19	29	2	8	10	7	18	49	
16	66	3	51	8	40	17	17	12	49	14	52	2	7	9	60	
3	50	18	64	6	68	10	11	5	60	13	46	1	65	4	12	17	17	
15	69	19	5	5	13	9	59	10	50	11	49	4	31	13	14	8	6	
1	46	13	72	5	27	14	22	9	47	7	12	19	26	8	44	
4	23	10	12	16	55	11	17	3	65	
0	20	19	7	10	6	11	31	14	23	2	61	4	37	3	38	13	60	1	26	9	15	16	11	
15	32	6	71	17	40	3	42	9	25	8	3	10	63	4	51	2	61	14	21	11	75	
8	74	11	25	10	60	1	1	4	51	9	55	2	2	0	65	
15	12	0	51	5	6	4	57	6	67	19	61	3	26	
18	30	5	65	9	58	7	71	8	57	6	23	4	37	14	56	0	14	17	51	3	20	15	24	
8	14	7	5	15	49	1	17	6	12	9	8	18	18	4	51	
4	57	12	47	7	20	8	18	19	70	17	48	
5	33	11	19	18	60	0	20	6	36	
14	37	6	5	12	7	19	52	10	12	7	14	18	54	0	9	15	71	
15	72	13	48	7	42	3	53	10	74	19	17	14	10	16	61	
3	17	1	36	8	33	5	60	2	38	12	16	10	6	
6	64	5	39	12	48	10	55	7	49	0	14	13	1	14	54	
2	14	17	38	9	68	10	12	16	34	0	56	
10	21	17	40	11	6	6	33	8	38	4	73	3	50	19	25	13	35	5	55	15	28	
9	37	2	67	3	40	19	72	4	32	11	74	13	3	12	61	6	63	
13	21	16	17	0	11	1	70	11	34	5	29	
7	64	9	57	4	62	15	41	3	48	13	43	16	45	10	54	6	31	8	11	5	2	12	14	
4	13	14	67	16	68	6	74	11	45	13	42	8	12	19	28	
10	60	11	67	6	74	4	5	12	18	13	41	
6	72	15	19	2	60	14	75	3	30	5	32	19	54	9	23	18	14	10	42	11	43	16	70	
6	63	5	74	12	5	8	21	2	55	9	45	1	35	11	71	3	48	4	40	0	11	
10	49	3	61	5	15	8	52	11	31	19	13	4	64	
7	12	3	2	10	57	16	52	18	54	
6	73	18	74	2	75	14	32	7	1	16	72	10	62	5	2	3	51	0	66	11	47	4	48	
9	11	18	26	14	73	1	25	17	3	3	6	
15	60	5	10	0	12	2	29	9	8	4	38	19	3	
11	39	12	74	8	41	13	56	15	24	10	9	0	10	
1	52	12	34	8	43	10	57	13	3	17	48	7	75	0	14	
3	8	7	9	2	17	5	11	0	20	14	1	
6	71	9	39	8	56	1	50	11	46	19	60	5	29	17	14	0	74	14	37	12	33	15	10	
12	60	16	4	14	19	9	22	13	17	7	39	6	23	8	28	
13	69	0	27	15	64	18	26	14	7	
2	5	1	14	10	54	7	6	16	31	8	52	4	25	19	33	6	11	17	58	
9	49	0	12	19	30	7	60	17	1	15	51	8	58	18	2	16	74	2	13	6	70	12	46	
8	34	12	19	3	12	16	63	2	3	0	68	10	39	
7	65	4	60	3	54	10	25	11	74	12	32	14	9	19	21	9	4	17	40	1	43	
9	56	5	60	16	11	15	30	10	74	6	6	
7	7	17	68	15	47	5	48	13	25	16	1	8	17	4	69	1	15	
12	51	0	70	19	56	1	32	11	30	13	9	16	14	
14	52	6	59	18	21	17	11	12	17	16	2	1	58	10	27	0	74	13	12	15	6	2	7	
13	33	0	72	2	40	16	21	14	28	10	63	9	9	19	69	11	16	
10	12	16	73	17	14	9	58	19	1	2	43	8	23	0	52	6	72	5	36	3	56	15	5	
12	46	2	73	18	65	13	40	16	4	3	68	
16	70	3	11	7	29	12	31	11	57	15	71	17	28	13	3	4	7	6	58	0	5	
4	25	14	54	2	50	16	24	1	68	6	62	19	5	7	72	3	55	17	8	5	4	
5	67	4	43	8	36	15	16	19	23	10	66	12	56	0	54	
9	62	1	49	18	59	17	7	10	2	6	42	
11	29	1	40	18	43	4	73	0	47	12	5	17	11	7	15	
16	48	2	50	17	45	6	41	11	57	12	29	7	26	
2	25	11	9	1	4	16	52	5	60	3	34	9	37	8	57	0	29	13	16	15	24	4	64	
10	51	18	41	0	21	13	67	3	71	15	59	14	7	4	14	17	50	6	74	1	27	
15	61	16	65	7	66	4	38	19	4	8	8	5	10	11	49	0	17	
1	50	0	17	8	29	10	60	14	65	

All component type numbers for each job to be processed by MFPM
7	16	2	4	
7	4	2	16	6	11	3	14	
3	13	7	12	5	4	9	16	2	23	
3	2	1	19	5	9	
6	14	5	6	1	10	2	20	
3	5	4	1	
9	9	5	10	
3	10	
5	1	3	8	8	11	0	20	
6	8	4	1	9	24	8	14	
9	1	0	21	6	18	
3	20	9	21	
1	15	2	25	0	5	7	16	
5	23	0	1	8	15	4	8	
8	14	0	2	4	25	
7	19	4	14	
5	5	3	22	
8	12	
8	21	9	5	7	12	
8	22	4	8	0	10	9	24	5	15	
5	5	3	14	
9	9	0	23	3	25	7	19	
0	19	6	2	
6	19	
9	23	6	25	8	7	
9	7	5	23	2	15	6	11	
7	4	8	23	3	2	2	12	1	11	
5	23	3	3	0	21	7	24	
5	3	
4	8	
0	23	7	18	3	21	4	24	
1	11	0	6	8	4	7	5	
4	7	2	4	7	14	6	11	
4	24	6	22	
0	12	1	6	8	22	2	23	9	24	
6	6	2	17	3	7	9	19	1	16	
7	23	
2	8	0	7	
8	22	
6	22	7	3	8	6	0	1	3	19	
0	4	6	15	
7	5	4	14	5	20	8	17	0	11	
7	9	4	22	6	12	1	25	
6	5	
8	9	5	18	6	14	3	3	7	5	
1	5	6	15	
8	12	
8	2	7	7	0	3	2	10	9	6	
9	12	1	22	6	23	
7	23	0	3	3	12	5	2	9	14	
5	22	4	7	
7	18	9	7	
4	3	
7	12	
5	8	3	17	7	18	6	10	9	25	
4	17	9	25	2	10	0	4	
5	17	0	12	4	21	
7	19	8	3	
0	13	8	11	
3	20	1	9	4	3	5	21	
1	11	5	22	0	19	8	1	
6	7	
8	14	2	3	
8	1	5	9	7	5	
6	19	0	18	9	14	2	24	3	17	
8	4	2	13	
5	22	
4	24	7	13	1	5	5	4	3	11	
8	8	
5	2	7	7	9	17	6	23	3	12	
0	24	9	13	8	10	
0	20	1	14	6	5	
7	7	
2	24	0	5	1	22	3	15	4	19	
7	6	5	7	8	19	0	11	
6	17	3	11	5	15	1	22	8	19	
6	25	2	2	7	6	
4	22	5	17	7	1	2	5	
8	17	3	22	9	20	7	23	
5	21	
5	18	1	12	2	20	
7	1	8	12	
7	18	3	20	2	1	1	6	0	19	
1	20	3	24	4	23	5	2	6	9	
6	24	
3	20	9	14	7	19	
1	17	2	16	9	21	4	7	
3	16	6	4	9	3	8	12	
0	20	6	24	4	22	8	8	
0	9	
3	19	2	16	4	7	1	13	
4	12	5	16	3	1	2	6	
8	12	9	1	6	23	0	17	
8	19	9	9	5	24	6	21	
9	2	8	4	2	19	6	18	0	25	
3	4	
1	7	9	21	4	15	
7	9	
0	4	8	23	
0	21	4	1	8	6	

Three processing times per job on each machine
The best scenario
185	188	
249	185	
149	99	
305	512	
211	195	
161	193	
83	154	
165	104	
63	32	
269	139	
132	528	
72	97	
151	69	
110	104	
386	447	
157	243	
464	409	
118	175	
278	272	
204	355	
177	101	
169	313	
53	65	
18	38	
87	140	
287	334	
117	287	
120	133	
111	366	
292	234	
163	326	
116	197	
125	236	
229	268	
64	47	
225	246	
92	281	
310	175	
48	101	
151	206	
248	154	
205	220	
80	136	
325	330	
60	33	
172	55	
65	54	
72	144	
170	316	
107	179	
16	17	
236	315	
68	77	
206	63	
248	266	
66	64	
96	100	
256	157	
66	119	
122	58	
92	383	
34	67	
132	139	
70	234	
101	156	
102	109	
92	138	
84	60	
226	130	
110	109	
221	137	
107	327	
310	223	
20	20	
75	139	
102	125	
132	296	
110	87	
197	136	
378	378	
148	265	
231	453	
108	190	
26	60	
168	238	
192	109	
181	136	
61	35	
94	99	
58	303	
93	60	
211	213	
57	157	
152	203	
273	157	
173	267	
592	201	
115	228	
92	66	
363	124	
Most likely scenario
362	294	
301	236	
201	164	
512	565	
304	213	
162	367	
109	202	
180	137	
65	50	
284	184	
153	612	
103	131	
179	109	
216	206	
462	581	
292	286	
498	568	
145	185	
353	322	
222	369	
181	130	
337	478	
89	80	
33	60	
120	238	
566	391	
230	415	
150	220	
165	382	
408	392	
177	329	
214	270	
215	245	
365	513	
120	56	
240	369	
128	283	
338	268	
54	123	
160	233	
264	161	
295	275	
103	217	
363	508	
76	43	
175	102	
105	66	
79	188	
255	483	
120	221	
20	31	
399	592	
90	91	
216	122	
405	441	
118	85	
148	111	
332	310	
110	163	
156	88	
138	421	
36	93	
157	268	
127	395	
171	196	
176	154	
146	176	
85	101	
258	190	
129	153	
440	158	
158	395	
319	378	
39	21	
95	258	
139	146	
263	373	
147	156	
327	140	
481	403	
296	324	
316	528	
187	248	
37	84	
204	281	
251	196	
198	240	
78	50	
116	141	
95	308	
131	109	
217	285	
105	224	
256	228	
279	230	
182	278	
598	275	
134	358	
111	69	
370	241	
The worst scenario
367	388	
407	326	
283	241	
651	735	
425	223	
233	455	
152	283	
193	166	
76	61	
288	205	
191	838	
120	158	
253	135	
243	251	
576	842	
345	422	
627	645	
163	190	
449	424	
257	415	
206	136	
362	516	
92	98	
38	79	
128	273	
780	551	
272	462	
203	233	
166	491	
492	426	
195	335	
237	321	
302	254	
519	527	
165	83	
304	401	
192	325	
460	375	
63	145	
193	256	
318	165	
368	407	
147	235	
511	746	
101	60	
250	112	
122	82	
89	231	
328	491	
173	238	
30	46	
566	858	
103	130	
314	145	
510	561	
137	89	
174	160	
401	343	
158	215	
204	91	
176	447	
48	129	
188	364	
170	467	
245	255	
177	230	
195	184	
123	123	
333	242	
190	218	
603	212	
198	446	
455	497	
56	24	
113	345	
150	183	
309	430	
163	158	
464	176	
616	553	
335	358	
406	729	
256	326	
45	118	
222	353	
298	246	
240	350	
117	65	
163	187	
109	389	
132	138	
257	400	
148	315	
359	234	
312	319	
215	417	
875	357	
147	367	
122	93	
548	242	
