Factories	4	Jobs	50	Machines	2

Total number of component types per job processed by HSPM
11	11	5	6	11	5	8	9	9	5	7	9	9	11	7	9	11	9	12	8	7	11	5	8	12	11	6	6	5	9	5	11	6	9	9	10	5	12	8	11	12	11	9	7	6	9	9	5	8	9	

Total number of component types per job processed by MFPM
3	3	2	2	1	4	5	1	3	5	2	2	1	1	3	3	5	3	1	1	3	5	4	2	1	2	4	2	2	2	4	3	5	5	5	3	2	5	3	4	1	2	5	1	1	3	3	2	1	1	

All component type numbers for each job to be processed by HSPM
0	13	13	25	9	27	7	75	1	71	8	55	10	62	11	12	15	61	2	20	16	73	
19	14	18	20	16	17	5	70	14	41	10	35	15	27	17	56	6	18	7	5	11	32	
8	34	14	58	19	64	1	14	10	8	
17	43	6	31	0	52	5	40	19	34	10	49	
9	33	4	16	2	21	16	43	3	4	1	46	0	5	14	15	11	57	7	67	19	24	
12	70	16	24	0	44	6	15	19	28	
11	27	5	49	3	48	10	59	16	26	15	61	14	28	18	23	
15	33	12	30	13	71	11	16	1	72	18	57	4	18	14	29	3	2	
0	66	3	49	7	27	13	24	10	56	19	37	16	30	15	29	11	55	
4	43	14	54	11	4	16	70	6	56	
2	67	8	73	0	19	3	44	19	15	11	38	9	12	
15	67	10	59	19	24	0	29	13	14	18	52	7	25	17	20	3	70	
7	66	6	1	1	50	0	16	16	74	19	25	13	28	17	72	3	44	
13	8	14	61	1	33	7	9	18	38	11	65	5	3	6	18	3	43	16	21	19	68	
17	7	10	19	9	62	11	45	12	36	6	27	4	1	
8	57	11	48	7	70	19	5	17	45	14	64	16	20	1	42	18	9	
7	6	13	65	5	19	16	54	15	57	9	44	11	28	17	64	18	50	4	27	10	26	
4	48	0	21	1	3	2	8	17	25	15	14	13	12	14	62	18	66	
4	7	3	41	17	38	6	65	18	47	19	63	13	17	8	42	16	34	0	53	7	19	15	29	
13	66	5	74	3	33	9	20	1	27	19	23	4	58	11	34	
12	58	8	74	9	69	17	13	2	29	5	45	0	38	
5	71	12	41	0	21	19	54	9	70	2	46	17	64	6	8	16	57	4	60	11	36	
1	24	16	71	7	46	3	58	18	49	
9	34	6	30	5	25	13	11	12	1	19	29	7	24	4	59	
2	16	3	48	17	66	19	23	7	64	8	43	14	24	13	3	1	75	0	39	18	35	4	45	
5	24	9	26	8	3	15	70	10	6	4	51	11	4	16	56	12	27	14	66	19	32	
12	47	13	48	16	34	2	32	19	51	9	38	
7	14	4	69	13	15	0	9	12	17	14	37	
4	18	15	36	2	20	12	11	8	63	
10	28	3	38	2	9	15	12	5	44	9	47	12	60	6	57	18	59	
14	33	10	26	0	13	11	6	5	60	
19	67	17	14	18	16	3	64	15	12	12	27	0	3	10	52	6	58	7	8	5	7	
2	66	3	55	4	62	0	29	12	58	10	45	
15	50	6	31	0	20	19	42	18	27	5	33	11	49	16	12	1	47	
9	29	16	15	11	12	1	74	12	64	3	33	15	71	14	53	19	25	
14	70	11	72	19	3	12	12	8	59	6	74	0	31	4	26	7	60	17	62	
8	48	5	52	17	33	6	30	12	22	
14	55	1	45	6	1	7	17	2	16	13	22	12	43	3	4	18	37	16	19	9	40	19	61	
16	8	5	2	15	75	0	25	19	32	11	17	1	22	6	54	
4	41	7	28	11	48	14	64	3	70	0	71	9	33	10	40	18	5	6	42	12	8	
0	30	9	73	12	46	16	22	17	14	2	17	6	62	14	48	3	61	13	13	5	52	8	58	
10	26	16	75	7	71	13	12	4	23	11	33	6	13	15	60	2	69	17	39	12	40	
13	42	12	51	0	34	15	72	8	57	2	63	18	11	7	12	16	5	
4	60	6	59	0	14	18	25	8	74	13	10	14	70	
10	42	7	5	17	49	12	32	13	19	8	29	
16	53	18	1	7	21	11	55	1	70	4	30	6	58	13	43	9	36	
1	74	15	37	10	54	9	15	7	14	8	25	5	36	12	19	19	58	
8	64	3	1	19	11	2	49	6	2	
15	39	11	52	6	46	17	64	0	69	2	73	18	7	19	47	
17	51	13	46	12	57	0	9	2	20	18	48	5	61	3	28	1	31	

All component type numbers for each job to be processed by MFPM
7	2	1	23	8	21	
5	18	0	20	1	21	
7	19	3	6	
1	4	3	2	
8	12	
0	9	3	10	7	24	2	23	
5	20	4	13	0	9	3	16	6	12	
1	23	
1	19	9	9	7	24	
3	2	5	3	8	19	7	17	6	25	
8	5	2	3	
7	12	8	17	
9	10	
6	24	
5	18	6	12	9	17	
9	12	3	20	2	21	
9	18	6	15	4	19	2	3	3	10	
9	20	7	25	0	12	
6	6	
3	7	
6	1	9	12	2	5	
7	22	3	23	2	12	9	11	8	2	
9	3	5	9	0	17	1	10	
1	20	0	11	
2	20	
4	20	8	11	
7	1	8	25	0	11	4	2	
2	18	9	21	
3	12	6	10	
5	19	6	8	
8	23	7	13	0	24	5	8	
0	15	2	7	4	23	
2	8	1	23	9	10	4	2	8	17	
8	3	4	19	1	7	9	8	5	25	
7	14	4	20	6	11	9	25	8	7	
1	23	6	2	2	4	
4	1	1	13	
9	9	7	10	6	8	0	18	2	12	
0	1	6	5	8	18	
9	17	1	5	0	3	4	24	
8	19	
7	3	8	6	
4	22	5	13	7	1	2	21	8	18	
1	24	
2	7	
7	11	6	7	9	8	
6	25	4	13	7	1	
6	7	0	15	
2	4	
8	17	

Three processing times per job on each machine
The best scenario
138	120	
71	94	
126	186	
44	30	
97	173	
375	259	
56	65	
136	325	
172	284	
103	105	
83	79	
175	73	
328	218	
57	52	
281	363	
138	132	
156	114	
69	95	
80	33	
142	228	
343	261	
221	187	
134	51	
30	48	
138	154	
37	54	
317	85	
218	79	
235	250	
53	113	
279	315	
91	301	
90	288	
119	101	
78	97	
259	329	
356	288	
40	102	
332	161	
62	28	
374	199	
27	63	
278	449	
212	50	
53	107	
403	485	
228	305	
118	104	
195	263	
167	435	
Most likely scenario
268	163	
122	170	
180	271	
51	50	
163	210	
449	313	
112	74	
227	350	
197	329	
127	160	
153	91	
177	136	
375	220	
60	58	
368	364	
145	142	
161	145	
129	114	
105	37	
160	376	
544	274	
378	244	
182	60	
39	71	
184	191	
57	67	
407	137	
297	136	
334	269	
88	157	
356	360	
161	302	
165	299	
167	129	
95	178	
483	568	
433	569	
54	147	
378	188	
69	55	
408	382	
49	94	
433	474	
221	71	
83	110	
433	573	
453	432	
129	122	
379	449	
299	440	
The worst scenario
284	211	
147	192	
243	368	
57	71	
210	225	
634	420	
122	109	
269	476	
205	388	
149	228	
194	109	
263	174	
511	317	
81	81	
422	535	
206	182	
191	162	
175	162	
148	40	
217	556	
716	410	
494	286	
255	83	
46	76	
263	276	
82	84	
551	142	
302	138	
421	322	
122	226	
448	453	
227	417	
232	347	
192	188	
123	217	
551	715	
627	716	
76	154	
521	232	
89	56	
409	485	
54	140	
559	641	
289	93	
90	135	
508	805	
541	627	
139	163	
444	531	
300	526	
