Factories	3	Jobs	100	Machines	3

Total number of component types per job processed by HSPM
7	5	8	8	9	6	11	5	9	12	11	5	9	5	10	11	8	6	10	10	12	5	6	10	6	10	6	11	5	10	11	10	6	12	12	10	10	8	9	5	8	11	6	11	12	8	10	10	8	12	8	7	10	9	5	12	6	6	12	11	6	12	7	9	7	12	6	6	6	7	12	12	11	6	8	5	12	12	10	11	5	8	7	10	7	7	7	9	7	9	12	9	8	11	5	12	11	5	5	11	

Total number of component types per job processed by MFPM
5	1	3	4	4	2	5	5	5	5	3	2	4	4	2	5	2	2	1	5	4	5	4	5	4	5	2	2	2	2	5	2	3	3	2	2	3	3	3	5	3	5	3	2	1	2	4	2	3	4	2	3	3	1	3	1	1	1	5	5	1	3	5	1	3	3	3	3	2	3	4	1	4	2	1	5	2	2	1	5	4	5	3	2	1	3	2	1	5	4	4	3	3	3	1	3	3	1	2	1	5	1	5	5	2	4	4	4	1	4	2	5	3	3	5	5	1	1	2	3	5	1	1	2	5	5	2	4	2	3	4	2	1	5	5	1	4	1	4	5	5	1	4	5	4	4	4	3	5	5	4	5	1	2	1	4	5	4	4	4	3	5	5	2	4	3	3	5	4	5	1	4	3	4	4	3	5	2	3	1	5	2	1	1	1	2	4	2	5	3	3	5	4	2	1	2	3	2	4	2	

All component type numbers for each job to be processed by HSPM
19	18	8	27	16	50	7	70	17	38	11	55	6	41	
10	36	7	22	19	55	6	18	15	14	
6	50	5	9	18	54	2	72	9	61	3	39	13	49	17	4	
11	73	8	23	2	36	15	58	3	41	10	35	14	75	7	44	
16	35	10	70	4	45	6	63	5	21	1	60	0	56	12	10	14	30	
13	25	6	71	9	35	17	19	11	60	14	29	
4	39	17	67	18	2	13	69	7	10	2	55	11	48	9	6	10	52	6	28	8	42	
1	29	17	20	18	69	15	62	7	22	
17	73	10	72	0	37	1	58	11	39	9	19	14	42	18	32	13	5	
11	44	14	12	8	31	3	1	18	16	9	55	5	69	12	8	7	73	15	47	19	50	10	61	
7	63	6	46	8	60	2	44	10	24	3	25	5	26	9	45	13	49	11	59	18	34	
7	13	18	25	6	53	19	31	9	37	
3	28	16	29	10	4	6	2	9	22	8	34	5	62	4	67	18	16	
8	73	19	10	15	23	9	53	13	16	
11	9	16	22	19	25	3	64	2	2	9	69	13	37	18	23	15	18	10	53	
17	1	0	14	3	59	7	65	12	49	6	50	2	36	14	46	13	42	16	47	9	34	
4	50	12	13	19	41	17	44	0	62	1	9	15	63	14	61	
16	4	9	73	14	14	6	23	5	62	7	65	
8	65	18	40	7	6	17	39	10	8	6	37	12	32	15	54	13	50	9	38	
8	23	18	49	6	71	15	38	19	15	2	37	4	60	10	14	5	43	3	4	
16	63	6	53	4	55	2	20	14	52	0	11	13	69	9	37	7	51	18	12	19	54	10	75	
8	1	4	11	11	34	1	53	0	37	
2	58	14	40	17	35	4	48	9	46	16	5	
17	71	12	47	0	18	5	54	8	10	18	59	15	7	19	19	10	37	13	70	
10	2	2	17	18	71	6	61	0	34	14	41	
16	17	0	22	1	68	4	34	14	52	2	42	17	60	19	30	15	8	6	43	
11	50	18	74	8	36	13	13	12	60	10	1	
13	72	16	30	18	13	10	60	11	25	7	29	8	38	6	53	0	32	3	44	9	57	
5	36	10	48	7	20	14	55	3	32	
11	47	7	12	3	21	12	59	14	57	9	22	16	44	1	32	2	60	17	2	
18	55	5	50	2	43	17	59	14	74	0	37	15	39	19	5	1	15	10	23	11	16	
6	53	14	70	13	47	1	4	7	52	4	25	2	13	9	16	11	67	0	75	
14	9	13	3	19	6	17	18	10	45	11	2	
15	27	2	19	19	71	16	7	7	60	12	28	5	33	0	4	6	43	18	20	9	6	11	14	
15	66	3	11	2	42	1	27	13	5	10	63	7	6	11	4	8	17	16	3	18	72	19	43	
7	4	4	7	15	20	2	60	19	15	17	66	6	18	3	38	8	43	11	64	
19	20	1	71	14	13	7	5	8	34	11	30	10	47	13	7	2	24	16	62	
17	42	8	26	14	40	0	19	6	55	11	68	9	41	19	65	
14	11	8	9	0	4	18	7	15	32	16	29	2	42	4	41	13	75	
5	23	16	39	12	20	2	6	6	69	
3	58	1	65	0	54	5	42	6	37	12	35	14	25	9	3	
6	65	11	18	14	67	7	34	19	59	17	47	15	57	12	16	2	74	3	23	4	36	
5	73	15	2	16	61	10	40	2	58	14	44	
0	25	2	72	5	14	12	31	18	44	14	18	6	52	8	5	19	61	15	37	3	36	
13	40	5	39	18	28	0	65	12	45	8	64	15	3	17	14	6	30	4	18	1	73	9	60	
16	73	15	2	9	63	14	38	8	53	0	12	2	44	13	66	
2	13	11	28	17	22	18	62	9	38	16	31	6	35	4	45	14	39	12	18	
9	17	10	47	17	68	13	24	4	57	1	18	11	43	15	65	7	64	16	38	
4	53	18	41	12	54	14	1	10	62	7	14	3	48	11	50	
13	23	2	7	14	61	16	28	9	44	1	15	15	75	17	55	7	30	18	10	6	59	5	22	
6	43	10	52	9	39	4	66	2	49	5	46	12	48	1	24	
14	27	19	44	5	33	7	71	12	47	15	43	1	15	
2	70	3	68	4	53	13	73	11	51	6	6	7	45	8	19	14	38	15	31	
17	59	10	68	19	43	0	7	13	66	4	22	1	34	12	9	7	71	
16	46	7	31	8	56	9	55	15	12	
6	62	8	13	11	53	7	40	13	9	14	29	16	30	3	41	1	67	0	20	15	69	9	75	
13	54	1	13	10	72	7	29	19	19	16	40	
19	52	6	4	14	73	0	31	10	74	17	64	
2	40	15	9	14	18	17	3	1	70	18	71	5	19	11	72	0	6	8	56	13	24	9	51	
19	39	13	29	7	63	0	37	2	42	1	10	17	12	4	21	6	45	18	44	3	33	
12	2	4	67	3	70	15	25	2	24	19	72	
13	4	16	21	1	7	11	73	10	38	3	11	7	28	8	67	12	56	14	43	15	70	17	65	
0	36	15	30	12	20	3	58	13	21	18	49	2	29	
14	40	2	45	11	32	1	56	19	25	18	42	8	36	15	33	5	71	
17	14	7	39	2	74	1	66	10	48	12	43	14	33	
12	21	9	30	10	9	1	22	13	69	15	61	16	36	4	57	8	70	3	59	19	75	6	62	
1	30	10	42	14	3	0	67	15	14	5	19	
10	5	8	66	5	62	7	12	12	57	4	71	
15	22	19	4	17	42	8	2	1	57	6	39	
14	48	11	74	4	30	6	67	10	53	7	29	5	46	
12	50	17	72	11	17	19	56	9	57	6	61	10	19	14	75	13	65	16	27	0	71	3	7	
6	63	7	73	5	74	1	53	13	7	11	65	0	47	14	33	8	1	17	67	15	52	9	66	
4	32	12	56	7	53	10	12	17	14	14	75	18	30	19	23	5	20	9	21	2	74	
6	66	12	53	1	21	3	10	0	72	4	68	
15	44	1	65	16	12	3	57	2	42	10	7	6	31	14	45	
6	40	16	4	15	25	13	55	11	47	
6	15	16	30	15	21	14	26	19	38	18	6	2	40	0	4	13	14	5	69	3	49	8	47	
16	74	17	9	11	57	0	31	4	39	12	37	1	49	3	30	18	22	6	13	19	75	7	71	
9	25	18	52	16	6	11	12	1	16	2	22	14	47	5	70	7	40	17	23	
8	22	9	25	0	28	17	3	1	43	6	61	15	41	12	10	2	74	13	24	16	9	
1	3	3	66	0	43	7	31	8	72	
2	19	10	67	4	14	13	7	1	54	14	60	5	38	0	33	
15	7	8	3	3	41	16	17	2	57	4	25	18	52	
1	57	7	27	17	25	11	17	9	61	2	49	19	18	12	66	8	26	18	28	
15	4	16	62	3	39	13	6	8	52	14	72	17	44	
9	19	8	66	7	18	13	28	12	9	2	53	16	27	
15	18	18	69	10	71	3	41	11	30	19	67	9	23	
19	23	4	9	2	72	15	61	9	15	13	13	8	26	12	2	16	48	
19	32	8	15	18	16	14	72	16	21	10	45	5	40	
2	45	14	2	6	11	0	42	1	20	10	32	4	68	9	55	8	52	
6	40	7	74	4	32	9	1	3	73	5	57	18	56	15	50	17	2	8	59	13	9	0	5	
2	67	17	4	4	53	15	63	9	71	16	28	8	42	11	70	19	49	
6	70	12	29	9	21	1	56	0	17	18	52	14	72	17	61	
11	74	18	34	10	57	4	32	5	1	15	44	3	5	7	3	0	7	16	69	12	25	
10	64	2	37	9	21	19	62	11	66	
3	39	2	71	12	72	15	3	13	15	5	11	18	10	6	44	0	7	14	6	4	69	11	46	
19	16	5	73	4	64	12	4	16	18	9	72	1	17	8	65	11	15	3	36	2	7	
3	53	16	12	6	72	7	35	19	52	
11	59	7	21	0	49	12	24	2	3	
3	56	19	42	13	55	15	13	14	14	4	58	12	44	10	1	9	17	11	27	5	20	

All component type numbers for each job to be processed by MFPM
4	19	3	17	2	4	7	24	1	9	
2	30	
6	10	8	21	5	8	
2	35	5	49	1	46	3	36	
0	1	1	11	5	5	6	20	
2	35	3	50	
1	10	8	12	6	8	4	6	7	20	
6	49	3	43	2	37	9	33	4	35	
1	7	9	4	3	18	2	24	6	17	
4	43	0	29	8	30	9	39	2	47	
3	18	5	2	8	12	
7	28	0	35	
8	3	3	8	1	2	5	25	
7	28	1	37	9	49	0	42	
0	2	2	4	
8	34	0	41	5	45	6	26	4	49	
7	3	0	23	
6	26	5	27	
3	12	
3	43	8	49	1	26	2	50	6	42	
4	12	6	19	1	5	5	6	
8	47	5	44	0	28	4	34	1	32	
5	17	9	22	6	9	4	10	
2	38	0	41	4	43	7	31	8	50	
8	22	5	21	4	8	9	19	
4	36	7	38	6	50	3	41	5	29	
1	5	9	24	
0	26	5	33	
4	2	8	8	
1	29	5	27	
8	15	5	25	7	8	2	22	3	1	
6	27	5	50	
3	11	2	23	6	10	
4	37	8	26	1	50	
2	9	5	13	
3	34	1	31	
6	8	5	20	1	24	
1	34	0	29	4	37	
7	16	9	10	5	22	
3	42	0	36	1	40	6	38	7	29	
8	15	4	8	5	9	
3	50	6	33	2	43	4	42	5	31	
2	24	3	2	9	16	
9	45	6	35	
3	22	
4	29	1	28	
9	8	5	5	2	17	8	3	
1	27	6	35	
2	24	7	1	1	2	
7	33	4	40	1	46	9	26	
2	14	6	19	
8	41	3	38	4	33	
0	7	4	24	7	18	
4	43	
9	8	3	21	2	2	
4	49	
5	8	
0	32	
1	22	8	11	6	2	7	23	0	9	
5	32	6	26	3	31	4	38	1	40	
5	12	
1	37	6	34	4	27	
7	16	9	1	1	20	8	7	5	6	
2	41	
9	20	0	5	4	3	
4	38	5	33	6	27	
1	4	3	14	7	25	
4	27	9	46	8	30	
9	9	3	1	
4	50	7	30	9	38	
7	13	2	8	6	22	5	23	
7	27	
7	11	9	21	1	14	2	19	
4	46	7	43	
8	13	
9	28	2	44	5	48	0	37	4	26	
6	11	5	19	
3	36	7	50	
9	6	
6	50	4	41	1	28	9	46	3	48	
2	11	7	6	3	25	8	5	
3	27	2	50	4	39	7	43	0	30	
6	24	5	11	8	23	
7	32	2	27	
0	24	
2	40	0	50	1	30	
0	4	4	9	
8	29	
3	21	2	22	9	15	1	5	8	2	
4	40	3	27	8	30	7	41	
4	25	0	3	7	13	2	6	
1	32	5	27	2	41	
8	19	3	10	1	25	
0	36	7	34	5	50	
9	8	
9	39	2	44	5	45	
1	18	2	3	7	14	
7	31	
2	20	9	8	
4	47	
0	8	6	3	3	5	2	7	1	2	
2	46	
1	25	2	13	3	4	6	15	4	23	
6	44	8	39	0	29	3	42	9	45	
4	17	1	13	
7	40	3	47	5	50	8	30	
4	16	2	13	5	21	9	7	
8	48	5	34	4	37	7	35	
8	24	
2	27	7	47	0	32	9	28	
5	7	9	4	
0	33	6	30	2	27	4	26	5	49	
1	23	7	3	4	1	
5	35	2	45	4	46	
4	15	0	13	5	12	3	22	2	4	
5	36	3	34	6	47	9	50	0	26	
9	10	
2	48	
7	19	2	15	
4	47	0	37	7	49	
4	14	5	25	1	11	3	15	7	7	
6	38	
9	23	
8	34	9	28	
7	6	6	19	8	10	1	20	4	24	
2	34	4	26	6	28	1	46	3	48	
8	16	0	21	
0	48	1	36	8	32	2	31	
8	25	2	8	
8	30	3	47	9	36	
2	21	1	13	6	16	4	12	
8	27	9	33	
6	23	
0	45	9	28	5	38	7	40	6	26	
1	7	2	1	9	6	6	10	7	12	
6	38	
1	22	7	5	5	23	2	3	
3	43	
3	15	4	18	8	21	2	7	
2	46	5	42	6	30	4	26	8	45	
4	3	3	19	8	14	9	17	1	25	
4	42	
8	17	1	19	4	13	0	15	
4	26	7	41	8	49	9	37	1	48	
1	3	3	9	2	6	7	16	
0	38	4	37	5	34	7	45	
6	8	0	25	2	7	4	18	
3	32	6	47	1	33	
3	1	4	3	1	23	0	25	8	8	
7	46	0	35	4	38	1	39	5	49	
5	3	2	15	9	2	8	25	
6	38	1	31	4	29	3	42	9	35	
8	17	
0	37	6	27	
1	24	
3	49	8	30	0	34	4	48	
5	5	2	10	4	17	3	21	9	20	
5	37	9	29	2	48	3	33	
8	19	4	8	0	12	2	13	
3	40	4	37	2	39	0	32	
1	3	5	24	9	25	
3	47	9	49	2	29	4	42	1	44	
5	10	7	25	6	11	1	13	0	16	
6	37	9	28	
5	22	8	17	1	16	4	7	
5	31	4	42	3	46	
7	9	5	21	8	24	
0	47	1	30	7	31	4	42	5	26	
8	25	0	24	2	1	1	3	
4	28	1	40	6	44	3	39	2	47	
1	4	
5	50	1	46	9	26	2	37	
4	11	7	16	3	6	
8	38	9	50	7	27	4	29	
1	23	2	13	6	24	8	11	
4	31	9	50	5	27	
5	9	9	24	1	2	3	14	4	16	
9	38	1	33	
1	4	2	2	0	10	
8	44	
5	8	2	6	0	3	7	25	4	21	
1	35	6	42	
5	19	
7	47	
5	14	
5	39	3	33	
9	22	0	25	8	3	3	24	
0	40	6	38	
9	4	2	12	8	17	4	1	5	2	
7	33	3	34	2	35	
0	6	9	4	7	14	
6	31	5	35	8	45	1	33	9	50	
3	15	7	5	1	11	6	24	
1	29	4	34	
3	25	
4	34	7	26	
4	11	7	21	0	24	
2	42	5	32	
2	2	8	8	5	1	7	10	
7	27	8	50	

Three processing times per job on each machine
The best scenario
512	169	259	
1033	315	495	
490	272	1085	
347	356	237	
161	100	55	
869	409	528	
817	488	1185	
120	172	268	
989	475	536	
104	202	272	
246	165	690	
105	107	62	
305	184	368	
325	286	327	
94	171	170	
285	420	689	
414	405	423	
107	200	350	
419	365	612	
721	590	352	
199	169	183	
210	418	468	
115	78	268	
292	349	237	
388	272	311	
76	94	123	
283	250	152	
758	565	235	
295	231	481	
888	606	212	
838	276	694	
307	163	271	
477	586	416	
242	399	475	
233	199	247	
377	490	337	
174	304	253	
301	839	442	
162	388	84	
966	649	1060	
517	377	510	
184	71	329	
177	153	141	
470	181	231	
524	375	206	
379	407	704	
128	403	405	
455	607	457	
206	297	444	
412	323	497	
81	57	121	
254	272	243	
291	184	211	
623	276	674	
328	588	576	
406	184	133	
422	326	429	
562	564	1024	
791	389	500	
631	601	706	
733	685	180	
189	737	447	
169	281	144	
665	535	345	
856	692	771	
352	314	245	
359	615	502	
909	977	897	
318	806	384	
296	215	519	
712	408	504	
90	88	127	
214	250	118	
164	103	125	
617	809	477	
475	218	317	
307	605	330	
437	203	252	
137	244	193	
546	555	691	
517	289	284	
335	633	522	
149	64	175	
117	217	50	
231	221	171	
407	279	635	
536	258	341	
351	362	366	
768	493	276	
439	402	396	
338	692	487	
151	200	162	
797	215	996	
89	102	256	
152	197	80	
376	202	680	
196	244	107	
835	1028	508	
500	714	486	
387	175	326	
Most likely scenario
520	197	353	
1118	420	678	
597	378	1359	
354	389	365	
220	187	73	
1406	445	583	
1314	705	1350	
237	328	316	
1048	814	841	
191	302	286	
273	251	952	
160	174	79	
433	234	392	
398	458	335	
140	198	200	
544	438	703	
740	531	602	
207	260	514	
748	413	977	
1001	999	564	
305	260	189	
289	585	648	
193	118	293	
577	410	291	
667	360	329	
111	161	174	
295	269	171	
820	676	355	
468	238	841	
1301	734	411	
1020	395	754	
560	288	316	
733	676	638	
243	471	511	
348	368	398	
752	760	479	
254	445	470	
358	921	624	
241	414	149	
1498	1163	1482	
958	417	868	
229	140	348	
223	241	206	
516	345	419	
654	719	299	
713	804	885	
242	531	445	
570	799	458	
335	327	643	
456	465	532	
160	111	233	
479	277	432	
387	223	253	
637	546	821	
420	1169	929	
467	247	226	
620	473	830	
642	646	1237	
1107	598	835	
877	779	741	
830	846	357	
257	870	858	
229	360	267	
1138	714	372	
922	978	1313	
396	434	292	
573	646	560	
1389	985	900	
375	993	416	
533	406	655	
731	482	705	
144	137	139	
351	317	120	
171	135	226	
1196	1064	701	
544	226	354	
573	1191	470	
486	226	348	
171	327	311	
903	726	1156	
929	441	306	
430	672	601	
221	67	197	
165	227	79	
327	294	277	
780	359	660	
872	330	432	
393	363	658	
831	874	515	
618	638	584	
370	755	601	
215	314	171	
1045	316	1075	
172	128	327	
196	208	107	
448	300	917	
294	340	160	
861	1132	809	
865	1176	527	
410	233	428	
The worst scenario
521	226	430	
1210	613	809	
729	416	1405	
411	576	538	
291	189	79	
1722	460	693	
1570	799	2015	
242	357	363	
1447	974	911	
212	342	426	
359	320	1401	
234	180	100	
622	268	509	
562	679	443	
184	287	231	
692	556	812	
1085	553	705	
275	350	646	
890	586	1066	
1047	1298	656	
349	323	233	
400	735	674	
234	140	379	
761	421	376	
844	450	337	
133	182	189	
424	375	202	
1206	706	383	
538	322	1179	
1601	956	433	
1177	531	810	
661	355	463	
989	884	901	
292	674	584	
372	498	565	
820	1060	590	
260	565	549	
509	1023	767	
302	619	187	
1946	1647	2138	
1310	581	999	
276	170	508	
247	340	257	
529	361	573	
754	1050	426	
1035	881	1319	
256	555	509	
736	1002	561	
412	452	744	
681	507	612	
169	119	267	
629	323	609	
527	231	302	
717	610	944	
618	1479	1248	
658	253	230	
646	508	1114	
705	673	1583	
1532	854	1075	
1031	1036	890	
942	1009	501	
371	1204	1167	
253	469	374	
1390	762	452	
1296	1085	1597	
424	619	437	
832	671	720	
1982	1427	1056	
555	1181	562	
675	551	925	
744	515	775	
188	203	177	
483	431	142	
227	183	288	
1375	1195	964	
606	339	380	
627	1457	471	
533	333	503	
253	459	347	
947	1057	1388	
1375	616	429	
595	964	871	
323	80	260	
226	294	98	
329	317	394	
951	532	887	
1199	414	583	
412	542	680	
1201	1170	669	
858	667	618	
387	890	887	
287	375	217	
1351	380	1294	
229	155	467	
266	268	160	
635	329	966	
371	485	218	
1051	1355	1199	
1228	1594	701	
581	283	571	
