Factories	6	Jobs	100	Machines	2

Total number of component types per job processed by HSPM
5	10	11	11	9	12	5	9	10	11	8	6	12	5	12	5	12	11	5	12	11	7	12	6	5	7	6	9	10	11	9	8	5	12	5	11	12	5	7	5	7	7	12	7	12	7	11	12	9	10	11	5	12	5	8	5	8	6	8	7	9	7	11	7	10	12	10	6	5	10	7	10	11	11	6	5	12	7	10	5	9	5	10	12	8	10	5	9	7	9	5	7	5	5	8	12	6	11	12	12	

Total number of component types per job processed by MFPM
1	3	2	4	4	5	3	4	3	2	4	5	5	1	1	2	1	4	5	1	4	2	2	2	1	1	5	4	4	4	3	4	3	2	1	4	5	5	1	1	1	3	1	5	3	1	3	4	2	2	2	2	2	1	4	2	1	1	2	1	1	2	2	2	2	4	1	4	4	4	2	2	5	2	2	2	1	4	4	5	2	2	3	4	1	4	1	3	1	1	3	5	2	2	1	5	4	4	4	5	

All component type numbers for each job to be processed by HSPM
19	27	12	65	2	54	1	68	10	14	
10	40	6	67	15	11	0	27	18	62	16	38	9	70	11	4	5	41	8	57	
13	67	19	48	6	22	2	34	3	44	17	43	15	69	14	47	12	4	4	45	10	73	
15	62	7	47	1	42	8	59	17	66	4	69	16	1	12	50	18	75	6	51	11	68	
5	12	7	16	8	47	4	53	2	48	0	30	11	46	19	74	1	18	
15	23	1	13	17	34	2	38	9	10	18	42	14	47	6	67	11	21	13	59	3	66	10	72	
18	18	5	73	7	2	14	10	9	42	
19	23	5	14	8	13	15	11	13	29	1	40	9	54	17	74	0	65	
19	26	6	25	12	35	16	71	10	72	3	6	8	69	17	20	9	8	18	63	
17	48	4	34	1	16	14	35	11	37	10	40	9	59	19	36	13	65	5	15	12	32	
5	35	18	12	16	32	12	37	11	74	0	63	19	1	1	39	
6	11	12	72	11	68	1	54	15	24	3	48	
8	2	9	44	1	45	17	17	15	40	10	31	14	12	0	11	13	46	12	70	6	50	18	39	
14	44	12	49	10	23	9	69	11	74	
10	69	4	30	19	56	12	2	17	67	14	24	1	19	5	47	6	40	11	65	0	68	13	74	
5	66	16	5	12	56	3	42	7	47	
19	63	15	27	0	1	2	34	13	13	7	53	16	62	6	12	1	9	11	60	3	71	4	74	
11	53	0	74	10	58	9	11	18	36	14	22	1	32	6	33	19	72	17	44	15	55	
18	8	6	41	1	57	4	69	17	20	
8	35	11	1	1	54	7	11	15	68	4	62	16	56	9	28	13	10	6	49	5	73	12	64	
7	3	15	47	14	34	10	22	19	26	13	20	18	41	9	55	12	52	8	51	4	72	
15	64	10	39	2	50	14	69	13	53	9	6	1	35	
15	4	10	6	8	32	13	57	16	64	5	22	0	53	17	1	19	30	7	52	12	38	2	43	
14	25	11	72	9	75	15	65	4	7	5	24	
11	15	1	26	13	60	12	14	0	11	
15	73	14	36	6	51	11	58	19	67	0	21	10	45	
16	34	7	22	3	3	9	25	1	44	19	9	
11	19	1	67	13	54	8	55	6	40	10	43	19	5	14	12	0	31	
14	39	7	11	5	45	18	67	2	20	15	31	0	57	16	42	19	62	6	26	
10	73	16	46	5	40	0	35	2	2	14	13	17	37	13	6	12	24	1	25	15	57	
17	75	13	32	11	8	6	42	1	34	10	43	9	18	15	26	19	50	
8	18	13	24	19	12	16	41	2	25	17	59	3	37	1	75	
5	33	0	8	7	73	14	25	9	9	
1	16	18	68	16	9	4	60	10	43	3	17	14	22	17	41	11	52	9	7	8	31	13	50	
7	43	11	9	1	32	17	37	19	74	
3	19	11	58	19	15	10	48	16	14	4	13	8	35	9	5	5	74	0	72	7	10	
12	37	1	55	15	60	11	33	16	57	5	67	19	71	17	21	3	16	18	1	14	26	4	49	
5	49	18	44	3	2	13	1	1	39	
16	12	4	59	2	73	18	67	5	18	13	60	6	74	
9	25	13	30	8	36	18	52	5	10	
6	7	1	21	14	24	16	41	2	46	4	40	8	47	
10	46	1	66	8	40	0	7	14	45	5	63	6	57	
2	51	5	43	10	56	12	57	7	33	8	75	11	69	9	66	15	13	4	4	17	62	3	19	
14	17	1	16	15	52	16	25	13	72	17	21	10	45	
11	67	6	15	17	68	7	17	14	10	16	5	4	31	19	56	2	32	1	7	15	54	3	42	
3	32	17	15	2	70	15	53	4	47	12	67	14	16	
10	34	14	39	2	50	3	72	18	16	12	10	11	13	5	9	7	32	19	59	8	62	
6	19	16	39	0	42	17	70	4	56	1	57	2	17	15	25	13	34	18	11	19	22	5	6	
5	18	11	7	19	69	13	58	9	33	16	28	10	5	2	75	4	36	
9	35	14	13	1	42	15	1	12	55	13	3	18	45	17	10	7	14	19	56	
0	49	14	31	2	59	6	66	19	46	10	5	8	4	13	55	15	7	3	58	7	22	
15	10	7	37	19	33	16	39	8	15	
0	18	14	15	8	7	7	36	13	17	1	74	16	48	9	50	10	56	15	2	11	70	18	33	
2	2	9	3	10	17	7	1	19	43	
11	30	18	6	8	29	14	1	2	9	10	47	7	13	4	41	
6	61	0	53	11	52	9	17	7	8	
6	69	14	22	1	35	9	16	5	60	12	51	4	21	19	29	
9	2	19	36	0	37	7	68	8	12	13	50	
13	34	14	58	6	71	3	17	9	43	15	16	8	55	17	69	
13	6	7	37	5	34	1	56	4	1	11	13	2	7	
16	7	15	3	9	62	13	74	11	37	2	52	6	56	0	29	10	43	
10	5	18	51	13	58	12	12	17	59	19	68	7	24	
12	11	16	31	15	52	19	66	9	61	7	14	0	56	14	26	10	1	4	53	2	48	
14	16	4	58	8	68	17	75	7	29	10	30	12	15	
8	14	6	24	11	29	18	70	1	50	12	54	10	60	17	10	15	57	4	44	
18	70	17	63	10	20	11	2	2	9	7	47	3	46	4	15	6	45	5	41	14	55	8	74	
11	58	8	17	15	14	14	32	17	20	12	44	7	36	6	59	2	6	1	2	
19	3	16	17	15	34	17	44	1	12	0	46	
17	12	5	36	2	14	8	22	18	29	
13	13	4	6	12	47	3	17	6	21	9	49	11	33	5	10	15	24	2	43	
6	24	8	35	16	69	5	53	11	18	19	7	7	66	
13	6	16	57	11	25	9	46	7	42	4	34	10	30	1	64	5	43	8	23	
19	67	3	38	15	36	0	72	7	22	2	58	16	62	1	30	11	50	14	49	8	14	
15	11	5	46	9	39	12	74	13	53	18	44	19	52	2	63	3	21	7	49	6	20	
13	30	16	11	15	57	11	55	4	27	19	22	
5	19	16	61	6	31	11	66	0	5	
19	16	13	61	7	34	17	9	10	39	16	29	11	50	0	70	15	44	3	17	8	40	12	19	
6	59	7	67	11	5	17	55	15	17	9	1	10	63	
18	23	5	58	11	28	13	53	1	38	6	4	12	21	19	37	3	75	4	32	
18	25	3	14	2	50	9	31	8	39	
15	35	10	46	14	70	11	44	2	19	7	15	18	30	13	10	19	9	
6	16	11	15	18	53	15	62	8	46	
15	59	18	36	3	42	10	22	2	48	14	44	13	20	11	75	16	52	17	2	
15	10	4	44	2	53	16	73	14	51	1	54	13	69	8	72	19	8	7	14	5	40	17	64	
16	13	8	66	5	45	11	55	2	16	10	67	12	33	6	74	
12	9	1	62	2	75	11	61	5	38	19	37	10	60	17	30	6	74	3	54	
15	51	10	17	17	34	3	23	2	41	
19	19	8	4	16	51	14	67	9	57	12	56	5	62	7	36	2	40	
16	26	8	65	19	69	18	67	12	61	7	50	5	72	
5	14	4	17	19	42	10	63	8	55	17	30	18	46	1	38	15	6	
0	42	11	47	1	7	9	2	4	40	
0	37	7	12	17	75	14	7	15	32	16	8	10	61	
18	22	19	13	5	10	9	28	6	5	
5	71	7	55	16	61	15	45	1	27	
5	49	15	70	12	55	19	19	6	12	10	67	7	68	2	41	
5	30	10	38	12	11	9	47	6	67	18	29	3	71	1	22	15	24	11	55	2	2	16	26	
12	18	8	51	19	35	1	1	0	66	16	72	
16	45	19	30	8	31	11	19	18	63	17	54	2	25	13	16	3	3	10	2	15	52	
19	36	16	11	15	4	0	65	7	75	13	56	14	30	1	38	17	69	11	66	2	26	10	29	
15	55	0	29	8	65	2	62	4	44	13	6	6	67	19	38	16	32	10	23	12	20	3	69	

All component type numbers for each job to be processed by MFPM
8	6	
1	22	5	5	8	23	
7	1	2	7	
8	14	1	4	2	6	7	17	
4	17	0	13	7	7	3	23	
3	11	9	18	7	6	0	4	5	10	
1	18	8	17	2	12	
3	18	7	2	1	17	9	3	
2	19	8	21	9	11	
9	12	8	10	
6	14	3	22	2	6	9	16	
6	18	9	5	4	3	2	15	3	4	
2	16	6	24	1	4	3	2	8	5	
5	2	
8	23	
4	2	3	23	
9	21	
4	22	3	18	0	4	7	3	
6	8	7	3	5	13	3	24	8	12	
6	2	
5	4	7	7	4	6	3	24	
5	12	9	24	
9	1	7	12	
2	2	9	25	
9	16	
5	1	
4	18	5	23	1	10	7	4	6	17	
5	3	2	15	7	20	9	5	
9	21	1	12	0	17	6	24	
5	12	8	20	0	18	3	21	
0	6	5	24	3	9	
6	3	8	2	0	10	4	12	
6	23	7	7	4	16	
6	14	1	6	
2	3	
5	1	2	21	1	8	8	12	
7	25	1	12	5	10	0	21	8	11	
5	23	1	25	2	21	3	12	6	3	
9	15	
4	11	
7	16	
9	4	0	1	5	17	
2	14	
7	5	9	18	5	12	8	6	1	10	
9	1	3	15	8	12	
1	17	
3	24	0	15	6	3	
9	5	3	15	5	2	0	9	
1	24	9	25	
5	25	4	19	
3	12	1	8	
1	1	7	15	
8	3	3	17	
9	5	
1	25	3	15	2	12	9	7	
2	5	9	9	
1	23	
7	8	
0	21	4	18	
1	6	
4	16	
3	9	4	25	
0	14	9	1	
7	25	0	21	
4	23	5	7	
7	14	9	12	8	20	6	15	
5	7	
7	21	4	13	6	4	8	17	
6	18	2	25	9	3	7	13	
4	16	9	1	3	3	1	11	
9	3	2	17	
2	9	9	11	
9	4	5	24	7	13	3	2	6	17	
4	25	5	5	
3	5	7	19	
4	13	3	6	
0	16	
6	16	0	3	9	14	5	4	
3	15	0	23	9	21	4	20	
0	23	1	6	7	19	8	5	9	14	
6	3	0	10	
7	7	6	1	
8	23	9	8	4	1	
2	8	0	7	9	25	5	1	
7	14	
1	23	9	9	2	14	5	3	
4	16	
5	15	6	23	4	21	
3	9	
2	10	
9	12	4	20	7	7	
5	9	7	14	8	8	3	6	2	25	
0	7	6	9	
3	13	1	23	
2	4	
3	21	9	7	7	14	5	3	4	15	
0	22	6	14	2	18	7	11	
7	20	6	24	9	8	5	1	
0	12	7	22	4	14	3	11	
9	1	2	18	8	3	3	17	5	20	

Three processing times per job on each machine
The best scenario
566	724	
504	788	
329	116	
348	169	
573	192	
453	1267	
623	379	
658	862	
659	370	
152	164	
107	214	
189	101	
64	237	
138	98	
764	220	
875	808	
188	190	
194	69	
106	45	
621	280	
746	406	
58	154	
641	886	
367	601	
107	152	
665	293	
713	655	
600	566	
343	736	
605	450	
170	278	
109	213	
470	147	
305	986	
484	378	
265	66	
405	601	
446	928	
513	243	
85	104	
408	382	
525	494	
139	549	
754	323	
641	243	
78	110	
106	121	
327	257	
158	161	
738	385	
48	94	
350	604	
90	85	
621	418	
436	201	
234	733	
222	329	
595	509	
90	128	
286	593	
460	534	
1239	726	
94	121	
355	867	
180	163	
251	236	
669	480	
827	518	
587	891	
147	128	
1028	783	
157	82	
180	184	
96	55	
423	527	
376	482	
259	208	
221	255	
247	460	
219	397	
237	190	
1059	679	
441	566	
482	518	
628	317	
164	297	
987	1076	
410	383	
655	604	
420	450	
522	634	
137	274	
206	355	
343	509	
72	65	
157	460	
318	319	
181	186	
179	225	
154	45	
Most likely scenario
701	1057	
957	972	
440	138	
609	214	
861	234	
636	1382	
843	491	
674	1341	
974	591	
154	236	
111	301	
235	136	
99	306	
146	107	
796	400	
1091	1002	
204	194	
196	74	
197	78	
762	399	
875	562	
59	180	
658	1239	
571	1038	
170	267	
723	427	
1191	1158	
780	999	
609	931	
648	509	
188	316	
139	261	
585	196	
473	1116	
710	516	
314	100	
646	609	
460	980	
993	322	
116	204	
749	671	
614	700	
190	621	
1062	405	
798	333	
152	136	
196	134	
339	284	
200	282	
1071	490	
81	178	
520	764	
106	132	
786	490	
702	368	
352	745	
428	483	
751	651	
174	171	
327	621	
536	1007	
1306	806	
110	152	
472	1005	
245	272	
302	359	
998	840	
908	605	
1096	1226	
250	130	
1082	884	
171	114	
279	291	
136	67	
726	592	
546	499	
288	233	
348	259	
482	508	
374	531	
459	225	
1309	813	
760	841	
953	556	
682	447	
266	466	
1030	1118	
440	617	
768	933	
621	831	
1041	773	
213	343	
286	594	
471	635	
139	73	
233	745	
321	469	
243	210	
334	237	
187	84	
The worst scenario
756	1440	
972	1225	
504	196	
686	231	
1180	280	
793	1489	
1152	653	
686	1575	
985	617	
188	337	
145	356	
282	187	
104	375	
170	138	
954	508	
1190	1087	
276	275	
217	104	
226	104	
818	412	
1124	647	
74	234	
678	1811	
839	1164	
232	275	
1004	523	
1241	1735	
963	1076	
721	1089	
762	713	
212	322	
171	279	
807	272	
672	1192	
1029	541	
420	108	
720	714	
654	1333	
1368	353	
145	234	
773	941	
700	1036	
192	689	
1475	558	
1107	347	
201	137	
231	164	
462	290	
232	343	
1402	560	
115	243	
554	986	
152	189	
1123	717	
775	516	
422	968	
636	605	
912	936	
185	237	
482	897	
554	1043	
1875	950	
111	218	
497	1320	
283	387	
336	409	
1491	976	
1069	755	
1172	1748	
256	141	
1337	928	
197	140	
335	403	
152	78	
812	684	
717	727	
425	345	
397	302	
565	723	
376	661	
616	248	
1571	962	
936	1153	
1106	796	
879	643	
387	699	
1227	1628	
456	867	
838	1338	
921	960	
1043	867	
250	471	
304	735	
507	714	
167	99	
294	970	
445	681	
300	250	
410	314	
234	103	
