Factories	2	Jobs	200	Machines	3

Total number of component types per job processed by HSPM
11	7	7	6	10	8	10	5	9	12	5	8	6	5	10	9	9	11	8	12	7	9	8	7	5	8	6	11	11	10	11	11	6	10	9	11	10	10	6	10	8	5	12	10	5	6	8	8	11	9	10	7	12	8	12	10	11	8	7	10	6	6	10	12	9	12	5	7	12	8	5	12	9	7	8	7	6	6	12	5	10	9	10	6	5	8	9	5	8	6	8	6	8	11	12	8	5	5	12	10	8	11	8	11	12	10	9	12	11	12	5	9	12	5	10	9	12	7	5	9	12	9	11	8	9	11	8	6	9	5	5	6	12	9	8	6	9	7	7	12	11	7	12	11	12	12	8	7	9	7	9	5	5	9	6	7	10	5	5	6	5	5	10	9	10	12	11	5	9	12	9	5	7	9	10	12	7	6	5	8	10	6	5	10	5	5	10	11	11	9	12	10	10	11	9	11	10	10	9	9	

Total number of component types per job processed by MFPM
3	3	2	1	4	3	5	3	4	3	1	1	3	2	1	2	4	5	3	2	1	3	1	1	5	2	5	4	2	3	4	4	4	3	5	5	4	1	2	4	5	5	5	3	1	2	1	5	5	1	2	3	4	5	1	3	5	1	1	2	5	5	2	3	1	4	2	2	3	1	5	5	3	1	3	1	2	5	4	4	1	3	3	2	1	2	5	3	3	3	5	2	5	4	2	2	5	1	3	5	5	5	4	1	2	5	1	1	2	4	1	1	2	5	4	5	5	1	3	3	3	2	4	2	4	3	5	1	3	2	3	5	2	1	4	1	1	1	4	4	5	1	4	4	1	3	1	5	2	1	4	3	1	2	5	1	2	2	2	3	4	5	2	5	3	4	2	3	3	4	2	2	3	3	3	3	5	4	2	1	5	5	2	4	1	3	5	3	4	2	3	3	5	1	3	5	2	5	2	2	3	4	5	1	3	5	4	2	4	3	3	5	4	3	3	1	5	4	2	2	2	1	3	2	5	3	4	1	2	3	5	5	3	4	3	1	4	1	5	2	1	3	5	2	2	3	5	3	4	1	1	1	1	1	1	5	3	5	4	1	3	4	5	4	1	1	1	2	4	1	3	3	3	1	2	4	4	5	3	2	3	2	5	5	4	3	4	4	1	2	4	2	1	4	2	5	5	2	2	4	3	5	3	2	5	3	2	2	4	3	1	5	3	5	1	3	3	4	2	1	4	1	4	4	1	4	1	2	2	4	5	1	2	4	1	4	3	3	2	3	4	3	5	3	1	5	4	1	4	1	1	1	1	2	2	1	2	5	5	1	3	1	4	5	2	4	4	4	2	1	1	1	5	4	1	4	3	3	5	4	5	5	4	5	1	4	3	1	2	5	2	4	4	4	4	3	4	5	1	4	

All component type numbers for each job to be processed by HSPM
11	66	1	48	3	47	14	1	12	52	19	59	4	32	15	72	6	38	10	6	9	69	
4	61	8	48	18	10	17	1	9	54	11	62	12	57	
18	40	0	73	16	67	9	55	5	26	1	30	11	18	
2	26	14	35	18	27	6	66	16	4	9	60	
15	14	3	39	12	44	6	46	8	34	9	3	5	61	19	53	0	73	13	1	
4	48	2	59	10	63	14	64	18	25	9	52	0	55	7	72	
12	13	9	36	14	10	4	43	8	56	18	57	5	27	16	28	17	64	7	60	
5	33	7	47	9	62	18	17	15	58	
5	17	17	23	14	61	8	22	10	75	9	9	7	45	12	63	0	43	
2	19	15	66	0	29	8	52	19	68	5	65	12	45	7	14	6	25	16	61	10	64	14	9	
3	45	14	54	8	74	0	33	2	41	
8	62	5	22	13	31	4	55	16	65	14	24	15	64	10	6	
13	51	8	30	4	65	2	67	10	2	16	33	
12	68	1	34	6	69	16	15	4	3	
9	48	4	57	10	17	15	60	14	49	17	47	12	70	0	19	19	4	8	67	
11	13	18	17	12	25	1	2	3	41	6	51	7	60	14	45	8	61	
0	25	9	22	10	70	2	46	17	18	3	65	7	7	12	52	13	43	
0	74	2	64	9	30	12	5	1	66	6	70	15	23	4	53	14	62	17	33	11	55	
9	52	13	15	4	63	6	68	3	51	12	59	10	12	16	41	
15	15	3	57	17	63	11	16	0	35	12	60	19	26	2	66	16	62	18	59	10	56	7	45	
4	42	14	41	11	10	7	2	1	19	5	44	16	68	
0	13	14	8	1	64	2	75	10	21	17	68	18	56	6	49	12	35	
1	2	10	68	17	14	16	7	14	69	4	9	0	63	6	4	
19	9	18	72	1	70	7	50	11	44	0	58	2	20	
14	67	13	62	19	30	9	56	4	15	
7	67	5	71	11	63	15	5	19	33	18	68	12	24	13	42	
5	74	4	70	8	40	17	48	1	50	2	71	
9	10	3	16	4	44	7	62	5	58	15	18	18	32	10	35	16	73	11	23	6	34	
12	67	14	37	9	61	2	58	13	62	0	15	16	48	4	64	7	9	8	40	5	74	
10	16	7	53	16	9	6	13	0	23	4	2	9	36	5	58	13	73	1	68	
7	64	19	8	13	31	9	20	1	15	16	56	10	25	3	66	6	10	18	47	14	13	
0	66	19	9	3	60	1	34	9	21	17	31	6	50	12	12	18	44	8	29	5	23	
7	33	2	2	9	51	15	45	5	35	17	18	
4	37	0	71	9	62	10	44	14	73	5	21	11	2	17	12	19	56	3	29	
11	54	13	26	4	53	9	49	17	18	1	70	12	27	0	22	2	63	
9	28	12	53	4	33	15	72	17	70	0	20	14	39	13	5	19	27	2	18	16	69	
10	45	4	1	19	9	16	70	1	5	3	56	7	4	15	71	18	48	8	43	
1	47	13	31	11	8	3	26	16	40	19	24	17	42	2	57	18	60	14	56	
18	71	2	8	10	34	17	58	4	13	12	65	
9	31	10	32	8	21	15	66	13	33	11	60	1	35	5	30	6	36	16	27	
0	27	16	26	8	73	12	60	1	67	5	20	14	15	19	64	
17	33	16	20	12	46	6	28	1	72	
16	50	1	49	17	64	5	26	4	68	9	40	19	61	15	6	11	60	10	54	8	3	18	66	
14	29	1	62	19	44	11	67	4	71	2	48	7	13	15	7	18	21	9	52	
13	69	7	11	0	63	15	29	8	4	
6	24	1	5	14	74	0	19	11	51	12	72	
6	14	2	49	19	60	14	48	10	36	1	6	18	52	9	45	
12	57	4	30	11	31	13	65	6	17	5	35	1	28	18	12	
2	45	13	74	14	12	1	40	6	36	9	46	3	34	11	60	8	29	10	17	15	6	
16	24	15	4	5	22	19	39	0	16	11	49	2	18	10	12	12	74	
4	48	3	73	9	66	15	33	2	72	5	30	16	52	8	40	11	17	1	20	
11	61	2	30	5	22	17	55	0	37	13	10	14	36	
8	19	7	67	15	44	17	15	19	72	2	50	14	75	1	65	18	39	10	57	9	10	16	41	
3	26	13	55	10	62	9	11	8	10	19	56	15	12	6	57	
0	8	17	60	15	26	8	43	5	56	6	9	16	47	10	23	7	19	13	49	11	54	1	66	
12	25	4	74	19	5	15	40	16	43	11	63	8	44	1	6	18	29	17	11	
18	19	15	62	2	44	5	18	9	13	3	58	7	30	6	45	1	6	13	31	4	22	
5	19	17	3	4	33	13	51	1	37	18	75	14	59	15	14	
19	11	6	55	13	20	14	21	8	12	18	46	10	23	
0	38	2	13	6	8	9	6	19	44	17	66	4	20	18	70	3	4	12	22	
3	46	9	44	10	47	17	11	0	53	1	66	
10	45	8	2	15	11	9	55	5	21	12	27	
14	75	15	54	0	52	18	6	1	48	7	58	8	37	10	8	5	4	6	11	
9	33	3	58	8	12	10	32	4	49	16	34	12	38	2	70	6	10	11	22	13	20	18	67	
2	9	7	59	6	40	14	70	1	19	18	58	15	53	12	50	9	72	
2	11	0	75	9	5	5	17	10	22	15	25	11	42	6	27	19	68	4	70	7	40	17	38	
19	26	0	39	11	44	15	43	14	27	
17	54	5	2	1	28	16	29	19	48	6	21	13	35	
10	23	3	4	5	11	0	29	15	46	6	40	4	44	1	75	12	42	18	73	7	62	9	57	
1	57	9	9	5	29	15	37	6	55	3	52	8	69	12	49	
0	72	5	6	4	19	8	23	18	46	
16	65	17	54	12	4	6	17	4	21	0	32	19	74	11	70	13	28	5	71	15	55	10	43	
10	25	15	17	1	3	13	65	3	24	5	5	6	67	8	60	11	35	
10	16	16	64	9	5	17	56	5	17	11	23	4	35	
9	43	2	17	17	67	14	64	6	74	12	15	16	14	8	37	
15	74	11	20	5	66	17	68	16	32	6	42	19	56	
9	3	18	73	0	74	2	29	3	22	10	26	
0	68	18	25	11	49	13	69	4	55	17	21	
4	5	0	41	6	69	19	74	8	27	18	24	1	10	13	33	2	4	7	38	14	12	12	30	
0	2	12	40	13	11	7	9	3	4	
18	70	16	59	7	1	10	72	5	25	17	53	12	41	9	13	2	29	19	68	
3	52	14	62	10	31	15	58	2	51	4	20	0	13	9	3	17	67	
0	36	4	72	17	19	3	10	8	1	2	56	18	43	9	11	19	9	15	31	
12	17	8	5	14	42	3	35	7	62	9	2	
17	18	13	15	9	36	6	54	7	8	
11	34	3	27	0	32	15	48	10	51	7	56	2	72	16	41	
17	65	4	64	6	15	3	68	2	1	19	8	8	53	16	37	5	29	
5	14	13	66	9	13	12	22	0	62	
4	62	7	38	5	60	1	40	14	25	0	20	19	75	15	8	
16	7	5	15	19	43	4	59	14	41	17	58	
14	12	10	13	9	67	8	51	4	22	6	1	19	41	5	23	
9	28	0	33	8	71	14	3	18	2	6	70	
3	46	4	5	10	20	1	23	2	73	13	14	15	69	11	24	
6	6	8	2	13	58	2	11	4	46	10	1	9	10	0	41	18	72	7	17	17	39	
3	7	19	47	5	49	1	68	18	11	4	32	2	40	11	75	14	54	9	28	16	21	15	71	
14	74	9	21	10	1	7	25	8	65	6	2	1	42	2	62	
12	32	7	61	19	67	10	31	2	28	
0	15	1	53	11	20	15	8	10	32	
18	45	15	61	9	52	3	25	12	47	5	51	11	69	2	63	16	5	19	33	6	27	7	72	
13	23	2	36	6	72	10	67	19	61	4	9	15	58	3	19	1	26	17	51	
9	64	13	53	18	60	15	24	19	57	14	69	11	59	7	36	
11	64	4	28	19	38	10	13	17	33	14	1	3	69	18	50	13	17	5	71	1	16	
11	63	18	22	10	55	17	6	2	30	3	8	9	17	0	57	
6	63	13	3	1	70	2	54	12	28	10	43	5	31	19	72	9	23	15	56	8	20	
3	41	10	16	16	28	15	1	18	62	12	30	0	58	11	9	13	64	8	66	6	4	14	29	
12	28	17	1	0	6	6	69	5	52	15	25	1	49	11	67	19	10	16	5	
14	29	6	59	15	38	16	66	8	17	10	32	19	11	5	14	0	74	
17	53	18	60	4	48	8	7	1	62	11	28	13	16	5	58	9	67	6	54	2	61	14	14	
3	67	9	64	1	32	4	25	6	19	2	34	11	65	14	20	18	8	13	72	12	44	
10	28	11	41	13	75	19	54	17	11	6	25	18	61	14	9	2	18	7	30	5	67	3	15	
6	60	10	6	7	71	8	66	12	64	
5	1	4	26	10	8	2	52	16	31	14	64	9	12	11	25	15	40	
13	10	9	28	0	25	10	21	2	20	19	7	18	13	15	36	1	67	5	44	14	14	3	63	
11	23	8	30	17	9	14	25	4	34	
5	45	15	68	10	51	12	8	4	65	8	19	14	54	17	42	19	7	6	48	
17	20	5	53	10	14	8	4	16	41	14	65	9	31	15	7	2	67	
11	49	5	42	1	14	2	31	18	39	12	16	0	62	14	25	10	28	9	50	4	24	3	30	
10	30	0	20	6	46	9	6	12	47	4	70	8	15	
6	63	0	18	14	1	3	22	17	28	
2	48	0	32	10	45	6	58	3	31	4	19	13	38	14	30	8	63	
2	38	19	68	5	20	4	48	18	31	10	21	14	7	8	53	6	32	0	43	3	61	1	75	
4	49	1	65	9	38	0	72	18	44	6	64	10	73	5	15	2	32	
17	25	11	66	1	7	15	16	2	68	3	24	4	34	18	36	19	52	14	42	13	10	
1	54	13	10	9	17	4	50	5	63	6	44	15	35	12	74	
8	24	3	13	19	65	0	10	7	68	13	1	15	23	6	12	14	9	
5	43	9	11	2	48	7	71	14	68	15	75	18	18	6	50	8	46	4	26	19	45	
18	23	3	42	7	59	11	47	12	17	13	67	0	49	15	74	
13	30	4	51	16	36	12	37	7	60	8	48	
5	14	2	60	8	37	19	38	16	51	10	30	9	44	6	2	11	70	
7	43	8	2	5	48	0	59	4	54	
18	16	5	25	17	53	19	4	14	40	
12	41	19	29	2	34	0	40	1	1	13	55	
1	58	5	18	19	42	9	53	4	7	16	74	2	5	6	55	10	15	13	71	14	57	3	52	
14	32	3	57	4	1	13	50	17	53	18	49	0	70	5	30	11	6	
19	28	3	10	11	16	15	4	12	31	14	18	5	51	4	23	
18	59	9	70	8	57	11	1	2	42	6	5	
4	24	0	61	6	27	14	15	18	75	11	16	12	52	17	6	2	29	
19	27	11	64	6	50	0	62	4	11	17	26	13	52	
2	63	16	58	18	40	12	60	6	59	13	61	9	18	
9	53	19	42	17	31	8	43	10	4	14	73	12	68	2	3	13	60	0	22	3	8	4	9	
4	62	13	48	12	27	14	52	5	23	17	41	10	54	3	16	19	33	6	51	8	2	
15	37	17	53	3	7	16	50	9	2	14	65	19	64	
2	35	8	32	17	47	19	58	14	73	16	20	4	51	1	31	11	42	6	64	9	19	18	34	
4	27	15	46	11	43	13	55	8	73	0	72	18	26	6	22	5	41	3	57	14	63	
4	29	19	72	15	9	11	21	14	34	2	24	7	49	10	70	6	71	12	20	16	15	1	73	
18	9	16	74	19	28	17	11	7	29	11	68	3	44	12	16	8	65	5	24	2	32	13	59	
4	52	6	47	11	43	15	16	8	44	7	41	3	61	9	17	
16	39	8	57	3	11	10	38	9	65	2	14	0	25	
0	30	5	45	14	52	12	33	3	37	1	54	6	19	7	57	10	74	
17	8	7	11	3	69	19	52	11	1	15	2	18	75	
17	16	0	40	7	67	8	26	6	23	2	55	14	9	9	49	11	30	
15	66	0	62	1	7	11	59	17	40	
9	26	13	39	5	61	7	23	18	44	
5	4	6	51	10	53	3	18	16	19	15	28	4	47	18	9	0	24	
3	33	2	51	15	69	14	44	10	60	8	64	
3	44	11	5	16	42	1	58	7	50	10	51	13	72	
16	42	17	9	7	63	0	3	1	20	8	8	15	2	12	29	2	54	5	41	
14	40	11	61	17	39	10	3	19	38	
8	53	0	75	7	58	12	21	18	52	
8	54	11	10	3	30	7	74	18	19	10	73	
6	20	16	65	12	2	7	72	13	45	
17	58	19	48	9	52	18	16	1	18	
0	42	12	32	1	69	10	15	9	10	18	36	13	9	19	46	17	61	16	3	
6	13	4	28	11	2	8	17	13	56	2	57	7	44	16	39	19	34	
15	20	13	54	2	26	12	69	4	67	8	55	19	6	9	30	5	47	14	43	
10	36	6	32	9	70	19	20	0	52	8	23	3	21	7	45	11	72	2	16	14	51	12	59	
0	29	2	13	18	11	9	43	17	7	11	28	5	15	6	57	13	4	8	26	14	20	
14	16	15	28	6	49	5	29	10	54	
17	23	11	55	8	48	1	6	6	70	12	32	0	27	13	10	19	46	
1	24	13	14	15	72	5	53	12	49	16	33	14	58	0	68	4	16	2	51	17	37	19	15	
7	9	10	45	14	27	4	66	17	51	12	71	13	64	19	18	1	3	
18	8	6	47	16	21	14	27	7	41	
8	9	5	5	4	10	13	51	18	11	12	24	17	38	
16	19	0	15	18	4	5	20	3	67	1	29	15	47	17	1	6	69	
6	10	12	2	9	72	19	38	18	31	14	56	10	68	13	25	7	75	8	41	
19	40	8	74	9	45	15	8	13	16	7	63	12	53	16	58	0	36	11	42	14	56	10	46	
9	63	3	64	5	34	19	25	0	41	14	39	1	6	
17	7	0	62	11	26	7	5	14	67	9	46	
19	37	5	63	14	35	7	27	15	20	
5	14	7	40	11	69	16	2	0	13	2	22	19	72	18	6	
11	38	12	57	8	75	1	39	3	12	17	22	7	9	6	53	14	18	19	62	
9	54	15	72	11	6	13	68	1	12	10	49	
11	42	16	11	7	56	10	58	0	21	
1	62	2	72	13	54	0	12	17	18	9	7	16	14	18	35	3	50	19	60	
10	36	12	14	4	54	15	39	14	17	
14	17	1	65	18	10	6	63	12	27	
2	40	8	4	12	2	15	48	3	66	7	35	18	16	0	1	6	27	10	26	
6	7	3	23	8	34	12	53	7	22	13	50	1	43	10	75	11	57	15	44	5	60	
12	54	3	29	17	2	8	51	9	24	1	55	0	40	11	20	15	8	7	36	18	10	
11	29	2	74	13	14	10	24	16	2	5	26	6	70	18	7	12	9	
17	41	14	37	9	20	0	35	8	36	4	23	7	29	1	25	10	28	19	1	16	67	12	73	
19	18	17	40	15	39	4	5	12	27	13	34	2	12	0	48	14	53	7	67	
13	32	12	67	19	63	17	73	7	62	18	57	14	10	16	38	8	65	9	3	
13	43	5	71	8	30	3	13	10	57	9	34	16	1	0	31	18	3	17	29	6	33	
8	3	6	67	12	45	10	49	4	51	13	22	14	57	2	39	15	74	
18	7	15	34	9	44	0	54	14	74	8	5	10	66	2	28	3	17	5	4	12	6	
4	67	14	69	8	75	16	27	12	70	13	60	9	54	19	66	1	12	3	9	
1	42	10	26	3	58	2	38	14	71	9	53	17	24	15	43	13	66	18	64	
13	41	0	11	12	12	9	8	10	55	5	40	17	49	19	65	8	23	
12	68	18	55	0	23	9	38	11	2	14	8	4	53	15	36	13	41	

All component type numbers for each job to be processed by MFPM
4	4	1	22	3	12	
3	47	0	49	9	41	
3	21	7	23	
4	47	
1	11	2	8	7	6	5	3	
1	44	7	41	9	34	
7	8	0	25	3	20	1	18	6	4	
5	46	7	45	9	32	
4	2	1	19	2	7	6	21	
8	44	5	40	7	28	
1	5	
9	32	
2	1	9	21	0	12	
7	29	4	28	
0	22	
5	29	7	48	
1	10	6	2	8	21	5	19	
2	41	4	39	1	46	8	30	3	34	
8	25	7	7	0	5	
9	26	5	50	
3	23	
6	35	9	46	4	41	
2	10	
5	32	
3	25	4	17	2	23	7	11	8	13	
6	35	3	40	
5	11	0	24	3	15	1	6	2	4	
4	31	3	45	6	40	5	50	
9	21	8	11	
4	43	1	32	0	36	
2	10	6	11	7	23	0	13	
4	40	6	27	7	33	9	37	
2	3	0	7	7	24	5	19	
7	35	3	33	8	42	
2	22	8	3	7	6	6	10	4	25	
3	48	9	49	4	29	5	30	8	27	
9	20	5	18	3	8	8	19	
9	42	
1	13	8	20	
0	49	1	48	3	37	8	29	
6	15	7	12	2	5	9	7	1	10	
6	27	8	29	5	30	1	28	4	48	
5	7	8	3	1	15	2	18	9	13	
0	48	6	39	4	45	
0	17	
8	35	1	43	
6	23	
0	28	6	36	2	29	9	34	4	46	
9	8	1	7	2	5	8	17	7	13	
5	46	
8	19	2	15	
6	45	8	49	3	29	
9	21	5	19	8	11	7	1	
4	29	7	26	9	37	6	42	0	44	
6	7	
3	44	9	33	6	45	
3	23	2	14	6	22	4	25	5	11	
1	44	
5	10	
7	47	1	48	
7	3	2	6	3	15	5	19	6	13	
9	37	0	48	5	47	4	36	6	42	
8	17	2	21	
0	42	5	43	9	35	
9	24	
6	41	3	42	8	28	1	30	
2	8	1	10	
6	49	7	39	
3	24	6	20	4	25	
6	30	
0	8	2	24	4	22	8	16	1	20	
8	32	4	34	5	30	6	44	7	45	
1	1	0	7	7	22	
6	40	
7	24	8	22	5	3	
3	27	
3	12	4	8	
5	29	2	45	9	36	6	26	8	47	
5	3	1	7	0	13	9	18	
5	50	3	40	7	29	4	36	
7	10	
2	44	8	29	6	37	
8	19	5	4	7	1	
2	43	4	50	
6	12	
0	40	9	43	
6	7	4	4	0	8	1	16	3	13	
7	39	4	35	1	41	
5	15	4	13	7	14	
4	49	1	29	2	36	
4	11	8	6	1	4	0	13	5	18	
4	34	3	40	
9	13	3	21	8	17	0	25	2	7	
2	38	0	32	7	43	9	29	
4	15	2	13	
3	43	8	45	
0	19	6	25	2	1	5	7	8	10	
1	50	
4	20	3	1	2	15	
8	26	3	37	6	48	1	39	7	47	
2	17	0	21	3	15	4	14	6	6	
1	26	0	37	2	41	7	49	9	29	
0	19	5	8	7	15	1	10	
8	47	
5	11	8	18	
4	29	2	35	7	41	8	32	1	45	
6	19	
7	32	
5	24	1	3	
6	33	0	31	7	45	2	29	
5	19	
6	49	
1	7	2	15	
8	34	2	28	6	44	1	27	5	31	
5	5	7	17	6	4	0	16	
2	45	7	33	0	41	4	50	1	26	
9	17	4	15	1	13	6	4	7	23	
8	29	
6	11	9	25	7	21	
5	45	8	34	3	48	
1	11	0	13	7	6	
5	38	6	43	
5	19	8	16	7	21	0	22	
0	33	1	32	
3	5	6	25	2	23	0	18	
5	47	7	36	3	27	
8	22	4	8	9	16	0	19	3	14	
8	36	
8	10	4	22	1	5	
7	45	3	42	
9	20	0	21	4	6	
6	43	0	50	4	41	5	48	7	47	
5	9	7	25	
4	33	
1	2	6	8	9	9	8	23	
3	39	
1	13	
0	43	
3	14	7	15	9	13	4	5	
0	31	6	39	2	49	9	36	
4	9	3	11	2	25	7	13	6	4	
8	29	
3	25	9	5	6	9	2	18	
6	45	0	26	2	50	5	27	
0	2	
5	34	8	27	1	44	
2	6	
4	32	9	41	1	48	0	46	5	33	
4	18	2	10	
4	36	
6	7	5	22	4	6	1	23	
4	29	7	36	9	42	
3	21	
2	46	7	48	
3	23	2	20	9	13	5	11	0	22	
3	37	
3	7	9	6	
7	45	6	36	
9	16	2	20	
7	31	8	48	0	47	
6	19	0	13	7	17	9	21	
1	48	7	42	5	45	9	37	8	49	
9	18	5	21	
6	44	4	30	0	38	3	37	9	50	
6	12	5	24	9	6	
2	30	9	35	8	48	5	43	
5	19	1	10	
2	30	7	33	9	27	
7	21	0	3	8	4	
1	33	6	38	8	31	3	34	
2	3	3	11	
3	46	1	48	
6	4	3	12	1	8	
1	26	0	29	9	38	
2	24	0	20	9	2	
2	49	1	33	3	32	
7	23	9	6	2	17	0	11	4	22	
6	30	3	39	2	33	8	46	
7	3	1	4	
9	49	
1	16	4	9	6	15	7	7	8	23	
6	35	2	39	3	48	1	38	9	32	
6	24	5	16	
3	36	6	29	5	49	1	33	
1	25	
3	49	1	50	5	40	
2	23	0	22	6	2	3	10	4	19	
2	38	1	37	4	26	
7	20	3	18	1	3	8	10	
6	42	8	32	
4	4	3	24	1	10	
8	42	3	28	9	26	
6	21	8	19	4	9	0	14	7	6	
9	44	
1	10	8	1	9	12	
5	49	8	36	1	32	0	45	4	42	
8	23	1	7	
8	28	5	35	4	46	0	34	6	29	
1	3	3	17	
9	40	7	34	
6	1	1	5	4	17	
0	36	8	40	2	35	5	29	
7	24	6	20	9	4	8	11	3	9	
6	36	
0	6	6	7	9	13	
4	37	1	35	8	34	6	45	9	49	
2	10	6	4	5	18	8	19	
6	46	3	28	
7	15	5	14	1	10	8	20	
8	43	4	46	5	27	
0	11	7	3	3	19	
9	34	1	41	6	30	5	45	4	37	
4	17	2	20	5	19	7	23	
5	41	4	48	7	39	
2	6	5	16	1	23	
1	26	
5	8	9	7	3	14	4	6	8	12	
8	40	4	36	2	37	1	39	
6	3	1	11	
9	37	1	27	
2	2	3	9	
8	32	
2	12	7	9	9	15	
9	44	3	48	
6	7	1	3	8	2	0	22	3	8	
9	50	6	43	4	27	
6	4	2	10	8	22	1	15	
8	30	
4	3	0	18	
8	32	9	44	3	47	
8	11	6	2	1	25	9	16	5	17	
6	50	0	33	4	35	5	32	3	36	
4	20	3	25	7	18	
1	44	4	37	0	50	3	34	
5	14	4	21	8	17	
0	50	
8	11	5	15	4	19	6	2	
1	34	
7	20	2	19	5	8	0	10	8	16	
7	43	8	40	
9	23	
1	50	3	36	9	41	
8	2	1	12	3	21	9	17	2	5	
9	43	6	38	
5	24	0	22	
2	31	5	34	9	32	
8	11	6	22	5	23	4	1	0	16	
6	49	8	29	1	40	
8	8	6	21	2	4	4	24	
7	36	
7	3	
5	49	
5	4	
6	36	
0	10	
8	29	3	46	0	34	1	42	2	38	
0	8	1	11	8	7	
2	41	9	27	6	43	1	47	5	30	
5	6	8	17	2	10	0	4	
1	39	
2	3	0	13	8	7	
0	48	6	44	9	33	1	43	
2	23	1	22	6	10	3	7	4	11	
4	27	8	28	2	33	3	35	
2	25	
5	37	
4	14	
9	28	0	36	
3	24	5	22	2	17	0	21	
0	46	
6	18	2	16	4	11	
7	42	6	31	2	27	
5	17	6	15	7	10	
0	29	
7	6	6	21	
5	34	3	35	9	44	4	28	
8	16	9	24	1	17	7	20	
9	47	2	40	7	31	5	50	3	37	
9	23	8	8	6	9	
4	39	8	48	
5	22	2	6	1	18	
9	49	0	29	
4	6	2	1	7	17	9	14	0	8	
1	45	3	28	8	34	2	50	5	39	
8	14	0	6	5	2	4	19	
6	37	4	46	2	44	
1	24	6	9	3	8	4	11	
8	46	6	34	5	27	7	32	
3	19	
3	32	9	42	
0	21	7	13	9	11	8	8	
4	37	9	30	
2	8	
3	27	5	34	2	43	8	35	
0	8	8	9	
3	36	6	45	5	30	2	31	8	27	
5	10	3	12	0	22	1	19	4	18	
6	40	3	50	
9	21	2	17	
4	38	7	29	9	28	1	39	
7	19	1	25	9	11	
2	34	9	36	7	50	6	48	5	31	
5	4	8	1	2	20	
2	35	6	26	
8	25	0	20	4	16	1	19	7	24	
4	47	1	44	2	32	
6	1	1	13	
2	28	0	31	
9	15	6	16	3	22	7	4	
1	42	0	26	4	36	
8	1	
9	36	4	30	8	43	0	26	2	41	
3	8	9	18	2	13	
6	47	2	36	0	46	5	43	3	35	
9	13	
1	42	4	46	7	31	
4	11	3	5	7	15	
8	42	9	29	3	35	1	49	
4	23	8	1	
1	29	
3	18	4	17	6	6	1	15	
4	42	
3	19	9	1	7	20	0	4	
6	32	0	30	5	39	8	27	
1	19	
6	43	0	32	5	26	3	42	
1	19	
2	42	3	27	
4	2	6	16	
3	41	6	48	9	27	5	43	
0	20	3	17	7	23	8	10	4	21	
3	48	
5	8	3	3	
9	27	4	29	8	41	1	26	
0	10	
4	39	1	34	7	44	3	45	
7	13	5	15	3	9	
8	31	0	47	6	44	
1	25	9	13	
1	26	9	41	7	27	
6	11	8	15	5	24	2	18	
0	36	2	39	4	37	
0	19	4	17	1	10	6	21	2	22	
5	31	0	44	2	36	
8	3	
0	50	4	45	6	43	8	35	1	38	
5	18	8	12	4	13	2	9	
4	32	
9	17	8	7	2	22	3	1	
0	28	
1	17	
1	49	
3	1	
1	40	5	42	
6	3	0	19	
9	27	
7	10	1	23	
0	29	5	38	4	44	1	36	9	40	
7	4	6	22	3	7	2	10	4	1	
3	36	
5	14	3	15	7	24	
1	38	
4	13	0	22	2	6	6	17	
7	45	6	31	1	47	4	48	5	30	
6	20	3	15	
8	33	2	32	9	48	1	29	
9	14	4	20	7	6	5	17	
0	36	9	42	4	49	1	30	
5	5	7	13	
4	30	
8	5	
0	36	
9	6	1	11	7	12	8	16	0	23	
9	28	8	31	5	32	4	33	
0	25	
6	30	7	47	0	35	2	45	
4	16	9	5	6	22	
6	33	5	47	2	43	
1	17	0	10	6	13	5	25	7	21	
4	28	6	47	8	38	2	30	
9	21	4	17	1	25	7	12	5	15	
1	38	4	33	5	49	2	48	0	28	
8	22	9	3	0	17	6	25	
4	40	6	47	8	35	1	42	7	31	
2	4	
5	32	7	40	9	28	3	48	
5	6	1	8	4	12	
7	27	
2	15	1	21	
2	50	8	41	1	37	9	39	0	27	
2	17	1	12	
4	29	2	34	6	41	1	28	
1	18	2	22	4	2	8	17	
1	37	9	35	8	32	3	43	
3	25	6	16	7	4	2	22	
0	29	2	31	3	28	
9	11	2	10	6	3	3	2	
6	35	7	49	4	50	9	37	0	40	
8	13	
0	40	1	32	8	45	3	43	

Three processing times per job on each machine
The best scenario
39	49	21	
228	470	261	
56	37	37	
67	44	39	
267	237	263	
33	37	47	
106	121	89	
276	382	147	
37	119	37	
22	41	35	
121	80	179	
39	34	32	
207	187	116	
302	376	193	
239	142	161	
217	143	112	
41	73	42	
218	180	173	
293	210	368	
36	48	38	
10	29	36	
93	34	71	
120	150	79	
187	110	400	
49	149	65	
187	89	223	
133	193	150	
158	100	48	
27	36	27	
48	18	23	
172	92	304	
32	15	66	
116	89	187	
184	65	104	
37	25	35	
208	232	108	
133	106	91	
239	128	84	
171	41	162	
76	14	61	
182	204	46	
158	135	70	
194	270	417	
52	52	38	
90	159	196	
33	28	18	
86	78	56	
206	62	128	
22	83	64	
104	104	98	
122	114	189	
122	105	85	
154	81	134	
124	216	302	
510	499	149	
56	98	93	
82	221	179	
167	113	211	
126	234	127	
31	43	40	
301	278	504	
49	76	53	
149	178	184	
152	431	225	
196	88	85	
178	166	43	
197	80	208	
160	261	169	
96	151	331	
66	63	68	
90	31	33	
84	131	180	
168	320	79	
328	287	212	
327	358	282	
245	158	115	
113	95	237	
324	138	127	
484	179	210	
45	47	114	
96	105	75	
285	129	410	
23	35	42	
127	198	125	
68	57	60	
232	252	369	
150	183	194	
67	78	80	
301	170	205	
191	85	92	
198	71	128	
117	142	327	
210	138	237	
67	70	154	
88	48	84	
253	127	202	
210	82	192	
43	45	31	
229	97	175	
297	498	270	
60	127	145	
111	42	111	
98	157	47	
137	141	96	
97	192	70	
200	261	83	
148	78	88	
98	153	193	
288	337	241	
132	216	177	
132	88	97	
79	32	58	
228	265	70	
88	215	199	
101	51	87	
148	147	69	
98	27	40	
114	71	140	
70	68	87	
328	157	143	
95	138	94	
142	276	392	
183	101	243	
70	25	35	
304	254	267	
420	312	408	
301	414	420	
70	84	86	
185	150	174	
49	24	17	
327	494	376	
165	287	215	
94	105	86	
37	56	54	
136	101	117	
158	127	162	
19	40	29	
71	33	58	
242	509	176	
105	165	128	
103	130	121	
394	526	269	
18	33	46	
61	41	67	
12	35	30	
598	310	442	
71	144	209	
52	140	132	
223	162	130	
27	53	102	
166	217	209	
272	169	121	
114	127	97	
318	82	118	
89	248	117	
92	133	97	
329	164	167	
93	64	102	
117	68	69	
65	49	40	
285	191	68	
72	138	61	
256	162	392	
425	358	316	
357	398	314	
408	326	521	
178	203	211	
218	76	227	
289	110	105	
53	150	70	
110	160	125	
175	96	283	
405	155	207	
109	120	140	
104	247	110	
97	191	112	
32	24	99	
120	254	309	
106	122	97	
321	97	284	
100	67	219	
348	148	174	
116	98	178	
192	104	267	
188	158	118	
185	229	105	
46	25	12	
533	280	205	
113	382	263	
164	48	59	
277	235	155	
177	279	164	
197	122	142	
206	86	177	
396	116	228	
295	148	211	
257	215	366	
122	142	80	
44	31	97	
167	164	246	
Most likely scenario
50	75	31	
231	475	446	
68	48	55	
102	58	50	
534	417	423	
36	52	69	
192	225	120	
286	391	194	
52	127	48	
32	43	49	
151	139	203	
49	55	36	
310	201	121	
397	483	383	
284	207	274	
244	270	197	
66	80	61	
225	213	257	
343	220	422	
67	89	62	
18	36	57	
102	45	89	
189	290	105	
294	131	412	
55	152	110	
350	119	339	
210	371	202	
166	153	96	
39	50	46	
72	33	45	
251	105	392	
42	21	83	
168	102	224	
204	95	152	
39	30	40	
306	301	122	
141	112	94	
307	205	89	
227	76	190	
98	26	68	
187	205	86	
164	145	122	
219	402	440	
56	100	50	
94	253	298	
62	47	19	
106	118	68	
288	109	184	
35	142	125	
148	118	149	
195	167	195	
125	131	103	
207	98	165	
153	325	362	
547	500	191	
86	118	185	
149	312	230	
173	171	267	
240	315	235	
38	60	66	
538	429	531	
81	98	74	
184	233	254	
200	493	335	
230	95	96	
231	177	65	
223	160	307	
308	272	269	
127	180	335	
72	73	100	
114	37	60	
110	228	188	
211	347	100	
360	343	316	
571	557	325	
304	197	135	
116	160	281	
365	253	135	
540	236	213	
90	82	119	
122	118	138	
514	172	526	
40	58	60	
177	241	223	
91	72	64	
275	289	403	
295	296	256	
73	106	118	
331	190	318	
286	130	159	
267	137	189	
191	219	371	
279	180	336	
115	81	241	
146	96	93	
352	231	339	
244	157	296	
74	50	43	
282	180	307	
382	565	446	
91	139	217	
112	69	116	
181	309	88	
196	230	107	
136	193	119	
259	277	127	
197	137	128	
106	201	211	
397	567	315	
214	249	294	
168	120	156	
85	45	84	
268	270	122	
169	290	329	
183	101	98	
166	187	78	
100	37	55	
155	102	156	
96	132	112	
356	179	232	
154	169	118	
173	503	458	
344	112	261	
100	40	37	
351	278	408	
494	366	564	
522	497	469	
108	138	152	
340	210	186	
64	32	34	
370	548	404	
218	359	230	
147	119	95	
61	65	75	
155	124	132	
182	243	164	
28	53	32	
75	47	72	
261	563	341	
175	252	160	
113	170	166	
586	548	306	
25	35	51	
74	73	74	
20	50	39	
599	312	501	
140	198	354	
73	156	159	
258	255	194	
45	98	113	
324	303	248	
377	182	179	
157	134	106	
343	104	122	
95	280	186	
184	198	138	
507	238	292	
109	66	171	
191	106	71	
86	51	73	
308	284	82	
131	194	79	
308	238	515	
523	551	409	
457	458	482	
432	576	585	
241	262	394	
327	139	312	
294	187	199	
88	158	112	
122	280	178	
243	127	385	
535	161	275	
191	133	208	
141	252	153	
134	194	163	
53	35	101	
210	322	359	
186	144	191	
392	116	355	
189	96	235	
554	229	257	
124	112	254	
310	142	274	
252	173	131	
305	248	180	
59	44	23	
560	443	219	
200	425	416	
221	61	118	
419	397	290	
208	305	247	
260	124	211	
230	141	326	
419	132	403	
361	239	366	
270	325	388	
205	181	115	
66	62	120	
279	179	250	
The worst scenario
69	89	36	
261	553	460	
80	63	61	
117	63	67	
653	472	486	
46	67	72	
200	288	127	
371	562	215	
74	169	56	
42	49	53	
199	153	211	
51	61	46	
398	291	151	
413	704	386	
367	255	399	
335	285	272	
88	120	68	
256	274	258	
356	250	530	
89	102	66	
21	46	84	
151	58	102	
258	370	112	
353	172	539	
64	155	114	
510	167	343	
219	552	295	
190	202	130	
58	74	64	
81	37	56	
336	119	480	
52	29	106	
173	125	299	
302	127	197	
52	31	47	
350	319	161	
148	151	109	
416	264	98	
295	105	221	
116	35	73	
252	257	92	
212	173	170	
302	594	591	
77	125	68	
111	362	383	
84	49	25	
137	138	72	
404	158	196	
47	165	138	
151	162	205	
202	172	253	
163	142	124	
284	135	196	
191	458	428	
772	711	265	
116	144	233	
177	427	329	
234	192	324	
279	341	252	
57	61	73	
678	558	663	
86	125	110	
199	260	378	
271	704	400	
319	104	135	
292	248	73	
287	201	336	
387	358	373	
178	248	435	
79	78	104	
139	49	69	
125	260	226	
259	438	122	
487	409	349	
708	789	486	
376	216	139	
151	168	373	
507	293	188	
570	293	227	
92	95	150	
151	122	184	
725	177	666	
49	68	87	
186	287	303	
114	94	73	
365	330	445	
377	325	310	
92	109	122	
340	236	380	
292	158	237	
395	204	262	
205	299	387	
328	245	493	
160	100	252	
164	134	121	
375	319	409	
264	192	425	
107	66	61	
296	183	349	
487	836	607	
107	175	322	
137	80	131	
183	335	125	
202	236	110	
173	273	164	
333	336	185	
204	142	134	
130	216	305	
409	642	411	
277	320	325	
204	125	200	
88	54	116	
363	300	132	
217	292	428	
253	117	139	
180	261	84	
148	51	73	
228	141	216	
120	162	168	
513	247	265	
199	208	133	
248	602	606	
366	151	373	
110	60	42	
451	313	468	
637	471	722	
735	606	615	
141	207	216	
352	242	273	
86	38	50	
480	651	522	
311	520	285	
159	176	104	
91	97	108	
182	166	150	
256	303	245	
41	68	34	
82	65	102	
313	809	373	
261	314	192	
132	235	227	
622	625	323	
36	50	67	
93	105	94	
27	63	57	
776	425	705	
148	268	358	
89	180	165	
314	262	270	
53	121	165	
343	355	298	
521	222	189	
220	201	129	
417	113	132	
111	355	208	
269	235	165	
583	342	326	
161	78	207	
226	117	82	
109	68	78	
406	350	122	
180	198	101	
379	356	656	
739	808	495	
640	536	545	
462	833	612	
321	308	536	
487	186	383	
383	248	227	
132	214	156	
158	331	205	
311	189	424	
559	233	325	
203	185	219	
165	367	167	
163	263	195	
74	50	150	
256	324	497	
220	191	219	
495	130	468	
224	101	340	
677	232	336	
136	132	261	
329	158	349	
357	203	154	
457	334	215	
74	53	25	
781	637	294	
295	432	509	
324	62	134	
501	493	348	
281	380	360	
300	185	247	
238	156	422	
539	194	579	
506	253	497	
371	393	523	
228	207	117	
67	92	142	
387	250	327	
