Factories	3	Jobs	100	Machines	2

Total number of component types per job processed by HSPM
5	12	6	10	10	8	8	6	5	9	12	5	10	7	10	6	8	7	9	9	11	8	8	6	6	10	12	6	5	8	5	9	9	8	9	7	5	9	5	11	9	12	9	5	5	6	11	6	9	5	7	10	11	8	6	9	8	12	5	6	6	12	8	12	9	9	6	5	5	11	5	6	12	6	9	7	7	8	10	7	10	10	12	8	12	6	12	6	12	8	7	5	10	8	12	12	5	6	5	5	

Total number of component types per job processed by MFPM
3	2	5	3	4	2	5	5	3	2	5	5	2	4	1	1	1	4	5	4	2	1	5	4	2	1	2	3	2	3	4	2	4	5	1	5	3	2	4	4	2	4	5	3	2	3	3	1	2	3	5	4	2	1	3	1	2	3	1	5	5	2	5	3	4	5	3	3	3	1	2	1	5	5	4	2	3	2	2	5	3	3	3	5	5	1	2	5	5	5	3	2	1	2	4	3	5	4	1	3	

All component type numbers for each job to be processed by HSPM
2	14	1	71	8	44	0	74	17	11	
14	58	17	22	7	40	10	38	13	39	11	2	19	9	4	46	3	14	16	36	5	42	2	51	
8	66	2	37	1	35	6	53	9	15	17	60	
10	59	0	47	2	48	15	73	5	43	3	70	12	66	4	13	7	10	14	25	
8	62	1	59	6	6	10	16	2	7	7	19	14	41	15	49	5	63	4	40	
11	25	0	75	19	54	16	37	1	15	18	65	4	2	3	30	
5	68	16	39	11	59	9	55	15	54	3	7	6	32	18	60	
0	34	5	56	9	38	2	66	1	3	3	61	
9	60	13	26	16	11	3	53	11	18	
6	20	13	36	10	51	12	16	18	59	7	53	14	5	19	56	0	38	
12	5	15	53	2	51	0	34	5	16	16	19	18	62	14	30	19	59	8	29	4	40	11	48	
16	12	19	17	8	6	7	11	4	43	
0	27	1	15	4	13	15	32	18	26	6	11	13	57	3	5	5	34	11	54	
18	60	17	8	6	12	3	24	11	71	5	28	16	74	
15	34	19	48	10	1	18	14	16	19	3	52	14	62	7	3	13	43	1	73	
6	40	16	45	9	65	17	47	5	28	15	31	
9	54	12	53	7	20	15	49	10	52	19	42	5	7	16	15	
4	56	2	50	7	14	8	37	14	35	0	42	16	7	
0	3	8	48	16	74	12	72	1	15	4	7	3	35	7	26	17	69	
15	72	6	73	7	10	4	54	13	67	1	31	8	7	2	5	3	33	
13	30	0	4	14	65	19	25	1	36	5	2	7	11	17	68	11	6	2	20	15	39	
8	59	6	13	10	42	11	56	4	72	2	9	3	41	0	21	
11	16	14	38	19	33	12	9	1	3	6	68	16	40	2	62	
3	15	9	16	15	57	18	65	0	36	11	29	
17	48	18	46	11	35	9	3	2	12	5	69	
15	69	7	18	2	58	0	59	3	56	4	4	10	75	9	40	8	29	14	13	
0	15	10	52	9	75	3	41	15	43	11	53	1	35	13	8	4	56	19	9	12	40	16	71	
17	56	3	63	1	48	6	26	18	5	4	11	
7	38	9	62	3	61	13	9	16	44	
5	29	10	69	7	61	16	15	0	64	13	34	8	54	2	72	
18	62	2	28	1	49	16	19	10	51	
8	66	15	39	9	49	5	14	19	30	7	50	0	65	13	74	18	25	
11	45	2	39	19	75	4	9	9	56	12	63	0	41	18	72	13	22	
18	47	5	41	11	16	8	6	7	66	0	54	3	69	4	67	
12	15	8	26	5	47	11	27	17	36	2	10	6	19	4	21	13	46	
10	24	15	35	6	34	3	5	18	64	19	51	16	2	
4	14	1	72	14	12	19	20	10	60	
10	63	12	65	7	32	15	67	0	1	13	18	11	50	9	71	8	62	
3	59	13	73	5	1	7	24	2	67	
10	34	11	68	19	40	17	27	5	67	14	12	6	13	0	7	1	29	3	73	9	15	
0	1	7	33	12	65	14	38	6	75	13	25	5	39	18	55	15	52	
18	54	11	17	1	66	7	26	3	21	15	50	17	7	10	63	14	55	4	14	8	49	0	5	
10	72	15	28	14	21	3	14	1	11	17	51	9	67	13	6	18	66	
16	25	3	3	15	6	2	5	18	18	
11	43	3	10	13	18	17	62	15	20	
10	66	16	73	1	48	5	50	14	64	11	24	
19	71	14	61	0	10	16	18	2	7	1	35	8	44	11	40	5	30	10	62	6	25	
4	15	1	54	11	17	17	71	14	48	5	47	
18	72	1	68	12	70	9	11	2	75	19	29	13	64	0	54	8	5	
9	16	10	37	5	20	18	30	0	35	
19	39	1	17	3	24	18	70	16	55	9	27	12	40	
12	2	17	44	4	1	19	75	3	39	9	20	13	31	1	64	10	61	7	11	
9	20	8	55	3	44	2	54	6	49	13	61	5	12	7	63	14	30	19	1	11	57	
8	42	2	25	5	19	1	35	18	18	6	20	10	33	7	62	
11	45	0	68	9	51	13	70	17	64	7	33	
5	67	14	53	13	13	10	68	2	40	18	59	7	61	12	45	16	51	
17	16	7	28	4	1	12	67	11	23	2	50	16	51	10	55	
4	47	15	74	19	44	11	13	8	7	1	39	12	48	17	15	9	71	7	63	18	60	16	32	
19	10	13	62	6	6	1	23	14	1	
11	15	9	60	2	40	10	5	0	45	16	28	
16	1	2	11	15	59	14	36	9	40	6	52	
2	70	5	46	6	63	18	66	4	54	16	4	17	74	19	41	8	19	3	1	14	69	11	75	
16	67	6	15	5	2	1	33	8	57	18	60	14	43	7	74	
5	8	14	51	10	71	12	67	8	18	6	20	16	29	0	55	13	31	7	23	2	21	11	7	
17	34	0	63	13	15	11	46	3	1	2	26	18	36	9	68	6	60	
13	68	8	33	1	27	2	25	14	71	12	69	18	46	10	1	11	32	
19	66	17	27	13	64	4	58	16	57	3	55	
2	54	5	21	7	34	6	53	11	25	
5	54	18	26	14	35	4	68	1	8	
14	10	19	7	8	63	11	30	18	28	13	4	12	18	17	70	6	58	0	67	16	2	
8	10	10	20	16	64	11	53	0	23	
8	8	0	75	9	26	14	10	13	66	18	20	
17	58	1	31	3	46	14	15	10	27	9	33	11	60	16	17	2	51	18	13	15	75	13	67	
1	45	19	64	10	8	4	30	3	71	11	5	
18	50	14	49	8	75	10	3	17	32	1	24	9	26	0	39	2	20	
3	60	13	17	16	43	12	22	11	71	0	34	2	40	
19	64	11	45	14	50	9	1	10	48	18	49	7	60	
19	18	4	33	17	31	2	52	10	4	12	21	15	6	13	62	
14	4	11	43	12	15	17	25	6	11	16	75	7	31	8	42	9	72	3	14	
19	21	12	65	5	33	18	58	15	20	3	26	1	67	
5	14	7	52	6	4	11	73	12	19	4	26	9	55	0	61	1	28	13	29	
11	10	19	54	12	9	17	49	8	23	1	8	14	28	15	51	18	66	7	16	
10	44	0	41	8	60	19	16	15	30	17	61	3	68	11	73	14	27	6	59	12	3	9	52	
2	62	19	8	17	72	9	16	13	4	11	9	7	1	4	31	
3	17	19	45	15	63	2	26	12	41	1	36	11	51	13	10	7	69	17	38	5	6	0	16	
9	60	16	21	12	54	10	61	13	19	18	24	
18	52	11	29	4	9	14	13	8	19	9	8	17	3	10	55	3	27	12	23	16	48	19	6	
10	37	8	40	17	47	2	53	11	73	0	65	
17	50	14	24	15	67	13	55	7	38	4	21	10	6	18	41	8	53	11	65	3	35	16	3	
3	34	16	4	19	41	12	49	0	19	9	47	6	64	17	45	
15	73	10	74	6	25	16	32	4	30	19	70	11	52	
16	35	18	51	8	10	6	50	15	60	
0	1	7	70	18	52	1	8	14	53	2	9	11	58	13	13	8	42	16	47	
3	51	0	26	4	64	17	46	19	63	2	1	12	19	1	67	
5	24	2	37	6	23	18	53	10	73	14	74	4	2	13	9	1	72	11	40	0	41	3	22	
4	23	11	53	0	38	8	56	1	32	6	27	19	25	5	58	10	48	13	29	17	50	14	3	
11	66	14	44	10	16	3	37	17	6	
6	3	13	16	12	21	19	42	10	14	0	40	
15	38	17	12	3	23	2	16	10	32	
18	62	4	35	16	9	15	33	17	55	

All component type numbers for each job to be processed by MFPM
6	16	8	24	0	3	
9	22	3	3	
7	18	0	3	2	25	3	16	9	15	
9	10	4	14	0	3	
1	13	9	1	6	8	8	14	
9	9	0	8	
6	9	2	7	3	3	7	24	8	11	
9	6	5	4	2	25	1	16	7	11	
4	14	5	6	6	22	
9	13	8	19	
8	6	0	12	9	21	7	16	4	24	
5	10	3	6	7	9	0	3	6	19	
7	10	5	14	
1	20	2	8	8	1	5	9	
6	13	
3	8	
9	4	
0	5	1	9	2	19	6	24	
9	10	6	20	1	5	5	19	8	22	
4	19	3	23	1	18	0	24	
1	1	5	12	
1	9	
2	8	3	21	4	20	8	19	5	14	
4	1	7	21	0	6	8	11	
8	8	2	16	
6	6	
4	21	9	20	
7	17	3	25	0	15	
8	5	4	13	
4	23	8	7	6	16	
6	23	2	21	5	16	1	6	
1	3	3	12	
7	25	4	23	2	1	0	9	
0	11	2	13	6	9	9	10	8	22	
8	21	
9	6	1	19	4	17	7	5	2	12	
2	24	0	8	3	3	
8	20	4	12	
5	5	8	20	4	24	0	1	
0	4	1	6	6	15	4	5	
6	4	5	9	
8	22	6	12	0	13	5	15	
3	21	2	3	1	18	5	6	0	25	
6	25	7	22	1	15	
6	12	4	3	
5	6	2	20	9	7	
6	2	9	23	2	9	
4	5	
2	5	3	21	
8	22	7	10	4	17	
2	25	1	18	4	15	3	4	0	16	
9	13	1	25	6	21	2	9	
1	1	0	21	
6	3	
3	16	0	7	2	2	
5	23	
0	24	1	22	
6	7	4	13	7	21	
7	14	
3	18	7	11	2	17	8	24	0	5	
2	10	7	15	8	16	3	21	9	22	
6	23	5	17	
1	18	7	7	8	21	6	17	4	3	
4	5	8	18	0	12	
0	2	2	3	9	13	7	8	
5	15	3	4	9	5	2	18	8	6	
3	14	5	24	8	19	
2	7	9	14	3	12	
0	6	5	8	4	7	
7	19	
9	19	6	1	
6	21	
0	13	6	20	3	25	9	19	2	22	
9	20	8	10	7	9	2	5	1	12	
4	8	1	2	6	16	7	13	
1	10	6	24	
8	7	3	5	7	13	
9	6	8	11	
1	21	0	23	
5	6	7	16	1	9	6	21	8	10	
5	24	4	5	3	8	
9	8	6	7	8	10	
5	18	3	14	1	6	
4	13	0	3	9	5	3	9	6	2	
6	4	0	18	2	2	8	11	9	7	
4	19	
6	25	2	3	
8	2	4	10	6	3	9	7	1	21	
3	3	7	25	0	23	2	15	5	22	
9	24	6	10	4	6	3	11	5	8	
9	5	8	12	1	3	
1	7	7	5	
3	10	
8	11	9	25	
0	24	6	9	9	15	1	11	
4	2	5	6	3	9	
0	20	5	9	2	4	1	8	6	13	
2	17	9	15	0	23	5	16	
8	12	
7	22	8	18	6	14	

Three processing times per job on each machine
The best scenario
90	64	
291	458	
55	168	
55	43	
30	37	
227	240	
38	31	
200	142	
153	172	
492	282	
313	511	
389	218	
308	327	
59	50	
106	125	
256	280	
312	186	
322	124	
211	218	
47	111	
38	157	
65	65	
312	177	
227	313	
49	80	
69	98	
180	340	
57	199	
266	493	
366	105	
182	270	
102	124	
314	233	
75	65	
334	116	
299	90	
64	47	
53	76	
269	368	
144	111	
226	79	
98	84	
27	30	
341	445	
147	105	
56	74	
53	18	
82	151	
27	22	
449	296	
212	95	
85	107	
74	114	
22	32	
214	309	
154	302	
56	173	
74	98	
57	180	
12	57	
220	100	
79	354	
89	89	
73	135	
189	116	
31	58	
53	176	
92	55	
61	56	
138	138	
208	169	
101	92	
59	147	
153	295	
243	111	
74	29	
121	304	
150	70	
258	272	
84	156	
297	90	
38	18	
49	54	
40	112	
122	81	
29	40	
106	252	
82	174	
111	145	
87	105	
344	179	
162	144	
185	167	
215	127	
174	77	
306	126	
180	164	
228	217	
81	324	
94	249	
Most likely scenario
109	77	
493	469	
104	170	
82	72	
31	59	
294	314	
65	60	
383	212	
268	331	
543	469	
410	556	
436	229	
360	356	
69	53	
204	172	
375	286	
464	291	
562	172	
263	232	
93	163	
57	176	
94	104	
389	288	
321	492	
92	100	
70	105	
189	424	
105	269	
459	563	
403	128	
212	444	
120	244	
329	273	
117	113	
420	224	
346	125	
102	49	
66	87	
271	465	
194	151	
380	157	
104	136	
35	36	
550	455	
162	142	
81	81	
68	24	
147	183	
34	32	
499	384	
233	126	
146	189	
139	115	
36	61	
325	337	
274	356	
77	200	
83	143	
72	269	
24	67	
299	102	
140	423	
159	117	
117	179	
272	197	
32	61	
73	180	
107	72	
121	88	
169	189	
238	203	
180	103	
62	165	
165	301	
247	204	
85	52	
128	370	
202	88	
312	293	
159	299	
299	153	
57	21	
96	62	
67	222	
173	140	
40	46	
182	360	
161	216	
125	146	
111	194	
370	277	
299	281	
214	296	
284	179	
179	108	
385	239	
197	301	
306	300	
143	382	
142	274	
The worst scenario
145	105	
712	522	
145	188	
106	91	
44	79	
376	353	
67	64	
534	227	
343	416	
795	703	
609	672	
445	303	
399	393	
97	56	
216	238	
390	373	
510	333	
777	215	
360	269	
125	242	
58	242	
115	111	
473	359	
364	639	
95	119	
86	133	
269	566	
140	306	
664	653	
444	140	
247	625	
150	279	
475	350	
167	157	
467	261	
517	186	
120	54	
79	111	
330	607	
227	226	
532	207	
129	186	
38	37	
776	558	
165	187	
96	120	
91	34	
213	244	
42	43	
589	486	
238	171	
215	224	
200	165	
40	77	
474	467	
394	423	
98	296	
90	165	
87	394	
28	96	
345	150	
153	532	
217	131	
139	191	
341	281	
45	84	
106	183	
147	88	
176	130	
192	263	
288	302	
219	115	
66	187	
228	350	
327	290	
101	75	
130	530	
287	128	
338	295	
163	392	
383	158	
60	24	
98	91	
100	244	
200	184	
46	54	
191	456	
200	308	
161	210	
115	199	
375	370	
412	349	
232	346	
408	240	
267	153	
566	286	
234	400	
454	388	
183	400	
203	373	
