Factories	6	Jobs	50	Machines	3

Total number of component types per job processed by HSPM
7	6	9	8	11	9	5	5	5	7	5	9	6	7	10	10	5	8	6	6	6	7	6	8	12	5	11	10	12	9	10	5	5	10	8	12	5	8	9	8	5	11	11	7	8	12	7	6	8	11	

Total number of component types per job processed by MFPM
1	4	5	1	4	2	2	1	4	4	1	1	5	2	2	2	1	3	1	4	4	4	3	2	2	1	5	4	4	1	3	2	2	3	5	5	5	1	1	3	1	2	5	4	3	1	3	4	2	2	3	5	2	4	1	4	1	4	3	4	2	3	2	4	2	3	4	2	1	1	4	1	4	3	4	3	5	5	2	1	3	5	1	3	5	5	1	3	1	2	4	3	3	1	2	3	4	1	1	2	

All component type numbers for each job to be processed by HSPM
9	75	5	43	10	48	12	55	2	69	1	40	19	72	
3	63	11	46	8	56	4	31	15	54	1	58	
3	45	17	22	18	14	11	7	12	6	0	42	13	31	1	29	8	3	
13	58	8	43	15	37	4	42	14	15	7	46	9	71	12	2	
18	68	19	13	1	59	17	5	14	47	10	51	2	33	6	17	7	62	4	35	5	46	
4	61	15	45	5	50	1	62	6	39	17	31	18	35	14	65	16	33	
13	47	12	31	19	69	18	73	10	50	
14	72	16	55	11	35	12	10	5	25	
8	46	2	57	18	31	19	59	14	53	
10	12	16	35	0	25	15	17	19	28	7	56	14	60	
17	16	15	11	16	73	3	75	4	69	
7	10	15	66	17	20	4	70	16	54	6	6	5	37	14	59	2	72	
7	16	2	31	0	20	9	3	11	41	14	28	
9	56	17	34	1	25	3	15	16	65	6	74	18	38	
19	12	16	47	8	63	18	56	10	10	2	73	9	43	5	7	17	35	11	21	
1	65	4	38	14	59	2	68	17	10	12	36	9	18	8	1	7	48	10	43	
14	20	18	56	19	67	6	31	15	49	
9	15	4	40	12	26	16	23	18	36	19	10	10	49	5	64	
7	67	5	30	16	20	11	38	18	49	15	74	
16	30	6	10	4	11	18	3	5	29	7	44	
19	72	3	50	15	58	16	71	0	55	7	42	
2	34	19	65	3	51	18	4	16	49	9	9	14	41	
15	47	11	36	18	61	13	43	8	19	12	68	
0	3	9	32	11	70	7	41	6	10	14	58	16	38	19	54	
3	12	15	62	18	3	16	20	11	54	14	59	5	6	7	63	10	32	12	55	17	53	9	58	
13	26	16	69	2	59	14	70	19	19	
3	63	8	5	13	55	9	41	14	19	16	35	7	47	12	3	4	32	15	48	2	44	
16	54	1	69	15	57	10	10	19	44	8	35	17	56	13	15	14	26	5	65	
18	66	11	45	15	15	1	10	19	4	14	20	16	24	5	41	4	74	6	70	12	68	13	46	
15	45	0	62	8	7	1	17	14	14	4	20	18	9	17	65	19	48	
19	3	2	56	6	72	14	33	0	45	1	26	11	11	15	39	10	69	16	27	
0	24	19	30	6	73	8	49	4	32	
14	68	19	74	13	27	16	72	6	64	
18	26	10	69	5	43	19	6	4	8	8	44	2	24	17	4	9	66	15	72	
12	66	0	59	6	48	14	65	5	4	19	55	7	57	13	46	
6	28	15	27	7	55	12	65	5	3	4	45	11	48	1	2	18	17	14	9	17	26	3	59	
18	49	15	24	4	11	13	9	7	23	
11	25	0	21	9	10	6	23	1	66	5	35	13	16	2	38	
6	4	15	23	3	75	11	11	5	57	0	10	2	16	12	39	1	52	
7	75	15	62	19	55	4	24	18	43	3	34	17	6	13	50	
4	69	19	62	8	5	9	47	10	15	
15	31	10	19	14	24	3	17	6	55	7	73	0	60	13	69	17	10	5	33	19	62	
15	55	12	63	11	37	9	30	5	43	6	7	10	5	8	17	0	3	1	6	7	53	
17	29	12	5	8	53	11	23	1	74	5	19	6	46	
15	63	2	48	12	64	3	31	5	30	14	54	7	33	0	9	
12	11	2	44	5	20	7	73	16	23	4	24	14	30	3	71	8	52	6	70	17	47	0	60	
4	42	10	48	2	38	18	69	14	4	3	75	17	16	
18	32	15	64	4	26	12	43	0	7	6	67	
8	35	6	8	15	57	4	66	13	52	1	50	10	2	11	5	
9	1	12	28	15	47	10	43	7	59	3	63	14	30	8	49	5	52	13	34	0	2	

All component type numbers for each job to be processed by MFPM
4	20	
9	36	6	38	2	49	1	46	
1	23	8	12	3	9	5	11	7	4	
8	44	
5	20	9	8	7	24	2	16	
7	45	2	49	
7	7	0	10	
1	39	
6	23	4	9	7	1	1	2	
3	36	8	31	2	49	0	35	
6	20	
7	32	
0	12	4	5	1	1	8	17	2	6	
9	46	0	31	
5	6	6	3	
7	42	1	39	
0	23	
7	48	0	37	5	26	
4	10	
2	31	0	44	3	39	7	41	
9	8	7	7	8	10	4	4	
8	38	0	47	3	33	1	29	
2	14	4	1	6	2	
6	48	7	44	
6	20	0	8	
4	50	
2	8	6	9	5	19	7	13	8	14	
0	47	9	29	1	28	3	39	
1	15	7	19	6	23	4	10	
0	26	
3	21	7	2	2	9	
7	44	1	48	
3	19	4	1	
5	42	2	26	1	41	
4	21	0	23	6	19	8	20	7	14	
7	26	3	46	2	34	6	37	1	28	
7	2	3	3	0	21	5	5	8	20	
4	49	
8	19	
4	32	6	26	1	50	
9	23	
7	38	9	45	
8	4	0	5	5	21	1	19	7	18	
7	40	2	32	6	39	5	30	
6	13	3	7	8	6	
3	30	
2	9	6	12	1	6	
1	27	9	44	5	31	6	49	
8	10	1	9	
4	37	8	39	
2	9	5	16	9	1	
6	31	7	38	9	42	2	44	3	30	
1	2	4	5	
4	46	9	28	8	38	7	40	
4	3	
9	27	6	49	7	37	0	48	
6	5	
1	29	7	35	2	28	3	40	
5	22	4	11	0	9	
0	48	8	42	9	26	3	40	
1	7	9	18	
2	34	7	43	0	35	
8	25	1	12	
6	27	1	45	8	26	7	28	
4	7	7	12	
1	37	0	40	2	35	
1	7	5	10	9	1	3	25	
4	42	0	37	
2	23	
0	47	
5	17	0	3	2	11	3	5	
8	47	
3	3	9	16	5	17	1	24	
8	32	9	47	6	36	
8	11	3	4	4	5	6	13	
1	32	2	42	9	38	
2	22	3	11	7	18	6	13	8	14	
2	35	4	46	6	31	8	38	0	32	
5	19	8	18	
0	28	
9	10	4	16	0	19	
8	45	6	44	1	37	3	34	5	30	
7	2	
7	45	5	31	8	28	
3	16	7	4	5	18	0	17	1	3	
4	32	5	36	1	26	2	43	0	34	
3	16	
4	35	5	37	9	40	
1	12	
0	44	9	36	
5	25	9	9	1	24	7	1	
4	38	9	44	8	35	
1	21	6	11	2	4	
3	48	
8	9	2	10	
5	50	0	32	7	34	
0	1	8	6	5	24	7	5	
5	33	
5	4	
3	31	4	36	

Three processing times per job on each machine
The best scenario
841	277	471	
182	45	125	
153	248	444	
215	216	76	
583	170	108	
1115	316	1095	
465	276	156	
427	336	1255	
243	436	465	
755	907	886	
784	923	517	
499	444	285	
488	330	524	
130	408	324	
394	428	197	
296	361	390	
97	254	87	
279	100	444	
167	550	160	
664	491	904	
175	239	75	
544	769	803	
147	620	210	
363	174	629	
291	345	547	
279	1004	967	
273	174	685	
89	139	235	
768	681	616	
885	642	907	
267	359	248	
328	620	493	
650	272	219	
816	166	792	
152	273	150	
346	300	148	
143	202	325	
673	406	519	
648	807	519	
284	167	298	
121	203	472	
263	271	580	
717	379	394	
204	210	346	
171	298	171	
395	921	364	
211	248	384	
312	203	163	
156	451	385	
152	62	169	
Most likely scenario
1079	408	807	
188	72	161	
218	383	543	
289	272	101	
631	214	216	
1179	398	1258	
502	471	212	
503	620	1543	
468	868	628	
1076	1311	1141	
1507	1496	1017	
686	717	414	
615	578	696	
188	496	597	
517	450	264	
525	543	676	
146	315	153	
502	193	525	
293	604	243	
969	644	1112	
207	268	132	
1074	1411	934	
283	661	212	
401	337	742	
399	555	616	
466	1481	1231	
285	299	821	
100	181	290	
902	1238	695	
1382	728	1196	
471	460	337	
330	627	784	
651	451	386	
860	301	870	
269	412	235	
578	522	225	
239	377	374	
735	619	742	
986	853	796	
389	205	433	
208	207	598	
521	272	703	
829	382	683	
365	380	666	
334	355	233	
519	1022	534	
295	256	466	
389	317	185	
252	621	501	
266	111	336	
The worst scenario
1531	532	815	
208	107	217	
273	489	639	
409	296	142	
835	244	281	
1503	573	1283	
690	545	237	
538	852	2071	
538	1057	942	
1193	1355	1398	
1658	1554	1246	
774	1006	513	
915	731	964	
259	713	687	
583	550	396	
728	608	910	
195	430	210	
745	205	780	
405	631	265	
1410	687	1134	
263	302	155	
1405	1967	1150	
297	900	217	
428	424	1097	
412	692	718	
525	2192	1744	
397	368	1117	
148	246	324	
1127	1441	810	
2049	1001	1498	
528	593	446	
464	826	1062	
788	452	470	
1138	395	953	
279	594	272	
606	571	274	
344	431	424	
940	860	1082	
1137	1068	958	
541	291	490	
304	235	624	
551	286	1009	
1131	403	838	
421	439	687	
345	463	325	
726	1241	742	
300	363	498	
457	383	193	
256	658	654	
314	160	459	
