Factories	5	Jobs	100	Machines	3

Total number of component types per job processed by HSPM
7	10	5	9	7	9	9	11	10	8	5	6	6	11	10	7	5	9	5	7	5	12	11	5	7	9	7	12	11	11	10	6	9	5	10	10	11	8	6	10	9	12	9	8	5	10	6	10	9	9	11	11	5	7	8	12	5	11	9	11	10	9	10	11	8	5	11	12	8	11	5	12	7	6	12	6	7	8	5	11	12	10	9	6	9	12	11	11	12	7	6	11	8	9	10	9	10	9	9	9	

Total number of component types per job processed by MFPM
1	3	2	4	3	5	1	1	1	5	2	2	3	1	1	1	2	1	2	1	4	4	3	5	4	4	5	1	3	4	4	3	1	5	4	4	3	2	5	4	3	4	1	4	2	3	5	2	5	2	4	4	4	3	3	2	4	5	5	4	2	3	4	3	5	4	4	2	1	5	2	3	2	2	2	5	4	1	4	4	3	3	2	1	3	3	1	3	5	5	2	4	5	1	3	5	1	1	3	3	1	3	3	5	4	1	4	1	3	3	1	3	1	5	5	5	5	1	3	1	2	4	3	2	1	3	1	5	4	1	1	5	1	4	5	2	4	5	2	1	4	4	5	5	2	5	2	4	3	5	5	2	1	3	3	1	2	1	4	2	5	4	1	3	1	3	3	2	1	4	1	5	5	2	3	2	3	1	2	5	1	2	4	2	2	4	3	1	5	5	4	2	3	3	2	4	5	2	5	3	

All component type numbers for each job to be processed by HSPM
14	44	0	35	7	17	11	11	15	6	8	61	5	37	
1	24	5	10	0	19	4	65	12	40	9	70	6	34	11	5	16	2	15	12	
9	15	12	6	17	5	10	48	18	9	
6	36	7	27	9	6	13	53	12	38	8	58	10	10	5	21	18	69	
0	55	5	36	9	64	16	52	12	9	2	16	14	48	
5	67	14	59	11	17	3	72	19	32	6	45	2	50	10	37	16	20	
10	44	17	28	1	63	6	70	3	64	2	25	12	15	14	51	7	23	
13	14	4	33	2	22	8	61	15	68	11	2	17	5	19	66	18	16	0	46	7	7	
8	22	3	60	13	28	1	6	14	23	15	33	6	3	5	41	17	57	7	8	
19	60	1	55	0	10	6	75	13	22	11	47	7	14	4	43	
0	67	8	52	1	40	13	6	10	17	
17	68	8	58	18	19	5	49	15	61	14	24	
5	37	6	16	0	9	18	57	2	62	4	53	
4	59	8	57	7	28	14	20	19	23	9	68	5	67	15	61	3	1	12	25	13	71	
19	47	16	69	10	45	9	27	3	5	2	51	17	40	8	73	4	22	15	9	
7	29	9	3	4	4	1	30	0	40	10	43	16	15	
15	23	12	65	9	68	3	74	7	9	
12	32	10	61	13	30	18	29	15	42	11	11	9	4	16	2	7	5	
15	19	19	57	5	50	13	22	1	35	
13	75	18	11	19	31	10	59	16	32	8	27	5	34	
5	75	6	33	19	56	3	28	2	12	
19	18	2	43	9	27	18	36	4	48	3	53	14	75	7	10	10	70	6	58	11	4	16	47	
19	68	5	54	15	37	12	13	11	2	4	53	10	8	2	74	9	28	0	65	6	60	
3	51	15	11	0	9	17	42	14	5	
19	40	0	14	17	63	15	74	14	48	12	67	16	32	
15	24	5	70	4	40	7	27	17	29	10	74	9	7	6	58	11	48	
12	25	16	14	10	61	7	26	5	7	6	67	8	18	
3	59	18	26	8	28	13	62	9	9	15	25	0	68	4	29	1	16	7	2	10	42	19	72	
1	55	10	21	13	2	8	48	9	31	6	9	3	44	5	13	11	57	14	56	12	67	
16	61	0	40	3	6	13	36	5	23	4	59	19	20	11	32	15	10	9	25	14	49	
0	41	9	68	14	50	1	73	19	14	3	63	8	53	15	48	18	61	4	20	
15	64	11	51	0	5	19	66	16	19	6	38	
6	48	12	4	8	68	5	55	15	14	14	43	17	1	19	32	0	7	
3	17	4	3	2	41	0	54	11	68	
10	59	0	69	19	26	13	22	18	7	2	14	4	46	6	53	14	65	7	9	
0	71	8	28	1	54	16	40	5	52	18	15	4	17	14	50	11	36	9	61	
1	49	19	19	5	7	3	44	12	6	2	9	15	31	7	53	18	38	14	61	16	11	
15	65	18	51	11	74	17	24	14	67	6	72	10	63	19	49	
13	41	5	42	10	55	9	44	0	5	17	31	
14	55	12	63	2	29	4	65	9	43	17	11	6	47	7	56	8	32	19	30	
6	60	9	3	12	64	14	16	11	33	16	45	4	23	18	40	13	58	
2	52	10	13	9	23	5	51	19	74	0	3	14	67	6	65	4	2	7	48	8	22	17	4	
12	27	13	44	9	31	19	24	17	35	8	59	1	68	2	53	3	21	
11	62	8	26	16	40	10	12	13	35	0	15	14	28	1	30	
13	24	16	35	6	60	8	38	14	40	
5	60	15	8	7	22	11	74	6	37	4	51	3	1	16	5	2	53	9	56	
6	13	1	21	8	35	12	9	2	59	17	34	
16	65	13	29	2	52	10	43	6	56	3	74	14	19	11	1	4	5	18	37	
8	66	7	75	10	60	17	19	2	58	1	10	3	23	4	27	18	42	
13	67	18	37	11	1	8	29	3	56	16	19	5	44	14	69	17	10	
14	61	15	73	3	7	9	5	10	24	4	65	17	50	2	12	12	68	11	29	19	53	
6	43	11	24	19	71	0	34	17	56	16	52	5	12	10	28	18	4	14	40	4	54	
3	61	12	21	0	44	19	16	2	19	
8	49	15	15	3	9	6	70	13	50	11	26	4	40	
4	23	18	19	13	75	14	45	3	46	1	60	5	4	15	22	
12	21	0	8	18	58	17	70	3	37	14	42	6	17	5	19	10	62	2	38	4	61	7	11	
13	32	0	34	3	68	10	40	19	59	
19	34	2	7	18	41	17	53	4	45	6	62	11	5	16	39	10	3	0	6	1	36	
14	47	3	41	15	15	9	72	18	7	2	22	0	64	10	24	13	26	
19	41	9	56	5	31	0	38	15	40	4	17	16	65	8	30	2	58	10	34	1	33	
16	75	4	59	17	4	6	35	7	34	15	48	11	27	14	5	1	44	19	15	
14	65	16	21	15	35	3	15	18	57	6	28	8	9	17	39	7	24	
5	45	15	5	13	22	6	35	18	21	7	32	16	71	14	63	8	69	11	3	
18	40	2	51	5	74	14	60	17	31	9	29	11	75	13	12	7	17	4	24	15	48	
14	9	2	69	11	65	6	61	1	20	17	22	8	64	10	56	
17	38	8	18	9	41	6	68	3	35	
6	39	12	44	4	1	8	62	15	37	13	35	1	16	0	3	19	73	11	26	2	24	
10	10	7	68	5	47	16	17	14	33	15	54	1	31	8	63	17	61	2	4	9	72	3	73	
2	17	5	9	1	66	16	36	4	73	14	43	12	40	13	71	
17	32	14	31	0	66	18	68	2	57	8	61	6	40	4	64	12	56	13	72	9	13	
3	29	2	52	4	66	11	45	9	5	
1	32	10	65	13	70	16	72	9	71	4	11	11	41	8	13	0	60	18	39	15	28	19	69	
1	50	19	49	13	63	15	32	4	1	7	10	3	9	
10	36	9	63	19	57	18	38	4	12	7	2	
0	59	12	47	18	18	19	15	7	25	15	4	3	45	2	41	17	37	8	58	16	71	1	14	
15	10	17	64	7	35	0	18	12	25	6	48	
19	21	9	57	16	8	15	49	4	56	6	48	11	12	
5	46	11	6	18	35	17	70	4	37	0	61	10	32	15	11	
0	10	11	15	7	23	6	60	16	53	
13	18	10	38	0	58	16	63	11	61	2	44	6	53	17	40	15	52	12	49	5	2	
15	51	3	50	12	58	1	48	14	32	8	37	4	31	17	62	2	23	7	57	10	47	0	14	
8	35	1	16	11	31	19	52	10	50	5	60	2	13	12	68	3	49	17	54	
16	51	5	43	1	52	18	48	14	58	2	23	6	71	7	21	0	5	
7	22	14	62	15	74	3	57	2	69	8	12	
4	64	12	30	6	62	0	39	18	7	8	12	17	23	3	63	11	66	
3	8	19	67	17	49	8	41	15	28	5	65	10	32	4	30	1	68	9	53	11	61	6	33	
3	51	19	10	7	67	10	15	6	28	11	5	1	40	4	38	16	2	13	72	18	1	
16	14	1	75	14	27	4	68	17	15	18	8	12	9	2	70	8	38	7	37	19	2	
13	12	14	45	10	68	0	28	11	31	4	8	5	9	1	54	7	13	2	21	17	50	18	18	
16	34	1	22	14	35	7	24	13	23	15	70	11	37	
2	46	11	5	0	44	18	19	16	36	4	28	
17	62	16	3	7	52	8	2	9	75	13	21	0	16	18	7	11	6	14	47	5	45	
13	23	0	20	18	30	17	71	3	7	8	2	6	5	9	16	
13	28	4	49	11	10	2	50	15	41	14	60	3	69	19	31	17	24	
11	8	12	13	7	69	3	21	18	37	9	10	1	72	15	53	8	50	4	70	
8	29	1	23	3	11	9	9	11	42	12	40	10	52	15	50	16	72	
10	52	8	44	7	24	12	13	0	18	4	20	13	70	14	28	9	16	3	51	
19	45	9	29	15	56	4	66	6	67	10	2	13	3	0	12	11	50	
9	70	11	68	1	37	7	13	16	35	0	53	4	8	17	51	2	39	
2	46	8	74	10	8	15	51	16	68	11	64	9	4	19	61	12	69	

All component type numbers for each job to be processed by MFPM
2	3	
9	31	1	41	6	46	
0	2	8	13	
8	36	5	49	4	48	1	34	
2	25	1	5	9	24	
7	28	4	40	2	29	8	41	3	48	
8	2	
3	36	
5	22	
8	42	5	46	1	29	2	32	7	27	
5	23	1	11	
5	49	7	39	
9	21	7	7	6	6	
1	30	
9	21	
9	29	
6	19	1	17	
8	46	
7	21	8	25	
7	28	
6	20	3	2	5	17	8	16	
5	38	8	48	9	30	3	39	
6	8	9	25	2	23	
8	45	3	38	7	30	9	46	4	31	
4	23	9	5	1	3	6	18	
3	39	5	29	6	38	1	49	
6	18	2	17	9	21	3	6	0	3	
4	50	
0	10	4	24	1	3	
1	30	6	32	0	49	8	47	
0	14	2	1	8	24	5	18	
5	35	4	39	1	50	
7	9	
7	42	4	29	1	27	0	43	2	28	
3	3	7	8	5	16	1	23	
9	49	4	40	6	45	8	28	
0	21	5	8	3	12	
0	36	7	27	
7	22	8	8	5	7	2	3	9	21	
9	44	5	36	1	41	3	48	
6	7	9	16	8	15	
8	50	5	35	2	45	7	28	
7	18	
9	34	2	41	1	49	5	50	
5	12	9	11	
4	47	6	34	5	46	
1	2	4	25	9	23	5	20	6	17	
2	32	7	35	
9	24	2	16	7	18	0	23	8	13	
2	41	5	49	
5	20	1	23	0	9	6	22	
0	37	1	45	9	43	8	48	
7	24	0	4	3	6	8	14	
8	48	5	40	6	44	
7	25	2	16	1	18	
0	31	2	42	
2	11	0	16	1	8	3	20	
5	39	3	47	7	33	8	35	0	49	
6	22	8	17	5	7	4	9	2	23	
4	46	1	38	0	39	7	47	
8	23	6	15	
8	33	4	40	5	42	
1	24	6	4	5	8	7	14	
8	44	6	28	1	37	
1	22	9	17	3	25	5	18	0	21	
8	50	9	39	7	41	4	37	
9	3	3	13	6	23	2	19	
3	28	7	37	
8	9	
6	26	3	35	0	44	4	46	9	28	
0	3	8	21	
3	27	9	35	2	43	
1	14	5	21	
8	42	5	44	
2	2	8	14	
1	43	6	46	5	30	7	44	3	50	
6	12	4	8	8	24	3	18	
1	32	
5	18	9	6	7	8	3	21	
6	43	3	37	7	47	1	29	
3	17	0	9	5	6	
0	40	2	50	5	29	
6	17	8	23	
9	39	
2	11	3	5	1	6	
9	26	7	37	6	44	
7	25	
4	32	5	38	3	31	
8	9	4	22	1	19	5	5	3	7	
4	48	5	29	0	33	3	26	8	50	
8	16	1	1	
4	31	8	40	5	29	2	26	
0	14	9	9	7	15	3	22	4	2	
2	26	
8	2	9	9	6	11	
4	48	1	41	9	32	0	29	2	33	
9	23	
5	35	
1	10	5	7	7	11	
8	44	1	50	9	45	
7	20	
4	44	6	32	7	38	
2	16	6	5	9	6	
6	36	1	31	9	29	4	44	2	48	
5	25	8	24	9	3	4	18	
4	33	
7	23	4	24	9	19	6	16	
2	42	
4	1	8	17	3	3	
4	50	5	48	1	40	
1	2	
4	39	6	30	7	47	
6	17	
0	43	5	37	6	42	2	44	7	26	
7	15	2	6	8	11	3	23	0	13	
1	30	9	26	0	37	4	31	7	45	
0	18	6	10	9	2	1	8	8	11	
9	36	
0	8	6	2	7	16	
1	37	
7	25	8	16	
3	34	6	27	8	48	4	42	
3	22	2	5	0	20	
3	35	4	36	
5	6	
2	40	0	48	5	35	
2	9	
0	40	2	37	3	29	4	28	6	30	
3	11	1	22	0	2	9	4	
9	39	
0	20	
4	42	8	48	2	34	1	26	9	49	
6	20	
1	44	2	28	7	33	6	27	
8	18	3	5	0	8	5	9	6	21	
1	32	3	47	
5	14	3	18	7	25	1	11	
0	47	5	49	8	26	2	34	6	48	
2	5	9	1	
9	42	
8	19	1	3	2	15	0	24	
0	26	7	42	5	28	9	43	
0	13	7	4	5	8	8	18	2	6	
2	42	8	37	3	40	7	36	6	45	
0	9	4	5	
3	28	0	38	5	42	8	35	4	27	
3	5	4	4	
3	32	0	33	9	48	1	41	
0	14	5	6	2	20	
7	48	5	30	8	43	1	46	0	34	
7	11	5	21	8	18	0	4	4	14	
3	34	5	26	
6	9	
7	38	9	37	1	45	
2	12	4	8	8	3	
2	43	
5	13	3	7	
2	42	
8	18	6	11	2	7	0	4	
8	36	0	26	
1	15	6	21	3	3	4	13	7	23	
0	41	9	45	2	43	5	30	
0	19	
2	42	9	47	6	30	
2	24	
5	38	8	48	2	44	
5	12	7	3	3	22	
4	38	8	41	
5	10	
1	45	6	50	0	37	7	33	
1	7	
5	35	7	33	9	34	6	30	4	41	
2	19	1	11	4	4	8	23	9	1	
5	48	8	28	
9	14	5	10	2	23	
4	40	6	36	
1	16	6	21	2	2	
1	37	
6	22	7	3	
4	44	6	40	7	50	5	45	8	38	
7	16	
6	48	9	50	
9	24	3	1	5	2	0	10	
6	33	4	49	
2	9	3	2	
5	41	3	31	8	37	7	38	
6	5	2	10	5	25	
2	50	
0	13	1	1	7	3	2	4	4	16	
9	35	6	31	2	45	4	42	0	49	
9	5	1	2	0	12	6	8	
7	35	1	27	
7	5	5	13	6	1	
7	40	1	27	3	50	
8	20	5	1	
2	28	7	47	1	32	0	35	
6	20	9	7	3	21	0	18	8	15	
8	26	4	41	
8	21	4	25	1	2	7	13	9	16	
0	37	2	39	1	49	

Three processing times per job on each machine
The best scenario
874	493	241	
193	212	261	
792	307	806	
336	259	577	
406	369	830	
177	368	259	
226	144	233	
189	441	228	
772	613	1051	
184	243	605	
569	256	611	
352	196	271	
684	697	427	
157	93	70	
815	641	436	
488	274	448	
841	593	521	
201	364	278	
393	806	866	
584	883	468	
426	583	170	
334	716	765	
416	504	586	
297	265	165	
183	164	165	
737	906	676	
216	805	606	
663	170	508	
773	965	1140	
296	184	1020	
202	226	86	
166	257	155	
685	239	535	
245	527	513	
188	821	344	
139	65	171	
792	248	819	
587	530	473	
95	143	43	
730	355	422	
434	280	113	
323	141	169	
141	223	176	
844	843	909	
241	736	253	
138	50	115	
155	125	181	
88	237	187	
850	245	734	
132	230	84	
486	782	612	
714	315	1441	
257	597	257	
150	337	205	
171	121	351	
593	615	390	
1041	827	689	
238	1275	464	
194	424	274	
482	864	1326	
851	380	478	
151	284	451	
92	184	139	
208	651	275	
83	115	50	
385	459	706	
574	355	750	
205	218	324	
756	853	413	
871	231	591	
355	630	200	
546	249	503	
1052	454	484	
399	215	134	
154	101	158	
859	583	680	
469	593	197	
302	151	186	
586	825	531	
882	694	702	
192	740	259	
187	352	222	
495	470	1204	
741	428	649	
322	526	162	
248	358	351	
171	501	242	
99	183	208	
492	638	574	
867	588	245	
193	129	71	
171	199	59	
448	469	557	
694	623	335	
419	269	318	
170	164	63	
144	431	172	
975	675	560	
615	819	626	
260	771	306	
Most likely scenario
1263	601	383	
330	237	419	
867	454	1056	
416	306	916	
519	672	865	
181	424	345	
245	165	389	
350	610	324	
965	634	1102	
327	360	769	
644	384	749	
395	198	304	
1052	809	583	
225	154	84	
1030	696	550	
490	467	682	
1055	801	601	
309	554	361	
727	1392	1386	
645	1479	509	
443	718	270	
395	1156	1384	
558	865	871	
300	460	214	
229	250	257	
972	1159	685	
248	814	690	
920	317	888	
795	1094	1271	
530	266	1037	
286	405	167	
266	350	208	
766	437	593	
373	788	560	
376	886	645	
201	97	219	
1006	415	1320	
876	902	742	
156	188	61	
1082	520	690	
463	364	217	
439	262	231	
221	359	247	
992	1065	1310	
415	739	308	
147	87	119	
190	223	348	
157	288	287	
862	460	1250	
230	317	144	
967	1131	822	
1283	445	1451	
461	641	322	
216	481	396	
208	172	561	
763	986	516	
1439	1024	715	
364	1312	542	
205	438	332	
773	1408	1400	
958	749	799	
199	518	523	
125	194	198	
367	968	525	
87	162	76	
647	519	812	
725	710	970	
214	274	393	
1157	1127	691	
969	355	1001	
664	675	250	
845	343	674	
1072	707	488	
474	293	168	
200	112	170	
1006	1084	871	
530	655	311	
464	222	243	
1035	1088	778	
1016	1138	825	
338	979	367	
330	537	353	
850	490	1495	
1297	659	764	
359	662	307	
445	367	487	
297	539	276	
105	187	238	
539	1060	1123	
954	788	390	
241	220	125	
208	296	105	
856	908	738	
737	680	541	
469	491	381	
276	174	119	
273	469	276	
1143	1022	989	
667	936	739	
443	971	355	
The worst scenario
1614	891	541	
489	300	612	
1016	586	1524	
523	419	1312	
611	721	923	
215	569	367	
301	224	503	
494	682	375	
1437	726	1550	
450	532	813	
889	469	953	
566	219	393	
1103	1049	717	
247	172	106	
1441	895	777	
711	665	752	
1430	836	885	
386	756	485	
795	1681	1675	
848	1771	723	
467	920	341	
508	1682	1429	
653	868	1208	
444	585	314	
265	259	264	
1154	1388	883	
372	875	741	
1235	438	906	
1179	1108	1542	
794	285	1533	
321	578	219	
398	446	214	
1119	516	861	
484	854	668	
439	891	709	
212	115	261	
1067	446	1396	
970	961	864	
214	253	87	
1593	774	700	
537	480	247	
567	347	322	
223	414	316	
1281	1339	1373	
556	896	352	
214	88	138	
215	253	458	
232	416	309	
1159	596	1592	
338	402	211	
1075	1660	873	
1556	457	1985	
578	849	456	
301	590	459	
215	256	796	
820	1169	602	
1782	1073	772	
501	1490	631	
258	484	497	
858	1582	1824	
1243	1049	934	
267	629	693	
177	241	217	
464	1294	768	
103	230	80	
724	713	1160	
809	760	1069	
313	307	572	
1720	1609	1032	
1382	388	1210	
671	973	276	
1039	392	930	
1471	867	659	
550	364	250	
238	136	209	
1485	1308	1053	
701	838	338	
579	238	358	
1154	1267	1098	
1289	1341	1091	
507	1383	440	
401	733	500	
1198	688	2144	
1465	772	880	
389	744	352	
600	474	565	
333	565	322	
112	191	277	
739	1483	1327	
1165	1000	475	
288	328	153	
274	317	149	
898	932	930	
967	944	625	
697	713	559	
307	234	121	
369	531	315	
1262	1041	1290	
906	1296	947	
575	1428	530	
