Factories	5	Jobs	200	Machines	2

Total number of component types per job processed by HSPM
5	10	10	6	11	10	11	5	5	9	8	6	12	9	5	10	10	7	6	11	10	7	11	8	8	8	8	7	9	12	12	10	6	11	8	5	5	8	11	6	9	12	11	6	11	9	6	7	9	9	10	7	5	9	10	12	9	8	10	8	11	5	5	8	11	8	5	7	12	6	10	8	10	11	6	11	9	12	9	7	7	11	9	10	11	6	5	5	5	9	9	12	7	11	12	12	5	7	8	5	9	5	10	10	10	8	11	6	6	8	6	10	6	11	11	5	9	7	11	11	11	12	5	9	7	8	8	7	11	10	10	6	11	11	9	5	9	10	8	7	11	7	12	7	5	10	8	7	9	5	5	5	12	7	6	7	10	10	11	8	5	8	12	11	10	10	8	8	5	8	6	5	7	8	5	7	12	8	7	9	10	6	11	11	6	11	11	7	9	11	11	8	12	9	12	12	7	8	7	12	

Total number of component types per job processed by MFPM
1	5	4	1	2	5	5	5	3	2	3	3	2	2	4	2	4	2	1	4	1	4	3	1	2	4	4	2	1	4	4	2	4	2	1	1	3	1	3	1	1	3	4	3	3	2	5	2	2	1	4	1	1	5	3	5	5	2	3	4	1	4	3	3	4	5	1	4	5	5	2	1	4	4	1	3	2	5	5	1	2	1	3	3	5	3	3	2	5	5	3	5	2	3	4	5	1	2	1	4	2	3	5	2	4	4	1	5	1	1	2	1	2	1	4	2	2	3	5	2	3	5	5	2	1	1	5	5	1	5	2	3	1	3	1	2	4	1	1	1	2	3	4	3	3	2	1	3	5	5	4	1	3	4	5	5	2	5	1	3	4	5	2	1	2	2	2	2	1	1	1	4	2	4	5	1	2	1	4	2	4	3	2	3	3	3	4	3	5	5	3	3	5	4	3	5	5	4	5	3	

All component type numbers for each job to be processed by HSPM
4	57	19	35	3	29	10	61	5	34	
0	72	19	48	4	63	3	29	10	28	11	68	16	57	8	69	1	23	2	3	
9	8	10	16	3	45	4	58	1	46	17	37	15	29	16	5	8	12	7	11	
7	58	15	43	0	9	18	68	17	44	11	32	
16	12	7	49	19	15	14	58	4	57	1	47	6	70	8	38	9	44	13	45	3	63	
18	37	1	73	17	21	14	6	15	51	2	52	13	65	5	49	3	20	16	16	
1	26	11	23	6	38	16	12	15	57	0	55	7	34	13	69	3	68	4	74	18	18	
13	62	19	53	17	23	16	75	12	27	
19	32	3	30	2	35	13	37	7	13	
16	41	10	73	0	75	8	33	11	20	14	4	9	55	1	27	15	62	
16	73	10	20	4	65	6	46	12	44	8	2	13	45	19	71	
1	3	5	30	6	1	4	4	11	67	9	65	
7	50	8	16	5	32	2	3	15	4	3	64	12	11	19	60	11	27	9	44	10	39	17	68	
2	18	11	2	4	3	18	28	5	26	3	10	17	17	9	48	10	1	
7	63	15	18	14	23	18	73	13	55	
6	50	10	66	12	22	17	5	7	27	14	41	2	42	4	39	18	19	0	13	
6	57	14	71	4	34	7	54	3	70	16	56	2	20	12	73	18	37	11	26	
3	31	14	39	4	18	13	55	17	1	1	51	8	4	
7	57	4	24	16	61	2	16	15	5	14	40	
10	40	0	28	17	69	11	35	12	59	5	56	6	31	2	10	4	50	13	4	9	58	
16	73	4	12	8	25	10	7	6	10	5	8	19	67	13	39	0	36	18	24	
6	49	19	38	15	8	11	28	3	32	5	65	7	45	
7	9	13	39	0	17	2	19	8	34	9	7	4	40	18	58	10	45	1	44	14	43	
7	74	4	49	1	29	6	60	16	64	14	11	3	9	12	18	
11	7	14	12	7	62	8	42	16	46	1	43	4	28	13	54	
0	13	16	18	19	43	6	67	7	48	9	27	13	38	12	45	
14	44	12	69	7	64	19	29	5	24	6	20	10	39	0	21	
17	30	10	2	15	13	18	49	11	5	5	17	3	31	
12	39	10	48	9	16	6	19	13	73	11	55	4	36	3	1	5	10	
19	10	17	70	12	32	9	58	6	23	18	34	0	13	2	64	1	37	13	19	10	68	7	63	
12	14	15	73	17	47	1	48	16	2	6	16	18	41	0	43	19	66	7	74	11	9	4	42	
17	37	11	34	7	72	18	2	12	68	15	30	14	25	6	5	3	20	19	51	
11	61	2	21	16	28	4	41	12	17	14	57	
11	31	17	53	16	26	5	34	7	44	4	23	6	39	19	63	9	56	1	49	2	72	
4	26	16	46	5	16	13	41	10	71	3	24	7	43	2	64	
1	29	13	73	8	28	19	15	14	17	
5	31	15	55	16	38	1	46	2	70	
7	36	17	43	12	23	15	40	18	55	0	57	11	24	10	42	
10	22	14	19	2	59	13	29	11	21	0	65	8	1	17	60	1	24	7	64	12	16	
14	6	8	35	6	18	12	13	11	42	18	55	
7	24	17	37	18	58	14	22	15	55	1	29	2	74	16	32	6	16	
16	63	0	48	15	61	4	5	9	15	7	31	14	52	17	25	11	70	8	71	18	10	5	27	
9	50	18	66	2	28	0	60	6	5	19	72	5	35	13	71	10	69	1	14	8	21	
8	5	2	13	4	41	19	46	18	10	9	73	
2	1	10	10	0	38	13	51	3	34	17	68	9	56	19	43	14	30	8	21	5	11	
3	65	4	26	18	14	19	3	16	39	15	50	0	73	8	68	7	44	
15	27	4	9	11	19	12	64	17	11	19	59	
18	68	3	67	14	72	7	66	13	44	1	2	19	38	
6	54	11	50	1	70	17	7	5	36	7	29	16	22	10	56	12	9	
3	27	16	9	18	57	13	58	9	72	15	37	8	34	7	44	12	12	
19	38	13	6	16	73	12	1	5	20	11	75	6	15	15	36	9	23	3	71	
15	52	18	62	8	57	12	10	10	32	2	61	19	63	
11	22	12	53	10	66	9	23	6	57	
0	68	3	35	9	65	17	48	6	56	1	55	11	38	18	36	15	46	
14	54	15	55	7	62	1	65	8	68	12	43	4	7	13	63	19	51	16	5	
6	68	18	50	0	24	9	45	8	41	4	66	15	51	16	34	17	71	5	20	3	9	11	35	
9	62	7	46	19	74	8	14	18	16	6	75	0	43	10	58	4	22	
0	15	18	3	8	35	5	2	14	40	17	68	10	46	12	69	
16	30	10	53	6	43	2	50	12	54	1	5	11	42	18	1	9	71	19	38	
7	32	16	46	11	53	4	65	0	49	6	73	14	64	2	44	
19	46	8	39	0	33	13	42	17	27	18	29	6	56	10	1	2	5	4	68	3	45	
9	20	18	27	6	74	1	39	14	63	
8	29	7	49	17	20	16	15	4	65	
13	68	17	66	12	65	4	57	15	31	16	15	3	10	18	44	
9	75	14	67	0	19	5	57	8	28	18	16	1	48	6	62	10	45	4	40	19	23	
17	14	3	1	8	34	9	52	11	44	5	73	4	72	16	67	
5	27	14	35	2	19	19	10	8	71	
10	39	11	53	18	44	9	50	1	11	6	72	7	35	
19	69	5	29	11	75	16	40	7	31	4	6	14	65	2	37	9	47	6	12	1	42	12	28	
17	38	16	17	0	23	15	60	8	18	4	42	
8	10	16	42	10	28	5	69	18	7	0	63	11	2	7	16	19	44	3	37	
5	27	18	50	12	18	3	14	10	44	4	46	17	3	11	7	
14	70	15	15	10	21	19	74	0	33	9	9	2	1	7	51	18	67	8	71	
18	40	8	37	0	69	13	53	9	23	11	61	4	7	17	14	5	66	10	10	2	45	
12	4	5	20	1	35	0	51	6	23	14	7	
14	1	3	37	7	7	9	54	1	32	4	65	17	21	19	58	2	47	6	40	12	22	
17	32	19	33	0	47	13	42	5	59	12	52	15	27	9	55	6	67	
8	19	6	60	2	29	4	56	18	10	10	31	15	9	9	33	13	41	16	18	14	28	12	48	
6	22	1	16	8	55	5	7	9	44	16	67	17	32	14	72	12	30	
7	66	8	28	0	52	11	6	10	62	13	71	12	7	
16	56	5	7	9	60	3	34	8	23	10	36	11	11	
17	50	4	24	1	8	10	35	5	40	16	63	14	73	18	39	0	48	9	58	2	65	
12	53	19	59	0	27	2	49	17	24	5	26	1	25	11	65	18	30	
3	41	15	32	17	10	2	68	0	58	19	73	13	34	12	21	4	57	6	67	
6	34	15	21	17	35	11	48	4	73	18	36	16	7	1	18	5	16	0	23	8	51	
13	14	4	29	17	42	18	5	8	16	2	28	
11	25	17	33	1	7	14	55	16	58	
15	75	4	1	17	61	0	2	1	27	
2	72	4	5	10	74	12	67	6	18	
0	28	14	56	18	38	1	36	9	10	16	11	11	63	13	27	17	25	
6	53	4	8	17	51	1	55	9	3	0	36	7	18	11	69	19	15	
13	48	3	18	4	1	1	49	8	10	5	28	19	35	6	34	17	37	11	30	14	72	0	29	
13	24	14	53	4	73	19	29	18	26	10	75	7	57	
11	13	17	59	8	60	6	53	18	50	16	67	5	11	4	26	15	9	12	24	19	72	
16	54	14	36	11	64	2	71	5	24	19	15	8	22	7	66	15	39	3	60	12	10	6	55	
10	13	2	62	18	45	19	5	13	60	7	63	9	35	3	36	14	26	6	46	5	41	0	30	
2	51	7	3	0	66	4	65	5	26	
13	7	10	56	2	20	6	73	15	55	0	66	8	35	
5	6	9	21	16	10	6	13	13	69	14	71	7	43	2	35	
4	23	8	74	0	11	1	41	17	16	
4	5	3	31	10	19	18	15	2	30	12	40	8	60	6	51	11	11	
4	60	8	11	12	61	11	41	13	44	
17	57	13	61	1	56	4	8	18	66	12	71	15	65	19	72	2	74	10	13	
5	63	13	56	18	64	8	65	7	6	10	3	4	74	1	25	3	40	2	2	
6	8	14	75	16	49	18	58	0	32	5	56	19	60	1	31	9	43	13	15	
17	3	4	44	2	61	19	43	5	37	11	52	12	72	13	11	
19	44	11	22	3	57	9	20	15	71	10	54	0	52	7	56	17	16	1	32	13	38	
5	69	11	46	8	26	3	16	13	39	18	31	
13	29	1	71	17	15	8	5	19	6	12	72	
19	2	15	29	18	15	1	52	16	18	6	74	5	25	14	67	
8	13	4	23	10	37	16	70	6	49	9	18	
19	52	8	59	6	72	10	13	2	24	1	61	12	42	5	32	16	56	18	38	
3	33	12	35	18	31	16	42	19	47	7	18	
8	29	7	2	18	49	17	66	10	65	6	71	5	34	13	27	15	30	16	16	14	56	
2	46	18	29	8	27	3	23	15	28	11	8	1	14	17	57	5	43	14	67	10	38	
2	7	11	56	18	1	10	10	14	22	
16	74	9	17	2	73	14	75	19	5	18	45	3	27	10	30	8	71	
13	42	1	45	7	37	2	35	3	30	6	8	0	7	
9	25	19	56	12	17	6	43	13	46	0	74	17	27	3	9	1	2	14	55	11	45	
10	30	0	23	2	56	19	8	17	4	6	31	4	48	13	28	12	2	8	35	14	24	
18	61	17	65	11	66	10	49	16	39	9	75	5	64	7	7	2	35	8	6	15	30	
3	8	1	61	14	50	9	5	11	33	0	7	8	16	12	9	10	17	5	38	6	22	19	47	
1	58	12	54	7	24	16	71	5	4	
17	44	5	69	13	50	7	7	14	32	1	30	18	68	2	2	0	58	
8	13	10	18	18	52	15	34	16	48	4	9	3	17	
8	75	16	10	5	50	19	32	2	44	10	30	15	72	7	26	
8	5	13	23	12	31	5	9	18	43	16	34	15	44	1	16	
7	29	12	17	8	38	9	18	4	44	13	63	1	10	
19	59	15	63	0	46	2	25	3	61	12	65	9	64	13	60	10	14	6	3	1	73	
13	22	6	30	4	33	1	42	11	47	8	57	12	28	17	10	3	54	0	71	
15	53	18	31	10	32	19	44	16	6	7	1	4	59	17	33	12	24	14	71	
9	64	11	26	18	63	10	25	0	74	12	24	
4	15	3	55	19	53	18	59	14	34	11	37	17	36	9	67	1	49	8	27	2	51	
9	71	12	8	13	69	7	51	5	75	4	42	19	21	3	5	11	2	1	56	16	17	
9	15	2	25	7	13	19	46	5	4	4	57	15	65	16	60	13	20	
14	48	19	13	11	10	6	50	4	34	
18	38	15	74	6	39	10	56	16	18	14	24	19	4	13	49	7	64	
10	64	16	44	12	31	3	69	11	13	2	23	5	43	0	52	17	19	7	20	
6	64	12	11	17	18	10	48	4	9	3	60	8	14	13	54	
19	19	10	32	18	6	4	55	17	41	1	65	7	57	
4	59	18	14	16	51	17	33	11	48	8	13	13	74	2	67	15	61	6	71	1	73	
5	13	13	22	15	48	11	12	6	73	18	57	14	2	
12	45	18	70	9	59	4	35	5	75	8	57	2	32	6	34	1	1	7	44	19	3	11	51	
4	69	8	57	13	37	18	13	15	21	10	32	2	4	
15	19	5	1	19	55	8	15	9	24	
5	3	7	74	6	45	16	25	11	46	0	35	15	24	2	16	9	69	8	68	
7	74	2	1	4	22	3	52	11	12	14	16	12	35	6	75	
13	63	9	61	7	26	1	38	14	10	2	14	19	57	
13	67	16	33	5	19	14	12	1	20	8	50	19	16	0	7	18	44	
17	17	2	58	1	32	5	28	10	42	
15	51	4	21	13	40	3	11	2	52	
17	48	2	29	0	51	9	46	5	23	
3	65	18	59	19	39	0	74	17	54	14	36	9	17	6	24	2	55	4	67	7	61	8	8	
7	32	12	48	16	57	10	46	3	60	5	72	1	21	
14	67	17	59	8	63	12	39	15	71	11	45	
8	9	16	72	15	62	10	19	18	25	7	48	12	30	
7	26	8	75	19	5	10	27	2	66	11	50	1	39	0	54	4	63	14	18	
17	24	15	69	7	26	12	58	14	25	13	62	2	9	10	45	0	27	3	56	
18	1	7	47	8	32	12	25	13	70	16	29	15	68	11	69	19	36	14	74	0	44	
6	28	3	56	5	4	12	37	2	40	0	10	8	60	10	38	
9	56	17	42	3	48	15	35	8	22	
3	15	2	50	14	44	12	3	4	41	8	23	19	57	0	74	
10	47	3	56	6	4	7	31	13	55	0	52	1	33	18	38	8	53	17	62	19	1	15	45	
9	51	18	25	8	54	13	16	1	67	7	1	6	14	17	17	14	29	16	31	19	58	
19	67	8	58	3	38	12	57	1	4	4	54	14	74	6	75	5	35	7	14	
19	25	6	28	11	73	9	17	5	23	3	9	10	11	12	75	15	38	14	13	
5	31	14	29	10	34	12	30	16	23	1	49	19	5	4	24	
6	72	8	27	1	44	14	17	5	22	3	52	0	20	10	38	
17	11	11	43	14	75	0	1	19	36	
8	37	17	45	7	50	15	43	16	75	11	21	12	3	13	35	
0	57	6	23	5	45	4	13	11	58	10	49	
16	50	5	58	6	22	13	41	17	21	
3	47	8	16	2	25	13	4	6	14	10	71	15	52	
12	24	0	50	17	64	13	14	9	51	11	53	18	45	3	73	
15	56	2	9	10	62	1	5	8	39	
17	68	15	59	10	5	6	42	14	57	3	4	13	43	
15	27	1	66	17	11	7	39	0	18	12	37	14	24	4	52	10	65	9	8	8	31	6	17	
1	74	6	68	17	6	12	25	15	54	11	7	3	20	5	21	
15	57	13	25	10	62	6	75	9	71	4	5	2	9	
11	67	0	19	7	49	17	22	6	51	2	14	1	5	10	25	8	68	
16	35	11	12	13	31	18	20	12	68	6	54	17	6	10	4	15	71	5	58	
17	37	15	69	5	3	8	17	4	74	6	68	
9	67	2	62	8	33	13	75	0	64	4	54	7	28	19	47	14	7	18	63	17	30	
2	3	16	21	19	9	1	59	3	27	17	45	0	46	7	13	5	4	9	37	11	42	
5	7	12	32	16	63	4	3	15	39	13	23	
2	16	4	3	12	72	15	74	10	51	14	32	18	23	19	9	3	60	7	57	16	75	
8	56	1	34	16	54	11	36	6	47	12	17	7	44	13	59	0	68	5	48	18	2	
13	18	14	63	16	13	18	65	7	12	8	34	5	51	
7	26	11	13	9	22	5	7	0	42	16	70	10	3	19	12	3	28	
0	44	13	33	18	20	16	16	4	48	19	49	6	75	17	11	15	27	14	63	2	45	
0	61	6	60	17	43	9	74	2	32	15	59	7	70	12	72	10	2	18	50	3	26	
6	41	13	44	1	17	5	54	15	30	19	69	8	58	4	28	
15	20	0	7	13	39	11	32	6	6	9	74	8	55	12	16	19	38	2	72	7	68	5	33	
9	41	13	44	7	4	12	34	16	23	4	12	11	21	1	49	17	55	
9	24	10	3	5	72	12	22	3	28	14	61	0	39	13	27	19	57	8	17	15	19	6	36	
1	1	8	63	12	52	6	58	2	29	13	4	17	16	19	10	4	41	7	33	11	39	5	8	
7	9	17	12	11	55	19	52	1	31	18	33	9	15	
15	28	8	14	18	8	5	6	12	62	9	5	16	38	2	30	
12	28	16	22	15	25	13	34	4	49	1	4	0	12	
0	18	17	57	6	60	12	30	19	72	13	35	1	14	4	9	5	37	14	5	8	48	9	36	

All component type numbers for each job to be processed by MFPM
2	14	
9	14	8	6	2	20	1	25	5	7	
5	8	1	19	8	10	4	25	
2	23	
0	20	6	12	
7	18	4	2	6	6	2	22	3	20	
8	8	6	22	4	15	1	5	3	13	
3	25	0	2	9	11	7	24	5	3	
6	13	4	16	7	1	
7	7	0	21	
5	14	4	12	7	10	
6	2	9	17	4	5	
5	10	9	17	
4	4	9	9	
7	23	2	12	1	4	8	13	
4	10	3	20	
0	10	9	15	2	8	5	20	
3	2	9	8	
4	1	
5	13	9	19	4	5	1	6	
5	19	
8	10	0	18	3	4	1	15	
0	23	1	21	6	15	
2	3	
6	25	4	15	
7	4	9	12	0	13	4	5	
0	17	5	24	9	21	1	12	
6	24	3	19	
7	25	
4	12	1	16	7	13	6	18	
3	3	8	11	7	8	5	6	
0	17	4	15	
1	25	2	8	6	24	5	19	
9	22	6	9	
4	10	
1	22	
0	2	6	9	5	23	
3	22	
8	8	6	10	9	3	
0	1	
6	6	
5	5	4	8	3	13	
5	9	9	19	3	3	1	4	
4	7	8	12	7	17	
6	6	2	1	9	13	
0	14	4	9	
8	2	0	1	5	11	1	17	4	16	
2	11	6	5	
9	23	3	3	
9	17	
3	4	4	20	8	5	9	7	
0	25	
4	3	
2	8	8	14	5	19	0	24	7	7	
1	4	6	3	8	8	
3	17	6	22	9	14	8	21	7	25	
2	12	9	14	4	5	0	18	8	11	
1	23	4	4	
6	14	4	5	5	25	
0	21	9	12	8	22	6	17	
0	18	
3	16	7	15	8	24	4	8	
8	24	1	9	0	17	
5	6	7	23	0	5	
2	15	3	24	4	18	7	14	
4	13	3	2	1	24	0	10	5	12	
2	25	
2	24	4	23	6	11	3	9	
4	4	7	22	3	6	2	9	0	1	
5	21	4	8	9	23	2	3	0	2	
7	2	1	18	
9	23	
1	7	9	2	5	8	7	13	
0	11	9	2	8	14	2	6	
5	3	
9	23	8	1	6	11	
2	22	0	7	
0	10	6	22	7	17	1	18	3	13	
2	25	1	1	8	19	3	16	4	13	
1	1	
5	25	2	3	
8	2	
8	19	0	12	9	11	
0	10	3	19	2	16	
1	14	7	20	3	4	6	23	0	12	
3	18	4	20	2	10	
0	11	7	21	2	5	
4	21	7	15	
3	9	1	22	0	19	5	3	2	8	
4	24	5	4	9	8	6	22	7	7	
3	8	0	3	1	18	
6	10	8	3	1	1	3	11	0	24	
9	22	1	25	
9	10	0	2	4	12	
7	16	0	23	9	8	6	9	
1	22	4	11	8	12	7	1	0	21	
5	24	
3	11	4	1	
5	14	
5	3	7	19	3	22	0	13	
3	12	6	7	
0	16	7	24	6	19	
3	25	0	20	4	15	1	8	8	5	
9	3	3	24	
5	17	2	1	7	18	3	24	
0	20	6	5	8	6	2	7	
8	17	
4	24	5	17	8	16	1	22	0	15	
1	3	
2	19	
7	15	9	24	
2	3	
2	17	0	22	
6	16	
3	6	2	14	9	4	8	25	
9	10	5	6	
0	13	3	4	
0	9	5	22	8	23	
6	23	2	18	7	19	4	1	5	8	
6	14	3	4	
3	24	8	23	0	16	
6	21	4	19	1	12	0	20	3	17	
4	5	5	25	0	6	8	12	7	13	
4	9	6	14	
1	23	
9	16	
3	12	4	16	5	15	2	25	6	10	
5	4	9	18	4	10	1	13	3	8	
5	19	
8	24	4	1	6	7	9	4	1	16	
1	14	0	11	
9	22	4	18	5	4	
7	6	
7	1	8	2	4	24	
9	6	
9	7	5	9	
3	16	7	12	2	10	6	2	
6	9	
6	13	
4	19	
0	2	4	10	
7	17	8	20	6	13	
8	25	5	15	6	9	7	19	
1	4	9	20	8	10	
9	2	2	13	8	6	
6	13	2	25	
6	7	
2	10	5	15	7	4	
4	2	1	19	3	3	7	14	5	15	
3	24	7	13	5	25	0	17	4	14	
0	4	9	8	5	13	3	24	
0	14	
0	19	7	25	1	16	
7	4	4	7	6	5	5	17	
7	19	5	21	6	10	2	5	4	12	
0	23	5	24	4	18	7	14	1	5	
2	17	3	13	
5	18	8	14	7	1	3	15	6	16	
9	1	
7	5	5	6	2	14	
3	2	8	12	0	6	4	13	
9	13	1	24	8	15	5	16	0	22	
4	18	8	13	
5	3	
8	5	4	24	
2	9	7	17	
2	22	8	13	
1	3	3	18	
4	12	
4	7	
3	2	
7	4	2	21	5	14	6	3	
6	8	4	4	
6	5	1	19	7	10	8	13	
6	2	9	20	7	8	1	23	4	19	
5	15	
9	16	5	11	
2	20	
5	18	4	4	2	6	7	8	
5	22	6	6	
2	7	1	23	5	4	0	24	
5	7	4	16	3	14	
3	14	1	19	
3	18	6	11	8	14	
1	1	0	18	7	7	
1	16	0	1	6	4	
0	7	2	4	5	9	1	16	
0	11	7	21	3	3	
5	24	4	20	2	7	3	1	0	18	
4	1	7	17	5	18	1	22	8	14	
0	3	5	11	8	8	
4	11	5	15	7	22	
0	2	8	6	6	8	4	23	2	3	
7	4	9	8	4	7	6	14	
0	23	9	14	3	4	
4	12	1	20	5	24	7	25	0	3	
7	14	2	11	0	3	3	5	6	25	
6	13	4	12	5	23	1	15	
2	9	6	1	1	22	8	20	0	17	
3	6	6	21	8	24	

Three processing times per job on each machine
The best scenario
239	203	
37	40	
199	115	
190	93	
73	119	
250	220	
39	19	
15	41	
123	123	
99	147	
27	36	
13	18	
119	236	
54	123	
47	55	
131	59	
102	143	
276	167	
180	347	
224	287	
112	46	
306	200	
153	282	
241	72	
191	71	
353	235	
110	155	
466	271	
200	134	
265	446	
174	153	
15	42	
62	81	
71	213	
179	207	
283	214	
47	50	
117	104	
26	64	
324	189	
141	261	
212	200	
30	58	
372	226	
106	333	
99	133	
193	298	
187	140	
350	406	
114	80	
297	440	
190	174	
89	177	
143	326	
32	90	
56	145	
173	217	
77	158	
221	355	
149	193	
30	42	
149	237	
404	231	
20	25	
83	107	
141	69	
106	86	
131	153	
53	107	
21	28	
71	83	
21	11	
157	153	
159	83	
206	93	
41	42	
130	118	
52	181	
145	501	
18	34	
13	38	
139	139	
32	52	
217	193	
225	67	
205	209	
90	145	
212	66	
57	60	
16	31	
167	87	
45	86	
291	242	
46	66	
121	109	
59	84	
75	61	
166	128	
349	201	
56	189	
415	86	
155	172	
364	478	
71	133	
77	205	
315	195	
117	47	
50	296	
163	96	
122	167	
91	70	
350	166	
246	168	
117	90	
215	224	
209	202	
159	238	
82	221	
300	226	
315	365	
229	74	
102	54	
68	172	
184	148	
163	178	
208	135	
99	91	
275	153	
381	262	
247	155	
72	96	
136	227	
42	26	
73	77	
214	205	
63	57	
69	153	
87	141	
354	220	
22	63	
260	129	
178	215	
37	32	
58	19	
165	58	
40	28	
499	267	
73	124	
98	87	
507	252	
273	211	
117	97	
209	262	
47	52	
360	249	
62	62	
181	361	
85	43	
275	247	
94	412	
17	51	
48	44	
63	32	
80	104	
15	11	
378	171	
455	436	
141	194	
190	176	
97	321	
42	85	
75	171	
154	98	
179	85	
153	214	
179	126	
58	94	
103	237	
155	230	
96	160	
60	28	
406	356	
172	263	
41	28	
236	68	
300	197	
26	16	
333	169	
450	230	
179	157	
137	290	
131	325	
115	95	
232	316	
72	82	
347	360	
73	23	
124	104	
174	93	
119	263	
Most likely scenario
367	394	
63	62	
320	210	
352	161	
114	146	
411	290	
48	31	
23	45	
151	128	
190	189	
42	45	
24	24	
121	331	
105	125	
59	60	
145	84	
126	191	
506	302	
305	394	
318	565	
125	79	
370	270	
209	350	
277	116	
198	117	
600	433	
203	250	
624	290	
367	205	
461	536	
196	212	
24	76	
90	150	
137	261	
231	377	
496	301	
64	82	
121	197	
47	100	
400	240	
212	460	
393	305	
56	116	
383	433	
174	343	
145	253	
268	308	
211	175	
486	419	
142	85	
309	545	
211	228	
168	279	
166	477	
58	129	
111	150	
223	294	
79	183	
223	442	
154	237	
55	55	
240	329	
431	282	
35	46	
86	121	
233	128	
163	90	
172	193	
88	113	
36	34	
88	89	
29	18	
305	157	
286	155	
212	158	
52	54	
188	225	
91	204	
195	505	
29	47	
21	67	
197	142	
55	58	
223	279	
360	120	
221	221	
153	158	
294	98	
83	73	
28	32	
250	118	
68	117	
317	323	
79	100	
159	121	
117	148	
89	87	
226	144	
380	349	
91	261	
437	105	
171	200	
435	501	
72	145	
87	315	
369	240	
139	89	
99	322	
179	169	
143	210	
107	131	
426	302	
287	227	
180	122	
333	413	
223	316	
175	358	
149	234	
415	247	
453	498	
305	137	
201	103	
120	218	
233	245	
207	306	
369	143	
125	92	
358	167	
563	290	
254	240	
82	114	
185	263	
76	50	
122	115	
224	360	
82	59	
118	248	
152	199	
482	393	
23	80	
347	136	
265	300	
58	57	
77	33	
175	61	
50	35	
545	322	
100	241	
133	103	
542	277	
442	298	
169	117	
243	324	
85	57	
373	306	
74	80	
352	468	
90	62	
304	296	
142	444	
32	84	
68	87	
66	38	
97	189	
23	19	
461	175	
487	473	
246	269	
277	314	
185	453	
80	116	
128	273	
158	149	
186	105	
279	274	
335	143	
82	128	
148	349	
213	285	
175	170	
72	42	
503	446	
203	312	
59	35	
309	83	
481	232	
42	22	
483	253	
475	260	
205	179	
255	406	
221	374	
198	165	
366	400	
118	163	
411	453	
98	25	
149	189	
205	127	
145	370	
The worst scenario
488	547	
94	90	
446	290	
500	231	
155	211	
438	431	
72	41	
31	53	
172	166	
206	253	
45	49	
26	27	
176	436	
143	142	
81	84	
147	122	
167	269	
626	357	
331	574	
331	797	
152	80	
376	370	
282	376	
328	120	
220	153	
852	454	
240	347	
903	320	
379	227	
505	611	
270	231	
28	90	
107	157	
144	346	
281	425	
579	326	
94	94	
172	202	
61	105	
469	323	
315	658	
574	345	
77	150	
499	505	
181	353	
198	365	
351	417	
288	261	
519	426	
180	105	
381	792	
273	319	
215	395	
187	537	
67	165	
146	203	
226	388	
80	202	
303	465	
188	341	
80	58	
257	335	
589	335	
46	53	
91	153	
288	150	
236	117	
226	225	
113	164	
42	47	
109	117	
39	23	
334	201	
413	171	
281	212	
74	68	
192	238	
106	295	
286	638	
43	61	
23	82	
256	209	
69	79	
226	375	
530	147	
281	315	
168	215	
372	138	
114	90	
32	42	
343	159	
100	120	
362	337	
94	112	
173	125	
172	219	
104	88	
241	148	
497	515	
132	294	
588	120	
256	244	
456	613	
86	207	
114	389	
381	249	
172	113	
135	430	
219	239	
167	300	
131	169	
529	303	
307	284	
250	136	
365	603	
232	465	
223	388	
204	295	
495	346	
501	630	
366	184	
215	150	
165	222	
270	343	
287	362	
373	200	
135	105	
529	217	
653	291	
260	342	
123	122	
247	287	
98	56	
176	135	
271	473	
84	86	
166	332	
194	256	
638	539	
34	92	
378	177	
379	375	
67	68	
106	44	
212	70	
62	52	
635	470	
150	312	
168	145	
718	363	
489	350	
194	120	
342	419	
113	77	
374	337	
82	106	
478	618	
129	78	
311	348	
162	517	
38	114	
87	94	
98	50	
108	280	
28	23	
548	235	
542	612	
308	371	
407	388	
265	666	
81	164	
175	295	
204	168	
274	146	
346	408	
474	157	
116	160	
164	413	
231	357	
241	174	
76	45	
613	588	
215	345	
86	41	
314	108	
563	297	
60	33	
542	269	
686	353	
267	191	
321	425	
290	539	
247	211	
407	462	
165	182	
436	515	
127	32	
187	251	
215	184	
183	493	
