Factories	3	Jobs	100	Machines	3

Total number of component types per job processed by HSPM
5	8	7	5	9	5	7	6	5	6	12	12	10	8	9	8	6	5	5	12	11	10	9	6	8	12	10	11	12	6	9	6	8	6	9	9	12	8	8	10	5	11	10	10	6	11	11	11	12	6	12	8	6	12	8	9	5	8	6	6	9	12	9	12	12	12	7	6	11	9	7	6	9	10	7	12	6	6	5	6	9	5	12	9	10	7	9	6	11	12	6	9	7	6	6	6	11	12	10	5	

Total number of component types per job processed by MFPM
2	4	5	1	3	5	1	2	2	2	4	4	3	2	2	1	4	2	2	3	3	5	5	2	2	3	5	3	5	3	3	4	3	5	5	5	5	2	2	2	4	2	5	1	1	4	1	2	4	4	4	1	1	1	3	1	3	2	4	4	4	2	3	5	2	5	4	2	1	1	2	1	3	2	5	4	1	2	5	4	5	3	4	1	1	1	5	3	5	2	4	5	1	5	5	2	3	3	2	5	2	4	3	3	2	5	4	2	3	4	5	4	3	3	1	3	5	5	5	2	5	3	2	1	2	3	4	4	5	2	1	2	2	4	5	5	4	1	4	1	5	4	1	5	3	3	3	1	1	5	3	1	5	5	2	3	5	1	5	4	3	3	5	4	3	2	1	2	5	4	5	3	1	5	1	5	5	4	4	4	5	2	3	4	2	3	4	2	3	3	3	3	1	3	5	1	2	4	2	3	

All component type numbers for each job to be processed by HSPM
19	10	14	68	1	54	9	52	10	9	
17	7	13	5	14	36	8	53	12	15	4	75	0	73	7	43	
18	42	13	54	8	68	7	62	11	11	12	34	19	27	
16	8	3	9	8	40	7	28	14	58	
19	29	4	22	5	28	12	72	7	67	18	53	10	68	16	69	1	17	
6	27	7	60	16	21	8	44	13	64	
3	3	6	19	1	75	12	25	10	72	4	61	0	34	
17	7	13	71	19	27	7	35	6	15	9	20	
19	72	14	49	16	5	2	68	4	69	
18	55	13	54	15	65	19	46	12	2	10	58	
11	65	16	1	14	52	2	51	0	47	15	21	13	40	4	32	6	2	18	57	19	31	7	19	
19	16	0	7	10	29	5	47	15	32	12	40	13	36	6	34	8	5	17	67	14	23	18	17	
2	49	5	42	15	71	14	35	4	59	11	30	10	4	13	3	7	68	9	27	
17	40	19	45	2	6	15	20	12	15	6	3	16	41	4	27	
3	55	0	46	17	15	11	4	2	51	9	10	8	58	14	40	5	36	
10	7	17	25	2	20	0	73	7	50	3	1	1	37	11	5	
6	50	10	22	4	57	16	59	0	10	8	40	
18	53	3	29	8	62	10	44	2	73	
5	3	18	58	9	30	12	61	2	41	
9	75	13	49	18	72	19	2	10	45	0	13	12	74	6	12	17	33	5	43	15	16	1	68	
0	68	6	9	4	62	12	49	3	61	19	34	9	75	2	43	7	55	16	5	11	40	
4	26	13	15	11	64	15	50	0	38	6	19	14	25	16	16	12	33	1	10	
9	9	18	62	0	18	12	50	19	60	5	23	1	13	11	53	14	46	
5	36	14	72	12	15	19	75	0	37	15	8	
13	69	7	14	4	23	14	40	5	56	0	52	16	7	6	63	
9	9	13	58	19	33	4	4	6	19	18	22	0	45	12	52	7	66	15	27	16	46	11	71	
1	63	3	74	16	62	6	48	15	28	5	7	18	65	19	3	12	52	14	71	
5	18	12	43	3	11	6	4	7	45	16	27	13	8	19	20	17	14	8	1	14	74	
14	57	7	14	2	22	18	3	4	72	1	40	6	47	17	43	9	71	13	13	8	25	16	45	
0	35	17	66	3	57	7	45	12	21	4	34	
16	7	6	3	15	10	1	49	10	21	2	37	11	25	12	5	8	42	
4	55	11	47	12	14	19	46	5	22	0	42	
15	34	6	21	5	53	16	1	12	43	7	8	8	62	13	15	
7	69	11	4	3	52	5	71	2	37	17	68	
8	45	17	38	6	15	1	74	14	20	7	19	0	57	19	7	2	69	
19	13	18	55	5	29	16	46	10	72	11	16	4	60	8	74	6	62	
10	55	12	50	15	66	1	29	13	39	6	25	2	41	4	21	8	47	14	54	19	19	3	43	
19	20	8	39	14	14	3	61	10	35	5	45	7	62	16	23	
13	37	1	20	16	48	10	10	14	72	4	71	19	69	9	43	
3	18	6	27	12	21	8	37	14	49	16	39	19	10	17	75	0	58	4	30	
6	47	3	46	9	70	8	17	17	28	
12	22	0	11	15	13	19	23	8	5	10	54	17	62	4	34	11	45	2	28	14	36	
13	63	4	70	14	68	8	36	15	12	6	50	1	46	0	59	9	57	12	1	
13	39	12	42	3	27	7	48	15	2	9	59	16	65	10	7	11	17	18	52	
13	29	19	70	4	23	5	1	12	75	6	32	
7	7	1	21	18	61	19	33	6	37	14	24	5	44	12	31	15	27	9	41	16	15	
13	63	11	42	12	48	10	20	18	54	14	31	3	35	19	57	9	6	8	51	15	26	
0	66	5	1	11	41	12	73	8	62	3	54	18	6	15	45	17	24	9	46	13	20	
15	22	10	35	8	57	13	20	7	75	14	49	3	71	1	3	12	69	4	9	18	70	2	44	
18	66	7	48	12	59	9	28	11	52	15	47	
7	38	19	32	8	1	11	43	17	25	18	17	13	63	9	61	1	4	14	55	5	65	10	57	
2	36	16	31	0	8	3	23	18	33	4	55	10	43	11	2	
18	74	14	28	7	23	10	4	17	55	1	64	
10	25	3	72	16	37	9	17	18	19	11	64	17	73	0	24	4	40	1	22	19	69	5	15	
2	18	10	67	12	12	6	44	11	24	8	54	1	50	19	56	
14	50	13	22	7	14	17	18	3	10	12	53	9	40	6	16	8	30	
14	7	19	9	3	3	8	74	5	13	
17	44	12	60	0	49	19	35	4	32	13	16	11	30	9	39	
11	62	2	31	7	54	8	24	3	21	19	12	
15	49	8	52	2	65	6	47	9	23	7	55	
4	9	0	25	19	29	6	72	8	42	14	54	12	61	17	43	2	47	
5	50	12	32	1	51	7	8	13	10	9	25	8	21	4	37	17	69	11	54	18	35	6	15	
4	51	9	7	15	46	3	50	11	42	0	18	2	54	18	55	5	9	
8	22	18	51	9	2	0	66	12	75	4	26	13	34	7	36	10	28	14	30	1	68	2	49	
19	17	6	3	4	25	18	64	7	50	12	4	15	54	5	62	2	21	1	68	11	28	13	69	
2	51	14	42	0	31	15	15	8	71	18	8	12	13	3	69	6	64	9	5	5	30	19	46	
8	30	6	13	10	68	13	28	9	44	18	59	7	75	
0	17	10	70	18	36	12	44	6	59	17	30	
18	51	4	41	14	24	10	5	17	50	7	25	8	32	19	48	15	22	5	65	2	74	
1	57	12	37	2	35	18	39	5	14	4	54	3	46	8	5	0	21	
17	27	5	34	7	53	11	51	15	22	14	48	18	8	
3	64	9	7	0	34	4	68	19	1	1	73	
9	59	1	36	5	33	19	18	16	20	15	67	7	34	3	11	18	26	
10	41	15	13	8	54	6	58	3	69	11	60	1	44	0	50	14	59	13	52	
18	35	10	51	16	36	4	25	6	31	5	18	7	64	
14	35	2	12	11	64	17	68	15	22	13	9	0	17	8	15	12	70	10	49	16	63	1	60	
5	67	6	18	14	49	1	71	10	27	2	15	
19	75	18	33	3	32	8	67	16	13	17	43	
13	22	10	65	17	68	8	54	18	6	
17	36	6	2	10	35	14	71	12	50	8	37	
4	64	0	3	3	23	18	32	7	44	1	35	10	6	14	67	9	63	
5	7	12	40	3	60	7	35	17	12	
1	65	12	52	2	58	15	30	4	42	0	36	3	73	5	38	19	56	7	10	16	3	13	12	
16	32	14	37	2	46	6	35	5	33	3	23	11	72	10	13	4	26	
16	57	11	14	14	40	17	73	0	11	8	7	15	66	9	5	1	1	4	56	
9	66	19	22	17	11	18	71	4	12	15	24	2	58	
18	64	6	1	11	47	8	44	12	45	15	58	5	68	2	72	14	53	
7	4	11	8	19	18	3	27	12	70	4	63	
5	74	16	59	0	20	12	19	7	1	1	34	10	40	18	52	8	65	3	45	19	72	
5	64	17	54	6	16	1	50	11	21	0	48	12	65	19	40	4	41	16	63	18	47	14	7	
12	47	15	50	18	23	10	13	7	45	19	69	
10	26	15	48	2	28	11	22	14	55	7	43	17	56	4	23	1	39	
14	35	7	41	9	58	2	73	19	75	13	70	18	61	
16	65	0	17	5	35	14	1	12	63	8	16	
8	62	2	57	7	42	4	54	12	40	10	58	
3	24	12	57	2	27	5	51	0	50	11	45	
8	60	17	23	4	17	1	74	13	9	0	61	3	71	18	1	16	44	12	70	10	52	
9	62	8	30	18	72	16	7	14	12	0	36	13	69	6	27	5	8	17	38	2	13	12	21	
9	55	16	65	4	72	15	12	2	29	14	41	3	70	12	1	7	8	11	19	
17	3	5	70	7	4	2	44	9	41	

All component type numbers for each job to be processed by MFPM
1	5	5	13	
3	40	9	46	8	32	4	30	
5	20	6	13	7	1	8	12	1	10	
4	34	
3	1	7	24	6	2	
8	35	7	41	1	26	6	43	3	37	
7	22	
1	30	4	26	
9	15	5	9	
5	39	9	38	
2	6	0	16	3	17	5	25	
0	29	5	40	1	36	7	47	
2	2	4	19	9	5	
4	38	0	29	
1	9	7	4	
3	39	
9	15	5	13	6	16	4	6	
5	39	3	41	
6	8	0	25	
9	44	7	43	6	31	
7	15	1	6	2	17	
9	45	2	43	6	32	7	42	3	29	
5	21	0	2	1	20	7	4	6	11	
5	32	0	36	
1	4	0	22	
1	47	3	49	4	33	
7	5	3	14	0	21	5	4	1	17	
4	39	0	31	3	26	
2	22	7	25	6	5	9	8	8	13	
7	41	8	34	5	42	
1	20	6	4	4	7	
6	34	5	31	3	39	1	29	
3	13	9	5	7	20	
4	35	8	29	1	48	5	40	3	42	
2	16	6	17	8	18	3	4	9	7	
0	34	2	46	5	38	9	33	1	49	
2	10	3	12	8	1	7	5	9	18	
8	32	4	45	
2	15	7	16	
6	42	4	46	
9	24	1	22	0	10	4	3	
2	34	7	45	
6	18	4	4	2	22	8	13	0	11	
4	38	
6	17	
1	29	8	37	4	38	6	31	
7	1	
2	28	6	39	
6	16	7	24	2	10	4	20	
4	47	7	29	5	46	3	42	
8	22	1	3	9	19	6	10	
4	31	
7	13	
3	42	
5	4	8	8	3	23	
6	45	
9	25	5	14	7	7	
3	26	2	48	
8	9	6	10	2	2	4	25	
7	39	6	49	1	29	5	36	
4	6	6	16	3	19	2	25	
5	48	3	44	
5	9	7	10	9	23	
1	28	6	40	0	36	8	30	2	44	
2	2	8	8	
4	49	2	32	0	44	3	42	8	40	
9	25	4	6	6	8	7	10	
1	42	0	29	
7	2	
9	36	
5	5	9	7	
4	50	
1	21	7	25	0	22	
3	50	7	47	
3	6	1	4	6	12	2	23	0	7	
3	50	6	41	9	48	4	34	
8	1	
8	40	0	49	
1	14	3	17	8	8	9	22	2	21	
3	47	5	36	8	32	0	45	
8	24	6	17	1	22	2	21	5	5	
5	27	6	40	7	35	
6	8	4	20	7	19	5	9	
8	36	
4	24	
9	33	
9	11	3	7	4	16	8	1	7	14	
6	48	5	42	9	36	
3	9	1	7	5	1	7	16	9	14	
2	33	9	30	
0	8	8	12	4	16	1	22	
5	46	4	32	1	44	6	38	3	49	
8	11	
3	29	2	49	1	46	6	44	0	26	
9	12	1	20	0	6	6	13	7	19	
8	31	6	39	
2	5	6	14	4	7	
3	44	0	28	7	33	
8	17	3	1	
8	26	2	35	5	50	6	46	1	43	
1	3	5	11	
8	46	1	34	3	32	5	37	
6	23	1	25	9	24	
5	44	6	47	7	37	
0	21	8	5	
4	42	7	43	3	45	6	39	1	40	
5	20	9	16	0	2	2	23	
1	33	0	34	
6	20	8	12	0	5	
9	33	6	39	5	40	7	26	
6	3	2	18	0	14	7	10	8	11	
2	31	9	46	7	39	3	33	
8	12	6	3	7	18	
4	26	5	41	7	30	
0	4	
8	32	6	40	0	27	
6	6	3	21	1	15	2	8	5	14	
0	28	7	40	5	49	6	47	8	26	
9	2	3	23	4	6	0	5	6	8	
0	30	6	26	
3	23	8	19	5	2	9	25	6	18	
1	47	3	34	2	33	
7	14	2	3	
5	28	
9	23	8	12	
6	26	7	39	3	31	
9	9	5	6	4	7	8	13	
6	45	9	32	8	31	3	26	
7	24	0	6	6	22	1	18	8	16	
1	43	0	42	
1	21	
5	35	9	41	
6	12	7	6	
8	43	0	37	9	41	1	40	
4	3	7	25	6	23	5	22	0	16	
2	35	1	49	3	50	5	27	8	29	
5	13	7	5	4	25	6	8	
6	49	
5	12	3	14	4	3	6	18	
4	50	
8	23	2	10	7	8	3	22	1	9	
0	34	5	42	3	50	7	31	
2	9	
6	42	1	36	7	27	5	31	4	43	
8	3	9	21	0	16	
5	40	2	41	6	26	
8	12	5	23	6	20	
3	26	
3	23	
9	43	5	29	4	45	8	27	0	48	
8	19	3	9	0	7	
6	48	
0	15	4	19	7	24	1	7	5	23	
0	39	5	38	8	44	1	27	9	34	
3	23	0	20	
0	33	5	46	8	26	
2	14	3	17	7	7	9	9	0	23	
0	28	
2	1	3	15	1	23	0	17	5	7	
0	50	2	45	1	44	7	46	
9	19	0	2	5	10	
0	49	7	48	4	40	
9	21	4	24	6	6	0	2	2	16	
9	39	3	43	6	33	2	48	
1	15	7	17	2	23	
9	27	5	26	
8	19	
6	39	7	37	
2	1	5	5	1	15	0	6	3	12	
7	28	9	45	5	46	8	37	
9	5	5	14	3	2	2	22	8	16	
6	26	7	39	2	29	
0	10	
9	50	2	28	4	37	3	39	5	49	
9	25	
1	36	2	45	4	32	7	35	5	29	
9	5	3	15	6	17	2	13	8	16	
3	42	4	47	5	50	8	36	
1	17	7	6	4	11	5	20	
8	35	9	49	6	40	0	34	
9	10	6	2	7	9	3	22	5	1	
0	34	3	45	
9	19	1	8	2	22	
9	40	3	37	2	47	4	27	
2	18	6	21	
9	31	8	29	2	33	
5	21	7	5	8	18	4	9	
6	44	3	33	
0	24	9	10	2	22	
6	50	3	31	1	45	
5	10	3	6	2	19	
3	46	0	47	8	33	
3	21	
6	41	4	30	8	31	
3	11	7	6	8	20	4	5	9	23	
7	49	
6	20	3	5	
1	36	0	32	3	28	5	29	
9	23	4	12	
4	39	9	44	2	49	

Three processing times per job on each machine
The best scenario
107	97	215	
43	48	36	
50	79	60	
105	104	144	
33	19	57	
73	71	39	
108	207	158	
275	133	95	
143	399	345	
156	151	140	
87	279	152	
79	273	114	
132	169	175	
271	305	166	
139	164	222	
158	113	387	
161	182	228	
75	31	78	
297	144	259	
98	160	279	
243	208	98	
99	297	147	
241	262	165	
113	78	180	
246	199	112	
248	124	117	
65	27	83	
51	37	63	
117	38	70	
103	140	125	
223	226	223	
46	84	102	
83	219	334	
188	171	159	
38	37	48	
145	161	106	
277	276	170	
374	375	131	
26	41	32	
100	53	92	
31	40	32	
270	177	363	
406	77	207	
186	74	100	
33	73	24	
40	33	18	
32	63	59	
163	101	180	
186	306	337	
253	134	235	
118	344	130	
304	281	236	
210	121	141	
239	139	240	
199	105	95	
88	122	328	
137	50	82	
121	152	148	
110	199	126	
55	115	105	
28	33	69	
17	22	21	
217	150	107	
86	233	218	
275	111	130	
117	207	105	
43	25	19	
247	223	404	
72	318	265	
211	263	170	
265	450	225	
43	31	65	
74	84	115	
108	218	73	
90	97	86	
110	312	316	
142	155	84	
88	76	122	
156	219	194	
113	150	142	
320	132	220	
88	26	109	
202	171	208	
468	230	191	
190	65	85	
36	59	85	
131	307	74	
76	114	154	
279	140	99	
25	44	40	
63	69	26	
42	15	29	
217	374	398	
96	170	292	
168	145	243	
33	26	45	
35	24	23	
234	172	94	
481	306	133	
68	23	74	
Most likely scenario
108	156	286	
81	65	65	
73	90	101	
153	155	197	
43	32	61	
84	110	40	
203	269	215	
289	146	164	
208	456	365	
168	183	156	
152	370	207	
147	367	152	
161	296	306	
313	340	220	
229	299	300	
184	154	411	
176	323	263	
116	44	124	
298	199	291	
157	309	407	
276	274	195	
132	510	151	
368	302	275	
213	79	253	
382	376	120	
311	158	222	
76	31	92	
76	51	71	
134	65	107	
185	149	170	
253	266	317	
54	88	175	
94	370	347	
285	294	202	
66	57	60	
182	189	114	
412	391	196	
418	471	200	
37	58	48	
169	93	162	
50	56	54	
392	353	572	
426	125	320	
324	127	149	
38	83	40	
72	34	23	
52	92	73	
191	149	199	
234	336	355	
413	195	309	
126	352	146	
383	401	379	
246	179	157	
450	209	279	
385	155	172	
123	188	454	
157	57	94	
201	277	205	
130	225	149	
76	120	156	
42	40	75	
28	35	32	
250	278	135	
148	387	313	
324	146	136	
129	215	131	
71	28	25	
332	408	444	
94	345	274	
242	316	201	
385	451	332	
44	53	85	
82	116	172	
123	253	120	
167	99	117	
185	473	409	
233	269	129	
115	124	172	
164	227	200	
157	161	198	
433	176	297	
112	43	113	
304	288	345	
501	271	375	
192	103	86	
52	95	89	
135	361	123	
143	187	168	
314	182	111	
34	65	74	
91	87	43	
55	18	33	
246	440	424	
144	292	390	
203	219	264	
44	36	72	
50	48	28	
248	209	102	
520	418	202	
71	39	95	
The worst scenario
136	210	296	
120	67	76	
79	128	126	
206	229	278	
50	42	75	
96	147	52	
225	304	239	
424	156	227	
215	684	540	
183	195	179	
209	517	291	
152	368	214	
234	353	457	
316	381	319	
317	438	402	
263	231	497	
205	418	270	
138	57	154	
440	261	417	
169	358	414	
367	385	216	
150	668	226	
500	370	292	
296	93	295	
539	540	177	
316	184	242	
107	40	131	
90	70	83	
193	81	146	
273	169	221	
268	352	465	
55	123	182	
136	529	478	
420	398	301	
86	80	63	
230	224	122	
614	502	250	
599	555	300	
54	82	64	
209	129	214	
55	62	56	
563	377	852	
512	154	372	
408	178	198	
56	96	46	
86	41	33	
66	102	100	
224	198	282	
263	393	482	
489	210	354	
155	473	161	
555	456	529	
338	246	169	
573	310	288	
484	184	178	
176	219	586	
187	61	132	
238	310	232	
172	255	162	
114	133	163	
56	57	85	
40	46	36	
305	363	165	
172	563	340	
455	211	197	
146	230	194	
88	31	30	
430	521	477	
103	508	306	
359	429	228	
532	642	337	
56	60	105	
113	134	205	
126	314	159	
202	126	174	
224	671	552	
299	381	151	
131	186	190	
196	277	250	
198	167	290	
458	212	302	
134	58	124	
386	395	512	
533	368	452	
280	130	129	
63	99	96	
182	401	176	
175	222	202	
401	226	131	
38	94	84	
129	129	49	
68	25	40	
333	647	483	
190	375	396	
284	242	299	
57	49	77	
71	60	41	
261	228	129	
726	569	251	
73	55	138	
