Factories	2	Jobs	100	Machines	3

Total number of component types per job processed by HSPM
12	7	8	7	12	11	7	11	8	11	11	5	7	11	7	12	9	8	6	7	6	10	5	6	10	11	11	9	12	7	6	6	8	12	7	7	9	5	9	10	11	9	5	11	8	9	10	7	9	10	12	10	7	8	10	12	10	12	12	8	10	7	5	5	12	7	5	8	8	9	11	9	9	8	9	5	12	12	7	12	5	7	5	12	6	12	11	6	8	9	12	7	7	7	10	9	10	7	11	11	

Total number of component types per job processed by MFPM
5	1	2	2	2	1	2	4	1	2	5	5	5	2	4	2	4	1	4	3	1	5	4	2	1	4	5	2	3	3	2	1	5	5	4	5	2	5	4	4	4	2	2	1	5	2	5	4	5	1	4	5	3	5	5	5	5	1	4	4	3	3	4	1	3	1	1	1	4	2	4	1	5	1	3	2	2	2	4	1	2	5	5	3	4	1	4	2	1	1	3	4	3	2	5	4	3	5	4	4	5	2	3	4	2	3	1	1	2	5	4	3	5	5	3	3	3	1	1	5	1	3	1	1	5	5	4	2	2	3	3	3	1	3	2	5	5	1	4	4	2	1	1	3	5	2	2	1	5	2	5	3	4	4	1	5	1	5	4	1	4	3	5	4	3	1	5	2	4	3	3	3	2	1	1	1	2	1	5	3	5	3	2	2	1	3	4	4	5	4	2	3	3	4	1	1	4	2	2	3	

All component type numbers for each job to be processed by HSPM
14	18	13	32	9	59	18	60	16	13	15	9	1	69	10	39	7	44	6	52	11	4	3	71	
12	13	7	34	10	49	1	7	16	35	15	16	8	24	
17	44	18	67	5	27	8	47	14	66	13	49	2	39	1	23	
2	25	9	31	5	72	8	56	14	34	19	26	12	8	
15	47	11	65	5	2	1	30	14	33	13	61	6	45	8	38	3	13	18	41	4	71	19	5	
12	25	13	74	15	6	14	58	9	72	1	64	17	18	6	56	10	17	19	37	4	12	
0	9	2	14	12	70	19	74	4	10	13	44	11	43	
11	26	18	4	3	73	13	36	5	8	2	61	8	60	19	12	10	38	12	72	6	39	
9	18	12	43	6	44	15	71	13	23	17	35	16	60	3	75	
13	59	6	14	17	71	4	60	14	6	0	13	10	44	3	23	19	54	1	17	16	62	
18	1	5	50	13	44	11	6	15	29	9	35	16	70	7	24	4	26	1	45	19	8	
9	46	6	12	17	10	13	71	15	75	
5	73	16	47	3	45	0	53	17	63	1	70	6	2	
2	13	18	9	4	16	0	53	3	61	8	72	16	21	1	5	17	50	9	43	6	1	
9	5	8	7	6	45	0	23	19	52	2	75	15	18	
4	55	15	62	18	37	6	51	19	66	12	73	8	42	16	38	14	22	11	11	5	46	13	35	
10	28	8	11	6	7	2	30	0	62	15	70	1	36	4	61	17	27	
18	8	5	64	13	62	0	31	6	4	14	49	4	12	10	61	
2	46	9	48	4	27	16	32	5	45	1	22	
15	11	11	57	4	55	13	71	9	54	6	35	3	15	
7	36	18	30	12	31	14	37	13	32	16	18	
2	68	11	31	17	54	8	25	10	38	18	14	15	69	3	28	13	24	9	22	
10	56	7	18	6	35	12	27	0	63	
17	38	7	29	13	34	19	71	16	6	10	68	
0	62	12	71	10	39	1	35	18	17	13	38	14	15	5	61	11	66	3	12	
5	17	10	45	7	29	9	62	6	68	8	15	14	53	0	4	18	14	15	34	17	64	
1	24	15	37	10	15	8	47	5	13	13	57	18	63	2	68	4	35	14	2	12	58	
0	72	16	56	17	2	8	23	15	74	2	32	19	13	12	21	3	34	
12	69	10	24	11	50	6	25	16	49	13	65	4	8	15	9	7	62	1	30	3	68	9	23	
6	22	0	19	4	44	13	69	12	72	14	46	9	65	
16	5	18	46	6	47	9	6	0	50	12	69	
18	14	11	67	14	31	1	29	7	53	0	37	
8	13	9	72	17	30	2	66	16	26	3	37	15	50	0	48	
8	7	6	70	16	5	1	42	14	45	18	29	12	75	19	49	13	22	11	69	9	34	7	17	
0	65	17	44	7	72	1	57	4	40	10	66	14	3	
7	58	14	47	17	69	6	52	4	15	8	14	5	63	
16	24	3	54	6	74	0	29	12	42	8	57	5	20	19	35	4	14	
3	40	12	21	13	14	1	46	2	55	
8	62	1	1	13	8	7	48	5	45	10	22	4	28	3	70	6	25	
0	29	2	1	14	46	6	2	11	57	9	69	13	32	19	62	18	38	5	74	
1	65	6	60	19	75	16	43	17	63	8	21	10	5	0	52	5	17	11	68	12	25	
13	23	4	28	7	6	11	34	9	52	15	47	1	55	17	25	6	46	
14	7	11	18	15	14	9	21	18	34	
0	36	9	65	15	3	13	29	1	71	11	72	16	20	5	8	8	26	18	58	3	4	
0	51	18	66	16	15	9	19	10	37	6	26	19	13	15	1	
12	29	7	20	10	42	1	75	6	48	0	37	8	3	2	33	5	8	
1	51	13	47	4	44	5	8	0	67	16	37	19	39	17	60	18	19	12	22	
6	51	16	7	13	48	8	3	2	56	3	42	17	20	
14	36	18	65	0	5	8	62	5	29	17	3	7	11	1	8	3	41	
10	50	15	32	11	69	5	21	14	72	2	30	16	49	4	51	7	74	19	5	
16	62	15	63	18	72	5	27	8	54	14	58	19	22	0	31	13	74	4	7	3	47	6	51	
19	68	4	32	15	13	13	67	7	61	12	37	5	10	17	58	11	39	0	27	
7	19	17	4	3	59	10	48	11	31	4	14	13	55	
4	49	17	31	14	23	9	52	16	66	19	41	15	75	12	21	
7	50	8	6	6	58	15	23	11	63	17	70	5	7	2	11	0	53	16	1	
17	33	8	24	11	44	13	35	14	29	1	7	12	51	9	58	10	3	0	26	16	50	3	37	
15	38	16	42	4	15	17	28	19	72	11	34	5	13	13	61	9	58	14	53	
7	75	5	16	18	11	3	33	11	43	15	56	17	59	10	60	12	26	0	3	4	14	2	20	
5	50	10	37	7	25	19	42	11	21	12	26	18	17	16	12	17	49	4	41	3	33	13	69	
11	68	13	60	12	26	14	32	7	3	3	39	2	64	18	6	
3	34	7	45	15	23	19	49	17	17	6	37	10	69	1	2	8	29	2	19	
10	8	2	3	8	72	13	59	5	12	11	56	15	66	
4	27	10	74	9	48	7	53	5	64	
15	39	9	47	3	75	17	44	1	61	
3	4	8	2	1	40	16	6	11	17	6	59	15	50	19	53	18	42	10	38	2	32	0	8	
10	10	1	55	5	73	19	67	2	36	13	7	6	16	
13	38	4	64	10	4	6	23	17	46	
6	55	5	59	1	46	19	45	8	62	3	40	17	65	10	37	
11	2	0	65	10	34	16	60	1	19	12	22	7	52	2	36	
7	47	0	16	5	35	10	51	2	73	13	2	14	21	15	61	4	49	
16	15	17	23	1	40	19	36	6	12	11	53	2	26	12	48	5	16	14	46	7	10	
12	22	11	1	6	9	4	61	19	52	14	59	15	34	3	11	17	73	
7	37	15	56	9	54	0	51	19	55	17	45	11	9	14	43	1	35	
15	43	12	33	19	48	6	70	7	47	0	17	10	4	3	51	
19	37	2	51	18	38	9	41	3	60	14	72	5	61	17	71	10	15	
8	16	10	45	2	61	17	54	16	71	
8	27	3	14	5	59	17	57	2	71	12	20	19	53	15	21	1	39	7	50	11	32	16	69	
12	45	19	43	15	42	2	33	16	21	0	17	1	11	8	40	9	52	3	66	10	30	14	5	
12	50	1	68	9	45	19	51	2	32	14	65	18	30	
15	63	12	40	17	62	4	73	18	36	3	30	13	27	14	68	19	1	16	4	5	9	7	41	
7	12	16	37	14	52	17	47	3	48	
14	12	18	32	4	58	6	47	0	37	10	51	9	54	
2	46	19	19	12	56	4	48	5	3	
8	33	5	44	11	53	2	14	10	51	17	37	1	25	18	67	9	26	0	22	4	54	12	4	
10	55	7	16	8	20	9	52	15	28	17	44	
17	1	9	32	18	20	15	10	14	63	6	22	8	67	0	19	7	35	5	55	12	8	11	72	
16	19	0	51	13	33	19	22	12	3	14	32	7	10	5	71	17	39	10	42	3	72	
16	29	6	16	14	66	13	54	12	39	15	51	
13	54	0	73	8	66	1	43	18	16	3	29	9	18	5	69	
19	56	1	43	2	31	13	38	4	10	6	4	10	17	17	46	18	32	
9	70	17	36	15	40	16	73	3	67	1	61	0	22	10	23	14	49	13	11	5	45	7	13	
18	60	9	10	3	73	12	66	0	24	15	11	13	7	
1	73	7	37	0	47	4	35	13	14	11	44	14	48	
8	51	1	34	5	67	2	66	11	25	9	49	19	60	
2	71	3	62	12	63	13	58	1	70	15	49	5	37	7	34	19	52	8	40	
1	27	4	37	9	56	5	67	6	38	13	72	12	75	19	66	16	8	
17	68	14	59	13	2	8	28	9	40	6	73	4	27	0	7	5	70	3	33	
11	24	19	8	16	14	12	17	6	66	18	16	17	13	
9	7	16	10	10	67	0	70	7	16	17	37	13	49	2	28	15	74	14	57	6	9	
1	9	18	50	15	74	5	67	4	71	8	11	2	59	14	63	13	68	7	39	11	18	

All component type numbers for each job to be processed by MFPM
6	14	3	3	5	5	0	12	2	20	
9	45	
3	20	4	11	
0	49	5	48	
1	6	4	21	
3	39	
9	10	6	6	
1	28	7	38	0	26	6	39	
5	23	
5	27	7	47	
3	14	2	7	1	22	9	20	0	21	
3	35	4	40	7	27	5	48	9	34	
4	19	2	8	0	9	6	21	8	14	
2	45	0	38	
8	16	5	4	4	15	7	10	
2	49	5	38	
3	12	0	19	8	25	6	8	
2	43	
4	3	3	14	0	13	8	9	
1	30	0	43	2	47	
8	6	
2	49	3	32	8	50	6	47	9	35	
4	18	0	21	7	3	3	19	
0	36	6	32	
9	17	
5	29	2	35	0	39	3	43	
6	9	9	1	3	5	1	18	5	20	
7	37	8	35	
3	20	2	6	1	5	
7	48	4	35	2	47	
7	17	6	21	
5	41	
0	23	7	25	6	18	2	2	8	22	
4	36	7	50	1	46	9	40	5	42	
7	25	6	12	3	6	5	3	
2	29	4	47	8	45	9	37	0	27	
2	23	7	9	
1	36	6	43	0	39	5	28	8	38	
0	3	1	13	9	10	8	6	
6	36	3	28	9	45	0	50	
3	24	8	21	4	23	5	22	
1	33	2	34	
8	15	3	5	
8	30	
0	2	8	17	9	23	1	11	4	16	
2	33	0	48	
0	14	2	18	9	22	3	3	5	9	
2	49	0	36	3	43	4	35	
5	15	2	1	0	9	1	7	6	6	
4	45	
5	8	6	5	8	10	2	15	
3	42	6	27	9	43	7	31	5	38	
0	23	6	21	2	10	
2	26	9	38	4	45	6	27	7	50	
5	24	7	18	9	16	1	23	8	8	
6	41	3	48	8	46	9	27	0	33	
2	18	7	16	5	17	4	1	3	25	
5	34	
5	7	1	23	6	15	8	5	
8	30	9	43	7	42	3	48	
8	17	1	16	3	8	
1	50	5	46	8	35	
1	21	9	17	8	24	6	1	
3	34	
9	12	7	25	0	14	
8	48	
0	3	
3	28	
2	22	5	5	9	4	8	17	
6	39	7	31	
2	23	5	7	6	2	7	25	
3	31	
0	3	5	25	1	9	2	21	8	23	
1	36	
7	22	9	13	3	8	
3	47	1	38	
1	20	8	1	
3	41	5	31	
3	20	7	9	5	8	6	4	
1	49	
7	19	5	2	
3	28	7	47	6	31	9	27	0	33	
5	10	7	3	3	24	1	11	4	17	
7	35	4	45	8	47	
5	9	9	22	4	11	8	4	
3	28	
6	24	1	2	2	25	3	10	
2	42	4	47	
2	24	
2	37	
1	2	2	4	5	5	
1	42	3	26	5	47	8	50	
4	19	9	5	5	6	
2	46	8	50	
3	5	9	16	7	13	6	3	4	11	
9	30	7	32	3	28	2	31	
8	15	4	11	5	12	
4	48	8	39	1	33	7	35	9	34	
6	8	9	17	8	16	0	7	
5	34	8	42	6	45	0	37	
6	24	3	5	4	25	7	13	0	8	
4	46	5	42	
1	12	4	22	5	7	
7	43	3	30	9	33	4	45	
7	18	1	22	
9	34	3	27	8	30	
4	6	
8	40	
2	21	7	17	
6	47	0	39	2	38	8	48	3	28	
5	24	0	8	2	11	9	15	
2	33	0	50	1	48	
7	3	1	13	0	14	6	9	3	7	
7	50	1	39	2	32	8	34	5	45	
9	17	0	8	6	9	
4	44	1	46	5	32	
7	7	5	4	9	13	
8	46	
4	21	
0	49	4	28	1	39	3	33	9	43	
9	9	
8	31	5	45	7	27	
1	12	
1	28	
6	20	2	8	3	13	4	10	1	21	
5	50	9	28	8	44	2	39	1	31	
9	5	0	9	4	4	2	23	
3	41	6	26	
7	24	4	1	
6	29	5	45	8	41	
2	21	8	20	0	15	
3	33	6	41	9	30	
3	11	
3	43	7	30	0	46	
3	21	8	25	
1	33	5	30	3	35	8	46	9	48	
7	25	5	14	9	16	3	17	8	8	
5	29	
5	13	0	16	7	6	4	18	
7	46	1	31	8	38	9	41	
1	19	2	24	
3	30	
9	14	
4	50	8	31	5	33	
4	13	7	10	1	12	6	20	8	9	
2	30	1	33	
8	12	6	22	
3	45	
4	8	6	22	5	9	0	11	8	14	
4	39	1	35	
6	4	3	16	9	9	5	14	2	6	
1	42	9	41	7	48	
9	1	8	2	1	12	3	14	
1	29	5	47	4	26	2	28	
6	6	
7	43	1	45	9	36	8	33	5	46	
4	16	
2	48	4	50	8	29	9	44	0	45	
5	2	0	1	9	12	1	13	
9	30	
8	20	3	22	2	2	4	25	
0	28	6	44	7	42	
3	11	7	16	8	10	5	14	0	1	
7	37	2	45	6	38	1	28	
1	4	0	15	7	19	
2	46	
4	5	3	22	8	1	7	4	5	13	
0	35	6	38	
9	22	3	7	2	8	8	21	
6	45	8	49	2	34	
7	24	2	4	9	22	
3	42	7	26	4	30	
6	4	1	8	
2	43	
1	10	
7	35	
4	2	2	25	
2	26	
6	9	7	7	8	19	0	4	4	3	
5	37	9	41	1	34	
8	14	6	3	2	10	4	8	3	17	
8	43	7	44	9	32	
0	23	2	13	
7	35	6	36	
4	24	
6	41	8	35	0	43	
5	23	8	24	0	11	7	14	
6	40	4	32	7	29	9	31	
6	17	2	24	3	16	0	23	1	13	
3	42	9	35	2	46	1	40	
6	7	4	24	
9	41	8	45	1	38	
2	25	1	11	4	8	
1	29	2	38	9	35	7	50	
4	13	
0	43	
1	18	3	3	0	10	2	1	
2	46	0	33	
9	9	1	3	
9	50	0	26	4	37	

Three processing times per job on each machine
The best scenario
58	92	54	
109	144	151	
101	32	67	
453	227	318	
290	142	265	
327	92	247	
114	58	27	
323	211	318	
82	138	85	
63	146	80	
350	232	379	
153	355	124	
177	359	90	
391	247	260	
67	27	38	
180	142	369	
57	19	55	
269	176	102	
35	31	33	
53	78	28	
84	396	187	
488	388	425	
221	162	100	
95	116	92	
103	68	45	
138	65	109	
306	174	261	
315	228	287	
176	254	188	
198	140	130	
128	244	216	
311	171	407	
56	116	84	
139	119	36	
49	87	156	
183	326	135	
113	63	85	
119	260	175	
141	102	318	
30	51	74	
116	117	56	
107	50	111	
224	131	213	
110	67	90	
117	66	118	
179	177	121	
395	320	174	
254	111	66	
106	221	292	
180	219	198	
320	160	121	
215	177	174	
34	99	102	
25	29	39	
262	101	254	
264	127	292	
115	218	398	
47	89	59	
143	338	159	
369	103	145	
106	101	78	
133	221	134	
137	248	116	
72	40	138	
59	97	126	
300	362	336	
230	188	123	
136	113	126	
119	157	263	
35	59	40	
292	123	305	
44	129	49	
79	277	179	
141	146	52	
91	93	88	
163	82	251	
340	236	418	
242	125	73	
175	111	167	
104	49	103	
84	75	94	
121	404	226	
204	281	207	
95	83	37	
214	80	267	
23	28	29	
259	122	181	
108	101	231	
222	196	190	
268	163	198	
120	390	520	
285	251	167	
75	50	103	
110	78	77	
31	98	94	
335	454	325	
128	250	254	
100	114	285	
191	522	209	
152	57	104	
Most likely scenario
69	101	71	
122	162	154	
112	50	105	
486	345	395	
515	149	505	
354	176	341	
179	64	49	
413	271	464	
135	154	147	
88	220	105	
456	430	453	
265	391	150	
194	482	140	
418	434	295	
73	28	56	
271	258	486	
67	31	68	
409	273	153	
45	38	41	
55	111	33	
160	594	230	
612	520	576	
302	247	196	
101	128	106	
149	114	90	
206	92	129	
333	190	302	
334	386	362	
266	268	296	
367	177	205	
161	301	270	
327	187	434	
83	138	94	
156	132	46	
80	97	167	
225	534	195	
137	82	110	
176	320	275	
203	161	471	
49	91	122	
130	122	70	
115	70	150	
382	189	359	
192	110	108	
155	88	184	
180	279	166	
425	496	236	
299	129	121	
138	365	398	
298	344	248	
389	259	215	
334	302	278	
49	122	107	
34	54	51	
292	126	398	
313	220	305	
171	306	489	
59	98	68	
194	389	303	
529	144	262	
120	125	134	
162	250	219	
198	321	194	
100	47	139	
112	117	135	
310	498	577	
367	193	196	
210	174	163	
204	213	314	
68	74	51	
403	202	551	
49	187	59	
112	316	286	
191	236	91	
143	96	116	
168	147	309	
553	263	453	
251	223	134	
235	180	249	
139	52	121	
154	106	147	
134	428	359	
275	342	250	
178	95	74	
278	130	320	
31	41	36	
292	196	200	
202	158	352	
289	288	332	
384	248	259	
200	597	544	
316	386	331	
93	73	137	
140	88	141	
36	107	103	
399	530	363	
189	342	402	
196	133	300	
242	566	212	
162	105	164	
The worst scenario
74	112	92	
152	218	174	
163	74	146	
713	364	568	
759	199	598	
529	205	468	
202	92	64	
558	354	564	
166	173	172	
126	254	147	
505	633	603	
292	455	199	
272	638	155	
593	575	391	
95	31	78	
300	349	571	
93	41	85	
533	350	198	
60	40	61	
57	121	36	
170	864	249	
756	578	863	
356	360	234	
119	166	158	
188	166	103	
265	98	135	
393	205	364	
398	544	490	
398	269	390	
444	244	215	
195	449	346	
477	227	504	
91	194	106	
223	178	52	
111	129	202	
306	625	229	
172	123	128	
211	475	391	
223	219	531	
69	122	173	
173	177	105	
172	99	159	
387	224	399	
250	133	161	
182	89	215	
188	405	242	
460	512	326	
398	168	126	
150	383	501	
317	457	249	
396	339	234	
426	332	295	
73	169	122	
45	77	57	
332	140	512	
460	262	441	
178	385	543	
62	133	75	
234	481	383	
616	203	274	
148	164	164	
242	315	319	
222	461	237	
126	57	187	
122	156	144	
400	704	692	
373	211	213	
218	211	193	
294	224	410	
102	90	73	
415	262	579	
73	240	64	
150	348	382	
202	259	105	
190	98	153	
249	209	366	
748	267	662	
327	279	164	
351	242	322	
161	60	163	
178	133	155	
141	596	519	
364	512	288	
180	122	94	
316	175	376	
37	54	46	
303	208	239	
256	187	362	
355	393	464	
395	261	387	
278	617	813	
379	435	469	
124	105	165	
175	97	177	
47	159	125	
467	611	522	
222	409	576	
269	176	375	
291	830	285	
204	143	184	
