Factories	7	Jobs	150	Machines	2

Total number of component types per job processed by HSPM
9	8	12	6	7	12	6	12	5	7	6	5	7	6	6	9	7	5	7	6	9	6	12	5	8	11	10	9	7	6	12	5	11	6	9	5	7	5	9	7	7	9	9	11	10	7	11	10	10	6	10	11	5	11	12	12	9	9	8	6	11	12	10	9	9	6	12	11	9	9	8	11	9	5	12	10	9	5	12	5	6	5	6	12	8	7	10	6	5	6	9	9	7	10	8	12	12	6	5	8	6	6	9	7	10	5	6	11	12	5	10	10	11	9	12	8	8	8	7	5	5	10	6	9	12	8	7	6	5	7	11	5	12	5	12	11	10	7	7	5	11	10	12	9	9	9	12	7	7	7	

Total number of component types per job processed by MFPM
2	4	1	3	5	2	3	5	2	3	4	1	2	4	5	2	3	3	2	4	5	1	4	2	2	4	3	4	4	4	2	3	4	4	4	2	4	1	2	2	3	5	3	2	3	3	4	4	1	4	1	3	1	3	4	2	2	2	2	5	4	2	2	1	2	2	4	5	3	2	3	2	5	4	4	3	5	5	2	1	5	3	5	2	4	4	1	1	4	2	3	3	3	5	4	2	1	4	3	4	2	5	2	3	4	2	4	1	5	1	1	4	2	5	5	5	5	3	2	2	1	1	1	3	2	5	3	3	5	3	1	2	4	1	3	3	5	2	1	4	1	3	5	2	1	5	3	5	5	4	

All component type numbers for each job to be processed by HSPM
5	49	10	69	13	36	11	64	2	67	16	6	3	27	9	46	18	1	
6	34	18	54	5	50	9	42	16	35	2	39	11	5	4	68	
16	33	13	19	4	20	2	18	7	45	18	49	15	67	6	12	0	22	19	2	1	6	17	14	
15	47	3	50	19	69	16	55	5	5	7	28	
10	25	6	31	1	56	2	46	19	41	0	20	11	49	
18	32	3	41	13	46	15	43	6	16	16	49	8	55	12	73	5	45	17	11	14	30	1	48	
16	31	15	11	1	49	8	62	5	52	7	72	
14	6	4	18	8	54	5	31	16	20	17	34	10	11	9	25	19	23	12	52	15	60	11	63	
11	38	6	39	7	14	17	62	15	20	
0	73	12	64	19	69	7	23	4	60	14	8	11	44	
14	17	2	74	0	19	7	44	3	66	1	70	
7	58	16	24	12	52	4	31	17	55	
5	4	12	53	14	18	4	25	6	21	11	47	10	75	
2	59	14	35	10	50	9	62	17	71	18	64	
13	61	12	48	0	53	6	37	17	29	5	27	
14	21	2	71	7	26	19	54	9	55	12	43	3	9	16	36	4	48	
13	8	0	54	11	40	1	20	17	18	2	19	15	11	
2	45	12	55	5	73	14	23	1	60	
5	69	4	6	11	50	9	15	1	16	10	11	18	20	
16	22	5	61	18	27	15	65	13	7	19	23	
15	32	13	63	7	27	14	23	11	49	6	74	3	33	8	3	4	37	
5	45	17	19	8	10	18	11	7	14	4	17	
13	19	15	55	9	8	17	14	3	23	1	44	19	71	4	12	2	10	11	38	16	64	6	36	
3	37	13	70	7	59	10	20	4	38	
12	30	4	43	18	59	8	10	1	26	13	72	16	39	5	74	
2	34	9	65	16	68	7	66	0	39	8	29	1	69	6	27	5	51	4	73	19	4	
17	69	13	43	5	29	19	61	14	73	4	19	18	64	6	16	1	26	12	40	
7	74	13	31	19	39	18	8	2	26	1	56	6	25	12	69	16	6	
17	62	16	6	12	75	3	44	10	24	15	13	7	1	
0	32	3	23	19	6	11	72	18	14	6	8	
3	11	12	16	16	40	18	17	0	20	15	19	17	33	13	5	9	65	5	3	11	8	10	48	
2	1	15	75	1	46	0	49	13	7	
17	36	10	1	18	24	14	19	16	53	4	73	13	56	8	3	15	64	7	58	0	39	
0	20	5	11	3	36	6	45	4	64	10	50	
19	68	6	38	1	65	5	36	10	66	13	59	7	7	11	33	4	18	
18	32	3	60	1	10	9	58	7	48	
2	59	16	13	8	10	7	27	15	4	10	75	19	49	
0	3	8	51	2	10	13	2	9	30	
10	72	6	18	12	21	2	5	8	30	9	47	7	8	18	54	4	45	
7	24	6	60	5	61	14	27	19	14	2	21	12	55	
13	21	4	18	1	62	7	13	0	3	2	4	6	32	
13	55	10	33	7	31	9	41	11	48	1	42	0	7	4	15	2	12	
12	32	10	67	5	23	0	46	14	5	2	21	18	39	13	22	17	27	
4	65	10	56	1	54	5	74	0	8	17	49	8	5	11	73	19	36	16	12	12	1	
10	31	14	45	2	46	3	66	1	32	6	17	13	24	11	37	16	27	4	42	
15	15	3	17	14	4	19	61	5	13	18	56	1	22	
0	8	1	5	9	54	14	57	8	24	16	3	3	58	5	61	18	48	15	6	4	53	
11	5	6	10	16	18	18	9	8	19	12	57	4	65	5	53	9	38	19	75	
2	35	6	2	1	67	5	72	4	5	15	12	7	21	8	22	17	45	14	49	
14	14	5	55	3	66	6	31	2	61	8	41	
0	62	14	16	1	29	19	69	12	49	6	71	4	61	3	22	7	44	18	58	
4	30	10	42	16	7	15	45	19	41	13	13	5	34	14	18	8	39	11	56	6	62	
17	43	8	58	10	71	6	56	7	15	
15	44	0	75	3	23	2	1	1	26	6	12	9	15	17	34	5	54	19	62	8	35	
9	72	13	63	16	28	14	31	7	9	11	52	12	48	0	62	3	8	5	60	18	14	6	64	
14	65	8	23	4	44	12	25	0	31	15	22	1	13	3	33	11	50	10	58	16	2	2	51	
12	62	0	28	2	50	16	19	17	33	14	71	6	37	10	27	18	6	
1	45	9	23	7	69	15	38	2	60	19	64	10	68	0	37	11	16	
11	65	4	54	2	12	8	68	12	51	19	30	13	16	18	9	
6	2	16	29	14	5	19	50	4	68	15	71	
7	8	10	48	13	13	3	64	18	74	1	33	8	56	17	36	14	26	19	24	4	35	
1	55	18	18	14	36	16	1	4	40	3	4	19	19	13	14	8	53	17	8	0	23	12	10	
14	57	0	67	16	63	11	13	5	3	13	75	19	8	15	38	9	47	1	52	
15	4	8	60	5	5	10	42	4	69	16	34	9	2	14	62	7	38	
17	32	10	39	9	44	4	31	5	71	2	13	8	37	16	30	7	43	
7	63	3	50	11	62	15	39	12	15	5	20	
10	30	3	51	15	32	18	57	14	37	7	27	13	36	11	59	17	17	2	61	5	28	1	68	
5	56	0	20	1	5	4	29	6	41	11	75	9	67	2	60	19	59	8	27	17	18	
9	27	12	39	6	71	15	13	11	2	5	55	2	51	14	33	8	66	
14	41	6	50	4	5	18	43	12	54	19	14	7	12	1	37	15	60	
7	17	2	18	13	12	18	15	19	74	4	20	11	69	6	11	
11	70	17	41	0	63	5	2	16	74	9	34	2	61	6	66	18	55	4	49	3	47	
13	14	12	20	16	24	2	72	10	59	15	36	5	71	4	74	8	38	
17	36	19	47	0	75	11	17	16	58	
4	66	15	33	13	63	6	75	12	71	1	47	3	67	19	52	9	40	11	11	5	57	17	59	
13	41	14	27	15	16	19	21	0	46	7	58	5	15	1	50	11	12	10	67	
14	22	2	21	9	20	1	29	11	31	6	18	4	58	15	23	5	52	
11	38	7	50	17	25	19	23	3	32	
3	3	13	29	16	34	17	45	9	60	15	64	2	4	7	57	0	50	12	39	4	68	19	42	
13	4	0	16	8	36	17	43	12	65	
9	61	18	22	5	19	15	11	3	33	11	44	
14	56	8	44	1	23	17	66	12	28	
0	9	2	62	9	38	13	4	5	12	8	67	
12	12	8	18	18	16	17	71	5	67	14	10	1	31	15	3	6	57	19	62	13	41	10	61	
6	51	0	72	15	41	17	75	3	54	10	42	13	34	14	68	
0	55	3	21	19	22	7	25	9	41	10	4	4	45	
10	27	17	52	14	4	1	47	3	23	0	44	5	9	18	68	19	33	13	21	
18	54	13	43	5	6	0	29	9	59	12	3	
13	66	4	75	6	53	12	7	10	63	
5	14	10	56	12	46	18	66	14	23	17	8	
6	40	4	22	16	26	3	32	0	20	15	73	12	63	2	24	1	1	
0	33	9	10	16	39	4	71	8	19	13	1	3	37	15	23	5	21	
12	32	19	24	16	44	0	73	3	22	8	42	17	62	
16	57	12	52	19	63	10	47	14	30	15	50	11	39	8	61	18	53	5	73	
17	70	11	32	13	8	15	31	14	64	5	15	18	72	8	23	
11	50	17	34	16	10	10	5	5	31	18	22	15	3	8	24	9	46	19	73	14	15	0	49	
2	19	17	67	7	53	4	18	3	32	18	46	12	42	13	49	0	45	5	63	6	25	15	55	
14	22	16	56	12	49	4	30	1	48	8	39	
9	20	5	56	2	50	13	6	14	59	
4	17	18	64	2	27	15	75	19	49	8	65	12	53	14	1	
13	27	19	68	16	41	8	9	3	58	15	57	
0	3	11	48	5	61	7	53	9	16	4	4	
5	33	18	40	14	62	10	73	17	7	8	69	3	67	9	48	4	25	
14	22	12	13	17	43	3	56	18	46	8	3	5	54	
0	57	18	69	3	41	16	6	9	23	19	66	4	14	10	21	1	43	12	39	
6	21	19	45	14	51	7	10	12	70	
0	32	14	16	11	66	9	20	2	11	13	21	
0	17	14	74	13	3	7	4	12	66	16	62	6	42	10	69	9	34	18	67	4	22	
4	52	7	20	6	4	2	12	5	57	11	29	9	1	17	69	14	16	15	32	0	18	10	39	
12	73	15	12	0	52	19	57	13	16	
13	13	8	58	16	71	0	43	11	72	15	64	2	55	6	4	10	45	9	7	
2	14	15	74	11	65	7	53	10	50	18	60	16	54	1	57	14	15	0	51	
1	22	19	13	0	12	4	34	10	72	16	51	15	57	11	67	2	11	12	35	7	45	
0	30	12	44	3	64	15	60	5	5	16	18	14	3	6	43	13	74	
18	10	15	32	0	14	10	22	12	48	8	44	1	5	3	50	14	35	9	56	2	4	19	20	
8	27	18	69	2	29	10	60	11	3	7	15	14	19	6	14	
8	32	11	55	7	43	17	25	5	26	16	40	10	24	14	16	
4	47	18	20	17	57	11	61	1	9	10	23	16	71	12	10	
19	45	8	47	12	24	7	30	17	41	5	12	2	37	
4	75	12	69	16	50	6	25	9	47	
1	50	19	7	13	26	7	60	18	74	
10	25	11	49	5	15	9	17	4	26	16	60	15	33	17	63	13	62	3	39	
3	45	11	19	13	68	15	5	17	53	10	49	
4	27	11	41	16	59	17	70	12	18	2	63	7	17	3	68	1	60	
14	70	5	1	3	15	7	35	16	20	6	71	10	9	13	63	19	18	17	30	0	74	4	44	
0	32	5	31	6	42	7	11	10	64	8	45	11	21	13	40	
13	72	7	38	14	51	8	7	5	74	18	60	11	50	
0	15	6	12	17	19	16	54	14	60	13	69	
7	59	5	8	14	7	18	43	16	17	
4	62	8	55	7	1	3	69	11	18	18	40	14	13	
9	20	0	4	4	49	17	38	8	54	3	70	6	58	16	64	19	27	12	8	10	75	
8	45	16	4	9	49	14	44	2	50	
2	21	1	4	3	6	7	5	19	59	11	2	17	45	10	67	0	65	8	32	5	70	9	16	
10	69	3	36	12	43	14	52	6	53	
1	71	9	40	4	28	3	24	15	7	7	29	12	27	17	69	6	41	18	15	8	45	16	50	
10	33	16	8	17	14	1	1	9	29	5	74	2	12	18	4	6	17	14	22	15	25	
12	67	4	41	7	15	6	66	15	30	18	19	11	53	5	13	0	21	9	14	
17	24	19	50	0	73	18	62	9	31	13	68	2	42	
4	71	13	9	12	18	1	34	15	12	17	2	14	13	
1	73	14	35	13	5	3	15	5	28	
14	61	3	54	19	65	12	5	17	7	16	68	9	10	6	6	1	53	13	49	4	60	
15	1	19	23	10	52	1	12	16	28	11	36	6	16	4	33	8	57	17	20	
7	21	8	31	17	39	18	68	14	38	15	22	16	46	11	54	19	71	9	65	6	10	13	32	
9	50	7	7	11	42	2	30	3	24	1	46	8	34	13	62	18	53	
9	58	13	54	3	60	18	49	5	27	10	6	4	38	17	24	14	67	
11	23	19	33	14	68	9	13	3	40	5	7	1	10	4	48	17	47	
15	64	10	62	5	47	17	7	3	19	9	13	18	8	19	26	7	23	8	18	13	42	4	4	
10	30	12	20	13	59	4	29	0	6	3	49	1	25	
3	61	18	52	6	49	1	65	11	70	8	16	14	22	
10	24	16	16	5	31	1	62	13	41	19	32	2	61	

All component type numbers for each job to be processed by MFPM
7	7	0	12	
1	18	5	10	9	24	0	13	
8	1	
3	10	5	16	9	9	
8	21	5	4	0	10	9	13	4	2	
9	8	8	14	
2	22	3	15	1	6	
4	4	6	17	1	11	7	24	5	8	
3	8	5	11	
7	7	4	4	2	11	
0	7	2	13	1	15	9	4	
7	2	
3	2	5	20	
5	4	4	24	1	11	0	16	
2	22	9	7	3	11	6	21	1	10	
5	18	8	8	
7	2	6	7	3	24	
2	23	4	22	8	12	
2	25	4	2	
5	6	9	10	8	20	0	22	
7	13	3	19	1	9	9	11	8	6	
9	19	
6	10	4	4	2	2	3	24	
7	19	4	6	
7	9	6	12	
4	18	7	19	6	7	1	22	
6	4	7	23	1	16	
1	14	3	21	4	8	2	23	
7	14	9	5	5	24	2	16	
4	10	2	24	0	20	8	13	
2	19	9	16	
6	19	9	7	3	10	
7	25	1	14	8	15	4	2	
4	17	1	6	5	19	9	16	
0	14	4	11	8	7	9	23	
5	6	0	7	
7	1	8	11	6	19	5	7	
7	23	
0	21	2	23	
2	24	4	13	
0	15	4	9	6	13	
3	4	0	8	1	2	2	1	7	17	
3	9	8	13	0	23	
3	19	7	22	
8	4	5	17	6	3	
7	15	2	13	6	2	
0	23	7	7	4	1	2	20	
1	2	7	20	4	21	8	3	
7	12	
0	16	4	4	6	5	3	22	
0	21	
3	22	1	8	7	14	
1	16	
4	16	9	12	5	3	
9	2	2	3	4	13	8	4	
5	8	0	15	
6	16	2	5	
9	13	4	23	
7	21	0	23	
5	17	2	7	1	22	3	24	8	12	
5	9	7	22	1	5	2	3	
4	1	1	17	
3	23	7	22	
2	3	
7	7	9	20	
3	13	1	8	
3	9	1	21	7	6	6	8	
4	9	6	20	2	22	3	1	9	7	
6	4	0	24	2	2	
1	22	6	18	
1	25	7	11	3	14	
5	23	9	6	
7	17	4	25	1	2	9	21	3	7	
2	2	9	11	0	23	1	18	
6	10	4	8	7	11	5	24	
4	12	7	19	8	20	
9	15	3	9	0	21	7	10	6	25	
4	24	7	18	1	13	9	11	5	17	
1	9	7	1	
9	25	
7	6	5	20	3	9	4	8	0	13	
1	17	4	5	9	12	
9	14	7	5	3	24	0	4	4	2	
2	10	1	7	
9	24	2	11	7	3	8	10	
3	17	0	25	4	4	7	23	
7	17	
3	19	
3	3	0	8	5	10	9	11	
2	8	5	19	
0	21	8	8	7	4	
2	14	1	12	4	23	
0	5	6	8	3	19	
0	16	5	18	6	19	8	8	2	6	
3	21	7	11	2	15	0	20	
1	4	5	9	
3	17	
1	14	7	24	0	1	5	18	
6	17	9	12	3	13	
8	4	2	12	3	3	4	19	
4	2	7	1	
3	22	9	8	8	19	6	2	7	23	
6	19	7	13	
6	7	5	20	8	22	
5	21	1	16	9	2	4	24	
0	18	4	8	
9	22	4	17	2	3	6	23	
0	16	
9	13	1	17	7	1	0	20	8	24	
9	20	
4	5	
8	15	7	8	9	4	2	17	
1	19	6	15	
2	23	1	17	6	18	7	20	9	24	
4	18	5	8	7	3	6	2	9	19	
6	15	0	2	3	4	4	9	7	8	
4	9	2	16	5	7	6	15	1	24	
2	17	0	19	3	5	
1	4	6	9	
4	15	3	20	
0	1	
1	18	
0	20	
9	17	0	2	1	7	
5	8	0	9	
4	10	6	2	3	5	2	3	9	13	
7	9	4	3	1	11	
3	16	2	8	0	13	
6	17	2	24	0	10	1	4	8	1	
2	22	8	12	0	20	
4	24	
7	15	5	24	
3	22	6	17	0	4	5	10	
3	20	
3	7	5	16	9	17	
3	11	9	1	5	3	
4	19	9	11	8	7	2	17	1	18	
7	13	9	25	
3	13	
3	1	0	9	8	23	1	24	
6	4	
5	6	1	18	8	21	
3	2	0	21	2	10	6	3	9	14	
0	7	8	13	
0	23	
5	7	2	17	7	3	0	13	8	16	
2	24	6	19	7	23	
0	3	8	11	4	6	6	13	9	8	
6	9	7	21	0	15	9	17	4	14	
8	21	9	25	5	11	1	1	

Three processing times per job on each machine
The best scenario
43	65	
301	324	
50	39	
238	118	
56	38	
62	122	
134	60	
139	244	
107	123	
129	161	
115	101	
196	68	
32	30	
91	149	
160	322	
297	125	
86	71	
277	252	
111	23	
51	34	
68	110	
96	107	
179	156	
341	214	
250	74	
214	72	
52	188	
50	60	
190	207	
48	63	
129	88	
361	395	
103	519	
249	317	
100	100	
98	317	
125	74	
368	295	
45	154	
181	264	
251	181	
271	574	
21	40	
183	104	
30	16	
23	11	
204	309	
107	121	
93	139	
42	119	
139	129	
48	47	
254	379	
167	84	
36	27	
206	183	
220	91	
79	91	
54	75	
165	261	
324	126	
34	73	
138	198	
177	126	
168	184	
163	160	
251	101	
309	201	
37	34	
34	48	
86	37	
54	19	
72	60	
249	171	
264	262	
28	32	
231	416	
198	213	
275	361	
252	174	
194	117	
375	192	
52	78	
543	352	
57	55	
494	97	
177	174	
41	41	
71	92	
35	33	
158	75	
31	32	
289	220	
78	57	
145	120	
54	36	
107	43	
239	176	
91	224	
94	118	
67	97	
71	63	
138	293	
84	143	
40	64	
178	224	
13	14	
182	426	
176	192	
47	80	
196	251	
75	120	
120	56	
292	121	
179	226	
85	91	
270	488	
234	233	
219	178	
105	89	
423	420	
149	193	
285	230	
59	22	
301	460	
273	504	
224	130	
208	161	
94	187	
103	75	
37	32	
318	78	
129	61	
390	90	
189	218	
90	139	
319	138	
88	92	
46	161	
89	222	
89	346	
145	189	
61	47	
195	157	
101	151	
151	110	
33	52	
312	88	
155	262	
108	107	
Most likely scenario
51	106	
460	371	
83	63	
299	200	
80	45	
100	221	
140	106	
148	262	
132	170	
166	167	
122	116	
303	128	
62	38	
145	188	
266	445	
462	154	
151	113	
334	399	
116	40	
57	49	
84	119	
163	211	
185	248	
462	326	
335	124	
242	100	
94	195	
99	82	
290	367	
86	121	
162	164	
426	396	
131	542	
366	318	
184	127	
196	327	
206	142	
376	379	
82	199	
349	275	
321	257	
324	587	
32	56	
328	199	
60	20	
28	21	
220	336	
164	132	
172	150	
75	142	
211	200	
78	61	
284	494	
175	129	
65	28	
220	184	
433	165	
151	103	
55	78	
204	267	
332	149	
37	79	
194	201	
337	136	
190	214	
225	299	
278	114	
316	342	
43	37	
54	83	
92	49	
94	25	
114	119	
399	205	
322	466	
37	35	
252	445	
285	228	
308	385	
347	321	
226	231	
557	195	
92	90	
570	448	
60	85	
553	158	
287	255	
69	71	
123	128	
50	66	
242	132	
56	38	
323	434	
86	71	
151	205	
62	59	
118	70	
331	193	
153	419	
186	204	
80	126	
141	117	
199	580	
127	144	
66	84	
221	274	
26	26	
304	446	
204	335	
93	117	
257	274	
148	160	
127	71	
305	123	
232	344	
156	122	
503	497	
419	348	
275	224	
143	120	
470	484	
171	219	
321	329	
82	33	
475	505	
287	553	
447	204	
224	228	
117	276	
109	111	
61	62	
431	154	
207	74	
453	138	
193	304	
102	143	
480	168	
128	126	
79	168	
166	246	
118	372	
257	361	
80	61	
310	218	
121	238	
231	150	
56	67	
377	129	
202	477	
150	132	
The worst scenario
66	155	
595	401	
106	65	
350	250	
93	53	
118	268	
179	130	
149	336	
172	219	
228	174	
128	164	
440	149	
70	50	
176	195	
320	509	
600	182	
156	147	
488	565	
117	42	
63	62	
114	174	
226	277	
187	372	
670	420	
395	172	
293	125	
118	278	
131	92	
303	418	
121	126	
228	200	
450	562	
175	609	
492	411	
199	132	
253	424	
256	208	
553	425	
116	230	
473	374	
362	365	
368	588	
33	62	
353	263	
88	30	
31	24	
272	360	
190	166	
209	175	
83	199	
294	297	
93	85	
389	628	
190	140	
93	30	
247	245	
554	173	
175	107	
66	104	
257	369	
391	191	
38	81	
264	223	
345	175	
195	288	
248	380	
315	171	
442	463	
60	51	
74	116	
120	65	
139	26	
148	151	
454	269	
358	651	
45	42	
265	615	
341	262	
441	475	
406	341	
299	315	
782	288	
96	93	
810	472	
62	113	
620	224	
301	338	
91	99	
166	189	
56	77	
297	184	
77	39	
382	626	
129	88	
165	270	
68	75	
162	97	
336	234	
215	628	
201	273	
111	183	
154	139	
245	774	
146	179	
86	92	
328	319	
37	35	
352	588	
306	348	
123	172	
359	305	
177	214	
141	83	
320	170	
247	476	
213	150	
658	675	
498	422	
412	300	
181	166	
605	567	
210	297	
467	348	
96	37	
483	584	
404	785	
484	301	
240	294	
138	369	
113	156	
70	64	
504	206	
247	89	
522	178	
227	312	
118	144	
694	214	
142	172	
115	248	
169	302	
170	510	
336	428	
112	77	
425	271	
125	276	
267	174	
57	77	
393	186	
298	547	
203	148	
