11897.200
11563.800
24147.500
23509.100
36052.100
34970.200
46883.000
46395.800
10699.500
10841.000
19855.700
21096.900
31818.400
29809.600
40466.400
42524.800
36085.900
37236.300
66592.500
67178.200
104820.000
103222.000
138633.000
133770.000
23937.400
22714.600
46540.600
44171.600
68628.500
69471.000
93998.200
91865.200
17743.600
17834.200
35548.600
34990.500
52812.600
51774.300
71239.300
68471.000
14386.400
15306.700
28613.900
28077.800
42174.400
41777.200
57498.300
55937.700
13036.000
12709.100
24860.100
23255.100
36353.800
35154.200
44710.000
47083.100
10590.200
10564.500
20106.700
20967.500
30903.400
31052.700
41025.800
39071.000
38696.100
36786.100
72039.600
68077.800
96822.100
102077.000
140202.000
134171.000
24845.500
23655.800
47896.200
48021.700
71600.200
68330.200
90987.100
92898.900
