45692.200
42797.700
86336.500
84155.300
124488.000
128966.000
165612.000
159587.000
30499.400
30268.600
55510.800
57226.700
85955.200
85286.700
111074.000
113318.000
20907.100
20998.700
42131.300
44216.300
67890.700
62887.600
83765.800
84856.500
18081.000
18354.600
34324.600
34209.300
51116.400
53242.700
67343.300
68231.300
14878.500
15288.500
28781.200
29497.300
43519.500
42346.600
57931.700
58252.000
12981.700
13661.700
24823.500
25152.700
36880.800
36827.700
49012.500
49886.900
45343.800
43172.800
83970.900
84985.600
122377.000
123486.000
164075.000
166241.000
30415.100
28184.300
58099.300
57935.100
84379.300
86795.900
112979.000
112361.000
21885.800
22167.200
42980.900
41762.000
63403.200
62936.800
84914.200
84290.400
16852.500
17565.400
34148.200
34657.400
51012.900
52187.400
68322.400
70078.000
