37021.200
35251.500
71445.000
72572.500
100809.000
102421.000
136920.000
132691.000
24776.800
24807.300
49599.000
46056.700
69466.700
68935.700
93557.200
89317.800
18599.800
18582.200
37031.700
35857.400
53840.100
50822.200
69618.100
68184.400
14938.300
15000.900
28135.500
28887.000
42374.400
42062.800
57334.200
56887.600
12472.700
12780.100
24713.100
23984.700
34461.800
35016.900
46999.400
46143.200
10519.100
10603.300
20306.400
20883.200
30465.600
30251.100
41042.900
40440.000
33800.400
36748.400
66886.100
70244.900
107970.000
106835.000
136930.000
139153.000
23609.700
26588.700
45772.900
48496.100
70135.100
70646.300
92938.600
92139.000
17910.100
17228.000
34436.500
35240.500
52990.700
51491.400
67888.700
73387.800
14561.700
14738.400
28086.500
28267.100
42394.300
43373.000
54521.600
56924.900
