46427.3	46024.5	46189	46180.6	46415.5	
43393.4	43377	43090.7	43342.3	43072.1	
87911.9	87915.7	87884.3	87518.5	87943.9	
85792.4	85615.5	86212.3	86171.8	85976.6	
127711	127381	127934	127737	127659	
132268	131499	131291	131287	131544	
169667	169473	169066	169747	169165	
164231	164719	164734	164590	164546	
30710.5	30886.5	31090.9	30802.1	31183.8	
30759.4	30697.5	30505	30676.8	30769.5	
56950.6	56889	57086.6	56986.7	57170.4	
58818.6	58352	58665.1	58522.2	58599.7	
88503.6	88337	88020.3	88205.5	87694	
87345.6	87428	87738.8	87366.1	87753.5	
113840	113885	113812	113954	113971	
116820	116586	116119	116506	116452	
21492.9	21461.6	21421.1	21388.6	21491.9	
21380.5	21530.4	21585.1	21452.8	21562.8	
43339	43829.2	43462.2	43806.4	43638	
45359.6	45734.9	45865.8	45625.2	45691.7	
70181.6	70092.4	70057.8	70352.2	69926.6	
65078	65094.7	65365.4	65092.3	65150.9	
86204.4	86432	86056.6	86239.8	86431.3	
87495.8	87380.3	87609.1	87181.2	87600.1	
18573.5	18535.4	18601.5	18740.1	18641	
18950.5	18938.8	18907	18964.8	18879.2	
35795.1	35897.6	35502.9	35605.3	35752.2	
35420.6	35612.3	35594.2	35523.1	35671.7	
53534.3	53462.6	53596.8	53589.4	53022.5	
55226.5	55500.2	55594.3	55386.9	55444.3	
69809.4	69861.7	69561.4	69787.5	69550.5	
70942.6	70837	70895	70772.7	70706.7	
15249.6	15283	15316.8	15300	15378.9	
15740.1	15833.3	15851.9	15875.5	15712.1	
29922.3	30081.8	29953.9	29966.6	29901.6	
30667	30635.6	30703.3	30500.6	30700	
45587.6	45660.6	45857.5	45845.4	45819.9	
44325	44349	44515	44541	44453.5	
60241.6	60209.4	60200	60295.9	60207.5	
60306.4	60517.1	60099.8	60485.4	60558	
13422	13446.3	13412.1	13472	13415.3	
14035.6	14014.7	14009.5	14090.8	13992.7	
25784.1	25982.1	25819.9	25974.6	25820.2	
26004.4	26102.9	26177.9	26149.8	26176.7	
38644.4	38521.6	38242.5	38539.1	38597.2	
38244.6	38392.2	38607.1	38623.7	38351.4	
50926.1	51284.8	51074.7	51154.7	51177.5	
52195.8	51853.3	52012.3	51896.8	52117.2	
46002.7	46025.2	46001.4	46085.3	46178.1	
43644.9	43680.2	43442.2	43438.6	43629.4	
86229.2	85474.2	85854.9	85243.7	85561.2	
86518.7	86734.3	87284.6	87167.8	86973.2	
126063	126573	126588	126409	126771	
125861	125729	127387	126370	126675	
167955	167865	167554	168342	168274	
170816	170599	170816	170816	170816	
30871.1	30974.5	31074.7	30816	31135.6	
28555.7	28746	28679.3	28674	28637.9	
59830.8	59181.1	59578.3	59515.2	59945	
59872.2	59626.3	59800.1	59622.6	59785.9	
87229.2	87023.3	86962	87102	87078.2	
88794.3	89259	88898.7	88601.7	88937.9	
115740	115659	115565	116074	115289	
115626	115430	115924	115622	115856	
22384.6	22396.9	22318.2	22470.8	22423.9	
22588.9	22426.4	22540.4	22635	22806.2	
44956.2	44773	44575	44555.1	44741.5	
43026.4	43239.5	43028.8	43353.9	43293.7	
65781.8	65843.7	65845.8	65792	66076	
65259.3	65069.9	64899.4	64852.2	64805.4	
87654	87654	87654	87654	87654	
86947.6	87074	86841.1	86842.6	87078.9	
17463.6	17293.5	17299.9	17351.8	17386	
18008.8	18022.2	17984.2	18033.1	18003	
35553.8	35546.5	35468.5	35675.1	35575.4	
36001.6	35864.7	35959.8	35966.9	35913.9	
53270.4	53197.2	52853.5	53238.7	53306.1	
53828.1	54227.1	53582	54014.6	54133.9	
70642.4	70469	70258.2	70532	70407	
72565.4	72436.1	72420.2	72445.6	72702.8	
14821.5	14717.7	14755.8	14895.5	14752.4	
14985.5	15087.9	15045.3	14953.8	15092.1	
29778.5	29706.1	29633	29736.7	29456.5	
30850.4	30670.3	30748.4	30755.8	30654.8	
45269.7	45303.7	45210.3	45263.4	45044	
44941.4	45055.1	45141.5	44725.5	44823.6	
59288.8	59464.3	59264.6	59432	59264.5	
58270.6	58358.4	57847.2	58170.5	58129	
13346.3	13329.9	13391.5	13421.2	13385.3	
13757.2	13766.3	13618.1	13781.2	13598.1	
25708.1	25642.1	25788.5	25726.8	25698	
26910.2	27014.3	26636.4	26792.6	26872.5	
40277.5	40334.2	39995.3	40359.3	40406.9	
38892.1	39134.6	39066.5	39082.1	39129.6	
51616.8	51754.9	51680.6	51559	51570.5	
50767.6	50839.2	50794.7	50899	50958.1	
42267.7	42161.6	42496.5	42286.7	42284.4	
42172.2	41972.9	42165.6	41880.6	41928.5	
82241.9	83129.7	83022.7	82901.6	82841.8	
85033.4	84804.9	85143.6	85339	85054.4	
130268	130362	130137	130405	129796	
129393	129608	128789	128886	129862	
175543	175236	175778	175511	175704	
176817	176393	176225	176898	176206	
29087.8	28952	28866.1	28902.7	28962.5	
30168.5	30030.6	30140	30179.4	30099.6	
59751.9	59723.5	59900	59976.2	59865.7	
57502	56812.2	57138.5	57019	57173.4	
90380.8	90203	90339.7	90254.9	90080.8	
85794	85708.7	85654.1	85731.1	85697.4	
116126	116109	116069	116126	116126	
117258	116980	117262	117258	117296	
23025.9	23016	23284.1	23023.5	23232.3	
22201.6	22212.4	22295.1	22351.7	22326.8	
43597.8	43692	43586.5	43752.8	43910.2	
43139	43246	43601.7	43286	43319.7	
65729.1	65639.3	65537.7	65741.7	65604.4	
66619.5	66543.1	66265.2	66901	67180.2	
85852.3	85663.4	85448.6	85437.9	85481.9	
87474.4	87309.7	87666.6	87388.6	87555.2	
18462.9	18531.7	18438.7	18428.2	18496.1	
18510.6	18587.3	18671.5	18631.3	18608.2	
35283.1	35434	35565.2	35518.5	35661.4	
36229.1	36301.4	36189.3	36001.4	36130.5	
53027.3	53054.8	52810.7	53127.1	52928.5	
52516.3	52416.3	53009.6	52521.2	52329.3	
69270.5	69752	69646.5	69664.1	69598.9	
73542.7	73517.4	73567.6	73639.9	73446.6	
14668.3	14763	14702.6	14560.4	14663.8	
16184.4	16221.6	16300.6	16207.8	16340.2	
29090.1	29266.3	29341.9	29229.3	29215	
30329.9	30120.7	30305.8	30200.3	30382.7	
44813.9	45107.3	44889.2	45033.1	44747	
45431.9	45429.2	45594.2	45846	45809.3	
59734.8	59341.3	59734.8	59734.8	59734.8	
59326.5	59155.8	58718.6	59149.1	58913	
13316.6	13315	13308.6	13321.7	13336.4	
13379.9	13352.4	13277	13406.3	13404.6	
27155.6	26942.8	26950.9	27136.5	27070.6	
26157.1	26149.6	26247.4	26282	26216.3	
39047.3	39275.8	39062.9	39007	39246.5	
38338.1	38410.4	38346	38059.7	38216.9	
49715.7	50008.9	49948.5	50008.9	49992.9	
52577.8	52459.2	52648.7	52465.5	52661.9	
46025	45932.7	46051.1	45821.7	46040.1	
44516.2	44431.5	44389.8	44303.8	44393.9	
91863.9	90862.6	90940.7	90976	91445.7	
83061	83511.7	83037.3	83556.5	82971.3	
131083	131015	130932	131175	130750	
129013	128650	129696	129932	129695	
174953	175775	175959	176422	175387	
170707	170696	171144	171124	171499	
27758.8	27846.6	27770.5	27824.9	27633.8	
31459.3	31564	31573.1	31380.9	31515.4	
57720.5	57752.4	57990.7	57928.8	57469.1	
59973.9	59736.5	59411.4	59405.9	59287	
87040.2	86621.7	87022.5	86904.5	87084.5	
86813.8	86857.3	86460.7	87122	87243.2	
115234	115200	114780	115124	115128	
117422	117553	117275	117071	117846	
22073.1	22162.9	22250.6	22353	22094.9	
21979.2	21994.2	21987.6	21779.8	21861.3	
42486.2	42492.5	42312.1	42768.3	42438.7	
47296.6	47038.5	46919	46608.6	46591.3	
65613.6	65614	65926.6	65846.3	65761.7	
65893.1	65995.7	65713.1	65810.3	65946.4	
87137	87107.6	87253.4	87352.4	87332.9	
88882	88779.2	88982.1	89095.3	88528.6	
18392.1	18426.3	18467.3	18498.1	18387.5	
19164	19320.9	19135	19233.1	19175.3	
36476.3	36281.9	36340.9	36174.2	36201.3	
37238.1	37462.8	37200.2	37595.5	37462.4	
54534.6	54604.2	54385.4	54364.3	54566.1	
50582.5	50502.7	50394.6	50390.8	50658.2	
70925.1	70733.3	70626.6	70734.5	70915.4	
71081.6	71291.6	71420.2	71348.6	71218.5	
16123.4	16163.2	16202.1	16110.8	16120.3	
15758.7	15498.9	15657	15604.1	15454.6	
30650.1	30818.5	30518.3	30852.4	30752.8	
30450.2	30529.5	30612.3	30600.6	30480.8	
45809.9	45725.4	45776.6	45731	45706.3	
45048.2	45064	45095.7	45195.3	45061.3	
59685.7	59485.7	59948.7	59781.3	59922.1	
58912.8	58951.3	59115.9	59196.1	59109.9	
12896.1	12957.1	12999.8	13063.7	13016.7	
13722	13710.8	13706.8	13613	13734.5	
27052.7	27232.7	27112	26884.9	27194.9	
25528.9	25494.1	25672	25520.3	25767.1	
40352.4	40035	40542.5	40237.9	40447.9	
37740.3	37842.1	37781.6	37669	37869.3	
53490.8	53379.9	53156.6	53323.4	53302.3	
50849.6	50959.1	50816.8	50959.1	50959.1	
42357.1	42397.6	42378.1	42361	42185.2	
43996.4	43849.9	43869.2	43947.7	43670.3	
86720.6	86423.8	87239.9	86481.8	87142.2	
88679.7	88686.9	89063	88968.3	89026.6	
126124	126778	126156	125643	126063	
130316	129485	129477	129768	130627	
171598	171541	171909	171467	171945	
173319	172749	172813	173213	172851	
29330.1	29580.3	29630.3	29478.3	29621.5	
28755.5	28685.1	28670	28733.9	28888.7	
57545.8	57517.8	57438.9	57624.2	57492.3	
61710.9	61447.8	61210.6	61189.6	61657.7	
87693.5	88531.1	87817	87789.6	87495.6	
87214	87491	87322.2	87066.3	86844.6	
114685	115096	114770	114715	114876	
114645	114504	114311	114264	114285	
23022.9	23183.2	23262.1	23208.5	23319.8	
23576.1	23413.2	23457.2	23486.5	23322.8	
45921.2	45810.1	45665.3	45514.9	45812.7	
43233.7	43555.9	43331.4	42827.6	42885.7	
66614.7	67173.2	67243.7	66874.6	66741.9	
68264.4	68430	68357.9	68545.7	68091.6	
90631.4	90485.6	90305.8	90042.6	90299	
86932.3	86999.3	86874.9	86963.1	86894.2	
18197.2	18303.2	18218.7	18201.4	18243.2	
18980.6	19255.1	19129.7	19164.5	19233	
36514.3	36670.5	36528.6	36610.3	36431.6	
35765.6	35369.4	35623	35722.1	35710.3	
54142.9	53805.3	54390.2	54425.1	54176.2	
53862.1	53844.4	53789.2	53682.9	54133.7	
73443.4	73299.8	73252.9	73274.3	73205.1	
70930.3	71024.4	71315.9	70958.5	70899.4	
15240.8	15226.8	15129.4	15181.6	15267.3	
15694.2	15724	15662.2	15650.5	15634.8	
30049	30177.8	30010.9	30201	30151.1	
30139.5	30273.1	30132.9	30030.8	29696	
45931.1	45849.9	45812.5	45677	45624.6	
46631.9	46508.3	46621.2	46715.2	46721	
60263.6	60265.7	60101.1	59991.5	60421.7	
60138	59864.9	60069.4	60047.5	59940.9	
13518.8	13580.7	13704.3	13576	13565.1	
13306.5	13419.9	13347.7	13306.4	13301.3	
26198.4	26311.7	26526	26273.6	26061.7	
26207.3	26508.5	26349.2	26622.4	26695.2	
39785.6	39590.5	39627	39750.3	39545.7	
39539.2	39757.9	39807.3	39858.2	39972.8	
50482.5	50224.8	50460.4	50232.8	50372.9	
51199.9	51199.9	51199.9	51199.9	51090.5	
37765.6	37673.9	37397.6	37520.2	37758.7	
35380.9	35720.1	35446.9	35410.5	35813.9	
73123	73128.3	73623.2	73118.7	73554.1	
74281.9	74594.8	74420.6	74509.9	74354.5	
104933	104015	103992	103842	104253	
105326	105382	105550	105392	105538	
141252	141219	141570	141611	141643	
137349	137191	137593	137259	137463	
25134.4	25210.5	25295.3	25118.5	25175.6	
25435	25207.6	25330.4	25294.3	25432.3	
51281.3	51150.5	50986.8	51327.4	51358.6	
47385	47473.2	47401.3	47444.7	47375.4	
72026.9	72073.4	72587.8	72653.2	72508.5	
71081.4	71713.5	71350.6	70827.6	71534.6	
96949.9	97149	97457.5	97334.6	97019.3	
93008.4	93489.6	93328.2	93205	93355.8	
19153.9	19369.3	19106.2	19327.3	19264.9	
18966.4	18999.2	18994.4	18854	19041.8	
38327.6	38373	38830.8	38581.1	38285.7	
37274.6	37149.5	37229.7	37257.3	37346.7	
56388	55660.8	56324.1	56376.8	55141.6	
53330.3	52886.3	53089.1	52968	52697.4	
72192.6	72233.9	72111.9	72317.6	72296.9	
70937	71082.3	70965.9	71142.6	71133	
15312.4	15402.4	15440.4	15258.4	15304.6	
15349.4	15443.8	15448	15322.6	15256.2	
29439.4	29104.7	29300.8	29365.4	29331.2	
30190.5	30092.6	29831	30244.1	30193.2	
44271.2	44250.5	44745.8	44272.9	44727.5	
44114.7	43794.8	43707.3	43922.9	44201.9	
59691	59621.7	59949	59470.7	59772.9	
59730.2	59773	59511.8	59719.7	59579.7	
12971.7	12905.4	12917	12934.8	12830.7	
13095.6	13190.3	13215.4	13206.6	13156.9	
25959	26010.1	26037.8	25758.1	25883	
25082.1	25142.3	24909.3	25299.2	25146.3	
36200.8	36139.7	36041.8	36364.9	36578.8	
37102.5	37088.7	36949.6	37056	36998.2	
49552.4	49781.9	49724.3	49537.3	49613.5	
48758.4	48769.1	48746.1	48558.8	48870.3	
10894.2	10911.7	10855.6	10862.1	10918.4	
11024.9	10922.2	10988.1	10948.7	10919.5	
21430.8	21207.3	21322.5	21557.8	21543.7	
22095.6	22019.9	22120	21962.9	21925.9	
32471.7	32183.2	32387.5	32211.2	32017.9	
31979.2	31765.2	31994.3	31939.6	31852.7	
42997.4	42908.3	43406.2	43220.5	43155.8	
42457.9	42419.5	42531.8	42423.7	42544.3	
34481.4	34414.1	34328.7	34526.9	34356.4	
37265.8	37518.7	37447.1	37004.1	37557.3	
68766.3	68972.1	69184.8	68474.8	69248.7	
72219.9	71924.1	72080.2	72174.1	72215.8	
110990	111778	111384	111807	111475	
110397	109572	109791	109276	109423	
140786	141370	141025	141107	141028	
143068	143458	143711	143196	143505	
24197.2	24095.3	24164.3	24080.7	23978.1	
27391.9	27307.2	26847.7	27138	27091.1	
47272.1	47254.4	47236.4	47362.8	47610.8	
50257.4	49958.9	50054	49992.9	50245.3	
73230.6	72832.1	73536.8	73116.5	73109.1	
72818.5	73257.4	73103.7	73370	72964.1	
95990.9	95944.6	96219.3	95914.2	95443.7	
95106.6	95217.6	95217.6	95148.1	95217.6	
18459.7	18465.8	18465.4	18468.3	18453.7	
17805	17599.6	17635.4	17651.6	17701.7	
36053.5	36185.1	36041.3	35968.5	35625	
36587.6	36580.1	36835.4	36534.9	36824.9	
55920.8	55407.6	55582	55891.2	55782.4	
53668.7	53444.6	53894.6	53660.9	53298.4	
70846.2	70688.1	70843.6	70682.5	70762.3	
76103.3	76113	76134.6	76170.1	76425.9	
14782.5	14975.9	15007.1	14914.9	14927.5	
15166.9	15169.4	15098.5	15260.2	15233	
29529	29364.1	29515.1	29178.4	29338.5	
29369.5	29410.2	29635.2	29693.7	29606	
44504.3	44585.9	44531.9	44555.2	44811.7	
45245.9	45472.5	44931.4	45217.5	45319.4	
57159	57131.2	57022.2	57012.1	57238.1	
59439.6	59375.6	59434.4	59348.6	59648.5	
12323.4	12420.2	12277.6	12398.4	12433.5	
12027.6	11942.1	11929.6	11972.8	11998.8	
25420.8	25253.3	25057.6	25223.8	25429.6	
24585.4	24604.7	24639.6	24691.6	24452.6	
37996.6	37971.6	37963.3	38057.1	38034.8	
36769.4	36996.6	36683.1	36929.9	36913.8	
49153.6	48824.1	48809.5	49219.3	49033.7	
48842.2	49034.8	48967.3	48860.6	48922.2	
11167.5	11212.1	11168.2	11133.1	11187	
11192.1	11259.8	11164.8	11232.7	11154.4	
20858	20936.6	20985.3	20856.5	20819.1	
21885.2	22192.6	22060	22227.8	22096.6	
33464.6	33389.8	33496.7	33467.9	33290.9	
31494	31675.6	31422.3	31595	31615.9	
42442.8	42431.1	42297.8	42201.9	42368.3	
44644.7	44669.5	44774.3	44695	44825.7	
36689.9	36856	36898.1	36687.9	36873.7	
37413.4	37711.1	37789.5	37844.6	37741.3	
68360	68497	68723.6	68602.3	68459.9	
69495.7	69309.4	69333.1	69256.6	69622.7	
107773	108166	108074	107984	108077	
106314	106237	107192	106185	105172	
142894	142955	142798	142749	143204	
138701	138464	138471	138801	138220	
24669.8	24311.1	24640.9	24402.2	24865.9	
23101.7	22989.3	23110.1	23128.3	23214.1	
48202.4	48471	48556.8	48258.2	48214.3	
45921.7	46041.2	45691.7	45846.5	45933.3	
71182	71334.2	70834.6	71480	71359.1	
71837	72133.8	72060.8	72171.6	72202.4	
97225.3	97495.8	97278.7	97243	97380.1	
95584.1	95571.8	95462.4	94922.9	95113.1	
18192.6	18318.9	18148	18069.8	18357.9	
18304.7	18342.1	18314.8	18081.2	18329.6	
37128.3	36952.9	36894.1	36865	36538.1	
36312.1	36093.5	36229.2	36205.4	35812.5	
55422.8	55259.8	55143	55481.8	55405.6	
53854.7	54006.5	53801.3	53429.5	53948.8	
73880.3	73886.6	73944.5	73847.2	73934.5	
71534.7	71762.3	71458.5	71513	71689.6	
15001.7	14907.2	14849.2	14910.6	14964.7	
15816.4	15885.1	15928.9	15713.1	15808.6	
29911.1	29794.7	29786.6	29756.3	29666.1	
29138.6	29386.6	29275.2	29492.3	29259.4	
44454.7	44237.2	44364.6	44012.7	44103	
43709.7	43502.8	43710.6	43529.9	43829.9	
60053.2	59948.9	59545.8	59723.5	59567.4	
58261.5	58459	58275.4	57973.1	58196.8	
13473.7	13475.4	13357.4	13487.1	13415.1	
13034.4	13199.7	13140.4	12986.3	13055.3	
26139.6	26189.8	26148.3	26058.8	26314.6	
24752.8	24597.1	24292.8	24449	24517.8	
38400.3	38444.8	38165.4	38301.8	38180.3	
36939.1	37102.2	37080.6	36971.7	36813.2	
47195.1	47111.7	47203.9	47215.1	47267.5	
49526.9	49526.9	49526.9	49286.5	49295.7	
11091.4	11066	10999.1	10926.3	11041.8	
10890.5	10991.6	10817.4	10893.9	10975.3	
21303.3	21473.6	21235.5	21497.5	21462.7	
21839.5	22102.7	21840.5	21765.8	22105.6	
32432.1	32275.5	32541.3	32863	32695.2	
32684.8	32655.2	32851.3	32795.5	32841.3	
43154.8	43077.3	42880.2	43003.4	43188.6	
41173.6	41269.8	41269.8	41269.8	41269.8	
39276.1	38995.3	39340.5	39108	39135.1	
37206.6	37262.9	37174.6	37517	37232.6	
74486	73469.2	74230.8	73793.1	73664.1	
70213.6	70405.1	69628.4	70184.6	69685	
99764.3	100487	100540	100830	100511	
104640	104995	105845	105067	105050	
145195	145691	145494	145449	145507	
138683	138183	139318	138896	138959	
25334.8	25261.3	25512.8	25249.7	25525	
23947	24353.9	24223.8	23926.9	24214	
49581.2	49153.5	49251.7	49103.9	49357.9	
49437.5	49650.4	49869.9	49460.1	49410.1	
74272.7	73255.8	73367.5	74075.2	73921.8	
69987.7	70820.8	70579.3	70530.9	70935.7	
94459.8	94336	94241.9	94224.3	94119.9	
96723.6	96611.2	96723.6	96532	96723.6	
19436.6	19282.3	19310	19181.1	19496.1	
18215.2	18016.7	18180.2	18168.3	18030.8	
36411.2	36441.7	36240.4	36348.4	36249.1	
37250	37104.7	37146.3	37080.4	37426.7	
54980.6	54928	54989.6	54893.5	55282.3	
53718	53806	53994.2	53681.1	54019	
72035.6	72288.6	72292.4	72122.8	72592.1	
71926.4	71997.9	71834.4	72082.7	72124.9	
14715	14694.5	14872.2	14818.3	14802.1	
15816	15797.5	15850.8	15815.8	15818.7	
30025.9	30205.8	30253.3	30285	30136.9	
30002.6	30087	29672.6	29949.3	30005.6	
44023	43770.1	43897.1	43967.5	43489.5	
45081.3	45426.9	45469.1	45188.9	45158.8	
57945.1	58263.6	58369	58518.9	58474.7	
58298.3	57854.8	57751.5	58006.8	57908.6	
13024	13092.7	13147.9	13118.7	13167	
12667.9	12505.3	12606	12530.5	12656.2	
25056.1	25222.2	25156.2	24963.8	25004.4	
25328.2	25052.3	25222.3	25047.9	25250.6	
36424.1	36243.1	36388.6	36444.5	36771.7	
37248.6	36922.3	36942.9	36895.1	36850.8	
47626.3	47816.7	47499.5	47821.5	47564.7	
49748.1	49663.7	49592.8	49778.6	49892.9	
11700.1	11598.9	11609.5	11660	11729.2	
11120.4	11152.2	11209.7	11120.1	11155.7	
21287.2	21455.7	21429.4	21602.7	21406.5	
20757.1	20660	20741.9	20611.4	20764.6	
31832.4	32024.7	31627.5	31946.4	31850.3	
30989.5	31000	30957.8	31080.7	31000	
43161.8	43209.9	43320.4	43383.3	43108.2	
42154.1	42247.1	42169.2	42247.1	42247.1	
39360.3	39366.7	39425.5	39174.5	39514	
36942.6	37144.6	37134	37092.1	37395.4	
70568.4	70872.5	70269.5	69738.5	70208.4	
69591.8	69879.4	69796	69609.5	69618.7	
105900	105865	106227	106648	105120	
107051	106987	106882	106799	106801	
137955	138012	138093	138448	138459	
138055	137982	137915	138229	138421	
24577.8	24462.3	24701.1	24796	24691.5	
23770.8	23829.1	23947	23833.8	23679.7	
46318.6	46205	46263.3	46255.5	46172.8	
49014.3	49019.6	48991.6	48665.6	48750	
72010.3	72394.9	72703.6	71621.2	72388.8	
72135.3	72436.2	71937.7	71968.8	72046.4	
94513.9	94004.6	94239.1	94227.7	93920.4	
93183.2	92755.9	92864.1	93141.3	92505.7	
18549.7	18535.9	18366.3	18353.8	18250.5	
17990.5	17879.1	17963.2	17744.7	17903	
36796	36890.1	37047.6	36762.6	36855.2	
36204.4	36183.7	36139.4	36015.1	36256.4	
53731.9	53908.4	54145.7	53984.6	54388.9	
54446	54399.6	54230.7	54346.4	54333.9	
71210.2	71026	71481.1	71518.4	71421.6	
70842.9	71485.4	71286	71320.6	71427.9	
15583.9	15523.8	15441.3	15547.8	15324.8	
15892.4	15901.5	15902.7	15799.1	15845.9	
29471.8	29733.6	29579.4	29592.3	29508.3	
28631.5	28475.5	28323	28359.1	28569.5	
44309.6	44674	44384.3	44130.8	44552.6	
44572.3	44456.6	44368.4	44569.6	44272	
58937.7	59154	59230.2	58902.6	59359.8	
58351.6	58614.9	58689.7	58868.2	58305.9	
13487.6	13455.1	13426.8	13585	13565.6	
12693.7	12755.8	12634.2	12684.8	12653.7	
25117.7	25203.3	25302.6	25138.5	25212.4	
23814.8	23910	23876.7	23792.3	23842.3	
37068.4	37057.9	36847.3	37186.6	37067.4	
36611.9	36736.1	36443.1	36638.9	36542.2	
48081.6	48436.2	48211.4	48408.1	48502.7	
48926.6	49093.9	49078.2	48893.3	49108	
10132.5	10034.2	10150.8	10073	10027	
11303.9	11327.1	11240.6	11338.5	11330.9	
21466.3	21392.7	21531.1	21414.8	21429.7	
21704.4	21660.1	21534.2	21602.4	21678.4	
32140.4	32084.5	32144.2	31820	32041.7	
32100	32053.1	32202	32339.1	32051.5	
40534.7	40534.7	40534.7	40534.7	40534.7	
41066	41098.1	40963	41010.8	41136.3	
