Factories	3	Jobs	150	Machines	3

Total number of component types per job processed by HSPM
7	11	8	8	5	10	5	6	7	9	12	11	6	7	5	6	10	9	11	5	10	11	10	9	7	6	7	7	12	11	7	9	9	7	11	5	9	8	10	12	8	7	7	5	9	6	5	10	6	12	8	12	9	7	6	11	11	9	5	8	12	5	7	7	10	12	12	7	5	11	6	12	10	8	11	7	6	5	6	11	6	12	7	11	5	12	12	11	6	10	8	5	10	11	12	5	11	9	11	6	10	12	10	6	7	12	7	7	7	12	8	8	10	8	8	12	5	11	7	9	6	10	7	12	7	5	6	10	12	7	8	10	8	11	12	10	5	10	11	7	10	10	12	9	10	9	12	6	11	11	

Total number of component types per job processed by MFPM
1	3	5	1	5	2	1	3	5	4	3	5	1	1	3	2	4	4	1	1	1	2	5	5	3	3	5	4	4	5	4	5	1	4	2	2	3	2	5	3	5	5	4	2	2	3	3	2	2	2	1	4	1	5	5	1	2	2	1	5	5	2	5	2	4	2	2	3	1	4	3	2	5	2	5	2	4	2	5	3	2	2	3	3	2	5	4	1	3	3	3	4	5	5	4	4	1	3	1	1	3	3	2	2	5	5	2	5	1	4	1	1	2	5	2	5	1	3	2	1	3	5	5	1	3	2	2	5	3	4	5	1	5	1	4	4	2	5	4	5	2	3	2	3	2	3	2	2	3	3	2	4	5	4	5	3	3	3	5	4	2	2	5	4	5	4	1	4	4	1	3	4	2	3	3	5	3	4	5	2	2	2	5	1	1	5	1	2	5	3	5	4	2	5	1	4	3	5	2	3	5	3	4	3	3	4	1	3	2	4	4	4	3	5	1	4	1	5	5	4	4	5	1	5	4	4	5	1	4	2	5	3	3	1	5	2	2	4	4	1	2	1	1	5	4	5	5	4	4	1	2	4	3	2	2	2	4	4	3	3	1	2	3	1	4	5	1	5	4	1	3	2	3	2	3	3	1	5	1	1	3	1	3	1	3	5	2	1	1	5	1	2	4	3	3	5	1	2	2	2	

All component type numbers for each job to be processed by HSPM
3	8	10	42	9	27	14	10	18	38	16	56	17	36	
12	36	10	41	13	13	17	52	15	8	7	22	1	27	14	17	19	58	2	15	9	6	
12	7	9	4	15	50	7	31	18	47	0	60	13	49	17	22	
14	67	17	24	18	57	2	59	13	47	15	26	9	20	19	19	
8	42	5	52	13	74	18	2	4	29	
5	66	9	47	8	34	19	11	6	4	4	20	10	5	14	35	12	74	0	48	
18	53	10	62	19	22	17	36	7	65	
1	66	3	10	6	8	16	24	8	46	7	9	
15	52	19	58	18	37	4	65	17	43	10	6	2	66	
1	26	5	19	10	16	13	57	9	15	4	2	3	10	8	43	18	3	
8	5	19	64	7	67	18	63	1	30	2	29	10	7	15	54	14	28	4	72	0	55	12	59	
15	7	2	65	12	62	19	39	14	48	10	68	13	59	5	70	17	42	16	32	3	57	
6	55	5	18	1	54	12	17	0	35	3	47	
13	62	19	27	15	12	9	28	1	72	18	75	12	26	
4	15	3	5	14	44	19	10	13	28	
19	63	17	13	14	51	2	50	16	59	12	52	
2	8	15	19	3	32	19	14	13	35	9	46	1	10	7	62	6	66	17	70	
7	52	12	20	8	34	0	13	9	7	16	48	10	70	11	65	6	26	
18	7	19	57	11	55	9	70	2	50	6	11	4	45	5	48	17	64	0	18	13	54	
3	45	18	58	4	57	9	19	6	47	
11	28	9	19	0	22	3	72	12	69	17	34	13	58	15	38	19	8	18	17	
10	34	4	65	15	47	0	44	18	37	17	22	9	56	12	2	2	30	3	67	19	18	
13	36	2	37	6	18	0	8	1	50	11	54	3	13	9	58	10	71	4	11	
15	56	9	59	2	43	8	1	5	51	13	60	4	11	10	62	11	4	
13	57	12	4	19	60	0	75	6	40	8	42	14	26	
16	70	10	30	5	47	1	33	7	73	9	34	
16	15	15	28	11	24	0	58	7	17	6	60	9	38	
13	31	12	8	3	29	15	25	2	53	6	43	0	10	
11	22	16	33	19	67	1	55	18	11	2	49	13	43	8	24	14	27	7	47	0	32	15	5	
19	50	18	8	14	30	8	45	12	20	7	49	13	73	15	22	6	4	4	24	17	33	
3	24	12	45	16	14	0	10	2	71	15	17	14	19	
8	69	15	25	2	7	12	72	14	73	10	21	3	52	19	70	9	37	
8	70	4	58	14	32	6	8	19	31	16	37	17	13	5	18	13	16	
2	17	3	53	17	26	11	24	10	43	18	33	12	8	
16	21	7	26	1	47	11	57	19	17	3	50	4	7	17	62	18	48	0	64	13	70	
13	52	17	27	4	66	6	53	1	58	
4	73	14	63	3	27	2	68	17	26	5	64	19	75	13	20	7	62	
1	7	8	24	11	21	18	60	16	66	19	15	12	46	15	33	
12	47	5	4	6	3	18	13	11	54	19	29	14	33	1	52	10	31	0	16	
6	72	1	32	4	58	8	34	18	68	15	67	11	10	16	46	13	37	14	56	3	31	17	24	
5	24	9	17	4	57	1	46	8	12	15	32	11	15	6	49	
12	35	11	32	16	64	3	75	17	38	0	9	19	20	
6	73	8	64	2	37	16	8	15	4	4	9	12	55	
12	16	4	62	14	18	17	54	6	46	
6	49	14	60	18	58	1	20	12	40	9	43	11	38	7	30	2	12	
10	21	5	16	3	38	19	52	4	25	13	9	
15	36	8	21	1	40	5	22	7	47	
6	52	7	10	14	11	13	3	15	75	16	36	8	69	12	12	19	49	9	60	
1	32	5	48	6	18	4	10	9	11	11	75	
14	32	8	31	1	40	6	29	19	43	11	16	2	45	4	26	9	2	17	68	5	53	3	21	
6	28	19	9	11	49	16	42	15	40	5	13	1	19	12	20	
17	68	13	41	15	30	4	20	9	36	12	26	6	5	16	57	1	35	11	49	18	53	19	18	
9	59	4	15	8	41	16	25	5	48	13	13	15	21	0	17	2	40	
17	4	3	9	13	70	8	52	1	38	18	57	5	51	
19	47	17	28	9	66	2	44	0	48	3	38	
8	51	14	18	7	22	13	4	11	62	1	46	6	14	4	28	10	27	19	40	16	1	
19	60	0	66	15	11	2	23	4	43	12	62	9	8	10	34	6	54	17	57	18	17	
1	29	15	2	11	74	9	66	5	41	14	38	0	65	4	45	16	1	
2	6	1	39	3	30	11	12	14	33	
15	69	12	3	19	18	11	48	17	66	6	34	7	61	16	56	
16	38	12	70	1	25	15	16	3	17	0	44	18	72	10	47	2	31	19	5	17	6	4	32	
14	23	4	25	15	13	12	67	0	22	
13	40	10	54	4	5	18	71	7	18	5	43	9	48	
15	74	17	9	12	4	3	64	5	55	0	52	8	24	
13	60	14	74	4	9	10	33	8	2	18	58	9	35	11	56	6	28	5	66	
13	71	7	36	2	25	12	19	8	35	0	55	14	16	16	43	10	37	15	46	19	10	11	2	
4	43	0	22	8	68	5	33	13	61	3	8	2	49	12	60	17	23	9	55	6	71	15	21	
13	64	12	21	17	59	19	56	15	24	8	46	4	23	
7	25	15	11	16	72	6	41	18	16	
12	50	15	60	13	23	10	72	16	25	11	14	7	28	8	75	14	41	9	32	18	16	
19	10	14	63	18	60	9	2	0	28	16	53	
16	18	13	53	1	66	15	41	2	51	19	75	6	43	14	44	4	17	5	19	3	68	10	50	
0	33	16	67	15	16	19	22	6	24	4	46	2	39	18	62	1	25	11	43	
13	46	9	29	16	16	10	69	19	31	4	55	12	59	17	62	
11	67	0	59	3	41	19	31	10	64	6	24	15	75	13	72	16	8	7	38	1	36	
15	5	19	26	1	47	18	56	4	49	14	55	0	22	
6	32	3	57	12	5	10	49	1	16	2	15	
4	20	12	67	19	30	0	21	7	28	
2	42	7	51	6	36	16	73	18	6	0	54	
7	38	3	46	2	64	12	3	18	10	1	26	14	56	5	33	8	20	6	29	19	36	
3	48	8	32	14	35	11	13	1	69	4	50	
2	24	19	36	10	67	6	20	16	41	3	26	18	27	9	53	1	55	0	57	13	17	15	4	
0	12	14	28	3	47	15	72	1	38	9	11	13	22	
11	17	7	72	4	33	17	45	19	73	10	56	13	69	5	19	1	44	16	26	2	22	
6	37	12	25	10	16	9	26	14	48	
5	7	3	25	11	61	15	73	2	49	4	29	13	12	0	13	8	43	10	23	17	53	19	32	
5	10	12	50	11	18	14	24	8	25	1	11	4	70	0	56	17	12	13	29	2	46	16	27	
17	41	19	64	5	10	18	62	10	48	12	57	15	68	7	16	11	29	4	15	6	22	
15	56	9	35	11	42	14	50	5	2	19	21	
16	3	10	45	0	71	7	42	11	54	2	20	3	49	12	39	15	1	18	26	
16	37	4	74	18	9	17	29	5	43	1	7	2	68	14	40	
12	30	11	35	2	16	14	42	1	45	
12	20	9	17	19	65	7	5	2	16	18	59	8	44	14	58	10	56	13	1	
10	5	9	11	3	51	17	2	5	61	14	46	1	63	19	48	11	7	6	24	8	45	
11	9	9	18	19	28	14	3	16	54	2	31	4	48	6	23	0	24	8	20	15	65	17	71	
8	19	5	39	6	69	2	11	12	44	
5	59	1	71	9	72	3	12	2	25	7	53	10	36	16	9	15	57	8	48	12	73	
4	56	1	55	5	68	14	28	9	30	16	32	12	33	2	1	18	72	
0	22	13	14	3	50	15	20	16	38	17	66	10	2	11	60	1	72	6	19	2	42	
18	43	16	2	2	13	3	10	1	40	7	67	
1	52	9	18	6	74	3	6	2	9	18	25	17	31	4	29	10	64	13	24	
4	51	6	33	1	28	5	12	16	2	3	68	2	52	0	13	10	41	12	10	18	42	15	27	
3	26	16	20	15	48	13	35	8	12	17	50	5	68	7	34	6	59	19	63	
4	63	5	39	8	20	3	34	19	56	2	14	
13	16	4	5	9	60	7	34	12	59	5	6	18	42	
16	36	8	52	6	65	13	12	2	15	5	34	1	28	17	49	0	9	14	55	15	6	7	27	
2	40	18	60	14	3	6	45	5	21	3	29	0	44	
9	23	10	21	13	22	7	28	11	41	15	2	1	29	
19	73	12	67	14	52	3	61	10	22	5	15	6	62	
14	75	13	25	0	36	7	67	9	17	1	44	17	27	12	54	5	47	18	50	19	72	4	68	
13	55	17	32	3	50	8	4	7	67	19	24	1	52	6	18	
0	56	2	16	7	25	12	69	15	52	16	55	5	70	8	60	
11	7	7	21	19	74	10	56	2	13	15	38	6	50	8	1	18	53	12	69	
16	23	4	35	2	30	7	15	18	40	11	69	0	27	12	41	
14	33	6	1	7	23	10	45	1	14	2	74	16	50	3	40	
1	46	16	7	17	43	5	47	3	12	11	5	0	24	4	54	19	29	18	32	6	56	14	35	
16	56	12	64	7	11	1	61	14	52	
1	57	8	55	3	48	18	60	13	31	15	74	0	67	10	24	19	11	11	56	17	20	
1	56	8	13	11	17	19	1	3	20	4	53	17	30	
11	65	17	45	12	72	5	16	10	34	19	24	8	68	1	50	2	55	
6	29	11	21	8	20	16	62	10	47	13	40	
2	40	10	47	16	10	19	24	3	14	14	66	11	16	8	26	1	59	18	15	
0	15	7	57	10	16	9	70	4	37	18	41	13	51	
3	22	6	55	1	71	0	13	11	15	13	49	17	50	15	38	2	9	10	26	7	73	5	65	
4	47	3	16	13	22	8	58	1	42	18	43	14	35	
2	40	18	20	11	26	14	18	3	63	
0	65	6	8	17	70	5	3	8	40	18	58	
17	56	4	30	11	34	2	21	19	5	9	31	0	36	5	72	7	24	3	64	
3	5	6	26	14	35	9	42	16	43	5	73	4	57	11	59	8	28	2	23	1	60	10	36	
1	18	19	64	9	24	15	72	5	58	17	56	11	27	
14	60	9	50	13	39	5	34	7	47	3	66	15	45	2	36	
12	8	5	34	14	60	7	54	1	39	18	21	6	16	2	27	8	59	9	71	
5	69	13	31	9	4	3	5	16	27	2	19	14	68	12	18	
12	23	7	43	13	73	3	36	4	16	15	56	11	8	8	18	14	1	1	57	19	61	
19	3	18	30	11	59	8	37	10	44	17	72	4	31	5	8	12	19	1	66	3	5	0	14	
6	59	8	54	16	31	3	12	14	36	1	57	11	65	15	64	13	42	0	30	
16	69	15	72	12	51	6	25	0	23	
2	70	5	34	17	4	7	42	11	43	8	72	18	44	15	36	1	46	10	27	
3	31	11	6	10	8	6	59	8	50	4	34	2	25	18	10	1	49	14	14	9	73	
10	17	13	38	17	25	4	50	12	72	2	3	15	16	
12	63	7	73	4	27	11	52	6	58	1	53	2	68	18	10	19	13	13	15	
5	38	2	12	14	34	19	37	3	42	1	61	16	21	18	63	0	13	12	46	
16	66	18	63	9	5	11	14	17	4	6	64	13	6	12	1	7	58	5	32	8	68	1	49	
8	38	11	70	14	12	5	59	16	57	3	7	13	40	2	51	18	18	
15	58	13	44	9	48	14	64	5	17	11	41	2	18	7	70	16	14	3	15	
4	62	7	19	10	64	6	63	8	75	15	57	1	48	16	4	2	73	
2	60	5	71	6	44	14	64	0	55	7	29	16	48	1	70	9	12	8	57	10	20	19	1	
3	57	6	34	7	25	5	30	2	75	9	7	
14	55	8	42	13	24	3	48	16	73	17	62	6	69	15	6	4	56	0	5	11	9	
6	28	3	45	18	17	19	19	11	63	10	7	1	72	15	53	14	25	9	75	0	36	

All component type numbers for each job to be processed by MFPM
7	16	
4	34	0	49	8	43	
7	12	5	2	3	15	9	5	0	6	
3	33	
2	7	4	4	6	24	9	21	7	12	
0	44	4	31	
3	2	
9	35	0	33	2	31	
3	15	4	23	5	6	6	8	0	5	
1	30	9	36	7	32	8	40	
3	9	2	18	4	1	
0	32	1	48	2	36	9	39	6	47	
4	3	
9	39	
9	10	8	23	1	6	
9	40	8	48	
2	22	4	2	7	17	0	1	
2	34	6	28	9	33	8	26	
3	16	
8	39	
4	17	
3	40	5	43	
8	21	9	23	5	11	4	3	6	16	
6	47	4	40	0	34	1	39	9	41	
5	3	8	25	9	11	
3	34	4	35	7	36	
1	1	5	6	3	5	7	23	2	12	
5	45	3	29	6	36	0	44	
9	18	1	1	8	8	2	23	
3	33	0	31	2	41	6	32	9	28	
5	3	0	24	3	13	2	22	
1	41	8	28	2	37	7	44	9	47	
0	17	
7	32	3	48	6	27	2	34	
5	14	8	4	
9	44	2	45	
0	21	8	16	6	10	
2	37	6	50	
1	12	6	20	7	22	5	9	9	15	
5	40	3	37	4	27	
1	6	3	8	6	20	7	11	5	17	
0	42	3	46	9	40	1	31	7	44	
0	4	5	6	2	10	7	1	
8	38	7	26	
9	23	5	6	
4	45	8	31	3	44	
0	16	5	25	6	12	
6	38	4	35	
7	12	6	18	
1	40	4	34	
7	7	
3	33	0	39	2	28	1	31	
9	21	
0	47	9	48	5	37	1	49	4	28	
1	17	2	4	6	14	0	16	7	3	
8	33	
7	5	1	4	
2	47	6	48	
0	22	
3	31	4	29	8	50	1	41	2	32	
8	22	7	23	6	17	9	9	5	19	
9	34	0	48	
1	4	6	21	8	20	9	9	0	12	
3	38	5	47	
9	16	1	17	3	22	2	10	
2	41	8	44	
1	6	6	23	
5	36	4	35	7	50	
6	6	
4	50	9	30	5	32	3	45	
3	10	0	1	7	11	
7	45	6	35	
5	12	3	3	2	11	8	6	1	2	
3	38	4	27	
8	4	5	7	6	11	4	8	2	6	
6	28	5	38	
8	25	2	2	3	13	0	3	
7	30	3	45	
9	9	0	12	3	18	2	1	5	11	
4	30	5	27	3	38	
8	1	6	16	
5	34	0	38	
9	5	7	25	5	3	
2	47	1	40	4	35	
0	13	8	9	
5	45	2	27	3	40	7	26	8	46	
9	17	2	1	5	10	3	18	
9	42	
9	24	8	20	3	9	
9	34	6	46	2	38	
1	1	9	10	0	22	
3	48	1	32	2	36	0	50	
3	14	9	11	6	18	7	2	2	24	
1	26	0	40	4	46	3	47	6	42	
8	5	1	20	6	18	7	10	
7	43	8	30	2	29	3	28	
1	9	
2	37	8	44	7	39	
0	3	
0	30	
2	20	4	2	8	9	
2	48	3	27	7	38	
0	5	9	18	
5	26	8	37	
9	7	7	24	5	23	6	13	1	20	
9	40	8	26	3	34	1	31	4	36	
2	14	1	25	
3	39	1	45	9	28	6	31	4	47	
1	8	
8	41	1	37	7	39	4	38	
7	6	
9	45	
0	6	9	4	
2	45	3	41	0	29	8	50	6	49	
5	23	1	7	
4	33	7	37	9	45	5	31	8	50	
5	20	
5	32	4	42	8	29	
0	11	6	23	
2	45	
8	20	5	12	4	8	
8	40	1	27	6	26	3	45	4	41	
9	12	3	13	8	20	0	23	5	3	
4	48	
9	12	4	1	2	21	
9	32	3	39	
2	14	9	11	
8	27	7	33	4	29	2	35	0	48	
8	7	4	2	0	17	
9	34	8	35	3	46	4	42	
7	21	4	8	8	4	1	10	2	1	
2	35	
1	8	0	25	9	14	8	21	3	12	
4	32	
9	8	8	6	0	21	2	14	
5	31	7	43	0	40	9	42	
2	10	1	3	
5	41	8	45	3	35	1	29	7	40	
3	19	0	9	7	4	2	12	
2	26	6	49	9	29	8	45	0	44	
9	2	7	7	
0	37	4	29	5	38	
2	2	9	9	
1	49	6	44	0	37	
0	19	9	4	
6	47	2	32	3	35	
1	14	7	8	
1	49	2	43	
3	3	5	22	1	8	
5	31	8	47	7	49	
1	23	2	24	
2	34	8	47	9	43	7	31	
0	14	3	13	8	19	9	25	6	17	
9	41	4	36	6	42	1	29	
4	11	0	6	7	21	9	18	8	14	
2	30	1	39	6	47	
1	2	5	21	6	3	
7	26	4	40	5	29	
1	8	3	20	2	1	7	24	5	16	
9	29	7	27	8	50	2	46	
8	2	2	18	
8	50	1	28	
0	18	5	16	3	17	6	10	1	24	
4	42	6	32	0	28	3	38	
1	10	6	14	8	15	3	19	2	1	
4	44	8	30	9	39	3	49	
7	14	
5	35	8	26	2	34	4	37	
6	20	0	4	9	13	3	10	
3	44	
2	21	5	6	7	16	
5	50	4	46	3	28	8	30	
8	22	9	4	
5	47	0	28	4	42	
1	23	9	10	2	21	
0	39	5	35	3	42	1	38	4	30	
3	15	5	22	1	25	
5	33	2	38	7	40	3	27	
7	10	4	24	1	3	2	18	9	21	
9	36	3	30	
3	14	8	5	
9	46	8	49	
6	7	0	14	9	23	7	16	5	15	
2	36	
3	16	
9	28	6	30	3	27	7	47	5	46	
0	9	
2	40	8	47	
0	17	9	16	3	14	4	10	8	1	
3	46	1	47	0	44	
4	22	1	10	9	23	2	24	7	7	
8	26	0	46	7	28	9	35	
2	12	1	17	
4	41	9	35	3	27	8	39	1	42	
6	22	
1	32	5	44	3	26	0	35	
2	8	3	17	6	7	
5	43	4	34	7	42	0	35	6	50	
2	13	3	2	
8	32	5	44	6	39	
7	4	4	23	5	25	9	24	0	21	
5	29	4	43	8	34	
9	25	0	15	7	2	3	6	
8	29	1	41	2	31	
5	25	9	5	6	8	
9	40	4	49	5	47	7	44	
0	24	
0	49	7	38	5	34	
0	7	2	15	
1	33	8	28	7	47	4	26	
8	14	6	13	5	11	4	17	
8	42	4	46	2	36	3	27	
8	21	7	2	1	15	
9	35	3	28	1	26	4	43	8	33	
5	10	
9	49	8	37	0	46	1	30	
3	10	
2	35	1	49	5	41	4	33	9	47	
4	15	8	4	7	25	6	6	1	14	
3	50	4	38	9	44	5	27	
9	4	7	13	3	18	6	24	
3	26	5	35	7	46	8	50	2	41	
7	11	
2	35	0	36	8	41	4	40	9	43	
3	12	9	19	7	6	4	16	
3	40	6	31	8	37	2	48	
5	24	0	25	8	5	1	3	6	10	
5	49	
0	14	2	10	8	13	3	1	
3	26	0	49	
3	2	9	13	2	10	8	24	6	7	
8	50	2	48	0	32	
3	4	0	3	9	2	
2	32	
8	25	1	16	9	12	7	17	0	11	
4	40	7	37	
8	14	3	15	
0	43	1	32	4	34	9	30	
3	15	6	10	8	9	5	7	
4	40	
5	6	1	8	
5	42	
8	16	
2	48	4	30	8	29	3	35	7	40	
9	10	1	13	7	19	6	9	
9	48	5	28	0	41	4	35	3	49	
7	21	0	13	4	15	9	12	3	3	
5	46	9	32	3	33	8	36	
9	5	0	8	2	14	6	16	
4	32	
2	12	1	5	
7	27	5	43	4	32	3	34	
7	2	1	9	4	18	
3	42	6	44	
8	3	4	2	
7	35	3	36	
7	8	0	21	5	4	1	12	
6	41	0	44	3	39	5	29	
5	7	2	8	6	2	
5	48	3	34	8	28	
9	14	
4	32	5	42	
9	19	7	15	3	20	
8	41	
1	2	6	22	7	15	4	18	
6	37	3	44	5	29	9	50	4	46	
7	18	
5	40	1	27	0	41	6	30	8	46	
8	22	7	18	2	11	5	17	
9	32	
7	1	5	16	1	7	
6	37	7	33	
5	13	0	21	1	4	
1	43	0	30	
8	17	2	11	9	16	
8	46	6	30	5	49	
0	23	
0	39	3	31	5	49	6	46	4	42	
5	5	
0	37	
9	2	3	25	4	7	
8	46	
1	25	2	13	4	5	
0	45	
0	15	2	24	4	3	
5	33	1	27	0	26	4	40	7	48	
9	2	1	11	
6	33	
8	22	
4	38	3	26	9	40	8	48	1	28	
0	4	
2	45	0	47	
6	15	5	12	3	2	4	8	
1	48	7	38	9	44	
2	13	8	6	5	16	
0	41	4	34	2	31	9	26	5	49	
0	9	
0	43	7	30	
0	25	6	6	
1	33	7	45	

Three processing times per job on each machine
The best scenario
421	667	640	
235	367	187	
499	434	608	
429	429	245	
276	66	203	
1199	626	430	
475	375	754	
1010	290	648	
300	626	437	
208	295	270	
211	245	252	
352	674	313	
124	249	534	
241	274	399	
752	632	439	
70	109	79	
256	689	685	
269	438	556	
545	564	392	
224	266	678	
96	126	329	
825	335	721	
583	714	241	
121	364	244	
315	225	391	
656	533	540	
319	350	236	
295	255	210	
403	257	645	
56	44	66	
137	247	233	
66	287	222	
307	596	917	
379	573	686	
348	514	156	
231	203	273	
124	137	91	
526	354	279	
148	131	282	
259	348	607	
685	846	356	
143	114	141	
215	301	535	
762	560	301	
906	434	622	
121	202	214	
1071	1006	616	
480	212	249	
302	596	661	
532	378	602	
117	143	109	
488	731	243	
683	601	229	
478	690	225	
217	300	322	
238	234	224	
436	467	270	
368	204	549	
153	165	249	
242	54	224	
474	437	211	
561	210	448	
342	304	305	
236	131	614	
222	140	225	
362	321	260	
101	200	66	
893	1165	521	
344	413	358	
284	250	177	
148	180	157	
107	160	80	
137	198	185	
365	652	1139	
117	199	217	
531	255	184	
182	248	252	
420	371	709	
519	265	353	
760	412	382	
682	615	458	
326	227	288	
65	159	153	
504	367	457	
236	416	325	
258	1029	441	
112	198	184	
574	327	801	
287	69	168	
95	75	175	
111	427	476	
138	273	303	
221	83	88	
385	241	494	
315	245	116	
382	609	160	
217	273	447	
399	321	697	
404	94	284	
259	357	247	
970	883	646	
315	590	105	
230	243	505	
460	183	205	
366	318	432	
219	165	197	
397	258	138	
219	653	416	
506	705	399	
396	283	366	
715	407	823	
217	113	333	
136	218	115	
307	698	300	
312	180	402	
265	441	767	
215	175	106	
587	623	660	
233	631	505	
781	659	674	
717	756	752	
55	48	51	
330	120	337	
194	281	616	
258	229	240	
123	143	164	
290	221	188	
507	348	655	
159	210	62	
329	680	503	
92	108	153	
403	1032	480	
361	112	111	
605	541	668	
460	496	931	
279	197	214	
528	93	247	
173	670	497	
404	916	1019	
960	397	226	
258	336	231	
1008	893	424	
448	661	752	
618	618	431	
512	416	497	
622	921	464	
487	332	490	
210	230	168	
234	311	389	
560	489	275	
Most likely scenario
738	1078	984	
376	715	204	
642	808	1007	
473	566	449	
296	111	311	
1227	813	610	
797	436	804	
1037	553	983	
425	674	608	
236	433	339	
274	279	433	
368	802	598	
239	361	618	
309	502	545	
1198	1199	677	
129	114	94	
431	717	914	
382	694	693	
782	757	454	
301	450	836	
130	129	441	
936	570	1110	
975	785	366	
231	518	327	
517	448	706	
1130	847	1000	
559	376	354	
450	257	348	
645	315	652	
102	60	77	
248	344	323	
102	367	310	
475	1029	1186	
492	892	894	
453	539	270	
290	207	433	
219	222	152	
560	602	491	
202	183	398	
328	458	710	
1000	1018	509	
264	216	241	
249	358	562	
1187	763	488	
975	465	748	
194	334	389	
1238	1156	1036	
790	417	270	
314	871	740	
661	690	705	
176	215	169	
576	1276	474	
735	853	343	
495	956	293	
362	451	342	
239	279	347	
459	494	437	
377	324	728	
272	307	263	
260	70	290	
530	480	260	
626	314	667	
361	395	346	
377	259	724	
247	146	236	
374	393	290	
113	222	79	
1088	1301	641	
347	472	522	
419	336	281	
230	210	279	
121	269	108	
192	207	191	
442	660	1140	
128	241	312	
771	499	337	
257	258	338	
502	466	775	
532	449	585	
888	465	571	
891	866	488	
635	450	472	
109	201	190	
689	541	793	
321	445	445	
328	1113	491	
136	256	208	
1027	367	941	
289	94	258	
130	114	177	
195	461	550	
235	353	376	
310	164	167	
529	381	531	
413	402	229	
644	818	284	
419	538	448	
770	446	871	
419	140	429	
435	585	270	
1260	1203	961	
366	601	195	
257	325	510	
600	282	322	
478	557	451	
250	204	369	
615	297	262	
410	833	555	
892	1124	646	
642	495	646	
1119	603	913	
367	138	527	
146	224	142	
385	905	493	
429	243	413	
453	649	1108	
275	244	134	
1053	669	674	
451	709	567	
931	831	877	
943	1017	787	
72	75	83	
349	220	452	
299	419	718	
389	249	361	
130	180	210	
405	429	370	
956	499	1090	
165	243	86	
446	954	984	
123	164	168	
557	1083	907	
443	219	201	
793	571	1203	
875	720	1347	
381	378	223	
609	180	280	
281	1137	923	
502	1159	1221	
981	435	337	
341	443	347	
1320	984	548	
660	689	868	
887	714	742	
796	442	610	
660	978	621	
491	656	562	
262	235	261	
277	396	403	
812	805	473	
The worst scenario
908	1497	1107	
497	852	294	
832	1126	1309	
693	752	555	
360	163	365	
1663	892	774	
855	456	953	
1048	723	1327	
546	952	754	
338	555	498	
408	398	597	
417	970	682	
306	384	923	
407	659	783	
1569	1445	755	
176	136	135	
585	774	1134	
556	769	854	
1154	1098	596	
390	674	1056	
153	130	580	
967	638	1247	
1296	1078	419	
322	595	339	
665	646	1034	
1489	1000	1018	
629	497	498	
537	297	514	
930	355	838	
111	63	102	
338	455	446	
149	543	459	
509	1101	1701	
694	904	938	
559	774	376	
341	281	435	
324	320	154	
743	654	729	
242	200	588	
470	622	991	
1366	1516	681	
347	279	280	
367	505	611	
1598	1032	613	
1320	476	1054	
284	444	508	
1483	1676	1307	
948	551	390	
441	1034	1029	
911	814	808	
185	262	240	
621	1853	623	
818	1148	355	
591	1220	298	
450	676	379	
354	367	442	
644	575	593	
406	465	1059	
348	414	270	
380	90	360	
627	624	376	
903	457	974	
368	578	447	
533	297	844	
301	217	312	
416	482	389	
167	235	107	
1327	1815	784	
367	504	657	
561	405	358	
308	222	333	
153	396	128	
253	245	250	
579	802	1213	
159	298	373	
982	710	368	
269	363	343	
565	670	1049	
535	529	766	
1063	594	672	
1003	925	519	
745	661	500	
162	287	268	
780	726	1150	
471	564	562	
334	1619	497	
203	310	220	
1048	447	1153	
301	106	297	
143	151	264	
289	584	732	
332	434	385	
415	219	239	
715	428	650	
580	560	324	
931	887	353	
448	740	543	
839	561	995	
514	203	510	
539	874	395	
1826	1723	1079	
464	629	276	
293	368	524	
746	303	403	
518	780	458	
288	280	482	
887	335	312	
572	988	717	
1032	1244	657	
928	697	868	
1248	864	1368	
463	142	729	
213	238	162	
479	1193	557	
501	255	585	
510	655	1587	
333	356	141	
1278	890	789	
616	817	801	
1142	933	1040	
1282	1234	925	
75	107	117	
477	240	664	
363	564	1029	
465	351	383	
139	236	315	
584	431	413	
1372	730	1249	
226	335	100	
632	1109	1413	
147	167	249	
735	1232	1264	
590	244	213	
1163	666	1705	
1089	932	1393	
423	439	258	
750	255	358	
346	1338	970	
669	1190	1673	
1164	618	479	
466	635	480	
1748	1275	821	
794	936	1175	
1003	802	800	
899	638	632	
939	1448	622	
500	700	738	
303	346	337	
284	542	443	
1178	978	661	
