Factories	4	Jobs	200	Machines	3

Total number of component types per job processed by HSPM
8	11	8	12	6	6	11	10	8	12	9	9	12	7	11	10	5	9	7	8	6	6	7	10	8	10	9	9	9	11	7	10	6	7	8	6	9	9	7	8	6	8	10	7	11	8	6	5	6	5	8	7	12	5	7	6	6	6	9	12	6	8	11	11	12	12	5	11	10	6	12	11	6	6	10	10	9	5	11	6	11	6	10	5	9	11	12	10	10	10	10	10	7	7	5	7	9	11	5	5	7	5	11	11	7	9	7	12	5	6	12	6	11	5	11	11	8	6	6	7	11	5	6	9	9	5	6	6	6	11	10	9	9	7	10	7	10	6	11	11	8	12	8	5	6	8	5	9	7	8	12	5	10	7	12	10	7	12	7	7	10	12	10	10	7	11	10	9	7	7	5	8	10	6	7	11	6	9	6	7	6	8	8	12	6	8	12	5	6	11	6	11	6	7	7	7	9	9	12	7	

Total number of component types per job processed by MFPM
5	1	1	1	2	4	4	3	2	5	3	1	1	1	2	5	1	1	4	5	3	1	3	4	3	1	2	1	2	5	5	1	5	1	5	2	3	5	5	1	4	3	5	4	4	2	2	1	2	1	4	4	1	1	3	1	1	5	2	2	3	2	2	3	5	4	1	1	4	5	5	3	3	4	1	4	3	1	1	2	5	5	2	5	4	2	5	4	4	2	2	4	2	2	3	3	2	5	1	2	2	2	4	2	5	4	2	3	2	5	5	4	3	1	4	5	2	3	3	3	2	4	4	2	5	4	2	3	4	1	5	3	2	1	1	4	1	4	1	3	3	5	5	2	5	1	4	1	4	5	4	3	4	1	1	3	5	2	2	4	3	5	3	3	5	4	3	4	1	1	3	1	5	5	2	2	4	5	5	4	5	4	4	3	3	3	5	3	2	1	4	3	3	2	1	3	3	4	3	5	3	4	2	4	1	3	2	3	3	3	2	1	5	1	2	4	5	2	1	4	1	2	1	4	2	4	1	3	1	4	3	3	3	3	5	3	5	4	5	5	1	5	2	3	3	1	4	4	5	2	2	2	4	4	1	1	2	5	5	1	2	1	1	3	3	4	4	2	4	2	5	5	5	5	1	3	2	3	2	4	5	5	3	4	4	3	4	2	4	5	1	1	4	1	5	5	5	3	4	3	1	2	4	5	5	2	3	1	2	3	3	3	2	5	2	4	5	4	2	2	5	1	2	1	3	4	3	2	4	5	4	4	1	3	5	2	2	5	1	2	2	1	3	1	5	5	3	2	3	3	4	4	5	5	3	3	1	3	1	2	2	4	5	2	5	3	1	4	3	3	1	5	5	5	1	4	4	1	4	3	3	4	4	4	2	2	5	1	5	2	5	2	4	1	1	5	5	3	2	2	

All component type numbers for each job to be processed by HSPM
16	44	3	60	12	45	8	17	18	54	0	68	19	4	9	19	
10	24	4	14	3	67	17	71	6	34	15	48	14	73	18	54	13	29	16	11	1	39	
15	28	5	71	1	2	2	10	12	37	4	11	3	3	17	53	
9	32	4	26	8	53	3	5	10	31	11	33	16	16	6	68	12	9	5	35	14	20	15	75	
13	43	9	74	19	73	10	69	4	60	7	23	
5	17	17	75	10	15	18	46	3	68	6	37	
11	30	13	6	12	61	10	64	8	42	18	20	1	1	9	14	0	49	7	29	5	50	
14	10	2	27	3	50	4	4	0	3	1	17	15	70	10	19	11	21	19	12	
19	42	9	38	17	20	11	70	8	58	2	63	3	22	7	34	
12	9	19	38	1	8	9	61	13	20	16	36	5	34	2	19	0	18	18	70	10	28	4	64	
13	28	7	4	12	15	10	29	0	60	1	70	15	44	4	66	11	53	
10	49	8	72	19	14	6	43	5	33	2	10	16	50	9	8	15	28	
7	21	11	44	14	62	5	3	0	66	2	7	4	31	17	58	9	53	15	75	1	67	19	61	
16	8	4	42	5	66	14	68	2	2	6	10	0	20	
16	23	0	56	5	6	4	8	9	67	2	46	7	12	11	74	3	42	12	72	13	64	
16	45	17	66	4	50	10	22	11	61	2	20	9	32	14	71	0	48	18	41	
16	21	5	45	6	7	0	36	14	9	
18	50	4	45	13	30	3	43	8	47	0	73	7	64	6	32	12	42	
4	16	6	14	12	2	7	29	15	73	11	75	8	40	
7	13	18	47	6	6	2	4	3	43	10	34	17	75	11	54	
0	62	11	61	14	13	8	6	6	48	3	29	
16	32	14	61	3	49	4	16	17	10	11	12	
13	12	6	34	11	18	3	71	5	7	9	1	18	37	
16	33	8	29	13	28	6	71	11	27	4	31	14	61	19	37	0	67	5	59	
6	53	15	35	14	29	5	7	13	10	12	72	2	44	11	54	
8	47	11	45	13	27	9	6	4	38	0	68	3	28	1	75	2	46	6	44	
4	47	12	69	2	2	16	39	11	1	6	62	15	16	1	30	7	68	
12	55	18	54	15	42	1	37	19	13	13	29	10	33	11	12	7	57	
18	11	12	12	6	9	0	16	9	60	13	64	11	38	2	40	15	13	
7	67	10	45	5	22	11	30	0	52	15	35	8	20	4	51	18	64	19	16	14	49	
17	75	11	49	3	51	13	28	1	13	19	10	4	26	
13	64	18	5	9	72	15	39	6	50	12	9	4	67	8	40	17	31	10	10	
14	27	5	65	11	29	12	49	19	31	0	73	
4	60	18	57	10	15	0	74	15	64	19	5	2	3	
3	24	10	59	17	63	19	56	13	10	18	69	6	44	5	70	
2	21	6	60	17	58	3	32	15	3	12	2	
8	1	9	2	13	46	5	73	4	42	19	30	3	70	17	39	10	14	
0	63	5	15	15	67	10	71	16	40	4	68	19	53	3	35	8	44	
17	43	6	70	9	41	8	10	1	13	10	33	2	40	
19	4	0	40	1	2	14	7	17	12	2	20	5	73	4	5	
14	71	15	46	12	56	18	3	7	30	13	8	
2	59	18	50	9	19	12	8	16	67	6	30	19	20	15	35	
1	29	7	57	17	40	12	3	2	10	4	23	18	30	16	31	5	42	10	52	
17	15	7	39	6	56	5	49	9	65	8	21	15	8	
2	47	7	22	6	14	10	61	1	18	11	55	0	49	18	43	3	21	16	3	12	75	
17	47	5	63	4	60	1	28	9	5	3	59	7	53	12	67	
18	17	1	20	12	52	0	19	11	5	15	58	
14	49	7	54	4	28	16	45	11	18	
10	67	14	54	0	49	8	56	3	58	13	60	
6	28	1	65	14	12	15	68	4	40	
6	58	4	29	19	19	7	48	8	64	1	28	13	26	18	75	
0	19	18	4	5	38	19	49	13	55	14	71	11	44	
6	74	1	8	13	50	9	27	11	51	8	19	4	2	14	11	15	32	18	43	19	16	3	61	
15	34	19	49	17	37	6	7	1	63	
18	10	6	31	3	35	15	59	11	60	8	2	19	40	
7	23	1	8	9	28	15	52	6	22	11	21	
3	40	5	4	17	45	2	25	18	55	12	61	
14	41	18	27	7	48	12	5	10	45	16	20	
8	23	11	62	0	51	4	36	5	64	18	8	19	9	16	71	17	7	
11	2	17	44	15	6	9	14	4	28	16	11	10	46	12	52	18	35	5	33	7	20	19	53	
11	70	7	3	0	75	14	74	2	19	16	31	
13	3	10	62	7	35	2	36	12	24	11	38	8	33	19	39	
17	35	5	10	18	4	12	30	8	40	16	66	19	58	1	53	7	42	6	2	2	67	
0	35	13	61	18	15	10	47	19	57	1	25	15	65	5	43	3	55	11	69	9	52	
15	14	5	26	8	41	9	42	17	50	13	17	3	53	7	61	18	39	6	62	12	12	1	70	
13	45	12	20	1	73	0	37	2	74	5	68	15	49	7	64	18	59	10	71	9	24	6	3	
2	19	11	2	18	54	4	39	9	41	
11	51	2	9	0	68	1	32	16	70	18	4	13	57	4	23	17	69	14	56	3	48	
9	2	0	41	13	15	12	70	3	50	7	54	4	75	17	5	15	19	5	35	
6	16	13	31	1	42	16	48	15	37	17	34	
9	1	16	49	13	35	11	71	15	14	19	8	0	44	7	69	14	57	1	34	18	26	17	75	
14	10	0	39	13	15	7	2	1	65	12	35	4	61	2	58	3	52	11	37	18	32	
2	15	12	29	6	49	18	73	8	4	0	74	
14	60	9	8	13	51	10	14	1	35	8	26	
18	25	6	7	8	12	11	62	0	18	3	17	19	40	7	52	1	70	9	72	
17	53	16	24	11	21	7	65	10	28	19	8	12	52	14	61	6	55	5	20	
11	51	6	39	2	52	7	28	4	17	5	15	18	47	16	56	9	69	
7	70	14	12	11	3	17	55	10	50	
6	60	3	33	2	46	15	47	16	62	0	31	19	41	1	59	13	21	10	54	18	50	
1	62	16	29	3	15	12	43	0	50	7	17	
8	68	13	61	0	65	16	29	10	56	12	53	3	60	17	67	9	30	2	4	18	11	
14	38	12	68	6	73	9	74	1	58	11	36	
15	15	1	60	16	68	18	6	13	9	6	39	2	5	19	59	5	25	8	32	
15	19	0	35	9	23	4	10	11	24	
11	34	6	21	14	8	8	37	9	69	15	58	19	65	5	61	10	24	
3	23	10	30	6	19	18	7	11	56	0	45	5	24	1	21	8	12	14	55	19	17	
7	3	2	28	17	45	4	18	9	39	1	71	11	62	19	60	15	25	12	59	16	65	8	32	
13	63	0	67	2	2	17	38	7	6	14	29	5	7	9	12	12	33	15	59	
12	36	16	59	3	17	5	5	10	64	18	10	2	7	6	68	7	55	15	23	
3	51	2	54	16	69	11	2	8	20	14	64	7	5	10	1	18	37	5	24	
7	12	14	31	8	54	18	23	4	47	16	29	3	45	19	70	17	58	5	28	
6	68	1	24	9	28	5	60	7	55	2	5	3	32	10	23	15	50	19	52	
6	29	11	46	10	62	13	21	3	24	12	12	7	8	
9	58	2	7	3	51	13	5	16	48	17	23	6	52	
4	67	10	24	11	74	6	63	1	58	
5	30	7	41	8	59	9	58	4	12	3	62	14	39	
3	28	15	57	14	59	2	55	16	23	4	58	13	52	19	24	11	38	
12	70	17	15	11	36	19	3	14	13	9	17	2	37	7	33	3	22	1	2	5	66	
16	48	12	12	7	16	18	62	2	60	
0	3	11	74	8	44	4	28	13	2	
17	47	15	70	3	33	13	43	5	40	2	74	9	48	
17	38	14	52	0	63	8	70	18	69	
6	69	13	35	18	9	5	44	0	51	12	22	8	53	11	10	3	59	4	70	7	21	
9	57	15	50	8	43	18	25	0	44	6	24	13	13	12	12	4	47	17	73	19	62	
16	69	8	29	3	75	1	11	17	74	12	7	7	53	
9	60	12	18	19	37	15	48	0	50	8	33	2	53	10	36	5	28	
16	7	8	42	2	23	15	64	6	2	17	67	14	54	
4	41	17	61	7	74	15	45	18	60	5	5	12	50	19	10	2	40	10	19	9	36	11	20	
6	1	10	38	2	73	5	54	14	51	
3	20	10	55	18	57	2	6	5	41	4	49	
2	68	19	54	6	40	14	48	13	10	18	47	10	74	16	58	5	46	8	4	1	27	7	22	
8	20	11	47	2	53	4	71	6	6	7	34	
17	11	6	54	2	5	14	33	11	69	9	66	1	26	13	21	12	59	18	74	16	39	
15	13	5	8	18	12	10	38	9	11	
18	1	7	22	15	2	19	57	10	63	1	65	9	18	6	6	0	54	12	44	5	7	
18	23	0	19	2	54	8	50	1	71	4	26	10	31	17	45	15	17	7	56	5	5	
7	65	0	38	15	71	1	10	13	73	19	42	4	46	2	70	
10	7	14	22	4	55	11	36	6	71	1	41	
13	51	8	31	12	16	5	70	3	15	2	7	
15	30	0	17	9	28	10	64	6	71	7	52	18	50	
4	35	19	14	16	2	18	23	15	24	1	39	7	45	12	71	0	48	6	17	8	15	
0	16	11	64	19	65	5	26	16	75	
7	22	12	58	3	16	19	18	11	34	10	69	
0	49	19	50	4	35	9	59	17	75	7	2	18	8	13	5	12	13	
12	71	10	7	1	55	11	74	0	61	14	66	5	72	3	57	13	38	
19	15	12	22	16	67	10	32	9	2	
6	75	5	23	19	20	15	72	10	70	18	16	
0	13	1	54	4	41	15	74	6	69	5	5	
8	39	10	10	9	59	2	58	3	4	6	45	
16	32	10	27	0	24	13	5	3	70	5	75	11	71	8	74	14	3	4	61	17	39	
18	49	1	64	14	73	9	18	5	57	17	74	3	38	2	65	10	20	0	43	
3	36	2	32	9	14	13	21	0	17	8	66	5	50	12	26	19	31	
15	63	1	69	8	22	6	3	7	54	16	35	19	13	14	12	4	43	
19	48	11	54	16	39	18	35	3	62	0	36	7	3	
12	9	14	39	6	30	9	51	5	43	13	55	10	20	11	54	4	21	8	58	
11	8	15	36	19	74	17	48	13	9	2	34	14	4	
15	16	19	53	4	26	8	56	9	75	13	65	0	12	3	63	18	15	11	43	
12	36	16	67	8	3	9	60	0	34	10	8	
13	43	12	29	14	67	4	26	0	60	15	51	11	36	8	61	7	1	5	50	19	71	
4	34	8	5	7	24	9	46	18	45	14	2	1	63	12	38	2	60	19	48	11	43	
17	75	14	18	0	59	5	24	18	58	9	36	7	73	11	13	
19	12	4	40	0	16	8	29	11	34	13	41	1	23	12	10	18	74	5	42	10	54	15	63	
9	4	14	36	11	2	0	31	5	3	15	68	8	33	16	5	
8	68	7	7	1	70	15	28	4	31	
14	42	3	10	1	36	9	53	12	58	13	21	
13	61	10	16	7	15	4	25	14	45	1	74	5	20	0	10	
17	5	19	45	15	26	4	60	9	24	
17	51	10	74	15	28	18	31	11	67	2	13	12	57	9	18	7	12	
19	44	5	18	2	23	12	31	8	58	6	17	7	56	
1	13	2	63	7	20	13	68	5	29	11	48	18	64	19	4	
18	56	15	23	6	62	19	37	7	7	5	58	10	75	13	5	16	27	0	9	12	69	17	65	
14	9	7	68	1	23	2	47	10	2	
18	66	5	54	7	11	13	56	4	17	12	27	9	58	10	2	0	10	8	64	
7	23	11	13	14	42	12	66	17	34	10	41	1	24	
12	41	1	25	10	1	7	59	13	15	16	17	9	33	6	36	4	75	15	5	11	49	8	51	
10	19	2	62	3	30	4	43	14	12	1	29	17	18	5	33	9	11	19	9	
9	25	7	22	13	49	2	24	19	13	18	36	12	33	
17	53	11	5	19	9	7	3	14	13	0	35	1	10	8	17	4	7	15	75	16	47	10	14	
12	2	1	72	2	39	9	18	16	42	11	10	15	1	
9	51	12	67	16	59	7	12	14	7	10	53	6	17	
12	27	8	15	15	74	14	24	7	34	6	71	16	3	10	56	5	50	11	28	
0	56	10	10	13	34	8	16	5	28	19	39	17	73	11	3	14	21	9	31	1	64	3	26	
5	63	10	60	0	36	15	41	14	33	7	39	13	34	12	4	6	23	19	70	
3	33	5	48	14	8	0	19	9	41	2	22	12	35	7	1	17	10	15	37	
17	38	16	61	10	12	8	9	15	13	0	72	6	29	
7	22	14	48	12	47	9	10	10	9	19	55	5	62	13	58	2	53	4	29	11	56	
1	11	13	31	19	38	2	55	16	29	5	12	11	58	8	53	12	1	15	71	
16	33	7	42	15	65	17	16	2	55	5	38	11	10	18	46	12	54	
9	3	1	59	4	44	8	15	0	42	3	33	6	6	
14	66	3	23	7	29	18	74	16	70	17	68	9	55	
18	19	5	1	19	24	11	15	3	27	
15	34	7	16	8	58	12	62	16	17	13	13	14	71	18	27	
12	30	4	1	14	61	13	19	6	39	16	16	8	27	18	9	2	10	7	45	
3	48	11	2	18	49	13	27	0	3	19	69	
15	5	6	57	14	75	9	22	12	15	3	19	16	33	
3	52	8	55	9	48	12	7	5	1	7	5	18	27	15	33	14	53	4	18	10	11	
18	45	11	62	2	54	1	42	8	50	12	53	
5	32	1	64	4	59	11	43	3	23	14	72	9	33	16	51	8	73	
15	62	5	73	16	19	3	7	11	37	17	22	
13	40	0	4	12	17	16	37	11	68	18	30	1	7	
12	40	19	21	15	6	3	9	1	4	8	65	
4	40	8	31	6	50	12	26	9	22	2	60	18	15	19	43	
3	65	11	57	13	44	8	34	19	20	1	2	7	9	10	39	
12	68	8	67	7	29	6	72	11	22	4	5	3	25	18	35	19	45	2	24	13	55	0	52	
8	9	2	51	3	8	16	57	14	23	11	12	
9	47	18	30	3	15	17	51	8	23	10	43	15	31	13	63	
15	40	1	47	11	14	5	68	9	21	4	39	2	32	12	1	17	55	14	66	7	18	8	35	
6	72	0	74	10	28	18	61	12	65	
15	22	3	35	10	31	4	41	14	5	13	52	
13	34	3	10	8	13	7	61	18	66	17	63	6	48	5	58	9	44	15	62	11	55	
2	59	3	50	9	25	19	23	8	47	4	70	
9	11	1	28	6	61	19	25	0	36	4	67	12	71	14	46	5	34	8	49	7	37	
7	7	3	14	19	4	18	6	16	50	6	31	
5	6	19	18	17	32	12	14	16	61	14	52	3	15	
18	47	19	8	8	48	9	68	5	37	0	12	1	20	
14	55	0	38	12	8	3	26	8	51	6	22	15	47	
14	27	7	75	19	10	15	14	10	68	18	34	11	1	8	32	5	20	
14	49	5	37	18	67	15	66	2	3	9	30	8	29	4	6	19	26	
2	40	4	49	14	11	8	69	5	16	12	60	1	52	6	70	19	61	0	2	17	24	11	20	
17	18	12	55	6	66	16	29	10	24	11	47	14	41	

All component type numbers for each job to be processed by MFPM
6	14	1	9	7	16	4	5	8	1	
1	49	
5	8	
8	50	
2	17	9	15	
1	30	2	37	8	27	0	28	
5	25	0	2	6	20	7	11	
3	31	0	48	5	38	
4	25	6	24	
3	26	7	37	9	41	4	28	1	35	
8	13	5	8	4	11	
6	32	
4	15	
8	40	
6	23	7	25	
5	39	3	45	0	49	1	31	8	50	
1	18	
8	50	
8	6	0	7	9	5	1	9	
5	42	8	50	2	27	6	31	0	26	
1	8	0	2	2	24	
2	37	
4	20	5	23	8	14	
6	42	9	32	5	43	1	49	
6	23	8	14	3	16	
9	46	
5	14	2	7	
1	27	
5	15	4	21	
7	39	2	35	0	46	5	42	8	36	
3	5	8	24	6	11	5	4	4	15	
2	31	
7	2	1	22	8	25	3	3	0	19	
8	29	
7	7	2	3	3	22	0	11	8	4	
1	45	6	31	
9	24	6	18	5	4	
1	37	7	28	9	32	8	26	6	48	
7	12	0	11	8	21	9	15	4	16	
4	28	
0	22	3	5	8	20	4	15	
3	30	7	33	2	43	
3	9	5	2	7	6	9	23	8	15	
2	41	5	46	6	31	7	34	
6	18	2	6	4	2	0	20	
0	29	7	47	
8	1	5	7	
6	26	
5	7	6	24	
8	40	
4	16	7	10	8	15	9	2	
6	28	3	38	2	27	0	39	
3	19	
9	27	
6	10	5	3	2	20	
7	34	
0	5	
0	49	4	37	2	39	3	46	6	42	
6	2	2	13	
1	27	9	40	
1	3	4	14	8	2	
5	41	6	38	
2	25	1	17	
1	36	6	50	9	29	
2	17	9	21	6	13	1	4	8	7	
6	42	1	43	4	45	8	35	
3	24	
8	50	
6	19	0	17	9	14	3	9	
5	34	7	40	4	42	0	45	8	31	
9	10	3	4	0	16	5	14	6	7	
8	46	0	43	1	35	
7	16	6	7	8	13	
8	43	0	28	9	44	6	31	
7	24	
5	28	6	31	4	30	7	45	
1	11	0	10	6	19	
4	27	
0	10	
3	35	4	45	
3	5	0	20	6	14	2	22	9	10	
0	30	9	40	3	27	6	47	5	28	
5	8	4	25	
0	45	8	31	3	44	5	37	6	40	
4	16	8	13	3	25	1	7	
6	50	0	32	
0	16	7	18	6	2	5	22	4	9	
4	30	6	28	0	33	5	29	
4	22	7	15	8	24	0	8	
4	46	6	48	
6	4	4	7	
5	43	3	28	0	48	9	29	
5	25	9	4	
7	49	6	35	
5	2	2	3	4	19	
5	41	2	26	6	27	
4	25	5	14	
7	46	3	32	2	30	1	47	9	35	
9	12	
0	32	1	46	
2	18	0	16	
8	42	6	48	
5	7	2	3	8	1	4	8	
3	48	4	34	
9	1	1	19	4	10	2	7	6	22	
6	39	7	26	1	35	3	27	
3	17	7	3	
6	35	1	50	3	49	
7	9	4	7	
5	39	9	43	4	35	8	41	0	28	
2	21	9	13	3	10	5	7	8	8	
6	35	4	48	7	32	3	38	
8	15	7	10	5	2	
9	32	
6	9	4	19	2	22	3	6	
6	48	7	41	5	46	8	50	3	36	
9	16	4	6	
1	35	5	33	2	26	
7	4	5	24	4	19	
1	33	8	26	0	28	
8	18	6	22	
8	33	7	48	0	50	3	29	
8	6	6	12	5	15	0	1	
1	41	0	47	
5	24	2	5	6	6	4	16	8	19	
6	29	1	38	8	32	5	44	
6	10	2	15	
4	37	7	50	0	32	
7	21	1	15	2	4	3	22	
4	28	
8	21	0	4	6	15	9	9	3	19	
8	49	4	27	1	46	
9	17	8	24	
1	47	
8	7	
5	41	6	49	9	33	0	40	
2	22	
7	39	0	41	2	42	3	28	
7	12	
1	43	5	35	4	46	
6	23	5	1	2	3	
6	29	8	44	2	33	9	46	5	40	
1	21	4	8	5	18	8	4	9	20	
1	46	2	28	
0	22	5	2	3	12	6	7	4	6	
6	39	
6	16	9	5	7	12	4	9	
8	41	
3	3	2	14	6	23	9	6	
5	49	7	35	0	29	2	34	8	50	
9	11	6	4	4	6	8	12	
3	28	7	47	5	26	
8	14	7	6	0	8	5	25	
2	45	
2	5	
1	29	6	30	3	43	
3	11	2	21	5	4	6	14	4	17	
4	41	1	38	
7	6	1	15	
7	50	2	29	9	35	3	41	
9	18	1	22	2	1	
4	49	2	39	0	32	3	44	8	50	
0	17	2	10	9	7	
2	44	1	30	9	34	
4	21	1	16	5	10	7	6	3	17	
8	47	5	42	7	40	4	43	
5	17	4	4	0	1	
9	31	8	29	6	46	2	32	
1	9	
6	28	
4	18	3	5	1	2	
7	43	
1	12	2	21	8	13	7	24	5	11	
3	33	9	36	0	42	4	30	2	38	
9	21	6	2	
1	38	0	48	
1	13	5	20	9	11	6	9	
2	43	9	48	4	45	5	44	1	40	
5	5	2	6	9	18	4	24	8	16	
9	43	1	37	0	27	8	39	
8	7	1	12	0	4	2	8	5	16	
4	35	8	42	9	45	1	44	
2	24	6	23	1	12	9	7	
3	38	5	49	9	27	
7	18	6	19	2	3	
2	37	1	32	9	38	
9	4	0	2	3	12	6	17	5	16	
2	44	8	48	5	29	
4	19	3	14	
4	48	
1	13	7	20	2	6	0	3	
1	26	0	27	5	30	
0	21	9	3	4	12	
9	38	1	46	
9	15	
4	32	0	40	5	46	
6	5	7	23	3	3	
3	36	6	38	4	27	0	31	
7	10	5	18	9	20	
8	49	6	32	0	39	2	45	9	48	
9	13	0	25	7	18	
3	28	2	43	7	38	1	32	
3	19	7	24	
4	35	3	27	8	50	7	38	
0	22	
8	31	9	42	0	35	
6	22	0	9	
3	32	7	27	6	37	
6	13	7	11	4	14	
8	36	3	40	4	48	
7	5	5	25	
6	50	
7	21	8	24	6	2	4	16	3	14	
9	39	
9	24	5	10	
8	31	5	44	6	43	3	49	
1	10	6	18	7	22	4	4	5	6	
6	33	7	48	
8	4	
6	49	1	27	9	33	2	39	
9	17	
0	44	7	29	
7	8	
6	48	4	47	0	30	8	44	
1	10	0	14	
9	34	4	46	6	43	2	26	
5	5	
7	46	4	45	0	27	
7	21	
3	49	5	32	8	46	9	50	
8	14	0	9	2	23	
3	50	2	36	5	31	
6	16	7	15	3	12	
4	31	1	50	7	38	
5	22	3	23	9	19	2	15	1	9	
3	36	5	48	1	39	
6	7	9	17	4	25	7	18	1	20	
4	44	5	49	1	43	6	42	
1	20	3	7	7	23	4	12	9	9	
8	48	9	33	0	39	3	32	7	31	
9	18	
9	44	2	45	4	46	8	38	1	48	
3	16	4	5	
4	50	7	39	2	43	
1	6	0	22	7	14	
2	32	
9	18	0	5	7	2	2	23	
1	46	7	35	6	26	5	34	
2	3	3	18	5	17	7	4	1	16	
0	43	8	49	
7	15	6	1	
9	44	2	37	
8	8	6	4	7	6	1	5	
5	31	2	46	4	50	9	27	
0	11	
4	31	
2	4	1	8	
0	50	4	47	8	44	2	48	3	38	
3	1	4	13	7	18	1	6	8	10	
0	34	
6	22	9	8	
2	36	
1	20	
5	37	9	40	4	38	
0	4	8	6	6	3	
9	26	8	50	5	35	7	29	
6	25	8	12	5	22	7	18	
2	43	8	49	
7	20	0	2	5	6	4	23	
4	36	9	27	
9	20	0	4	1	21	3	7	4	23	
7	43	1	30	2	44	4	34	8	41	
1	19	9	20	8	21	6	14	4	12	
6	46	8	34	4	43	3	44	9	30	
9	25	
1	43	3	29	7	27	
6	22	2	2	
2	27	3	43	5	47	
4	9	8	24	
0	37	9	36	1	38	2	45	
8	25	1	24	2	17	6	14	3	16	
3	37	8	29	5	48	7	41	1	39	
3	3	7	9	5	15	
7	31	3	37	5	41	6	26	
5	10	9	6	2	20	4	14	
3	50	8	29	4	45	
5	2	8	14	4	11	7	17	
0	37	6	38	
5	7	8	22	2	5	6	8	
6	42	0	27	2	26	9	50	7	38	
2	18	
1	30	
5	15	9	7	7	25	0	8	
3	31	
0	9	5	22	2	13	7	8	8	4	
6	32	8	38	0	29	2	49	4	42	
4	21	3	23	9	1	8	19	6	3	
2	46	8	37	4	47	
0	22	9	1	6	19	3	2	
7	32	2	39	9	38	
9	4	
5	41	4	48	
2	22	5	15	1	23	7	20	
4	31	3	30	0	40	6	44	1	34	
3	1	1	11	4	7	0	18	7	15	
1	36	7	33	
8	4	1	9	5	19	
8	37	
0	11	1	6	
7	44	4	50	0	39	
8	2	7	20	1	6	
8	38	7	49	3	37	
7	20	3	24	
3	33	4	44	1	42	7	26	5	41	
8	11	2	15	
7	45	0	43	6	30	1	33	
9	7	4	2	5	23	8	12	3	11	
7	30	9	47	0	33	1	48	
8	20	0	22	
7	46	3	48	
3	21	9	22	8	11	0	7	2	14	
5	30	
4	9	6	14	
3	39	
0	23	4	1	7	18	
2	44	6	37	0	47	3	38	
9	13	3	25	8	16	
4	29	0	44	
5	23	2	7	8	18	0	24	
6	32	4	38	3	42	9	30	0	41	
6	10	7	3	1	16	4	5	
7	40	0	44	8	36	1	38	
2	6	
9	49	1	33	0	43	
9	4	3	13	6	6	1	18	7	10	
7	45	4	32	
7	7	2	8	
9	38	3	35	7	30	4	29	6	49	
7	5	
5	40	9	31	
3	7	5	23	
0	37	
1	15	7	7	3	10	
3	28	
2	5	5	10	6	23	8	1	4	7	
4	36	0	35	3	31	7	29	1	42	
1	22	5	17	9	1	
3	32	0	42	
8	18	3	24	9	6	
9	48	0	50	4	33	
9	19	1	17	4	16	2	4	
7	27	6	45	2	37	5	46	
3	19	9	8	2	20	8	16	7	10	
6	48	4	30	3	50	1	28	9	31	
9	1	3	2	4	8	
9	41	3	37	6	28	
7	24	
4	34	9	28	8	41	
0	22	
0	26	1	39	
7	11	0	17	
4	35	5	32	2	44	3	50	
6	13	5	22	7	17	2	20	9	7	
7	32	2	26	
9	6	7	18	1	19	4	15	0	24	
4	29	0	33	1	31	
2	16	
1	47	4	44	8	37	7	40	
5	18	1	16	9	8	
4	35	7	39	8	28	
0	14	
6	41	4	32	1	27	7	39	3	28	
2	21	6	2	4	4	8	11	3	7	
4	31	6	34	7	37	9	47	8	30	
9	3	
9	37	6	27	8	41	4	50	
2	8	1	20	7	3	3	18	
0	32	
7	10	4	19	5	15	8	2	
1	29	7	34	9	33	
9	11	4	1	7	15	
2	37	9	30	8	47	4	26	
7	20	1	2	6	4	9	14	
2	43	4	44	6	29	7	46	
8	15	2	12	
1	40	7	28	
1	1	3	16	4	19	8	21	2	11	
1	48	
2	8	8	21	3	14	9	25	6	20	
8	40	9	35	
2	10	5	24	7	25	6	8	3	3	
8	42	4	49	
0	15	5	18	2	24	6	10	
8	31	
7	4	
7	47	3	38	5	46	8	33	0	44	
9	22	5	4	0	6	2	17	7	5	
5	45	1	27	9	44	
3	7	0	18	
8	34	2	48	

Three processing times per job on each machine
The best scenario
480	676	494	
364	810	614	
1096	655	1161	
764	680	927	
143	272	226	
163	159	131	
616	1091	205	
433	200	233	
177	188	328	
385	327	717	
195	98	167	
89	190	114	
346	420	506	
138	251	117	
278	315	765	
429	347	610	
585	335	840	
338	706	770	
606	762	1077	
442	760	561	
281	266	217	
442	464	311	
251	496	178	
343	240	455	
66	61	152	
710	720	1345	
635	446	890	
397	275	171	
397	389	646	
825	673	739	
283	220	587	
203	473	396	
764	769	453	
110	38	57	
537	345	449	
596	948	788	
209	279	405	
445	237	290	
749	649	612	
203	180	215	
87	241	198	
194	180	153	
604	1020	540	
184	552	253	
680	517	974	
572	975	918	
394	604	475	
315	135	272	
454	826	736	
105	392	395	
270	380	604	
306	205	420	
500	446	510	
390	120	350	
223	310	205	
63	91	139	
317	712	725	
112	81	104	
451	544	593	
158	322	105	
138	122	217	
221	177	134	
128	737	197	
408	195	165	
222	317	525	
1214	320	906	
48	185	151	
1013	486	581	
174	44	116	
294	326	403	
841	462	579	
377	100	249	
1086	509	543	
188	492	624	
305	929	672	
763	664	337	
580	578	641	
293	519	191	
381	1034	1066	
604	476	499	
322	1065	933	
478	270	617	
145	216	70	
335	419	558	
47	90	101	
546	502	715	
370	188	113	
213	216	244	
86	142	137	
396	265	334	
598	811	737	
259	286	369	
385	233	134	
486	412	709	
283	323	199	
226	281	180	
488	179	234	
85	277	111	
299	357	613	
686	407	494	
943	325	751	
1067	564	434	
166	92	80	
270	377	654	
208	509	662	
578	616	372	
718	458	600	
292	157	607	
264	450	179	
715	624	725	
441	502	222	
671	267	788	
377	274	314	
135	217	106	
237	165	638	
519	880	518	
446	870	946	
641	462	496	
1190	451	633	
718	205	310	
979	334	911	
575	446	648	
163	415	405	
257	537	573	
182	228	599	
322	102	261	
473	305	944	
250	447	663	
308	187	271	
567	366	386	
351	995	422	
279	197	253	
386	186	485	
208	387	281	
577	480	320	
261	169	164	
278	794	364	
639	1016	960	
523	533	167	
618	565	571	
513	312	342	
239	404	512	
237	189	182	
585	891	991	
471	299	245	
71	192	151	
171	523	213	
106	185	143	
392	726	179	
492	537	446	
358	208	294	
1177	490	529	
714	1386	968	
615	579	424	
636	671	980	
200	504	273	
126	109	65	
392	514	328	
288	234	248	
522	1016	308	
342	410	815	
336	422	171	
138	60	92	
162	83	208	
361	161	338	
638	513	365	
715	598	592	
584	452	313	
178	457	394	
1073	346	540	
217	762	675	
766	427	854	
565	498	417	
618	455	735	
161	426	92	
189	119	148	
428	292	256	
229	101	230	
753	639	167	
474	257	414	
856	710	250	
625	532	239	
559	1112	836	
1081	448	215	
84	131	128	
682	274	757	
215	328	430	
818	811	353	
67	130	76	
115	252	248	
140	179	144	
324	241	421	
291	179	306	
913	329	677	
315	560	321	
255	981	677	
565	464	287	
84	63	179	
180	197	188	
938	708	643	
Most likely scenario
585	840	814	
585	854	1070	
1151	678	1257	
1016	796	1246	
248	467	362	
200	193	233	
1005	1188	339	
437	294	292	
233	219	489	
730	406	903	
328	109	267	
120	257	194	
573	451	613	
141	304	123	
407	426	896	
753	391	664	
643	431	928	
498	732	960	
1020	764	1085	
564	961	874	
369	418	230	
853	919	407	
272	569	307	
405	289	630	
77	66	188	
828	936	1372	
1096	509	1240	
447	344	309	
417	590	1100	
873	786	784	
329	341	598	
243	873	527	
872	830	464	
135	65	65	
871	392	514	
1119	1001	891	
269	489	653	
531	423	487	
923	958	865	
309	220	300	
170	337	199	
220	262	191	
616	1175	723	
338	667	487	
699	713	1008	
1006	1392	1181	
778	634	624	
441	267	523	
626	994	1232	
202	396	460	
410	663	776	
358	390	423	
502	712	754	
516	166	356	
377	354	210	
71	127	178	
437	800	758	
204	102	170	
854	1005	835	
247	496	133	
170	243	308	
379	237	263	
200	778	226	
461	202	269	
351	446	806	
1265	455	1054	
91	211	191	
1449	698	821	
198	74	151	
298	362	646	
908	684	689	
436	149	277	
1133	851	865	
312	790	975	
361	1176	1109	
1162	890	499	
827	591	864	
372	592	218	
598	1196	1193	
902	607	804	
637	1141	1032	
503	527	634	
164	235	103	
337	643	838	
75	149	115	
692	520	918	
437	256	149	
285	293	258	
172	184	170	
755	272	556	
761	853	954	
434	500	625	
410	270	151	
645	570	939	
373	630	268	
312	390	189	
638	282	335	
163	291	209	
480	541	675	
954	562	687	
1080	412	767	
1255	1063	545	
204	170	95	
378	458	663	
310	550	701	
631	688	496	
1021	785	930	
314	219	609	
318	456	278	
858	634	1149	
589	755	269	
995	513	1199	
651	332	429	
208	238	179	
308	194	642	
892	1202	639	
885	1021	955	
764	499	774	
1201	816	856	
778	358	572	
1424	616	1078	
1088	790	657	
196	492	545	
449	579	794	
313	343	1019	
372	150	297	
519	481	1403	
299	536	775	
556	360	466	
755	682	446	
595	1026	702	
482	337	393	
391	273	710	
275	419	543	
770	560	388	
426	252	180	
448	838	373	
846	1175	1270	
686	635	289	
990	694	747	
624	624	448	
465	528	678	
336	368	284	
683	906	1159	
499	482	408	
112	225	207	
336	659	274	
114	250	155	
677	771	269	
686	923	486	
406	393	403	
1423	740	751	
1076	1427	1214	
631	700	638	
1124	701	1380	
364	582	392	
170	161	86	
631	529	594	
355	286	322	
652	1299	608	
491	699	1043	
495	460	197	
143	93	138	
211	154	279	
476	292	359	
681	605	462	
900	867	643	
782	775	344	
336	727	463	
1125	453	778	
284	874	727	
884	637	929	
619	576	486	
753	520	1134	
185	667	176	
208	140	189	
577	577	277	
437	120	271	
761	717	294	
551	500	530	
952	932	422	
626	600	333	
681	1250	1115	
1099	733	330	
94	208	216	
1136	283	874	
370	513	477	
834	1229	555	
75	170	99	
168	260	397	
208	247	251	
441	247	503	
411	289	415	
1085	623	1181	
461	1014	365	
429	1243	1205	
695	549	497	
98	91	180	
353	258	221	
1230	1202	648	
The worst scenario
762	1182	1001	
794	928	1539	
1409	814	1317	
1382	1116	1814	
337	598	368	
214	210	343	
1438	1209	492	
652	395	302	
341	252	641	
1076	454	1187	
463	119	384	
142	309	225	
846	519	865	
177	405	147	
597	616	1222	
907	430	744	
772	549	1294	
516	895	1209	
1282	976	1116	
644	1080	1044	
382	610	252	
1097	1055	602	
393	594	398	
595	336	754	
93	75	276	
1163	1343	1854	
1631	699	1378	
610	359	388	
498	859	1293	
1205	951	938	
392	471	806	
277	1005	550	
1132	1023	500	
185	94	76	
1177	561	580	
1470	1092	1000	
317	530	843	
759	596	670	
1257	1026	1100	
377	270	418	
237	344	267	
277	383	268	
884	1205	821	
440	993	608	
958	719	1034	
1035	1736	1404	
826	743	774	
582	295	633	
840	1366	1786	
301	418	513	
478	738	823	
494	487	496	
522	817	1033	
670	245	404	
505	489	235	
103	176	189	
588	1129	1100	
306	122	179	
1170	1446	1035	
259	684	140	
252	313	393	
445	262	316	
223	819	303	
607	302	276	
355	632	908	
1771	614	1244	
134	272	270	
1782	908	928	
256	104	192	
420	389	712	
1244	758	961	
651	180	370	
1693	1258	1295	
418	977	1039	
435	1622	1654	
1462	1061	593	
884	709	892	
496	799	294	
653	1680	1399	
1229	826	846	
877	1707	1280	
649	696	867	
193	331	118	
344	815	982	
112	157	170	
746	625	1323	
530	371	174	
288	331	352	
177	265	194	
854	353	609	
1059	1095	1071	
546	648	808	
451	400	223	
886	574	984	
425	930	396	
400	439	197	
803	307	344	
194	310	281	
546	803	684	
1147	563	967	
1528	445	926	
1740	1330	634	
273	175	107	
384	629	795	
416	578	863	
806	841	720	
1514	923	1092	
406	316	637	
431	624	370	
972	833	1430	
669	1021	387	
1406	658	1544	
706	424	522	
303	250	184	
315	271	870	
1276	1536	736	
1257	1302	1211	
1028	748	919	
1672	1004	954	
800	424	826	
1616	669	1401	
1427	818	891	
245	502	734	
563	641	1040	
362	471	1391	
524	207	306	
744	582	1830	
387	544	892	
723	499	507	
999	742	463	
822	1387	862	
648	379	580	
531	399	916	
286	434	728	
863	566	489	
498	255	264	
471	1231	422	
1083	1476	1829	
977	931	370	
1411	722	748	
742	691	627	
560	640	977	
376	544	409	
825	990	1518	
511	621	535	
116	267	277	
342	908	324	
129	252	191	
1015	935	279	
992	1071	685	
415	516	456	
1610	1051	870	
1610	1493	1463	
857	916	827	
1636	938	1786	
541	840	486	
203	175	121	
791	626	766	
512	351	448	
686	1931	891	
559	1036	1271	
738	630	217	
210	112	139	
225	229	317	
655	396	483	
864	618	485	
1136	1223	844	
870	800	443	
459	1033	630	
1132	488	1040	
413	1160	1089	
1012	737	1290	
829	771	540	
806	631	1287	
229	854	205	
312	175	266	
593	591	304	
631	172	274	
796	1044	300	
580	619	614	
1156	1293	599	
750	835	356	
777	1858	1603	
1548	979	350	
106	309	221	
1243	345	916	
494	702	599	
995	1565	749	
98	206	140	
223	317	460	
253	366	353	
451	279	748	
567	383	504	
1224	724	1190	
563	1199	437	
610	1700	1496	
955	579	585	
100	131	219	
395	314	301	
1636	1278	777	
