Factories	3	Jobs	50	Machines	3

Total number of component types per job processed by HSPM
9	8	6	6	11	7	5	9	10	8	8	6	12	10	9	12	10	8	7	9	9	6	8	10	9	10	5	6	10	6	5	11	8	5	12	8	7	12	5	6	7	11	6	9	6	12	11	11	10	11	

Total number of component types per job processed by MFPM
2	2	4	2	1	3	3	4	1	5	1	4	1	3	5	5	5	4	1	2	4	1	5	2	3	2	5	5	3	3	5	4	5	4	5	2	5	3	5	4	3	4	3	3	1	5	1	4	2	5	3	4	3	2	1	2	5	4	4	1	2	5	4	3	2	4	2	2	2	4	4	4	1	1	3	4	4	5	3	2	1	3	5	4	4	2	2	4	4	5	5	3	2	2	1	5	5	5	4	1	

All component type numbers for each job to be processed by HSPM
3	69	15	31	12	74	17	47	1	21	13	58	0	23	10	59	7	42	
4	59	18	1	19	15	15	48	6	24	3	38	8	3	11	52	
2	70	8	38	10	66	9	4	7	57	5	61	
9	22	4	13	17	72	15	55	7	54	14	62	
9	31	13	52	11	53	12	61	8	6	4	29	15	64	10	75	3	54	2	30	18	18	
2	75	6	42	9	29	18	24	11	62	17	53	19	22	
17	37	8	56	9	23	11	63	4	53	
5	36	0	24	18	64	6	7	12	71	19	55	1	5	15	22	11	11	
12	21	5	15	13	56	2	18	19	22	4	38	14	16	18	20	16	46	9	1	
13	27	4	8	3	30	15	59	1	5	19	51	9	21	11	42	
1	12	3	3	14	58	11	53	7	42	8	39	17	62	19	21	
17	48	11	33	16	41	7	7	5	46	8	35	
13	29	16	4	4	72	11	53	5	69	12	52	3	39	2	67	9	47	19	20	8	55	1	30	
18	25	2	12	8	45	10	60	11	20	4	63	17	21	0	32	7	50	6	64	
12	15	18	2	6	35	15	22	14	59	0	56	2	45	13	61	10	49	
5	25	19	49	7	15	11	7	16	43	9	67	6	11	15	44	10	40	18	63	1	55	4	33	
10	28	0	74	7	16	16	5	14	13	5	10	17	39	9	29	11	48	1	69	
16	56	14	47	10	23	1	75	13	17	19	6	7	8	4	58	
19	30	9	7	11	70	0	24	15	68	2	54	1	29	
2	67	11	34	18	18	8	54	0	17	1	1	6	10	19	27	15	58	
1	16	18	44	19	47	12	37	7	71	10	65	3	10	8	56	4	62	
11	62	12	25	2	40	3	58	6	12	9	15	
15	55	8	30	4	19	16	28	11	32	6	44	9	37	5	3	
9	43	15	74	12	71	16	66	13	31	5	33	3	75	18	63	17	11	11	22	
19	49	4	43	6	24	1	66	13	19	11	3	17	70	15	1	10	53	
10	65	6	31	7	9	0	47	18	46	15	14	4	35	13	3	12	54	5	30	
18	21	14	37	13	18	5	25	16	59	
17	48	7	31	8	54	1	33	10	58	18	73	
14	71	16	58	19	33	11	7	1	40	10	2	7	21	2	59	5	37	9	26	
13	16	4	73	7	42	1	1	17	64	14	11	
9	17	18	38	19	62	4	19	17	73	
8	50	4	48	7	6	0	25	11	22	17	29	2	51	18	39	12	44	9	72	3	59	
18	4	12	51	9	61	10	42	6	72	14	59	16	1	7	49	
18	27	9	23	16	59	5	61	2	39	
7	72	10	10	6	23	12	73	4	5	11	55	1	45	3	40	18	47	8	65	9	49	17	4	
15	5	9	72	4	28	12	48	1	1	5	39	6	47	17	51	
6	2	4	1	14	3	2	59	17	42	19	12	12	64	
1	5	12	70	0	31	14	71	19	41	5	45	17	35	16	36	2	24	4	6	10	39	13	69	
3	24	4	54	0	75	15	15	18	47	
2	34	19	67	6	38	9	39	14	18	8	6	
3	39	6	15	19	74	14	31	16	64	15	61	1	38	
3	23	13	49	17	56	7	8	11	43	8	69	2	54	5	30	6	6	4	45	15	21	
15	49	9	7	0	27	11	26	17	55	16	6	
9	18	15	8	1	40	11	58	18	32	4	69	12	48	3	54	0	72	
15	9	8	35	1	40	11	73	14	33	12	3	
0	16	4	65	9	3	8	45	15	55	18	34	6	31	5	46	1	9	12	49	2	43	14	17	
18	35	19	74	1	38	11	43	13	63	3	39	8	24	9	48	5	5	4	55	10	26	
16	17	10	14	12	43	4	54	11	15	6	63	3	64	0	47	17	29	1	16	9	46	
6	65	13	57	2	71	0	3	11	46	19	52	12	12	7	5	8	73	5	21	
16	22	15	74	8	8	18	75	0	21	14	27	3	55	7	4	4	2	13	39	19	31	

All component type numbers for each job to be processed by MFPM
5	7	4	1	
6	50	2	49	
6	4	9	16	2	17	7	11	
2	46	5	28	
5	19	
2	28	6	37	4	26	
1	1	2	25	9	17	
1	36	3	27	9	43	5	47	
9	9	
3	34	1	45	6	49	0	43	4	31	
0	16	
7	41	2	45	9	27	1	49	
3	5	
1	26	4	40	0	38	
6	12	9	21	5	16	3	20	1	2	
8	29	2	27	3	28	1	37	6	34	
2	13	5	2	9	5	4	17	7	10	
6	45	4	42	0	38	3	30	
3	6	
7	35	2	39	
3	7	0	9	6	2	7	11	
0	44	
3	8	7	5	4	23	6	20	0	7	
7	43	5	41	
6	1	1	10	4	25	
3	31	2	49	
1	9	7	24	4	17	3	5	0	4	
8	35	3	34	7	41	9	38	5	37	
2	20	1	24	4	14	
4	29	3	50	0	43	
1	18	6	3	2	1	0	11	3	19	
2	45	7	36	4	48	5	41	
5	22	3	2	2	15	0	4	9	24	
8	30	1	43	2	32	0	39	
2	2	0	12	7	8	8	21	6	3	
8	33	6	42	
0	4	4	21	5	7	8	10	3	8	
1	29	4	30	7	41	
5	17	3	7	9	5	1	4	8	24	
3	29	0	50	5	27	7	37	
3	8	7	3	1	22	
6	49	2	32	9	31	4	35	
5	23	4	17	1	2	
3	46	4	42	5	48	
2	4	
9	47	6	31	8	49	2	45	3	29	
0	13	
6	40	2	50	4	30	7	29	
6	7	9	4	
8	44	6	26	0	40	9	48	2	50	
7	9	1	18	3	6	
8	35	2	39	5	43	7	41	
2	22	4	13	7	16	
2	46	4	41	
8	12	
9	34	6	47	
3	23	5	8	0	22	7	7	8	25	
3	49	0	39	8	29	7	27	
0	5	8	3	7	18	9	16	
7	27	
3	10	2	3	
9	37	8	38	3	46	2	34	1	40	
2	19	1	1	0	20	4	8	
9	50	3	42	6	28	
2	20	4	1	
3	42	8	26	2	32	9	49	
8	18	1	5	
5	32	8	33	
6	14	2	22	
3	35	2	44	0	29	4	41	
7	9	3	21	9	3	0	19	
9	26	7	29	0	34	2	31	
1	23	
5	26	
4	4	5	15	1	12	
0	48	5	34	7	26	2	45	
3	15	1	3	6	12	2	24	
3	49	8	42	4	50	2	39	5	47	
4	3	2	17	9	9	
4	31	5	40	
9	10	
6	32	3	37	1	33	
0	4	7	15	3	1	9	20	8	11	
7	37	8	47	9	44	0	36	
7	22	3	18	0	10	5	16	
3	36	0	49	
9	16	0	22	
4	36	5	46	0	49	9	43	
1	20	0	25	5	15	9	4	
7	26	8	29	9	40	3	37	6	39	
1	19	4	12	6	23	3	21	2	24	
5	36	9	42	6	31	
2	13	6	18	
5	49	6	35	
6	19	
9	31	4	38	5	47	1	45	7	27	
9	3	0	14	6	22	3	8	1	11	
2	37	5	33	7	48	3	44	8	40	
9	11	7	23	0	6	8	16	
8	36	

Three processing times per job on each machine
The best scenario
180	256	231	
58	29	76	
37	47	21	
251	267	98	
54	141	204	
160	223	58	
252	157	80	
57	186	152	
12	34	50	
32	12	64	
45	75	91	
199	256	118	
283	159	131	
206	60	118	
236	280	111	
109	77	88	
18	52	59	
257	319	218	
104	236	206	
158	154	126	
239	68	154	
26	75	36	
71	153	69	
126	272	240	
396	194	353	
212	242	201	
96	93	104	
100	87	115	
226	232	422	
123	104	168	
46	89	76	
263	336	242	
178	249	122	
71	40	93	
50	190	148	
407	335	274	
138	180	129	
225	377	225	
61	36	33	
118	106	124	
416	412	119	
99	93	83	
245	61	51	
215	416	274	
75	163	254	
66	85	53	
35	26	27	
210	112	151	
96	183	148	
181	101	181	
Most likely scenario
197	369	370	
88	51	109	
39	53	24	
354	325	113	
102	142	279	
163	286	75	
290	285	127	
100	231	170	
16	39	55	
42	24	65	
56	93	180	
306	287	187	
304	276	200	
322	105	184	
258	287	208	
118	102	144	
28	64	91	
498	452	377	
163	237	248	
251	218	241	
243	71	229	
33	76	60	
114	239	129	
169	316	386	
551	198	385	
265	355	250	
143	95	121	
170	143	196	
279	440	462	
230	186	185	
90	159	89	
434	395	325	
196	251	147	
130	77	160	
91	244	165	
427	352	387	
181	293	164	
380	411	293	
90	57	55	
203	175	136	
602	629	224	
187	181	117	
248	111	91	
224	440	370	
79	199	285	
106	129	80	
58	33	52	
389	218	173	
191	217	165	
222	137	206	
The worst scenario
214	421	499	
107	70	115	
54	75	34	
372	337	128	
114	161	280	
219	358	89	
355	334	189	
147	344	185	
17	43	69	
48	33	79	
79	127	255	
380	327	222	
440	365	255	
425	131	226	
365	424	212	
161	144	182	
32	73	121	
738	556	434	
200	284	368	
303	259	340	
333	100	236	
47	98	90	
151	351	173	
200	415	458	
738	270	452	
309	509	291	
212	104	124	
209	161	291	
367	631	471	
309	267	262	
122	238	110	
546	504	484	
250	369	192	
162	92	218	
117	255	237	
550	380	468	
183	325	245	
519	544	427	
135	81	74	
285	238	148	
835	911	283	
253	184	124	
371	143	101	
251	459	441	
84	207	288	
122	130	94	
78	46	63	
546	274	181	
270	232	215	
280	143	225	
