Factories	3	Jobs	150	Machines	3

Total number of component types per job processed by HSPM
12	5	10	9	7	11	12	11	11	9	6	12	7	8	7	12	11	7	7	6	8	7	9	11	5	11	11	10	5	12	11	6	7	12	12	8	6	9	10	7	11	5	10	6	7	11	6	5	5	12	8	10	7	12	12	9	8	6	10	9	10	7	12	10	9	9	5	12	8	6	11	9	10	9	7	6	12	7	11	5	9	11	11	7	5	11	6	8	7	5	6	11	8	6	7	9	9	12	5	12	5	10	9	8	10	12	5	12	6	12	5	5	7	12	9	12	11	5	8	9	9	8	7	8	8	10	11	11	7	5	11	8	5	5	9	12	10	8	11	8	5	10	5	12	7	7	9	9	7	10	

Total number of component types per job processed by MFPM
2	3	2	1	3	5	2	1	4	3	2	5	2	2	1	5	4	5	4	2	3	2	4	3	1	3	4	1	4	5	1	1	2	5	4	1	5	3	2	5	2	4	2	5	5	3	1	4	5	1	4	2	3	2	5	1	4	4	4	2	5	4	3	4	1	4	2	5	2	4	1	4	5	1	3	4	5	1	2	2	5	4	3	3	4	1	3	3	5	1	5	1	5	5	3	4	1	2	2	4	5	5	5	4	2	3	1	5	5	4	5	5	4	2	5	4	4	2	3	5	2	1	5	4	3	4	3	4	2	5	2	1	4	5	4	3	3	2	3	5	5	1	4	4	2	3	3	1	5	4	2	1	5	5	2	5	2	2	5	2	5	2	3	3	5	3	4	5	1	5	5	4	3	4	2	3	5	2	4	5	1	2	4	5	4	2	2	3	5	1	3	2	2	3	4	4	3	1	5	2	2	1	2	5	4	5	1	2	5	4	1	1	4	5	1	3	4	5	1	2	5	4	5	5	4	4	5	3	5	1	3	5	5	3	1	5	1	3	2	5	1	1	1	1	3	1	1	5	2	3	1	5	2	3	4	1	4	5	2	3	5	3	5	1	4	1	4	4	1	3	3	5	5	1	3	4	1	2	1	3	2	5	5	1	1	2	5	5	3	2	3	4	1	1	5	3	2	1	5	2	

All component type numbers for each job to be processed by HSPM
6	50	2	74	18	69	4	71	1	47	17	22	10	66	3	26	11	14	9	2	15	1	8	70	
12	51	15	28	7	11	4	62	18	6	
13	34	6	9	14	40	18	60	5	12	7	29	16	55	12	4	1	48	0	54	
6	51	18	34	9	13	14	23	7	19	12	14	8	42	17	30	11	50	
8	21	5	37	2	18	11	72	17	75	16	38	19	52	
0	49	3	58	13	24	7	28	2	12	10	60	15	3	18	42	17	59	9	21	5	25	
5	8	6	57	13	48	11	68	3	59	2	52	0	12	9	38	18	11	19	2	17	65	14	67	
12	1	19	41	0	24	13	44	16	73	8	18	14	50	11	37	10	65	3	66	2	15	
3	16	5	9	2	43	12	28	11	20	15	4	19	69	8	33	4	25	6	47	16	44	
9	35	8	37	18	17	13	68	7	75	19	22	11	23	4	6	5	3	
13	69	8	10	0	11	3	23	11	16	9	66	
14	30	15	23	10	41	11	35	8	15	18	61	0	67	17	63	9	8	3	54	2	37	13	10	
9	23	19	46	5	40	14	52	0	74	18	45	15	15	
0	69	1	26	7	40	14	46	4	57	18	62	13	23	17	27	
18	44	14	9	0	7	9	26	6	71	3	51	10	20	
12	3	19	75	2	30	10	8	11	46	18	50	1	38	14	58	16	72	17	65	9	39	7	32	
4	41	12	35	6	18	17	4	7	29	19	15	9	21	11	68	1	23	16	39	14	70	
8	5	13	29	7	36	18	2	2	27	17	54	3	8	
4	30	0	34	6	39	3	60	7	32	12	63	2	71	
19	40	9	27	14	1	15	53	6	18	16	55	
6	70	8	54	13	18	9	13	3	40	18	49	15	25	5	38	
17	49	15	14	13	36	12	48	5	55	6	25	19	37	
7	28	9	37	6	14	3	23	8	55	17	47	19	67	0	31	11	52	
6	51	9	7	1	18	16	5	15	15	7	65	4	52	12	29	8	20	13	45	11	49	
19	31	0	40	16	42	13	25	14	64	
1	16	5	30	2	63	15	53	4	24	17	4	18	49	6	20	8	7	13	67	9	21	
3	60	2	41	1	67	17	75	12	3	15	27	0	62	5	13	4	19	13	51	16	47	
2	7	14	55	19	68	12	9	5	54	1	8	15	33	7	32	0	23	9	30	
19	65	16	12	2	39	4	49	15	62	
5	64	4	46	10	44	14	68	16	8	8	6	19	4	15	45	18	26	17	32	2	2	12	75	
19	59	4	38	7	4	12	30	5	24	6	2	15	5	3	70	1	36	14	25	8	13	
15	41	0	24	8	3	17	58	19	55	5	46	
3	23	7	69	15	74	0	48	10	25	6	24	18	68	
3	17	10	36	1	61	18	4	13	58	12	48	17	35	7	44	6	69	2	68	0	26	4	14	
11	15	16	70	18	48	4	20	7	69	17	59	15	35	6	13	12	50	3	72	2	32	8	39	
14	69	12	11	17	53	13	15	16	12	10	40	18	36	2	29	
11	11	13	40	12	19	15	53	17	20	18	24	
16	49	11	73	3	23	19	16	4	35	15	34	9	32	10	72	0	53	
8	57	6	74	16	43	15	75	10	27	3	39	11	64	0	15	13	63	1	51	
2	30	15	56	10	75	0	67	13	49	18	57	14	62	
6	66	4	39	0	72	3	33	12	8	19	56	13	53	1	46	18	68	14	13	11	70	
13	11	6	10	2	6	10	70	7	21	
12	55	9	4	6	7	4	48	1	35	3	32	10	51	16	53	2	60	11	54	
4	56	0	57	14	4	5	45	11	41	1	19	
9	68	14	12	6	39	3	8	5	48	17	67	13	45	
18	40	4	65	16	9	0	4	19	48	9	66	17	21	14	34	12	67	5	54	15	22	
8	75	15	23	10	34	18	54	0	1	19	5	
18	57	4	60	14	25	7	21	2	7	
11	23	4	73	15	39	17	52	16	67	
5	58	12	32	7	20	11	25	8	4	6	39	16	36	1	45	13	46	10	42	9	1	3	29	
17	31	3	44	9	53	8	43	18	54	7	55	13	14	10	7	
6	65	13	39	15	33	0	21	10	20	8	10	2	58	19	68	17	24	7	19	
13	69	16	52	4	66	10	25	8	9	14	15	2	41	
12	56	18	3	13	70	10	42	19	36	17	52	1	64	9	33	4	51	14	73	11	45	5	67	
4	59	13	71	0	17	15	51	10	28	17	5	1	45	2	40	7	36	19	74	12	4	16	58	
7	5	6	24	18	48	3	1	19	6	9	10	15	68	17	16	1	11	
2	16	14	24	0	52	5	50	4	4	9	17	13	13	6	68	
12	65	13	24	2	73	4	32	11	30	0	38	
10	48	17	16	13	66	18	61	11	24	2	12	15	18	4	73	0	53	16	15	
6	43	18	73	7	65	10	17	14	75	15	47	11	21	13	49	8	60	
8	45	14	58	19	42	16	4	15	27	5	31	13	69	9	51	1	17	2	48	
16	4	4	71	13	5	3	34	19	60	7	11	10	64	
1	12	2	38	9	18	5	68	8	36	12	23	15	60	10	46	11	67	16	75	3	8	7	69	
11	57	14	52	19	17	6	31	5	36	10	50	15	4	1	33	13	43	12	7	
9	45	3	41	8	2	5	17	6	11	16	44	19	53	14	39	7	61	
4	70	14	71	17	24	15	42	18	35	19	16	2	15	5	28	11	21	
7	52	19	12	3	41	16	14	4	32	
7	60	0	13	3	58	18	73	15	75	16	5	1	14	12	21	9	54	8	40	5	32	2	4	
10	44	11	21	8	6	15	2	4	37	12	48	16	59	2	65	
12	33	13	43	3	60	10	29	7	32	1	74	
5	50	1	40	16	44	7	3	17	2	12	75	18	24	2	12	11	47	8	61	3	23	
11	43	5	4	13	74	19	1	3	27	6	10	17	55	14	45	2	61	
18	1	0	75	12	38	6	65	7	46	16	62	9	47	15	31	1	45	19	11	
15	14	8	15	17	74	7	25	6	16	9	56	11	49	16	13	14	61	
14	74	17	5	15	27	2	42	10	57	16	18	5	43	
9	43	18	11	11	50	3	29	0	63	1	70	
5	62	1	70	12	32	4	26	16	6	8	63	9	67	3	54	6	13	7	12	13	16	0	49	
12	5	18	74	16	1	10	12	13	33	7	3	11	7	
14	23	18	55	7	6	11	58	3	64	15	57	5	10	2	41	6	32	10	44	13	37	
19	20	2	5	16	26	3	8	10	59	
14	23	10	26	6	64	9	46	13	53	16	6	4	75	8	43	19	3	
4	74	16	4	19	24	12	43	0	61	14	51	2	31	15	38	7	58	11	35	10	26	
18	48	1	53	6	59	12	29	3	1	2	67	9	57	10	40	14	8	13	64	19	39	
4	43	18	36	7	31	16	64	8	7	17	41	11	38	
3	34	12	50	15	30	14	66	18	62	
1	10	4	72	14	54	5	56	13	53	17	17	2	29	0	23	15	49	18	62	6	25	
1	18	12	75	14	71	8	40	17	12	16	33	
7	10	6	74	19	49	17	2	5	37	9	29	2	58	10	3	
13	7	14	75	8	9	18	64	4	68	6	73	12	63	
2	51	7	9	9	49	6	61	12	72	
14	43	4	15	1	60	11	11	16	68	5	33	
3	71	16	33	14	67	12	42	2	65	11	64	9	2	4	8	6	23	19	20	7	14	
8	63	12	42	19	11	9	5	14	45	17	9	15	62	18	70	
5	15	17	6	15	35	0	24	6	57	2	62	
10	15	19	71	6	51	16	23	5	11	1	68	15	20	
1	68	13	39	3	51	6	11	4	65	11	55	14	43	5	42	19	24	
3	18	4	4	9	56	15	38	2	11	5	8	12	37	8	36	16	30	
19	46	14	27	16	28	13	40	8	50	1	44	11	49	18	14	12	17	0	2	17	63	15	33	
8	68	0	15	19	55	17	37	16	14	
0	72	6	22	5	54	16	13	15	70	9	24	3	30	11	20	14	3	18	69	13	40	10	7	
17	8	12	54	16	50	3	20	9	65	
17	27	7	21	8	8	6	6	4	5	11	20	5	45	3	36	13	73	18	19	
17	1	10	71	15	8	16	3	18	47	19	39	14	55	12	32	13	10	
9	20	6	14	3	44	5	43	18	65	4	57	12	32	19	7	
6	24	4	34	11	36	1	28	13	27	15	65	14	38	2	35	12	20	10	71	
12	41	8	13	17	24	7	69	1	30	15	38	16	61	3	46	13	17	11	21	10	48	4	36	
19	53	16	67	1	34	17	62	2	15	
12	66	5	10	16	30	13	57	9	53	8	31	19	45	14	59	2	16	3	62	1	39	7	64	
17	49	2	36	6	7	10	69	8	2	4	54	
16	32	12	18	6	62	2	52	4	59	11	43	19	72	17	47	5	24	1	22	9	27	7	7	
3	74	6	60	16	17	19	57	0	65	
15	20	0	33	2	3	10	26	4	34	
18	38	0	31	3	32	14	61	17	19	4	13	12	29	
3	44	19	11	5	38	2	4	17	35	18	34	8	28	7	32	1	29	12	56	16	6	9	66	
15	59	2	58	0	41	13	10	8	23	18	13	4	68	7	63	12	11	
16	21	15	22	2	2	17	40	11	39	14	42	5	35	9	43	1	24	12	11	4	25	8	51	
4	72	19	8	11	28	2	32	0	44	17	22	16	74	6	24	15	56	7	39	14	42	
10	17	14	42	0	50	6	65	19	37	
18	56	15	44	0	8	16	53	6	26	4	1	10	47	13	15	
2	19	18	61	5	24	6	26	9	60	7	16	13	59	17	10	10	68	
7	9	9	10	2	17	5	68	13	72	19	48	8	21	16	6	1	56	
3	21	9	51	4	64	15	26	13	61	14	57	7	35	0	45	
18	44	4	38	15	18	6	12	1	61	7	2	3	75	
13	26	11	37	19	20	6	3	0	62	17	6	5	38	9	39	
5	32	14	13	10	48	17	67	15	2	7	19	4	43	6	16	
13	58	11	25	18	21	8	2	1	37	15	1	16	47	14	14	0	65	19	5	
2	13	14	11	8	56	9	72	15	65	0	64	11	17	5	34	10	52	1	36	13	49	
10	24	16	10	8	18	4	49	7	56	3	52	6	2	17	38	19	8	11	7	18	15	
8	44	16	57	18	13	7	29	17	8	1	23	19	62	
7	32	6	30	10	45	16	72	3	61	
14	43	4	11	6	24	12	10	9	6	19	27	7	29	10	12	13	42	17	59	15	52	
7	72	13	73	8	14	12	35	3	54	15	39	10	64	17	41	
10	69	1	61	8	13	14	47	9	12	
6	32	4	1	0	33	14	12	7	24	
18	50	8	5	4	18	14	44	7	49	5	4	3	13	10	9	2	33	
15	13	7	30	5	22	1	55	14	21	19	14	11	39	6	75	18	52	8	41	4	26	17	74	
5	65	19	40	1	34	18	74	8	25	11	64	16	53	14	70	17	5	3	7	
5	6	0	74	12	13	9	46	1	34	2	61	7	63	17	54	
14	15	9	9	8	3	4	5	15	71	17	6	1	19	10	37	12	27	5	34	3	40	
7	68	6	72	19	39	5	26	14	52	4	41	3	67	15	4	
14	73	16	23	7	68	0	65	12	24	
10	65	8	33	19	58	2	48	9	74	0	29	16	35	13	1	6	68	11	38	
11	74	19	38	1	67	14	40	5	1	
17	37	12	16	0	58	7	55	9	24	13	51	15	18	16	8	18	42	1	49	14	10	19	65	
7	11	18	50	10	44	17	74	6	14	3	12	9	54	
2	7	15	43	1	13	7	12	9	24	12	37	14	48	
2	55	12	35	8	19	1	18	15	64	19	42	4	16	10	72	16	75	
10	23	1	11	12	12	4	57	3	50	15	64	8	34	18	42	13	2	
10	14	12	43	13	68	8	52	14	6	19	8	1	28	
9	55	6	66	11	74	3	36	12	58	15	29	17	12	4	43	8	53	5	70	

All component type numbers for each job to be processed by MFPM
1	1	6	13	
0	34	4	37	1	29	
9	14	5	21	
9	40	
9	21	6	2	1	17	
9	28	7	47	3	40	2	37	1	42	
7	16	4	19	
2	40	
1	5	0	18	8	1	4	25	
8	29	1	48	2	45	
0	21	7	20	
5	50	6	34	7	49	8	32	0	36	
9	24	0	11	
8	26	6	47	
8	10	
5	35	8	31	7	48	6	26	1	32	
5	22	9	12	3	8	0	18	
7	27	9	37	6	32	1	45	5	48	
6	2	2	11	4	15	8	9	
7	47	5	28	
0	11	4	23	2	21	
3	42	6	40	
5	18	8	6	7	21	4	10	
4	41	0	48	8	46	
3	10	
2	37	9	34	4	36	
4	22	3	17	9	19	6	1	
5	36	
4	18	1	15	3	21	7	23	
2	29	3	39	9	37	8	26	5	30	
8	20	
8	39	
2	12	1	20	
1	33	0	44	3	32	8	46	5	41	
2	11	6	8	5	17	8	14	
4	30	
6	25	2	6	1	23	4	13	9	22	
6	30	0	35	1	49	
6	4	1	12	
0	35	6	38	1	45	9	50	4	48	
3	4	7	7	
3	49	9	39	5	32	8	42	
3	7	7	22	
8	35	7	48	5	37	2	31	1	43	
1	6	8	25	0	4	4	16	3	13	
0	44	7	42	4	37	
4	5	
9	49	6	26	3	43	7	30	
5	18	2	1	7	15	8	9	0	4	
5	49	
5	23	6	10	9	24	4	7	
3	49	5	48	
1	24	7	10	2	8	
3	31	8	29	
4	1	7	3	2	12	0	8	8	13	
1	48	
6	6	8	24	1	1	7	20	
6	35	4	39	2	46	1	50	
5	4	7	10	9	14	0	2	
8	40	6	50	
1	3	3	5	4	18	2	12	8	13	
4	38	2	47	8	41	5	43	
9	8	4	12	7	2	
4	33	0	40	9	31	1	46	
4	7	
6	47	0	35	5	42	2	31	
6	10	9	14	
3	46	5	36	9	33	1	44	4	47	
7	25	8	16	
4	42	3	27	6	50	9	48	
3	22	
7	36	0	49	2	30	6	40	
1	25	8	17	7	9	6	6	5	11	
3	38	
4	15	5	11	2	24	
1	40	5	34	2	30	9	49	
7	20	3	19	6	12	5	8	0	18	
9	41	
6	17	5	21	
0	29	9	48	
8	22	9	8	2	16	6	23	7	11	
1	28	6	32	2	27	4	36	
7	2	1	9	8	4	
4	33	9	27	1	34	
0	4	2	23	8	1	6	19	
7	28	
8	12	3	6	7	24	
6	44	8	45	1	40	
0	20	4	15	7	2	9	24	8	7	
5	35	
9	8	1	9	7	15	0	24	8	6	
1	31	
1	6	3	19	0	3	7	24	5	2	
0	47	1	38	7	26	9	44	4	37	
0	18	4	22	8	7	
2	33	8	26	1	41	7	36	
5	11	
6	41	5	31	
8	17	7	19	
1	31	3	26	8	35	0	36	
7	18	2	23	9	20	4	13	3	10	
0	40	1	48	5	32	3	35	9	37	
8	19	0	20	5	1	9	17	6	6	
1	49	0	44	7	31	4	41	
2	22	8	13	
5	47	7	44	4	31	
2	17	
5	46	6	45	2	30	0	39	8	42	
6	4	4	14	7	15	8	25	5	10	
9	47	4	27	5	34	6	29	
8	20	0	1	5	13	6	4	2	25	
4	29	9	31	8	46	6	30	1	48	
4	16	1	20	3	4	0	15	
6	44	3	50	
4	19	8	21	0	14	7	17	6	15	
4	49	2	46	1	26	7	38	
5	10	0	21	4	15	9	14	
1	47	7	44	
7	17	2	22	1	24	
1	48	6	26	0	38	8	39	5	42	
9	7	0	22	
4	35	
6	3	8	17	3	20	9	12	5	8	
7	35	4	48	6	30	8	43	
8	23	0	11	1	7	
0	46	9	27	6	30	7	45	
2	17	7	18	6	11	
6	27	3	46	5	42	4	26	
0	15	8	6	
4	46	5	45	7	27	2	47	9	39	
0	21	2	19	
4	38	
8	20	2	1	0	12	7	23	
9	39	8	33	3	45	4	46	7	47	
5	7	2	20	0	8	8	4	
1	34	4	27	8	44	
4	22	0	24	5	17	
7	38	5	28	
7	9	0	1	2	17	
5	41	6	34	1	43	9	50	0	42	
3	16	8	2	6	24	9	17	0	8	
2	26	
1	19	8	15	6	2	0	6	
4	31	2	45	0	35	9	46	
1	4	7	25	
6	46	4	36	7	44	
4	15	1	13	5	8	
8	38	
6	22	8	16	4	1	0	15	2	12	
3	29	4	46	1	41	7	50	
3	9	9	5	
7	36	
1	7	8	3	3	15	9	9	2	5	
6	38	0	47	2	34	3	31	4	44	
5	25	3	20	
9	34	8	48	2	39	6	44	5	35	
5	16	6	7	
4	47	0	42	
4	10	1	1	0	2	9	11	7	20	
5	27	4	39	
2	21	9	5	4	11	6	22	7	17	
1	48	5	40	
8	18	9	16	7	17	
7	37	1	41	9	32	
8	3	4	1	7	4	2	11	5	7	
7	26	2	48	3	38	
9	3	3	24	5	2	0	17	
6	34	2	40	3	50	0	29	8	37	
0	6	
7	44	9	43	2	42	6	26	1	50	
3	5	1	2	7	4	6	3	0	18	
4	43	7	33	0	32	6	30	
0	3	4	9	6	15	
5	30	9	39	3	40	7	48	
9	17	2	18	
6	44	7	26	2	36	
1	3	2	7	9	25	7	6	8	15	
5	48	7	26	
4	12	5	21	3	19	8	8	
4	41	9	33	2	49	5	37	0	36	
8	20	
3	40	9	47	
9	19	6	16	0	6	7	23	
4	48	8	42	2	30	3	39	7	40	
1	18	5	10	2	7	4	21	
1	26	7	40	
9	12	5	9	
4	33	0	26	9	50	
5	6	2	5	4	24	6	14	9	10	
9	48	
4	14	3	11	6	6	
4	40	1	34	
9	15	8	3	
8	46	4	29	1	30	
8	6	2	9	1	11	4	4	
8	46	4	39	3	42	9	26	
4	10	6	6	1	19	
7	30	
6	21	0	5	8	16	3	23	2	12	
0	29	4	31	
8	14	0	24	
0	46	
4	20	7	7	
5	37	1	28	6	30	4	31	8	39	
4	1	9	20	8	5	0	17	
5	26	6	37	9	32	2	41	0	33	
3	18	
4	39	0	42	
7	23	2	13	0	11	3	16	5	6	
6	44	0	40	2	36	8	37	
9	23	
7	29	
2	7	9	16	1	11	3	6	
4	41	9	32	8	47	5	31	2	35	
5	10	
4	30	5	42	7	35	
2	3	9	17	8	11	3	4	
4	32	2	41	8	46	7	34	5	37	
3	10	
1	26	0	42	
3	7	1	3	6	19	2	17	9	1	
3	44	2	27	1	39	7	26	
0	19	4	13	2	24	3	14	9	3	
5	41	6	40	0	39	9	48	1	37	
2	16	3	4	1	3	5	5	
8	38	6	47	7	49	1	31	
2	21	0	1	4	3	1	12	9	19	
4	32	8	48	1	28	
8	11	9	1	0	5	2	21	1	6	
7	48	
1	2	4	24	6	11	
9	43	8	35	1	33	3	30	4	36	
5	21	4	6	2	3	6	1	9	2	
1	43	3	34	9	36	
9	22	
4	33	7	34	9	47	3	37	8	39	
7	4	
0	40	3	47	1	44	
6	17	8	25	
6	26	1	28	2	34	0	47	4	39	
4	20	
2	40	
2	20	
0	32	
9	15	0	21	3	24	
1	42	
9	6	
0	39	6	40	4	34	5	50	3	38	
5	2	1	17	
1	46	8	33	2	34	
5	16	
6	42	5	30	4	31	9	27	7	26	
7	16	9	4	
4	43	8	29	3	46	
7	21	9	19	0	14	5	23	
4	50	
1	23	3	8	5	20	7	21	
3	36	1	41	5	30	2	44	4	47	
9	4	1	13	
0	43	3	38	1	37	
0	21	7	23	9	6	3	7	2	4	
4	48	3	26	1	29	
3	10	2	24	0	17	7	9	8	14	
6	33	
7	24	8	23	9	6	4	5	
0	40	
0	4	9	19	8	14	7	20	
8	42	1	28	5	44	4	40	
8	18	
4	33	9	44	5	41	
5	25	6	21	4	19	
4	47	5	39	3	36	6	28	0	49	
4	1	8	23	2	19	7	12	0	17	
7	49	
1	16	0	6	3	24	
6	33	0	50	3	39	8	38	
5	8	
3	32	9	31	
0	8	
6	40	2	26	5	46	
2	14	0	1	
7	41	0	27	8	34	2	48	3	28	
7	25	9	10	5	23	6	20	2	8	
8	45	
9	10	
9	42	1	46	
9	15	6	3	8	21	1	8	2	24	
4	50	5	37	3	43	9	45	2	47	
2	3	8	12	5	7	
6	26	0	49	
3	9	0	20	2	4	
6	45	7	33	3	30	1	29	
6	4	
1	47	
8	17	5	10	4	11	0	15	3	7	
0	33	7	37	6	47	
4	1	1	2	
3	39	
2	23	4	22	3	1	1	13	6	9	
2	38	9	46	

Three processing times per job on each machine
The best scenario
123	45	71	
1081	974	443	
364	127	383	
412	449	155	
326	508	335	
803	272	493	
179	349	416	
49	88	52	
694	272	344	
618	516	964	
104	72	67	
279	253	443	
233	336	187	
197	624	521	
985	1102	609	
148	291	405	
982	668	682	
236	270	318	
280	111	275	
55	119	112	
787	730	405	
267	392	242	
332	264	432	
644	1062	972	
252	227	260	
816	554	207	
189	126	337	
118	187	108	
439	600	435	
474	457	193	
421	410	447	
786	510	410	
152	199	246	
478	468	347	
552	699	351	
107	585	544	
207	609	421	
1060	411	489	
252	165	175	
1123	555	721	
185	382	525	
200	329	161	
319	252	242	
654	725	627	
104	218	246	
171	98	100	
896	844	417	
206	581	395	
419	610	423	
121	202	122	
277	503	377	
606	636	1315	
92	51	184	
204	87	281	
102	47	66	
925	863	1278	
676	459	843	
355	155	580	
665	357	218	
348	211	481	
204	174	148	
252	370	116	
350	494	416	
539	439	799	
119	150	50	
387	482	625	
200	223	240	
96	176	167	
422	153	391	
373	794	210	
1201	986	751	
412	519	194	
757	512	330	
357	158	302	
773	692	586	
954	575	690	
126	98	198	
377	335	281	
361	226	276	
244	232	244	
317	384	126	
222	379	584	
247	554	280	
157	259	286	
144	53	166	
480	761	337	
315	593	582	
85	141	215	
359	287	607	
562	216	353	
231	186	260	
194	198	152	
330	598	186	
125	280	338	
1048	1043	419	
114	143	96	
424	890	433	
300	254	128	
438	549	593	
308	506	425	
195	501	153	
636	234	552	
413	112	116	
359	687	478	
947	580	955	
489	803	565	
245	564	449	
105	194	155	
443	296	954	
527	255	633	
510	389	327	
375	366	535	
516	293	350	
179	285	353	
872	1359	277	
119	140	195	
770	512	575	
469	274	957	
291	450	360	
127	256	106	
651	458	494	
509	550	610	
472	222	182	
74	110	29	
223	134	230	
105	357	331	
340	196	264	
205	311	279	
503	863	943	
352	454	478	
531	468	463	
163	329	461	
125	87	188	
533	452	496	
113	145	164	
575	306	1153	
181	555	375	
284	454	326	
208	190	266	
377	374	300	
631	1088	527	
692	649	409	
159	379	744	
246	218	537	
736	295	426	
334	211	778	
393	158	476	
269	320	694	
442	393	442	
791	1057	907	
Most likely scenario
148	85	136	
1526	1128	489	
551	174	496	
456	476	260	
403	583	403	
975	538	913	
261	504	666	
57	92	59	
780	318	502	
902	522	1088	
177	109	96	
558	256	544	
405	356	357	
348	733	653	
1202	1399	1185	
274	336	485	
1127	1062	1218	
254	427	498	
281	171	513	
65	166	129	
936	744	558	
389	514	330	
445	268	523	
767	1448	1052	
475	248	431	
853	804	388	
226	176	439	
166	236	182	
489	699	454	
482	667	353	
449	532	475	
1198	911	534	
204	223	332	
543	668	571	
712	769	545	
148	590	603	
322	1125	592	
1140	487	514	
333	318	286	
1393	743	1371	
289	404	745	
288	442	248	
336	254	297	
706	779	656	
132	386	379	
187	125	140	
974	903	503	
207	646	521	
625	626	584	
128	234	133	
282	637	753	
1072	695	1483	
95	97	304	
228	116	362	
198	66	122	
973	1038	1310	
973	720	1047	
668	264	810	
731	508	368	
476	280	543	
290	186	153	
324	382	176	
517	512	507	
796	735	831	
200	182	99	
436	648	953	
214	230	332	
117	212	278	
445	220	418	
423	1009	283	
1269	1259	838	
488	580	288	
801	646	614	
637	306	597	
868	830	723	
1104	774	744	
170	174	288	
603	437	294	
376	310	352	
314	340	370	
534	499	169	
261	439	604	
340	746	357	
203	370	381	
219	76	191	
651	1135	507	
331	669	649	
116	176	285	
361	292	648	
952	373	551	
442	328	266	
320	344	244	
475	670	292	
182	297	569	
1413	1096	811	
142	157	160	
725	919	587	
307	363	196	
807	945	837	
369	579	440	
294	623	298	
655	353	722	
468	182	151	
369	820	812	
1125	653	1030	
858	831	852	
454	744	486	
200	241	296	
863	348	970	
790	417	708	
665	490	371	
505	704	580	
984	505	437	
310	446	513	
901	1411	539	
143	179	230	
919	820	660	
500	316	1095	
564	465	430	
251	275	162	
685	736	625	
725	1031	647	
490	417	272	
129	140	51	
234	158	253	
158	451	353	
344	386	497	
257	327	297	
709	1060	1221	
434	505	528	
579	826	661	
263	330	481	
179	147	220	
580	543	703	
214	189	177	
821	435	1274	
200	581	486	
327	608	357	
306	246	270	
716	495	593	
935	1203	544	
1151	691	698	
293	696	867	
417	304	548	
786	514	537	
535	352	791	
559	199	695	
520	552	1137	
494	612	460	
957	1114	1406	
The worst scenario
160	115	197	
2112	1234	634	
610	218	721	
612	676	378	
569	628	481	
1099	554	1011	
289	637	795	
59	105	84	
1025	384	518	
1151	618	1445	
179	129	112	
826	324	813	
507	399	452	
436	909	972	
1243	1524	1746	
401	341	650	
1283	1066	1799	
363	556	679	
355	212	582	
66	195	165	
1311	780	563	
489	658	384	
617	319	570	
931	2105	1379	
532	261	461	
1132	900	500	
283	253	585	
236	265	203	
499	1013	605	
517	736	399	
611	602	643	
1711	932	670	
208	319	498	
750	956	659	
943	846	794	
178	721	655	
424	1647	843	
1433	578	621	
448	397	341	
1908	878	1558	
319	512	921	
394	500	328	
450	260	306	
974	1044	766	
141	469	386	
224	134	193	
1286	1157	686	
286	867	747	
667	738	804	
155	311	176	
285	652	940	
1358	909	1813	
142	117	340	
277	170	414	
229	81	137	
1441	1095	1565	
997	836	1448	
973	355	1045	
1077	548	470	
559	350	675	
404	260	187	
431	495	256	
687	631	687	
1116	866	1200	
280	222	129	
523	872	1188	
235	277	444	
175	230	325	
658	231	608	
589	1089	307	
1351	1803	1097	
686	640	311	
846	752	903	
908	310	694	
1243	960	895	
1542	1136	842	
185	235	432	
817	450	409	
438	347	385	
420	496	420	
791	663	212	
359	478	875	
445	1091	501	
232	554	531	
326	108	259	
820	1646	757	
443	781	903	
122	179	346	
467	406	855	
1112	407	664	
662	379	289	
409	498	332	
705	987	327	
217	359	600	
2089	1621	1181	
213	166	235	
740	1057	877	
425	364	199	
872	1055	999	
466	829	541	
313	923	361	
821	434	785	
569	256	159	
407	836	824	
1236	938	1491	
1253	1078	1215	
561	954	532	
246	271	319	
1145	412	1236	
1127	467	987	
674	581	511	
537	916	849	
1377	552	455	
411	600	583	
962	2076	748	
151	182	325	
1365	1087	828	
701	350	1110	
822	494	544	
362	396	204	
757	836	678	
1050	1061	744	
669	461	407	
162	156	76	
330	227	304	
199	668	459	
400	567	552	
326	351	370	
946	1379	1468	
439	752	608	
840	1217	843	
302	462	492	
266	169	265	
809	750	1033	
271	227	181	
1088	635	1501	
250	662	610	
359	895	475	
442	337	306	
947	715	681	
1137	1290	614	
1615	776	716	
390	1011	1211	
566	429	583	
1029	545	586	
602	359	1075	
805	239	840	
571	777	1624	
666	756	497	
1362	1618	2108	
