Factories	7	Jobs	100	Machines	3

Total number of component types per job processed by HSPM
8	6	5	5	10	8	7	5	5	12	7	5	9	8	6	5	9	8	9	10	9	10	8	12	11	6	10	9	10	5	5	11	6	12	8	8	10	9	12	10	10	5	11	6	9	10	7	8	9	6	6	7	5	8	12	12	12	11	9	9	6	10	5	8	12	11	10	9	11	7	9	8	9	8	7	6	11	11	9	7	6	8	5	5	5	8	11	11	11	7	5	12	9	10	10	12	9	11	9	7	

Total number of component types per job processed by MFPM
4	4	2	5	2	4	4	1	5	1	3	4	4	4	4	3	1	1	1	2	3	2	2	5	4	1	4	1	1	4	5	2	5	3	3	5	3	2	1	3	3	1	1	1	2	5	3	1	5	1	1	3	3	2	2	5	3	4	1	2	4	4	4	5	3	5	5	4	2	5	4	2	3	3	5	1	2	3	3	4	5	2	1	1	3	3	3	5	1	2	5	1	1	4	5	1	4	5	5	4	2	2	3	5	2	5	5	1	1	3	2	1	5	2	1	1	4	4	1	3	5	3	2	4	4	3	5	5	4	1	4	4	4	5	4	1	3	4	2	2	4	1	2	5	1	4	1	5	1	2	5	3	1	1	3	4	3	3	2	2	5	1	1	5	4	1	3	2	1	2	1	4	3	4	4	3	3	5	3	1	2	1	3	2	4	1	4	4	5	5	4	4	3	1	1	2	4	4	4	2	

All component type numbers for each job to be processed by HSPM
14	29	16	40	11	7	6	60	17	15	7	69	18	62	15	18	
16	42	11	26	15	10	2	32	12	14	18	52	
9	62	3	59	17	47	11	68	19	25	
13	10	16	36	10	45	18	70	1	47	
19	20	1	14	12	6	17	65	11	18	10	3	4	28	5	51	16	23	3	53	
15	17	9	55	10	27	1	5	18	33	8	47	16	53	12	22	
19	56	18	40	16	32	3	13	13	33	14	11	10	5	
7	75	9	18	8	20	16	74	19	68	
18	9	12	69	16	27	11	52	10	28	
0	39	19	56	5	70	7	60	16	3	13	36	3	74	4	15	6	49	1	13	15	61	18	62	
0	32	6	62	12	68	16	45	3	26	5	31	11	59	
2	55	15	69	18	9	13	57	12	40	
14	20	16	33	6	23	1	39	3	51	17	38	8	34	4	61	13	64	
6	48	0	10	11	25	16	11	14	53	12	35	18	67	15	71	
1	47	12	7	3	74	5	35	4	13	10	40	
8	27	9	70	4	1	13	50	15	5	
7	60	8	67	12	51	9	56	14	35	2	39	13	37	0	29	10	52	
3	43	19	27	14	58	0	67	18	11	15	73	10	17	1	30	
16	12	9	48	0	53	8	3	11	13	19	21	13	67	5	16	10	57	
0	7	10	69	11	57	15	36	12	44	9	14	18	37	1	61	7	26	17	15	
12	68	3	65	1	10	16	69	2	22	10	55	15	75	7	8	13	60	
15	56	17	71	5	38	18	33	4	63	10	7	2	5	14	27	8	72	3	51	
2	70	13	36	19	39	1	19	4	54	12	75	18	24	14	56	
11	26	13	34	19	9	5	10	17	75	12	29	7	28	6	39	14	71	2	12	9	62	3	55	
19	61	18	36	12	7	16	4	2	67	11	29	0	28	6	6	14	35	3	37	5	72	
5	54	2	69	15	10	17	29	19	22	16	11	
14	4	3	6	1	22	15	59	5	56	8	63	0	68	4	16	13	18	10	55	
19	43	16	15	9	56	6	46	15	44	17	25	18	75	3	72	13	57	
12	46	9	33	7	21	13	4	0	54	11	37	8	64	5	58	10	32	1	52	
13	42	16	61	8	28	15	66	17	38	
3	63	0	59	8	5	13	19	17	42	
13	6	2	62	19	19	14	15	9	65	1	50	7	32	3	21	4	60	6	55	15	38	
5	72	17	54	15	62	6	37	8	69	4	48	
1	63	11	70	6	9	8	54	0	43	2	61	4	73	18	51	17	57	10	33	7	36	5	16	
18	39	7	75	6	45	0	38	10	14	11	34	16	9	12	40	
9	59	11	36	1	5	8	55	13	18	19	63	2	44	7	13	
4	55	18	23	17	56	7	10	14	65	2	47	12	39	3	52	19	17	5	33	
2	3	5	46	12	44	3	70	1	15	9	17	11	43	17	35	10	34	
7	46	1	37	11	23	5	45	2	6	14	58	9	27	12	16	16	34	18	36	17	25	15	7	
12	27	15	9	17	7	0	65	4	71	14	2	3	74	6	24	16	36	5	22	
18	65	13	27	3	66	7	8	2	38	16	9	17	23	5	12	0	5	1	6	
16	30	2	47	7	46	11	38	12	39	
5	32	7	70	17	35	16	44	8	36	2	65	6	60	19	27	0	38	1	64	14	5	
15	39	19	51	14	17	9	65	16	48	10	12	
7	41	18	64	6	46	12	5	0	19	3	48	4	37	14	57	9	18	
8	69	18	72	16	68	4	53	0	29	10	3	3	33	17	40	11	63	1	60	
6	58	19	39	10	42	17	72	9	29	0	24	8	74	
9	3	10	1	0	30	15	21	2	42	18	34	6	48	4	47	
5	64	12	53	18	19	9	18	8	25	6	69	2	74	14	30	13	42	
5	54	17	23	15	6	9	49	0	12	10	26	
4	46	15	8	3	14	2	22	9	27	1	25	
8	55	18	23	15	12	10	39	6	21	11	43	17	36	
18	16	17	30	6	19	15	53	4	27	
5	22	2	50	18	16	13	57	12	20	10	35	1	33	11	17	
16	71	3	17	14	53	1	56	6	31	13	13	9	59	17	8	19	70	18	69	8	39	0	21	
0	39	15	20	16	47	9	69	17	14	6	26	14	55	18	10	11	42	13	63	8	31	3	61	
13	6	6	30	14	36	0	45	2	13	17	70	3	33	1	24	8	10	19	21	4	46	18	55	
9	10	11	72	8	13	18	39	19	34	17	58	4	4	15	57	6	23	3	35	0	7	
3	70	2	72	12	37	6	7	11	33	0	36	8	4	7	74	17	11	
8	7	2	9	0	74	18	36	3	13	14	42	19	70	6	33	9	25	
13	60	0	49	10	54	18	68	19	45	11	6	
12	74	13	9	14	24	7	31	9	35	6	37	3	65	0	7	1	34	5	75	
9	35	5	51	15	3	19	16	3	32	
9	2	17	60	8	71	15	15	12	53	0	69	3	35	4	31	
4	70	11	10	7	49	6	31	17	9	14	26	9	75	12	39	5	27	3	40	16	37	8	69	
14	65	9	68	12	44	1	59	19	37	10	6	15	63	0	69	18	49	16	72	2	39	
2	12	19	49	1	27	17	11	3	10	4	42	6	46	18	53	7	40	13	73	
18	65	14	43	7	23	15	29	9	27	13	22	16	35	10	46	3	54	
15	57	9	68	10	64	19	70	3	55	1	35	4	51	2	32	11	49	12	16	13	20	
9	22	1	18	8	34	7	40	5	5	17	27	6	41	
9	49	7	54	0	7	1	22	16	74	18	46	11	41	19	30	5	17	
9	34	19	61	3	57	18	32	13	23	0	75	7	37	12	14	
10	2	3	6	9	67	16	43	7	21	17	39	4	35	2	71	0	17	
0	14	18	53	19	52	2	47	16	73	9	3	15	74	13	31	
6	59	7	72	10	47	9	23	0	26	1	19	8	16	
14	30	11	47	19	50	0	1	18	74	10	7	
19	27	10	63	1	7	3	32	2	30	17	71	7	53	11	72	8	8	4	58	13	70	
18	70	16	56	7	42	8	53	19	19	4	16	0	30	3	43	9	10	10	22	2	12	
2	59	11	21	10	5	4	8	17	54	15	3	5	33	7	46	1	70	
8	14	6	4	19	49	3	31	13	60	11	67	9	65	
10	3	11	45	8	39	19	64	12	72	16	68	
15	27	14	58	7	22	11	37	17	2	16	63	13	5	8	33	
7	61	18	7	10	10	19	23	15	25	
1	2	15	52	3	19	13	69	19	36	
4	53	3	40	18	33	19	69	14	73	
16	19	15	66	12	47	18	74	19	5	6	68	5	32	0	18	
19	41	10	17	6	33	4	40	2	75	1	56	15	3	7	20	17	37	18	1	0	4	
13	10	17	29	7	69	0	40	11	23	16	60	1	71	12	36	15	6	3	56	19	4	
14	74	9	3	19	13	4	68	3	43	18	60	7	64	6	14	15	7	13	32	11	67	
10	71	8	44	0	55	5	2	14	21	17	64	3	66	
5	30	3	44	7	33	13	4	11	26	
5	30	19	46	14	5	0	16	6	54	7	45	16	68	12	3	10	43	13	31	15	9	9	15	
18	53	8	56	19	5	0	68	16	48	6	16	14	67	15	10	5	6	
8	68	9	10	16	59	13	50	4	39	5	70	0	54	19	31	1	48	7	13	
7	60	4	32	14	20	16	17	19	6	9	25	15	68	17	5	18	52	13	24	
16	32	3	6	1	26	7	11	18	41	9	57	19	44	6	66	13	74	4	55	8	35	17	36	
10	44	17	73	16	53	4	52	8	57	1	9	3	72	15	7	7	68	
8	41	18	51	5	75	10	26	1	14	19	20	11	8	7	39	4	5	0	13	16	12	
13	65	2	42	0	18	3	33	7	47	9	53	5	7	1	72	14	74	
1	52	5	46	7	49	8	3	0	57	19	6	17	13	

All component type numbers for each job to be processed by MFPM
9	3	7	20	2	6	8	8	
4	44	7	45	9	30	1	43	
7	11	8	21	
5	45	7	50	9	34	8	28	1	35	
2	9	7	18	
6	50	1	48	8	34	3	49	
9	21	2	15	0	14	5	3	
0	30	
7	21	3	20	6	22	9	13	2	17	
6	39	
4	14	8	2	6	11	
0	41	9	40	1	37	2	27	
8	13	3	8	5	22	0	1	
8	41	6	30	2	43	0	37	
3	11	9	21	8	2	1	14	
0	43	3	37	1	45	
2	5	
0	49	
4	7	
6	34	2	36	
0	12	7	2	5	4	
2	47	9	32	
9	15	6	16	
7	32	4	40	2	29	8	37	1	26	
5	12	3	14	2	7	7	11	
9	30	
7	12	4	24	0	15	6	20	
4	27	
0	20	
2	36	7	50	8	45	9	46	
7	19	4	13	6	12	9	11	2	23	
3	45	9	41	
4	8	8	15	0	20	1	13	2	12	
9	32	6	33	1	29	
3	8	2	7	6	16	
8	45	1	36	6	30	3	41	0	46	
1	14	9	18	4	12	
9	30	7	47	
7	21	
3	49	2	36	9	42	
3	5	8	14	5	12	
0	46	
8	19	
6	26	
1	14	9	5	
5	26	1	49	4	31	3	37	7	28	
4	8	2	15	6	18	
5	34	
5	6	7	5	3	12	8	10	9	24	
6	48	
4	11	
1	41	9	44	7	31	
6	21	2	22	7	20	
4	45	8	33	
6	6	3	15	
5	47	3	26	1	31	8	41	9	39	
0	24	3	17	4	23	
8	26	3	47	9	30	0	44	
0	13	
4	33	3	49	
0	2	8	23	2	16	3	1	
5	37	3	44	2	26	8	41	
9	4	7	24	5	13	6	5	
7	43	3	40	8	34	1	41	2	32	
7	19	0	6	8	18	
3	29	0	35	9	45	2	26	6	37	
8	14	9	4	4	18	6	5	1	16	
8	26	7	49	4	42	1	37	
3	10	2	7	
1	38	3	30	8	50	9	39	6	33	
9	1	8	17	6	20	3	25	
2	34	4	30	
5	2	8	4	0	23	
1	48	7	41	2	39	
1	14	3	24	9	1	4	17	8	12	
7	44	
6	20	2	1	
3	31	7	33	2	43	
0	21	6	1	2	22	
7	38	3	36	4	39	8	33	
5	1	1	2	3	21	9	23	0	13	
1	29	8	28	
7	3	
0	43	
6	7	7	4	8	6	
6	27	5	44	4	34	
9	16	2	5	1	2	
3	49	4	44	1	46	0	50	5	43	
9	11	
2	29	6	42	
2	10	1	5	6	11	4	1	8	15	
5	32	
7	19	
9	34	6	29	2	50	8	27	
2	16	5	18	7	4	3	10	8	1	
0	35	
6	12	3	2	0	13	4	14	
4	40	1	42	0	36	7	26	9	47	
4	24	2	22	3	3	9	5	6	25	
9	46	2	47	3	27	8	30	
9	4	6	21	
7	30	9	35	
2	3	6	5	0	2	
6	40	0	32	7	27	5	36	4	30	
4	9	5	12	
9	41	0	26	5	30	2	46	7	42	
9	10	6	23	7	6	8	21	3	2	
4	31	
8	15	
0	49	4	50	3	36	
2	8	4	16	
4	31	
0	9	4	5	3	7	9	19	8	23	
3	26	7	38	
7	23	
8	30	
8	23	2	11	3	16	6	9	
3	28	7	26	1	46	2	29	
2	20	
0	34	4	42	3	26	
5	5	8	3	6	21	3	23	7	4	
4	35	0	26	5	33	
2	7	3	3	
1	26	2	37	4	34	7	45	
0	8	1	13	2	23	6	3	
1	41	2	45	7	50	
6	5	5	10	2	3	0	4	7	22	
2	33	1	42	0	35	9	31	5	38	
1	11	8	10	3	15	5	16	
3	29	
5	16	1	5	6	23	2	24	
7	38	5	39	2	35	1	48	
7	18	0	12	9	21	5	14	
7	37	0	27	9	44	2	36	6	42	
1	15	2	7	5	24	6	23	
0	41	
2	5	4	23	5	17	
4	39	0	35	6	48	5	28	
9	9	4	16	
0	36	7	39	
6	14	8	7	9	6	5	12	
2	36	
5	23	7	21	
5	27	3	30	4	42	2	44	8	40	
0	21	
3	32	6	42	1	30	4	49	
1	17	
9	46	3	34	5	39	6	27	8	32	
6	5	
3	41	4	33	
3	9	2	5	8	21	5	10	9	7	
4	49	5	29	1	30	
9	13	
5	33	
5	15	4	18	6	19	
5	38	3	28	6	41	9	42	
2	1	0	3	9	21	
5	28	0	41	2	36	
0	4	1	3	
7	35	0	30	
9	16	3	10	8	6	2	12	5	2	
4	41	
6	5	
6	26	2	34	3	39	7	27	4	32	
8	15	2	17	6	19	1	20	
8	31	
5	15	4	16	9	2	
4	37	3	34	
4	23	
2	39	9	31	
5	5	
5	41	7	32	8	28	4	35	
3	11	8	10	6	8	
2	43	9	30	1	44	0	47	
6	13	1	12	2	1	8	4	
7	43	8	34	0	33	
7	20	5	10	3	21	
6	47	5	43	7	28	4	38	1	30	
6	1	8	24	7	25	
7	46	
4	24	5	3	
5	32	
4	6	9	16	3	10	
9	50	2	26	
1	24	5	17	2	6	3	7	
3	47	
3	18	7	19	9	20	1	11	
4	34	5	27	9	48	6	33	
1	3	7	15	2	25	9	12	8	6	
8	36	6	50	4	30	7	47	5	46	
2	16	9	15	4	21	1	6	
3	43	7	47	4	29	2	50	
1	5	8	12	3	22	
0	38	
4	10	
4	42	6	48	
0	1	4	24	2	16	8	25	
5	43	7	30	9	32	6	39	
4	20	3	14	5	1	2	17	
5	40	8	33	

Three processing times per job on each machine
The best scenario
225	255	530	
981	239	618	
106	125	579	
226	372	732	
52	141	229	
62	112	249	
267	437	319	
314	430	233	
234	116	480	
442	467	602	
800	356	796	
415	138	354	
298	380	428	
213	103	88	
79	176	72	
223	98	341	
1118	763	415	
183	384	435	
197	309	626	
72	170	77	
250	123	73	
252	460	235	
84	101	33	
151	386	521	
1426	609	1034	
305	159	107	
470	279	695	
224	124	181	
172	131	143	
923	766	396	
49	119	196	
340	510	463	
113	106	60	
1321	410	1063	
73	93	74	
293	257	498	
99	65	167	
291	213	163	
487	705	386	
630	1170	1040	
648	1195	879	
272	350	373	
513	809	202	
154	462	272	
198	487	329	
49	100	108	
493	1024	919	
145	312	311	
40	138	71	
429	396	147	
569	834	877	
383	405	552	
108	273	108	
267	400	607	
250	396	330	
221	223	195	
172	362	270	
214	120	193	
832	665	838	
129	257	141	
298	501	328	
327	666	602	
344	257	371	
1052	438	490	
1074	284	608	
228	167	185	
643	942	625	
389	257	175	
329	386	382	
280	168	402	
503	479	247	
466	342	420	
127	171	148	
463	622	374	
200	338	397	
208	189	291	
114	190	327	
161	134	118	
1263	292	356	
612	191	312	
97	199	160	
120	293	264	
523	681	701	
808	794	569	
1144	660	534	
594	628	673	
140	112	155	
163	178	108	
126	218	434	
666	409	201	
62	202	410	
564	354	646	
286	158	170	
791	861	264	
322	94	273	
161	89	80	
68	86	138	
647	337	668	
174	161	513	
274	415	302	
Most likely scenario
292	394	622	
1125	371	1200	
199	193	666	
374	447	1254	
92	192	267	
122	118	342	
521	751	353	
506	669	323	
244	230	538	
444	488	625	
884	666	933	
593	197	465	
489	415	555	
262	192	145	
125	344	140	
236	178	467	
1236	1249	543	
325	666	658	
279	554	767	
83	215	121	
383	236	129	
300	545	360	
132	133	64	
237	513	588	
1504	758	1129	
332	207	193	
609	329	737	
250	177	219	
244	182	210	
1381	1139	488	
74	148	197	
365	925	537	
177	212	81	
1506	782	1073	
132	95	98	
461	262	647	
109	129	196	
355	313	245	
662	711	437	
1252	1218	1164	
769	1350	1246	
379	388	442	
842	1100	356	
222	755	507	
351	583	456	
71	115	115	
756	1257	1460	
163	471	322	
80	144	82	
485	490	205	
1017	1181	964	
647	770	859	
112	412	198	
451	757	615	
495	565	421	
251	257	200	
189	481	440	
317	147	202	
1168	967	951	
156	400	151	
344	593	403	
558	901	667	
389	342	556	
1177	835	709	
1391	388	1158	
439	283	231	
963	1157	746	
448	350	252	
505	531	384	
459	329	454	
550	685	466	
572	478	786	
217	206	176	
634	644	623	
203	471	460	
392	221	314	
212	254	414	
284	145	172	
1361	371	585	
676	264	331	
160	279	185	
229	484	467	
807	914	706	
1389	803	854	
1237	1288	1064	
1079	741	774	
155	144	192	
221	240	168	
224	366	669	
962	750	258	
115	311	416	
776	470	1044	
306	161	258	
1180	1077	488	
463	171	409	
192	150	107	
93	103	220	
772	493	832	
278	262	580	
460	484	401	
The worst scenario
370	560	898	
1153	510	1696	
240	253	809	
381	605	1290	
126	271	294	
127	143	486	
710	1057	504	
623	948	360	
366	326	785	
544	590	854	
991	898	1356	
603	232	611	
558	458	720	
338	260	178	
152	409	167	
244	190	542	
1374	1452	779	
356	875	707	
368	598	797	
101	248	141	
478	318	189	
445	618	480	
173	136	90	
252	627	685	
2233	1049	1599	
430	220	239	
750	493	791	
337	238	309	
323	222	214	
1478	1698	501	
91	168	239	
436	1087	684	
238	310	108	
2217	997	1150	
159	140	110	
544	306	660	
161	181	277	
358	385	305	
808	766	506	
1683	1317	1330	
1090	1544	1746	
473	509	518	
1001	1538	466	
256	808	573	
435	650	498	
75	165	139	
909	1457	1574	
219	572	380	
119	174	116	
534	726	230	
1224	1552	1014	
689	833	978	
148	600	282	
535	856	822	
692	698	597	
339	287	210	
209	502	547	
438	208	212	
1689	1425	1260	
161	469	157	
385	882	597	
734	1042	823	
490	378	624	
1404	1010	764	
2012	540	1184	
466	320	339	
1432	1715	875	
517	401	298	
689	644	525	
586	447	560	
635	982	628	
589	604	1027	
268	281	204	
763	912	764	
292	642	540	
513	308	362	
252	317	598	
394	174	217	
1607	401	847	
689	317	440	
194	353	253	
251	694	583	
983	1100	866	
1577	1137	1147	
1374	1415	1269	
1609	876	801	
166	195	283	
269	261	182	
240	402	882	
1161	962	278	
169	451	515	
1074	615	1371	
387	176	363	
1491	1526	601	
692	206	439	
207	204	121	
134	108	275	
1106	588	908	
406	266	854	
571	585	444	
