Factories	3	Jobs	100	Machines	3

Total number of component types per job processed by HSPM
7	6	7	6	12	6	9	12	12	5	10	10	9	7	9	9	9	10	9	7	9	5	7	10	12	9	7	9	12	6	7	8	8	9	12	10	7	12	12	12	11	6	12	7	9	5	11	6	9	10	6	9	9	12	5	10	7	8	6	6	6	7	9	5	8	8	12	6	5	7	7	12	11	6	11	6	7	11	6	6	11	10	10	7	8	5	8	5	6	9	6	8	9	11	8	9	6	11	6	8	

Total number of component types per job processed by MFPM
2	5	1	1	4	4	3	4	4	4	4	1	1	3	4	4	5	5	3	2	4	1	2	5	3	1	3	5	3	4	2	3	3	5	4	5	4	2	4	2	3	1	1	3	4	4	1	3	5	4	1	1	2	3	5	5	4	1	3	2	4	5	5	5	5	5	3	3	3	1	1	2	3	4	1	3	4	1	1	2	3	2	3	1	2	4	1	4	4	2	3	1	4	3	2	1	1	1	2	3	3	1	3	1	5	3	4	2	1	1	5	4	5	5	5	5	2	2	4	1	5	2	5	1	3	1	4	2	1	2	5	3	1	3	4	2	1	3	3	4	5	2	5	1	3	4	5	5	5	4	5	1	1	5	5	4	2	2	5	3	1	2	5	5	5	4	5	4	5	3	3	1	2	4	1	4	2	5	3	5	2	3	1	1	4	2	1	5	2	1	3	5	4	1	4	5	1	3	5	2	

All component type numbers for each job to be processed by HSPM
18	23	11	29	16	48	14	36	4	3	2	37	6	15	
8	52	19	24	17	34	5	4	2	65	11	51	
0	67	8	45	15	18	10	25	2	50	12	14	7	57	
12	54	1	65	19	25	7	9	17	4	13	11	
8	31	14	75	19	12	16	56	15	27	12	57	1	60	18	49	9	13	13	44	5	68	3	62	
12	36	11	75	15	50	0	69	5	47	17	56	
11	59	17	18	5	61	13	36	16	67	9	56	10	28	14	44	6	47	
10	70	9	51	16	62	17	27	19	56	15	49	0	68	11	41	5	32	12	6	13	24	2	34	
4	66	14	27	15	65	6	6	19	36	18	33	12	56	17	68	16	38	10	11	11	13	8	4	
11	8	9	67	6	68	7	64	14	14	
8	49	12	65	1	62	17	2	2	46	6	57	5	32	13	70	11	56	7	42	
2	16	17	49	8	25	1	43	11	72	4	57	7	23	0	50	3	21	14	1	
19	68	3	20	0	33	14	16	15	75	12	67	18	45	16	28	1	30	
10	52	17	8	3	35	16	1	7	7	11	26	1	45	
1	20	11	71	15	10	14	74	5	4	17	25	7	6	4	65	19	39	
2	35	16	55	9	51	18	17	8	70	0	7	12	32	15	34	5	69	
19	46	10	65	16	1	12	71	9	38	4	5	8	55	13	48	0	28	
6	38	7	37	9	17	4	45	18	3	2	1	1	67	0	21	14	5	3	71	
3	45	11	64	16	38	9	36	18	52	0	4	14	9	15	72	19	35	
7	24	8	9	17	45	15	61	1	38	18	4	14	53	
2	49	19	29	14	59	1	42	16	32	5	72	7	39	10	25	11	11	
1	9	18	65	7	45	8	66	12	64	
7	1	16	69	11	58	2	54	4	27	15	50	1	34	
19	14	1	22	9	43	16	17	8	65	17	1	13	42	3	68	10	64	4	70	
2	69	14	32	8	40	19	64	3	65	4	26	5	37	10	67	11	18	6	30	9	16	15	35	
7	43	13	46	17	10	5	62	9	67	2	42	6	45	16	64	19	23	
10	67	8	38	12	70	6	26	13	52	11	54	18	62	
3	54	18	20	9	2	14	4	12	9	16	21	19	33	13	50	17	43	
17	6	1	50	11	19	14	3	6	28	19	29	2	31	15	11	12	64	13	43	5	47	16	15	
6	3	0	38	2	10	17	4	8	47	12	23	
14	7	10	54	18	35	5	60	15	52	12	26	16	68	
17	64	7	38	10	39	6	67	19	24	16	53	13	63	9	21	
1	6	9	52	13	71	12	51	19	44	0	5	5	46	7	74	
11	72	8	12	1	46	14	26	15	69	10	40	3	39	2	45	5	5	
7	31	5	17	17	18	9	14	6	39	1	45	8	61	15	40	14	72	16	32	2	60	3	43	
19	47	14	55	10	43	15	21	8	11	11	54	12	69	9	33	6	39	16	66	
6	13	0	61	14	44	17	27	19	12	16	38	10	26	
0	23	4	39	16	69	13	22	2	53	11	1	3	56	10	18	14	14	1	41	17	49	8	58	
16	21	7	13	14	1	5	69	9	59	3	11	0	36	13	61	12	73	15	48	2	30	18	68	
16	67	15	23	2	39	3	35	18	56	9	66	7	19	19	62	12	34	1	25	6	50	14	7	
7	6	3	2	2	41	1	52	18	57	9	23	6	53	19	38	12	61	17	70	10	4	
10	57	3	28	11	10	12	60	17	63	0	37	
4	56	9	6	15	62	3	67	16	52	1	27	19	18	18	51	14	5	17	40	6	16	13	38	
17	69	12	35	7	20	18	44	14	30	1	67	9	25	
0	24	14	3	17	51	12	47	3	65	6	56	18	17	13	57	7	46	
4	14	0	5	12	42	7	1	17	63	
3	65	16	31	10	67	18	54	7	15	11	63	2	49	0	50	4	21	14	52	12	37	
1	22	13	56	6	46	16	61	0	14	3	11	
18	5	8	46	6	51	0	73	4	52	10	69	9	36	16	7	5	43	
19	30	18	71	7	67	17	16	4	61	16	33	0	45	3	19	5	28	1	48	
14	56	18	50	2	45	13	1	19	43	4	40	
1	32	8	69	18	71	11	47	2	26	17	12	5	38	4	50	15	19	
4	35	1	55	8	62	12	53	17	69	16	67	14	50	3	59	7	15	
13	67	12	58	8	68	5	11	15	38	19	69	10	10	6	60	17	63	11	55	2	2	4	43	
0	7	7	20	8	31	5	58	10	52	
0	26	12	72	19	11	13	60	3	61	5	33	11	12	2	50	10	18	6	68	
14	63	16	71	11	64	10	73	9	46	18	33	3	54	
12	43	15	37	3	59	14	75	16	48	2	12	11	42	5	27	
0	12	8	23	11	3	12	65	14	13	18	8	
3	68	10	15	18	3	11	47	8	60	19	23	
12	33	15	6	6	57	14	2	2	21	10	27	
8	53	11	28	14	49	2	9	0	59	16	37	5	8	
17	33	15	48	16	75	3	40	18	21	13	18	7	62	2	34	8	11	
4	73	9	9	11	64	12	67	14	18	
4	19	16	8	9	55	0	38	15	65	19	20	13	42	18	15	
17	72	10	73	19	46	9	40	5	38	11	60	1	44	4	59	
1	61	15	58	9	43	4	54	7	72	13	26	14	70	0	22	5	37	10	25	19	11	2	69	
7	7	14	48	4	17	19	43	6	75	3	73	
0	23	9	35	10	14	6	57	11	19	
6	52	1	44	13	18	0	72	9	55	10	41	18	60	
8	75	16	6	11	54	17	15	15	4	13	66	9	43	
12	58	16	30	9	65	11	51	10	8	15	39	18	2	2	4	3	20	14	55	5	48	17	32	
13	46	14	56	19	6	2	64	17	66	11	38	18	53	10	18	0	33	6	20	4	26	
17	47	8	38	0	2	6	8	12	51	1	42	
0	64	2	47	12	17	15	15	11	28	18	18	5	21	19	12	1	14	7	75	9	2	
1	23	14	28	8	70	19	34	16	48	0	53	
11	65	14	58	5	22	16	33	1	75	17	43	18	15	
19	58	2	66	13	62	1	27	17	29	12	64	6	38	14	47	15	18	16	16	10	65	
5	47	12	36	8	42	14	55	11	7	3	69	
11	60	1	75	6	34	0	41	13	43	3	74	
5	10	0	51	17	5	16	56	13	2	9	54	3	41	6	70	7	42	19	67	12	71	
4	64	9	28	2	37	1	55	3	20	13	56	12	71	0	3	19	70	16	69	
6	10	12	75	15	41	7	19	0	33	17	36	3	26	5	48	11	18	16	43	
8	36	4	63	2	59	0	51	6	6	13	24	18	66	
1	50	3	13	5	9	15	28	0	71	19	70	18	17	9	40	
3	67	8	50	17	61	4	18	2	13	
19	72	2	25	11	16	10	58	16	39	9	1	5	65	14	45	
9	62	10	21	1	27	18	17	5	33	
3	54	7	57	16	22	8	36	1	49	5	13	
15	23	6	50	7	53	0	68	5	75	14	48	12	47	3	41	18	26	
10	70	15	15	9	61	4	20	14	31	8	26	
7	61	18	53	17	30	16	42	3	14	9	54	10	3	8	48	
12	39	3	25	6	56	16	14	10	23	17	65	5	4	13	44	11	21	
10	59	12	24	9	64	13	71	18	28	5	42	11	26	2	23	7	4	3	48	15	8	
17	42	9	12	1	18	7	27	11	6	6	55	3	1	4	65	
15	45	10	34	8	33	3	2	7	36	1	27	16	6	14	30	12	67	
1	66	0	22	10	2	13	17	15	74	14	59	
15	44	4	35	6	17	0	21	9	46	12	63	5	66	3	30	16	24	1	32	19	6	
11	50	12	70	0	69	14	53	6	8	7	75	
5	46	3	22	7	7	1	62	9	35	2	50	0	34	16	49	

All component type numbers for each job to be processed by MFPM
4	17	6	25	
7	42	6	49	2	38	1	48	9	46	
9	9	
4	32	
0	9	2	22	5	14	3	2	
3	39	2	33	8	40	7	42	
0	7	4	22	8	23	
5	40	8	26	9	27	1	33	
8	2	2	15	6	9	1	21	
4	46	7	36	3	35	8	29	
0	4	7	16	6	18	4	9	
7	40	
3	13	
7	41	3	36	9	49	
7	10	2	23	4	3	1	18	
6	41	2	45	0	33	7	37	
6	23	4	6	1	21	7	16	2	2	
0	43	9	48	1	26	2	39	3	27	
6	19	9	22	0	5	
8	29	4	34	
1	15	4	12	0	2	8	5	
9	26	
9	1	3	17	
8	27	4	42	5	31	3	38	2	28	
5	7	8	11	0	5	
2	30	
9	23	6	12	0	9	
1	31	7	36	4	44	8	30	5	40	
4	9	5	13	7	25	
3	27	6	43	9	38	2	28	
6	16	0	3	
3	50	4	27	2	29	
7	17	0	7	3	3	
9	29	3	34	5	32	0	26	7	41	
4	13	3	4	1	11	6	21	
6	36	1	41	3	47	8	30	4	38	
0	2	7	12	6	10	1	5	
1	47	6	39	
1	13	3	6	4	18	2	23	
7	43	0	33	
6	4	3	21	5	7	
2	41	
9	22	
3	40	0	44	6	26	
7	16	1	12	4	23	6	4	
4	34	7	38	8	50	1	41	
2	16	
6	41	2	29	0	49	
6	23	3	19	8	8	5	15	1	6	
4	38	8	33	7	40	1	29	
0	2	
0	33	
7	20	1	21	
9	30	1	37	2	47	
1	20	4	2	5	16	7	17	0	19	
6	44	4	27	3	31	8	38	2	35	
1	6	8	24	5	9	0	21	
5	35	
7	5	4	11	6	1	
1	28	4	42	
8	18	7	13	2	6	0	20	
1	45	2	28	4	30	5	44	8	41	
9	18	5	3	1	8	4	12	8	10	
8	44	2	31	9	38	6	35	3	49	
1	8	3	10	7	2	8	5	6	4	
6	44	2	47	8	31	1	42	3	37	
3	14	7	10	6	4	
6	28	8	38	7	50	
8	11	3	2	4	21	
2	42	
9	25	
6	31	4	33	
9	23	5	1	7	11	
1	35	8	40	3	49	9	46	
9	13	
2	47	0	38	5	49	
7	12	5	24	1	7	9	11	
3	39	
2	7	
2	28	0	34	
4	9	8	6	3	17	
0	38	9	26	
6	9	5	4	9	5	
8	45	
9	25	0	11	
0	26	3	47	2	34	1	45	
8	22	
4	26	3	30	5	40	8	38	
8	15	9	8	7	11	4	4	
9	29	0	31	
1	17	9	21	7	25	
9	49	
6	10	3	24	0	20	4	12	
5	50	9	34	8	29	
7	5	9	21	
7	49	
4	18	
1	29	
4	11	8	20	
1	44	4	39	2	27	
0	15	5	9	6	2	
3	38	
5	6	8	3	3	21	
6	27	
0	18	8	24	1	16	9	22	2	21	
8	28	0	32	4	35	
8	23	9	4	6	1	4	8	
4	30	1	31	
9	9	
1	37	
1	4	6	16	9	10	8	9	0	7	
4	36	8	27	9	43	5	30	
7	6	5	4	9	5	3	24	4	18	
7	40	9	46	6	42	1	31	0	35	
8	6	5	7	9	19	2	5	1	2	
5	42	0	31	2	38	7	37	3	45	
2	6	9	24	
4	40	2	35	
5	3	4	19	2	18	6	14	
6	50	
9	25	4	3	6	1	8	13	3	14	
4	39	9	49	
5	9	1	3	0	8	3	2	4	19	
0	27	
9	24	4	12	8	11	
8	46	
9	6	5	20	2	4	6	22	
9	33	1	35	
0	14	
6	41	9	28	
0	24	3	25	4	5	1	22	6	16	
2	27	4	26	6	42	
3	7	
3	32	0	44	2	39	
0	10	5	6	6	2	4	18	
5	46	7	48	
4	14	
2	46	6	28	7	41	
2	20	6	8	4	17	
3	39	4	46	8	34	9	49	
7	11	9	23	4	24	0	25	8	14	
4	46	3	29	
0	21	5	15	9	7	8	17	1	1	
6	48	
2	2	0	14	4	9	
6	40	0	29	5	41	2	31	
3	10	6	14	0	1	1	6	7	8	
3	32	1	50	5	27	2	33	8	34	
3	19	6	24	7	1	2	23	5	8	
1	31	5	34	9	40	3	43	
0	7	2	24	3	16	1	1	8	5	
2	30	
9	22	
5	38	0	31	3	36	8	48	1	29	
5	9	3	8	7	22	1	14	0	21	
2	29	6	44	4	41	1	34	
2	21	4	1	
7	46	4	31	
1	24	3	7	5	1	6	12	0	3	
9	48	5	47	8	44	
9	3	
7	50	9	42	
0	2	2	12	5	8	6	4	9	23	
4	50	8	31	7	48	0	41	5	28	
5	5	8	7	0	24	6	4	1	18	
9	40	7	39	8	34	1	32	
0	16	7	24	8	13	2	12	4	11	
5	49	2	28	9	48	6	47	
0	7	3	6	7	9	4	17	2	2	
2	44	0	34	7	46	
3	8	7	21	0	15	
0	45	
3	13	4	3	
8	38	9	31	0	27	1	45	
0	16	
5	36	8	43	0	46	3	35	
2	15	1	20	
2	27	1	28	8	34	5	43	4	45	
4	20	6	12	5	25	
7	32	0	43	2	31	6	47	8	37	
0	4	7	2	
6	48	1	33	3	46	
2	18	
4	31	
0	4	9	21	7	17	8	20	
9	40	8	45	
0	18	
9	43	2	44	3	27	5	37	1	40	
5	8	6	6	
0	31	
8	17	6	13	4	18	
7	46	8	42	6	35	3	41	1	32	
3	11	1	9	0	7	7	17	
4	40	
1	24	0	5	3	23	2	12	
5	26	9	33	3	27	0	35	6	48	
7	21	
1	26	2	28	9	44	
4	24	9	10	5	25	7	7	3	3	
8	26	1	48	

Three processing times per job on each machine
The best scenario
406	170	236	
208	181	181	
53	163	139	
162	186	460	
368	234	340	
231	157	226	
278	108	334	
257	141	171	
70	139	129	
161	146	182	
63	78	33	
157	120	259	
385	251	123	
180	352	97	
174	98	66	
37	32	75	
34	25	27	
468	163	452	
151	146	300	
127	41	54	
109	188	95	
57	33	65	
145	320	98	
212	136	113	
39	139	50	
117	103	76	
113	225	329	
351	280	102	
50	41	120	
36	27	81	
54	187	86	
33	32	39	
112	164	230	
67	216	176	
102	57	158	
127	41	74	
169	146	85	
46	83	17	
194	448	127	
374	110	289	
65	121	66	
116	125	120	
69	78	121	
135	106	145	
279	74	171	
225	136	74	
61	92	51	
109	195	125	
279	188	131	
181	132	159	
40	95	94	
113	147	167	
101	77	151	
62	54	39	
44	43	52	
34	18	22	
423	391	547	
267	154	347	
134	184	353	
109	129	117	
75	152	109	
227	238	213	
114	111	131	
153	78	40	
374	287	98	
274	221	178	
95	68	72	
48	44	77	
162	98	87	
135	238	171	
153	207	182	
115	100	282	
100	242	59	
125	374	69	
17	36	63	
32	23	27	
511	201	171	
338	279	372	
110	111	214	
181	86	52	
270	330	267	
92	79	130	
38	80	63	
20	18	30	
74	62	47	
74	146	118	
58	59	71	
181	201	185	
66	77	119	
31	8	14	
442	205	437	
134	161	155	
262	134	288	
364	260	309	
152	272	149	
162	136	103	
280	158	184	
144	77	48	
97	79	106	
216	256	393	
Most likely scenario
549	307	341	
289	264	222	
74	280	167	
205	370	568	
456	326	373	
233	298	305	
353	126	425	
292	213	205	
137	213	212	
172	225	352	
123	86	49	
212	147	479	
414	419	160	
237	398	186	
185	161	79	
54	36	78	
60	31	50	
481	205	562	
292	158	445	
182	53	66	
207	250	168	
62	35	82	
236	327	151	
325	170	210	
49	161	77	
194	152	100	
131	237	412	
479	356	132	
91	79	169	
70	39	82	
62	203	169	
43	59	62	
160	208	425	
116	243	267	
107	104	276	
180	64	96	
257	148	91	
92	97	30	
279	528	144	
467	181	417	
123	187	67	
202	169	153	
128	116	157	
153	159	193	
313	87	211	
227	232	122	
110	100	70	
144	291	197	
283	215	254	
290	166	235	
70	115	174	
158	222	191	
178	91	153	
96	68	41	
45	73	54	
54	31	39	
574	525	579	
408	221	378	
247	353	385	
130	155	192	
90	162	135	
310	329	268	
126	163	161	
197	97	60	
420	332	126	
344	295	340	
175	108	121	
81	79	116	
170	139	161	
166	347	197	
282	370	207	
143	111	398	
195	261	79	
225	395	116	
28	64	69	
43	27	39	
564	268	197	
405	434	375	
140	154	240	
214	132	70	
448	458	487	
129	100	138	
51	115	92	
23	35	35	
140	92	79	
106	248	136	
90	74	77	
215	290	280	
89	85	175	
43	15	22	
494	272	462	
177	272	219	
497	192	477	
429	518	319	
180	283	266	
192	206	104	
281	222	187	
265	96	82	
113	108	111	
236	423	524	
The worst scenario
778	452	346	
353	332	326	
107	415	202	
248	551	827	
580	412	529	
240	387	314	
438	147	502	
340	300	245	
171	253	224	
226	309	361	
170	118	56	
263	165	634	
434	575	232	
298	587	250	
223	239	98	
68	42	110	
67	36	74	
705	243	805	
419	206	452	
212	61	82	
250	272	203	
73	50	112	
316	346	155	
459	224	216	
55	163	82	
235	165	112	
150	265	504	
543	466	195	
126	85	171	
97	50	87	
84	205	193	
51	77	86	
231	243	520	
167	311	373	
129	109	345	
183	94	114	
290	191	136	
98	116	36	
335	761	199	
564	225	452	
167	260	94	
205	240	178	
145	135	170	
163	215	250	
369	129	256	
285	345	134	
128	131	95	
188	322	279	
402	237	263	
397	181	306	
88	128	230	
190	268	279	
236	119	221	
126	72	43	
50	101	71	
72	45	47	
705	568	605	
524	233	565	
293	413	501	
153	210	237	
95	172	170	
438	464	318	
164	228	170	
277	121	69	
576	453	157	
490	393	485	
224	140	169	
114	96	164	
201	185	223	
208	470	213	
382	372	278	
144	144	536	
213	390	86	
321	438	117	
34	76	100	
44	35	49	
813	354	265	
570	475	519	
179	178	249	
216	155	89	
468	536	613	
188	143	200	
58	151	134	
33	51	51	
183	138	108	
140	338	189	
118	86	107	
294	381	346	
106	112	197	
64	21	30	
713	287	549	
228	286	273	
587	251	703	
498	712	402	
265	329	295	
265	221	120	
307	314	241	
354	115	107	
156	158	165	
324	473	664	
