Factories	7	Jobs	100	Machines	2

Total number of component types per job processed by HSPM
7	7	11	11	12	7	8	12	7	5	9	10	6	9	5	10	6	10	12	8	9	5	7	6	8	10	5	7	10	7	9	5	6	9	10	8	6	8	11	7	5	11	12	12	10	12	8	11	5	5	10	11	9	11	9	8	10	9	11	8	9	8	9	5	6	6	7	10	6	5	8	10	6	6	7	5	6	5	9	12	9	7	9	7	12	9	11	5	12	10	5	12	5	12	11	9	9	7	11	11	

Total number of component types per job processed by MFPM
1	1	4	5	1	5	2	2	3	1	5	2	1	2	5	1	2	1	1	4	3	1	4	5	5	2	1	5	2	3	1	5	1	3	2	5	1	4	4	1	1	4	1	2	4	1	4	1	4	4	5	3	2	1	2	3	3	4	2	2	2	3	4	2	1	1	2	3	1	2	3	1	1	5	1	2	2	3	1	5	3	4	5	5	5	1	2	3	5	3	4	5	3	4	3	4	2	4	5	5	

All component type numbers for each job to be processed by HSPM
10	35	12	1	16	7	18	36	8	73	2	64	14	58	
4	44	3	29	11	74	10	60	13	54	14	66	12	65	
19	1	12	65	8	32	14	46	0	28	18	49	13	73	9	67	2	11	7	19	10	57	
12	59	6	70	5	43	0	30	8	9	4	35	14	57	15	36	2	73	17	49	9	48	
7	46	11	60	8	38	6	43	2	3	0	63	18	64	13	7	16	13	1	1	10	48	4	24	
0	1	15	11	3	37	1	42	11	18	5	23	17	75	
17	23	2	39	5	35	10	2	14	31	4	68	7	43	15	30	
2	36	14	25	8	8	17	14	7	6	9	55	6	24	11	59	18	41	15	26	10	34	16	65	
16	22	3	49	0	13	1	11	17	38	4	37	5	19	
15	7	3	50	4	60	1	49	6	52	
7	33	16	18	12	19	0	71	17	42	3	6	2	14	19	40	18	36	
9	51	14	18	16	68	8	48	17	19	0	66	19	40	5	57	11	15	2	25	
8	31	15	38	11	37	3	22	10	21	4	44	
15	75	11	18	4	58	10	50	16	48	7	33	17	63	1	38	13	57	
0	50	17	57	2	62	4	44	12	1	
15	55	18	58	2	20	7	1	19	36	0	17	6	61	12	65	11	41	1	27	
10	48	5	69	13	43	18	31	9	10	7	66	
7	13	3	74	0	44	19	15	4	10	5	59	18	66	12	28	17	72	2	21	
17	70	5	51	2	61	18	48	16	72	4	42	15	13	12	56	0	22	7	14	11	12	13	25	
9	15	4	67	17	74	10	58	8	69	19	65	16	44	7	32	
5	46	0	75	4	12	18	18	2	19	7	73	3	49	6	54	12	39	
7	23	17	51	6	61	11	66	3	11	
12	23	3	43	2	5	7	44	17	36	6	63	10	40	
1	3	9	38	15	25	16	62	11	60	0	72	
13	73	10	20	9	53	5	19	2	70	19	7	3	61	7	42	
0	56	14	23	7	67	2	7	10	3	16	41	13	57	17	75	5	26	3	18	
4	58	9	18	2	61	6	10	15	13	
14	15	19	6	3	49	9	39	11	48	8	25	18	2	
15	12	17	66	4	70	11	69	12	72	3	15	19	51	7	3	13	74	10	7	
3	33	15	2	1	61	11	62	4	41	8	57	12	21	
18	29	10	31	14	73	12	67	17	69	19	13	5	63	2	48	13	11	
4	15	18	64	9	43	17	38	1	37	
5	1	0	59	9	60	14	51	2	28	3	23	
5	16	16	21	3	25	11	49	8	72	10	43	19	73	15	1	0	42	
13	4	6	67	7	38	8	2	9	61	0	32	16	11	4	57	17	42	15	17	
4	37	1	58	6	26	18	18	9	44	16	2	7	11	5	21	
9	44	0	31	11	47	8	75	12	72	13	39	
19	23	8	51	0	40	16	64	9	73	2	11	5	72	11	53	
2	5	3	23	12	20	19	27	10	73	14	30	1	26	16	71	11	63	8	68	9	43	
6	33	5	57	4	72	19	29	11	75	18	23	12	30	
13	15	3	22	0	36	2	51	16	75	
13	2	2	42	6	52	17	18	7	69	9	68	12	25	5	10	19	63	15	1	10	65	
0	41	4	53	3	30	15	66	6	61	1	56	16	44	19	3	7	75	8	55	5	10	12	4	
5	4	10	67	3	9	7	59	8	18	2	69	16	32	14	42	9	31	18	7	0	41	6	70	
2	53	17	60	3	64	7	29	15	39	5	47	16	40	1	66	18	5	13	56	
16	16	15	57	11	60	5	62	19	12	12	63	6	5	4	37	2	67	14	59	0	15	10	21	
17	28	2	1	12	65	19	13	15	26	6	19	9	33	5	45	
3	21	18	45	9	11	7	25	4	14	11	22	5	29	1	41	16	54	2	34	12	72	
10	61	13	1	2	70	15	26	0	46	
7	1	4	37	19	20	8	67	15	15	
3	1	0	70	16	60	9	27	10	32	4	57	19	68	17	23	5	59	7	34	
6	27	3	31	14	2	13	74	8	8	17	72	1	24	12	50	4	55	9	40	15	65	
12	17	15	46	1	15	19	41	10	72	7	69	9	4	17	61	3	1	
11	14	4	10	10	52	12	21	16	62	8	31	5	7	2	27	6	9	0	44	1	66	
4	53	6	14	16	65	1	75	17	71	12	25	9	1	3	19	0	52	
10	11	2	55	13	7	0	10	3	24	6	22	15	52	1	1	
16	38	4	9	13	20	14	58	9	36	2	27	17	49	15	12	11	71	18	16	
15	31	18	24	19	45	1	37	12	69	10	11	14	57	6	26	7	42	
15	2	9	48	5	10	12	70	16	30	2	62	19	31	14	42	8	8	3	21	11	4	
6	8	7	13	13	59	3	18	19	35	10	10	14	57	11	40	
0	56	11	75	17	58	5	69	2	11	10	38	9	41	3	8	15	29	
0	69	2	66	15	38	6	56	12	21	5	22	13	26	11	16	
15	4	11	69	2	20	5	57	16	74	19	62	4	75	7	48	14	56	
0	39	18	61	9	36	2	45	4	49	
9	63	1	27	0	11	16	2	15	29	6	74	
7	52	19	11	16	63	5	44	6	45	8	2	
7	37	3	18	9	4	0	40	17	75	11	20	15	22	
16	15	8	71	17	50	10	52	9	22	3	17	2	23	13	4	1	21	19	36	
12	61	8	8	14	54	18	53	15	51	7	74	
11	54	17	51	10	31	1	16	0	60	
1	29	3	21	7	43	12	54	16	62	13	36	14	52	2	6	
4	8	10	29	12	70	3	32	11	15	13	27	0	72	8	53	1	44	2	39	
17	71	14	33	16	29	6	3	12	5	2	42	
16	49	4	21	18	54	5	61	0	18	2	7	
3	40	18	12	2	13	19	49	11	48	10	26	5	1	
15	44	4	60	10	55	9	65	17	66	
17	33	14	66	16	21	12	19	8	20	6	32	
6	42	14	28	3	14	8	1	13	59	
0	3	14	66	1	57	17	50	5	32	18	37	11	42	4	73	3	8	
10	13	15	53	3	21	11	29	13	4	4	65	5	28	14	2	8	9	1	55	17	34	19	32	
18	66	2	5	16	38	4	32	11	53	19	4	0	72	5	25	9	18	
0	41	1	34	16	39	18	35	6	1	2	3	9	12	
19	16	16	44	8	3	1	65	7	31	0	48	18	4	2	42	4	10	
11	53	4	1	17	12	15	49	5	29	9	27	16	13	
10	17	18	48	4	75	0	14	5	19	6	34	13	56	11	51	2	70	9	69	16	57	15	27	
11	17	7	23	10	15	4	43	12	4	0	42	14	14	18	11	13	16	
3	69	0	34	15	10	4	53	5	35	17	67	14	23	10	15	7	52	19	31	12	1	
10	26	18	35	6	24	17	72	8	44	
3	64	5	42	17	2	19	68	6	69	15	35	8	30	12	24	13	15	7	67	18	48	10	22	
11	53	18	12	14	11	17	37	19	29	7	5	8	16	4	25	6	22	13	15	
6	51	10	74	13	69	11	25	15	38	
12	2	11	68	6	62	5	5	3	32	17	44	19	9	10	49	2	25	4	73	14	19	7	52	
6	66	9	68	4	42	1	7	7	29	
18	27	10	20	11	23	0	58	1	37	4	63	8	7	19	67	12	22	6	36	2	14	13	54	
7	10	13	49	14	63	10	17	2	8	8	42	19	41	0	57	6	65	18	20	12	72	
3	16	2	38	19	43	11	8	0	12	6	46	12	66	16	72	18	44	
3	17	15	37	12	31	0	39	10	20	5	70	19	33	17	63	8	58	
18	43	4	63	16	47	3	59	0	72	14	7	10	30	
19	53	13	22	3	15	7	7	1	48	8	30	6	26	2	32	14	64	17	10	10	35	
10	63	18	3	17	39	0	1	12	38	4	17	1	47	7	49	13	11	19	41	3	25	

All component type numbers for each job to be processed by MFPM
5	23	
7	18	
8	21	1	2	9	24	2	14	
6	14	1	3	4	5	8	15	2	24	
6	13	
8	24	0	4	4	15	5	6	6	11	
8	5	0	15	
9	14	2	5	
7	5	6	16	5	6	
8	7	
1	12	7	9	2	5	0	14	4	3	
1	25	4	17	
9	11	
0	2	8	23	
6	2	0	17	7	14	1	16	3	23	
8	18	
3	13	9	11	
6	7	
1	18	
1	20	3	18	2	2	4	13	
3	3	4	8	6	11	
4	12	
8	23	7	9	6	3	4	2	
0	25	3	6	1	19	5	1	4	8	
0	5	5	22	3	17	9	19	2	7	
5	13	6	17	
7	18	
5	2	0	4	6	24	4	8	1	18	
6	23	8	5	
1	4	3	6	5	17	
0	17	
5	8	9	17	6	20	7	13	3	22	
1	21	
7	19	2	11	8	20	
6	22	0	2	
5	13	4	15	6	20	7	21	8	1	
3	2	
1	3	5	18	8	24	2	7	
0	24	1	22	7	19	6	12	
6	17	
3	13	
0	19	2	3	9	10	6	9	
7	2	
8	2	6	16	
1	13	3	17	2	3	7	18	
6	14	
3	5	1	6	7	24	6	7	
9	14	
9	12	0	24	3	21	8	1	
0	7	4	9	1	21	7	22	
8	17	2	23	5	15	6	18	3	22	
3	21	9	1	7	9	
2	24	0	19	
3	3	
2	9	1	20	
6	12	8	3	0	16	
4	20	9	19	1	11	
3	6	6	23	4	16	7	9	
8	3	2	12	
5	20	8	6	
2	5	6	11	
4	20	8	17	1	1	
6	15	5	13	7	21	8	6	
8	15	0	7	
0	24	
1	17	
9	18	8	16	
5	18	4	19	9	15	
0	20	
7	20	3	5	
3	9	0	6	2	7	
0	19	
2	23	
8	24	7	19	3	21	2	2	4	18	
9	23	
2	18	0	7	
2	24	6	9	
5	16	7	22	9	17	
9	16	
7	18	4	22	8	13	6	11	9	16	
5	12	4	23	0	14	
9	2	1	23	3	14	2	5	
8	16	3	25	1	8	6	20	9	3	
4	1	2	25	1	23	5	10	0	3	
9	25	7	6	5	8	4	10	0	17	
8	20	
1	8	6	2	
7	19	4	22	1	3	
1	15	2	6	0	22	5	11	3	19	
6	18	5	23	7	5	
7	4	4	17	5	20	8	6	
8	15	9	23	3	6	7	4	6	8	
5	2	7	6	1	11	
5	8	0	25	1	5	9	6	
7	5	1	15	2	20	
5	7	4	9	6	21	0	18	
1	24	6	20	
5	13	3	12	6	25	4	7	
1	15	4	7	3	5	0	21	5	9	
1	12	4	4	9	17	8	22	6	13	

Three processing times per job on each machine
The best scenario
690	440	
529	477	
660	401	
409	1157	
887	467	
360	1117	
488	478	
632	145	
159	344	
515	805	
205	816	
304	440	
721	836	
143	334	
783	430	
189	410	
587	409	
84	141	
478	776	
152	179	
77	99	
687	1004	
409	414	
154	113	
178	172	
178	332	
1177	438	
258	797	
365	396	
851	888	
206	523	
535	167	
233	636	
519	312	
64	134	
378	319	
780	429	
85	76	
419	709	
82	51	
73	123	
294	532	
304	700	
283	263	
299	107	
607	480	
182	345	
360	514	
448	682	
325	376	
59	73	
368	691	
304	527	
509	762	
254	283	
572	767	
531	569	
316	520	
519	386	
338	569	
104	79	
140	123	
92	117	
60	77	
321	116	
347	947	
670	281	
411	566	
683	707	
67	163	
482	354	
581	439	
298	354	
479	247	
223	111	
1208	689	
188	418	
603	1095	
321	526	
238	144	
905	545	
125	65	
731	218	
556	877	
256	340	
320	828	
504	183	
772	807	
202	144	
261	122	
262	125	
218	309	
184	125	
319	336	
97	180	
156	99	
423	869	
588	284	
925	1059	
351	104	
Most likely scenario
792	734	
649	628	
732	472	
470	1352	
1099	753	
427	1269	
678	524	
747	283	
299	597	
949	951	
335	1023	
554	480	
975	993	
274	438	
944	786	
213	737	
912	438	
130	275	
752	1007	
166	209	
153	130	
770	1084	
676	482	
222	156	
321	246	
305	354	
1488	547	
391	853	
514	555	
1098	1026	
273	807	
779	223	
296	843	
586	329	
76	166	
670	600	
967	726	
113	91	
426	863	
122	68	
128	139	
522	627	
369	815	
562	526	
427	160	
761	694	
201	418	
530	956	
668	950	
498	490	
95	138	
489	904	
544	697	
928	764	
339	303	
648	890	
670	730	
405	543	
937	600	
563	897	
127	115	
256	195	
103	226	
75	120	
322	207	
405	1006	
836	344	
490	770	
1149	1154	
95	205	
575	465	
906	578	
430	583	
546	422	
265	177	
1261	788	
362	608	
1050	1172	
607	795	
453	195	
1092	671	
166	74	
1337	397	
849	1207	
321	342	
391	1466	
514	313	
959	1146	
288	208	
332	212	
383	214	
282	414	
238	137	
405	393	
111	236	
193	157	
791	907	
836	461	
930	1293	
440	163	
The worst scenario
923	753	
801	751	
776	482	
494	1909	
1412	1100	
442	1364	
707	771	
824	337	
437	805	
1323	1356	
409	1175	
668	548	
1119	1213	
326	452	
1092	958	
310	844	
939	609	
153	398	
886	1361	
224	216	
192	161	
1053	1552	
706	508	
243	165	
442	313	
395	517	
1531	620	
566	1047	
533	767	
1483	1235	
329	936	
784	281	
399	1257	
631	409	
103	223	
949	843	
1159	773	
147	116	
578	885	
125	84	
158	153	
745	706	
458	1049	
808	574	
476	199	
811	714	
246	496	
576	1121	
771	1181	
567	662	
120	182	
655	948	
784	826	
1268	1051	
393	382	
758	1287	
801	834	
457	767	
1054	820	
601	1174	
149	140	
280	208	
150	242	
104	160	
376	234	
581	1091	
916	441	
689	1047	
1314	1666	
103	225	
721	607	
1093	695	
570	811	
792	616	
385	237	
1388	808	
535	782	
1269	1479	
859	886	
586	211	
1565	837	
223	90	
1681	505	
1199	1272	
326	397	
416	2010	
762	385	
1170	1574	
324	305	
388	268	
419	223	
336	567	
280	185	
536	498	
120	266	
225	158	
1172	1177	
1005	605	
1150	1372	
452	220	
