Factories	4	Jobs	150	Machines	2

Total number of component types per job processed by HSPM
12	6	9	9	11	6	5	9	9	5	8	8	10	9	10	9	9	8	8	6	11	5	9	5	9	5	6	10	12	10	8	6	12	8	6	8	10	6	6	12	6	7	12	9	11	9	10	8	10	6	7	9	5	10	10	8	5	12	8	8	5	9	5	6	9	12	8	10	9	10	9	9	10	6	7	7	7	8	5	11	12	12	6	11	11	8	9	10	11	5	6	7	6	10	9	7	9	5	6	6	9	12	6	10	12	11	9	9	6	6	5	12	5	10	5	11	7	7	5	11	11	8	5	6	5	6	5	10	6	10	8	12	11	10	12	6	12	6	9	7	8	11	7	10	7	7	5	10	8	6	

Total number of component types per job processed by MFPM
1	4	5	2	3	4	2	4	3	5	4	3	5	3	1	1	5	5	5	2	1	2	3	3	1	3	5	3	3	2	4	2	2	2	2	5	3	5	2	5	3	2	5	1	4	2	2	3	3	4	1	4	2	2	4	5	4	3	3	1	1	1	5	1	1	5	3	2	2	4	3	4	1	3	5	4	3	5	3	4	2	5	5	1	4	2	3	3	2	5	2	4	3	4	5	5	4	1	2	1	2	2	4	5	1	3	5	2	2	4	4	4	2	4	4	2	4	1	5	5	3	4	5	2	3	4	5	3	2	5	5	3	2	2	1	1	3	2	2	4	2	3	2	1	3	3	3	1	3	5	

All component type numbers for each job to be processed by HSPM
9	50	3	17	13	27	8	57	14	26	15	56	18	4	19	24	5	60	7	15	0	46	11	21	
18	18	12	30	8	4	16	65	15	41	2	15	
9	66	14	36	1	55	10	69	19	22	16	27	6	48	13	12	15	68	
16	22	8	27	13	40	17	15	14	68	4	54	15	14	9	65	2	63	
5	53	10	45	6	63	11	14	15	17	4	28	9	20	1	24	8	21	13	19	7	9	
19	60	16	23	10	26	4	59	18	11	12	29	
15	21	19	52	11	75	10	39	9	60	
7	52	2	45	16	74	12	35	9	61	3	9	1	51	8	32	10	43	
2	19	12	48	5	51	18	27	9	60	16	36	14	22	4	26	3	73	
9	40	7	22	2	14	14	67	17	25	
14	33	12	65	8	13	18	48	1	36	11	71	19	25	15	7	
5	50	18	20	15	36	14	5	0	33	10	75	6	48	1	37	
13	72	1	11	6	32	19	54	8	10	7	50	3	71	12	20	16	21	4	12	
10	67	6	15	2	27	11	68	18	34	14	29	5	38	8	30	1	35	
15	14	19	55	10	2	16	64	7	45	0	52	5	27	2	69	4	5	17	67	
9	32	13	36	6	70	15	2	19	22	3	62	7	15	8	27	12	49	
12	62	13	67	0	63	15	20	1	22	5	38	16	11	3	65	2	51	
5	18	0	5	11	56	9	4	12	49	6	42	17	66	4	43	
10	46	5	68	1	44	8	36	18	12	7	47	11	62	14	74	
8	49	19	12	5	63	2	31	11	4	0	3	
5	71	19	41	18	56	8	50	3	22	0	36	9	64	17	28	2	35	12	26	7	32	
18	55	15	58	3	71	5	49	11	70	
0	38	14	25	13	49	17	26	10	6	11	3	19	35	5	53	12	54	
1	53	12	52	6	70	16	21	2	11	
1	23	19	24	14	15	15	11	7	20	6	50	2	58	18	3	4	8	
19	24	6	51	4	22	2	60	8	69	
0	35	13	3	6	16	15	25	7	23	8	34	
10	60	11	18	16	37	0	66	5	53	17	30	4	49	2	70	18	56	13	38	
16	23	17	15	7	75	4	57	5	11	9	62	19	72	12	71	6	63	13	35	1	50	10	44	
2	53	16	23	19	64	7	44	9	60	1	71	4	52	18	16	11	39	5	15	
8	70	5	61	2	14	4	30	3	53	16	66	0	23	11	52	
8	71	17	5	7	22	0	55	19	23	18	49	
5	11	4	14	12	70	19	17	15	52	18	38	13	15	0	18	3	16	8	50	11	28	14	42	
2	1	14	24	5	29	19	59	8	43	4	16	12	39	11	56	
2	26	0	43	9	34	5	61	4	45	19	10	
18	25	2	74	17	67	8	34	10	45	12	31	0	53	3	38	
8	26	3	45	9	70	2	34	7	11	18	4	15	18	17	61	12	6	10	33	
7	44	13	32	18	43	1	22	6	24	0	57	
18	26	15	58	7	69	19	13	5	23	8	60	
12	4	15	39	9	26	4	12	14	7	7	50	5	38	18	74	6	34	11	71	13	30	8	55	
8	3	6	35	13	75	0	59	19	58	7	28	
8	3	10	8	1	45	18	63	0	52	2	16	9	2	
4	35	19	23	17	46	8	30	14	43	3	54	16	15	18	6	12	41	9	39	0	7	11	49	
5	22	7	75	0	46	19	56	1	52	13	33	2	35	3	44	15	27	
15	25	19	45	7	33	17	48	6	10	9	46	2	28	8	5	12	66	13	9	5	27	
9	66	10	68	6	7	2	22	16	3	11	64	4	23	18	29	17	4	
10	20	15	1	3	61	1	50	13	67	18	30	12	44	7	15	17	37	19	43	
8	6	5	34	14	60	18	14	15	3	13	16	1	40	17	52	
12	45	5	27	0	61	9	12	18	35	1	21	8	28	6	67	13	66	19	40	
14	13	13	44	8	3	3	75	17	27	0	33	
8	4	16	63	10	7	6	58	3	38	2	62	19	25	
10	64	17	14	4	20	12	27	16	19	15	58	6	12	3	25	7	43	
12	10	13	6	9	54	0	1	17	3	
9	14	2	6	17	40	0	37	5	13	14	3	16	46	15	24	13	30	3	2	
19	44	13	40	14	62	8	73	17	10	5	61	6	59	10	24	12	74	18	51	
19	31	2	27	18	53	11	45	10	25	5	66	16	28	17	70	
13	45	6	37	10	1	8	59	14	54	
11	64	4	62	0	65	15	52	17	53	14	26	12	5	2	21	19	49	6	67	13	56	16	34	
10	45	0	21	17	29	16	19	7	6	8	10	9	67	11	33	
14	2	4	50	12	17	7	68	18	30	17	57	9	55	10	44	
6	66	2	40	0	72	9	45	7	70	
2	4	10	49	4	23	11	42	9	52	0	61	3	43	5	33	6	12	
12	45	2	39	5	10	13	69	18	42	
18	74	3	11	2	26	15	33	5	69	11	68	
8	46	0	15	5	24	17	23	12	50	11	29	7	62	18	45	10	9	
6	48	17	1	19	47	3	22	14	68	15	3	1	32	13	6	11	2	4	38	5	20	0	28	
17	74	12	30	11	58	1	70	4	1	13	72	16	10	10	12	
15	50	0	39	2	5	13	27	10	69	6	46	16	52	1	4	5	17	8	43	
3	29	7	17	9	46	1	4	12	65	10	37	14	13	16	23	18	33	
12	15	4	34	14	35	17	31	19	48	13	41	11	33	2	66	3	62	15	54	
16	6	3	15	15	16	17	60	18	41	9	14	2	30	13	67	6	22	
5	40	3	59	14	72	4	60	15	68	0	53	18	26	9	67	17	13	
3	2	11	67	16	68	12	38	13	21	8	12	2	5	14	41	7	19	10	51	
11	47	4	11	15	53	17	66	10	57	3	71	
16	4	18	42	2	35	9	2	13	68	0	67	6	59	
7	51	5	20	8	48	10	17	14	53	18	21	9	27	
18	48	14	33	10	47	9	9	11	5	19	39	5	49	
9	46	2	6	7	49	14	56	4	4	18	23	16	70	17	68	
4	61	19	10	10	13	5	11	18	1	
3	56	11	34	15	12	2	26	12	46	16	32	5	49	17	67	19	61	10	22	18	38	
17	11	13	20	2	5	10	65	0	56	11	36	12	51	16	19	4	26	15	55	7	69	19	72	
19	38	5	60	1	49	0	74	9	10	15	72	13	59	2	50	8	22	4	20	17	47	6	18	
0	22	12	44	14	2	11	30	8	17	19	62	
17	3	0	64	7	18	11	48	5	40	12	28	10	58	16	75	1	20	2	17	9	69	
3	45	2	75	15	12	10	28	12	62	1	52	4	56	17	54	7	50	19	55	5	17	
18	23	3	30	11	33	6	34	0	3	2	52	16	28	10	43	
1	74	3	66	2	71	7	20	8	70	19	17	12	37	18	59	13	41	
4	41	14	21	2	18	7	47	10	49	0	8	15	64	8	7	18	22	16	30	
3	18	5	71	12	56	19	52	11	74	10	53	6	54	16	37	9	29	15	46	2	17	
7	21	4	57	13	17	11	45	6	12	
18	63	10	23	6	14	2	53	0	36	11	17	
4	29	13	6	16	21	8	43	18	42	9	20	3	33	
0	19	9	13	5	41	1	63	12	54	8	21	
13	35	10	6	17	2	8	15	19	21	4	37	15	62	6	19	16	41	11	34	
9	64	15	18	13	73	14	27	18	12	12	45	6	60	1	35	4	71	
12	32	16	69	18	67	1	38	14	54	5	1	13	34	
5	35	13	64	0	67	15	22	7	31	19	9	10	37	3	24	17	55	
19	26	16	22	5	15	12	73	10	61	
17	8	8	49	2	55	18	65	10	66	14	36	
9	5	5	21	7	43	2	64	1	57	10	32	
8	52	18	61	12	51	17	8	19	54	7	19	5	49	11	36	10	56	
5	49	8	6	4	16	10	13	16	72	19	64	11	28	18	48	14	38	3	7	1	25	12	15	
10	30	9	65	3	74	2	37	11	27	7	52	
14	2	17	6	1	38	2	33	11	46	16	56	18	20	4	45	15	73	8	11	
19	4	15	42	11	26	16	49	13	62	3	5	2	60	1	8	6	20	0	47	8	46	18	38	
2	69	0	70	13	3	16	66	3	68	4	4	10	46	9	52	8	1	11	18	18	71	
7	24	2	42	19	54	18	40	0	58	14	6	5	51	8	61	10	73	
6	55	10	38	12	70	16	12	2	52	8	56	1	29	3	58	13	3	
11	29	2	67	7	39	14	43	13	33	12	14	
4	69	1	54	11	73	14	2	9	52	8	74	
18	34	15	68	6	75	7	47	9	38	
8	61	7	20	3	37	15	7	6	35	13	57	14	14	11	73	17	39	5	17	4	19	0	55	
1	41	15	61	19	6	11	53	17	62	
0	57	7	28	15	42	1	18	11	72	12	22	14	46	4	2	17	50	8	7	
16	61	11	17	18	25	7	4	10	69	
13	21	5	47	2	9	7	63	3	56	1	69	11	26	17	10	0	16	4	32	16	1	
17	22	8	27	18	52	19	24	13	28	0	54	1	44	
11	3	14	49	16	12	6	33	0	10	1	5	9	39	
14	35	19	18	2	51	9	44	18	53	
4	28	7	74	11	71	0	39	17	9	8	48	5	64	19	73	15	67	13	23	1	46	
17	70	10	56	18	7	12	54	19	16	0	36	9	19	14	64	15	37	13	25	11	4	
1	39	10	32	12	47	15	33	17	1	4	12	18	37	16	17	
19	55	16	37	8	50	0	51	9	47	
1	2	7	64	17	59	14	14	2	16	8	54	
9	71	16	22	14	73	17	1	19	11	
18	54	9	22	5	74	3	66	7	64	0	6	
2	61	14	26	15	59	18	8	10	50	
0	70	18	59	1	67	8	57	19	9	17	45	15	37	9	72	5	5	14	52	
14	12	6	21	16	9	18	72	5	63	15	45	
5	45	9	74	2	23	6	43	14	2	0	6	4	34	19	19	8	53	7	72	
19	16	4	45	8	69	1	44	7	26	15	73	14	75	12	74	
10	25	4	40	19	68	12	30	5	18	3	39	18	57	8	64	1	29	9	3	17	34	6	69	
19	66	1	17	13	56	14	68	15	30	9	70	17	19	11	48	4	29	12	8	0	69	
1	18	0	73	12	74	11	25	5	22	14	7	10	24	17	58	2	54	16	11	
5	75	14	67	1	73	16	60	8	16	6	66	2	54	13	33	9	62	19	71	3	26	7	49	
11	9	14	5	0	12	7	58	5	68	15	11	
4	57	17	34	1	70	13	3	19	39	2	29	7	35	6	59	15	52	10	2	5	67	9	51	
3	34	11	39	6	41	4	73	1	21	10	3	
1	59	2	22	13	62	8	7	6	20	12	60	0	29	14	9	17	2	
19	24	18	49	1	39	5	46	10	22	3	70	7	14	
8	73	19	54	3	4	16	5	17	74	5	45	9	10	15	44	
6	39	12	58	10	18	1	40	5	35	17	57	8	24	14	31	4	64	7	66	0	26	
11	15	2	61	16	64	5	72	10	62	19	33	12	43	
11	42	16	13	9	60	2	1	17	14	7	10	14	11	1	57	13	19	10	12	
5	34	4	5	16	13	17	2	12	32	11	30	18	33	
8	9	4	13	10	70	14	64	7	30	1	40	5	59	
1	50	16	56	14	35	18	4	13	28	
2	47	17	42	15	67	8	66	11	33	6	20	4	46	3	62	5	48	14	6	
16	19	17	4	11	44	2	14	10	27	19	11	12	48	1	18	
3	19	9	15	16	33	18	50	13	1	1	65	

All component type numbers for each job to be processed by MFPM
3	10	
8	7	6	20	5	8	0	25	
8	24	5	12	3	15	4	13	7	9	
9	14	4	3	
2	22	7	9	4	25	
7	21	3	3	1	11	6	2	
3	13	8	24	
6	15	1	24	8	6	4	23	
5	22	0	25	2	7	
4	25	1	21	3	17	2	10	0	13	
7	21	6	14	0	10	4	15	
6	16	1	10	2	12	
9	23	0	4	1	13	4	6	3	15	
4	25	3	21	7	11	
5	11	
6	23	
6	13	4	14	5	1	0	15	1	6	
7	21	4	9	1	1	8	14	2	18	
6	22	7	2	1	6	8	17	5	25	
3	14	9	3	
7	5	
4	2	5	16	
1	6	7	12	4	13	
3	12	8	18	4	9	
3	20	
0	19	4	23	8	15	
4	1	3	22	6	15	8	14	2	5	
7	13	8	12	6	9	
6	19	8	18	3	22	
4	19	5	15	
2	6	8	13	1	8	6	21	
1	13	8	18	
7	22	1	3	
5	14	7	25	
5	23	7	5	
9	8	6	15	7	3	8	9	3	16	
1	18	5	2	9	23	
1	11	4	12	3	23	9	6	5	21	
9	5	1	11	
2	22	7	10	1	15	4	1	8	11	
0	2	7	14	1	6	
5	12	1	5	
7	25	2	15	5	24	8	22	1	6	
3	14	
3	6	1	22	7	25	9	4	
3	8	2	11	
3	10	0	19	
3	23	5	15	4	18	
8	21	4	15	1	4	
6	13	5	18	3	11	4	20	
6	22	
2	24	9	1	8	5	4	16	
6	1	7	5	
4	15	7	18	
9	23	6	16	1	14	3	8	
0	23	7	7	5	24	2	18	6	2	
0	3	1	4	2	8	6	22	
5	11	9	7	2	4	
6	23	9	11	8	21	
1	23	
6	6	
5	16	
5	24	0	10	8	16	7	5	2	13	
8	6	
6	14	
0	5	6	18	4	21	5	17	1	6	
2	20	9	12	3	7	
7	12	5	15	
8	21	1	9	
7	7	0	13	2	14	6	4	
9	13	4	4	1	16	
9	14	0	7	5	24	3	9	
5	23	
9	13	7	2	4	18	
2	5	8	4	5	11	1	8	7	14	
6	10	0	12	8	11	3	8	
3	21	4	18	9	10	
2	14	0	10	8	9	5	15	4	21	
1	4	9	5	5	2	
9	2	2	14	6	9	1	16	
9	7	8	24	
4	17	5	9	9	23	1	20	0	16	
5	25	1	4	3	7	4	10	0	14	
4	16	
4	24	8	17	2	11	7	23	
1	4	6	11	
3	20	2	5	0	1	
3	1	0	23	8	9	
9	8	8	16	
9	2	1	4	3	22	2	16	0	1	
7	25	1	19	
3	22	9	15	1	19	5	16	
8	25	1	7	7	4	
5	12	0	25	1	13	4	10	
8	8	5	20	3	12	9	14	0	9	
9	7	7	18	6	8	0	22	1	2	
8	21	1	2	2	18	6	10	
5	6	
1	19	7	25	
4	6	
0	21	4	10	
2	6	4	25	
6	13	4	5	9	22	2	16	
2	6	6	8	3	25	9	19	8	11	
7	16	
6	13	3	4	7	3	
9	11	8	24	5	19	3	8	6	13	
6	18	4	2	
2	21	0	11	
7	24	1	15	3	7	2	9	
3	13	5	12	2	21	4	10	
0	12	7	1	3	22	9	13	
3	7	4	11	
6	7	5	6	8	20	2	15	
7	10	6	25	9	17	1	1	
9	6	3	13	
9	12	0	16	6	15	3	7	
1	20	
4	6	5	5	0	22	7	3	8	4	
8	19	5	6	2	1	0	9	9	20	
0	11	3	12	8	4	
4	21	7	7	9	23	3	10	
2	5	6	21	9	6	0	12	8	11	
5	6	8	17	
2	22	9	16	0	7	
9	6	1	14	8	5	5	23	
4	7	7	22	9	4	8	10	1	20	
7	7	6	6	4	3	
0	10	6	5	
0	1	4	19	8	13	5	18	1	21	
6	16	5	17	8	15	2	21	1	4	
9	25	8	6	2	21	
8	18	3	9	
2	22	9	20	
8	21	
6	22	
0	3	1	1	5	25	
8	8	4	19	
7	21	1	13	
9	6	1	24	5	12	0	16	
1	17	6	9	
1	20	2	9	0	13	
8	5	7	18	
1	10	
5	11	1	5	6	8	
7	7	3	6	0	25	
2	2	3	4	6	6	
5	18	
6	25	7	10	5	7	
1	6	0	22	8	21	5	23	3	8	

Three processing times per job on each machine
The best scenario
622	510	
187	140	
705	719	
101	388	
596	497	
278	446	
287	440	
253	241	
570	312	
283	157	
621	270	
434	258	
148	162	
153	424	
915	736	
672	422	
407	442	
329	277	
48	156	
747	850	
144	204	
225	892	
157	330	
47	148	
164	157	
175	676	
355	204	
258	257	
299	149	
614	580	
969	563	
496	1020	
372	321	
245	308	
572	360	
574	450	
742	1091	
112	138	
473	850	
399	238	
431	225	
557	895	
197	349	
204	524	
942	753	
92	139	
542	239	
797	337	
525	784	
811	254	
58	94	
94	138	
108	110	
151	529	
110	223	
316	597	
565	142	
233	522	
197	113	
282	341	
545	926	
135	154	
618	447	
609	108	
945	951	
630	620	
510	744	
182	142	
330	279	
269	251	
99	136	
414	409	
993	963	
65	175	
515	330	
690	248	
92	175	
519	759	
314	386	
565	679	
268	498	
753	592	
477	498	
445	356	
687	856	
632	272	
318	183	
835	278	
449	216	
255	452	
961	405	
884	1018	
817	994	
264	380	
145	98	
715	498	
304	1193	
412	249	
406	175	
1038	680	
596	236	
136	231	
770	382	
259	386	
163	334	
199	170	
352	160	
262	357	
293	439	
268	447	
482	379	
766	253	
211	227	
374	331	
478	930	
957	955	
135	190	
345	452	
874	681	
444	945	
637	909	
179	128	
986	580	
613	142	
270	235	
170	373	
359	272	
129	171	
633	396	
386	142	
308	760	
809	625	
959	423	
766	433	
295	167	
187	120	
274	336	
254	326	
339	680	
888	507	
696	538	
334	422	
261	551	
392	248	
315	421	
385	163	
480	272	
531	813	
805	487	
897	629	
Most likely scenario
752	592	
240	264	
990	1163	
169	553	
703	703	
521	583	
389	508	
450	435	
778	314	
318	258	
772	513	
566	384	
195	176	
267	441	
1075	885	
687	593	
618	794	
332	434	
77	264	
880	912	
232	366	
296	1048	
181	447	
73	198	
258	252	
347	787	
490	268	
289	319	
507	276	
909	973	
1208	1025	
745	1285	
625	589	
373	396	
617	425	
800	671	
750	1167	
121	229	
805	1057	
407	309	
550	311	
764	1242	
245	373	
229	565	
1557	1438	
106	248	
772	355	
1003	455	
544	868	
933	415	
106	183	
174	234	
207	142	
190	608	
125	332	
475	1104	
894	273	
266	689	
218	143	
561	353	
608	958	
196	170	
733	546	
681	173	
1253	1230	
673	848	
534	1066	
209	200	
334	288	
446	433	
129	194	
634	573	
1370	1020	
80	241	
549	409	
698	360	
100	186	
763	1138	
594	527	
739	883	
422	784	
1003	657	
516	790	
542	367	
731	1060	
636	538	
333	257	
981	556	
729	262	
493	715	
998	431	
1509	1376	
826	1229	
483	679	
230	107	
1145	796	
572	1202	
547	467	
443	211	
1114	1235	
1168	452	
189	336	
1489	409	
363	493	
232	396	
289	301	
497	249	
361	399	
434	471	
495	457	
817	620	
784	493	
352	433	
656	620	
651	1057	
1046	1365	
258	228	
469	472	
1201	781	
831	1025	
1267	1019	
259	160	
1174	661	
735	206	
478	345	
250	484	
448	324	
209	205	
642	423	
433	203	
448	797	
979	1062	
1330	504	
1130	647	
492	252	
358	223	
500	411	
330	331	
457	695	
892	1011	
997	745	
540	738	
503	578	
594	276	
463	807	
636	183	
908	376	
567	860	
859	841	
1014	647	
The worst scenario
1124	628	
257	309	
1229	1683	
204	757	
767	739	
598	746	
503	625	
602	567	
1107	468	
378	264	
1153	769	
624	388	
196	260	
268	543	
1275	1111	
828	780	
647	1057	
393	485	
115	393	
1221	955	
300	460	
332	1181	
188	655	
100	242	
338	293	
430	1038	
715	401	
423	414	
689	382	
1354	976	
1352	1264	
930	1747	
826	713	
486	445	
696	509	
1180	829	
1049	1705	
165	322	
879	1535	
517	314	
720	440	
1123	1561	
298	463	
307	566	
1811	2001	
143	260	
1118	408	
1318	676	
630	897	
1320	603	
112	258	
210	286	
299	153	
192	665	
136	409	
544	1131	
967	341	
386	873	
264	209	
755	516	
752	1327	
274	227	
760	559	
812	238	
1396	1748	
765	1024	
589	1329	
292	233	
492	428	
559	607	
153	220	
703	708	
1876	1249	
92	299	
633	426	
747	434	
102	266	
969	1523	
865	670	
753	1308	
570	1036	
1090	709	
650	962	
579	378	
961	1505	
720	588	
492	285	
1308	673	
909	278	
571	725	
1391	480	
2068	1949	
866	1706	
690	1013	
342	110	
1608	1193	
838	1611	
626	564	
610	311	
1413	1380	
1588	531	
239	501	
1657	448	
459	628	
339	468	
311	377	
521	368	
472	500	
464	660	
601	562	
933	851	
1101	547	
497	484	
951	753	
658	1283	
1096	1596	
288	240	
520	686	
1435	814	
913	1250	
1491	1169	
364	212	
1419	675	
987	287	
516	346	
331	603	
472	370	
299	259	
938	431	
545	245	
653	1052	
1458	1488	
1501	623	
1364	782	
681	333	
524	263	
645	483	
479	409	
486	807	
1095	1330	
1212	794	
723	779	
724	603	
742	301	
498	974	
917	233	
1206	453	
622	873	
1162	1055	
1120	814	
