Factories	4	Jobs	50	Machines	2

Total number of component types per job processed by HSPM
12	7	12	9	12	12	7	7	10	11	9	10	10	9	11	11	9	9	6	8	12	8	7	7	11	10	5	10	6	5	6	11	6	12	6	10	7	6	10	6	12	9	12	9	12	8	8	6	12	5	

Total number of component types per job processed by MFPM
4	1	5	5	3	5	5	1	4	4	4	1	5	4	5	2	3	3	1	4	2	2	2	2	4	1	1	4	5	3	1	2	5	2	5	1	4	4	3	5	3	4	1	4	1	5	5	4	1	2	

All component type numbers for each job to be processed by HSPM
6	39	13	44	16	21	19	9	12	66	11	38	8	28	4	49	15	5	7	46	2	6	9	16	
3	13	18	11	7	28	5	34	6	38	1	35	8	71	
9	71	10	3	0	32	1	14	13	40	16	69	11	74	7	72	4	4	3	34	6	16	2	18	
15	29	9	3	7	72	17	61	6	46	11	62	19	18	10	9	12	49	
5	69	12	10	1	33	9	20	7	65	17	63	6	21	2	31	14	72	16	27	8	48	10	49	
14	41	19	75	5	45	16	60	3	34	11	24	12	65	15	26	17	42	10	2	2	16	13	11	
18	68	2	63	19	40	5	41	8	38	7	72	6	19	
11	20	18	53	19	17	12	23	2	36	0	59	17	56	
6	2	4	14	9	54	8	38	17	23	16	40	19	45	18	27	1	9	3	69	
7	43	13	57	10	67	5	4	11	11	18	73	6	14	0	24	12	61	1	66	15	65	
6	71	9	2	7	50	13	5	5	10	2	39	18	57	16	38	14	66	
18	36	14	12	2	70	7	5	17	35	4	30	1	34	12	75	19	2	10	43	
6	24	15	27	7	38	1	3	17	10	4	47	9	56	11	52	5	63	12	35	
15	73	11	45	8	28	16	21	5	44	17	72	10	36	1	18	2	29	
7	53	6	64	2	75	8	43	14	46	15	29	11	30	18	11	0	24	4	1	13	50	
12	11	13	72	3	17	0	5	4	12	18	25	8	31	19	59	10	36	5	13	1	62	
1	52	0	31	18	61	15	22	10	75	4	43	6	26	2	25	14	51	
12	28	2	33	5	19	0	6	18	63	11	34	10	62	9	2	17	7	
0	54	17	45	6	48	4	8	3	46	9	56	
12	64	1	52	0	59	4	66	18	29	13	73	11	35	16	23	
1	5	10	74	16	13	3	64	5	69	9	1	15	70	11	18	6	68	14	16	4	54	18	26	
12	50	3	61	1	20	14	15	8	17	6	42	15	75	0	68	
7	44	2	4	19	52	14	12	16	53	13	62	9	60	
8	8	0	45	14	73	1	10	7	53	5	6	11	43	
17	14	14	30	19	50	7	32	11	74	16	73	1	59	18	8	5	40	10	61	13	7	
16	75	4	6	6	23	7	16	3	57	10	22	11	3	1	52	17	68	12	1	
11	13	1	75	2	54	3	49	4	74	
16	51	19	36	8	39	11	24	4	46	7	52	3	6	12	34	6	23	2	53	
14	60	18	2	16	44	13	35	15	62	17	40	
10	26	3	19	18	48	9	7	17	70	
19	63	14	58	12	50	4	39	18	27	11	21	
1	69	12	4	18	53	15	71	17	72	10	9	6	26	4	52	11	50	14	58	7	16	
15	62	12	46	7	75	1	13	4	33	2	69	
3	59	6	62	12	65	0	60	17	51	13	22	10	53	19	29	2	33	18	17	9	8	4	24	
12	21	9	26	1	57	19	28	13	13	8	41	
11	49	16	19	1	2	5	18	15	61	12	63	8	74	19	71	13	52	10	34	
14	23	11	15	15	12	0	56	7	71	12	27	5	19	
16	66	12	19	10	73	15	39	9	54	18	60	
6	20	13	75	16	41	15	62	18	21	5	51	10	4	3	63	14	1	1	55	
5	13	8	55	0	42	18	8	3	26	1	73	
5	34	11	24	17	43	8	29	10	3	7	21	1	14	18	4	12	8	0	66	2	19	6	41	
1	26	0	10	13	16	5	18	3	67	18	1	8	48	14	62	17	29	
16	70	17	29	1	35	4	9	6	1	18	50	15	55	7	34	11	62	2	52	12	17	14	25	
19	1	10	66	3	21	14	20	13	47	8	53	6	23	0	2	2	43	
6	72	18	21	2	58	3	73	0	60	8	71	15	13	12	14	11	74	16	30	4	31	17	52	
15	7	1	35	2	6	5	44	11	70	4	30	12	42	10	24	
13	66	15	18	6	47	7	43	16	33	11	53	4	23	19	37	
14	17	12	15	0	67	10	75	5	20	8	23	
3	47	10	10	11	65	17	22	16	39	5	12	7	19	12	69	0	75	18	63	19	3	8	18	
7	64	16	14	4	68	3	13	1	33	

All component type numbers for each job to be processed by MFPM
9	10	0	8	5	25	3	22	
4	10	
3	25	4	22	2	11	5	10	0	20	
8	13	6	21	0	23	9	5	1	20	
3	9	2	14	0	4	
3	21	0	9	1	1	5	22	6	15	
5	4	4	1	3	25	1	16	7	5	
5	10	
6	24	3	6	0	15	5	23	
2	23	7	25	6	10	0	1	
9	23	2	10	7	6	3	18	
6	24	
4	10	7	23	0	19	2	24	6	11	
5	18	4	4	8	14	9	5	
4	5	7	1	1	15	6	25	9	10	
3	14	6	17	
2	21	0	20	4	9	
8	3	4	22	6	19	
0	9	
6	7	9	6	2	21	1	14	
9	13	1	8	
3	23	9	21	
0	1	7	13	
1	10	3	2	
4	15	9	5	1	11	6	25	
1	21	
4	14	
5	23	4	2	9	5	3	13	
3	3	2	7	7	11	9	13	8	10	
3	19	8	13	0	22	
8	15	
7	12	4	20	
3	9	1	4	5	10	6	2	0	20	
2	19	9	21	
8	23	4	9	2	24	7	1	5	20	
7	22	
6	3	7	13	9	18	5	2	
2	24	3	3	1	6	5	22	
8	5	0	3	9	21	
2	4	9	20	5	14	0	2	8	3	
2	7	0	5	5	13	
6	19	7	22	4	4	9	9	
6	7	
4	1	9	24	2	18	6	25	
2	11	
9	19	4	18	7	3	8	12	1	9	
7	9	8	4	9	1	0	13	4	16	
0	1	5	7	4	20	2	21	
2	8	
6	18	0	20	

Three processing times per job on each machine
The best scenario
151	95	
98	99	
135	215	
95	46	
178	79	
84	77	
113	299	
40	124	
130	36	
130	99	
51	86	
55	20	
120	173	
287	121	
406	292	
508	129	
140	224	
133	388	
220	157	
42	59	
35	67	
35	108	
97	90	
104	74	
184	128	
190	150	
132	157	
140	143	
129	151	
108	79	
150	222	
179	63	
87	192	
124	269	
40	99	
27	33	
492	136	
152	116	
65	99	
148	85	
68	70	
425	158	
205	155	
38	70	
21	36	
350	321	
129	93	
69	101	
496	248	
67	56	
Most likely scenario
177	155	
189	152	
212	358	
98	81	
212	142	
96	109	
222	304	
78	132	
146	57	
166	128	
58	167	
64	31	
176	273	
485	156	
440	386	
537	176	
213	253	
210	408	
307	229	
78	72	
50	76	
60	118	
169	163	
208	130	
350	181	
325	205	
202	165	
157	153	
176	302	
141	129	
164	289	
305	115	
148	309	
131	275	
64	135	
28	60	
511	219	
173	205	
109	125	
181	151	
117	102	
511	199	
234	187	
54	122	
30	44	
471	401	
198	149	
76	124	
508	400	
119	83	
The worst scenario
256	214	
233	163	
300	369	
135	100	
300	199	
113	160	
256	341	
98	140	
178	74	
179	132	
78	185	
87	44	
207	276	
719	218	
631	431	
724	203	
275	261	
252	423	
397	309	
102	98	
61	87	
83	133	
202	211	
291	152	
438	244	
349	269	
227	209	
220	195	
264	360	
194	155	
174	355	
412	118	
158	347	
148	367	
91	166	
32	76	
685	327	
240	215	
149	187	
243	159	
151	127	
619	203	
266	273	
74	181	
38	46	
631	519	
289	187	
100	129	
586	547	
140	115	
