Factories	4	Jobs	200	Machines	2

Total number of component types per job processed by HSPM
5	7	8	9	10	9	11	5	7	7	12	10	6	10	7	7	12	8	9	6	7	8	6	7	11	5	6	12	6	9	8	6	9	12	8	7	8	5	5	10	12	8	6	8	6	9	7	5	6	8	6	10	6	6	11	11	8	6	7	12	7	7	12	8	5	9	5	11	8	7	7	9	10	12	9	5	10	8	8	6	5	5	6	7	9	5	12	6	11	7	5	8	7	9	12	11	8	8	9	11	9	6	9	9	11	11	12	9	7	7	10	11	7	6	8	5	9	6	7	7	12	5	7	7	5	7	10	5	11	6	11	9	10	10	9	12	5	12	7	5	8	5	6	5	5	12	12	12	5	8	7	5	10	11	5	8	10	8	6	8	6	6	12	12	12	12	9	9	10	8	10	7	12	11	11	10	7	7	11	5	7	12	9	10	6	7	7	5	6	12	6	10	9	6	11	12	7	12	8	7	

Total number of component types per job processed by MFPM
2	4	2	5	3	4	2	4	3	4	3	4	3	1	4	3	1	5	1	4	5	3	2	3	2	1	1	1	4	5	2	2	3	3	1	2	4	5	3	4	5	3	2	5	3	5	1	2	5	1	3	2	3	4	3	1	1	1	3	1	5	2	5	2	5	3	3	1	2	1	2	3	5	3	2	3	3	3	4	4	3	4	1	2	2	1	4	1	1	1	1	5	2	4	3	3	3	5	3	5	1	5	5	1	1	2	4	3	3	5	4	4	4	1	2	5	3	2	3	4	4	3	5	3	5	4	4	3	5	5	3	3	2	2	3	5	3	2	2	5	5	1	4	4	4	1	5	3	4	1	2	3	4	5	5	4	3	5	2	4	4	5	5	4	1	2	3	2	5	5	2	3	5	3	2	3	3	2	4	4	4	5	2	2	2	2	5	3	5	2	4	3	5	2	3	3	5	1	1	1	

All component type numbers for each job to be processed by HSPM
0	41	9	64	3	1	7	20	4	59	
7	41	2	70	15	65	5	14	16	25	17	61	9	38	
12	53	4	68	17	1	8	58	7	23	18	26	16	18	0	50	
0	29	18	47	11	54	14	33	13	60	9	6	16	30	4	73	1	49	
12	26	4	9	1	67	3	22	9	41	16	42	0	55	11	7	18	3	15	32	
19	57	0	13	14	29	7	18	15	32	1	51	10	34	3	25	6	52	
10	35	16	33	12	21	5	45	6	8	7	22	19	53	4	14	13	32	11	24	9	38	
9	54	12	40	4	63	18	69	1	25	
3	73	14	60	12	33	15	50	10	19	0	75	7	18	
2	8	6	65	18	64	8	38	12	71	14	62	11	17	
11	18	14	29	16	36	0	22	13	10	8	69	3	44	10	43	7	41	4	32	2	74	6	57	
9	25	14	26	12	37	11	18	18	21	10	1	17	40	8	66	15	28	7	31	
10	65	8	74	1	48	5	70	15	66	19	42	
17	19	6	18	3	42	0	61	9	65	2	74	16	17	10	55	19	63	14	44	
18	19	15	37	2	32	5	34	3	75	13	14	8	50	
19	43	3	13	15	52	17	62	11	34	9	7	10	30	
2	16	10	46	18	31	6	35	17	64	13	21	9	23	16	54	4	18	5	44	0	15	8	19	
11	13	3	46	17	57	19	74	10	73	0	10	18	61	14	26	
3	69	0	44	16	14	13	46	8	18	19	41	18	22	17	7	4	4	
16	50	13	6	5	72	17	56	11	57	2	9	
2	31	0	11	1	55	15	39	5	34	16	40	11	24	
0	70	12	25	10	51	11	5	6	21	9	35	3	68	1	3	
3	6	5	19	8	9	4	12	2	15	12	53	
17	39	16	66	2	22	9	37	18	31	15	17	13	15	
11	24	8	63	3	54	4	70	0	33	7	19	19	67	15	53	17	17	14	42	12	2	
18	9	2	33	4	48	12	32	8	72	
7	41	15	19	10	52	8	69	13	49	11	40	
6	3	12	7	4	5	1	2	11	61	3	22	15	26	16	29	9	60	7	21	19	47	13	69	
18	61	8	26	15	43	16	25	9	23	3	70	
1	25	16	61	11	28	8	44	9	15	19	57	6	60	18	17	5	19	
1	50	19	60	12	22	3	38	14	61	7	57	8	19	18	32	
16	46	14	60	1	70	8	58	10	17	12	56	
2	44	15	30	14	18	16	74	12	68	11	3	13	57	4	2	19	49	
3	56	5	27	6	45	15	52	19	39	4	50	9	43	7	75	11	61	0	10	13	1	16	33	
11	30	0	63	5	51	18	24	17	5	16	64	1	29	14	46	
15	45	4	11	16	71	13	32	18	5	12	65	9	6	
11	61	14	8	6	40	10	13	12	1	16	39	8	57	2	70	
13	1	15	56	2	60	11	7	0	68	
18	59	17	8	14	69	0	54	6	50	
1	60	10	13	2	4	12	42	8	5	5	48	9	52	3	41	7	11	16	31	
0	59	6	49	3	53	15	20	18	43	19	35	8	17	11	37	2	6	9	29	16	73	14	45	
6	30	5	49	19	43	13	57	0	51	4	37	17	11	2	33	
6	3	10	4	5	30	16	60	1	74	11	29	
15	3	18	42	3	41	11	69	0	39	8	14	7	54	1	45	
12	11	0	59	15	53	4	1	14	45	3	42	
9	37	0	26	17	40	1	2	11	29	4	35	5	31	13	62	3	50	
12	6	13	26	1	15	18	44	17	32	7	24	0	27	
14	48	1	15	11	18	18	34	10	41	
10	39	9	62	13	71	1	72	0	70	12	2	
3	7	17	60	9	32	10	53	18	74	8	6	13	2	6	31	
17	7	2	21	6	56	7	65	15	66	18	42	
9	56	6	69	5	2	14	26	11	20	19	31	1	14	17	68	7	4	16	10	
6	60	8	21	17	49	12	22	15	51	10	11	
4	27	3	52	2	56	8	10	13	2	5	45	
14	9	6	10	11	66	15	26	3	24	9	72	16	70	12	39	7	1	10	17	5	45	
15	61	12	31	17	69	7	59	18	37	0	57	2	22	14	29	8	52	9	46	3	51	
16	74	7	65	2	2	6	28	8	33	0	35	13	51	9	6	
15	40	10	23	13	59	3	25	7	28	18	74	
16	61	19	60	1	4	9	58	8	67	5	57	12	24	
0	53	17	17	3	50	2	59	8	24	6	51	15	30	1	12	5	44	12	75	16	32	11	68	
14	67	15	62	16	58	6	45	17	42	9	72	1	3	
10	15	18	71	12	65	2	28	9	38	17	74	8	10	
19	4	6	24	14	23	16	44	15	17	13	22	10	46	5	57	11	41	18	21	8	71	9	8	
1	27	9	29	6	14	17	9	11	74	4	44	0	46	7	48	
0	47	3	4	19	10	5	38	1	73	
7	22	11	69	16	21	10	1	1	6	9	67	0	37	18	27	12	19	
5	5	4	40	17	3	7	46	6	42	
18	40	14	11	15	72	16	70	1	2	19	44	12	1	7	27	0	63	3	69	9	42	
0	70	5	32	8	1	18	8	16	14	9	10	3	60	2	26	
17	66	13	9	9	39	5	22	6	58	8	6	7	20	
15	72	4	57	7	51	17	49	16	27	2	19	3	71	
15	35	13	58	12	3	8	26	17	30	18	63	6	66	5	62	10	40	
19	50	3	69	13	61	0	29	12	24	18	26	7	20	15	31	17	25	16	70	
6	49	12	6	0	32	18	11	8	53	9	45	15	55	14	7	13	36	16	41	17	19	5	33	
1	34	9	48	17	25	7	27	16	1	12	75	10	40	5	51	0	54	
10	50	18	55	6	65	1	75	15	72	
12	23	1	25	17	28	7	31	2	52	5	18	4	74	19	56	13	75	18	24	
10	31	5	71	3	57	6	40	7	16	4	34	1	22	9	72	
1	28	10	67	13	40	17	53	15	68	7	19	8	65	11	48	
12	6	17	45	18	9	9	19	6	28	1	29	
12	7	10	27	1	9	5	26	0	65	
16	29	7	2	6	36	12	70	0	33	
10	75	0	30	3	38	6	26	1	25	19	12	
4	7	3	51	19	1	12	38	17	43	5	62	6	67	
18	17	16	5	12	75	15	65	11	67	3	16	19	8	7	53	5	70	
10	2	3	69	15	73	19	11	9	38	
2	52	3	67	1	15	15	25	19	27	0	41	9	20	13	43	10	33	4	28	17	29	11	66	
15	2	9	48	7	7	18	38	3	5	0	47	
12	5	17	1	6	17	8	62	4	71	13	75	9	32	2	68	15	30	5	8	14	44	
19	13	3	71	7	4	13	55	9	24	17	50	6	26	
5	71	13	56	3	1	16	23	1	27	
8	10	12	67	14	23	18	4	9	6	6	8	2	22	19	1	
15	54	6	17	11	14	16	74	7	21	8	59	12	31	
19	65	14	28	3	67	16	11	6	46	4	70	10	51	11	54	13	14	
8	31	11	1	0	18	7	65	9	15	6	43	18	27	5	24	17	66	15	67	12	75	13	64	
17	5	14	58	7	37	6	75	5	23	18	35	1	72	3	42	11	40	19	28	0	30	
16	30	12	63	19	28	4	11	7	22	14	37	13	12	6	59	
19	66	15	16	7	75	14	33	10	57	0	44	4	25	13	38	
13	10	9	6	5	62	6	55	11	54	12	30	1	29	16	65	2	2	
6	8	15	69	11	25	1	44	0	33	19	51	4	23	18	55	17	41	2	28	7	74	
7	43	10	4	13	62	5	29	18	5	2	1	3	60	19	20	17	23	
18	2	4	29	8	43	11	61	12	60	16	70	
19	52	4	49	6	65	10	55	15	25	1	71	9	73	2	67	17	45	
13	69	18	1	11	10	17	74	5	70	15	45	14	49	10	39	2	29	
14	37	10	69	7	31	8	33	16	43	12	51	17	57	6	13	18	14	15	5	1	75	
0	50	19	40	5	24	16	25	9	47	14	39	12	52	18	17	2	62	1	73	13	30	
8	27	0	14	2	63	14	75	10	46	13	51	9	58	18	25	19	67	7	62	4	23	15	73	
15	63	16	25	19	10	10	7	11	72	4	13	7	36	2	34	3	46	
14	47	5	69	11	6	8	71	12	31	1	21	2	62	
1	58	14	54	0	55	5	36	7	73	15	37	12	18	
17	57	11	69	19	45	15	26	1	20	7	63	16	54	3	41	18	23	4	18	
11	30	9	63	13	64	2	15	4	42	10	71	8	27	1	54	19	65	15	4	0	68	
9	61	15	19	13	60	18	40	17	56	5	17	3	20	
2	63	1	57	17	19	6	58	18	21	5	59	
3	63	15	70	16	12	19	11	11	18	0	41	8	56	10	72	
10	41	13	23	9	39	18	5	4	54	
15	59	9	4	11	26	4	55	7	57	12	69	18	71	10	60	5	74	
19	70	14	17	5	49	11	29	3	33	10	31	
19	15	4	62	1	56	17	54	6	52	3	63	8	71	
1	28	9	16	14	40	2	53	6	42	8	68	12	41	
15	71	11	65	5	33	13	72	3	42	9	55	6	49	8	21	2	35	18	60	1	3	19	69	
6	29	14	74	4	73	19	26	12	71	
16	9	0	4	9	72	1	1	2	21	3	63	18	68	
1	2	15	53	7	58	13	17	12	11	0	60	10	51	
16	12	18	27	13	17	1	36	14	21	
12	17	6	63	11	15	17	8	0	38	4	45	14	13	
16	47	8	52	4	3	10	56	0	23	1	15	3	36	9	54	11	20	7	63	
12	53	18	26	11	21	15	34	16	41	
19	55	6	62	13	67	11	72	2	48	16	9	12	75	0	29	8	22	4	7	7	27	
16	17	8	63	1	11	11	15	7	29	10	27	
19	45	8	48	1	31	0	26	11	49	14	28	15	21	18	11	6	71	12	27	16	34	
0	26	10	20	2	21	8	72	12	7	5	73	9	36	18	63	1	32	
0	63	2	75	16	53	17	67	1	73	15	3	12	24	9	35	5	27	8	65	
1	17	6	6	12	35	9	52	8	33	17	65	7	72	0	28	4	54	18	56	
3	7	6	30	11	67	17	39	13	42	14	8	9	62	5	45	7	34	
16	58	13	69	2	33	6	23	9	73	17	11	3	29	18	70	14	72	12	62	15	67	4	64	
19	14	4	61	15	56	0	11	12	40	
19	67	9	1	15	15	5	75	4	55	17	2	1	65	3	49	10	5	11	60	18	70	14	23	
10	31	14	53	19	15	9	8	13	20	6	1	1	67	
18	45	5	3	16	66	3	60	17	26	
16	64	15	6	0	7	1	55	18	29	5	66	12	69	17	27	
12	24	16	39	3	31	2	40	13	3	
3	49	5	39	4	41	14	35	12	52	10	51	
15	55	19	13	16	2	2	47	7	43	
12	33	9	57	1	18	11	9	10	62	
14	52	12	17	10	65	4	39	11	61	0	71	3	29	2	48	19	5	13	54	18	12	1	4	
10	53	17	72	4	74	6	22	15	38	14	42	12	49	18	16	7	57	13	65	0	71	1	41	
1	57	6	43	17	59	7	61	12	38	13	51	19	4	16	52	11	45	4	50	2	32	14	16	
15	38	17	69	16	37	4	73	9	20	
0	65	1	23	3	36	7	60	14	47	13	5	16	20	17	40	
10	8	19	28	9	71	11	26	17	9	12	38	8	50	
16	52	3	53	4	25	19	54	7	36	
18	26	19	39	13	35	8	59	6	13	12	65	15	52	3	57	5	50	17	7	
0	28	14	23	7	1	19	21	4	60	10	75	15	11	1	57	16	45	6	55	17	65	
17	14	15	48	7	41	19	71	12	16	
13	36	6	66	9	68	11	16	18	19	0	62	7	10	8	51	
15	11	12	44	16	74	3	39	10	34	14	31	19	72	6	23	9	30	13	15	
10	30	5	48	8	20	3	69	19	23	17	63	16	33	18	70	
9	1	2	35	3	72	5	5	14	68	0	66	
17	50	4	41	16	39	1	49	3	5	0	13	18	75	6	36	
13	54	1	5	0	60	5	11	14	68	6	57	
2	55	19	45	7	59	1	46	16	52	5	60	
6	9	0	60	15	3	14	22	8	10	3	68	16	38	12	53	5	1	19	43	13	54	18	51	
11	66	13	50	4	24	3	54	6	49	12	73	15	19	7	32	16	53	8	26	2	20	1	48	
12	43	3	57	1	7	4	34	0	61	7	31	10	19	13	53	16	49	9	37	17	44	6	22	
18	27	13	62	6	71	2	64	14	37	8	57	15	29	11	5	7	14	9	2	10	26	3	67	
9	73	4	64	16	12	19	23	3	3	15	19	5	20	17	1	14	39	
2	38	6	33	17	11	3	41	16	46	19	35	7	51	15	45	18	71	
10	65	1	31	5	30	15	10	16	38	19	54	9	11	12	33	18	52	7	50	
1	53	2	12	15	58	11	55	14	34	0	43	6	36	13	20	
19	51	14	16	13	48	1	8	7	70	15	32	4	59	0	49	12	67	17	1	
3	65	7	42	11	30	2	53	9	4	18	48	19	29	
19	69	3	39	17	6	0	43	6	13	18	52	16	50	13	22	1	51	11	59	8	45	12	28	
12	67	10	72	2	4	17	59	9	58	6	74	4	1	15	17	16	10	5	54	1	30	
1	36	3	44	19	64	2	9	5	37	13	62	10	6	8	67	11	30	18	59	17	34	
10	11	4	18	3	19	13	53	6	45	1	43	12	5	17	8	14	3	2	56	
19	53	2	9	12	45	13	8	10	22	6	2	7	51	
13	63	7	1	15	62	10	5	4	39	6	10	16	24	
7	37	0	67	5	58	14	41	3	69	18	9	19	26	17	42	15	54	4	5	8	31	
5	45	6	30	9	2	2	74	3	57	
12	59	5	34	1	4	15	41	2	53	19	40	17	49	
9	63	16	69	8	65	11	75	19	34	14	42	6	48	4	38	1	16	10	24	0	27	12	9	
5	75	6	65	0	70	19	64	14	63	3	72	11	12	18	67	2	15	
19	33	4	63	10	1	7	72	2	32	18	74	5	25	11	15	13	12	17	6	
0	55	6	68	15	47	8	32	11	31	2	59	
18	1	5	50	9	28	8	40	14	61	7	33	11	25	
7	31	10	65	6	52	13	2	15	57	4	30	18	72	
2	16	16	14	9	71	8	8	18	63	
13	67	14	5	15	41	4	52	8	8	6	57	
13	36	14	13	3	70	12	37	15	12	2	57	7	52	10	39	4	41	0	42	8	46	18	14	
12	1	9	39	7	66	19	69	0	6	16	22	
18	7	13	23	10	17	1	25	8	47	16	69	12	65	3	12	0	40	19	46	
8	70	6	37	7	62	11	65	0	44	4	5	5	22	15	13	17	9	
10	28	3	46	12	68	9	13	18	21	11	17	
8	56	6	35	14	25	7	71	12	13	16	3	2	66	19	72	17	15	11	12	9	20	
2	19	12	17	6	24	8	39	5	15	13	18	14	34	18	60	0	74	7	38	1	40	16	64	
0	70	3	3	15	43	17	50	12	12	6	40	18	53	
10	2	18	38	0	41	14	39	16	61	15	6	19	35	4	67	9	23	13	68	1	4	11	36	
10	14	15	30	2	27	11	71	12	4	14	19	16	8	0	64	
6	44	5	47	13	24	0	2	19	50	4	22	8	33	

All component type numbers for each job to be processed by MFPM
2	16	3	17	
0	1	3	17	9	7	1	22	
8	6	1	17	
9	11	7	23	3	3	1	20	5	18	
8	16	4	22	6	11	
7	8	5	23	3	10	2	1	
6	19	2	3	
2	1	9	16	3	3	1	10	
8	18	4	2	6	9	
4	23	8	13	1	1	9	19	
7	20	5	5	8	4	
4	21	1	16	2	22	7	8	
2	5	6	13	1	10	
2	9	
7	9	3	17	0	13	4	4	
7	20	0	2	4	3	
9	11	
7	4	3	20	5	6	8	10	6	19	
4	25	
6	23	9	5	0	17	1	18	
7	12	3	11	9	20	6	6	1	25	
1	10	7	2	3	25	
7	9	5	24	
0	10	1	12	2	13	
4	9	1	6	
1	11	
6	5	
1	3	
7	23	0	6	4	14	1	16	
7	7	4	12	6	9	5	23	3	6	
3	2	8	24	
3	16	5	20	
5	16	1	22	6	1	
9	15	2	3	5	22	
1	14	
8	15	0	25	
8	4	3	25	4	6	1	24	
0	15	2	5	3	9	1	2	5	11	
9	19	5	23	7	21	
3	9	6	16	9	8	7	22	
9	5	0	16	5	8	2	14	1	25	
6	3	2	1	4	24	
1	21	5	15	
5	11	2	9	8	7	1	2	6	12	
0	12	1	3	3	5	
4	7	7	21	9	19	6	9	2	25	
7	16	
3	24	2	23	
7	7	3	15	1	9	9	2	5	1	
8	2	
3	14	1	11	6	15	
3	18	9	20	
8	3	2	4	7	23	
4	12	9	8	8	14	5	3	
2	25	3	6	5	15	
6	19	
8	6	
8	20	
0	6	4	14	2	10	
0	13	
0	5	1	19	9	15	4	4	7	23	
8	1	1	24	
3	5	9	20	5	12	7	1	1	9	
5	21	7	6	
2	18	6	19	4	14	0	12	9	6	
9	10	8	9	1	25	
7	4	6	9	9	22	
8	20	
4	12	3	10	
2	6	
5	15	1	19	
1	19	7	1	9	20	
8	10	4	23	2	25	1	22	7	8	
6	13	3	6	1	4	
1	13	0	7	
4	18	0	22	9	17	
9	11	8	8	7	10	
2	15	3	13	7	25	
5	2	9	20	1	11	2	10	
8	8	0	12	6	22	7	11	
2	1	6	16	9	9	
4	22	9	25	6	12	7	13	
9	13	
5	20	2	18	
2	7	8	17	
7	12	
9	5	7	14	5	4	3	2	
2	1	
6	7	
2	8	
2	25	
7	18	1	17	6	15	9	24	5	1	
8	13	2	1	
8	25	9	3	0	6	4	12	
6	14	2	5	3	13	
5	15	9	18	8	14	
2	12	7	8	3	23	
8	17	1	4	7	22	5	16	9	19	
7	3	2	14	8	11	
6	7	5	15	4	1	8	14	3	8	
3	1	
7	19	0	16	4	18	1	8	9	15	
3	18	8	1	2	14	9	21	6	23	
1	24	
3	25	
0	5	9	23	
6	17	8	6	1	4	0	21	
8	12	6	18	7	13	
7	21	4	15	6	13	
3	18	2	9	9	3	4	4	0	22	
5	19	3	16	8	25	9	24	
2	17	0	3	8	7	9	19	
3	2	4	4	6	22	8	16	
8	13	
9	15	8	11	
0	17	7	6	1	22	4	12	8	7	
1	16	8	22	0	10	
5	25	8	6	
1	6	4	22	0	25	
8	14	7	6	1	12	5	10	
3	1	9	2	8	23	5	14	
4	17	6	13	0	5	
3	15	8	9	5	6	1	12	4	5	
0	16	6	11	3	5	
5	8	0	14	4	2	7	25	2	6	
3	11	1	22	4	15	9	19	
1	24	3	17	4	25	8	16	
0	9	4	7	9	10	
7	5	9	16	1	19	0	12	3	20	
8	9	6	22	0	20	7	4	2	10	
4	20	6	21	8	11	
4	11	1	16	3	3	
2	14	1	22	
7	25	0	17	
4	13	6	5	1	6	
2	21	9	16	0	22	3	17	6	5	
6	19	4	25	0	5	
5	11	4	17	
3	15	7	23	
1	6	2	12	8	20	7	22	0	1	
3	24	7	16	6	22	5	4	2	15	
1	8	
5	16	1	12	4	3	3	5	
6	25	2	7	1	10	7	24	
9	5	8	18	6	23	4	25	
4	7	
4	4	3	10	5	19	7	14	6	8	
1	24	2	8	9	16	
7	22	3	14	5	3	1	10	
6	18	
1	20	4	14	
2	6	5	9	7	22	
7	24	8	19	6	15	1	10	
6	24	7	6	2	11	8	19	1	20	
9	7	1	16	5	23	8	15	7	14	
0	1	4	8	1	10	3	13	
1	9	6	14	8	7	
0	13	1	24	9	14	3	16	6	8	
1	19	0	15	
6	19	3	20	5	18	9	6	
1	10	8	23	9	1	4	16	
1	22	6	25	0	9	7	13	4	18	
1	19	9	12	5	14	6	2	8	10	
0	5	8	12	4	20	9	21	
2	8	
7	5	3	20	
2	3	3	5	0	12	
2	10	8	22	
9	15	0	11	8	14	7	17	1	20	
7	1	0	3	8	5	4	23	2	2	
7	16	9	11	
2	3	9	2	5	25	
1	20	9	24	7	18	8	22	3	17	
7	17	3	10	9	5	
7	8	1	25	
1	19	0	20	9	23	
0	3	3	13	1	21	
1	12	0	15	
2	3	7	15	3	1	8	2	
8	18	3	16	0	7	6	2	
1	11	2	3	9	17	0	9	
7	22	8	11	4	5	6	4	2	24	
4	1	6	15	
3	2	6	7	
4	19	3	20	
8	16	2	14	
6	18	0	5	3	9	2	23	7	19	
7	8	5	10	8	2	
7	1	6	2	8	13	0	17	5	14	
5	11	0	9	
3	14	5	21	7	5	0	18	
4	25	6	22	1	14	
3	20	7	4	6	23	8	24	1	19	
6	25	1	12	
0	24	3	25	6	7	
8	20	1	13	4	3	
6	2	5	8	7	12	9	11	1	24	
3	14	
5	22	
8	9	

Three processing times per job on each machine
The best scenario
134	145	
48	36	
18	21	
90	74	
422	159	
261	73	
97	122	
168	64	
169	308	
62	51	
315	301	
83	117	
159	192	
333	213	
115	145	
174	179	
176	91	
342	406	
107	93	
289	300	
182	164	
174	498	
36	35	
120	206	
121	80	
141	163	
246	120	
50	335	
451	171	
160	205	
176	54	
212	211	
29	42	
222	183	
226	77	
109	193	
136	86	
35	19	
134	213	
487	475	
67	71	
20	45	
72	188	
28	18	
339	198	
223	321	
18	28	
172	132	
43	52	
162	288	
390	301	
16	28	
121	111	
214	200	
54	77	
39	60	
47	44	
144	195	
198	191	
163	187	
30	14	
533	141	
262	303	
225	113	
168	164	
335	235	
87	62	
92	131	
329	234	
150	49	
449	401	
38	57	
133	124	
231	361	
132	58	
91	198	
147	91	
94	67	
22	45	
218	109	
312	297	
347	85	
110	80	
204	205	
70	34	
166	124	
114	84	
424	217	
65	54	
234	123	
268	171	
125	103	
48	144	
204	339	
45	43	
35	25	
114	133	
135	122	
428	154	
154	170	
104	108	
221	209	
147	65	
232	346	
190	121	
132	34	
50	38	
57	265	
91	120	
151	168	
204	195	
106	122	
163	162	
108	125	
145	234	
41	48	
128	126	
133	188	
506	259	
34	23	
220	122	
82	60	
118	119	
314	196	
228	349	
133	84	
130	108	
199	121	
49	170	
264	70	
50	85	
143	152	
47	37	
453	226	
290	291	
247	348	
53	29	
91	103	
98	88	
54	92	
82	211	
326	78	
389	259	
194	168	
26	37	
143	202	
217	120	
188	224	
152	344	
263	81	
108	357	
128	94	
136	135	
31	31	
193	38	
434	370	
217	276	
174	113	
159	272	
545	161	
302	266	
54	23	
150	133	
212	195	
318	206	
11	19	
30	41	
148	174	
146	306	
42	64	
290	107	
282	105	
131	106	
106	55	
492	208	
226	160	
173	350	
88	234	
179	89	
144	331	
189	122	
71	47	
195	126	
137	310	
138	45	
224	86	
74	55	
44	32	
94	219	
47	177	
214	223	
389	275	
182	159	
81	365	
326	117	
31	13	
139	147	
19	57	
281	404	
330	274	
Most likely scenario
135	207	
89	66	
22	25	
115	117	
438	257	
363	135	
178	131	
241	74	
249	342	
77	52	
323	468	
122	226	
192	235	
391	357	
169	263	
193	235	
233	128	
363	494	
196	96	
424	324	
194	304	
237	520	
70	42	
188	324	
142	95	
144	201	
390	197	
90	355	
470	245	
227	259	
178	82	
382	249	
49	57	
313	206	
290	85	
170	276	
243	94	
44	22	
256	399	
604	494	
97	72	
30	65	
126	359	
45	26	
391	212	
273	452	
22	32	
187	147	
50	77	
283	330	
419	476	
25	55	
140	206	
274	331	
85	131	
60	84	
73	57	
222	227	
238	271	
167	205	
44	17	
554	256	
497	330	
298	123	
186	203	
593	242	
101	114	
157	194	
403	294	
204	53	
483	456	
57	85	
138	165	
290	449	
200	96	
180	311	
180	140	
119	129	
39	69	
418	185	
457	306	
367	139	
121	120	
261	228	
129	48	
168	192	
158	143	
516	416	
129	57	
288	147	
451	224	
126	131	
63	196	
354	432	
64	58	
38	30	
146	245	
227	177	
499	291	
269	173	
139	112	
313	321	
151	91	
244	459	
351	134	
156	58	
59	44	
106	292	
168	211	
163	229	
209	333	
133	170	
215	247	
165	223	
150	307	
52	87	
217	222	
140	197	
514	319	
56	39	
375	128	
159	63	
217	172	
496	293	
296	516	
232	158	
189	161	
329	201	
81	175	
331	136	
85	128	
174	153	
87	54	
484	396	
342	307	
293	520	
62	42	
118	146	
123	93	
79	146	
156	292	
385	124	
390	345	
212	202	
40	40	
261	254	
350	212	
221	324	
238	385	
292	158	
211	405	
129	117	
165	200	
51	34	
196	69	
518	380	
323	305	
212	131	
172	435	
594	250	
346	317	
81	45	
203	234	
309	301	
378	221	
15	25	
45	59	
232	201	
229	481	
45	72	
388	144	
318	154	
219	169	
112	69	
506	284	
227	202	
344	352	
135	368	
279	173	
279	388	
323	174	
93	88	
200	184	
196	413	
219	81	
346	153	
113	89	
50	57	
127	231	
64	186	
413	417	
421	344	
334	190	
127	427	
327	147	
52	26	
197	228	
26	71	
330	435	
345	343	
The worst scenario
155	216	
128	90	
25	36	
118	151	
541	380	
534	139	
230	137	
359	84	
334	471	
79	66	
438	639	
173	285	
230	336	
534	440	
202	264	
208	247	
315	178	
516	498	
249	118	
609	446	
198	320	
310	692	
97	56	
238	398	
195	138	
158	250	
452	283	
94	484	
670	302	
276	278	
240	89	
568	263	
57	68	
429	293	
425	93	
172	339	
248	137	
51	31	
300	402	
631	662	
120	103	
45	66	
137	468	
50	37	
564	221	
385	506	
28	46	
203	217	
52	83	
419	399	
548	555	
31	72	
203	265	
316	365	
100	157	
62	102	
94	59	
292	302	
269	357	
193	277	
60	25	
666	262	
518	365	
416	161	
255	268	
866	287	
126	149	
200	217	
447	363	
215	66	
497	634	
66	102	
180	232	
425	535	
268	135	
228	326	
213	169	
157	152	
42	81	
494	207	
533	326	
451	162	
130	180	
284	255	
179	65	
170	274	
196	182	
609	493	
177	83	
427	190	
610	303	
189	188	
94	232	
418	447	
65	74	
44	42	
160	257	
264	257	
639	384	
384	219	
145	153	
457	384	
207	126	
296	516	
447	185	
166	78	
88	56	
124	317	
218	268	
212	277	
272	496	
184	248	
292	338	
215	240	
164	395	
56	127	
261	230	
143	254	
552	444	
57	49	
402	145	
162	90	
231	232	
497	384	
350	723	
331	187	
215	189	
334	231	
103	256	
404	203	
125	133	
207	224	
115	63	
611	457	
441	415	
307	656	
68	52	
168	210	
150	137	
111	180	
208	297	
454	165	
521	478	
219	274	
59	47	
295	358	
450	241	
223	452	
312	416	
376	198	
217	508	
156	121	
231	283	
55	44	
276	95	
559	385	
433	353	
263	148	
225	503	
837	336	
385	438	
88	59	
255	300	
323	338	
440	277	
21	29	
65	65	
327	237	
340	600	
51	86	
456	168	
378	226	
323	219	
127	82	
679	364	
228	256	
426	381	
155	520	
383	202	
355	487	
342	197	
124	117	
268	222	
276	516	
269	117	
447	211	
168	126	
65	59	
145	323	
79	234	
550	467	
611	427	
422	211	
183	570	
417	155	
60	39	
258	300	
32	82	
460	649	
394	393	
