Factories	4	Jobs	100	Machines	2

Total number of component types per job processed by HSPM
10	9	8	8	5	8	11	9	12	11	9	9	5	9	5	11	10	12	12	11	5	7	8	11	11	8	10	12	12	10	12	7	11	6	5	12	9	11	8	12	6	11	7	10	10	8	12	7	9	7	9	6	6	11	9	12	9	6	6	12	11	12	11	11	9	8	5	7	8	10	6	5	9	9	10	12	5	6	6	12	10	9	5	11	6	9	5	9	11	6	10	10	12	8	9	12	7	5	8	9	

Total number of component types per job processed by MFPM
4	3	1	3	3	3	2	1	5	5	2	3	5	4	4	1	1	1	4	2	2	4	3	4	3	3	5	4	5	2	3	4	4	1	5	3	2	1	5	5	2	3	1	4	3	5	3	4	1	5	5	3	5	3	5	3	2	3	1	3	1	5	4	4	4	1	1	4	2	2	1	2	3	3	1	4	1	4	1	4	5	3	1	2	3	1	5	5	1	3	4	2	4	2	1	4	4	2	5	5	

All component type numbers for each job to be processed by HSPM
11	57	2	71	12	36	18	56	16	74	19	14	10	28	4	33	13	25	3	18	
13	65	3	66	10	63	1	40	11	43	16	39	8	61	2	5	7	3	
0	25	7	40	8	66	4	36	6	60	3	48	19	53	15	50	
18	63	11	75	8	21	13	53	9	36	3	39	19	10	16	32	
2	11	17	35	7	32	5	20	14	27	
19	65	2	27	6	16	10	26	12	31	4	51	1	68	5	12	
14	45	12	59	18	64	16	71	17	4	10	30	9	44	11	37	6	11	2	66	1	7	
18	54	16	61	17	10	2	31	14	24	11	75	6	50	13	5	8	62	
19	54	6	3	9	74	4	26	18	1	14	17	13	34	11	20	0	31	15	71	12	69	1	7	
16	74	11	21	4	22	19	29	5	61	7	33	18	50	10	40	8	6	6	34	14	69	
8	12	7	56	15	2	1	37	5	1	12	47	17	48	13	8	11	31	
13	64	10	73	16	26	5	59	11	13	15	58	1	71	0	67	3	31	
11	5	16	2	18	20	3	26	10	35	
8	28	12	65	18	54	1	34	7	47	3	4	16	18	13	75	6	13	
13	39	11	23	7	6	18	33	16	21	
17	59	9	14	6	62	0	71	14	6	8	16	15	30	11	53	10	1	12	26	2	21	
10	25	7	68	13	24	11	34	1	18	2	35	6	3	4	7	3	45	9	43	
2	5	8	50	18	47	15	74	5	6	7	43	11	36	16	45	1	70	12	62	19	53	4	54	
0	44	5	5	18	18	11	36	6	15	16	49	10	7	1	8	17	6	12	32	7	66	3	71	
18	23	8	1	16	20	9	64	11	37	15	43	6	75	13	38	2	74	3	61	4	19	
1	27	15	62	12	3	8	34	7	36	
13	45	18	16	10	64	8	63	12	52	3	10	1	49	
10	40	1	53	12	4	15	8	0	48	6	6	19	29	9	5	
11	3	7	13	13	48	5	31	9	8	12	65	15	1	17	22	6	50	10	74	0	16	
1	65	4	53	10	13	2	35	3	66	6	9	5	25	9	39	13	67	15	27	16	54	
9	28	14	41	8	44	6	7	17	49	16	39	2	16	15	25	
9	53	3	50	18	17	4	29	14	65	8	72	0	41	13	64	5	36	11	47	
6	59	7	63	10	28	2	55	3	40	15	73	12	18	16	21	5	42	11	23	4	65	0	74	
5	14	9	65	7	47	12	40	16	50	8	53	14	27	0	42	15	7	2	9	18	32	19	18	
7	17	5	72	8	44	6	42	4	74	9	40	16	64	12	45	14	23	19	6	
10	62	8	75	6	72	14	48	3	19	2	63	12	52	13	28	5	29	17	25	4	54	18	43	
9	6	4	72	12	40	0	65	1	8	5	46	3	43	
8	68	12	67	1	40	16	42	13	57	17	74	3	60	4	7	11	13	6	27	19	35	
0	20	7	39	19	4	1	6	6	59	9	75	
0	63	5	33	19	51	7	8	8	13	
0	22	15	69	11	20	16	55	12	37	13	60	2	63	6	2	17	56	8	49	7	32	1	64	
6	51	18	42	0	57	4	21	1	17	11	75	13	20	19	30	16	9	
10	49	5	48	8	2	7	65	13	61	14	21	15	55	6	54	9	45	2	70	3	16	
9	56	7	9	16	20	5	64	6	5	12	14	8	29	14	4	
14	6	5	40	4	71	0	22	10	4	2	48	11	38	16	68	19	31	17	10	3	58	7	50	
17	50	8	37	19	12	7	61	6	11	9	59	
11	64	16	70	1	61	4	13	13	53	18	6	3	66	14	32	10	74	15	28	8	7	
7	66	14	44	18	65	8	68	10	75	9	21	12	6	
18	23	1	3	13	22	14	17	0	67	6	33	11	28	4	65	7	25	16	35	
19	53	17	36	12	59	3	64	14	7	4	27	8	44	10	17	5	23	15	14	
8	14	9	62	1	24	18	25	19	42	0	39	12	58	11	3	
4	29	13	67	14	15	6	25	15	70	16	60	12	45	18	73	0	41	1	27	5	68	3	7	
17	29	16	53	12	43	14	18	19	23	18	73	6	31	
15	37	10	7	3	38	17	20	4	27	1	30	9	69	14	57	6	36	
17	52	14	56	4	1	15	60	7	27	0	35	18	42	
14	70	1	65	16	57	7	60	4	51	5	54	19	61	15	33	2	35	
5	48	3	19	0	31	1	44	8	61	4	46	
12	15	4	74	1	35	18	63	14	9	8	38	
1	28	9	46	15	19	10	48	17	38	16	13	0	20	5	54	19	67	8	25	18	31	
2	57	18	55	1	31	11	5	12	69	6	45	8	29	14	67	9	2	
8	6	14	51	6	11	13	1	0	8	12	75	9	26	4	38	7	56	18	32	5	71	19	21	
16	56	19	55	8	15	3	43	17	23	7	1	13	7	12	35	15	73	
15	68	16	22	8	52	1	27	19	21	6	49	
3	35	7	43	2	2	15	71	5	18	1	16	
0	59	5	20	7	56	13	27	14	51	9	26	8	52	16	61	18	64	11	74	1	65	3	3	
1	69	18	17	17	31	2	54	5	2	16	26	12	10	8	30	10	71	11	53	4	6	
11	49	2	59	19	5	5	50	9	54	12	28	0	66	4	46	14	47	1	48	18	9	7	15	
19	44	2	72	0	25	17	18	13	50	16	17	18	58	15	4	7	69	3	11	1	68	
1	60	10	75	2	19	4	5	3	63	18	72	7	33	14	69	11	9	0	20	13	14	
9	17	1	19	4	72	7	74	18	56	5	14	2	36	0	61	13	6	
17	7	3	50	14	6	16	57	18	35	1	46	9	66	2	58	
10	50	6	22	12	6	17	56	11	33	
5	18	3	42	2	8	12	14	10	10	7	74	11	15	
3	28	19	32	4	59	17	73	9	16	15	39	1	68	2	8	
3	2	15	6	1	68	7	30	18	10	10	8	4	62	16	74	14	61	11	49	
6	71	9	52	14	69	16	67	19	64	4	12	
2	17	4	42	10	63	1	15	12	41	
4	63	3	12	8	10	1	17	5	57	15	23	0	34	7	8	6	19	
8	12	11	8	7	62	5	36	6	56	16	63	13	54	4	53	9	60	
9	64	4	46	1	30	13	47	8	3	18	15	6	10	5	53	10	11	17	9	
14	60	15	6	4	69	11	44	8	71	2	58	7	39	19	16	17	49	5	43	18	33	12	30	
10	1	18	28	17	43	6	61	3	32	
12	13	10	58	7	67	4	64	2	7	15	20	
13	8	14	52	0	11	19	73	7	70	15	24	
1	57	18	55	4	8	19	36	8	34	16	38	12	42	14	19	11	75	17	25	0	62	5	53	
9	7	12	20	15	2	19	30	17	12	10	60	6	41	11	8	4	63	1	27	
5	71	4	45	6	24	14	16	11	43	0	22	12	53	18	46	2	74	
3	26	17	42	1	73	2	60	7	52	
14	72	2	19	15	18	17	68	7	55	19	69	13	24	12	10	1	23	5	40	16	5	
19	13	7	50	9	67	11	57	6	22	16	62	
6	60	3	38	13	59	8	61	16	11	14	31	1	50	2	17	4	9	
19	30	13	56	15	4	16	15	18	74	
10	74	2	35	14	24	8	68	5	44	16	3	15	75	13	52	1	28	
12	52	2	3	10	1	9	67	6	6	18	8	0	75	16	65	15	4	7	59	19	33	
13	69	8	50	10	18	4	52	19	1	16	22	
18	27	2	23	6	24	19	60	10	5	8	4	13	19	7	22	14	1	1	11	
19	9	16	34	17	51	7	67	0	63	6	2	18	64	9	40	4	57	5	11	
16	20	13	11	6	37	19	65	18	32	5	28	15	21	7	44	11	9	1	6	4	31	14	5	
15	45	5	70	19	17	17	16	3	32	12	55	2	68	14	53	
11	5	13	19	15	9	5	6	3	4	4	20	10	71	0	56	19	29	
6	3	13	20	12	55	3	58	7	19	15	31	14	46	5	39	2	45	16	23	18	25	11	69	
2	71	16	26	6	55	13	21	1	54	4	73	5	11	
12	38	19	62	15	35	5	31	2	25	
16	31	13	60	12	5	14	46	1	66	2	56	19	50	17	68	
5	39	19	3	13	45	11	59	4	70	12	43	14	6	10	72	2	13	

All component type numbers for each job to be processed by MFPM
3	25	1	7	9	1	2	14	
8	11	5	24	2	22	
9	7	
2	8	9	6	4	18	
2	19	8	10	7	21	
6	15	7	3	4	20	
1	12	6	19	
4	21	
9	17	0	5	7	24	1	8	3	15	
9	11	8	25	3	23	4	8	1	4	
9	14	7	9	
2	23	5	13	9	7	
9	20	0	1	4	22	6	8	2	17	
1	1	0	15	7	8	6	16	
3	25	4	17	9	10	2	9	
1	20	
2	3	
4	18	
4	17	1	12	6	24	9	4	
2	20	6	23	
6	4	1	25	
3	23	4	3	1	12	8	7	
6	10	4	21	5	25	
4	9	8	5	3	13	9	7	
7	16	5	15	0	5	
1	13	0	17	5	16	
3	1	5	13	1	10	7	17	6	2	
9	24	6	7	1	9	8	20	
3	15	6	19	8	8	9	12	2	9	
4	15	1	12	
9	5	4	7	7	19	
2	9	0	8	1	20	8	17	
6	15	9	19	1	14	7	24	
4	23	
1	9	0	5	6	23	3	4	9	2	
8	20	9	15	7	23	
2	15	6	18	
7	4	
6	5	7	14	2	9	5	7	3	10	
1	3	8	21	6	24	9	4	2	23	
5	2	4	11	
8	18	5	8	2	6	
0	25	
8	6	6	15	3	20	9	14	
1	24	2	25	0	13	
8	11	7	22	2	7	5	23	4	3	
4	21	8	1	6	13	
3	18	0	16	8	9	6	22	
4	20	
0	22	7	5	5	9	3	6	8	3	
9	16	2	6	1	21	3	10	8	7	
5	15	3	23	1	9	
7	17	8	24	6	25	2	14	4	4	
3	15	5	5	1	17	
4	8	1	19	5	13	0	5	6	6	
9	25	2	24	4	4	
3	14	4	5	
3	2	8	12	7	8	
0	5	
1	20	6	18	4	7	
0	1	
1	7	9	3	2	21	6	25	7	20	
4	10	2	23	6	11	9	6	
8	21	6	3	5	11	7	13	
4	14	3	17	1	18	0	2	
0	25	
5	25	
1	2	6	8	9	9	2	14	
0	17	7	13	
2	19	9	3	
5	17	
9	15	4	5	
7	15	2	13	3	23	
3	14	7	2	9	25	
0	19	
7	7	0	23	2	14	5	4	
7	9	
3	24	1	11	8	13	5	1	
7	20	
7	12	8	4	0	19	2	21	
1	17	6	5	2	9	8	7	3	24	
9	23	5	14	2	19	
6	22	
7	4	1	2	
3	22	6	12	9	11	
3	9	
3	8	1	10	6	2	2	6	5	20	
7	2	9	25	6	8	4	20	5	12	
6	13	
5	20	4	16	7	9	
7	17	0	6	9	3	3	16	
9	25	8	10	
2	24	9	2	8	19	4	7	
3	21	8	25	
1	3	
9	10	3	4	7	16	2	3	
2	1	9	16	6	15	8	14	
4	6	7	19	
7	12	3	10	9	19	5	2	6	21	
0	19	8	13	1	14	2	4	3	25	

Three processing times per job on each machine
The best scenario
609	251	
998	817	
338	310	
338	269	
903	420	
276	260	
257	317	
173	399	
168	94	
232	79	
235	780	
306	544	
560	207	
492	479	
408	691	
152	131	
66	153	
599	653	
491	820	
356	493	
448	196	
233	122	
124	492	
232	269	
436	137	
322	345	
199	262	
384	1009	
50	126	
893	205	
679	528	
914	611	
144	113	
121	79	
1016	515	
109	116	
185	426	
240	180	
257	147	
1021	299	
186	103	
103	152	
347	1080	
933	441	
546	778	
518	1024	
468	444	
463	417	
274	483	
397	240	
249	133	
456	681	
91	283	
105	228	
254	198	
257	164	
683	1340	
316	122	
352	859	
957	618	
194	145	
655	426	
380	299	
646	369	
377	805	
514	628	
328	57	
329	318	
387	165	
620	400	
291	464	
344	497	
280	135	
266	548	
405	294	
427	637	
46	132	
553	765	
150	332	
188	199	
370	320	
236	227	
424	276	
791	428	
539	737	
368	860	
291	491	
503	610	
507	551	
400	236	
554	185	
148	265	
639	398	
572	328	
570	589	
411	428	
177	310	
316	268	
925	499	
662	408	
Most likely scenario
625	294	
1088	1466	
472	563	
379	390	
1226	674	
370	513	
426	344	
204	553	
204	110	
407	130	
441	977	
403	757	
1002	387	
746	515	
762	947	
164	160	
130	183	
959	1203	
761	1115	
412	827	
865	319	
307	187	
219	508	
386	368	
685	247	
421	358	
288	325	
744	1062	
52	167	
961	362	
727	645	
1013	982	
220	137	
182	130	
1044	929	
214	145	
366	464	
317	291	
321	224	
1064	408	
316	197	
151	201	
472	1212	
1045	760	
1089	1307	
522	1078	
585	566	
648	655	
332	855	
504	295	
323	155	
626	1010	
159	307	
109	244	
406	236	
260	166	
896	1502	
333	124	
398	980	
1175	919	
253	156	
663	699	
496	390	
816	717	
443	810	
526	765	
388	107	
504	469	
472	237	
884	417	
315	467	
449	726	
328	241	
289	618	
641	538	
546	935	
74	252	
735	799	
190	391	
285	305	
429	453	
317	280	
489	417	
907	510	
705	852	
682	945	
397	945	
777	976	
630	800	
675	258	
648	327	
285	271	
844	560	
1002	506	
611	649	
492	566	
233	355	
356	311	
1124	671	
936	744	
The worst scenario
895	377	
1290	1980	
486	576	
448	394	
1252	909	
422	636	
488	391	
276	681	
241	140	
519	195	
586	1460	
500	1120	
1225	480	
750	562	
1069	1073	
240	180	
132	263	
1429	1752	
973	1584	
528	871	
1098	349	
327	247	
294	510	
476	460	
889	354	
529	525	
349	427	
852	1278	
68	181	
1418	495	
805	942	
1287	1396	
321	155	
258	163	
1239	945	
234	180	
387	653	
463	330	
367	225	
1247	552	
362	203	
177	293	
526	1683	
1287	1012	
1341	1313	
536	1212	
702	605	
909	726	
363	967	
671	387	
379	215	
768	1151	
234	385	
121	330	
415	321	
331	241	
1148	1551	
417	154	
488	1334	
1587	1211	
308	157	
724	971	
689	414	
1000	811	
497	928	
740	805	
534	113	
520	496	
589	245	
895	462	
459	672	
490	800	
393	247	
337	705	
678	764	
595	1267	
87	313	
860	894	
274	436	
296	454	
452	518	
417	291	
543	552	
1161	534	
849	1198	
845	1379	
526	1032	
818	1296	
680	1190	
855	283	
667	468	
336	317	
1146	788	
1078	565	
843	773	
569	748	
312	361	
515	368	
1184	961	
1069	884	
