Factories	3	Jobs	150	Machines	2

Total number of component types per job processed by HSPM
10	7	5	8	5	11	5	8	5	11	11	11	12	12	8	7	12	7	8	5	12	5	7	11	6	12	5	12	7	10	6	6	7	9	5	5	10	12	10	6	6	9	9	6	5	7	5	12	5	10	12	5	7	5	5	7	5	7	8	7	7	10	5	7	8	7	7	10	12	6	10	10	12	5	11	12	6	6	7	10	7	6	7	10	10	11	10	12	6	6	11	10	10	9	12	11	12	11	12	9	11	9	5	12	9	7	9	5	5	8	6	8	8	11	7	12	7	6	6	12	8	7	7	11	8	8	6	12	12	11	11	8	7	7	12	12	11	9	12	9	12	6	11	5	9	8	7	11	12	7	

Total number of component types per job processed by MFPM
1	2	2	4	3	4	1	3	4	4	3	5	1	4	4	1	4	2	1	3	2	3	5	4	4	2	4	5	1	3	2	1	4	4	2	1	2	1	5	2	2	2	3	4	3	4	5	3	5	4	5	1	1	2	1	5	4	5	4	3	1	1	3	5	4	4	1	4	1	2	5	1	3	5	1	1	2	3	3	1	3	3	4	4	4	2	4	4	4	3	4	5	2	2	5	4	3	1	3	5	4	5	4	2	1	4	2	3	2	5	1	1	4	2	4	4	4	1	3	2	3	3	3	2	3	5	3	2	1	4	1	2	4	4	4	2	2	5	2	2	2	4	3	4	1	3	4	5	1	2	

All component type numbers for each job to be processed by HSPM
19	38	2	51	13	70	17	14	8	4	5	53	12	1	11	39	7	43	10	74	
10	72	15	34	1	56	14	59	0	9	2	47	4	49	
16	37	11	57	5	14	6	51	12	8	
13	47	11	38	16	60	12	2	14	70	9	4	19	61	8	66	
16	21	4	41	18	7	11	34	7	63	
6	46	19	62	0	56	7	27	11	12	1	2	2	32	10	58	9	34	15	26	4	72	
18	12	11	3	16	32	6	44	12	70	
12	65	11	13	7	14	16	74	17	60	2	25	1	37	0	49	
2	20	18	67	6	42	0	3	13	75	
16	64	0	21	6	60	1	70	8	7	11	47	2	73	13	16	12	35	10	11	15	28	
0	65	9	23	17	1	1	28	10	37	7	72	11	51	14	69	15	21	2	57	18	27	
2	31	18	19	3	65	7	17	6	13	17	30	9	9	1	50	4	44	13	57	5	36	
18	14	17	39	2	30	14	19	15	33	5	2	9	28	19	38	11	44	16	41	3	63	1	54	
4	6	10	67	3	34	0	44	9	5	1	75	13	2	17	62	7	26	16	73	12	7	5	68	
1	2	5	57	3	24	9	54	15	59	10	26	4	64	0	25	
6	40	3	37	12	49	9	47	0	32	17	65	2	31	
10	9	8	23	7	75	4	53	2	74	16	67	17	28	13	5	0	8	18	13	3	15	6	69	
7	66	13	74	9	43	17	31	6	41	18	72	2	37	
12	21	9	56	1	14	3	17	17	68	4	30	6	5	19	18	
18	19	13	70	10	31	14	72	0	46	
6	53	17	39	18	66	19	24	0	6	12	2	16	41	14	43	10	29	3	8	2	63	8	14	
5	48	1	6	6	13	16	7	14	1	
11	31	1	22	10	43	2	73	12	4	0	50	17	74	
11	22	15	57	13	29	2	58	17	38	5	1	14	50	10	40	8	19	19	64	16	73	
14	45	17	32	0	37	3	26	6	64	16	42	
18	69	9	63	15	41	10	42	8	34	13	3	1	23	19	15	6	12	17	18	14	72	5	14	
15	71	10	74	1	40	16	70	9	27	
17	27	14	28	2	11	16	71	3	58	9	68	18	44	12	72	0	36	13	56	7	23	10	63	
12	23	1	32	16	29	14	7	19	67	8	25	5	42	
5	29	6	56	3	34	13	59	9	12	19	46	14	36	17	30	15	22	1	14	
10	62	3	48	16	2	2	4	1	66	19	46	
14	69	16	70	4	31	8	26	6	42	7	34	
11	7	12	66	7	47	14	36	8	35	3	31	15	24	
10	34	19	17	18	14	7	56	11	60	9	27	15	63	5	48	6	29	
1	41	17	55	5	17	13	48	3	18	
5	51	17	31	15	6	7	11	12	68	
13	17	15	13	9	12	6	15	3	51	14	16	0	14	8	49	10	54	1	24	
8	35	0	4	3	32	10	6	19	44	17	13	7	72	9	43	1	53	4	73	11	15	16	59	
17	41	16	33	13	30	9	23	15	27	19	29	6	6	11	10	3	72	5	52	
0	40	12	72	17	22	18	52	14	54	5	4	
6	73	19	69	1	42	4	40	18	7	17	1	
11	60	6	35	15	2	3	18	0	54	18	21	17	40	19	32	4	28	
17	64	15	25	14	72	9	27	16	29	18	48	12	61	8	8	13	39	
14	9	9	15	10	39	3	34	17	10	8	33	
0	9	14	42	2	60	18	46	7	45	
18	9	14	59	11	64	3	17	8	6	6	38	1	33	
0	32	5	9	3	38	16	23	7	47	
19	11	4	31	9	56	6	49	13	37	3	23	8	7	16	16	11	2	7	21	1	46	18	50	
10	14	19	24	8	51	4	52	6	62	
9	5	16	59	0	43	10	29	14	35	12	44	3	73	4	30	15	55	11	31	
8	36	15	49	6	8	4	43	7	5	1	31	5	59	13	15	16	17	2	60	19	74	18	12	
7	43	14	64	18	74	2	54	5	62	
0	59	15	6	12	39	14	1	4	66	2	72	16	14	
1	35	4	45	2	31	11	16	10	52	
2	59	3	67	13	65	18	24	9	40	
6	73	0	69	13	9	17	10	8	21	4	3	19	38	
11	3	19	25	16	20	12	51	17	10	
9	62	12	16	2	9	4	4	14	47	19	1	13	54	
2	35	17	25	10	33	1	67	8	45	18	21	0	41	4	2	
5	59	18	50	19	58	13	49	10	65	3	24	7	46	
0	5	5	68	11	4	8	11	1	34	2	66	9	69	
0	41	16	69	1	39	11	49	8	65	2	2	13	58	15	36	18	61	9	71	
11	57	13	74	15	6	5	32	4	52	
15	28	8	45	11	58	5	13	6	39	9	29	17	55	
15	26	9	51	6	11	1	58	18	6	12	34	0	45	17	32	
10	73	2	49	19	41	6	44	3	21	16	25	5	60	
7	46	19	43	0	55	9	62	1	42	5	51	8	50	
9	14	16	25	0	32	18	69	4	17	8	29	19	59	1	39	3	45	11	38	
18	72	3	6	15	8	6	44	12	70	0	61	14	58	5	66	11	19	9	15	10	73	13	49	
1	35	12	11	0	64	15	61	18	47	16	55	
5	10	19	23	16	54	11	51	4	56	12	4	10	68	13	28	0	69	9	21	
2	63	3	26	0	57	1	75	19	47	15	35	6	21	11	39	4	50	16	12	
0	70	8	39	9	33	2	30	17	42	12	3	4	40	19	35	3	53	5	18	15	48	10	54	
12	10	17	71	2	5	13	27	10	62	
9	28	14	2	2	46	13	52	10	55	16	39	4	13	5	30	7	47	6	60	15	37	
1	72	5	2	16	54	19	17	7	75	11	53	17	55	4	67	6	3	10	23	3	22	14	32	
0	9	10	47	15	31	11	52	3	19	7	16	
5	68	18	51	9	4	14	72	10	41	2	69	
11	9	14	27	5	68	8	30	19	15	7	3	17	25	
8	8	3	20	5	69	11	11	9	74	14	25	0	27	7	61	13	26	15	59	
7	13	8	56	4	46	17	47	13	39	14	44	15	25	
13	55	19	8	12	46	0	18	9	56	17	14	
0	22	17	45	10	42	7	74	12	54	15	7	5	24	
7	31	4	67	6	66	9	44	8	7	19	24	13	28	1	4	0	53	5	59	
14	23	16	26	18	4	5	31	4	50	7	21	9	27	12	39	10	57	3	2	
7	33	15	1	17	30	14	37	3	71	0	53	2	58	10	14	5	56	11	9	12	75	
4	45	12	75	8	60	17	38	19	49	14	40	3	19	13	21	0	1	10	58	
16	54	5	61	7	67	8	38	18	66	3	30	6	57	15	10	13	64	17	19	14	52	4	53	
13	62	16	58	15	32	4	6	5	30	3	64	
6	37	4	58	12	51	16	67	7	65	0	43	
17	53	8	45	7	50	12	10	11	47	4	55	1	23	16	31	9	21	5	69	14	38	
8	1	14	28	19	64	3	2	9	75	15	26	5	7	17	50	18	39	7	17	
16	8	12	26	17	61	0	42	14	27	13	41	18	60	6	33	19	28	5	3	
2	57	10	55	5	2	6	7	15	26	8	6	7	1	14	40	1	43	
3	53	13	24	12	54	15	34	2	31	8	73	10	71	9	28	1	38	18	29	14	61	5	2	
18	66	14	15	9	44	17	4	10	58	6	47	1	1	7	28	15	25	12	45	13	39	
15	7	11	15	12	1	7	50	16	18	6	4	19	34	14	35	2	3	10	36	9	21	18	62	
17	45	2	35	5	41	7	68	13	2	9	8	1	33	19	65	0	7	6	54	12	56	
16	47	8	51	2	69	0	42	1	36	10	45	17	33	5	34	9	18	14	37	7	71	3	68	
15	27	6	15	18	40	19	9	10	53	5	57	14	38	4	30	9	18	
3	70	18	51	11	59	6	68	15	50	19	57	0	44	12	47	14	21	4	74	9	3	
4	67	10	41	12	70	0	17	1	56	16	36	13	45	18	20	14	30	
0	37	2	8	4	18	18	67	7	26	
12	27	2	67	9	59	15	64	5	24	14	45	19	69	13	37	4	39	1	62	18	55	16	61	
15	27	2	22	9	1	18	28	5	26	8	34	12	49	6	25	16	50	
8	14	12	40	7	21	9	74	14	56	19	48	17	12	
17	25	12	9	19	58	2	16	7	38	18	74	1	46	14	41	16	50	
19	15	16	16	9	29	13	13	12	43	
15	13	8	47	7	30	4	17	14	49	
11	70	13	58	17	67	10	19	19	40	0	65	3	37	5	66	
11	21	1	44	12	35	15	4	5	31	7	24	
2	46	11	40	7	61	10	12	18	54	0	20	15	21	17	17	
9	20	13	58	5	15	16	11	12	26	11	55	3	40	15	52	
8	22	16	29	15	34	0	74	5	69	1	73	9	67	6	31	11	44	2	28	14	12	
10	42	7	58	1	64	5	61	19	71	13	51	14	72	
9	42	13	7	4	65	10	61	12	45	0	62	16	19	15	36	5	10	17	33	8	68	19	37	
1	50	18	39	17	35	13	51	5	32	19	1	6	37	
1	37	18	73	0	68	2	2	5	67	13	15	
6	3	9	56	4	1	14	63	0	23	19	5	
18	59	19	4	1	19	13	39	5	12	10	25	16	31	9	52	4	49	3	21	15	47	2	72	
8	46	16	38	19	9	1	54	5	70	2	58	7	56	3	53	
4	59	8	4	19	18	13	48	12	62	16	73	18	42	
8	25	2	74	17	66	11	38	19	33	16	26	9	12	
16	46	6	7	10	36	0	32	1	30	11	14	18	48	13	28	9	54	3	37	15	31	
5	6	6	7	12	4	4	42	11	55	10	40	19	9	1	36	
13	44	15	40	17	60	11	59	7	36	10	7	9	42	1	27	
17	55	2	66	0	24	12	48	11	25	18	36	
2	4	19	52	5	33	13	13	15	15	11	8	10	66	0	46	4	9	16	57	14	27	3	22	
3	21	19	59	12	44	4	71	14	75	9	48	7	11	8	41	11	55	10	8	5	20	2	60	
1	22	8	63	10	11	5	65	4	19	7	4	9	31	6	3	14	16	18	67	3	33	
9	50	18	30	17	74	4	16	15	11	10	61	8	17	6	56	3	71	12	2	0	39	
16	68	0	37	14	48	4	8	7	65	6	53	11	58	12	62	
9	64	16	54	12	69	14	74	8	73	7	50	0	15	
12	68	8	60	3	50	6	53	7	13	9	63	4	72	
13	57	3	74	8	26	6	7	11	19	2	2	15	21	5	22	9	6	4	18	1	40	18	66	
7	37	16	13	15	41	18	12	14	43	2	34	13	68	9	21	3	1	17	16	8	69	12	73	
14	32	9	5	10	70	19	69	5	56	13	45	18	1	6	46	11	58	3	65	15	55	
5	66	10	52	8	11	18	36	11	34	0	63	4	54	7	64	1	14	
5	66	3	72	11	3	12	12	0	11	4	67	8	40	1	50	16	48	7	34	6	30	13	44	
15	8	10	60	14	53	13	72	16	7	0	48	17	71	2	67	5	61	
4	53	7	25	2	7	3	70	11	5	6	30	19	56	12	22	17	57	5	20	0	15	13	28	
5	19	4	13	9	58	14	24	13	31	7	42	
11	29	14	66	4	40	2	10	10	47	6	37	15	18	16	33	7	52	9	38	8	31	
2	42	17	64	6	51	3	8	16	7	
13	64	18	65	0	53	3	71	7	36	5	55	8	50	14	45	6	48	
19	43	4	55	12	53	6	36	13	26	1	5	2	30	15	38	
7	54	8	10	12	23	9	22	14	39	6	21	16	50	
8	17	3	73	6	38	19	5	9	69	10	57	1	9	4	20	12	54	11	56	0	52	
11	58	2	21	17	69	12	49	6	23	15	72	19	59	3	40	1	64	9	53	18	70	8	4	
17	4	14	15	9	27	13	33	11	30	10	50	15	71	

All component type numbers for each job to be processed by MFPM
4	10	
9	21	8	12	
9	23	6	21	
4	25	5	22	9	7	2	3	
4	4	9	21	1	9	
7	2	2	11	1	22	0	5	
5	3	
6	11	7	3	9	10	
6	2	5	4	7	16	1	5	
3	13	8	19	2	15	7	9	
2	2	3	7	7	8	
4	14	3	1	8	4	9	7	7	5	
9	12	
2	22	9	15	7	21	0	17	
8	4	2	13	1	9	4	17	
1	4	
2	5	7	16	5	9	8	21	
8	15	4	23	
0	15	
2	18	0	5	4	6	
5	5	8	22	
4	24	5	2	6	25	
1	5	4	23	7	9	0	12	8	13	
8	20	6	7	9	10	4	1	
0	23	2	22	8	4	5	13	
9	11	2	17	
0	4	6	13	1	10	2	14	
9	15	0	3	8	9	4	14	1	24	
9	23	
9	4	8	19	2	23	
4	6	9	14	
7	3	
7	17	3	10	1	8	5	16	
1	8	0	4	9	24	2	9	
5	25	1	8	
5	2	
9	3	4	14	
8	23	
8	14	5	6	6	17	1	5	2	24	
0	21	9	23	
8	16	1	4	
7	4	5	1	
1	11	7	3	9	14	
5	2	2	18	4	3	9	13	
8	21	6	2	0	11	
5	9	3	10	0	12	8	11	
9	21	4	22	8	7	2	2	5	17	
6	20	4	19	2	25	
4	16	2	6	8	10	7	15	1	22	
8	20	1	15	4	17	5	19	
0	24	1	14	7	8	9	9	5	2	
7	8	
9	11	
9	13	5	3	
8	5	
3	21	2	22	5	17	4	18	6	10	
3	21	4	15	5	14	1	23	
4	16	8	18	2	22	3	9	9	19	
5	21	4	6	2	8	7	3	
3	22	2	8	7	24	
5	3	
0	1	
9	24	2	20	8	19	
0	17	9	15	2	12	8	11	7	16	
1	7	3	24	5	22	4	16	
5	19	9	24	0	6	8	11	
3	4	
5	24	4	11	9	12	3	23	
5	15	
9	7	7	18	
3	24	0	16	6	10	2	20	1	13	
7	9	
7	19	1	17	6	2	
4	21	9	22	6	13	2	12	7	3	
7	2	
0	1	
3	9	0	17	
2	21	7	23	1	17	
0	19	1	17	3	14	
0	10	
9	10	6	2	2	3	
3	15	1	1	0	21	
2	2	7	17	0	16	3	15	
0	2	2	18	9	13	7	14	
9	23	5	25	3	21	0	3	
6	23	0	18	
4	5	0	11	5	19	8	10	
7	15	2	19	4	8	1	20	
6	15	8	13	7	23	9	16	
6	20	9	4	1	13	
5	15	2	8	3	19	7	16	
5	3	6	15	3	14	2	9	8	20	
2	25	7	22	
2	23	4	24	
6	4	3	15	0	9	4	2	5	14	
6	24	1	25	4	12	7	22	
7	16	0	6	1	17	
1	19	
0	4	9	25	3	17	
8	14	6	15	4	20	3	3	9	25	
8	17	3	1	9	19	7	3	
4	15	8	12	6	9	7	18	9	10	
5	20	1	12	0	25	2	8	
4	25	1	22	
6	22	
5	22	1	2	8	9	6	24	
4	5	8	20	
6	5	5	13	8	3	
4	9	0	5	
4	18	2	13	9	4	0	23	6	16	
1	15	
2	4	
3	20	6	14	4	7	7	6	
9	5	8	7	
2	5	6	1	0	8	7	16	
2	11	8	4	5	2	4	13	
8	21	4	23	6	5	7	22	
5	24	
7	25	8	18	4	14	
9	21	3	24	
9	13	0	7	2	2	
6	1	2	8	9	9	
1	10	5	2	9	3	
9	20	1	11	
7	20	1	16	8	14	
4	23	0	16	2	5	5	15	7	2	
7	1	8	24	1	21	
4	25	7	10	
9	23	
9	17	5	8	3	21	7	22	
0	3	
8	10	0	8	
5	22	4	17	6	3	8	14	
4	12	1	9	5	25	8	18	
0	10	6	3	9	25	4	1	
1	20	7	22	
7	23	4	21	
5	12	7	6	9	20	8	2	4	4	
3	20	4	19	
4	4	1	18	
2	9	5	5	
2	15	3	21	9	13	0	5	
5	12	1	24	0	14	
0	13	5	22	7	10	3	23	
8	24	
0	19	6	14	2	21	
9	5	2	24	4	2	3	1	
8	20	3	25	5	9	6	16	7	23	
3	7	
8	17	5	22	

Three processing times per job on each machine
The best scenario
416	326	
185	74	
945	661	
87	361	
115	206	
107	334	
120	71	
339	318	
353	643	
327	808	
599	772	
730	246	
231	144	
63	123	
358	310	
567	708	
867	261	
492	377	
757	893	
42	62	
161	287	
201	251	
221	217	
614	257	
986	371	
864	956	
130	303	
276	253	
82	126	
435	969	
939	295	
407	612	
118	88	
1031	765	
585	154	
343	751	
529	371	
331	872	
599	164	
904	711	
265	306	
407	723	
290	333	
601	427	
860	700	
423	378	
434	427	
387	412	
303	208	
284	234	
535	627	
134	82	
251	352	
762	626	
525	488	
194	283	
291	1104	
554	808	
389	750	
292	92	
573	756	
621	338	
247	44	
317	206	
130	106	
755	787	
419	734	
108	52	
513	527	
791	624	
247	100	
768	1084	
234	223	
565	1043	
393	403	
187	107	
134	203	
1028	604	
209	301	
137	252	
792	450	
219	380	
414	687	
783	545	
514	925	
279	306	
1012	814	
260	202	
377	228	
246	97	
115	132	
707	366	
659	699	
201	272	
335	327	
399	879	
314	511	
352	283	
149	208	
334	125	
222	72	
415	337	
294	410	
170	285	
402	528	
193	623	
103	102	
648	209	
332	752	
63	143	
450	1075	
371	578	
83	47	
545	460	
1044	799	
939	505	
108	207	
219	97	
481	813	
213	118	
769	231	
566	1274	
425	305	
89	116	
438	395	
205	162	
542	587	
392	450	
125	351	
141	91	
1129	454	
165	322	
506	451	
140	61	
713	730	
137	143	
619	244	
342	427	
83	55	
301	524	
963	647	
180	148	
149	401	
275	529	
1009	763	
419	890	
201	127	
148	197	
297	803	
768	200	
Most likely scenario
527	629	
188	98	
1310	673	
137	465	
129	245	
170	493	
127	115	
440	466	
605	802	
470	858	
709	1147	
1002	304	
314	273	
104	163	
378	421	
665	720	
1009	516	
829	452	
853	1227	
73	123	
200	351	
238	325	
238	250	
676	338	
993	493	
936	1218	
196	389	
282	302	
111	159	
580	1108	
1070	340	
499	765	
159	172	
1306	1219	
834	275	
445	887	
593	511	
393	878	
603	303	
1134	1303	
448	336	
674	883	
423	491	
880	703	
1001	967	
447	542	
450	469	
571	623	
472	299	
460	442	
833	741	
183	103	
331	358	
903	755	
954	934	
249	339	
560	1217	
589	855	
500	1058	
413	118	
870	902	
855	431	
266	73	
566	411	
202	191	
1244	1009	
699	762	
117	90	
684	551	
1377	752	
273	118	
1429	1318	
241	317	
1105	1144	
580	502	
273	130	
135	285	
1049	772	
219	406	
261	272	
1180	863	
295	388	
558	721	
1146	690	
967	982	
410	421	
1254	1235	
305	208	
549	266	
343	156	
225	142	
939	418	
1020	973	
251	324	
380	484	
513	1049	
452	626	
399	552	
285	220	
370	155	
225	73	
505	603	
586	560	
231	314	
455	624	
317	658	
125	191	
744	307	
474	794	
96	209	
476	1088	
694	689	
92	65	
797	643	
1134	817	
949	622	
193	261	
307	102	
644	979	
426	183	
831	457	
593	1369	
510	492	
132	226	
725	551	
388	295	
1043	661	
469	489	
201	513	
145	151	
1209	537	
212	523	
590	468	
157	91	
738	1226	
186	151	
661	333	
598	771	
100	86	
469	660	
1421	679	
189	188	
187	426	
290	982	
1010	905	
809	1329	
347	159	
171	270	
428	823	
1132	400	
The worst scenario
785	760	
281	99	
1441	946	
157	610	
191	250	
215	504	
156	145	
569	480	
851	928	
690	1084	
850	1465	
1253	348	
391	352	
119	165	
463	532	
670	1053	
1277	766	
1059	551	
1101	1828	
104	167	
275	462	
319	372	
258	370	
845	500	
1203	700	
1370	1327	
241	561	
399	452	
126	222	
586	1611	
1520	503	
532	849	
176	236	
1819	1733	
856	383	
643	1235	
692	618	
483	970	
752	380	
1696	1348	
547	400	
1010	979	
525	678	
1268	1029	
1460	1259	
493	579	
653	584	
579	897	
475	383	
668	510	
1080	959	
252	150	
467	424	
1079	826	
1304	1385	
346	434	
804	1390	
844	1163	
592	1565	
452	170	
1101	1182	
1144	576	
272	85	
804	437	
225	281	
1858	1159	
905	983	
137	108	
883	785	
1861	758	
278	134	
1871	1490	
262	468	
1600	1671	
635	725	
283	180	
179	368	
1464	812	
233	512	
279	362	
1663	918	
428	532	
829	871	
1335	771	
1012	1065	
452	518	
1707	1263	
435	287	
691	310	
462	197	
268	202	
1302	452	
1347	1000	
297	348	
564	521	
747	1157	
650	722	
573	772	
367	225	
399	176	
327	93	
649	745	
842	827	
235	407	
590	911	
361	949	
153	260	
795	349	
632	945	
125	277	
618	1206	
1034	1011	
102	85	
885	798	
1367	1134	
1164	672	
197	317	
387	121	
821	1156	
477	203	
883	666	
859	1509	
651	674	
154	262	
943	730	
467	327	
1351	825	
545	598	
243	670	
154	222	
1561	574	
292	666	
846	686	
165	122	
912	1308	
196	196	
987	356	
807	1094	
135	89	
633	681	
1520	893	
202	202	
213	590	
297	1247	
1408	942	
860	1542	
428	237	
219	357	
468	1091	
1496	486	
