Factories	6	Jobs	200	Machines	3

Total number of component types per job processed by HSPM
12	5	11	6	5	5	11	10	11	9	10	6	9	6	7	8	9	5	5	8	11	7	5	12	6	7	9	11	6	9	11	9	7	10	7	10	9	8	7	10	12	11	6	12	6	5	7	10	11	6	7	5	12	10	8	5	11	7	7	11	5	9	8	5	9	8	8	10	9	6	12	7	7	9	8	9	10	8	10	11	8	12	9	10	5	12	8	7	5	5	7	5	7	9	12	5	12	8	5	6	6	5	9	8	11	11	8	11	12	7	9	11	9	7	11	7	8	11	5	10	6	11	9	9	12	10	6	7	5	10	6	6	8	7	8	6	9	8	7	11	5	11	10	10	6	8	12	11	11	10	7	6	11	9	5	7	11	11	8	12	7	12	11	9	6	11	8	9	9	8	11	8	12	11	6	7	6	6	7	8	6	6	7	10	6	6	12	7	5	12	9	12	8	8	12	8	8	10	9	9	

Total number of component types per job processed by MFPM
5	1	5	1	3	2	4	5	3	3	2	5	4	1	3	2	2	1	3	1	2	3	4	2	1	5	1	1	4	5	4	3	4	4	4	5	1	2	5	3	1	1	1	3	5	5	4	5	2	1	1	2	4	2	4	5	5	5	1	5	1	2	5	3	5	2	3	5	4	4	5	4	1	2	4	4	3	5	3	2	1	2	5	2	1	2	3	4	3	4	4	4	1	5	4	4	1	5	2	4	4	3	5	2	3	1	2	5	1	1	2	3	2	2	5	1	5	4	3	2	4	4	3	1	4	1	2	2	3	3	2	5	4	5	1	5	1	4	2	1	2	2	5	3	2	4	3	5	4	5	2	3	1	1	4	5	1	2	1	2	1	5	2	2	2	3	2	1	2	2	5	3	3	3	3	2	5	1	3	3	4	1	3	1	5	1	5	2	2	1	4	1	4	2	1	3	4	3	4	2	1	1	3	1	3	3	5	4	3	5	2	2	1	2	5	2	5	4	3	2	4	5	3	4	1	3	4	1	5	4	3	2	3	5	3	3	5	5	2	5	4	2	3	1	3	2	5	5	1	4	4	5	3	3	5	4	4	4	2	5	1	4	3	1	2	2	2	4	3	3	5	2	4	5	5	1	2	1	3	1	1	5	3	2	2	4	2	2	5	5	2	2	3	4	2	2	4	4	1	5	1	2	3	5	4	4	5	1	2	3	1	1	1	2	2	3	1	4	2	3	3	1	2	5	5	3	4	5	3	5	1	3	2	1	3	3	2	1	5	3	4	1	2	5	1	2	5	3	5	4	5	4	1	4	5	4	2	1	2	2	4	1	4	1	3	5	3	3	2	3	2	2	5	2	1	1	2	4	4	5	5	4	3	3	3	4	5	1	1	2	4	4	1	1	5	1	1	4	2	4	

All component type numbers for each job to be processed by HSPM
6	19	14	29	18	34	11	11	9	27	1	48	3	2	8	17	16	41	4	32	5	58	2	40	
13	74	14	6	5	68	2	37	7	16	
16	13	0	11	13	18	11	64	12	4	14	47	6	71	2	28	15	59	17	14	10	7	
13	72	8	13	14	30	5	41	15	50	12	14	
14	36	0	3	17	16	16	34	10	35	
10	56	6	67	9	9	4	35	19	4	
12	48	3	9	16	12	19	59	5	44	6	22	7	36	18	25	17	42	15	51	13	29	
18	7	13	25	8	22	4	55	7	49	0	68	11	74	5	14	16	23	1	1	
5	32	7	41	8	59	17	63	9	15	16	40	11	7	0	73	12	51	1	30	10	44	
1	1	5	19	18	56	14	52	13	26	0	18	7	20	15	11	10	37	
10	74	19	51	0	3	4	61	13	20	15	25	14	34	12	40	8	69	5	2	
10	45	7	27	5	73	11	14	19	32	18	9	
17	23	4	43	10	10	19	38	6	25	11	11	18	67	15	58	14	17	
10	3	13	59	8	33	1	29	15	64	5	34	
13	49	11	5	2	4	10	47	14	22	17	8	16	65	
7	1	15	68	17	16	13	69	18	52	4	65	0	28	2	73	
15	34	5	73	2	72	1	21	12	10	3	1	13	71	14	49	19	62	
11	34	16	26	5	32	3	28	4	24	
7	51	12	15	3	71	6	67	17	74	
16	70	6	35	10	19	19	66	1	18	15	40	8	30	3	36	
13	35	7	39	5	51	17	58	14	20	0	70	15	62	1	10	16	44	2	42	9	15	
6	41	14	1	3	8	13	38	4	27	5	52	11	57	
17	40	2	23	10	60	16	62	3	39	
11	50	15	64	2	68	7	51	19	32	17	8	13	75	5	65	4	17	8	14	16	52	0	18	
0	30	6	51	15	68	1	62	17	61	3	12	
5	14	16	71	13	75	2	7	14	2	6	25	4	35	
2	25	18	9	19	17	4	60	5	63	1	57	3	20	10	5	11	67	
2	50	1	58	13	39	8	25	10	33	7	16	14	32	16	65	5	19	15	40	18	29	
3	58	11	10	14	55	18	41	17	68	10	24	
10	37	4	40	18	29	13	39	9	50	16	42	12	10	5	51	3	8	
3	61	15	3	10	46	19	7	7	22	1	8	13	74	16	51	12	66	2	69	5	38	
6	74	19	38	5	16	14	56	12	9	10	61	4	40	3	55	17	64	
14	2	17	56	7	45	2	15	11	1	10	35	1	24	
2	45	12	57	1	32	18	19	11	29	4	31	6	26	0	38	5	24	10	54	
8	70	17	75	1	27	2	66	19	36	16	5	10	42	
6	9	0	52	15	4	9	70	19	61	2	2	12	17	11	35	8	59	14	55	
14	61	1	64	15	33	11	57	3	22	7	39	10	13	6	73	9	66	
15	42	2	51	0	60	19	69	5	34	12	26	6	49	4	5	
19	31	5	47	8	73	0	36	3	20	2	12	14	48	
8	54	1	14	18	75	19	63	3	28	10	4	5	36	6	20	15	26	17	71	
17	44	0	15	2	57	11	62	3	1	4	20	6	66	8	39	13	32	10	46	15	70	9	35	
12	31	18	8	19	26	8	55	16	36	4	29	13	12	15	34	17	9	5	69	6	30	
9	74	12	72	18	1	8	13	4	57	2	10	
10	57	12	39	18	19	17	58	2	68	19	12	1	54	14	47	15	4	9	7	3	11	6	30	
10	35	16	5	2	58	4	34	15	69	12	48	
15	35	9	41	13	22	8	72	1	65	
7	10	16	74	12	58	11	67	4	47	0	36	6	13	
17	30	3	55	1	23	4	35	19	32	7	17	14	64	13	3	15	68	0	16	
13	28	9	55	12	6	17	56	14	71	5	42	6	5	2	66	3	2	16	54	15	65	
10	4	16	15	11	26	2	70	7	53	18	24	
0	4	7	43	19	38	5	63	9	73	3	21	1	52	
17	8	0	33	8	30	15	58	6	52	
17	33	4	71	18	45	8	49	10	22	2	46	5	53	9	31	11	54	13	5	15	58	0	74	
17	48	0	40	6	11	4	17	3	50	8	4	14	21	9	37	15	71	7	32	
11	35	14	71	17	53	9	64	5	4	2	16	0	13	10	33	
6	46	15	21	17	19	7	40	0	5	
7	48	9	9	15	47	1	29	5	40	18	1	4	10	12	20	0	39	10	49	3	33	
9	47	1	52	0	67	8	65	18	54	13	3	10	57	
14	38	17	21	2	42	7	17	15	51	4	60	5	47	
11	36	4	5	7	43	12	64	14	14	19	39	15	24	10	65	6	66	17	12	9	32	
0	66	12	4	1	70	6	8	16	24	
0	35	13	53	18	47	7	20	8	49	2	34	1	41	3	75	6	27	
17	25	12	39	6	65	5	20	16	64	15	33	13	58	3	40	
3	40	4	26	2	42	8	10	1	51	
3	56	2	69	6	39	1	9	8	7	11	25	7	45	12	55	5	75	
8	36	6	50	10	30	1	49	3	63	0	10	13	70	15	52	
6	22	15	50	17	5	16	28	13	48	12	49	11	35	14	2	
18	20	16	68	8	74	3	65	11	10	19	27	6	41	4	19	9	70	12	36	
19	29	18	40	3	8	10	16	1	57	7	53	17	12	5	11	6	10	
15	14	9	13	11	24	6	3	16	2	2	16	
17	16	13	51	14	47	11	21	0	4	9	2	5	1	3	29	4	8	18	73	8	61	7	49	
19	70	8	3	7	61	4	11	6	46	9	8	12	9	
10	70	14	58	15	54	7	39	18	29	3	49	8	19	
0	57	17	48	19	43	7	46	2	33	15	16	3	63	11	30	16	27	
17	9	11	12	19	38	16	17	9	42	6	32	2	28	8	16	
10	47	4	28	15	66	7	17	11	73	14	14	16	22	1	16	0	49	
17	57	1	40	14	60	4	51	11	1	18	56	3	67	2	29	16	15	7	10	
12	44	6	28	11	68	15	11	14	56	19	40	3	70	18	4	
7	24	0	75	2	50	1	9	19	3	18	70	12	27	17	19	13	48	6	16	
14	23	8	54	1	45	19	68	13	63	10	17	18	35	2	18	15	65	17	5	7	64	
16	15	1	47	13	37	14	7	5	9	19	54	6	49	11	14	
11	68	3	58	15	28	9	31	16	22	7	40	1	36	17	30	0	11	2	16	18	66	5	7	
8	36	1	24	15	33	14	54	5	69	17	64	4	35	19	3	18	19	
5	38	12	15	19	37	14	10	11	55	15	17	17	30	0	43	4	40	10	52	
3	19	9	38	16	22	17	17	14	12	
9	25	16	15	10	72	18	33	0	49	7	37	8	38	6	8	2	40	15	34	13	75	11	32	
0	9	15	33	14	75	17	13	11	16	10	12	16	45	1	53	
8	22	13	44	15	26	2	32	10	39	19	49	1	15	
16	22	0	57	4	43	2	19	9	69	
18	66	2	61	17	27	12	1	4	69	
17	19	10	34	12	52	4	64	18	74	6	29	9	10	
3	64	14	24	18	6	1	63	2	67	
18	38	17	30	2	7	4	33	5	22	12	17	16	11	
19	63	5	50	10	72	14	26	13	16	3	51	15	23	9	2	7	12	
8	20	11	22	2	19	13	48	14	64	4	66	6	8	16	38	10	7	18	37	19	41	17	70	
3	62	18	57	1	32	8	17	19	2	
1	27	2	70	3	73	12	35	7	71	15	36	8	33	9	65	19	58	16	41	18	68	11	72	
12	14	2	16	1	30	0	13	10	58	19	39	13	52	16	43	
3	74	4	46	10	70	7	6	2	2	
2	52	10	48	8	30	17	26	5	15	18	38	
3	55	2	42	19	19	9	16	10	31	18	33	
12	24	14	30	10	13	5	32	16	15	
4	58	3	8	12	56	14	48	19	24	13	6	7	75	6	69	2	55	
1	66	9	71	13	70	8	72	14	43	12	44	18	38	15	68	
5	53	10	64	15	5	19	43	7	24	17	68	14	63	11	20	8	62	3	21	1	40	
11	43	5	64	17	5	9	44	16	18	2	57	18	11	10	10	4	25	14	49	7	22	
19	72	8	6	17	48	3	16	16	26	6	62	9	35	1	53	
14	33	8	35	7	44	15	10	2	2	16	29	6	25	1	22	3	31	10	68	4	55	
3	62	15	10	19	48	1	31	7	12	17	56	16	54	12	13	0	6	9	3	6	66	13	32	
0	6	6	60	7	7	17	27	2	41	9	52	18	62	
3	47	4	29	12	33	17	19	14	43	0	42	2	68	1	32	13	56	
2	19	16	42	15	32	3	59	14	46	12	16	11	63	5	12	4	68	7	11	17	26	
8	2	2	67	14	39	13	55	6	6	18	26	4	32	0	5	1	12	
13	41	7	45	6	18	9	51	5	73	19	6	3	20	
13	12	6	74	18	20	8	17	7	63	4	69	19	62	17	26	16	27	11	73	15	61	
9	42	5	36	14	62	1	8	7	12	10	4	17	55	
14	2	19	34	3	47	15	55	7	25	4	60	8	39	9	59	
10	42	2	45	0	5	15	16	17	61	3	62	8	37	13	70	7	12	6	30	16	68	
4	58	13	29	14	35	9	53	17	10	
12	46	19	5	17	3	4	14	8	28	6	35	7	4	11	65	16	56	1	63	
10	39	8	8	4	24	3	61	1	57	2	17	
18	33	13	13	17	15	7	31	8	6	12	5	4	18	9	40	11	3	19	10	6	38	
0	60	10	43	4	44	15	56	5	71	14	69	3	63	2	25	17	38	
4	26	7	14	13	69	6	68	16	63	17	40	14	48	5	8	12	3	
19	60	7	29	18	20	4	30	1	43	13	8	11	9	8	68	2	35	9	57	14	39	16	27	
8	24	17	26	3	45	18	11	10	35	6	67	5	15	11	6	16	22	1	51	
0	25	6	7	14	32	10	49	2	9	19	46	
12	3	15	10	7	45	3	60	16	8	10	27	5	15	
3	41	2	10	0	18	12	34	9	8	
12	33	2	67	10	20	3	51	18	26	9	3	11	7	6	74	7	44	5	54	
12	53	17	17	8	39	14	27	13	55	2	57	
6	48	16	10	7	57	18	72	11	17	13	45	
11	56	5	3	15	29	0	73	10	69	9	53	8	58	19	60	
10	74	5	69	6	3	4	62	17	41	12	72	2	35	
0	62	6	27	7	65	2	41	4	13	5	63	14	53	13	72	
9	13	2	64	16	14	8	34	14	30	12	43	
19	45	13	14	10	72	18	71	2	8	12	70	0	21	17	41	7	73	
13	12	15	32	2	41	10	2	14	15	9	37	8	64	4	7	
8	11	17	68	0	26	2	37	14	43	1	32	18	53	
7	40	6	17	1	55	0	37	13	4	17	60	3	8	10	53	15	27	4	42	5	44	
19	52	17	27	18	54	7	67	4	25	
10	57	12	2	16	64	6	60	2	49	0	69	19	43	18	42	9	21	4	24	1	51	
0	70	8	3	16	67	6	44	3	17	9	60	17	25	1	15	7	5	12	42	
6	67	9	59	2	49	15	57	19	30	1	64	16	39	10	69	7	28	8	19	
10	15	3	11	19	50	4	75	18	66	15	73	
9	1	17	14	10	44	11	4	19	27	5	23	3	67	1	54	
2	26	13	65	6	25	0	45	11	44	7	22	12	50	18	9	19	2	14	52	9	46	15	23	
12	15	1	75	15	26	9	12	10	52	2	42	11	35	8	45	19	40	3	59	4	68	
15	10	10	24	19	40	0	7	18	13	8	11	11	49	12	16	6	53	9	55	5	17	
6	35	14	9	15	15	19	58	2	34	5	29	1	62	12	59	9	39	11	37	
1	4	7	59	10	30	4	16	13	51	15	54	18	69	
19	56	6	47	0	49	13	5	3	30	15	73	
16	44	9	27	19	49	4	56	6	23	3	6	17	24	2	58	7	7	14	75	12	59	
5	52	3	70	16	58	18	2	8	71	15	21	13	33	14	68	17	51	
12	22	9	37	5	35	13	26	10	16	
1	15	18	11	7	5	17	32	12	31	19	50	10	40	
14	60	11	48	3	68	2	11	4	26	12	6	6	43	0	8	10	72	13	67	1	3	
12	14	7	74	1	70	9	75	5	4	8	15	2	56	0	62	17	41	13	2	3	24	
2	56	0	69	15	2	3	14	13	18	4	43	19	8	5	47	
5	17	1	71	18	4	15	30	7	33	4	16	9	25	0	52	10	72	14	54	19	35	13	27	
6	6	11	24	7	72	5	36	3	11	9	10	2	15	
5	70	4	26	9	2	17	46	12	65	19	41	15	19	8	35	10	71	11	5	18	51	3	21	
9	15	1	4	0	20	18	10	12	2	13	35	17	43	10	67	11	16	5	19	19	23	
13	53	11	12	14	52	12	28	5	40	2	42	8	68	15	6	1	3	
8	7	5	75	0	25	9	34	13	63	1	46	
14	74	13	46	1	61	6	73	10	44	15	22	11	65	17	34	2	13	19	6	7	2	
0	71	5	74	1	36	6	24	2	38	15	59	8	35	16	67	
14	1	5	23	7	43	12	11	10	39	1	48	2	4	6	33	4	6	
15	27	6	30	1	15	11	75	2	10	12	8	5	52	17	45	9	68	
11	40	3	46	7	7	1	60	17	30	15	16	19	66	13	14	
4	68	14	25	5	10	9	60	0	70	19	41	1	75	17	67	11	29	2	23	16	20	
19	55	10	31	12	18	5	48	18	33	15	11	16	60	3	35	
3	49	8	38	5	60	9	43	6	35	17	65	7	6	2	27	4	62	15	70	19	75	16	2	
18	47	7	1	1	22	14	30	16	26	5	12	13	70	2	23	0	19	6	62	11	59	
11	55	4	38	7	47	10	45	17	12	14	68	
6	1	11	20	4	5	14	71	7	26	16	62	5	35	
10	7	19	69	15	73	17	1	6	34	14	19	
14	55	8	9	12	70	0	36	7	50	3	74	
15	1	9	21	19	12	11	24	1	52	3	46	16	5	
11	2	2	26	0	48	4	57	3	65	17	43	5	23	18	40	
4	41	14	6	18	31	2	73	10	23	19	29	
14	68	16	24	15	61	8	40	19	28	6	49	
4	30	19	50	15	35	0	55	6	27	14	9	5	46	
12	52	4	6	6	42	13	35	15	64	8	62	5	36	7	9	11	15	2	23	
18	72	10	54	9	21	19	69	13	5	17	11	
16	58	3	49	12	10	1	60	2	23	9	30	
7	38	16	58	10	59	6	66	3	75	4	19	18	16	0	40	11	48	12	41	19	61	13	26	
1	50	19	13	6	24	8	9	0	46	12	1	3	65	
0	40	19	55	3	66	1	30	14	74	
9	11	19	46	13	74	7	3	2	70	18	47	3	55	14	23	1	21	17	62	5	24	0	27	
7	6	8	55	17	19	16	66	12	67	4	30	0	73	3	51	18	36	
7	31	0	63	9	64	5	25	14	60	6	44	1	56	13	39	11	74	2	18	8	21	12	68	
9	26	18	41	13	32	4	40	5	56	11	63	0	75	8	1	
14	72	1	40	0	19	12	28	10	7	11	35	7	30	19	37	
15	59	0	39	8	4	17	32	11	26	5	50	18	64	12	28	19	15	7	63	13	67	10	22	
3	4	16	65	15	19	2	2	4	1	10	52	17	38	0	21	
11	53	13	54	4	22	18	38	10	58	7	37	2	55	19	57	
16	16	19	57	8	62	18	36	1	21	4	4	9	10	0	72	7	40	14	60	
0	19	5	49	16	63	14	65	12	52	11	31	3	12	17	29	10	5	
11	63	1	46	7	9	3	27	9	67	4	15	17	25	15	23	5	34	

All component type numbers for each job to be processed by MFPM
5	12	2	14	7	16	9	22	3	2	
1	35	
5	13	6	2	2	16	0	14	9	21	
5	46	
9	14	8	21	2	2	
5	35	7	33	
9	9	4	15	5	25	6	17	
5	38	1	49	4	26	2	32	6	42	
6	24	0	12	3	18	
4	42	1	32	6	38	
1	5	4	21	
1	26	5	37	8	47	7	38	9	40	
3	8	2	18	9	1	5	14	
5	41	
1	9	2	16	5	10	
9	27	3	42	
2	22	8	12	
2	49	
3	20	6	6	8	7	
3	32	
0	8	6	11	
3	41	0	44	5	32	
4	10	9	23	2	9	0	21	
2	34	1	30	
0	12	
1	28	2	33	9	50	8	44	7	48	
3	18	
6	48	
4	23	8	6	2	3	5	1	
3	46	7	50	4	42	5	38	6	32	
2	18	7	20	8	4	0	8	
8	28	7	30	1	40	
9	5	4	18	8	7	1	17	
2	26	9	44	7	30	8	48	
9	16	7	8	5	1	4	12	
0	41	6	31	7	39	3	26	5	28	
0	3	
7	29	3	43	
1	8	6	5	4	25	0	2	8	7	
4	36	8	47	6	29	
3	13	
5	49	
8	14	
4	31	0	50	2	47	
9	23	2	21	1	13	5	14	3	11	
8	31	1	48	0	26	9	27	4	49	
6	14	9	15	2	1	1	22	
7	43	9	45	2	49	5	44	3	28	
1	14	5	6	
5	32	
9	19	
1	44	9	47	
2	24	8	10	4	7	6	1	
9	40	7	46	
6	1	3	3	0	10	9	6	
8	34	5	40	4	50	6	43	9	46	
1	2	5	24	8	23	2	7	6	25	
6	48	1	36	0	37	7	30	9	39	
7	18	
1	49	3	39	6	44	2	50	5	42	
7	5	
7	34	5	41	
1	16	5	11	7	18	2	19	3	21	
3	46	2	30	1	27	
4	1	8	7	2	24	3	19	7	6	
8	32	2	47	
9	22	8	4	7	11	
9	39	8	26	7	44	6	49	1	38	
5	3	3	4	7	17	2	5	
9	46	6	49	1	44	0	47	
6	18	5	14	1	4	9	19	4	5	
4	32	5	40	6	38	3	35	
3	23	
9	48	4	50	
9	8	2	25	5	24	1	6	
8	39	5	49	3	46	0	44	
4	11	3	8	2	15	
4	37	9	33	0	43	8	34	5	47	
4	16	3	24	0	23	
3	49	5	30	
7	2	
5	41	1	29	
4	16	3	11	6	6	2	10	9	24	
7	27	9	38	
4	25	
5	35	9	39	
0	2	3	24	6	1	
9	31	8	29	1	33	5	35	
6	19	4	8	2	7	
9	27	0	47	2	31	6	44	
8	22	6	9	9	8	0	17	
3	50	1	29	6	36	2	33	
3	12	
2	39	8	33	6	46	0	45	3	48	
8	3	2	25	7	6	9	19	
1	26	2	36	3	39	9	38	
3	3	
4	32	8	26	0	48	6	49	5	50	
7	13	1	9	
6	43	2	34	7	27	8	40	
9	11	3	4	1	6	8	9	
6	35	7	28	3	29	
2	25	0	20	7	6	5	23	9	16	
0	46	3	45	
0	18	4	5	3	24	
5	27	
2	13	5	9	
7	44	6	36	2	49	8	50	3	38	
6	24	
2	33	
5	24	7	17	
0	50	1	31	7	33	
9	3	8	14	
9	50	0	30	
6	12	2	15	8	1	5	23	7	16	
2	37	
8	18	0	13	5	21	1	20	6	25	
1	38	9	50	2	32	7	33	
9	11	8	23	5	4	
4	50	3	44	
6	14	5	13	9	15	2	3	
7	42	9	46	4	39	2	43	
5	20	1	2	7	19	
2	47	
5	18	3	14	8	13	0	4	
5	50	
6	5	1	10	
1	36	0	34	
3	1	5	10	2	2	
9	50	4	47	0	28	
1	21	5	25	
0	38	6	33	4	47	7	35	8	26	
1	17	8	16	0	4	2	15	
0	40	8	29	6	48	7	39	9	38	
4	22	
6	31	5	40	0	38	4	30	2	50	
9	15	
8	28	5	38	9	37	1	39	
5	7	9	4	
9	40	
3	24	9	22	
4	30	7	40	
1	6	6	20	9	8	8	16	2	12	
2	46	7	50	4	47	
1	14	7	5	
2	30	0	48	6	33	1	36	
2	13	1	22	6	4	
1	41	3	48	7	31	9	40	2	49	
1	16	0	14	2	21	9	13	
0	40	6	32	4	46	5	28	9	44	
7	15	1	3	
7	45	0	38	9	36	
3	5	
8	28	
1	25	3	14	8	21	5	3	
2	40	7	31	9	26	3	43	1	42	
6	22	
2	44	0	41	
1	4	
7	48	1	46	
7	15	
3	26	1	38	8	29	5	36	6	49	
9	3	7	11	
0	34	1	41	
7	19	5	18	
8	27	3	46	6	45	
6	4	3	7	
1	29	
7	13	4	1	
2	36	5	38	
6	16	8	15	4	11	7	6	3	20	
3	48	2	42	0	49	
3	3	9	15	1	19	
9	44	8	50	0	43	
3	12	7	21	0	9	
8	30	6	42	
9	10	0	17	7	7	6	16	2	14	
4	37	
8	12	6	14	7	11	
3	36	8	48	4	46	
9	2	5	5	2	16	1	24	
0	26	
6	8	0	4	4	9	
3	49	
2	18	1	20	3	4	5	9	8	8	
1	49	
2	18	7	5	3	15	9	10	4	23	
5	43	6	28	
4	5	2	3	
0	34	
1	4	3	9	9	24	2	8	
2	45	
9	18	0	10	5	22	7	14	
3	31	7	35	
1	14	
1	32	4	43	6	46	
7	5	2	13	5	24	0	15	
9	27	4	40	5	32	
9	25	3	13	2	3	0	2	
3	50	5	42	
9	14	
8	46	
8	5	7	14	2	6	
3	29	
7	24	6	2	1	5	
6	31	1	26	2	40	
9	4	2	11	5	21	1	2	3	6	
8	28	1	33	9	34	7	29	
4	12	8	3	9	18	
4	49	7	42	8	27	6	40	5	26	
5	23	4	18	
4	27	2	44	
2	9	
1	30	7	47	
7	21	9	6	4	3	2	7	8	16	
8	28	5	40	
0	23	5	1	8	14	9	20	2	15	
6	44	0	36	5	31	8	46	
2	17	1	19	4	24	
1	45	9	50	
7	1	1	16	8	25	6	12	
3	31	0	46	8	42	7	48	1	34	
5	14	1	24	6	19	
3	34	7	30	4	32	9	40	
8	5	
3	33	8	27	1	47	
3	8	8	15	7	6	5	4	
1	44	
4	13	7	5	9	3	2	14	1	8	
6	27	9	48	3	39	2	40	
6	22	2	25	9	16	
3	39	1	28	
3	10	7	6	2	7	
8	39	6	45	1	32	3	35	4	30	
2	24	6	3	9	8	
5	35	7	29	3	34	
0	4	6	20	3	6	1	23	4	14	
5	30	9	27	7	36	6	45	1	29	
8	22	1	10	
6	30	0	44	5	50	7	36	9	46	
5	24	1	5	8	19	3	4	
8	44	3	41	
4	8	5	16	7	6	
5	40	
7	18	2	23	6	17	
9	50	0	35	
4	18	5	1	9	10	7	7	0	19	
0	44	1	33	4	47	5	30	3	49	
2	24	
8	43	0	47	3	33	6	48	
6	3	0	16	5	17	8	10	
4	34	2	46	5	48	8	37	1	47	
6	2	9	25	3	23	
0	36	3	38	8	41	
2	25	1	11	9	22	0	5	5	10	
9	31	1	30	3	34	7	49	
1	4	4	6	8	13	5	21	
8	44	4	48	9	32	3	28	
2	20	8	12	
9	29	2	33	8	46	4	48	0	49	
1	15	
0	36	3	40	7	47	8	33	
8	5	5	7	6	9	
4	44	
0	21	8	5	
7	26	2	29	
9	6	3	12	
6	39	2	46	4	29	3	32	
5	11	0	23	8	20	
7	49	2	27	0	29	
0	4	4	3	9	23	7	18	5	24	
7	43	8	38	
2	24	4	13	0	17	1	19	
3	28	0	48	7	45	9	37	1	31	
8	9	3	18	6	11	1	14	2	15	
9	35	
6	18	1	12	
9	45	
6	22	0	6	2	23	
4	34	
7	25	
0	43	8	28	1	48	6	29	7	35	
3	12	0	11	9	15	
3	32	9	26	
7	16	9	1	
2	45	5	47	7	31	1	49	
5	21	7	17	
1	38	5	42	
7	22	8	7	9	19	2	11	3	15	
9	44	6	49	3	26	4	41	8	34	
1	21	6	25	
0	46	9	45	
7	11	3	12	0	15	
4	41	8	26	3	48	6	40	
6	10	1	1	
8	30	4	34	
5	14	7	22	3	15	8	1	
7	43	2	44	4	47	0	42	
5	1	
3	37	4	47	9	27	7	33	8	29	
2	2	
2	33	6	45	
2	20	7	22	0	25	
8	37	6	39	0	27	4	28	7	43	
6	6	2	19	7	17	4	24	
3	42	2	44	7	35	9	36	
6	22	0	6	9	11	7	8	8	19	
1	33	
0	19	2	17	
8	36	3	38	4	42	
2	24	
9	49	
9	11	
5	33	0	37	
9	13	8	10	
5	29	0	46	9	41	
4	19	
2	44	6	43	5	47	4	46	
3	23	1	14	
6	47	0	35	3	40	
1	6	2	24	7	7	
6	38	
7	23	6	13	
2	40	4	48	6	26	5	44	3	32	
3	16	1	3	5	24	9	9	6	4	
8	47	2	36	1	30	
6	19	2	6	1	15	0	8	
6	39	3	42	1	36	2	50	4	48	
6	4	5	22	0	23	
3	35	6	39	2	45	9	50	7	44	
8	12	
0	38	5	50	9	39	
2	5	5	2	
8	29	
0	21	3	4	5	17	
5	36	3	45	8	28	
1	5	8	17	
3	41	
7	5	9	2	6	18	3	20	2	13	
9	46	2	44	8	45	
4	21	8	10	9	2	6	5	
5	36	
0	22	1	10	
2	40	6	35	0	36	8	38	7	37	
1	19	
6	45	9	44	
4	16	1	21	8	11	3	15	7	23	
7	31	2	38	0	35	
7	23	0	5	3	14	5	7	6	12	
8	49	4	27	6	28	2	29	
9	20	2	1	0	3	4	10	7	8	
5	34	1	41	6	46	0	28	
8	22	
0	32	4	28	6	48	3	50	
9	23	8	15	4	9	3	17	1	22	
6	44	8	49	1	37	4	36	
1	16	9	14	
9	29	
1	22	2	10	
5	43	9	42	
2	4	5	8	8	13	9	11	
5	37	
7	4	1	21	3	12	8	10	
3	29	
1	13	2	23	0	17	
4	37	0	42	7	33	3	31	6	45	
0	5	8	8	9	6	
9	37	0	42	1	46	
2	11	0	4	
2	42	5	40	0	29	
2	20	3	18	
1	28	0	46	
1	22	3	14	7	3	8	12	2	16	
1	32	2	50	
5	19	
1	43	
8	19	9	10	
6	28	4	45	5	50	8	46	
7	1	2	17	6	16	1	24	
1	45	4	36	3	29	6	30	8	26	
0	2	9	1	4	16	2	22	6	21	
7	32	8	30	6	39	5	44	
8	1	3	9	1	11	
8	33	2	37	0	42	
6	11	2	7	3	10	
4	44	1	41	8	35	7	38	
1	24	6	21	0	19	3	7	8	20	
1	28	
6	18	
4	42	9	48	
4	18	5	12	8	9	3	13	
2	44	8	48	5	46	0	28	
4	9	
8	27	
9	19	4	1	7	17	8	25	0	3	
4	38	
0	13	
4	48	2	46	1	33	8	50	
6	3	3	17	
9	40	5	43	6	49	2	34	

Three processing times per job on each machine
The best scenario
272	256	208	
986	501	1010	
380	71	450	
448	417	420	
136	157	331	
673	515	280	
585	842	861	
291	325	121	
243	362	321	
73	135	232	
226	516	335	
305	280	946	
122	354	434	
170	165	150	
674	747	790	
636	301	327	
454	619	386	
320	209	370	
283	798	785	
124	239	93	
126	165	299	
142	151	398	
570	211	401	
290	442	273	
325	130	292	
442	412	191	
763	297	1012	
123	63	150	
518	573	408	
232	269	308	
175	674	163	
276	390	435	
666	238	575	
727	216	424	
191	210	265	
247	320	465	
773	434	524	
285	273	619	
470	397	539	
169	397	186	
286	153	210	
620	945	627	
584	402	500	
300	214	990	
391	478	264	
274	835	424	
132	477	412	
96	81	337	
167	191	187	
830	361	917	
578	1112	702	
463	1318	544	
320	294	585	
650	221	400	
104	210	154	
355	512	451	
130	90	115	
217	470	467	
213	181	174	
552	519	432	
29	71	92	
176	245	168	
298	156	321	
1143	637	924	
182	194	120	
107	79	123	
556	589	477	
430	684	760	
164	119	215	
196	113	186	
106	123	71	
317	107	227	
226	737	226	
378	794	507	
316	70	143	
497	402	383	
470	220	585	
347	147	134	
386	146	301	
656	950	217	
267	654	229	
112	267	124	
545	363	339	
131	179	83	
293	347	142	
527	287	356	
239	116	336	
492	304	218	
591	517	413	
210	159	135	
296	845	362	
485	320	351	
532	762	468	
76	234	118	
114	207	261	
359	747	967	
448	225	985	
158	258	180	
190	301	397	
751	601	347	
264	129	246	
255	211	356	
160	133	119	
314	144	763	
591	529	392	
161	440	611	
176	155	211	
285	487	548	
523	433	791	
1079	644	965	
221	773	826	
332	525	432	
274	634	393	
316	237	117	
1310	1042	988	
430	410	672	
195	723	552	
135	294	278	
295	812	635	
235	178	60	
314	1056	444	
485	739	508	
251	66	278	
604	592	220	
125	162	137	
1200	686	827	
494	251	294	
317	306	472	
124	281	370	
323	653	227	
1099	921	1244	
878	190	357	
199	157	243	
378	972	921	
403	177	238	
649	305	319	
104	84	177	
335	445	186	
70	99	249	
602	557	204	
642	493	1140	
164	94	55	
308	304	219	
769	621	750	
458	853	246	
982	442	393	
636	1076	1232	
249	583	790	
88	135	344	
948	433	289	
1199	822	740	
596	544	429	
433	327	502	
139	82	127	
102	113	138	
414	762	733	
210	234	109	
954	487	561	
702	812	581	
753	394	1180	
101	130	123	
226	223	354	
118	339	240	
178	89	54	
199	380	122	
540	602	998	
227	162	451	
105	246	108	
219	112	283	
393	314	173	
249	669	737	
213	272	173	
518	1211	556	
44	88	107	
315	100	281	
162	195	124	
639	577	596	
217	234	378	
335	622	345	
331	564	273	
336	443	579	
307	352	325	
351	567	251	
378	617	386	
761	234	550	
201	404	428	
349	186	275	
572	551	491	
579	365	422	
107	498	661	
190	132	69	
222	179	313	
311	309	181	
493	623	667	
195	319	479	
451	137	94	
226	323	218	
204	487	491	
469	787	470	
1090	652	730	
Most likely scenario
312	341	315	
1137	853	1081	
492	138	510	
635	684	470	
258	227	332	
698	829	319	
860	847	899	
367	495	182	
364	550	361	
104	264	250	
339	529	650	
596	435	979	
168	500	575	
215	209	212	
1039	1027	1058	
1053	398	328	
786	732	568	
583	277	650	
424	1286	937	
146	242	118	
211	302	469	
193	199	414	
597	228	610	
368	538	509	
454	185	460	
511	507	244	
813	417	1160	
157	97	200	
544	618	434	
428	492	429	
287	676	261	
515	424	850	
806	399	790	
891	304	591	
280	294	289	
393	340	770	
1236	735	675	
437	494	727	
685	437	616	
287	473	197	
322	232	338	
820	1307	814	
589	610	675	
368	327	1057	
526	631	445	
493	931	457	
218	552	535	
140	108	398	
292	354	206	
914	479	933	
734	1123	722	
586	1378	1006	
395	384	1076	
665	230	499	
116	234	173	
403	613	652	
156	117	211	
282	543	547	
248	255	328	
917	577	732	
55	83	124	
211	309	251	
392	220	488	
1444	938	1105	
195	208	191	
132	112	157	
623	693	633	
702	932	841	
193	126	282	
244	124	227	
142	217	78	
380	163	412	
259	754	403	
685	1033	552	
322	94	258	
529	743	534	
675	362	703	
461	274	264	
445	233	598	
719	953	404	
276	1005	337	
143	369	154	
700	592	365	
152	229	144	
372	477	218	
548	418	443	
288	218	359	
844	600	349	
917	899	507	
286	267	148	
397	967	555	
578	620	583	
915	1107	576	
90	351	232	
222	391	331	
635	862	1553	
829	419	993	
313	383	317	
309	315	425	
843	795	396	
303	250	455	
408	408	387	
178	172	122	
573	211	834	
713	641	743	
223	588	657	
182	266	216	
501	723	627	
918	495	1157	
1155	952	1132	
372	1155	890	
589	686	561	
337	651	589	
536	293	211	
1527	1156	1423	
672	787	1199	
360	1183	576	
267	401	333	
548	879	875	
325	319	106	
333	1246	671	
495	992	824	
278	131	299	
640	610	424	
167	221	178	
1530	899	973	
750	495	296	
574	424	840	
187	353	389	
394	673	449	
1107	1442	1338	
923	356	597	
314	237	264	
540	1246	1202	
558	338	285	
770	364	344	
106	136	243	
364	536	189	
127	170	253	
699	615	389	
1214	506	1318	
193	183	56	
428	306	289	
800	994	894	
499	979	347	
1416	548	522	
956	1162	1284	
388	876	1358	
157	269	397	
1024	520	558	
1261	885	1141	
964	734	567	
567	441	579	
177	147	165	
190	174	243	
487	854	853	
279	293	133	
1000	839	993	
809	1159	611	
1197	633	1222	
108	152	201	
338	415	452	
219	586	480	
233	138	95	
278	458	174	
940	985	1054	
250	245	723	
148	292	151	
250	221	333	
407	336	335	
399	705	930	
345	329	338	
926	1423	644	
61	117	145	
397	189	385	
249	247	157	
810	871	748	
417	465	465	
366	805	561	
366	570	358	
459	686	872	
557	593	630	
434	579	477	
702	1085	508	
857	332	765	
367	416	533	
365	242	381	
734	898	916	
728	609	687	
212	586	818	
312	167	131	
246	209	395	
452	476	194	
670	1191	946	
209	505	492	
655	168	166	
366	367	407	
364	621	712	
835	961	600	
1423	1097	1258	
The worst scenario
327	377	357	
1641	1167	1484	
700	183	602	
642	862	585	
338	332	451	
763	843	380	
1134	885	1286	
502	740	207	
491	784	421	
137	293	311	
344	640	969	
771	560	1157	
185	585	585	
280	244	310	
1258	1057	1485	
1546	455	463	
875	803	572	
694	304	838	
481	1313	956	
166	299	168	
303	378	551	
194	227	435	
855	314	721	
458	676	589	
555	240	462	
533	565	356	
944	469	1480	
179	139	261	
577	891	485	
642	612	442	
334	886	330	
662	588	1231	
1118	500	888	
1184	333	751	
284	434	314	
459	436	1067	
1569	829	914	
565	523	834	
735	591	679	
306	617	255	
453	256	343	
918	1414	989	
611	806	800	
466	411	1260	
643	864	608	
531	1312	668	
268	684	715	
181	118	468	
370	445	277	
936	643	969	
916	1586	833	
665	1852	1318	
533	388	1599	
769	240	577	
126	246	217	
533	916	811	
192	161	245	
408	594	559	
307	369	417	
1170	770	733	
78	92	151	
275	316	341	
418	324	676	
2006	1303	1210	
236	227	275	
143	120	210	
884	721	843	
765	1121	995	
250	165	301	
352	157	243	
201	283	115	
501	197	509	
387	1048	507	
833	1267	590	
325	114	300	
548	1036	537	
762	457	988	
570	339	341	
518	245	860	
773	1311	423	
402	1507	450	
162	400	218	
983	709	385	
192	245	181	
480	503	261	
694	490	490	
427	259	439	
960	663	367	
1264	1307	731	
291	288	175	
458	1010	759	
778	710	650	
1329	1659	774	
134	523	277	
329	472	463	
717	1167	2167	
1206	623	1084	
453	457	379	
360	366	539	
935	862	504	
351	281	597	
501	611	452	
187	245	161	
694	244	868	
752	917	892	
296	662	709	
196	322	265	
730	864	878	
1077	637	1593	
1549	984	1559	
398	1435	1172	
759	690	590	
419	784	676	
588	343	271	
1853	1730	2033	
709	1028	1384	
459	1235	710	
287	415	398	
802	1307	1156	
435	326	140	
465	1321	975	
635	1275	1190	
408	142	447	
713	691	453	
240	252	224	
1680	919	1068	
930	607	316	
761	634	877	
216	521	438	
564	879	632	
1558	1919	1380	
1362	407	813	
344	259	380	
555	1627	1615	
694	380	396	
884	402	452	
148	179	354	
507	657	195	
157	210	303	
1004	724	465	
1400	545	1938	
257	207	74	
451	359	308	
1047	1020	1264	
528	1333	472	
2093	566	701	
1145	1223	1473	
445	1112	1481	
162	370	590	
1312	527	792	
1774	922	1604	
1335	960	570	
780	644	673	
254	185	205	
228	244	244	
707	1181	1209	
300	391	173	
1055	1088	1322	
1161	1335	688	
1618	841	1524	
133	169	207	
404	527	595	
315	846	486	
243	186	97	
289	602	232	
1240	1420	1242	
318	347	947	
162	323	218	
308	289	338	
578	418	499	
494	735	1144	
404	416	424	
1298	1432	756	
77	149	204	
474	206	538	
331	253	178	
954	1011	1030	
510	642	521	
475	1135	687	
525	676	459	
626	885	945	
585	688	848	
436	800	696	
856	1306	549	
1111	492	1012	
530	423	568	
392	301	494	
955	1291	1015	
782	785	906	
289	592	872	
339	169	168	
331	277	542	
639	629	248	
759	1672	1195	
283	728	520	
969	246	186	
474	411	527	
373	626	764	
916	1395	844	
1974	1561	1509	
