Factories	5	Jobs	100	Machines	2

Total number of component types per job processed by HSPM
10	9	12	9	9	5	7	10	8	6	6	11	12	10	12	7	7	8	7	5	7	11	8	10	5	11	9	11	7	8	6	6	9	8	6	8	7	11	12	12	6	5	9	10	12	5	12	7	12	11	5	12	6	7	6	9	7	7	11	11	5	9	12	11	6	10	8	9	10	6	12	9	5	10	5	5	9	5	10	11	12	6	5	8	6	10	12	5	6	5	11	9	5	11	12	8	11	7	10	11	

Total number of component types per job processed by MFPM
4	4	1	1	5	4	5	4	2	1	1	4	4	3	1	1	3	5	4	2	3	2	2	1	5	2	4	2	3	1	4	5	2	4	3	2	3	1	5	5	2	2	2	2	3	5	1	1	4	4	5	2	4	3	3	5	4	5	3	1	3	2	4	1	5	1	3	4	3	2	4	4	5	5	3	3	2	4	4	3	1	4	4	1	3	4	2	3	2	3	1	3	2	3	3	5	4	1	4	1	

All component type numbers for each job to be processed by HSPM
3	59	4	44	13	43	0	8	15	24	19	5	17	60	7	49	1	62	6	17	
5	53	13	4	14	49	0	70	11	8	10	73	9	2	1	14	19	43	
2	73	11	72	5	22	17	43	9	28	16	61	13	55	10	47	12	13	18	40	19	35	3	9	
15	20	16	47	7	6	18	53	8	66	11	21	1	30	17	38	3	46	
18	56	1	39	8	29	3	58	10	57	2	63	19	17	6	34	14	12	
12	62	1	68	0	40	7	28	19	52	
15	42	8	33	18	52	14	62	19	29	4	17	1	1	
11	34	10	54	18	18	16	28	19	56	7	11	3	51	14	73	12	58	9	7	
5	26	4	47	15	66	16	11	13	46	17	73	2	31	18	9	
8	52	0	37	10	68	5	48	16	41	3	63	
6	71	8	30	10	63	7	57	3	54	16	75	
13	17	2	50	0	33	3	72	18	58	8	6	6	30	12	75	11	51	9	10	14	32	
18	11	16	74	10	46	19	50	3	12	5	65	7	49	11	47	0	24	8	32	14	70	12	67	
18	20	19	68	16	30	17	52	11	47	1	41	14	44	12	75	13	19	5	18	
13	4	16	59	12	31	11	27	5	1	18	21	0	50	17	5	3	64	9	24	10	46	7	25	
12	60	19	73	18	72	10	62	8	23	11	59	0	28	
7	28	3	44	5	5	9	23	15	51	17	72	8	21	
6	18	4	2	17	10	16	56	1	63	15	5	19	9	11	39	
12	68	16	18	8	27	14	62	6	28	11	71	10	30	
5	56	6	33	7	37	2	36	4	29	
14	24	11	51	15	7	18	30	1	35	0	13	19	17	
18	43	15	20	7	61	1	33	13	16	0	36	5	11	6	28	14	37	8	7	11	5	
14	7	17	36	15	29	12	71	16	21	5	9	3	20	9	43	
16	57	7	11	6	54	5	26	4	29	8	41	10	60	9	48	15	31	17	55	
2	31	8	51	6	37	17	25	10	3	
14	66	11	29	3	31	5	40	8	20	4	51	17	50	10	35	7	22	6	48	12	64	
15	27	4	37	12	18	17	55	19	57	14	40	18	35	5	45	11	16	
6	11	7	9	0	7	16	47	17	23	13	55	19	21	11	8	15	6	1	35	4	2	
15	41	4	47	3	63	7	35	18	9	9	37	17	27	
11	20	6	41	9	25	7	62	14	40	12	14	8	10	18	51	
1	14	2	58	19	19	3	45	13	61	8	51	
8	25	6	3	3	30	15	12	1	32	14	28	
12	52	14	35	2	63	13	44	6	34	19	69	8	47	15	73	3	75	
16	58	15	20	14	73	7	32	18	13	5	61	0	45	10	1	
6	63	9	65	7	47	0	55	15	12	12	27	
8	22	17	74	18	50	14	54	5	23	2	70	1	4	6	11	
7	6	0	24	4	23	10	59	3	28	19	48	11	29	
3	61	19	34	7	63	5	43	8	40	9	25	10	10	12	55	15	19	1	4	14	48	
14	45	12	24	0	69	13	8	8	65	17	56	4	18	15	10	3	48	16	31	19	64	11	61	
16	24	1	13	13	35	18	37	9	52	5	43	14	25	7	5	11	2	8	63	4	56	10	14	
0	61	15	50	10	20	18	75	16	49	19	16	
2	51	15	4	0	3	14	44	10	53	
1	17	11	26	15	12	2	30	10	7	8	4	0	55	19	68	4	44	
7	55	19	3	18	37	16	13	1	12	8	5	0	72	5	34	13	47	10	51	
5	25	9	54	11	53	0	46	15	6	10	11	6	39	19	27	1	65	8	32	12	34	4	42	
9	22	18	43	16	69	17	42	13	11	
14	49	4	73	2	18	0	38	3	47	11	3	16	45	17	36	13	72	6	1	8	65	5	39	
2	41	7	59	12	56	3	75	9	65	14	60	4	40	
12	1	4	35	11	11	0	52	14	51	13	25	2	16	6	66	8	5	16	47	9	63	18	58	
19	24	16	10	3	44	6	33	13	75	8	5	10	52	5	62	9	13	4	15	11	14	
9	25	0	53	8	30	10	6	3	13	
7	15	19	36	0	72	3	63	10	24	2	22	8	54	12	13	9	70	6	43	4	34	14	2	
10	2	11	49	1	3	18	20	3	54	16	43	
7	58	14	33	13	27	9	38	11	73	3	72	0	42	
2	16	14	62	17	27	4	6	9	19	1	20	
1	74	7	64	3	49	10	54	12	53	8	41	2	61	19	67	5	21	
4	40	3	11	18	19	17	4	7	72	5	10	6	6	
17	45	15	38	7	15	4	73	11	32	0	66	3	18	
9	66	3	56	12	31	19	6	10	48	6	21	17	30	14	8	7	65	16	64	1	69	
6	35	15	20	2	11	10	19	8	8	18	69	4	4	17	50	3	12	14	48	0	71	
1	17	18	35	3	25	9	32	5	74	
17	68	4	7	16	42	11	3	18	63	14	46	19	71	0	2	9	61	
6	73	12	32	3	20	17	53	15	52	19	66	2	50	11	4	0	51	4	7	8	54	18	28	
16	60	0	46	5	41	19	22	14	19	10	71	8	18	7	44	18	11	3	54	4	32	
10	29	16	20	4	73	2	32	15	43	6	74	
9	72	13	55	18	10	17	32	14	40	7	27	12	71	16	4	2	56	8	38	
10	4	16	31	6	16	0	52	11	14	19	27	8	6	14	20	
5	65	13	28	7	40	11	6	10	20	12	13	0	30	9	62	1	14	
5	45	13	9	18	43	14	26	1	12	12	23	9	58	10	3	4	49	17	25	
0	4	12	69	9	39	3	44	6	75	11	59	
5	66	2	55	6	1	14	60	12	18	16	51	1	2	0	6	8	37	17	43	11	53	3	10	
10	35	5	19	3	69	14	25	13	41	0	55	18	48	9	71	16	30	
11	33	16	3	14	61	18	70	0	54	
17	63	4	61	2	60	13	12	7	48	12	67	14	47	9	74	5	69	15	26	
11	11	0	30	18	3	14	70	6	43	
3	43	7	36	5	52	8	28	17	4	
16	41	11	34	12	37	2	4	17	72	10	67	7	21	3	16	4	38	
6	59	5	34	10	33	2	5	16	54	
13	51	7	17	1	5	4	31	6	73	10	74	17	62	8	63	2	9	11	8	
15	15	18	64	10	43	13	1	5	72	11	25	17	49	19	70	3	42	7	6	14	66	
18	19	4	60	11	52	10	21	16	15	5	22	1	10	0	39	2	25	13	18	14	54	8	47	
0	44	10	13	15	22	14	32	1	50	6	18	
15	37	14	16	18	35	3	18	12	33	
3	17	19	73	1	13	7	35	9	56	13	40	10	23	14	34	
11	8	1	41	13	30	6	15	10	21	17	3	
2	56	3	6	12	59	13	4	16	5	11	17	14	51	5	33	9	32	8	20	
7	30	9	28	3	63	5	66	15	21	10	48	8	64	1	7	14	36	4	29	16	42	18	73	
19	69	13	35	7	70	1	61	11	4	
5	21	14	2	7	12	3	33	0	56	18	38	
19	3	8	54	16	66	14	49	4	30	
10	57	3	24	8	50	19	28	5	2	1	58	11	64	18	68	9	16	2	67	17	13	
18	55	5	71	14	19	17	57	10	53	3	61	2	45	19	70	6	5	
9	60	4	23	0	36	13	72	19	58	
3	64	2	71	19	58	1	55	16	22	6	72	7	30	13	51	0	16	8	44	18	74	
4	58	2	71	9	66	14	29	7	17	0	16	18	13	16	67	19	34	1	70	5	41	11	7	
0	66	15	38	17	34	18	59	3	50	11	21	1	4	5	22	
2	13	9	66	11	7	0	46	18	69	3	50	16	3	4	17	15	36	13	63	7	33	
5	73	14	16	1	48	0	13	17	67	11	52	6	19	
8	68	15	5	3	14	0	49	10	53	5	1	14	52	18	60	16	24	1	9	
16	39	1	55	3	1	2	60	0	28	7	47	9	19	14	4	11	25	5	67	18	8	

All component type numbers for each job to be processed by MFPM
9	10	0	14	8	13	6	22	
6	24	4	9	3	15	2	22	
1	19	
0	7	
9	6	4	9	8	12	6	17	0	23	
9	19	7	3	5	22	1	25	
3	11	2	24	4	2	9	10	6	18	
8	9	4	15	2	10	9	24	
2	15	6	3	
6	20	
8	20	
1	12	0	22	5	11	8	7	
9	5	5	17	1	9	8	1	
3	14	2	23	6	13	
6	25	
1	25	
2	13	9	10	8	6	
2	6	5	10	1	14	9	24	8	2	
8	11	2	16	6	1	1	15	
8	13	6	6	
6	8	4	22	7	25	
3	25	9	3	
4	21	9	15	
1	11	
7	15	9	20	8	11	1	21	0	16	
9	21	2	7	
4	16	7	9	6	4	0	25	
7	18	5	20	
0	3	6	15	4	22	
6	2	
9	1	0	17	1	23	4	9	
6	16	8	19	4	20	2	1	1	13	
8	13	0	23	
9	22	2	23	8	12	1	7	
2	21	4	12	9	23	
5	10	1	22	
4	3	7	25	5	11	
7	17	
2	8	3	1	0	3	8	9	4	24	
1	1	3	22	5	10	9	7	8	2	
4	12	1	4	
9	18	0	25	
0	6	7	20	
8	5	7	15	
5	17	0	14	9	18	
7	11	3	21	5	9	1	19	4	2	
3	9	
9	21	
1	4	3	7	9	3	0	17	
1	1	7	13	0	18	8	23	
5	23	6	25	8	16	7	10	0	8	
5	10	3	22	
2	21	4	11	7	12	5	18	
9	5	5	11	0	22	
9	1	6	8	4	17	
1	23	4	24	5	16	0	3	2	15	
1	12	7	22	8	11	9	17	
9	18	3	4	8	17	0	6	6	16	
2	4	6	25	9	10	
6	15	
7	20	1	22	0	18	
2	6	9	11	
8	22	3	5	4	24	1	19	
8	22	
2	23	0	11	4	12	3	18	7	5	
9	12	
5	24	6	11	1	19	
4	8	9	21	5	13	7	19	
7	25	6	8	5	13	
8	10	3	17	
3	18	7	2	2	13	8	6	
0	18	2	19	9	8	8	4	
3	12	8	15	1	16	7	23	0	3	
3	12	8	3	0	4	2	14	4	19	
6	14	5	20	4	23	
4	2	6	13	5	9	
2	19	1	4	
5	10	2	7	9	13	8	23	
2	9	1	16	7	5	0	11	
3	2	0	25	2	24	
9	16	
1	15	0	16	9	13	7	14	
4	8	1	20	8	15	0	22	
5	8	
6	17	7	23	0	5	
0	4	3	22	1	12	4	23	
1	14	6	15	
9	20	2	4	0	3	
4	3	8	12	
1	8	5	3	8	20	
3	18	
1	4	0	15	5	12	
0	11	9	3	
2	20	6	2	9	15	
2	12	7	6	5	24	
5	5	7	11	9	18	3	21	8	12	
5	22	3	20	1	8	8	15	
6	25	
5	18	4	17	9	22	3	4	
7	6	

Three processing times per job on each machine
The best scenario
217	312	
233	309	
307	192	
292	245	
214	169	
108	67	
121	195	
153	168	
59	55	
249	315	
104	106	
270	114	
101	465	
93	139	
450	225	
39	44	
48	115	
396	230	
77	85	
30	27	
17	28	
80	285	
33	108	
398	263	
21	82	
59	172	
30	22	
118	189	
118	102	
42	41	
137	184	
254	80	
156	140	
134	222	
261	90	
229	111	
55	49	
354	316	
255	161	
114	114	
148	107	
408	387	
202	256	
266	179	
131	312	
29	34	
83	32	
382	328	
328	371	
44	61	
161	94	
313	122	
273	225	
144	125	
264	559	
64	30	
132	67	
68	138	
44	39	
334	367	
88	95	
36	99	
198	221	
244	146	
185	117	
204	107	
51	130	
209	203	
286	261	
150	40	
353	256	
317	96	
153	128	
84	110	
398	241	
242	174	
246	114	
252	209	
140	140	
155	155	
28	52	
30	63	
254	250	
136	89	
218	157	
58	86	
54	69	
346	282	
288	357	
353	140	
35	25	
61	122	
43	60	
138	313	
42	23	
466	274	
143	133	
243	106	
86	259	
99	105	
Most likely scenario
236	402	
299	383	
354	335	
355	319	
348	258	
126	82	
185	318	
272	239	
111	86	
418	479	
124	182	
474	177	
198	473	
97	171	
613	241	
42	68	
67	198	
473	259	
87	115	
57	38	
23	56	
135	388	
57	135	
454	266	
27	98	
112	188	
42	28	
122	369	
188	121	
54	61	
143	280	
433	156	
208	269	
192	269	
346	143	
365	194	
93	79	
428	372	
274	314	
146	155	
156	112	
461	389	
316	318	
410	249	
169	437	
37	62	
131	59	
510	489	
334	451	
76	101	
186	129	
372	184	
315	339	
159	165	
330	621	
82	31	
193	111	
99	225	
45	74	
379	409	
116	149	
70	148	
215	238	
253	232	
233	178	
287	145	
85	136	
294	288	
456	267	
210	74	
497	321	
407	104	
165	186	
152	120	
400	273	
250	254	
389	127	
269	418	
146	266	
231	225	
55	98	
41	110	
372	298	
206	102	
239	210	
113	111	
68	113	
362	349	
319	392	
376	149	
42	40	
97	146	
61	86	
169	345	
53	31	
490	530	
196	143	
301	209	
97	326	
115	144	
The worst scenario
254	539	
319	533	
363	360	
453	320	
357	353	
155	112	
196	476	
343	335	
126	110	
595	492	
154	243	
475	198	
273	501	
131	222	
795	289	
43	91	
87	261	
617	333	
129	137	
69	55	
33	74	
179	578	
84	140	
476	358	
32	105	
113	198	
60	29	
176	496	
218	153	
61	77	
152	352	
450	199	
286	315	
239	337	
509	151	
399	257	
113	86	
636	469	
392	350	
166	177	
174	143	
601	473	
382	341	
591	283	
202	620	
47	92	
167	68	
555	611	
343	601	
89	142	
248	150	
382	208	
375	490	
171	190	
359	650	
93	33	
201	137	
144	233	
49	84	
424	454	
144	195	
86	207	
230	283	
315	338	
320	247	
430	215	
107	150	
436	368	
457	389	
244	102	
726	394	
605	112	
213	271	
170	129	
592	306	
306	318	
415	136	
319	477	
161	346	
253	280	
64	105	
50	150	
380	354	
233	130	
298	293	
141	159	
102	127	
422	379	
339	494	
450	172	
44	59	
99	211	
67	127	
199	464	
61	34	
615	539	
249	197	
320	297	
143	405	
167	148	
