Factories	3	Jobs	100	Machines	3

Total number of component types per job processed by HSPM
6	5	11	5	5	8	6	12	10	12	5	12	10	12	11	11	10	10	7	7	9	8	9	10	5	12	8	8	9	6	10	7	5	11	11	6	6	7	10	9	8	7	8	12	9	5	10	6	7	7	9	8	5	10	9	5	10	10	6	5	11	6	6	5	10	10	10	9	6	12	6	12	5	11	12	7	8	5	12	8	6	9	8	5	11	12	12	10	10	7	11	7	9	8	8	6	12	8	10	11	

Total number of component types per job processed by MFPM
1	1	1	2	4	1	2	2	5	3	1	3	3	4	5	4	5	2	4	2	3	2	3	3	5	5	5	5	5	2	5	3	5	2	2	5	2	1	5	4	5	1	1	4	4	3	4	3	5	5	4	2	2	1	1	3	3	2	5	5	4	4	1	5	2	1	2	3	5	5	4	1	5	2	5	1	1	4	1	4	2	5	2	4	5	3	3	4	5	1	5	4	1	5	4	4	5	1	2	3	3	4	1	1	4	5	4	2	3	1	3	4	3	2	1	2	4	1	5	4	4	5	2	4	1	4	2	1	4	5	5	4	2	3	1	2	2	3	4	3	1	4	3	3	3	5	3	4	3	5	1	5	1	1	2	1	5	2	4	4	3	5	1	2	5	3	1	1	2	2	4	5	5	4	2	2	5	4	3	5	1	5	4	5	1	4	1	2	5	1	2	2	4	5	5	3	1	3	3	5	

All component type numbers for each job to be processed by HSPM
15	67	11	34	19	4	10	62	4	10	3	17	
12	46	2	54	19	2	3	27	4	15	
17	75	19	27	3	48	4	37	7	33	15	11	1	28	5	40	2	10	16	17	10	20	
5	12	3	68	2	21	1	10	18	61	
18	10	17	16	12	33	5	56	1	70	
17	36	16	9	13	20	10	2	1	61	7	14	18	3	2	56	
15	8	6	22	17	71	10	64	5	2	14	42	
12	5	9	51	18	47	19	31	16	10	11	20	13	33	15	73	0	19	3	28	17	60	10	2	
8	32	13	34	18	23	3	15	15	21	11	16	14	70	0	4	12	33	1	45	
8	74	11	69	16	49	18	26	12	23	1	12	17	40	9	62	10	58	6	25	7	5	19	38	
2	66	3	2	6	4	15	33	1	15	
12	69	0	45	8	18	17	63	19	59	16	64	14	52	15	24	6	30	7	35	9	70	13	33	
6	12	16	23	7	73	19	11	12	20	8	4	5	21	0	67	14	42	9	64	
11	30	3	41	8	14	12	45	4	25	7	33	13	71	17	34	14	16	18	2	2	7	9	24	
7	11	14	5	17	54	3	32	16	71	10	39	2	53	9	34	4	75	15	58	13	47	
13	60	0	34	19	40	8	37	1	30	5	45	16	62	7	6	14	33	15	24	2	53	
6	60	2	18	0	16	1	64	7	23	11	71	9	8	19	66	12	15	13	54	
9	29	16	59	10	58	15	26	13	2	2	52	4	56	18	40	7	31	5	44	
6	56	14	40	5	10	11	25	1	33	12	14	0	30	
6	47	11	61	16	46	0	20	19	5	8	14	5	35	
6	38	14	50	13	6	15	46	16	48	5	27	12	47	0	58	11	23	
10	34	0	33	1	7	11	35	6	5	8	54	4	66	18	65	
8	2	4	46	14	7	10	16	3	41	0	21	7	52	11	12	19	28	
14	16	18	21	2	4	10	38	6	59	13	47	11	23	3	9	15	66	5	72	
1	30	7	13	19	50	9	24	0	14	
4	33	6	31	11	1	1	54	19	34	5	28	2	39	10	37	15	73	8	57	18	64	3	40	
18	24	7	67	6	61	12	63	17	42	10	53	15	32	3	43	
3	2	9	4	14	42	0	70	4	23	19	22	13	25	7	50	
5	63	0	40	19	48	3	31	13	17	12	14	2	33	1	5	11	27	
13	42	16	20	14	71	10	22	9	23	7	36	
17	65	5	5	12	10	9	49	3	9	14	58	2	1	16	34	7	37	18	62	
2	4	3	41	10	39	1	64	7	28	14	9	15	54	
17	43	4	17	12	44	10	21	15	19	
3	10	1	39	5	62	16	18	14	54	2	64	12	68	15	24	6	27	4	34	7	13	
1	32	7	14	15	19	17	23	19	21	10	25	2	3	9	37	6	34	3	52	4	69	
15	7	18	1	5	57	1	21	0	44	14	59	
1	31	6	62	3	47	2	68	14	17	12	26	
7	68	6	1	16	14	1	4	13	62	12	40	14	75	
6	7	10	13	4	6	11	53	12	49	5	12	19	11	9	16	1	41	0	10	
4	53	2	43	5	55	7	71	13	49	10	22	12	66	6	56	17	29	
15	1	0	42	18	72	4	20	6	50	5	70	3	8	19	34	
9	61	18	52	10	16	15	47	0	31	12	70	19	7	
10	34	5	13	3	40	17	52	0	56	13	69	4	67	12	21	
4	8	13	40	10	60	7	15	12	47	0	58	8	12	16	11	15	32	11	25	2	65	3	59	
5	51	17	59	3	74	10	54	18	26	8	38	11	70	19	5	13	75	
12	4	10	22	8	38	19	70	18	59	
11	55	8	30	18	71	1	38	14	72	7	40	4	61	16	18	17	11	0	31	
12	74	3	62	16	64	14	41	0	44	11	42	
17	13	11	8	12	44	18	29	15	21	13	14	14	67	
1	31	0	56	8	30	15	39	6	19	4	50	3	17	
4	40	17	73	5	49	10	28	2	51	19	41	11	72	8	46	15	36	
16	39	2	6	3	22	15	75	9	2	5	28	11	46	18	49	
3	1	15	14	9	11	10	12	4	19	
0	60	3	9	8	38	11	53	2	75	6	41	9	69	13	12	14	46	19	14	
19	25	5	1	13	29	8	31	18	41	11	30	1	47	4	70	0	43	
16	14	3	35	14	2	6	62	2	50	
5	38	1	39	16	62	6	1	3	60	19	71	17	63	11	18	12	70	18	57	
11	69	12	19	15	16	9	66	2	65	6	55	10	45	3	42	4	11	1	63	
12	21	6	50	16	72	4	61	0	26	1	73	
19	14	10	39	12	40	1	29	2	54	
4	28	5	35	10	27	0	62	15	58	14	9	2	37	9	59	6	30	16	47	18	41	
6	21	12	11	1	74	16	73	13	16	5	25	
16	12	7	73	17	43	5	33	4	41	12	53	
0	13	4	43	5	21	8	29	18	31	
16	69	9	2	2	3	12	16	4	43	18	15	3	58	5	27	15	47	8	28	
18	40	15	65	0	53	3	66	11	15	10	49	17	11	4	57	2	22	16	72	
1	66	10	32	9	50	11	36	19	42	5	72	15	25	2	59	16	13	3	64	
10	72	18	9	12	49	15	47	16	27	14	43	11	41	6	20	7	44	
10	56	3	28	7	36	12	59	0	66	2	39	
7	67	12	65	5	20	1	46	3	5	2	29	6	34	8	75	16	47	0	71	18	63	14	37	
3	61	0	28	18	24	5	27	19	57	1	16	
10	39	16	13	14	56	4	20	11	73	13	71	8	9	3	48	2	2	1	54	5	70	15	21	
1	70	7	53	2	71	4	21	3	54	
2	63	8	47	17	5	18	67	9	49	15	6	1	30	3	43	4	36	19	41	13	11	
9	14	7	22	12	62	8	47	17	74	15	65	19	21	1	27	18	18	3	34	5	52	6	42	
8	4	4	60	18	2	13	56	12	61	1	68	17	11	
9	15	14	52	7	47	0	29	19	63	16	17	17	33	10	49	
15	74	8	51	12	30	1	40	4	63	
16	28	7	31	19	25	13	15	18	2	10	50	6	65	0	22	2	32	14	24	8	41	15	64	
7	24	6	58	8	42	11	13	10	14	15	35	0	37	9	57	
16	6	12	50	8	53	4	17	7	60	17	66	
12	24	9	1	13	74	1	49	17	30	7	9	18	58	2	42	8	63	
3	36	1	43	7	55	19	11	2	72	16	17	11	63	6	54	
10	62	7	51	0	26	15	71	11	22	
0	47	12	12	6	66	1	75	5	43	16	63	3	48	13	1	15	16	19	39	9	46	
12	21	17	24	7	63	18	8	13	39	11	44	14	74	1	47	0	7	19	3	16	14	5	75	
16	62	13	44	4	65	3	72	9	60	6	46	10	4	0	56	2	34	17	29	14	25	12	23	
9	26	3	62	0	67	14	4	18	3	12	24	6	39	16	70	5	68	4	29	
13	15	0	48	3	2	7	72	4	8	10	29	18	46	12	57	16	55	2	27	
3	29	0	13	15	42	8	69	5	12	12	21	18	49	
18	30	5	33	9	49	0	41	1	70	4	62	10	74	12	32	2	6	7	27	16	37	
19	52	2	2	12	61	6	50	11	4	7	11	16	74	
17	43	8	3	7	56	18	14	9	45	15	7	19	27	16	36	3	66	
0	4	18	16	1	14	9	72	13	62	7	73	12	27	15	5	
18	46	3	61	1	74	2	33	15	67	5	65	7	54	16	63	
17	24	18	36	16	49	5	71	4	55	9	70	
1	16	3	31	15	20	17	40	6	38	18	22	8	51	12	61	4	74	13	1	19	37	0	21	
2	62	3	10	12	27	19	50	11	8	0	52	7	3	1	1	
14	1	18	56	8	32	15	41	9	75	17	9	4	62	10	35	11	72	6	45	
1	19	7	70	0	37	6	32	2	50	10	25	18	42	12	23	5	43	11	3	4	75	

All component type numbers for each job to be processed by MFPM
0	18	
2	37	
2	2	
0	28	8	36	
0	14	4	6	1	3	8	1	
2	26	
3	24	0	23	
6	27	0	30	
4	19	3	14	0	5	2	1	8	16	
8	47	3	34	4	35	
0	12	
9	31	4	42	2	41	
0	24	4	11	3	4	
0	35	7	49	9	50	3	34	
6	17	3	21	9	7	7	18	1	10	
0	40	6	31	3	43	9	39	
6	11	8	18	9	14	4	6	7	2	
8	38	7	36	
3	19	8	4	0	14	9	20	
7	36	3	40	
2	8	1	24	0	17	
1	28	0	29	
1	18	4	14	3	2	
7	43	6	48	0	42	
0	5	7	9	9	2	6	24	4	15	
6	44	0	47	4	30	8	38	2	34	
9	12	7	9	6	8	3	25	4	22	
0	47	1	33	3	28	4	39	5	48	
7	18	1	2	0	23	2	11	8	1	
6	30	4	47	
4	2	2	24	7	13	5	21	0	15	
3	41	5	44	4	50	
6	17	9	25	2	16	0	1	1	5	
0	39	9	40	
3	8	6	18	
6	48	7	39	8	50	5	30	9	40	
6	9	7	22	
7	50	
9	14	6	10	3	15	2	20	5	9	
6	47	7	28	4	37	3	26	
7	3	3	7	0	1	6	2	5	6	
9	36	
9	7	
0	49	3	42	7	33	1	27	
9	20	5	1	2	2	3	25	
2	48	1	26	6	32	
3	8	1	12	6	24	7	16	
8	40	0	32	9	43	
3	4	8	13	6	3	0	22	9	11	
4	35	2	50	3	32	5	37	6	40	
8	11	0	10	7	1	5	9	
7	48	5	49	
1	5	3	8	
6	50	
9	10	
8	44	5	40	4	33	
1	17	8	21	3	5	
3	40	7	45	
9	8	0	1	8	4	2	25	4	7	
4	34	0	35	5	40	1	43	8	33	
4	4	9	18	0	14	6	15	
3	40	6	45	7	26	1	30	
4	16	
3	30	1	46	9	45	2	33	7	44	
5	21	2	13	
9	37	
9	2	4	22	
7	27	5	39	1	45	
8	5	2	18	4	16	7	17	0	10	
5	39	8	29	9	45	3	42	0	34	
5	11	2	2	7	20	6	6	
5	46	
9	13	1	3	2	8	6	5	7	1	
0	27	5	37	
0	7	3	23	1	12	7	4	4	1	
2	50	
1	24	
6	50	0	49	5	32	2	42	
6	17	
5	42	9	31	6	33	2	45	
2	17	6	11	
2	36	6	46	5	30	8	28	7	29	
4	2	1	17	
7	42	8	40	4	32	5	45	
3	25	2	5	0	16	1	14	9	18	
0	49	9	35	8	47	
8	16	6	1	2	6	
1	39	0	46	6	42	9	27	
7	7	9	9	3	10	2	23	4	20	
6	36	
7	7	4	11	2	8	3	17	8	9	
9	41	6	49	0	31	5	32	
3	17	
6	28	9	37	3	35	0	30	8	36	
7	24	4	21	2	20	0	4	
2	41	5	30	8	39	0	26	
0	16	9	5	8	22	4	8	6	4	
7	49	
6	16	4	2	
1	47	3	49	9	39	
9	19	5	8	3	5	
6	42	2	36	5	28	0	34	
6	11	
2	50	
3	10	0	19	9	24	2	22	
4	27	5	30	0	37	1	29	7	50	
4	1	2	24	7	17	9	21	
6	29	7	30	
7	3	2	25	6	4	
4	33	
7	19	0	12	5	23	
9	38	8	27	1	48	3	46	
9	6	5	2	7	13	
9	30	7	40	
1	6	
4	27	7	46	
4	18	1	23	3	7	8	24	
0	44	
3	18	0	12	8	8	5	3	7	11	
7	31	9	49	3	29	1	38	
7	25	5	4	9	1	2	12	
2	40	1	34	4	45	5	46	8	47	
6	2	7	19	
8	38	4	34	0	33	2	44	
6	3	
4	49	3	38	1	46	0	33	
4	1	5	24	
9	34	
1	23	9	20	0	16	4	12	
3	41	2	30	5	45	7	40	1	35	
3	22	5	7	8	4	9	8	1	23	
8	34	7	49	9	41	1	26	
3	12	0	8	
1	40	0	32	9	47	
3	19	
3	49	4	30	
7	7	9	14	
7	47	4	34	1	42	
4	24	5	21	9	23	8	12	
1	49	5	42	3	50	
3	12	
2	41	3	50	9	26	5	38	
5	12	8	9	9	4	
6	28	0	29	8	44	
6	5	5	8	7	4	
6	47	9	39	3	27	2	48	8	36	
8	19	4	22	6	9	
1	32	9	50	6	38	7	27	
6	7	7	10	4	11	
4	44	2	43	0	50	8	29	1	48	
7	12	
6	38	3	30	5	43	8	34	2	46	
9	21	
4	37	
5	23	8	4	
1	36	
1	5	6	22	4	24	5	7	8	6	
2	33	6	40	
9	11	3	10	8	1	1	24	
8	50	7	44	4	35	2	36	
4	2	6	15	7	18	
0	33	2	43	4	46	5	49	9	32	
2	3	
7	47	3	33	
7	24	4	21	9	8	5	12	6	4	
7	50	9	26	1	43	
9	17	
1	31	
9	16	1	22	
6	43	4	44	
8	22	5	24	0	21	4	11	
5	26	6	49	9	47	8	39	0	33	
9	3	7	24	4	1	6	21	2	4	
3	40	0	36	1	33	7	37	
6	14	4	6	
2	48	6	37	
0	8	8	22	9	9	3	1	2	12	
7	43	2	27	4	35	0	31	
8	2	7	17	9	18	
8	36	4	43	3	48	9	37	1	28	
4	20	
1	37	9	31	3	48	0	36	4	44	
1	16	8	25	4	1	9	15	
9	50	2	43	1	27	8	49	0	37	
6	17	
7	45	4	29	1	34	3	36	
6	5	
9	32	7	43	
9	16	0	25	3	21	6	9	5	8	
1	39	
1	14	7	18	
9	37	8	26	
1	14	9	25	7	13	8	17	
4	36	6	28	9	26	1	35	2	48	
1	2	2	16	6	7	4	13	0	11	
7	31	1	47	2	44	
1	9	
0	33	8	26	9	36	
5	9	8	5	7	1	
9	49	6	30	2	28	8	45	0	38	

Three processing times per job on each machine
The best scenario
316	162	337	
414	363	349	
239	379	204	
367	170	92	
214	178	278	
847	262	309	
432	961	259	
251	769	853	
272	536	864	
125	61	63	
533	210	389	
188	140	197	
105	110	60	
391	847	906	
1033	442	422	
440	874	590	
601	277	1354	
138	154	117	
581	329	577	
891	598	458	
644	694	617	
573	823	252	
157	145	257	
968	655	549	
1177	745	439	
474	399	712	
380	490	1139	
926	637	486	
869	1131	561	
353	113	203	
789	330	492	
94	101	86	
759	428	1265	
113	163	127	
400	277	743	
358	142	198	
155	414	143	
290	193	105	
406	261	228	
150	253	447	
240	195	161	
638	295	407	
375	875	775	
143	119	80	
270	482	632	
654	666	505	
164	104	356	
292	125	182	
247	273	219	
394	706	507	
322	395	547	
347	407	200	
307	570	558	
592	1083	561	
320	304	520	
122	35	84	
51	202	82	
386	358	454	
382	701	429	
259	702	192	
433	261	623	
201	215	227	
143	120	154	
271	187	113	
718	237	431	
113	153	231	
446	306	399	
288	202	371	
744	273	243	
822	709	172	
60	241	186	
871	609	398	
261	740	354	
775	379	908	
216	248	334	
477	748	318	
487	828	401	
274	360	274	
224	479	174	
317	719	1198	
277	219	480	
109	73	217	
58	125	97	
723	961	728	
656	278	386	
161	84	250	
125	278	202	
402	764	465	
238	239	201	
232	205	160	
92	74	85	
499	304	327	
963	471	906	
159	328	252	
430	511	386	
366	267	300	
758	610	481	
293	786	1132	
915	523	672	
302	191	270	
Most likely scenario
519	293	602	
456	662	420	
273	538	219	
430	229	159	
244	333	306	
902	383	380	
810	1232	443	
389	951	967	
412	876	916	
222	94	124	
641	381	714	
365	240	290	
149	158	92	
445	1034	1142	
1127	578	524	
864	920	1041	
996	471	1381	
204	190	178	
750	353	856	
1167	744	538	
714	1005	991	
638	977	499	
268	162	275	
1158	723	873	
1451	1013	469	
717	649	803	
675	521	1221	
972	850	855	
930	1299	699	
428	183	236	
1221	411	823	
120	173	154	
1120	520	1315	
136	253	231	
551	434	799	
393	223	252	
225	429	209	
447	260	202	
769	458	444	
255	322	567	
249	232	196	
812	500	579	
416	936	806	
202	174	100	
419	642	636	
687	673	599	
195	177	509	
412	217	301	
291	358	293	
396	1271	683	
418	534	801	
374	452	325	
518	621	859	
991	1265	603	
462	337	642	
194	57	90	
87	219	109	
561	378	461	
625	870	685	
339	788	335	
492	471	668	
274	409	300	
158	133	224	
332	257	132	
1234	360	775	
138	275	265	
529	308	518	
348	245	391	
979	507	463	
844	892	335	
106	306	197	
1065	855	486	
518	754	534	
844	655	1431	
260	295	355	
721	1043	616	
727	861	508	
369	383	301	
298	686	254	
412	1406	1372	
286	261	611	
155	140	320	
98	142	132	
952	993	740	
766	336	635	
173	109	259	
175	330	326	
448	1162	477	
313	243	268	
278	304	164	
111	114	116	
575	457	595	
1008	599	1074	
181	352	348	
529	554	680	
391	399	374	
1229	870	502	
351	790	1209	
1053	798	875	
335	289	490	
The worst scenario
717	375	743	
469	748	563	
281	548	263	
608	323	203	
346	338	413	
1213	430	387	
856	1311	460	
445	1223	1088	
571	980	932	
311	138	159	
659	550	913	
439	284	390	
192	164	112	
459	1299	1317	
1178	610	654	
1185	1288	1344	
1135	579	1689	
251	268	242	
1105	488	1157	
1377	967	781	
961	1284	1467	
920	1229	656	
330	199	400	
1408	921	1040	
1894	1316	540	
936	945	984	
904	649	1369	
1393	1067	863	
1222	1847	821	
472	259	280	
1671	472	1153	
172	193	188	
1277	717	1723	
150	355	336	
664	616	906	
465	263	300	
243	438	259	
532	312	238	
808	661	459	
343	350	730	
279	262	259	
911	573	644	
510	1259	1141	
208	255	141	
600	797	896	
993	867	887	
222	258	745	
618	255	394	
429	424	419	
423	1395	983	
429	645	1089	
473	673	421	
609	774	1276	
1174	1299	661	
557	455	773	
230	69	109	
128	277	123	
806	379	512	
802	1012	883	
398	989	406	
581	490	764	
295	466	313	
216	146	260	
352	364	165	
1842	521	776	
187	353	332	
775	328	704	
443	345	485	
1155	514	540	
1114	1295	449	
157	430	221	
1167	1127	561	
598	796	734	
1149	771	2066	
348	382	413	
959	1100	752	
1004	1030	569	
438	497	308	
333	925	302	
483	1726	1880	
394	334	711	
172	169	443	
100	156	156	
1415	1001	772	
1100	442	938	
194	156	290	
248	407	329	
665	1226	571	
426	327	338	
381	414	221	
123	123	159	
755	681	812	
1369	699	1447	
208	442	490	
587	626	984	
574	472	464	
1745	1197	619	
370	1038	1218	
1476	894	1253	
360	323	600	
