Factories	3	Jobs	100	Machines	3

Total number of component types per job processed by HSPM
7	9	10	7	5	10	11	7	11	10	5	10	8	7	6	11	12	12	8	9	10	11	7	12	10	6	10	8	10	6	5	7	6	8	6	12	6	5	7	5	7	9	11	8	5	6	12	10	7	9	5	11	11	5	12	6	11	7	10	8	8	10	5	7	7	12	6	5	9	8	7	12	7	5	7	12	5	8	9	12	7	5	9	5	10	12	9	5	12	10	12	11	6	12	9	6	8	11	9	10	

Total number of component types per job processed by MFPM
5	3	4	5	5	2	4	5	1	1	2	3	1	1	5	3	1	1	5	5	5	2	1	3	1	3	4	1	1	4	1	4	1	1	4	2	2	2	1	3	3	2	2	3	2	3	1	2	5	4	5	1	5	5	2	1	5	4	4	5	4	2	3	5	3	1	5	5	3	3	1	1	3	3	2	4	3	5	4	4	2	2	2	3	1	2	1	5	5	5	1	4	1	2	2	5	4	5	2	5	2	5	1	1	2	1	2	4	4	4	3	3	1	2	4	5	5	2	1	1	1	3	2	5	4	3	2	3	4	3	5	2	3	3	2	4	1	5	1	5	1	2	5	2	4	3	3	4	4	1	2	4	3	1	2	1	5	3	2	1	1	4	5	1	2	4	1	5	1	3	1	5	3	4	4	5	4	3	5	1	1	4	1	1	4	2	4	1	3	5	5	3	1	3	4	4	1	5	1	3	

All component type numbers for each job to be processed by HSPM
7	46	1	75	2	70	16	29	5	41	18	50	3	39	
11	18	5	26	12	1	6	10	17	67	16	24	19	55	1	59	4	11	
14	2	11	50	6	62	16	68	1	52	4	26	18	46	12	64	9	8	0	21	
2	34	11	41	16	61	7	71	1	47	0	1	8	59	
2	70	0	34	19	37	14	35	16	11	
7	62	15	51	1	32	18	11	5	27	10	31	6	41	8	18	16	20	2	61	
4	75	1	17	7	28	18	23	8	18	15	46	10	66	12	20	3	2	14	11	5	61	
1	62	0	73	2	43	15	61	17	74	10	3	16	1	
0	69	18	47	19	31	8	28	9	22	6	71	15	18	17	5	10	53	3	48	4	37	
2	67	12	21	13	45	14	1	5	38	4	63	9	44	15	46	16	51	17	72	
4	18	12	72	11	43	5	14	6	63	
1	33	15	74	16	23	17	71	8	1	0	4	7	53	19	32	13	54	4	37	
2	31	14	33	17	29	3	11	19	22	7	25	10	39	8	30	
11	11	2	12	9	37	12	34	13	53	14	3	3	54	
15	69	8	50	13	5	18	66	0	53	14	62	
2	67	5	26	6	59	15	40	10	14	13	37	9	10	8	44	7	1	3	46	1	71	
10	65	19	30	8	19	16	50	2	71	9	73	13	60	11	40	3	58	17	55	18	18	6	23	
18	57	15	45	7	21	5	70	3	19	0	4	19	71	4	34	11	14	10	55	17	2	1	40	
0	13	18	65	11	31	15	20	7	24	4	57	6	41	17	70	
2	12	7	26	5	64	17	8	14	27	1	28	13	11	9	5	6	42	
13	42	10	58	1	47	15	38	7	31	16	53	12	3	9	72	4	69	5	27	
5	61	0	25	19	35	12	30	11	2	2	3	9	52	13	67	8	11	15	42	7	12	
9	43	14	65	3	52	0	62	5	34	12	22	2	35	
2	64	1	47	7	5	8	41	16	6	4	31	5	36	6	30	15	66	12	71	14	8	3	57	
7	10	11	18	17	48	9	70	19	37	15	44	4	75	0	4	8	7	12	50	
12	2	18	25	14	30	2	47	17	59	15	44	
7	9	19	28	14	51	2	70	12	53	11	24	1	43	4	45	5	50	6	34	
16	44	7	29	14	10	11	23	13	4	17	28	0	26	3	24	
1	46	9	39	8	75	4	26	2	30	15	74	14	16	16	18	3	35	17	69	
1	22	15	7	7	44	13	2	4	41	19	60	
11	68	6	34	13	45	3	73	7	3	
19	3	6	63	15	14	7	64	5	41	11	60	10	40	
19	36	18	38	10	20	5	55	2	3	14	66	
14	37	8	70	6	32	15	8	1	57	4	5	3	64	12	24	
7	45	8	69	14	60	0	44	18	38	6	33	
18	2	1	75	10	62	5	27	0	56	9	48	17	38	19	5	15	58	11	12	14	4	3	34	
6	54	9	36	15	11	0	24	10	40	5	17	
2	38	7	49	11	57	18	33	5	35	
7	5	16	65	8	32	3	3	11	75	4	33	19	74	
14	10	10	39	6	67	13	68	18	59	
17	73	10	22	0	6	7	9	19	33	11	15	12	42	
7	1	18	18	4	27	12	71	2	74	17	9	14	21	8	50	5	28	
19	4	17	74	18	66	2	14	6	19	12	18	0	68	4	21	13	59	9	52	11	7	
10	74	0	9	2	25	18	6	1	57	12	63	5	60	16	65	
6	6	8	23	13	17	7	9	19	50	
10	36	9	48	3	7	16	15	8	9	1	51	
12	55	7	7	3	19	14	54	13	67	16	58	19	61	11	38	8	21	18	28	5	41	9	62	
2	58	3	55	13	1	0	4	15	16	16	38	18	52	6	28	17	46	12	19	
8	7	15	24	16	72	13	1	7	30	14	25	1	73	
3	36	7	11	16	47	0	57	8	73	5	3	14	46	1	44	17	56	
19	17	6	62	17	40	1	72	13	39	
8	58	13	25	4	31	11	50	9	36	18	75	17	26	19	17	2	63	5	45	1	60	
2	52	14	23	10	43	16	3	4	44	19	2	6	66	11	37	17	72	3	31	0	75	
17	6	10	42	8	63	9	53	19	69	
17	62	15	17	14	9	7	16	2	73	12	57	9	25	3	32	13	55	18	74	4	68	0	11	
8	37	15	56	17	68	1	23	2	6	0	14	
14	19	5	57	3	6	2	74	16	15	15	49	11	25	9	9	8	38	10	40	17	1	
18	44	19	30	7	23	15	34	3	62	4	49	0	12	
8	24	0	17	2	51	17	9	7	14	15	16	1	31	9	62	10	75	5	36	
14	75	15	17	9	62	13	33	1	7	5	41	3	66	0	10	
19	2	14	49	15	16	2	69	12	22	3	28	8	42	18	26	
0	70	19	37	18	50	10	16	17	12	9	55	1	41	16	23	12	31	8	30	
19	59	13	56	11	7	18	21	6	69	
2	36	9	53	5	7	3	61	15	40	1	45	13	60	
7	50	19	72	17	37	3	69	6	51	8	55	10	22	
8	64	14	69	11	35	16	70	2	17	6	25	18	61	5	33	7	22	15	19	4	10	19	48	
8	52	2	32	0	62	19	26	4	19	7	17	
19	69	7	16	13	2	12	60	15	50	
5	72	17	38	0	25	14	56	13	40	1	74	12	66	10	69	2	47	
12	19	8	38	7	73	9	27	19	6	3	30	4	54	16	12	
17	29	4	9	2	66	10	37	18	8	7	50	5	22	
14	43	0	68	7	73	8	49	17	44	12	52	10	39	16	61	9	40	4	2	5	41	2	51	
0	6	10	68	13	49	12	34	5	37	14	71	11	45	
8	19	17	47	10	18	4	67	11	73	
10	55	14	41	0	71	4	28	3	18	5	58	15	3	
19	11	1	10	15	52	16	38	11	47	10	21	13	73	7	25	18	33	6	26	4	6	8	39	
11	35	1	3	18	33	12	6	16	46	
7	27	17	69	12	28	6	39	19	36	16	56	1	75	4	65	
5	32	1	28	7	10	16	72	17	8	11	18	6	47	13	22	0	5	
13	35	18	53	15	24	6	37	1	9	2	70	8	46	17	18	5	65	11	62	12	30	3	39	
9	64	0	45	6	47	8	13	3	65	12	72	18	29	
10	58	16	22	9	37	18	15	19	12	
19	6	7	13	3	71	17	44	13	56	11	28	2	73	18	63	9	53	
19	21	4	34	18	3	3	9	13	64	
6	18	18	71	0	50	2	38	5	22	10	52	11	4	16	2	3	30	4	43	
11	15	16	44	19	2	10	43	0	16	7	59	2	37	5	12	15	52	6	62	12	42	8	54	
13	23	7	25	15	32	5	56	2	30	3	73	16	67	6	13	17	38	
9	7	8	22	18	42	3	53	14	12	
5	29	3	31	12	30	15	60	6	64	10	48	8	56	18	1	14	23	13	50	7	7	11	38	
10	26	1	2	4	60	18	23	5	44	11	36	8	15	9	17	3	62	0	5	
19	44	0	27	15	30	14	26	4	18	13	22	3	68	5	15	9	19	11	47	12	54	17	52	
6	65	12	22	13	15	7	25	0	20	16	39	10	68	2	66	1	16	14	73	19	43	
15	45	7	38	5	25	1	7	13	61	0	3	
2	31	13	21	11	58	3	75	16	54	15	22	7	5	1	49	19	52	9	44	10	18	5	41	
13	22	1	74	9	72	10	61	4	19	19	55	8	27	16	29	14	8	
7	47	13	48	0	41	2	14	1	28	11	51	
17	40	11	2	16	37	2	1	7	44	0	35	4	46	9	13	
9	26	3	35	0	70	13	42	7	19	16	57	1	65	14	21	8	4	6	8	11	22	
19	63	2	60	14	55	7	28	5	73	0	1	4	13	12	3	17	26	
8	75	1	58	19	7	17	22	18	50	2	33	16	54	15	41	10	61	13	38	

All component type numbers for each job to be processed by MFPM
8	12	5	4	2	7	6	24	0	15	
9	45	0	39	7	33	
7	14	2	13	6	7	0	4	
4	38	8	36	5	41	1	29	3	37	
4	1	8	25	1	20	2	14	9	8	
7	47	6	44	
2	8	9	24	5	9	1	20	
8	49	9	46	1	32	6	29	3	41	
2	8	
6	29	
9	14	8	13	
2	45	4	44	9	39	
9	9	
4	36	
5	25	0	24	9	22	8	4	3	16	
8	31	9	29	3	36	
2	16	
3	29	
3	15	9	17	7	20	1	19	2	11	
2	40	7	42	1	36	3	50	0	35	
3	18	5	17	0	10	9	1	4	21	
1	33	8	46	
0	23	
5	44	3	45	4	36	
6	15	
0	39	8	36	3	30	
2	5	8	10	1	22	3	12	
4	48	
2	6	
2	42	6	29	0	38	5	50	
1	20	
1	46	8	26	3	36	9	39	
7	15	
4	39	
5	16	4	6	2	22	6	10	
9	41	1	43	
6	3	2	10	
0	30	1	39	
1	21	
9	44	7	49	6	36	
7	4	1	8	4	2	
2	41	9	42	
5	6	4	19	
3	37	1	38	0	34	
5	22	1	6	
4	46	0	48	7	28	
2	7	
8	41	6	50	
1	20	0	18	4	14	9	5	6	22	
2	42	3	50	0	41	7	49	
0	16	7	17	1	12	5	10	8	23	
8	29	
9	15	6	1	0	23	3	10	7	2	
8	42	9	27	1	40	3	50	0	30	
2	22	8	18	
4	29	
9	9	1	7	6	2	0	13	3	6	
6	46	0	38	4	48	3	32	
8	14	9	22	0	4	4	3	
1	33	6	48	3	26	7	29	2	45	
1	17	8	15	5	6	4	1	
6	36	9	47	
8	7	9	15	3	22	
2	39	3	34	4	46	8	45	9	37	
6	16	2	21	3	24	
6	33	
6	18	0	19	4	3	5	21	2	6	
0	48	5	30	4	45	8	28	2	38	
3	10	6	1	8	16	
1	34	4	40	5	43	
9	21	
1	46	
4	19	0	23	3	17	
9	40	2	47	3	42	
0	15	8	18	
4	35	5	31	0	29	8	44	
5	4	2	24	8	20	
6	49	9	50	2	29	4	30	0	39	
3	2	5	13	8	24	2	14	
7	34	8	43	5	32	4	50	
8	24	3	13	
3	48	5	44	
6	15	8	17	
0	31	8	46	1	26	
6	21	
0	38	7	45	
9	19	
0	46	7	40	5	27	4	49	1	36	
8	1	7	23	9	2	0	22	2	25	
9	38	7	34	1	45	0	49	4	36	
7	11	
0	37	2	48	9	47	3	34	
9	4	
5	47	0	46	
1	22	0	20	
3	27	5	30	6	26	7	41	1	34	
3	1	5	20	4	25	8	16	
1	43	9	35	4	39	5	41	6	27	
1	7	0	20	
2	46	9	40	0	31	5	41	8	27	
0	6	6	22	
1	28	3	47	9	31	2	29	4	35	
5	8	
1	37	
8	12	4	18	
5	37	
7	9	8	1	
2	50	7	39	1	46	9	32	
6	8	7	3	1	13	2	19	
4	26	9	27	7	50	1	35	
3	14	0	3	2	16	
8	38	9	41	1	46	
4	12	
7	34	1	38	
4	13	6	15	5	22	7	20	
0	38	7	48	6	32	8	36	3	47	
6	2	4	23	2	1	1	19	0	16	
2	45	3	44	
0	6	
9	27	
8	3	
4	40	9	37	6	34	
6	17	4	6	
7	49	9	27	5	30	6	41	3	47	
3	4	7	17	0	21	2	2	
3	31	2	26	9	30	
0	2	7	13	
1	40	9	32	0	45	
0	8	7	4	9	3	8	9	
1	32	2	30	4	35	
3	6	5	12	4	24	0	2	8	15	
9	49	2	47	
5	4	4	10	6	14	
6	46	7	49	5	43	
4	18	0	13	
6	28	3	45	9	50	8	49	
0	1	
8	31	1	43	5	32	6	50	3	36	
3	4	
5	26	4	41	2	43	1	35	9	48	
9	6	
1	47	2	48	
7	3	6	5	2	21	4	15	3	16	
6	40	8	43	
0	17	7	8	6	19	1	6	
1	27	3	44	7	26	
8	12	5	1	9	17	
9	49	8	32	3	48	7	33	
5	21	7	25	1	13	3	1	
0	50	
9	2	7	15	
1	37	6	50	3	48	8	47	
9	3	6	13	0	24	
8	38	
3	24	7	22	
1	47	
0	21	6	11	5	2	4	16	9	13	
6	40	3	34	8	50	
1	8	2	18	
6	36	
7	12	
6	49	7	48	1	42	5	39	
6	3	1	20	5	19	3	18	4	15	
2	44	
2	20	6	2	
5	28	2	33	4	26	7	49	
8	13	
1	33	7	49	6	45	8	32	9	31	
5	1	
1	26	8	41	6	45	
8	5	
8	37	6	27	5	26	3	31	9	45	
4	4	3	22	8	3	
0	36	3	42	4	31	9	50	
4	7	6	4	2	14	0	8	
5	35	0	32	9	26	2	45	3	50	
8	25	3	8	2	22	0	6	
3	48	5	49	0	45	
0	20	9	7	8	1	1	23	7	3	
9	45	
3	12	
1	33	3	44	6	27	2	28	
1	3	
3	38	
0	22	4	6	2	2	7	25	
0	35	5	50	
8	23	1	3	0	14	5	13	
0	43	
4	18	7	8	2	15	
4	32	3	26	0	31	2	27	8	37	
7	6	2	10	8	23	9	24	4	2	
4	33	6	39	7	43	
5	15	
4	49	7	39	5	45	
6	1	0	17	3	4	5	7	
6	37	8	42	3	34	9	41	
0	8	
8	34	0	40	9	26	6	28	3	33	
2	13	
3	43	4	37	5	44	

Three processing times per job on each machine
The best scenario
329	296	1015	
777	973	736	
276	338	280	
104	71	106	
300	147	317	
246	191	208	
520	127	426	
925	347	1138	
259	381	312	
816	309	1046	
108	295	540	
324	251	204	
641	682	433	
368	627	555	
251	362	109	
529	557	242	
982	1123	670	
765	434	450	
251	664	379	
201	141	160	
189	308	194	
449	578	303	
1080	1032	1057	
505	314	517	
126	551	168	
118	76	66	
79	218	103	
273	139	215	
641	375	253	
589	696	382	
514	439	343	
803	597	236	
745	1222	456	
129	294	308	
303	325	378	
965	248	702	
522	280	521	
63	72	46	
713	730	1156	
370	529	200	
740	331	240	
232	228	630	
935	922	540	
608	517	587	
46	192	130	
1065	605	1146	
300	514	230	
161	133	70	
125	149	180	
659	682	150	
228	379	409	
296	145	462	
213	331	195	
236	213	367	
576	421	474	
513	737	516	
115	225	218	
216	654	355	
1079	945	1197	
738	625	484	
202	167	73	
722	361	605	
353	1083	1272	
952	665	607	
318	612	401	
244	360	789	
76	171	55	
686	849	582	
430	692	662	
1131	520	1016	
580	119	426	
961	334	518	
646	1297	240	
90	157	34	
237	330	306	
173	214	296	
52	214	69	
611	1174	473	
756	979	442	
321	170	93	
630	227	426	
340	199	276	
82	74	133	
147	803	647	
524	364	1124	
1001	542	339	
58	62	168	
99	48	74	
688	924	380	
585	357	729	
130	139	257	
395	276	263	
158	274	193	
152	230	308	
519	398	281	
157	238	47	
125	60	120	
308	948	830	
126	270	261	
115	202	149	
Most likely scenario
374	433	1022	
823	1506	1158	
445	449	390	
208	118	120	
583	291	397	
268	237	228	
590	197	548	
980	366	1190	
501	472	524	
1466	476	1521	
207	449	624	
504	339	222	
770	927	581	
635	838	703	
344	416	177	
543	837	344	
1222	1280	757	
1083	469	529	
397	966	455	
294	159	191	
241	396	210	
470	940	390	
1146	1317	1356	
577	332	922	
210	593	185	
122	114	97	
96	269	181	
458	224	302	
682	694	336	
593	801	681	
589	645	604	
1204	989	315	
788	1238	635	
244	324	472	
352	559	432	
1425	363	970	
842	336	580	
124	81	83	
1226	1381	1305	
562	629	215	
742	518	444	
292	332	1134	
1053	928	839	
970	762	1111	
88	235	157	
1125	1174	1564	
596	963	390	
207	150	101	
139	209	325	
1062	1193	297	
353	587	466	
394	202	475	
259	487	271	
421	357	424	
999	518	893	
765	820	826	
207	389	265	
297	687	371	
1431	1262	1230	
957	685	566	
264	236	127	
1123	659	1098	
381	1169	1433	
1145	732	823	
572	1016	778	
444	562	837	
90	184	66	
701	1047	884	
473	1072	997	
1223	692	1060	
673	218	530	
1420	599	903	
868	1435	368	
121	160	54	
249	584	397	
239	375	398	
84	218	121	
692	1271	677	
1173	1149	873	
516	260	171	
758	443	752	
496	238	528	
131	130	141	
236	877	688	
542	515	1203	
1259	1019	569	
68	112	170	
175	65	84	
1270	940	408	
761	392	982	
156	202	277	
738	544	443	
269	328	323	
234	248	327	
638	638	289	
196	263	93	
223	70	152	
376	950	1014	
177	322	418	
129	231	161	
The worst scenario
436	454	1150	
1094	2111	1188	
599	591	526	
279	152	161	
699	378	399	
348	287	331	
722	287	587	
1467	474	1348	
538	480	774	
1558	498	1986	
243	639	924	
543	377	227	
873	1116	859	
831	1109	986	
402	433	198	
671	1254	429	
1283	1439	818	
1363	572	775	
576	1256	642	
420	185	263	
310	401	249	
542	1302	583	
1598	1728	1681	
710	387	1001	
286	720	241	
178	145	106	
124	333	204	
459	330	404	
881	960	484	
629	903	876	
851	961	625	
1687	1246	343	
1166	1269	859	
251	432	522	
374	786	513	
1928	480	1148	
1137	381	830	
184	112	84	
1811	1610	1480	
744	872	322	
846	559	626	
379	416	1526	
1073	1326	983	
1412	810	1559	
89	315	184	
1133	1350	2299	
756	1022	445	
209	168	108	
152	212	344	
1560	1464	404	
436	849	485	
425	290	549	
314	587	394	
494	509	456	
1430	573	1327	
842	889	1020	
222	553	294	
361	933	372	
1436	1580	1372	
1191	903	623	
363	269	187	
1220	694	1629	
440	1538	1569	
1665	882	1080	
594	1274	1129	
597	571	882	
117	232	80	
835	1247	1233	
632	1345	1176	
1696	955	1569	
792	279	773	
1731	622	1242	
1224	2081	503	
143	177	69	
277	855	407	
286	515	571	
95	268	147	
958	1508	684	
1484	1423	1253	
565	346	178	
825	661	1050	
669	319	642	
155	132	190	
315	1004	992	
669	527	1685	
1674	1215	690	
81	146	200	
196	81	125	
1645	1228	492	
1130	423	1200	
181	220	387	
1008	789	663	
289	437	439	
295	297	393	
685	859	326	
226	326	109	
316	82	212	
468	1345	1157	
258	427	573	
144	307	237	
