Factories	7	Jobs	150	Machines	3

Total number of component types per job processed by HSPM
11	6	6	10	7	12	7	5	9	5	10	5	9	11	6	9	11	11	7	9	7	9	5	10	11	6	11	11	12	6	11	9	5	7	7	8	6	6	11	11	9	12	10	5	9	9	7	9	12	8	5	8	11	12	8	9	7	9	6	5	6	6	8	11	6	9	5	9	9	11	9	5	10	6	9	11	7	12	11	8	8	10	12	6	7	5	9	8	8	11	10	9	11	6	12	8	7	12	7	7	9	11	7	12	5	11	6	7	5	12	10	5	8	9	11	5	12	5	7	9	7	5	9	7	10	6	8	8	7	9	12	8	5	12	7	8	10	12	9	9	8	7	12	10	11	6	9	11	10	10	

Total number of component types per job processed by MFPM
2	1	2	3	5	1	5	3	5	1	5	3	1	4	3	1	1	2	3	4	3	3	3	3	1	3	4	2	3	2	5	5	5	3	2	5	2	2	4	4	2	3	4	1	1	4	4	5	1	1	5	5	3	4	3	1	4	3	5	5	4	1	4	2	1	1	3	4	1	5	4	1	5	4	4	3	3	2	4	1	2	3	5	5	5	3	4	1	2	2	2	2	2	3	4	1	4	2	4	1	4	1	5	3	2	2	3	2	3	1	1	3	2	5	5	3	2	1	5	1	5	2	1	4	5	4	1	2	3	2	5	1	2	1	4	4	1	5	2	5	3	2	1	5	4	3	4	2	5	4	1	1	1	3	3	3	3	3	2	1	3	2	3	1	3	2	4	5	4	2	4	5	3	3	1	1	3	5	5	3	1	5	4	1	5	4	3	5	1	5	1	3	5	5	5	2	3	1	5	1	5	4	4	5	4	4	4	4	4	5	3	4	5	1	5	1	2	3	2	1	1	2	5	4	5	4	5	2	1	5	1	4	2	1	2	3	5	1	3	3	5	4	3	3	4	1	3	4	2	1	1	3	2	4	2	4	2	4	2	3	1	4	1	4	3	1	5	5	1	4	2	3	4	4	1	1	3	1	3	3	4	5	1	4	1	1	2	2	1	2	1	4	5	4	5	5	3	2	2	3	

All component type numbers for each job to be processed by HSPM
6	61	9	27	3	23	19	14	14	67	11	26	1	18	5	45	18	4	17	1	8	50	
15	46	9	67	1	5	14	68	17	21	16	18	
9	62	0	27	15	12	4	60	18	53	3	43	
8	17	17	29	13	22	19	28	16	6	12	33	18	23	1	70	6	8	15	36	
1	65	11	70	0	68	10	54	17	33	9	67	5	61	
18	41	17	8	14	51	10	32	11	7	5	37	6	22	3	35	2	10	12	38	15	73	16	45	
9	41	3	12	0	66	14	63	13	22	2	28	17	57	
0	32	5	49	3	13	16	18	6	68	
14	72	5	59	4	44	2	33	12	23	16	32	0	60	19	25	1	51	
19	22	6	59	15	35	18	60	3	47	
16	59	4	64	1	73	3	39	0	32	14	45	6	46	17	17	15	71	18	75	
6	72	10	75	16	11	5	37	17	24	
4	34	13	39	15	36	19	29	12	57	17	11	1	24	14	22	18	32	
4	69	5	22	2	34	0	52	18	26	7	64	11	7	19	40	16	71	10	21	12	68	
15	45	10	64	2	52	11	36	0	63	14	66	
6	66	7	38	8	5	5	54	3	60	16	63	10	67	4	59	9	44	
19	11	4	45	9	13	11	47	3	15	8	66	5	9	1	68	2	29	14	37	16	75	
19	65	18	37	9	22	2	53	5	68	10	43	17	69	12	31	6	36	13	46	3	62	
6	19	19	75	1	52	9	8	13	32	8	51	10	5	
14	34	3	21	11	15	5	11	4	22	0	70	10	43	16	12	2	53	
15	41	18	62	2	56	3	38	13	17	7	1	11	54	
3	19	16	35	5	14	2	4	9	52	10	30	4	3	14	22	17	10	
11	53	19	51	18	7	13	61	9	14	
17	51	2	44	13	67	14	34	4	37	16	11	0	59	3	46	19	33	11	47	
10	62	16	5	12	49	4	74	8	30	2	12	5	9	11	41	15	37	1	64	13	2	
9	8	8	12	14	54	0	33	6	22	4	70	
6	20	9	23	14	24	11	33	4	10	16	67	2	60	13	63	3	71	5	26	19	7	
6	53	14	36	12	67	5	48	18	66	4	35	11	41	9	52	3	62	8	49	2	14	
7	36	9	27	17	51	11	12	13	69	16	34	3	23	10	29	6	45	12	43	0	17	5	13	
8	19	7	11	17	58	19	29	6	69	9	47	
10	6	7	23	5	5	0	74	8	20	15	45	18	48	12	9	14	53	1	63	9	71	
0	74	13	52	18	45	1	35	12	69	9	23	5	71	10	14	19	11	
8	33	5	24	7	17	0	34	16	39	
15	43	10	63	7	12	5	71	18	74	16	75	17	36	
7	36	0	48	12	62	16	39	14	75	5	52	17	73	
0	43	10	9	15	58	8	52	11	35	17	36	14	28	7	66	
10	50	11	22	12	16	5	75	6	59	15	68	
7	23	10	74	8	59	0	25	12	8	9	9	
10	72	18	73	19	51	3	33	17	67	14	5	15	49	7	59	16	53	6	36	1	37	
6	20	9	71	11	10	16	31	4	53	7	2	14	30	1	48	10	22	2	64	15	32	
17	31	16	21	0	37	10	67	13	45	1	30	18	23	3	40	15	27	
19	10	2	6	5	7	17	13	11	17	0	18	1	16	18	29	9	34	10	61	3	49	8	56	
4	15	12	36	18	51	3	62	7	3	17	5	15	14	0	64	5	58	14	47	
12	49	4	1	5	8	14	64	1	55	
18	40	19	12	3	33	15	31	4	41	14	32	5	17	0	7	12	55	
13	68	11	19	3	48	0	74	16	13	18	17	6	65	4	1	8	66	
4	17	14	10	19	34	5	46	0	66	6	43	15	11	
13	60	14	67	5	8	10	19	3	4	1	70	11	35	2	31	19	13	
12	58	15	65	1	18	13	55	16	73	19	24	9	8	5	22	3	12	8	29	2	26	10	27	
13	26	18	63	7	59	0	67	8	47	19	9	15	29	1	13	
15	75	4	68	10	21	3	18	17	13	
3	17	19	15	8	49	16	70	0	69	18	52	13	23	2	26	
11	57	4	45	6	25	1	23	2	64	5	15	19	69	17	70	13	47	3	71	10	11	
16	10	0	51	9	36	4	26	6	46	11	24	8	13	13	15	19	61	7	35	1	47	17	57	
7	34	12	74	13	48	0	15	19	20	5	70	8	39	10	1	
15	49	9	28	13	16	14	2	1	3	11	60	19	38	4	44	5	42	
9	23	7	6	3	71	17	74	10	36	16	8	4	70	
16	48	15	67	14	31	13	59	3	55	8	22	7	69	19	6	17	14	
19	57	5	28	9	26	17	6	14	36	7	23	
2	59	14	20	1	72	16	23	13	73	
3	62	11	69	19	26	6	29	7	9	0	20	
19	7	7	63	17	53	8	68	13	39	16	52	
12	46	17	23	0	1	14	12	1	70	16	71	3	19	2	34	
9	2	7	26	14	6	1	52	8	56	3	49	4	24	0	65	6	54	15	11	17	71	
5	55	9	63	17	47	15	51	3	2	1	17	
13	30	2	53	5	59	18	66	3	10	10	14	8	26	15	25	11	74	
9	46	10	5	3	56	14	49	6	12	
1	46	6	59	15	49	19	21	8	10	17	33	4	25	7	13	9	75	
10	41	3	7	19	38	2	44	8	9	15	11	13	4	12	40	5	19	
13	4	16	14	6	6	7	47	9	34	19	35	2	29	3	5	17	75	15	67	1	42	
12	27	4	56	19	8	16	41	5	64	0	50	11	20	15	67	10	35	
7	31	4	1	11	45	1	75	3	28	
14	21	0	55	18	14	6	60	12	25	5	75	7	70	16	67	15	31	11	26	
1	65	10	16	5	50	13	60	19	7	7	20	
5	15	3	53	14	16	1	32	13	21	15	68	17	33	11	11	9	74	
2	62	13	12	14	49	6	30	11	47	8	44	17	42	5	54	19	31	7	21	18	43	
15	38	1	3	10	34	5	4	7	16	0	29	14	19	
18	67	13	73	9	35	2	49	11	21	15	3	19	54	10	57	5	45	3	27	7	71	14	7	
19	39	11	5	6	62	16	27	13	64	14	59	4	9	8	60	7	28	10	50	9	20	
5	25	13	72	2	10	1	65	15	69	9	2	4	39	3	33	
19	73	17	15	7	45	10	70	11	51	3	36	18	68	8	55	
0	69	16	8	6	9	12	27	19	3	9	21	8	20	7	4	5	22	10	37	
7	9	1	49	0	54	8	29	13	55	18	7	12	26	6	62	4	30	3	2	2	4	15	63	
9	17	10	56	4	43	1	63	17	15	0	14	
17	12	2	69	5	29	15	48	11	14	16	2	4	64	
18	59	4	24	6	72	12	71	15	12	
13	49	10	36	6	51	14	16	1	19	0	29	11	48	2	73	5	64	
15	1	1	36	17	51	6	39	5	28	12	64	8	14	7	48	
17	63	19	23	16	60	15	72	14	57	11	6	18	24	8	65	
17	39	13	41	12	67	16	33	4	12	18	52	9	31	15	73	0	58	14	6	8	38	
0	57	5	15	8	6	16	22	4	60	10	26	13	64	12	48	6	30	1	17	
12	52	11	6	18	69	2	4	1	27	8	49	19	11	7	55	5	36	
6	15	3	73	11	50	15	62	0	61	17	51	12	17	16	72	2	56	9	75	5	52	
3	62	15	1	8	70	10	66	4	40	2	19	
6	48	3	54	1	1	0	25	15	6	18	62	12	75	13	26	7	50	19	39	2	35	17	14	
19	56	15	31	1	44	10	25	14	39	18	69	12	8	6	64	
0	12	7	41	10	62	17	21	16	22	9	3	14	5	
17	58	3	52	6	66	16	62	9	63	19	33	11	6	0	72	18	49	8	50	7	18	2	53	
12	72	5	4	17	51	9	65	11	50	18	48	19	25	
4	29	18	54	11	22	17	1	10	7	16	16	8	41	
16	57	13	11	14	58	6	33	12	41	7	14	2	36	17	23	15	27	
16	4	5	25	12	13	2	34	3	57	15	54	14	27	0	2	6	65	11	71	17	14	
15	19	12	25	11	49	10	15	16	20	3	13	17	41	
19	67	15	49	8	10	13	34	1	44	3	65	4	25	18	38	11	21	14	40	10	68	6	69	
5	73	7	18	11	33	6	29	18	4	
15	63	14	8	9	70	8	35	1	72	10	65	12	15	0	41	4	68	6	32	17	28	
2	5	1	51	4	44	6	60	17	20	18	10	
18	42	1	46	4	24	17	16	6	30	5	48	19	18	
5	64	8	35	13	31	3	22	0	74	
11	55	3	11	17	42	10	31	5	14	4	22	6	25	7	56	1	21	18	49	14	15	13	50	
18	1	3	31	1	73	4	23	13	41	10	7	9	25	5	53	8	15	15	52	
17	25	3	2	4	41	2	42	14	5	
3	19	11	46	18	28	2	41	0	10	1	36	17	38	7	52	
18	25	8	54	16	32	7	30	15	50	17	1	5	15	4	64	9	38	
17	5	1	23	16	44	15	24	8	31	18	63	12	69	4	42	6	43	3	33	10	14	
12	23	13	48	1	65	11	6	16	53	
4	16	17	33	9	11	7	74	10	12	16	32	6	31	3	63	8	62	15	27	13	68	19	71	
9	15	16	64	18	7	0	20	14	37	
4	64	9	70	19	1	2	32	8	13	16	63	18	31	
17	75	13	54	12	50	3	69	8	64	4	18	14	38	9	21	1	15	
18	27	10	59	2	12	9	61	15	36	14	68	6	42	
6	21	15	12	14	34	10	10	0	41	
10	23	16	44	13	57	12	1	18	5	4	67	3	71	6	47	7	12	
14	48	10	40	4	42	12	60	0	31	16	55	19	25	
17	7	2	26	15	8	8	1	5	20	14	68	18	24	9	14	19	21	13	15	
13	13	18	43	1	55	3	4	17	59	7	37	
15	32	9	64	14	26	6	62	8	18	10	59	7	57	13	52	
2	13	15	43	3	51	7	24	18	3	4	23	17	72	19	55	
19	19	11	73	10	10	6	8	12	3	5	16	4	18	
15	57	8	38	18	21	0	7	6	1	7	29	16	53	14	24	1	22	
1	18	8	44	4	30	0	22	15	68	2	72	11	35	10	9	6	42	16	36	5	38	7	56	
6	40	0	64	14	1	2	58	17	75	15	46	1	30	10	31	
6	5	12	21	11	61	13	24	16	70	
13	27	3	13	6	74	17	53	10	20	14	21	0	24	12	38	2	43	15	55	9	26	7	6	
14	42	15	50	13	65	19	13	3	72	12	30	4	34	
1	53	17	23	7	32	14	44	2	45	13	9	0	50	10	29	
19	73	16	30	17	28	11	38	13	57	2	45	6	2	8	27	1	48	14	35	
18	45	15	37	9	43	16	69	0	57	10	50	3	73	6	15	14	71	1	26	8	24	7	14	
9	44	14	12	13	73	0	5	6	66	16	49	1	65	18	61	3	4	
7	36	5	52	8	35	10	67	2	46	18	62	14	66	13	4	9	21	
2	5	15	47	18	65	17	57	11	1	6	28	8	72	16	67	
10	30	7	32	13	2	6	48	9	69	19	7	18	11	
15	35	3	32	9	49	6	26	18	33	0	67	11	50	8	74	10	13	19	10	12	69	17	4	
17	67	13	60	12	5	8	46	11	55	10	3	3	53	4	32	18	71	15	64	
12	9	9	18	15	5	14	22	3	62	1	44	19	27	0	52	11	72	17	41	10	71	
19	72	2	58	8	60	10	62	15	56	11	54	
7	50	1	29	4	31	6	4	18	63	17	25	19	5	3	52	15	47	
15	6	19	16	3	58	8	29	7	66	5	61	4	24	17	21	11	75	12	70	6	73	
14	26	17	51	19	31	13	45	18	6	10	16	11	8	8	41	0	44	9	33	
9	60	4	3	11	1	6	37	0	44	18	43	17	71	14	12	7	9	5	73	

All component type numbers for each job to be processed by MFPM
1	3	6	11	
6	50	
2	16	9	24	
8	27	7	50	0	38	
8	22	6	21	7	13	5	9	9	11	
1	27	
7	13	5	16	1	12	0	7	3	19	
8	41	4	49	3	46	
5	3	8	14	1	23	0	1	9	5	
4	31	
2	22	3	1	7	16	0	7	1	21	
9	35	6	29	1	33	
9	20	
6	35	4	49	3	34	2	46	
3	4	6	6	1	18	
2	50	
3	11	
8	32	3	46	
6	15	7	25	8	12	
2	47	1	43	8	42	3	48	
9	25	1	11	3	19	
3	42	5	40	4	38	
5	13	1	22	4	18	
0	31	2	50	4	40	
6	25	
8	29	1	40	3	42	
4	15	9	6	2	21	0	2	
9	50	2	46	
0	23	3	17	9	11	
4	38	6	34	
3	15	0	22	9	20	4	13	5	5	
1	37	9	34	5	33	6	48	2	26	
3	14	5	20	8	10	7	1	1	9	
3	49	5	48	2	43	
4	10	9	6	
6	42	7	46	0	28	5	36	8	48	
2	17	4	8	
6	38	5	28	
3	11	2	22	1	17	6	3	
6	31	5	46	4	32	0	50	
6	15	5	7	
8	48	3	47	7	49	
8	25	5	22	9	15	2	23	
0	50	
9	6	
6	42	5	30	0	44	7	39	
8	10	0	14	1	3	2	9	
2	39	6	29	8	44	4	43	9	41	
8	13	
2	26	
5	25	8	24	2	11	4	22	1	2	
5	47	0	26	3	32	2	31	1	45	
4	18	7	2	1	8	
3	35	4	26	2	49	5	28	
5	14	0	13	2	5	
1	38	
8	12	9	4	5	9	0	8	
7	45	5	27	3	32	
3	17	5	21	0	2	4	7	6	24	
9	37	6	30	7	45	8	27	4	34	
5	7	8	8	7	14	6	11	
9	29	
3	20	9	1	0	24	7	19	
7	37	2	38	
2	23	
6	43	
0	16	9	15	3	8	
3	50	8	35	2	41	7	26	
4	13	
6	37	1	44	3	38	0	36	7	33	
7	7	0	1	6	23	1	13	
0	26	
6	20	8	8	4	6	0	13	1	2	
4	35	2	45	1	39	6	36	
7	7	6	12	0	24	8	4	
6	26	0	38	8	40	
6	8	2	3	5	6	
7	37	3	30	
0	22	3	21	9	12	8	3	
7	40	
1	13	4	11	
6	26	7	32	4	42	
8	23	2	21	3	25	9	24	7	3	
2	35	8	41	4	36	6	28	3	47	
8	11	5	17	1	24	0	22	4	7	
8	40	5	47	3	44	
1	20	9	25	4	11	8	13	
1	50	
0	21	9	16	
3	31	8	42	
6	12	0	24	
5	50	8	30	
0	2	9	24	
9	45	4	27	6	40	
7	17	5	7	3	6	2	11	
8	47	
2	17	0	23	8	22	4	7	
7	39	2	48	
5	9	3	13	8	16	2	18	
7	49	
6	5	5	11	1	22	4	25	
6	45	
3	20	4	14	1	17	2	4	9	12	
9	46	8	30	1	32	
4	24	1	5	
3	43	2	36	
9	19	0	12	8	5	
5	28	9	32	
1	8	5	20	0	14	
3	29	
8	23	
7	37	4	49	5	47	
6	5	4	25	
8	40	9	38	3	36	4	49	7	41	
5	19	9	8	1	11	7	14	0	23	
6	41	3	50	0	42	
6	22	4	7	
4	28	
5	10	7	16	0	14	8	11	6	2	
1	31	
4	9	9	6	3	17	7	22	8	13	
5	31	0	32	
5	21	
3	37	0	28	5	43	7	45	
0	22	4	12	7	16	8	17	6	21	
0	36	9	37	8	44	3	35	
2	11	
0	33	4	35	
2	17	9	15	4	20	
2	33	7	30	
5	25	7	7	0	14	9	18	3	12	
4	42	
0	6	8	11	
5	37	
3	24	2	22	9	15	8	6	
4	35	0	45	2	50	8	36	
2	2	
7	32	8	50	4	45	6	42	1	40	
3	7	6	12	
2	50	9	31	4	35	7	29	5	48	
9	2	0	5	8	21	
7	42	9	32	
7	12	
3	26	1	39	7	47	0	46	8	40	
6	11	4	5	0	16	1	13	
8	27	5	41	3	44	
6	12	7	4	9	21	3	20	
3	49	4	26	
0	16	6	7	1	14	7	12	5	9	
4	42	9	46	1	38	8	35	
3	24	
3	50	
0	10	
5	35	4	30	8	47	
6	3	4	1	0	10	
2	31	8	48	1	35	
7	17	3	21	8	4	
8	44	5	33	2	47	
0	17	7	10	
0	31	
1	5	8	7	7	3	
9	29	1	30	
1	13	6	25	0	8	
3	30	
8	10	4	7	0	22	
6	37	8	48	
0	24	2	14	3	12	8	8	
6	47	4	32	2	50	0	36	5	35	
7	1	4	5	3	25	1	18	
0	37	8	47	
5	18	0	14	1	8	3	20	
5	44	9	50	4	35	2	26	8	38	
8	20	7	11	3	18	
1	44	3	28	0	27	
6	18	
8	33	
7	22	9	14	3	12	
5	42	7	44	1	27	4	39	0	38	
0	20	7	16	9	6	1	17	6	25	
9	33	8	28	0	42	
9	4	
0	49	2	26	6	32	1	39	9	38	
9	24	6	1	5	3	1	18	
6	27	
8	6	3	23	2	3	4	21	9	16	
3	32	0	29	9	50	4	39	
9	19	6	2	5	15	
7	35	3	45	5	49	9	42	8	31	
7	21	
5	41	8	48	3	28	2	46	0	47	
1	20	
2	38	0	42	1	29	
6	2	5	15	1	3	2	10	7	24	
2	35	6	49	0	40	7	27	4	29	
4	18	6	6	5	9	9	21	7	20	
3	27	2	50	
7	16	8	3	6	23	
2	28	
5	6	1	10	4	15	6	12	3	18	
1	33	
8	8	9	17	2	19	4	14	3	2	
6	49	2	37	7	40	0	32	
1	20	6	10	5	24	8	23	
9	49	0	31	2	47	5	33	4	38	
3	7	6	8	9	6	5	1	
2	48	8	35	3	41	9	42	
9	4	4	10	5	7	6	16	
5	48	6	27	4	49	8	38	
3	8	8	25	0	16	6	12	
8	26	0	42	2	29	3	46	7	32	
1	24	0	16	9	19	
3	31	7	27	0	45	8	47	
2	7	5	16	9	6	4	17	0	14	
7	43	
8	15	3	10	2	19	5	11	9	24	
0	36	
0	5	6	17	
0	27	6	43	8	42	
7	21	1	2	
4	30	
0	25	
7	34	3	39	
5	22	6	14	7	7	8	19	9	5	
4	27	7	32	3	28	8	33	
8	4	3	21	7	25	9	11	6	3	
9	37	4	49	1	28	5	42	
1	13	3	9	2	24	8	2	7	25	
9	39	1	30	
2	4	
7	47	6	33	5	35	2	49	0	31	
9	16	
2	49	7	43	9	41	0	47	
5	14	9	13	
1	33	
4	3	7	1	
1	26	8	31	0	35	
3	24	2	13	1	10	4	5	9	25	
8	37	
5	13	9	25	8	15	
8	26	3	29	2	36	
7	15	3	24	1	20	8	19	9	7	
8	49	5	32	2	37	1	26	
9	23	5	6	4	19	
3	44	4	33	1	30	
7	18	1	22	5	10	2	12	
7	33	
8	13	6	17	7	1	
4	49	2	44	5	39	7	46	
6	14	0	24	
5	47	
6	10	
3	43	1	27	6	29	
8	12	1	16	
4	41	2	44	3	33	7	42	
7	17	9	11	
9	35	7	28	0	37	3	34	
6	11	0	13	
0	26	3	37	9	35	6	43	
8	12	3	3	
0	38	7	31	2	46	
7	3	
4	37	7	34	8	45	2	47	
6	11	
8	36	1	44	2	40	4	42	
3	4	4	15	6	23	
3	36	
4	19	9	23	1	2	8	7	2	10	
9	44	6	26	3	28	2	38	0	41	
6	10	
6	49	9	33	1	38	7	28	
9	25	3	10	
5	45	0	42	3	47	
2	19	0	6	5	15	4	17	
3	29	4	42	0	47	1	37	
6	16	
2	29	
7	9	1	2	5	11	
6	31	
2	12	1	11	0	18	
5	34	1	29	3	49	
1	12	0	10	8	5	5	21	
3	28	6	46	8	43	5	32	4	49	
4	2	
5	49	9	45	2	44	3	32	
7	17	
6	46	
5	8	2	24	
3	28	9	45	
7	19	
9	31	1	42	
8	10	
7	40	0	44	9	36	6	33	
9	24	3	4	2	8	5	13	6	7	
2	38	4	33	6	45	1	44	
3	8	1	10	7	4	8	22	0	16	
3	30	1	36	4	34	8	43	7	50	
4	7	1	22	6	2	
2	44	9	49	
2	24	0	8	
2	39	3	27	8	45	

Three processing times per job on each machine
The best scenario
395	141	110	
385	687	890	
198	165	253	
72	230	88	
1205	673	380	
200	510	425	
416	254	350	
710	634	677	
922	502	611	
340	555	922	
592	648	773	
387	189	538	
178	81	64	
69	150	230	
428	322	394	
693	585	636	
508	210	710	
754	971	235	
347	227	555	
316	347	302	
1008	306	720	
147	86	187	
419	115	574	
301	169	266	
150	52	83	
269	419	614	
296	558	375	
426	462	395	
286	319	135	
89	210	162	
836	1015	263	
1007	822	939	
407	1234	393	
298	226	187	
135	54	51	
198	665	358	
619	575	428	
157	435	323	
633	629	752	
495	311	712	
796	500	411	
213	691	852	
514	295	217	
128	78	118	
92	110	145	
857	413	917	
434	266	716	
337	529	642	
227	181	131	
117	208	196	
354	598	375	
242	249	176	
103	144	176	
790	973	314	
345	162	423	
409	185	330	
193	463	792	
324	462	789	
475	671	791	
650	1179	976	
266	176	254	
384	808	697	
716	414	742	
527	354	664	
109	150	100	
183	109	207	
296	537	496	
369	498	547	
786	764	173	
269	440	336	
495	320	848	
118	227	235	
694	756	833	
402	349	652	
292	215	492	
264	446	350	
316	388	302	
615	455	519	
644	841	486	
1194	302	707	
397	1050	1410	
580	810	179	
485	1022	444	
134	200	80	
110	248	132	
285	339	179	
671	484	740	
487	503	513	
783	463	336	
184	253	82	
914	537	1042	
781	423	595	
280	232	130	
426	207	360	
380	313	266	
184	76	264	
319	523	243	
234	255	234	
601	286	238	
745	914	1037	
89	43	45	
572	159	648	
31	113	51	
159	237	217	
144	131	264	
657	266	184	
227	630	541	
1000	826	362	
132	73	71	
258	51	50	
1050	788	1020	
448	236	303	
688	197	209	
216	388	213	
265	426	262	
575	583	177	
59	62	102	
125	320	260	
946	292	901	
505	297	422	
517	1152	694	
422	385	499	
839	206	664	
213	223	322	
433	350	734	
374	233	221	
744	601	762	
261	276	240	
943	580	1115	
329	249	205	
757	349	487	
258	54	87	
573	301	409	
190	740	255	
193	339	697	
140	120	186	
271	435	466	
561	401	378	
327	164	178	
437	896	593	
295	747	354	
806	701	286	
648	346	622	
483	538	808	
228	521	413	
128	236	182	
245	748	675	
414	551	449	
450	240	432	
215	432	206	
Most likely scenario
415	175	119	
566	799	1082	
256	241	477	
142	231	163	
1211	1074	505	
339	529	524	
762	380	492	
985	925	992	
1174	613	690	
397	682	1275	
652	829	989	
662	285	766	
183	147	91	
114	176	259	
563	576	423	
702	771	655	
636	249	721	
960	980	337	
387	303	778	
514	582	485	
1115	443	821	
155	132	193	
651	210	635	
374	221	424	
180	66	161	
303	672	650	
401	589	564	
569	558	563	
385	352	217	
99	218	247	
1050	1033	415	
1021	1331	1148	
483	1241	451	
424	380	370	
161	74	89	
261	838	412	
664	734	659	
210	519	495	
797	948	1479	
696	425	1289	
803	542	429	
374	713	1270	
746	342	275	
195	114	131	
148	149	226	
872	469	1414	
589	284	764	
539	833	1017	
270	254	179	
158	347	278	
446	810	565	
260	327	303	
106	151	261	
853	1277	572	
402	217	539	
605	241	427	
378	852	837	
587	515	1039	
574	1170	1046	
1282	1241	1139	
297	319	343	
624	1138	886	
907	652	821	
582	560	940	
116	273	124	
212	200	327	
374	641	644	
404	980	668	
961	794	305	
332	497	391	
985	324	1070	
160	232	240	
801	1008	856	
568	652	874	
453	271	800	
457	492	494	
360	411	407	
753	844	916	
762	1041	919	
1243	531	1035	
511	1139	1523	
907	1094	284	
795	1044	479	
224	297	98	
133	260	137	
459	346	204	
722	537	904	
551	787	902	
878	637	342	
209	492	128	
1106	754	1099	
1058	762	599	
295	338	178	
624	268	512	
437	510	455	
220	127	272	
559	549	335	
260	284	304	
644	365	276	
793	1150	1102	
173	63	58	
734	299	672	
46	188	97	
311	255	251	
147	256	312	
859	317	320	
452	688	542	
1134	1093	422	
142	112	133	
264	81	75	
1191	959	1062	
469	434	414	
746	227	317	
254	427	425	
454	438	353	
690	616	184	
102	93	123	
223	478	468	
1048	429	942	
523	490	466	
943	1164	772	
797	409	521	
860	235	721	
403	249	473	
475	536	1098	
593	312	293	
938	722	806	
441	469	272	
1229	605	1444	
425	280	255	
893	463	746	
287	95	174	
1087	543	608	
359	851	265	
349	350	835	
226	181	241	
368	724	513	
795	551	662	
496	224	180	
644	973	1164	
540	778	611	
892	725	472	
769	481	645	
793	781	1135	
406	949	824	
202	285	257	
480	754	782	
614	606	558	
516	279	800	
339	794	405	
The worst scenario
481	246	157	
796	1139	1181	
378	311	712	
160	237	225	
1742	1202	689	
392	565	769	
862	391	630	
1392	1003	1382	
1541	692	703	
578	936	1620	
881	894	1197	
729	403	827	
269	179	135	
125	259	374	
675	684	443	
777	874	870	
916	286	1077	
1253	1395	473	
404	314	1031	
633	620	595	
1608	518	1110	
195	148	206	
794	224	763	
395	278	471	
200	82	241	
307	979	962	
484	652	610	
785	740	830	
474	447	253	
138	256	366	
1517	1521	475	
1292	1962	1336	
537	1372	497	
476	394	493	
216	104	91	
278	904	499	
936	982	847	
223	604	650	
1101	1174	1621	
825	507	1639	
921	799	595	
475	777	1786	
775	456	323	
254	155	148	
214	187	324	
1218	682	1887	
699	380	786	
741	889	1175	
346	271	247	
175	398	336	
615	996	728	
322	378	305	
145	224	280	
925	1769	849	
438	292	729	
641	285	505	
521	988	966	
721	710	1110	
760	1725	1276	
1765	1374	1516	
436	474	400	
893	1310	987	
1286	765	1193	
621	635	990	
138	302	164	
291	226	424	
503	916	841	
423	1263	960	
985	897	402	
425	527	533	
1416	472	1218	
187	260	243	
1173	1203	1026	
794	930	1098	
473	328	840	
660	640	654	
477	603	434	
1020	1086	1284	
904	1289	922	
1399	716	1073	
529	1478	1696	
1241	1540	424	
830	1070	527	
314	342	107	
161	379	161	
595	392	271	
1020	755	1145	
570	793	1108	
1185	790	462	
234	636	161	
1140	883	1105	
1291	896	632	
386	386	249	
857	290	515	
501	700	591	
262	182	361	
812	631	409	
382	305	383	
685	410	302	
1077	1206	1137	
228	68	63	
970	365	826	
62	264	138	
436	317	272	
218	326	423	
994	416	321	
583	864	644	
1648	1464	457	
146	134	196	
353	113	78	
1382	1025	1370	
535	474	442	
830	289	403	
285	434	533	
582	622	516	
877	675	221	
149	115	176	
326	507	488	
1152	555	1125	
530	626	594	
1394	1604	1153	
992	552	539	
995	327	1034	
443	361	530	
533	679	1215	
659	313	402	
1022	904	811	
589	568	305	
1750	892	1510	
438	341	311	
1307	615	1064	
414	103	179	
1209	548	909	
423	1196	317	
469	418	1136	
284	231	301	
512	866	564	
1178	649	941	
544	236	230	
709	1231	1662	
731	1069	621	
968	1011	561	
851	661	780	
876	940	1548	
544	1015	894	
212	359	267	
487	796	961	
648	631	835	
581	407	1184	
392	1043	451	
