Factories	4	Jobs	200	Machines	3

Total number of component types per job processed by HSPM
6	9	6	11	11	10	8	8	6	6	5	5	8	12	5	12	5	10	10	8	6	6	10	10	5	10	8	5	8	8	12	5	9	6	12	11	5	12	11	12	12	12	9	11	9	9	12	11	11	11	5	10	10	9	6	10	5	9	10	10	12	12	5	5	10	5	6	9	5	11	10	11	9	5	12	9	10	6	9	7	9	10	8	6	8	7	10	10	9	7	6	11	12	5	9	7	7	6	12	5	11	10	6	5	5	10	11	7	11	5	5	9	7	6	10	12	8	8	7	9	7	5	11	8	7	10	7	10	10	8	5	8	7	7	5	10	8	11	8	5	11	11	7	7	7	8	12	5	10	11	11	7	8	10	10	9	7	5	7	5	9	11	9	8	9	10	9	11	9	7	10	11	11	11	7	10	7	7	5	7	5	9	9	12	12	7	10	6	10	11	9	10	12	8	8	6	8	12	10	6	

Total number of component types per job processed by MFPM
5	3	5	2	4	4	3	1	1	5	4	1	4	2	3	5	3	1	2	4	4	4	4	1	2	2	2	4	2	4	1	2	5	3	1	2	1	5	5	2	5	1	5	3	5	2	2	4	4	5	1	3	1	5	2	1	2	2	5	4	4	5	4	1	4	5	1	3	2	1	3	2	4	4	1	1	5	3	5	5	3	4	1	4	2	2	5	3	1	3	4	1	2	3	3	2	4	3	3	5	3	2	3	3	2	1	1	5	1	3	1	3	2	2	4	3	3	4	3	2	2	4	1	2	2	4	5	1	5	4	1	1	2	2	1	1	5	3	2	2	2	1	2	1	4	4	2	1	2	3	1	1	3	1	5	3	5	3	1	2	3	5	4	3	5	2	5	5	1	3	5	1	2	3	1	5	5	5	2	2	4	1	4	3	1	4	5	3	2	4	4	5	5	4	2	1	1	2	5	5	3	4	3	4	2	5	5	2	5	5	2	2	3	1	1	1	3	2	5	2	4	2	4	2	4	1	2	3	4	5	4	3	3	3	1	5	5	2	1	1	5	4	3	1	1	4	2	2	1	4	5	1	2	3	1	1	5	2	2	5	4	5	1	1	5	5	1	5	4	2	2	4	4	1	3	2	2	2	4	3	4	3	5	2	1	5	5	3	2	2	2	1	2	3	4	5	2	2	3	2	4	2	5	5	5	2	1	4	5	5	3	3	2	5	5	1	3	5	5	2	2	5	3	4	4	2	3	1	5	5	1	1	1	3	3	3	3	2	1	4	3	4	1	1	4	4	5	5	2	3	1	4	5	3	1	4	5	3	2	1	4	4	5	5	5	4	2	1	3	4	3	1	2	4	1	3	4	2	3	1	3	3	3	5	3	2	5	1	2	3	2	3	3	4	4	2	4	4	3	2	

All component type numbers for each job to be processed by HSPM
7	9	11	66	3	34	5	51	6	14	2	7	
7	22	8	56	11	42	15	24	13	64	3	10	19	49	1	45	9	73	
6	38	19	18	4	53	11	15	13	2	10	16	
5	42	2	70	17	49	14	45	19	6	15	14	13	9	0	62	1	26	6	60	9	51	
12	2	2	39	4	3	10	42	5	45	14	55	11	65	16	6	15	27	18	16	1	33	
16	6	17	7	15	53	18	50	8	40	6	13	14	71	2	46	11	4	1	2	
8	53	11	17	10	20	16	45	17	28	12	69	18	24	14	74	
16	47	0	40	3	33	13	61	11	38	10	54	5	72	7	29	
9	22	15	2	18	62	1	48	7	1	19	46	
5	25	16	30	3	51	19	37	0	26	2	36	
1	50	16	1	15	47	14	25	12	13	
7	47	11	57	10	39	14	51	16	64	
19	2	10	31	18	4	5	68	12	75	1	23	13	17	3	66	
12	68	10	14	5	37	15	64	1	75	0	38	3	18	16	40	14	50	18	66	17	17	13	21	
16	12	3	13	6	28	0	15	17	44	
18	57	15	63	17	13	9	72	13	62	14	3	19	17	12	14	16	49	4	4	8	19	10	32	
7	50	1	43	9	38	10	54	2	21	
3	62	16	17	6	73	11	10	5	13	9	75	19	18	14	4	12	33	18	64	
17	37	11	60	1	46	15	70	9	15	4	25	14	48	18	29	7	24	8	28	
10	2	7	17	12	42	13	29	1	3	8	53	5	43	2	18	
15	56	17	19	3	73	18	17	7	68	6	27	
12	2	5	62	3	13	19	73	10	30	14	49	
6	54	10	43	3	53	0	72	7	67	14	70	19	10	1	66	12	39	16	24	
16	22	18	32	17	50	10	12	9	40	7	18	5	36	15	66	14	29	3	54	
9	11	6	36	2	51	8	16	16	47	
5	60	14	64	10	56	17	36	1	65	15	6	12	12	0	22	13	61	6	4	
16	62	12	36	8	70	4	15	19	72	6	24	3	31	10	35	
8	72	18	14	10	17	3	25	9	74	
3	64	4	26	19	50	8	74	13	23	16	2	2	70	15	29	
5	43	10	35	19	50	15	30	0	72	3	10	8	27	12	64	
2	7	7	11	0	68	5	56	11	12	4	8	15	28	19	44	6	62	12	70	3	16	18	27	
13	2	4	64	8	22	3	45	14	66	
19	29	9	4	4	31	13	5	1	11	2	3	17	8	8	21	6	9	
18	70	7	35	12	49	8	52	2	43	11	62	
7	15	10	50	16	74	0	35	14	62	15	49	5	14	12	12	8	23	19	39	11	17	17	37	
14	60	11	63	0	34	9	74	13	61	8	15	10	65	1	70	6	49	17	8	2	59	
10	62	12	10	8	16	1	61	9	64	
1	54	13	10	17	60	11	25	2	57	7	8	16	66	18	58	12	49	15	31	19	26	8	33	
1	44	10	52	6	41	5	72	16	25	15	37	13	67	8	39	3	46	7	34	0	2	
15	22	1	50	7	63	2	66	6	43	0	40	10	5	18	7	14	72	16	1	19	61	11	23	
18	22	4	35	1	36	3	11	5	62	6	58	8	72	11	19	0	64	19	26	15	45	14	37	
16	60	6	26	9	6	13	23	2	13	10	19	19	39	3	49	8	62	12	66	17	33	18	10	
11	16	3	39	14	60	0	70	17	3	15	68	19	9	5	2	13	49	
15	45	16	49	17	14	9	40	11	1	6	4	13	26	8	2	18	64	5	56	1	44	
6	51	18	36	15	33	16	74	8	55	17	56	5	21	14	37	19	18	
14	53	16	10	3	41	13	47	11	65	9	1	19	57	2	16	6	59	
15	12	1	35	2	36	9	1	14	51	6	16	16	24	5	45	18	56	4	42	11	68	12	25	
2	15	18	67	19	9	3	18	1	51	17	57	6	26	15	14	5	73	9	40	10	56	
4	10	1	63	10	13	19	8	8	67	9	41	14	65	18	58	15	11	16	43	13	7	
1	2	15	56	8	4	12	30	7	25	18	1	4	36	2	50	16	27	3	66	17	54	
10	58	2	43	1	72	9	37	17	6	
7	62	16	70	11	12	14	26	2	35	12	33	8	40	19	25	9	15	3	67	
15	16	3	60	17	25	0	12	9	33	19	62	4	70	10	50	2	43	14	69	
14	20	10	43	3	26	16	18	18	37	15	53	19	10	11	22	2	36	
3	64	2	28	19	6	1	36	7	50	6	41	
1	49	3	50	4	44	8	62	18	59	17	5	13	7	19	35	2	48	11	9	
16	20	4	49	7	61	5	31	18	57	
0	68	14	51	13	36	8	45	19	63	5	8	7	20	10	32	17	49	
0	12	14	45	6	20	12	40	9	64	17	54	10	6	5	7	1	75	11	9	
10	74	0	30	19	49	12	28	8	40	11	16	9	12	17	22	3	69	18	36	
15	6	6	52	17	10	18	39	12	18	4	44	5	43	19	30	16	70	3	5	8	67	10	31	
11	18	18	52	15	71	3	5	10	42	5	66	2	51	1	50	7	60	0	57	19	58	4	41	
4	5	14	59	11	14	13	6	8	60	
5	39	4	17	6	21	7	15	13	24	
4	10	6	74	17	26	0	13	5	1	1	58	16	18	15	40	7	42	9	39	
4	63	13	40	8	62	11	5	2	74	
13	20	3	32	2	37	6	75	12	63	0	19	
6	66	5	6	18	49	15	5	2	17	0	3	1	20	19	60	10	48	
3	59	5	41	14	14	18	29	12	39	
18	37	1	51	14	19	0	39	10	6	9	21	15	68	19	7	12	55	4	63	3	67	
11	51	19	23	12	17	1	36	14	41	6	40	2	55	15	29	13	31	0	52	
10	20	8	32	1	44	11	24	5	60	3	39	15	27	13	57	19	19	12	51	0	9	
5	47	9	19	15	62	11	21	2	33	8	35	4	60	13	51	12	12	
8	22	10	58	13	32	0	38	17	45	
9	9	17	31	4	17	6	40	13	58	3	14	16	73	19	47	0	39	5	23	10	37	15	26	
4	14	9	44	6	20	3	70	5	18	0	5	10	60	2	36	17	63	
6	34	5	48	7	32	18	19	1	38	13	8	8	36	15	67	12	11	11	50	
11	52	4	72	7	42	16	19	17	66	3	28	
11	44	12	67	5	57	18	70	4	29	2	21	19	8	15	37	10	41	
8	6	19	63	4	44	3	9	5	50	13	20	17	57	
1	2	0	68	7	65	12	41	4	62	2	42	15	54	18	12	3	73	
16	62	13	6	11	40	6	69	12	32	3	74	1	1	18	43	15	33	14	39	
10	24	9	65	11	11	7	39	6	8	15	47	4	10	16	4	
3	33	17	19	11	24	14	37	18	30	9	64	
13	27	2	63	18	13	7	8	17	16	16	74	5	71	12	47	
15	62	16	43	7	6	11	73	17	63	19	64	12	27	
16	47	4	23	7	60	0	70	12	28	6	74	17	44	14	4	9	61	13	52	
7	10	15	75	10	5	13	70	11	4	3	43	5	60	16	13	1	56	0	30	
19	24	16	46	18	20	3	66	13	50	9	69	12	58	5	43	7	57	
1	23	12	50	3	3	6	47	9	41	10	44	0	17	
13	69	6	21	19	23	2	30	5	58	11	40	
3	46	10	21	18	74	7	32	2	2	1	43	19	33	16	45	11	14	9	13	14	29	
19	21	7	6	15	3	18	66	3	7	16	52	6	34	9	54	8	45	13	61	5	65	17	47	
4	34	6	16	0	2	8	30	5	27	
6	61	10	33	8	6	11	26	4	21	17	47	14	8	5	56	1	16	
19	16	1	18	3	64	10	32	13	74	14	23	15	7	
0	75	1	58	11	52	14	36	17	17	4	22	18	42	
7	15	12	22	4	32	11	45	1	2	17	8	
4	35	3	67	7	57	0	71	2	64	5	43	18	15	1	59	11	61	19	55	6	4	8	17	
9	75	1	7	14	69	2	38	4	20	
7	61	5	60	15	41	2	64	6	8	18	42	9	1	4	49	14	59	11	19	0	16	
19	71	15	23	8	45	17	44	13	16	1	13	6	26	11	55	0	17	12	61	
7	7	9	14	6	41	13	3	2	66	8	11	
0	12	15	41	9	4	18	36	17	29	
4	40	5	53	3	28	7	47	11	38	
9	9	18	7	17	18	4	75	1	69	7	58	0	52	12	62	16	15	10	44	
7	26	19	14	9	55	2	20	5	69	15	49	17	11	14	36	3	50	4	75	0	39	
8	71	4	75	6	49	10	44	11	38	16	19	2	22	
5	16	2	28	17	56	6	30	19	4	10	59	15	34	14	72	16	68	9	45	18	33	
11	31	5	42	19	67	4	38	10	47	
11	43	8	10	3	7	2	57	18	30	
10	67	7	47	17	71	8	40	2	24	15	21	9	44	5	2	18	10	
4	70	11	45	0	39	18	7	13	29	2	49	7	44	
12	72	0	56	16	1	4	4	13	39	1	32	
1	24	19	53	6	46	8	9	0	47	13	29	5	32	9	44	16	21	4	20	
4	75	15	55	6	66	17	15	19	11	10	49	8	20	0	7	12	56	14	60	11	3	16	57	
17	27	7	23	16	55	12	50	3	30	6	22	11	34	14	26	
19	20	10	12	11	10	15	65	13	33	18	69	4	16	5	36	
6	54	16	24	4	5	9	64	10	4	17	13	3	75	
5	60	19	34	12	69	0	74	14	58	16	62	11	39	2	64	18	21	
3	57	12	74	2	43	18	55	14	64	16	17	13	7	
2	1	6	63	3	27	17	14	9	4	
10	22	14	23	4	4	5	11	2	5	15	49	13	59	19	71	0	8	3	58	17	20	
0	46	4	35	6	19	3	56	12	32	17	6	8	21	11	52	
11	58	12	13	3	51	8	45	2	57	4	2	0	15	
11	33	4	49	19	30	15	34	13	60	7	58	2	72	3	32	16	12	1	25	
7	48	13	23	11	34	5	3	3	4	12	43	9	54	
9	68	13	20	0	30	11	25	10	51	14	56	15	34	5	28	2	54	16	50	
16	59	19	39	17	47	1	3	13	73	10	44	0	63	3	46	8	4	9	29	
13	17	14	61	9	5	15	55	2	20	0	31	8	37	5	19	
13	49	17	51	18	18	10	37	1	36	
13	32	4	36	1	49	6	63	3	14	5	13	0	67	18	54	
13	24	8	67	2	48	18	62	7	26	9	74	12	53	
13	54	19	14	9	72	15	46	8	15	16	71	1	62	
10	42	16	19	18	8	5	73	1	36	
13	13	0	35	15	61	12	67	3	45	8	41	9	50	2	33	19	30	4	21	
10	19	7	74	0	36	11	57	9	20	2	75	6	39	5	1	
16	9	2	67	4	54	10	22	9	61	11	42	5	33	19	35	1	28	6	55	17	8	
1	32	16	14	8	16	6	62	15	45	5	74	18	18	14	61	
19	39	11	30	8	40	1	24	9	9	
11	52	4	35	3	47	1	15	19	5	13	39	7	14	16	19	15	44	8	8	14	61	
7	10	12	74	0	35	3	7	10	71	6	50	11	17	15	14	5	49	13	63	18	46	
9	8	2	5	0	32	18	34	8	23	17	49	11	50	
8	49	11	4	4	67	13	19	5	50	18	62	10	72	
12	48	1	39	9	31	3	34	5	41	6	18	7	6	
2	53	13	5	8	33	11	19	9	14	18	58	15	2	14	41	
6	63	13	40	19	46	5	42	1	68	9	49	16	60	3	66	11	75	2	24	4	9	17	43	
10	59	2	48	18	6	12	12	7	27	
3	58	9	32	18	48	4	43	11	56	13	54	15	39	16	51	14	3	6	10	
2	20	4	54	17	65	12	64	7	34	3	45	6	4	18	66	8	28	1	19	14	52	
5	59	16	6	1	25	9	53	10	45	2	7	4	68	7	54	18	15	3	73	13	50	
16	5	4	75	9	74	7	8	14	18	13	51	12	50	
0	28	5	56	14	58	2	25	19	67	7	54	3	37	10	43	
13	59	4	48	6	54	9	74	18	46	16	66	0	11	10	68	17	73	2	62	
2	71	14	7	16	48	3	56	7	25	15	66	5	43	6	14	19	20	9	42	
19	5	7	48	17	2	14	7	10	28	6	52	16	25	11	8	18	31	
6	63	11	16	17	8	7	45	13	34	10	52	8	22	
15	2	17	42	18	22	0	34	10	45	
4	60	0	24	3	64	19	66	2	16	15	55	10	7	
17	13	6	56	7	52	9	10	12	21	
1	40	9	56	14	8	10	51	3	39	8	54	18	68	13	14	2	25	
12	59	19	39	9	44	18	26	15	20	14	52	2	65	6	23	4	60	16	9	11	29	
15	22	2	37	7	73	17	8	13	59	3	47	9	27	11	49	14	48	
19	30	15	59	4	19	5	3	16	9	9	75	3	42	17	12	
6	34	4	55	10	7	13	63	14	53	9	25	16	59	1	61	7	48	
6	48	9	50	7	37	1	18	10	17	19	40	18	12	4	71	15	21	2	56	
2	23	19	74	11	62	13	24	4	7	14	35	7	34	10	64	5	61	
14	66	8	42	1	63	17	4	5	56	12	10	3	61	10	30	15	8	0	65	4	23	
9	55	8	13	14	23	11	74	3	51	1	70	6	71	4	7	5	5	
18	72	11	31	0	3	3	60	7	37	1	24	6	26	
13	9	17	39	4	7	3	14	2	61	15	13	11	74	12	4	9	27	19	58	
18	21	15	28	0	13	6	43	9	4	10	54	19	38	4	51	16	62	3	19	11	67	
4	12	11	63	12	3	5	60	7	1	13	59	3	9	0	58	9	8	8	53	17	74	
10	31	9	2	6	64	3	45	7	15	5	36	18	8	8	34	12	72	19	70	0	18	
7	53	3	33	8	32	18	75	2	58	1	12	14	31	
6	45	16	20	4	63	0	29	17	59	10	64	18	13	15	37	11	50	19	14	
11	30	0	10	10	49	8	15	16	53	18	43	13	35	
14	21	11	22	10	19	4	40	7	47	3	32	19	48	
7	40	4	61	18	71	6	5	13	29	
14	54	16	58	11	43	7	51	5	57	19	10	3	26	
19	30	18	73	14	46	12	68	9	2	
15	15	17	62	18	30	7	18	16	39	11	2	9	44	14	41	8	63	
10	18	14	34	18	38	6	45	13	73	9	54	0	60	2	61	4	22	
10	35	16	61	8	15	14	55	19	65	3	67	1	64	0	17	2	9	15	39	13	74	4	48	
9	75	11	26	5	70	12	65	4	71	2	20	7	1	16	51	3	60	14	14	8	68	10	3	
7	5	0	46	4	56	5	64	9	3	10	19	1	41	
2	70	3	23	10	16	13	15	9	20	16	62	17	18	6	65	15	6	7	52	
8	3	17	6	19	63	3	55	10	66	14	16	
2	53	19	47	1	19	17	60	8	6	14	44	5	51	4	26	18	5	16	4	
18	15	19	31	6	40	15	11	7	18	16	20	3	6	4	44	14	36	5	73	1	25	
4	69	19	42	7	65	10	43	16	70	0	23	5	44	11	10	15	34	
7	2	19	46	4	10	14	26	8	63	18	44	11	42	9	38	13	60	10	9	
8	11	13	17	2	19	14	50	4	16	12	23	1	52	18	41	7	42	10	65	16	58	11	35	
13	48	10	6	14	42	8	52	9	54	2	43	0	71	16	46	
13	41	4	4	2	59	0	67	1	15	6	47	3	38	7	52	
6	49	10	30	15	18	1	65	7	12	0	37	
3	35	11	43	15	70	2	60	7	29	1	22	0	40	4	21	
19	19	17	58	6	21	10	72	0	65	2	59	1	36	5	61	15	1	12	74	9	7	11	27	
4	14	19	52	14	6	15	38	2	24	5	66	7	54	12	3	1	63	10	15	
16	49	9	59	14	41	4	37	2	3	13	73	

All component type numbers for each job to be processed by MFPM
5	17	1	19	4	7	6	11	8	15	
1	47	9	27	2	39	
4	23	8	17	3	5	5	21	9	1	
2	28	7	33	
9	21	2	17	5	3	6	5	
3	50	9	48	0	42	2	41	
4	4	8	1	1	24	
7	40	
9	23	
9	48	6	43	4	40	7	28	0	37	
5	11	8	12	6	8	3	15	
0	35	
0	2	4	16	9	22	3	20	
2	47	8	34	
7	16	5	11	0	14	
3	41	8	44	1	40	4	50	5	49	
0	2	9	24	5	20	
6	46	
4	6	5	16	
0	27	4	31	2	33	7	26	
7	11	6	19	8	2	9	9	
4	39	8	45	5	30	9	50	
2	20	3	21	5	17	4	22	
8	35	
6	23	7	9	
9	37	3	45	
6	21	4	11	
8	40	7	34	2	47	4	28	
6	1	0	7	
9	34	3	43	0	44	1	36	
7	5	
0	30	3	39	
7	19	6	7	8	12	9	20	0	3	
8	38	4	27	2	35	
9	14	
0	45	3	40	
0	1	
3	29	2	38	0	40	7	28	9	36	
8	16	4	3	3	14	6	24	5	10	
9	35	0	47	
8	18	3	6	9	2	4	7	6	25	
4	37	
2	25	8	4	6	5	3	1	5	18	
4	35	0	28	9	50	
6	8	7	5	4	14	2	10	5	6	
1	42	0	44	
7	13	3	7	
3	49	4	32	1	42	6	35	
9	1	5	8	2	14	4	20	
4	50	1	46	0	40	9	44	5	28	
8	20	
8	48	9	34	5	37	
8	14	
9	27	4	47	5	34	2	35	7	32	
0	2	9	21	
1	47	
9	14	0	7	
7	47	6	32	
6	6	0	11	1	17	3	1	2	13	
7	50	2	36	0	31	8	37	
1	8	3	25	9	14	5	24	
2	39	3	33	5	40	9	41	8	29	
3	15	1	4	4	5	2	17	
1	27	
2	4	0	10	7	25	9	22	
1	30	3	40	5	29	0	49	8	41	
4	21	
0	41	3	42	6	50	
5	10	0	18	
7	44	
7	1	0	19	2	23	
5	34	7	36	
1	11	3	7	8	9	2	20	
0	37	3	30	8	39	6	32	
3	19	
4	34	
4	21	7	11	3	12	9	1	0	8	
6	47	0	26	2	46	
4	8	3	18	1	16	7	3	6	7	
2	31	8	38	5	35	1	36	3	50	
8	20	2	19	4	17	
5	29	4	35	7	49	9	44	
7	20	
0	36	4	30	1	42	2	29	
7	25	6	2	
6	40	9	28	
9	4	6	23	3	6	0	5	5	8	
1	32	5	27	6	49	
9	4	
5	44	1	41	6	47	
3	18	5	11	0	21	8	14	
4	47	
9	11	6	14	
9	46	7	39	3	40	
8	24	4	8	7	13	
1	27	7	44	
8	1	7	17	5	25	4	10	
9	27	7	47	8	37	
3	11	5	23	0	15	
0	31	2	43	5	36	6	42	3	35	
5	22	6	12	1	16	
0	44	7	36	
7	4	8	1	0	22	
0	33	5	49	7	26	
7	16	6	3	
6	30	
6	13	
0	39	6	37	5	45	4	29	9	44	
7	5	
8	32	2	48	0	47	
3	15	
3	45	8	28	5	38	
7	24	9	11	
1	49	9	35	
6	11	4	3	8	25	2	23	
4	30	0	39	9	50	
7	11	9	10	4	20	
3	32	7	26	4	46	8	50	
0	17	7	19	1	1	
0	49	5	34	
7	1	2	21	
6	43	2	26	7	32	5	39	
2	11	
0	47	6	33	
9	2	2	5	
2	45	0	47	5	33	7	41	
1	23	6	15	0	4	8	14	5	3	
4	31	
3	25	7	1	0	7	8	19	1	10	
4	39	2	31	6	48	1	46	
8	24	
0	38	
6	3	8	14	
7	41	2	48	
0	17	
3	44	
5	12	3	3	8	1	2	8	1	25	
7	29	2	31	5	40	
6	9	2	22	
8	42	6	28	
2	5	4	16	
0	44	
9	14	4	5	
8	47	
8	6	7	9	6	4	1	13	
9	30	6	44	1	28	8	41	
8	23	2	16	
4	38	
4	4	1	22	
3	48	7	33	2	38	
4	6	
2	40	
4	21	5	6	2	5	
2	45	
5	5	8	15	4	25	7	1	1	17	
3	48	7	29	8	27	
9	9	1	18	7	10	3	4	0	12	
0	46	9	31	4	38	
1	17	
5	39	6	48	
8	19	0	16	4	5	
9	41	3	31	2	44	7	38	6	36	
2	6	7	13	1	24	5	19	
7	33	3	32	2	30	
3	18	0	24	7	20	6	5	2	25	
2	29	0	35	
6	18	8	17	0	4	4	5	1	3	
6	35	7	44	4	45	2	29	9	32	
3	4	
3	36	0	29	9	47	
4	1	5	7	0	12	7	8	6	10	
1	43	
0	16	1	23	
4	30	8	32	9	42	
5	10	
7	28	3	42	8	34	2	47	6	39	
7	21	2	4	6	18	4	9	5	6	
3	48	6	39	5	37	2	33	1	38	
8	6	2	10	
7	47	1	29	
8	12	1	7	4	23	5	17	
0	43	
2	2	8	21	3	24	1	6	
6	26	5	30	8	44	
4	18	
9	27	1	40	8	50	7	35	
3	19	6	6	7	24	0	8	9	7	
4	37	8	35	6	47	
5	5	4	10	
4	37	6	44	9	32	7	33	
5	6	6	20	7	10	0	25	
8	48	9	32	1	30	6	45	5	37	
8	1	4	7	5	3	3	10	0	14	
4	34	3	49	6	41	5	35	
2	16	1	2	
3	31	
4	19	
6	31	9	37	
0	6	6	9	4	11	9	17	1	12	
5	30	4	32	3	42	8	37	9	45	
9	18	1	14	5	13	
2	30	0	38	6	32	8	42	
6	9	8	4	4	13	
6	43	0	49	2	32	5	37	
9	19	8	1	
5	49	3	37	9	38	6	39	8	46	
6	12	5	5	0	25	4	23	9	18	
8	35	4	50	
5	20	0	25	6	5	2	17	3	3	
5	38	6	45	2	39	8	34	3	28	
7	19	3	15	
0	37	8	26	
4	14	6	8	1	5	
7	26	
8	19	
4	37	
3	21	9	8	5	6	
3	27	6	30	
2	17	5	21	9	11	4	3	7	19	
4	38	8	48	
8	7	0	13	7	23	6	4	
2	49	3	46	
0	18	6	9	5	14	9	3	
5	41	9	47	
4	8	3	20	8	22	9	12	
7	49	
9	3	2	21	
2	38	1	40	0	49	
6	4	0	3	4	25	8	14	
9	37	3	29	7	39	8	41	6	28	
1	21	6	8	3	5	8	25	
5	26	6	35	4	41	
5	19	3	3	4	2	
3	44	5	35	0	28	
3	1	
5	43	8	35	3	44	4	30	2	46	
4	3	8	12	5	19	0	10	6	20	
3	43	7	29	
0	17	
8	27	
1	7	5	8	2	17	7	3	9	22	
7	40	0	28	3	39	2	34	
6	5	0	15	8	18	
9	50	
1	5	
8	37	0	46	5	34	1	45	
9	7	5	2	
1	35	8	32	
6	18	
2	26	9	35	1	48	4	40	
6	12	7	7	2	11	1	17	9	13	
5	37	
7	24	4	14	
0	41	5	43	6	36	
6	11	
7	38	
4	5	0	19	3	12	5	17	9	14	
9	43	4	31	
9	7	4	22	
4	30	7	35	5	49	9	38	3	46	
1	5	3	17	7	1	6	21	
9	26	3	46	0	48	6	50	7	40	
5	9	
6	47	
1	19	5	24	6	23	3	11	9	10	
2	27	1	26	0	38	9	48	3	36	
7	17	
2	44	0	30	8	43	9	41	7	26	
7	20	1	4	6	25	5	15	
8	26	5	46	
5	17	8	6	
8	27	0	30	6	36	2	38	
5	11	0	14	2	16	1	20	
6	37	
8	23	5	21	1	22	
8	44	4	26	
1	3	4	5	
1	44	2	49	
0	14	3	23	4	5	6	4	
2	48	1	42	0	40	
3	25	0	7	4	8	5	1	
9	33	7	35	0	30	
0	10	8	13	7	2	6	19	9	24	
9	35	2	28	
5	14	
6	40	2	44	5	46	7	47	4	35	
5	10	1	24	9	11	0	8	7	4	
5	26	8	32	9	28	
7	10	8	11	
7	41	6	40	
3	13	7	10	
4	40	
2	13	7	19	
6	36	5	38	0	40	
4	9	6	16	9	20	8	17	
3	33	1	28	8	32	9	44	7	43	
0	15	3	23	
1	33	5	29	
3	24	4	10	2	18	
8	44	4	29	
6	21	5	13	1	4	3	3	
6	29	0	48	
6	6	5	14	3	11	4	23	0	10	
9	36	1	49	7	41	2	35	4	37	
7	6	8	14	0	15	3	19	2	25	
3	46	9	36	
7	16	
1	42	9	35	2	28	6	31	
4	9	5	20	8	3	6	14	3	18	
1	36	8	39	6	41	9	42	2	32	
2	8	5	7	8	18	
4	41	0	34	3	28	
5	9	3	1	
6	35	4	40	3	50	1	37	0	44	
9	17	2	8	0	22	3	2	4	20	
6	32	
0	13	4	22	9	7	
3	35	8	44	5	31	6	27	4	37	
1	6	2	14	7	23	0	15	5	21	
0	32	9	34	
5	20	3	17	
2	47	5	40	8	33	7	44	9	48	
8	24	2	12	7	5	
5	30	8	41	1	26	6	39	
1	22	5	21	8	2	7	8	
3	47	7	42	
9	5	4	16	6	20	
0	41	
8	7	2	19	6	23	4	20	9	24	
3	27	2	47	8	36	5	46	6	31	
2	19	
5	35	
2	20	
9	40	7	34	0	44	
8	20	5	15	3	23	
9	35	3	27	1	40	
3	9	0	16	9	20	
8	36	4	46	
7	23	
1	41	8	34	4	37	3	28	
4	15	3	19	7	6	
1	26	8	37	3	30	0	45	
3	13	
2	50	
3	6	2	10	0	2	1	22	
7	34	4	50	0	27	1	35	
0	14	5	24	9	5	4	8	8	20	
0	26	2	45	5	44	9	32	3	43	
5	23	4	24	
9	48	5	26	2	34	
2	17	
4	32	7	47	0	28	1	39	
4	18	6	5	7	11	5	23	8	24	
8	47	0	31	7	30	
3	9	
4	50	5	40	0	42	1	41	
6	20	7	1	3	21	2	14	1	7	
1	48	8	50	4	44	
9	12	7	24	
5	27	
7	20	8	19	3	6	2	13	
5	39	7	35	6	36	4	27	
3	25	2	14	0	6	4	9	7	7	
5	49	7	26	1	32	2	50	0	33	
8	21	4	4	5	8	7	23	3	24	
4	35	2	33	0	30	7	38	
6	22	9	2	
5	44	
5	19	1	5	2	17	
7	27	9	36	3	31	1	37	
1	7	0	18	8	12	
2	46	
5	4	8	22	
2	37	3	40	4	45	0	47	
4	19	
2	49	7	26	5	34	
0	14	6	7	3	21	4	16	
2	46	9	42	
3	2	7	13	5	25	
0	40	
4	10	2	14	6	18	
1	26	8	32	0	47	
7	17	0	13	8	15	
2	27	3	50	6	45	7	41	9	39	
1	21	6	23	7	9	
9	46	8	49	
4	18	8	20	1	16	3	1	6	6	
4	43	
3	24	2	17	
7	33	5	43	1	28	
5	25	2	19	
5	38	7	48	9	27	
4	16	2	25	8	19	
2	38	6	42	8	41	4	37	
9	12	4	9	3	14	0	18	
4	46	8	45	
5	3	0	20	6	1	3	22	
0	33	5	40	8	43	6	47	
8	16	9	14	4	7	
5	48	7	34	

Three processing times per job on each machine
The best scenario
408	139	157	
82	62	71	
168	239	297	
43	108	35	
292	349	190	
163	214	339	
118	240	307	
179	376	303	
181	216	228	
362	170	196	
205	221	197	
104	66	65	
437	316	78	
155	89	161	
142	223	133	
30	35	64	
110	159	114	
298	200	79	
177	102	133	
213	206	330	
69	76	70	
167	179	298	
178	108	75	
121	203	114	
333	131	143	
60	86	111	
244	101	248	
78	74	314	
27	91	56	
51	54	117	
252	191	259	
126	42	106	
154	273	236	
54	30	24	
491	73	348	
230	142	132	
323	165	268	
40	35	11	
16	37	57	
18	20	33	
245	177	145	
314	360	281	
159	149	71	
307	385	244	
135	88	154	
74	128	150	
102	216	168	
254	97	216	
206	183	193	
108	264	248	
221	198	103	
374	185	240	
278	229	210	
131	96	150	
439	230	329	
130	112	156	
245	147	140	
143	92	157	
40	41	43	
258	160	249	
546	305	278	
119	141	139	
155	148	156	
387	246	169	
90	78	54	
78	100	146	
214	257	237	
103	258	293	
28	148	98	
31	34	23	
107	99	113	
190	97	56	
106	27	89	
55	111	21	
19	38	24	
106	46	43	
148	140	95	
174	199	290	
345	190	254	
84	46	35	
109	224	120	
68	84	35	
63	166	158	
76	187	147	
17	20	13	
253	327	187	
31	38	47	
110	90	48	
138	265	310	
152	104	129	
146	318	299	
127	157	319	
441	98	263	
153	188	378	
216	393	107	
346	105	236	
46	124	295	
54	43	208	
218	386	227	
53	46	58	
137	75	69	
347	240	248	
48	122	91	
80	54	19	
181	346	162	
77	13	43	
167	179	208	
296	336	153	
90	74	49	
45	15	16	
110	112	31	
99	144	58	
208	107	203	
31	25	129	
141	68	149	
406	200	403	
15	13	32	
124	90	126	
125	153	91	
63	50	39	
14	34	28	
189	143	465	
229	126	185	
169	176	309	
393	254	397	
23	96	36	
12	16	59	
61	20	73	
164	68	162	
63	58	36	
89	40	127	
143	145	139	
100	96	103	
157	237	250	
161	360	197	
144	228	99	
27	26	45	
355	89	271	
63	88	34	
109	213	248	
243	180	251	
79	164	239	
71	276	385	
574	127	137	
352	195	241	
85	398	395	
123	70	63	
20	17	63	
53	84	163	
148	319	287	
48	85	64	
68	56	62	
208	95	221	
191	227	136	
57	94	60	
74	130	104	
133	169	283	
210	115	316	
77	152	139	
302	259	198	
107	191	136	
336	147	172	
127	253	203	
79	135	82	
128	57	87	
42	67	89	
140	119	214	
154	191	217	
224	333	139	
186	78	159	
85	173	107	
67	103	99	
55	70	95	
90	72	14	
52	87	132	
146	168	98	
162	148	263	
271	269	185	
131	278	172	
138	116	58	
27	47	50	
229	211	117	
89	289	159	
20	38	32	
308	120	275	
88	38	38	
92	227	225	
242	127	164	
72	95	70	
42	25	58	
82	112	52	
243	239	249	
396	220	119	
204	158	322	
210	313	173	
217	102	56	
277	111	109	
82	32	60	
153	333	234	
144	120	64	
Most likely scenario
413	275	227	
137	94	133	
322	299	358	
61	128	68	
343	434	335	
209	360	406	
158	397	323	
244	414	402	
320	286	297	
382	239	295	
337	261	306	
177	107	92	
479	444	151	
159	163	184	
190	234	239	
44	49	74	
167	207	169	
498	253	140	
189	126	138	
251	351	362	
95	102	112	
170	309	373	
268	126	87	
202	292	159	
451	213	160	
88	166	134	
301	126	249	
102	101	332	
45	121	89	
79	92	203	
443	275	352	
215	84	208	
178	329	389	
68	40	39	
507	144	542	
254	218	170	
384	241	405	
41	54	19	
29	70	64	
32	21	64	
309	218	151	
329	385	290	
188	232	110	
399	438	339	
183	97	270	
128	174	227	
118	353	174	
264	162	395	
237	212	255	
165	328	291	
315	291	121	
431	253	389	
302	299	251	
156	190	211	
505	258	448	
188	157	195	
319	186	144	
156	141	174	
75	68	51	
404	182	254	
559	332	354	
155	167	161	
306	155	276	
601	281	269	
121	134	80	
144	172	195	
395	394	256	
177	464	374	
47	175	129	
41	56	39	
128	133	125	
197	100	70	
111	40	128	
103	118	41	
30	73	36	
159	68	63	
168	225	158	
194	382	417	
397	227	328	
107	63	47	
151	243	130	
80	115	43	
111	269	176	
81	195	259	
26	23	20	
343	398	189	
42	45	56	
146	167	56	
143	369	411	
233	125	169	
282	466	401	
176	197	338	
492	156	389	
289	258	500	
317	402	136	
390	207	258	
75	227	302	
83	79	209	
252	485	278	
93	73	82	
189	85	107	
493	443	419	
94	195	97	
115	90	33	
301	488	214	
78	20	51	
268	206	220	
439	397	235	
123	100	79	
55	22	19	
119	147	49	
106	191	109	
310	205	336	
55	35	138	
165	105	222	
443	316	447	
17	23	55	
245	125	234	
170	186	140	
75	51	45	
28	35	44	
190	198	549	
308	146	205	
178	222	385	
482	439	417	
28	102	45	
15	28	62	
73	35	76	
223	104	261	
102	59	72	
126	64	177	
165	169	159	
137	147	131	
285	277	282	
204	372	383	
198	244	112	
52	30	77	
461	138	413	
117	117	49	
138	259	437	
258	348	260	
154	208	245	
110	299	417	
584	211	216	
393	239	298	
146	414	437	
188	101	64	
23	33	67	
91	132	285	
201	397	399	
53	167	70	
94	72	75	
245	158	240	
295	450	143	
95	107	78	
108	176	142	
145	267	437	
295	205	471	
117	165	164	
364	380	386	
139	250	236	
398	211	204	
242	269	258	
152	158	108	
165	89	137	
66	81	121	
169	136	234	
170	252	349	
263	334	214	
284	145	306	
99	184	141	
124	123	102	
56	116	103	
95	96	26	
64	105	168	
192	232	122	
174	280	366	
282	319	278	
209	509	195	
179	128	109	
35	55	79	
276	241	157	
92	290	247	
33	59	37	
331	194	424	
95	62	65	
161	353	441	
247	214	210	
117	102	94	
70	46	88	
91	120	68	
294	290	349	
426	261	174	
285	236	419	
216	314	280	
255	177	99	
330	211	121	
101	39	104	
226	443	379	
169	190	66	
The worst scenario
489	376	340	
164	96	196	
448	442	521	
69	190	91	
367	531	405	
269	455	535	
214	507	433	
322	432	428	
444	296	377	
510	297	315	
461	310	457	
214	133	120	
686	664	192	
200	208	266	
274	291	266	
53	73	90	
200	254	179	
687	310	143	
205	140	180	
313	450	522	
120	153	122	
225	377	454	
357	180	121	
274	294	176	
507	259	214	
111	172	138	
392	182	288	
142	109	468	
65	166	104	
110	103	245	
485	378	471	
234	116	297	
239	359	572	
89	52	52	
693	148	625	
297	278	251	
520	298	559	
43	73	24	
40	89	90	
33	27	89	
396	246	193	
407	536	374	
252	323	143	
488	606	478	
207	107	387	
174	195	336	
173	373	237	
284	214	557	
339	315	295	
223	429	435	
339	308	134	
505	255	459	
387	430	293	
209	238	294	
683	267	632	
271	181	202	
445	259	190	
173	150	260	
77	102	59	
481	222	322	
675	388	407	
174	244	212	
361	182	324	
747	401	349	
168	183	92	
210	244	214	
481	429	299	
236	469	416	
64	191	149	
57	60	46	
164	158	153	
208	111	78	
134	46	186	
106	142	52	
42	108	43	
177	84	82	
247	235	215	
217	480	575	
462	285	449	
156	65	49	
159	297	167	
98	125	44	
112	362	192	
120	247	387	
38	25	29	
457	435	283	
54	57	63	
158	236	57	
202	429	596	
308	186	235	
326	568	518	
253	271	449	
613	174	561	
344	351	548	
458	494	185	
436	292	281	
84	336	413	
98	108	307	
346	518	320	
113	98	89	
215	96	115	
669	612	456	
135	245	99	
135	135	44	
371	704	245	
101	23	57	
348	308	315	
566	416	341	
156	145	93	
56	32	24	
169	158	59	
130	230	131	
464	214	369	
62	39	153	
224	121	236	
445	427	521	
20	29	77	
307	149	291	
201	224	201	
78	64	60	
33	48	59	
213	258	743	
396	161	226	
237	228	417	
622	507	469	
30	153	63	
20	32	73	
109	52	91	
234	134	269	
132	67	83	
136	85	252	
180	177	230	
185	160	184	
396	396	333	
303	526	546	
260	286	134	
74	36	102	
621	193	601	
145	121	73	
149	281	554	
340	411	272	
212	216	296	
162	310	596	
586	312	276	
404	343	372	
192	438	485	
195	133	79	
30	44	78	
103	186	305	
222	426	577	
75	189	86	
121	81	107	
317	163	276	
297	478	181	
138	126	98	
117	259	193	
187	352	538	
338	224	607	
150	191	220	
371	450	446	
172	308	336	
446	281	303	
270	278	316	
221	159	114	
215	112	159	
83	111	169	
225	171	314	
195	370	367	
363	342	303	
354	210	334	
116	252	210	
142	155	126	
59	123	121	
141	144	36	
80	146	178	
263	279	180	
238	384	424	
369	368	307	
310	636	246	
208	133	146	
37	63	102	
392	354	221	
118	423	367	
35	80	41	
469	195	499	
135	74	82	
230	393	556	
284	258	314	
141	104	133	
79	50	103	
99	150	69	
374	434	483	
597	300	257	
346	348	507	
277	420	285	
299	259	107	
386	218	172	
142	55	127	
243	482	385	
191	264	86	
