Factories	4	Jobs	200	Machines	3

Total number of component types per job processed by HSPM
10	8	12	8	7	7	11	5	8	7	5	5	7	9	12	11	8	12	6	10	12	8	12	7	9	9	6	8	8	6	10	5	8	10	5	6	9	11	8	6	11	9	6	6	8	9	6	5	7	11	12	7	10	8	5	11	10	8	11	9	10	11	5	11	10	6	10	12	5	9	7	7	5	6	8	9	5	12	12	9	6	6	12	7	6	6	12	11	7	5	11	7	12	7	8	8	9	10	6	8	11	8	9	8	6	6	9	5	6	12	6	8	7	5	5	10	9	9	10	7	6	10	6	11	6	11	12	10	6	8	6	12	12	9	5	9	6	9	9	10	11	7	6	9	9	10	7	9	9	10	7	8	9	5	6	11	8	7	8	11	7	6	5	8	6	5	12	11	5	6	9	8	12	6	9	12	12	12	12	11	8	9	10	5	6	7	8	9	11	11	5	11	6	5	9	10	11	10	6	5	

Total number of component types per job processed by MFPM
3	3	4	1	3	4	4	4	3	1	3	3	4	4	2	4	4	4	3	4	1	1	3	1	4	3	4	5	3	5	4	1	4	4	4	4	4	2	4	4	3	3	3	1	1	1	2	3	2	1	3	4	1	1	4	3	5	2	1	1	4	1	4	4	1	3	4	4	3	2	1	1	3	3	2	2	3	5	3	1	1	1	4	3	2	3	1	4	5	5	5	4	1	4	4	5	4	5	4	3	4	1	3	1	2	2	4	4	1	2	5	3	5	1	2	1	5	2	5	4	2	4	2	2	5	2	2	3	2	2	2	2	4	1	2	1	1	5	2	3	3	2	1	2	5	5	3	3	1	3	4	3	3	1	4	5	1	1	3	5	2	3	5	3	1	2	4	3	3	2	1	4	1	4	2	1	1	4	5	2	3	1	5	3	2	5	2	2	1	4	2	3	5	4	2	4	4	4	4	2	4	2	2	2	2	2	3	2	2	1	5	2	1	3	5	4	3	4	2	3	3	1	3	2	1	1	2	1	1	3	5	5	4	1	5	5	5	2	5	5	3	4	2	1	1	1	1	5	4	2	2	2	4	1	2	4	3	1	2	4	1	5	2	1	1	2	5	4	2	2	3	2	1	2	5	1	4	2	5	1	5	3	4	1	3	5	3	4	5	5	4	1	2	2	3	4	5	1	1	1	5	4	1	2	5	4	1	4	5	2	2	4	2	4	2	2	4	4	2	5	2	1	2	1	3	1	4	5	1	3	1	1	1	2	4	3	2	4	1	3	5	4	5	5	1	5	2	4	3	2	2	4	3	2	4	5	4	4	4	2	5	2	4	5	4	4	5	1	3	2	2	2	4	5	1	1	3	5	2	1	5	2	4	2	5	5	4	2	2	2	1	5	4	1	5	2	2	3	2	5	

All component type numbers for each job to be processed by HSPM
4	48	0	28	13	70	9	49	10	59	15	42	8	74	1	17	6	20	14	8	
6	44	0	30	12	66	5	58	4	67	7	53	15	22	13	72	
10	71	16	15	0	14	6	28	1	13	12	12	19	70	18	47	11	41	14	35	17	30	15	68	
3	7	19	31	12	28	9	48	5	68	4	70	1	34	13	55	
15	69	19	39	6	46	16	10	18	2	17	27	5	40	
13	69	5	15	2	63	1	41	18	35	15	40	19	22	
16	71	13	55	0	5	7	13	14	38	11	44	8	23	9	22	2	19	3	73	17	46	
4	44	6	41	8	1	7	40	10	19	
2	2	5	1	3	53	0	25	7	42	12	65	6	22	8	49	
10	34	4	3	19	55	16	52	9	57	8	6	2	17	
7	5	1	43	12	10	17	32	16	71	
9	38	16	68	2	24	0	40	7	27	
1	54	18	73	6	50	7	45	0	24	2	41	5	4	
15	31	5	69	6	14	0	12	1	21	3	65	11	32	19	62	12	35	
9	52	12	58	19	66	13	65	3	26	14	14	16	22	15	46	10	64	1	34	6	4	7	20	
1	13	18	71	19	18	5	1	0	63	6	29	7	27	12	24	13	17	10	31	14	32	
14	73	5	11	16	67	17	20	3	47	12	29	8	38	15	8	
9	12	18	64	1	55	6	2	7	24	14	10	19	21	15	28	16	51	5	39	12	19	17	72	
14	32	1	49	8	73	9	43	10	68	0	33	
4	70	19	5	0	61	13	13	15	25	16	7	11	49	9	28	18	19	8	10	
10	35	11	34	1	57	0	70	5	37	9	8	14	1	4	27	8	64	13	26	2	67	6	50	
4	52	12	10	16	32	17	23	8	14	1	15	3	42	18	24	
14	2	12	19	1	31	0	58	3	41	11	37	5	14	6	51	18	36	10	3	2	39	17	22	
8	6	18	14	6	59	3	69	4	9	11	66	13	23	
6	24	12	54	16	50	3	8	2	63	8	10	4	69	11	64	10	38	
7	64	16	47	13	35	10	12	5	24	3	71	6	68	2	23	15	44	
17	38	4	26	8	31	2	11	3	25	14	63	
4	58	10	70	9	11	17	27	3	17	16	15	14	65	12	46	
13	1	14	39	4	3	1	18	16	5	17	69	7	11	19	54	
6	44	3	31	16	10	13	18	4	40	5	48	
11	4	1	53	0	10	5	14	12	69	3	63	6	18	10	70	8	7	19	5	
0	27	10	13	11	20	2	43	13	8	
5	66	6	46	0	32	9	54	17	13	2	34	11	71	15	36	
3	60	2	48	5	4	10	33	16	7	15	47	17	9	4	74	18	38	0	2	
11	74	9	19	12	69	19	50	14	73	
14	58	9	18	10	34	6	41	4	4	1	70	
13	1	19	56	8	15	2	59	18	8	5	10	14	37	6	18	17	13	
8	29	1	62	6	18	19	48	7	39	15	64	18	55	0	54	17	53	13	73	11	27	
5	33	1	46	16	11	8	26	18	44	17	8	4	17	6	34	
5	29	14	36	18	5	9	44	12	62	17	1	
10	13	8	41	9	59	1	27	0	50	16	17	11	10	13	51	12	20	19	71	5	57	
5	45	19	39	2	26	17	50	14	13	8	14	3	32	1	6	15	57	
9	50	11	57	18	64	8	1	13	8	19	39	
4	5	10	30	3	67	13	66	12	45	14	18	
1	36	13	43	2	48	7	32	16	50	9	34	15	1	19	33	
2	23	4	37	7	3	19	20	17	55	16	57	0	8	11	63	12	65	
8	24	5	54	0	42	7	34	12	16	16	48	
19	2	4	47	6	16	15	55	9	4	
8	66	18	33	0	64	19	1	6	6	4	17	10	25	
4	70	0	10	16	27	19	59	9	46	18	53	12	16	14	65	7	21	15	7	6	39	
19	12	15	44	10	4	7	30	8	53	0	75	11	15	13	10	12	23	3	45	18	32	2	67	
1	6	12	54	8	12	2	59	18	9	16	21	6	62	
14	26	9	72	0	17	13	9	10	5	17	48	18	4	19	60	11	41	8	55	
9	34	8	31	0	41	15	55	5	27	3	40	6	61	1	50	
14	57	1	74	16	75	2	66	17	22	
4	35	1	26	11	50	15	53	10	62	2	12	8	49	9	19	18	46	14	27	7	5	
1	14	9	11	17	27	13	67	19	10	18	40	10	53	3	7	15	68	0	2	
11	2	0	61	3	6	6	7	15	4	1	48	16	60	4	59	
8	37	16	69	5	55	7	53	12	8	0	47	3	63	6	35	14	72	15	67	9	71	
15	39	19	75	12	68	11	71	10	2	5	18	16	28	7	50	0	34	
13	19	12	3	18	35	4	18	19	48	3	36	9	7	0	52	1	12	10	28	
5	36	17	6	8	43	0	13	4	42	12	14	10	62	15	11	2	50	13	49	14	17	
8	30	3	15	12	73	5	43	10	69	
5	45	15	30	10	37	9	48	3	38	16	40	17	70	7	67	18	35	14	20	11	39	
10	35	7	73	17	19	0	59	14	72	1	1	6	75	19	74	8	46	11	32	
10	27	13	28	16	59	14	52	5	62	9	24	
13	2	14	22	11	8	10	27	7	43	0	4	1	68	9	12	2	23	6	18	
12	16	6	42	3	21	8	50	14	59	10	41	16	52	0	5	17	15	18	40	11	45	13	14	
5	19	3	39	11	68	9	61	8	5	
19	55	9	10	6	62	12	30	7	45	18	21	16	68	11	4	17	27	
6	2	15	71	2	45	7	53	17	32	11	13	8	12	
18	8	10	42	6	35	5	6	1	26	19	39	11	54	
14	65	15	2	9	4	13	20	3	19	
4	35	10	49	11	75	18	47	12	56	1	74	
8	75	6	16	16	41	10	51	4	69	13	40	15	64	11	8	
4	35	8	75	2	7	17	49	5	61	3	24	18	18	16	67	0	66	
11	41	15	54	3	46	0	50	13	26	
18	65	7	51	15	15	13	41	17	50	9	1	10	70	1	57	5	46	4	60	6	72	8	25	
11	50	16	32	3	18	0	13	9	46	7	64	19	59	4	35	15	6	14	52	13	31	12	4	
8	64	3	9	18	25	6	41	17	2	11	75	7	43	0	13	12	31	
0	71	6	59	4	35	9	72	17	52	3	33	
3	21	12	9	10	3	9	73	6	27	1	37	
11	10	3	57	18	70	17	61	15	12	12	44	19	50	4	26	16	45	13	21	8	51	1	34	
5	33	6	73	2	58	8	24	4	42	9	55	12	65	
8	27	0	52	13	1	11	26	17	48	18	16	
18	23	5	8	2	58	15	29	13	34	7	43	
1	42	17	6	5	48	4	23	12	67	7	45	11	18	18	71	10	29	14	72	16	44	8	8	
11	27	13	59	8	55	5	60	19	69	15	28	12	58	6	18	14	4	4	49	1	46	
5	37	19	33	0	46	7	32	2	64	13	11	6	50	
11	28	1	53	18	43	17	41	6	29	
9	16	19	46	11	29	6	59	15	38	12	36	16	40	5	3	18	8	0	44	4	69	
0	36	2	62	15	11	10	41	19	8	9	69	5	72	
11	59	16	75	2	13	6	18	9	16	17	43	4	12	7	1	14	39	5	5	19	4	3	73	
19	1	10	32	16	14	15	66	17	70	6	48	13	52	
8	2	17	74	4	8	10	43	3	30	1	56	0	63	12	11	
11	14	3	21	10	6	4	43	5	75	7	72	0	71	14	12	
5	49	12	72	2	63	11	70	13	11	14	13	0	18	1	69	8	42	
9	48	1	33	6	67	17	35	13	38	4	41	12	17	0	49	5	36	2	31	
10	13	16	29	8	65	19	57	2	64	1	36	
2	43	12	5	0	27	11	18	6	19	7	15	18	6	19	40	
10	18	9	35	11	9	1	28	6	53	5	11	18	50	3	46	2	4	16	25	14	38	
0	65	7	56	10	48	11	68	17	37	5	28	6	5	1	32	
15	11	11	52	17	17	4	47	0	3	8	43	14	4	12	21	7	65	
9	28	2	31	6	41	3	18	17	33	4	38	13	75	0	29	
11	4	13	41	15	49	4	39	5	66	8	9	
10	41	8	58	2	64	1	74	14	32	19	75	
8	28	13	40	16	37	9	27	1	18	12	57	2	34	11	31	18	4	
3	65	15	4	18	41	17	42	14	71	
2	26	8	68	15	73	17	12	14	72	13	6	
2	9	19	73	17	45	14	19	5	52	15	60	18	4	13	72	3	61	11	38	16	75	9	34	
19	53	10	62	3	68	15	63	13	37	4	45	
7	27	15	8	6	35	13	64	3	12	0	62	14	28	5	47	
5	11	15	66	14	53	13	14	16	35	18	44	9	5	
4	9	3	25	16	21	17	41	7	42	
0	29	10	31	11	68	3	62	8	44	
1	73	11	61	7	69	3	12	17	62	0	14	14	18	9	64	19	36	18	70	
8	56	0	27	3	5	6	34	15	54	7	20	4	41	19	47	14	12	
5	64	4	23	17	69	19	74	7	38	18	25	13	18	6	26	10	22	
2	70	9	24	16	6	15	21	14	44	0	2	6	19	3	36	12	39	1	34	
2	42	9	30	6	43	0	36	13	40	11	49	18	16	
7	62	5	1	0	7	1	26	6	36	16	57	
13	23	5	47	12	36	14	51	1	33	9	68	7	11	0	32	18	7	2	9	
7	18	17	14	10	12	2	59	15	65	5	38	
5	40	10	56	12	13	9	51	6	59	19	45	7	15	16	74	17	69	18	35	1	44	
15	63	3	74	9	11	19	14	16	53	8	7	
8	66	0	45	5	19	17	61	9	37	2	68	16	52	1	14	13	16	11	38	7	33	
18	7	10	67	11	20	13	30	1	44	6	23	5	63	17	50	8	55	14	16	15	37	2	17	
10	17	8	15	9	25	4	33	15	75	17	50	0	47	19	13	7	16	14	1	
2	28	14	47	18	31	1	24	0	55	15	45	
18	45	14	21	7	43	2	11	10	20	12	14	3	15	6	28	
1	24	14	36	0	41	15	39	18	18	19	45	
4	55	14	24	15	34	8	67	7	6	2	10	18	11	17	53	11	47	10	74	5	4	0	29	
8	44	16	19	4	65	6	40	15	8	18	51	1	6	12	47	5	24	14	46	11	66	3	74	
0	43	10	42	7	46	17	24	8	72	6	75	1	1	11	5	19	2	
2	9	7	33	11	28	9	69	0	15	
7	25	3	56	11	39	15	6	16	59	12	64	4	55	0	52	5	71	
10	73	11	28	15	46	17	19	5	71	13	27	
9	31	18	64	2	41	11	20	8	6	6	69	15	70	5	73	0	22	
6	33	15	70	11	57	13	6	9	44	7	36	3	69	8	15	1	73	
13	60	0	22	6	63	17	28	4	62	9	24	11	16	14	32	3	14	19	46	
19	5	4	25	0	17	10	20	11	70	12	49	16	18	14	28	7	13	6	57	15	35	
17	5	16	6	15	2	1	64	0	74	7	46	5	16	
3	4	17	9	7	50	1	62	16	29	4	56	
10	69	7	10	6	48	13	47	14	11	18	61	12	26	2	23	5	4	
17	28	0	40	12	42	1	70	14	46	4	65	7	29	13	23	3	60	
17	1	10	69	9	60	0	59	12	57	13	65	5	22	15	6	11	71	4	49	
7	19	2	57	11	47	16	11	9	62	18	8	12	13	
17	36	5	46	7	29	1	65	19	8	11	5	13	18	3	49	6	25	
2	42	3	68	15	2	11	27	1	1	19	34	6	37	9	65	0	50	
18	36	17	44	3	43	16	13	5	6	15	51	0	10	10	7	1	8	14	75	
6	7	4	11	12	46	14	1	19	6	11	20	3	61	
3	23	8	50	5	12	4	24	7	11	2	42	11	65	18	38	
9	28	18	5	7	54	8	63	1	31	3	32	0	44	4	51	17	34	
8	74	9	36	5	69	18	38	4	54	
0	40	3	55	13	50	11	6	19	24	1	1	
4	26	13	72	15	58	7	17	12	71	19	24	14	69	6	21	0	36	8	29	3	8	
13	51	17	60	5	68	16	73	12	50	3	69	7	9	19	14	
10	65	16	35	15	49	19	42	4	43	7	2	14	4	
1	59	11	71	10	72	8	16	13	43	4	25	12	74	7	62	
12	40	4	56	8	23	14	61	7	19	11	47	19	20	6	10	15	48	13	36	3	3	
5	23	13	19	7	40	15	55	10	32	14	73	11	34	
10	75	12	9	2	12	8	21	6	47	14	71	
6	10	2	32	9	19	5	39	11	42	
6	51	7	58	14	16	17	7	5	66	15	75	19	52	0	32	
10	47	2	43	13	11	17	12	6	63	3	51	
9	36	1	16	2	55	0	64	7	69	
14	40	15	25	4	67	18	51	7	22	17	46	2	60	8	57	10	61	19	52	9	28	1	27	
16	70	18	52	10	4	14	53	5	64	2	43	0	32	9	72	3	45	13	57	11	24	
11	73	5	2	13	3	7	15	18	56	
14	51	18	50	15	25	1	57	10	34	16	67	
12	26	3	33	14	27	18	51	6	13	19	69	7	50	17	17	4	65	
5	63	12	32	3	64	4	15	8	31	2	19	9	42	16	39	
18	41	4	63	8	11	3	66	9	45	0	3	6	38	14	19	5	25	7	54	17	1	16	24	
15	4	1	57	4	65	11	54	17	40	2	29	
18	28	8	51	2	47	19	20	5	66	12	10	10	42	13	16	15	65	
9	25	19	48	2	24	11	59	10	2	16	67	12	39	15	6	4	30	1	37	18	26	3	52	
6	5	3	58	19	6	15	69	14	17	17	61	7	53	18	47	2	49	5	44	12	59	13	16	
5	1	17	39	0	20	13	38	15	12	12	52	7	13	9	8	18	7	2	55	4	17	10	53	
16	54	9	74	17	70	18	5	4	62	7	72	14	63	13	38	11	23	6	25	12	68	3	50	
17	12	3	23	19	71	0	13	14	22	12	54	6	31	1	20	10	51	16	11	9	49	
13	9	3	8	10	21	9	62	0	74	1	38	12	3	19	16	
15	74	2	31	17	69	11	58	14	63	9	50	12	10	1	66	6	41	
10	70	17	69	2	36	13	16	8	21	4	2	18	57	7	9	14	12	1	74	
4	67	3	53	16	69	18	40	9	42	
2	23	13	49	19	8	12	11	7	63	4	61	
8	39	7	67	19	20	11	66	13	64	17	10	5	61	
18	1	1	27	13	31	19	28	2	35	0	21	11	13	5	57	
12	70	4	61	11	29	5	6	6	12	18	38	16	67	14	27	15	2	
3	9	1	1	12	6	10	63	14	66	5	21	13	22	4	47	11	57	9	45	18	37	
9	32	18	44	17	59	4	75	16	68	10	66	5	23	1	4	12	52	13	27	14	2	
7	9	14	8	10	32	1	41	12	27	
0	55	17	63	2	66	15	47	18	19	16	17	12	32	1	59	6	26	5	44	13	68	
15	28	10	51	7	46	17	54	14	50	13	38	
12	51	13	64	10	49	4	36	3	40	
6	21	12	58	2	18	8	6	9	28	10	55	13	5	0	15	5	41	
16	30	13	68	11	44	5	45	12	27	3	75	14	28	0	19	17	55	19	38	
19	25	3	40	6	59	12	31	5	5	4	12	0	34	15	13	8	41	10	9	1	49	
1	45	19	69	7	41	3	16	12	50	9	22	14	10	16	12	8	23	2	3	
13	58	5	62	12	60	2	3	11	48	6	54	
6	52	9	14	3	21	8	42	2	61	

All component type numbers for each job to be processed by MFPM
4	13	2	14	6	19	
9	41	2	45	6	36	
6	22	4	2	1	3	8	21	
4	40	
8	19	1	10	0	18	
4	26	3	34	8	48	0	42	
9	7	7	8	4	6	0	18	
6	49	8	28	3	40	9	36	
1	10	2	25	6	9	
0	46	
7	2	1	20	5	21	
4	27	2	33	0	48	
5	9	4	7	8	10	9	15	
0	38	5	45	9	39	3	29	
1	6	2	4	
7	31	6	40	0	29	3	38	
3	9	0	17	7	1	4	16	
1	50	2	47	5	39	7	29	
7	24	9	18	5	23	
1	40	5	31	9	34	8	29	
5	2	
7	32	
0	4	8	25	7	5	
0	26	
1	24	9	17	7	16	6	6	
5	48	8	41	3	30	
1	11	4	9	6	18	7	16	
1	43	3	30	4	38	0	36	6	29	
6	3	1	15	8	16	
7	42	1	50	8	44	3	37	0	38	
0	22	6	12	7	8	4	3	
0	50	
3	9	8	16	4	4	1	2	
7	36	5	27	6	33	1	47	
2	20	3	14	6	8	9	16	
2	39	6	36	1	27	5	42	
6	4	7	2	0	25	3	20	
3	30	8	31	
9	21	8	2	4	12	5	18	
6	48	7	27	0	47	3	40	
2	25	1	5	8	9	
4	30	0	36	5	43	
6	7	9	8	3	2	
2	34	
6	14	
9	44	
5	1	9	13	
1	31	6	38	3	37	
2	1	0	3	
9	35	
6	23	8	21	3	5	
3	38	9	42	1	35	4	39	
3	14	
2	40	
6	17	7	7	8	18	5	16	
3	43	7	35	1	36	
1	20	8	23	6	9	9	24	5	12	
9	43	7	49	
3	24	
2	34	
8	21	4	5	9	8	2	15	
2	28	
8	17	6	14	4	6	2	12	
9	39	3	44	6	50	1	29	
4	10	
1	34	9	43	0	33	
9	10	6	5	1	6	8	12	
7	37	5	27	6	42	3	47	
0	13	1	7	6	6	
6	48	5	47	
3	19	
0	36	
3	23	5	25	1	16	
8	35	4	43	5	47	
0	4	5	7	
7	49	9	33	
1	20	3	23	0	16	
2	26	5	27	3	40	6	28	9	34	
3	24	9	2	8	18	
0	26	
9	12	
8	30	
3	6	4	8	0	10	6	24	
8	50	6	46	9	31	
9	12	4	1	
6	40	3	44	0	41	
1	15	
4	49	6	42	9	36	3	44	
7	20	2	24	9	22	6	17	5	12	
9	34	0	33	5	37	7	47	2	42	
5	16	1	18	3	17	0	15	4	23	
9	44	2	42	8	37	5	27	
8	15	
2	38	3	42	9	36	1	47	
6	25	1	2	9	11	2	22	
4	40	1	34	6	37	5	39	3	38	
1	11	7	4	8	5	9	22	
2	41	7	42	0	44	6	34	1	28	
4	6	9	21	3	9	2	14	
1	42	6	28	0	43	
8	13	3	9	6	20	9	12	
8	37	
7	13	9	19	8	7	
1	27	
5	1	6	24	
7	34	4	38	
3	1	5	13	6	14	4	16	
7	43	3	35	5	32	9	48	
2	19	
0	44	4	45	
1	15	0	17	2	13	5	23	9	21	
2	35	8	30	9	42	
4	20	6	13	3	9	7	12	1	25	
1	39	
5	24	9	18	
8	48	
9	15	5	3	3	1	6	13	7	7	
0	35	2	29	
2	15	4	6	0	13	8	2	6	11	
8	41	1	39	7	28	3	27	
0	22	9	6	
2	39	0	38	5	42	9	45	
1	16	2	5	
0	48	9	42	
0	25	5	21	9	15	3	16	4	13	
2	43	5	29	
1	14	6	11	
3	33	2	35	9	47	
1	23	7	20	
0	41	7	28	
7	25	3	6	
9	41	3	35	
7	21	5	14	3	18	0	22	
2	49	
7	6	5	1	
1	36	
8	25	
1	26	6	38	2	34	5	46	9	28	
4	2	6	8	
5	47	4	37	8	38	
7	24	5	21	3	20	
6	35	5	44	
0	22	
5	38	9	46	
6	21	0	25	1	13	9	11	3	2	
4	43	2	39	7	29	5	41	9	50	
1	13	7	4	2	18	
1	29	2	40	5	48	
5	1	
8	37	6	49	5	45	
9	23	5	12	8	24	3	7	
2	37	0	31	3	29	
6	6	4	17	1	9	
5	36	
2	2	4	1	8	16	1	3	
0	45	2	37	7	40	3	34	8	35	
5	15	
7	38	
2	5	1	4	8	24	
2	37	0	40	9	30	4	34	1	49	
0	4	3	18	
1	30	5	31	6	36	
3	24	5	11	0	3	9	15	6	20	
6	47	5	26	9	28	
1	1	
4	28	6	40	
8	25	1	19	5	23	4	12	
0	38	2	28	6	50	
0	24	5	7	1	1	
6	27	4	49	
8	7	
4	37	5	34	2	27	3	50	
0	1	
3	39	2	42	8	34	4	45	
8	9	9	1	
2	50	
3	6	
5	35	2	38	9	50	4	33	
2	25	8	22	7	20	5	2	6	19	
0	41	1	37	
3	17	4	12	0	13	
6	34	
2	23	9	2	1	4	0	1	4	17	
1	28	6	49	3	41	
6	6	7	4	
8	50	4	27	5	49	7	32	1	41	
9	2	7	17	
7	50	4	45	
4	12	
2	45	4	30	9	26	8	37	
1	1	7	4	
2	41	5	35	4	42	
3	24	9	8	5	19	0	11	8	12	
8	28	5	41	4	49	0	35	
1	9	8	1	
7	32	4	26	0	28	2	46	
8	13	7	20	2	3	3	4	
6	28	3	31	1	32	7	49	
4	11	6	10	2	1	3	19	
8	39	9	45	
0	23	9	1	4	10	8	17	
6	30	5	43	
4	25	1	5	
5	44	3	42	
3	4	2	20	
6	30	4	48	
4	4	9	25	3	12	
4	48	6	50	
4	12	9	13	
4	34	
3	16	5	13	2	19	4	1	9	21	
8	43	9	33	
9	10	
7	42	9	29	0	44	
2	22	3	23	8	6	5	9	7	17	
4	32	8	38	6	26	0	47	
5	6	0	15	3	3	
8	28	5	38	4	49	3	32	
8	13	4	10	
5	26	4	30	3	44	
1	24	7	17	5	2	
2	35	
8	14	3	6	6	10	
8	32	7	50	
4	4	
0	28	
4	1	0	8	
6	38	
3	23	
4	26	1	31	9	40	
5	25	1	1	3	15	9	21	7	4	
9	41	5	47	1	26	2	49	0	27	
5	21	6	14	1	10	8	1	
1	34	
9	13	7	25	2	5	8	14	4	16	
8	27	4	48	5	39	2	28	0	29	
2	23	1	14	7	20	5	16	9	13	
2	46	3	47	
6	1	2	8	0	18	1	5	5	10	
6	48	7	30	4	32	1	39	2	33	
1	7	3	12	6	5	
0	39	7	27	1	26	3	33	
2	6	7	4	
1	45	
8	18	
1	49	
0	24	
8	46	0	34	6	43	3	29	4	35	
0	19	4	2	3	9	2	1	
3	36	1	48	
7	19	0	23	
8	31	5	49	
8	5	2	22	5	15	0	1	
4	48	
7	21	1	25	
3	39	1	47	2	41	5	27	
1	7	5	23	6	19	
2	33	
1	13	3	25	
5	38	9	36	0	37	6	39	
4	4	
5	43	9	36	1	50	6	29	8	40	
7	10	4	6	
0	32	
6	22	
2	40	5	31	
8	18	2	12	6	3	4	7	9	25	
0	28	5	50	3	36	2	30	
4	13	6	1	
1	26	8	35	
1	4	0	21	4	25	
3	47	2	42	
6	5	
4	39	9	26	
1	17	0	21	4	10	3	18	2	7	
5	31	
4	24	9	2	2	10	6	9	
6	27	8	40	
2	18	1	3	7	17	9	10	0	15	
2	48	
7	14	3	18	6	16	5	24	4	17	
8	50	5	38	3	48	
9	23	3	19	5	16	2	21	
8	42	
0	18	1	13	9	10	
0	41	6	50	2	30	1	38	4	32	
7	14	3	13	9	21	
2	33	7	42	5	44	8	47	
5	24	1	20	3	10	7	14	6	7	
3	43	6	30	1	42	4	35	0	38	
7	14	9	3	3	11	1	5	
0	27	
2	11	8	16	
2	50	4	28	
2	25	6	24	7	1	
2	34	4	46	0	27	3	47	
8	10	5	1	6	19	7	23	4	13	
9	38	
1	19	
0	39	
6	20	1	15	3	24	7	12	0	18	
0	41	5	26	6	27	4	44	
4	15	
5	45	6	39	
9	23	1	7	7	2	0	24	8	16	
6	45	0	36	2	32	1	44	
3	7	
6	27	4	38	2	47	3	39	
3	16	7	12	8	15	0	1	6	2	
3	43	9	30	
1	24	5	13	
6	48	2	40	7	31	8	41	
4	2	2	17	
0	40	7	45	5	44	3	46	
4	17	2	4	
6	44	8	36	
7	17	2	4	9	1	6	14	
5	41	7	50	3	44	1	26	
2	9	7	17	
9	43	1	46	0	47	6	29	8	26	
7	11	3	13	
9	47	
3	13	7	25	
6	41	
3	25	8	11	5	6	
0	36	
5	25	3	3	0	14	6	6	
6	43	1	33	7	34	4	49	5	37	
5	8	
5	46	7	37	6	29	
6	22	
7	26	
2	4	
5	48	0	37	
3	18	9	22	5	21	8	1	
5	36	2	42	8	45	
8	21	3	15	
7	39	8	45	1	35	4	48	
7	10	
9	48	5	34	8	32	
8	5	7	19	9	4	3	12	2	23	
3	28	0	50	6	27	8	40	
9	22	6	21	3	3	4	10	7	6	
7	29	2	40	4	50	3	48	0	44	
0	10	
8	28	7	48	0	49	4	37	1	27	
8	8	3	23	
1	32	6	36	0	26	3	48	
7	4	1	12	9	5	
4	43	3	38	
3	11	0	9	
9	46	4	39	0	34	2	47	
8	22	4	9	6	12	
9	33	7	43	
8	19	1	10	5	18	9	1	
5	49	8	41	9	44	1	40	6	43	
3	17	8	3	0	22	4	20	
0	32	7	43	1	40	9	44	
3	13	5	8	2	15	8	20	
1	50	8	46	
4	2	0	8	2	14	5	21	1	3	
9	33	3	31	
7	9	1	12	2	17	3	13	
5	30	3	42	6	40	4	33	1	27	
9	15	4	13	0	23	8	9	
1	28	4	34	9	36	2	49	
7	25	0	23	3	13	9	18	6	14	
5	46	
5	17	1	1	3	16	
6	29	1	36	
9	15	2	23	
6	29	5	27	
6	2	1	7	0	13	9	5	
0	33	3	36	1	27	9	32	2	50	
3	15	
1	45	
5	22	9	3	1	20	
2	28	3	33	6	50	1	43	4	26	
2	22	1	23	
9	27	
5	7	2	13	6	2	4	15	3	12	
2	30	3	32	
6	10	8	1	1	5	3	7	
0	28	6	30	
9	9	1	15	7	25	2	11	4	20	
1	41	8	44	6	40	9	32	7	50	
8	10	2	3	6	24	0	14	
5	31	7	30	
1	21	9	13	
8	44	1	27	
0	21	
7	26	9	31	3	35	6	34	5	42	
6	19	0	23	2	3	5	1	
7	39	
9	2	5	18	1	7	3	5	8	4	
2	33	3	41	
0	4	6	7	
1	30	3	36	6	48	
7	22	4	25	
4	45	6	32	0	30	2	39	9	44	

Three processing times per job on each machine
The best scenario
718	312	147	
223	644	344	
807	334	641	
559	554	482	
407	489	119	
545	707	321	
390	801	541	
446	959	739	
411	362	736	
248	160	162	
592	469	373	
211	136	444	
291	517	188	
487	410	520	
328	159	175	
188	271	392	
163	112	123	
547	433	355	
731	450	631	
410	163	434	
596	813	693	
612	627	298	
120	206	72	
453	608	464	
636	852	1013	
633	921	216	
594	405	352	
129	140	137	
180	273	169	
820	802	780	
466	151	419	
176	257	243	
102	299	141	
221	535	319	
486	731	628	
68	80	59	
555	585	511	
666	306	907	
696	465	420	
453	314	749	
244	647	343	
286	362	142	
655	847	579	
892	389	805	
136	60	36	
177	450	204	
628	195	306	
636	595	1313	
90	187	280	
519	266	202	
361	608	470	
535	469	372	
479	404	398	
614	349	348	
585	1079	487	
773	556	739	
191	186	135	
355	501	507	
343	746	182	
66	155	68	
1161	516	784	
669	272	281	
369	622	643	
197	117	121	
131	94	51	
613	297	757	
651	794	880	
134	150	168	
392	751	390	
239	500	628	
112	51	128	
136	143	64	
786	1305	574	
364	119	186	
607	272	441	
535	627	221	
823	838	638	
1121	703	902	
502	860	906	
164	175	159	
750	534	922	
1033	634	605	
504	654	651	
397	668	313	
362	438	551	
568	408	406	
709	397	423	
652	779	489	
275	345	856	
331	456	632	
442	270	353	
749	718	410	
241	187	78	
267	143	416	
336	491	453	
247	159	216	
383	346	525	
229	207	196	
161	221	561	
312	370	1041	
151	141	84	
392	794	499	
348	673	705	
332	610	507	
608	120	425	
1061	565	722	
208	393	689	
363	1077	211	
128	227	218	
318	133	509	
626	322	567	
334	543	515	
407	98	363	
895	318	628	
300	640	522	
500	350	1198	
565	647	702	
229	120	422	
753	283	391	
276	476	285	
522	204	714	
456	310	464	
173	329	204	
101	120	81	
576	329	177	
178	190	770	
383	417	280	
214	83	141	
362	292	235	
216	111	188	
1209	1020	293	
84	239	63	
541	1151	342	
52	179	98	
921	382	405	
174	167	50	
245	236	313	
326	186	229	
277	259	282	
458	95	267	
464	687	305	
338	295	709	
260	301	155	
121	225	197	
85	59	40	
113	117	214	
331	54	189	
263	690	758	
395	299	197	
521	235	582	
676	687	516	
328	381	276	
563	753	429	
189	640	1126	
281	222	456	
470	284	1396	
237	666	876	
966	368	671	
207	435	450	
215	104	247	
251	736	251	
139	279	335	
101	40	190	
246	409	342	
187	55	64	
869	1118	949	
213	436	152	
256	522	217	
727	255	238	
188	164	154	
729	386	704	
760	175	159	
174	275	84	
282	74	104	
621	196	454	
351	625	253	
414	281	204	
288	233	348	
110	92	139	
380	695	692	
890	871	540	
387	647	188	
220	177	401	
587	272	668	
323	380	263	
224	178	190	
41	43	108	
215	1066	880	
636	526	362	
243	560	442	
59	128	153	
244	142	130	
478	695	742	
504	1082	606	
344	466	402	
728	742	1166	
193	839	207	
618	405	772	
232	251	497	
403	111	523	
Most likely scenario
739	384	237	
304	664	614	
1438	529	646	
822	656	728	
513	606	215	
567	857	461	
608	848	758	
736	1098	1089	
663	442	1064	
328	258	276	
597	895	515	
361	172	628	
485	656	284	
668	669	534	
376	171	204	
364	329	664	
173	208	146	
561	458	555	
1025	557	884	
442	308	541	
750	863	865	
755	652	576	
182	262	94	
856	653	594	
658	896	1196	
954	926	257	
619	599	377	
210	197	222	
188	532	201	
1181	1230	850	
774	219	516	
295	326	290	
151	330	231	
327	559	560	
632	792	709	
70	117	72	
564	652	746	
826	378	980	
787	721	835	
864	531	814	
375	1099	453	
289	389	199	
1067	888	645	
1147	413	864	
166	95	58	
259	480	342	
632	287	338	
1022	603	1423	
124	221	465	
801	440	313	
527	757	831	
653	618	497	
527	485	520	
877	651	612	
1050	1143	753	
840	719	1148	
218	244	241	
414	588	722	
481	928	282	
112	212	110	
1525	617	939	
735	455	315	
372	1056	1252	
235	134	193	
195	163	61	
1000	451	970	
739	898	1093	
157	261	175	
564	802	566	
245	521	688	
157	94	207	
202	158	94	
1032	1324	806	
406	126	365	
923	324	688	
574	939	334	
1409	940	1053	
1294	1142	1127	
664	1169	1520	
240	220	256	
1187	616	1322	
1464	910	1091	
895	1040	923	
597	682	363	
509	674	918	
732	581	458	
1271	662	595	
1082	986	546	
494	547	951	
431	707	1125	
444	409	672	
1093	1110	471	
419	327	112	
300	170	525	
665	745	467	
285	244	278	
633	621	559	
232	312	328	
240	287	630	
409	479	1326	
216	199	112	
418	1089	571	
655	729	811	
609	622	534	
829	240	799	
1167	566	1275	
334	621	781	
505	1165	406	
194	290	258	
534	199	659	
671	486	860	
370	911	635	
418	178	480	
1042	507	1015	
477	779	613	
557	493	1318	
830	878	804	
239	218	467	
842	368	676	
440	489	396	
574	318	733	
844	496	683	
275	389	208	
140	134	83	
664	574	229	
307	278	903	
586	620	326	
317	112	195	
459	458	354	
300	194	207	
1392	1520	474	
134	269	79	
711	1363	514	
55	183	140	
922	450	648	
222	285	76	
332	316	420	
438	294	366	
285	330	406	
509	181	344	
491	931	506	
352	520	798	
317	321	280	
133	306	351	
112	99	56	
126	203	289	
347	87	223	
336	816	909	
764	450	282	
657	356	727	
849	835	639	
406	640	449	
742	1327	685	
362	1064	1175	
353	418	552	
683	492	1482	
257	797	924	
1059	408	1079	
242	514	502	
271	175	284	
384	737	410	
161	385	445	
123	78	200	
364	410	603	
238	81	70	
1188	1371	1234	
382	520	212	
281	961	282	
766	300	354	
223	242	215	
816	452	1073	
982	303	305	
317	497	166	
293	147	194	
630	371	886	
615	629	397	
589	523	291	
310	377	413	
163	93	193	
757	697	825	
1426	1321	851	
452	901	267	
284	255	727	
605	393	679	
493	431	305	
339	261	195	
72	82	136	
396	1327	1347	
839	748	394	
333	611	559	
106	150	239	
335	251	140	
479	1019	753	
758	1154	689	
362	721	698	
917	780	1274	
362	944	315	
699	735	961	
427	302	610	
623	185	541	
The worst scenario
1003	491	276	
443	938	691	
1640	696	656	
849	705	777	
736	832	226	
575	1252	622	
610	871	797	
771	1324	1112	
771	590	1548	
439	337	319	
816	1295	556	
455	237	681	
496	928	287	
992	868	616	
478	237	280	
516	485	696	
209	257	158	
715	510	826	
1143	818	1302	
659	350	669	
967	1247	1215	
758	945	681	
191	286	115	
905	872	648	
898	1304	1628	
1019	937	332	
912	838	519	
245	235	294	
257	574	281	
1382	1675	1200	
1156	231	714	
431	393	370	
212	481	248	
473	809	664	
904	896	793	
77	173	91	
759	686	918	
915	483	1425	
905	1025	1063	
1233	624	1103	
525	1217	630	
351	401	290	
1418	1233	886	
1581	591	921	
172	138	64	
334	535	361	
654	340	345	
1082	646	1698	
138	247	581	
900	562	428	
651	882	1065	
699	742	588	
541	726	768	
1236	806	892	
1241	1479	928	
1021	934	1510	
230	263	247	
487	837	897	
513	944	315	
126	306	122	
1592	784	1004	
1035	678	468	
406	1139	1639	
244	191	252	
205	197	62	
1438	469	1227	
811	1030	1244	
204	313	259	
631	837	743	
357	777	992	
179	125	229	
284	206	99	
1401	1857	916	
587	173	384	
1308	361	836	
738	1006	409	
1551	1221	1290	
1641	1526	1203	
811	1570	1704	
278	317	274	
1192	650	1375	
2021	1273	1111	
1164	1468	977	
716	908	443	
759	699	1278	
743	685	648	
1694	956	779	
1577	1050	775	
579	743	1312	
470	731	1595	
665	589	786	
1212	1552	525	
622	464	140	
388	214	627	
799	809	513	
338	303	409	
754	632	822	
346	353	468	
278	322	757	
551	584	1925	
223	253	153	
574	1105	646	
873	844	890	
644	645	697	
863	334	1057	
1347	759	1367	
405	772	861	
739	1634	473	
259	393	350	
535	252	786	
777	554	978	
493	1096	928	
448	180	597	
1318	721	1402	
542	969	686	
709	503	1885	
1192	1223	1029	
269	265	650	
983	502	786	
564	495	555	
775	337	826	
945	714	933	
365	410	256	
186	170	99	
725	689	292	
402	297	992	
728	723	479	
440	150	282	
531	496	469	
308	272	238	
1689	1622	677	
190	336	86	
1039	1681	568	
63	226	196	
965	609	789	
289	351	103	
397	325	502	
629	332	413	
312	439	561	
585	225	430	
597	1064	640	
354	629	1195	
404	334	411	
164	321	515	
146	134	67	
148	288	424	
438	118	285	
399	1173	1085	
1087	566	312	
933	471	1084	
1029	1102	648	
505	674	615	
1048	1401	908	
489	1418	1365	
455	603	689	
690	589	2128	
380	949	1298	
1390	525	1593	
308	739	703	
361	238	363	
519	914	522	
196	491	663	
178	99	231	
367	515	632	
318	112	98	
1360	1477	1713	
521	645	309	
338	1140	388	
935	417	399	
227	351	287	
1216	454	1531	
1446	375	377	
458	577	173	
294	197	206	
874	431	1033	
817	902	556	
716	606	349	
338	459	420	
180	119	286	
878	913	830	
1513	1675	1052	
674	972	395	
393	291	879	
702	464	802	
665	562	337	
499	322	204	
85	87	177	
521	1951	1367	
1201	824	424	
344	900	700	
117	222	273	
371	296	177	
481	1400	904	
968	1434	901	
439	894	834	
989	850	1904	
484	1269	320	
1046	991	1024	
576	395	863	
921	187	657	
