Factories	3	Jobs	150	Machines	3

Total number of component types per job processed by HSPM
5	5	5	9	8	5	9	7	10	11	7	11	9	8	6	12	11	7	11	11	11	11	7	6	11	10	9	10	11	8	8	6	9	7	12	6	10	5	5	5	8	6	12	7	5	11	9	6	6	11	12	11	11	10	8	8	6	8	12	11	10	11	12	5	6	7	8	11	10	12	11	5	9	9	7	6	8	8	8	12	6	9	6	8	5	12	6	7	7	10	10	10	12	11	8	11	12	5	9	10	7	11	12	7	5	12	10	8	11	6	11	5	11	10	9	10	8	10	10	5	8	8	12	8	10	9	12	9	9	10	8	9	10	9	6	10	11	7	12	5	5	5	10	10	12	5	12	8	12	10	

Total number of component types per job processed by MFPM
4	3	2	5	5	2	4	2	4	2	1	1	4	5	2	1	1	4	5	2	1	1	3	5	5	3	3	2	1	4	1	1	5	1	5	2	1	5	3	1	4	4	5	2	2	4	4	4	5	1	1	3	5	1	3	1	3	5	5	4	4	3	2	2	1	2	2	5	4	1	4	2	5	3	3	5	4	1	4	3	1	5	2	5	4	2	1	2	5	4	5	2	5	4	4	4	3	5	1	5	1	1	3	1	2	4	3	5	1	2	5	1	2	4	1	4	4	2	5	1	1	1	3	3	2	2	4	2	3	3	2	2	3	2	3	5	3	4	2	4	5	3	3	3	1	3	5	1	5	2	2	1	2	2	4	2	1	2	1	3	5	5	5	5	4	2	4	3	4	3	4	2	2	3	4	1	3	4	3	5	4	5	3	2	3	5	5	1	1	3	5	2	3	5	1	3	5	2	4	3	4	1	1	2	1	4	2	4	1	3	3	3	1	4	2	5	3	5	4	4	5	4	2	1	2	1	5	5	3	5	3	4	5	3	2	2	3	2	5	4	4	5	1	3	2	5	1	5	3	4	1	3	4	1	4	1	5	4	3	2	5	4	2	3	3	2	1	5	4	4	1	1	2	2	5	2	1	2	4	2	2	2	5	1	5	1	3	3	4	2	3	3	2	2	2	5	1	5	5	3	

All component type numbers for each job to be processed by HSPM
1	41	11	35	14	63	19	50	3	68	
3	37	1	39	18	46	14	66	0	25	
9	62	7	5	16	47	3	53	1	37	
6	6	3	28	1	67	14	58	16	2	18	40	2	64	0	36	9	15	
14	33	9	70	13	7	4	47	2	10	16	35	6	58	17	26	
4	11	18	58	11	1	10	32	19	67	
2	65	18	13	8	16	1	14	9	62	3	50	10	53	14	36	4	24	
14	21	17	59	12	31	3	68	8	56	0	9	13	44	
3	5	18	31	8	39	5	34	17	35	12	73	14	67	10	54	15	62	7	1	
17	65	15	43	10	2	0	68	13	59	11	41	12	1	18	75	9	49	2	42	14	39	
5	1	9	57	1	14	17	50	15	42	2	71	14	67	
13	3	19	66	9	24	2	65	10	63	5	44	8	51	14	16	3	70	0	33	11	60	
4	28	14	14	15	41	9	48	18	59	13	63	7	3	17	16	6	55	
6	64	18	26	7	36	16	63	3	69	12	67	19	6	13	65	
12	66	5	28	3	49	11	54	6	65	10	73	
13	3	14	16	5	58	1	66	17	61	18	37	4	20	11	52	16	67	2	26	0	9	15	42	
4	69	8	51	5	66	3	27	17	67	12	46	18	29	16	25	13	63	19	39	14	8	
6	44	10	72	17	33	15	56	8	34	18	36	11	65	
3	60	2	37	0	7	6	1	14	26	8	44	17	10	10	74	12	33	11	69	1	58	
13	2	15	9	18	26	5	67	16	28	19	60	12	42	7	18	4	50	14	45	2	36	
5	55	12	33	2	65	8	35	9	74	14	30	17	20	13	16	7	5	4	50	0	63	
19	16	14	13	15	42	0	45	12	41	3	30	18	75	1	34	2	74	16	25	13	48	
11	41	18	27	2	73	0	23	16	25	6	17	15	18	
3	60	9	47	1	40	14	16	17	4	19	37	
9	59	15	34	14	55	13	73	8	66	17	12	18	63	12	42	2	14	16	11	5	43	
14	27	12	52	2	26	4	73	19	70	7	68	5	34	3	39	8	45	15	57	
18	61	1	9	10	32	7	1	5	15	9	37	6	12	2	55	8	22	
10	64	12	74	8	31	5	45	19	67	3	26	16	56	13	7	1	69	2	49	
18	15	3	46	16	48	19	26	17	14	5	74	13	34	1	13	8	68	9	45	14	56	
10	47	15	11	19	50	9	6	6	8	11	7	18	22	8	30	
1	52	4	51	6	15	18	13	10	57	14	14	12	12	9	2	
13	9	0	48	16	61	3	46	18	26	12	4	
4	57	0	63	19	35	5	33	2	49	17	56	6	25	15	67	7	45	
13	20	18	13	15	39	8	25	17	37	19	52	3	36	
19	75	12	61	3	64	17	2	11	11	1	53	7	65	14	35	4	57	15	28	13	52	2	26	
11	6	16	55	9	50	1	45	17	8	4	5	
4	69	5	54	9	37	7	75	8	3	2	28	13	29	16	9	11	38	12	23	
9	26	5	1	7	63	16	21	0	73	
10	59	6	1	13	45	8	21	0	48	
17	52	18	44	3	75	5	7	9	35	
18	53	17	33	19	26	11	50	12	75	0	39	13	25	2	1	
16	32	0	53	10	44	8	37	12	55	14	72	
10	6	2	74	15	55	3	63	1	45	0	64	4	42	7	71	6	33	17	26	12	47	11	40	
16	12	3	66	1	33	8	56	18	43	10	10	15	65	
4	56	2	31	10	48	12	17	9	59	
11	61	0	54	2	62	18	3	4	43	15	23	7	44	14	68	13	19	5	55	19	4	
6	16	17	40	8	2	2	7	3	5	18	13	19	4	5	73	16	53	
4	75	16	65	9	60	14	71	2	68	19	10	
3	36	19	46	9	49	17	42	10	30	13	32	
15	73	8	43	1	5	16	59	11	53	14	19	3	40	17	50	7	12	5	68	2	74	
7	14	2	20	4	1	13	38	15	36	8	45	5	37	17	21	9	57	19	55	0	22	14	2	
6	60	18	1	1	33	12	63	13	39	14	24	5	46	7	53	15	59	17	70	19	21	
10	64	9	36	5	71	14	60	3	18	13	49	17	15	15	21	2	50	18	32	19	59	
17	27	12	1	5	12	7	65	6	5	8	42	9	28	16	34	4	37	11	59	
4	51	18	31	17	5	5	53	11	57	15	29	12	11	19	67	
8	58	11	14	5	27	3	64	9	51	17	9	1	35	19	61	
11	20	8	23	7	5	0	51	2	75	13	9	
5	67	10	60	13	11	1	68	18	36	12	16	16	40	9	44	
4	69	15	2	10	6	3	52	9	22	5	29	14	50	17	47	18	35	16	33	19	48	0	18	
18	35	1	75	14	52	13	2	9	27	0	39	4	6	19	7	12	48	11	69	5	73	
10	67	12	32	6	35	7	38	5	4	2	30	14	59	3	74	19	41	9	55	
18	19	4	51	8	53	16	49	2	57	7	26	10	6	9	75	17	52	12	12	1	59	
18	11	12	42	1	41	17	24	7	61	0	13	4	57	13	55	11	36	3	75	16	21	9	16	
6	75	11	73	3	7	0	18	7	10	
17	3	5	21	3	5	6	11	19	27	10	30	
9	29	8	53	18	9	17	38	2	71	14	37	7	12	
13	41	9	57	19	75	10	65	16	21	4	16	6	32	2	12	
18	51	14	23	17	43	0	69	13	53	8	35	7	62	11	52	6	70	12	64	19	59	
18	51	4	15	12	6	16	71	14	23	2	55	19	17	9	34	11	70	13	58	
15	70	2	6	0	68	14	3	11	48	3	36	19	4	10	54	4	63	9	66	5	2	7	74	
13	71	2	26	1	15	19	17	17	37	3	32	4	44	16	54	12	14	11	55	8	36	
8	28	15	3	1	13	6	8	12	66	
9	36	14	7	6	39	19	49	3	65	12	28	1	67	7	2	10	3	
19	23	3	60	10	27	12	17	7	26	11	55	2	68	4	42	1	6	
15	55	1	61	7	56	12	3	5	45	18	52	0	58	
5	3	2	22	11	14	17	32	16	20	6	67	
7	59	5	46	12	18	2	67	19	32	10	62	11	74	0	51	
17	15	16	37	11	23	5	22	13	24	18	63	3	36	19	46	
4	63	16	20	13	5	5	33	12	24	8	45	11	71	9	48	
13	62	2	69	1	16	18	14	10	36	12	42	4	18	11	37	17	17	7	60	9	21	3	58	
6	43	2	30	3	17	4	55	17	19	8	4	
6	27	8	47	17	10	5	48	3	57	4	65	2	40	0	66	16	62	
13	30	5	9	2	16	1	45	4	50	9	40	
3	66	12	38	11	8	10	54	8	45	6	47	16	25	2	27	
12	40	16	42	3	19	15	48	0	63	
10	55	1	15	2	54	18	39	3	69	14	18	13	36	5	29	19	75	8	22	12	33	15	30	
15	69	7	9	12	6	10	57	18	41	6	12	
5	13	6	62	4	2	8	55	18	64	7	54	0	61	
15	38	19	35	9	34	1	17	11	27	17	42	16	12	
16	13	2	9	5	21	4	44	10	43	17	69	3	59	8	74	15	63	18	50	
11	64	3	73	8	12	4	3	6	65	0	18	15	27	1	60	16	74	10	39	
7	4	5	56	6	36	19	23	1	75	10	17	16	65	3	13	17	60	8	39	
16	30	18	45	11	70	6	50	15	44	0	3	5	63	8	2	7	8	2	10	10	24	19	39	
13	51	1	41	11	28	10	3	18	30	14	8	19	11	16	38	8	19	0	74	6	44	
2	59	13	48	18	72	17	2	16	57	4	40	3	71	9	53	
14	68	1	37	15	7	12	35	16	39	18	8	5	55	9	41	11	1	8	60	3	50	
2	15	15	4	8	40	19	38	3	11	4	33	13	48	6	28	1	54	9	42	0	39	18	31	
10	7	15	34	6	3	13	43	1	49	
0	33	12	30	13	49	3	36	7	73	17	5	4	4	14	2	1	54	
1	38	8	3	2	54	16	14	12	47	9	61	15	74	14	58	11	21	17	63	
8	25	16	15	13	61	0	12	7	10	3	11	11	18	
1	47	11	1	9	23	0	59	12	44	19	12	13	42	2	20	3	10	7	22	18	56	
13	13	15	63	1	50	12	26	19	25	0	55	16	27	8	53	5	41	2	44	7	38	18	16	
19	66	9	25	4	27	16	10	2	39	6	34	11	13	
14	60	13	52	9	59	1	18	3	74	
1	20	5	16	11	10	12	30	2	15	3	44	7	67	19	21	15	55	16	33	4	12	9	60	
19	4	3	16	10	75	18	24	16	18	9	14	5	49	1	39	14	61	15	9	
19	64	12	40	11	59	9	45	16	54	17	51	18	53	0	21	
3	38	15	28	13	70	1	66	5	33	14	6	2	72	4	52	12	15	11	24	16	22	
12	4	18	47	10	35	1	70	19	74	9	2	
5	58	19	15	15	17	14	41	11	54	3	30	13	21	1	44	9	2	2	38	0	72	
7	11	0	45	3	15	19	37	9	25	
14	30	10	5	2	29	1	41	18	71	7	32	15	8	5	49	6	68	11	13	4	69	
0	62	2	57	16	6	15	27	11	37	8	20	1	67	5	46	7	38	6	18	
19	37	11	67	3	59	14	74	6	26	8	8	18	64	5	52	17	75	
7	34	3	40	18	15	0	49	16	64	4	32	11	59	15	51	10	1	19	8	
12	27	7	34	11	5	8	26	16	65	17	29	4	75	18	36	
9	28	1	72	17	65	12	75	5	58	8	6	19	68	15	41	7	48	10	55	
9	64	6	30	17	25	19	4	0	13	11	47	16	73	13	27	2	50	1	46	
18	69	8	65	9	17	17	54	11	45	
17	21	12	63	19	39	9	17	7	66	6	16	8	42	16	49	
15	63	10	62	14	60	17	32	9	59	16	45	7	15	18	70	
8	9	5	11	0	45	10	5	16	23	7	71	17	37	12	56	13	33	11	59	14	47	6	55	
11	44	9	43	8	19	5	55	14	53	10	27	12	12	4	41	
2	24	11	75	10	48	0	14	3	23	12	21	16	11	1	41	4	70	13	22	
3	54	0	75	2	61	19	31	1	13	9	45	16	71	17	29	7	4	
6	69	17	5	2	64	1	73	0	45	8	61	10	32	13	19	18	28	4	10	5	17	19	38	
14	10	7	41	15	42	0	73	8	4	17	52	19	16	5	59	12	72	
4	22	3	3	2	59	19	71	6	34	17	10	14	73	11	62	9	75	
4	50	17	45	1	32	12	1	6	33	2	2	15	66	13	70	14	17	3	60	
6	2	19	41	8	59	18	30	9	12	5	32	15	64	17	44	
1	63	3	61	10	46	18	37	11	13	12	3	16	58	19	67	14	31	
14	30	11	11	7	39	10	43	5	33	1	5	17	62	6	13	3	21	19	24	
2	68	16	5	10	29	9	44	17	22	6	28	19	13	8	20	3	4	
10	57	5	33	19	7	11	43	17	51	2	61	
12	15	16	24	1	4	3	7	4	49	9	21	8	50	0	26	15	57	14	74	
1	50	2	27	15	6	0	39	6	28	10	7	8	21	7	36	18	69	13	64	4	65	
1	22	10	9	5	26	9	5	7	34	11	27	13	16	
14	24	10	6	0	73	5	18	18	15	2	55	11	50	17	43	8	71	13	38	15	59	19	70	
16	27	17	69	8	50	11	74	14	22	
2	61	7	52	19	38	16	58	18	22	
0	21	11	26	7	4	1	52	8	30	
5	20	6	75	8	9	0	35	2	27	11	60	9	47	7	15	15	48	14	70	
4	4	3	41	16	52	7	22	13	66	9	13	14	49	17	27	19	19	11	3	
6	40	10	4	11	45	4	36	8	51	1	26	18	58	15	29	13	61	7	38	16	18	19	49	
1	18	7	28	5	53	6	58	10	2	
10	66	11	64	2	69	0	46	3	67	4	11	13	74	1	53	14	36	7	22	8	32	9	43	
0	67	14	17	16	37	17	63	6	31	4	56	10	42	3	74	
17	24	16	61	0	45	19	22	7	15	9	47	4	43	18	62	6	1	1	50	15	21	12	41	
12	22	16	58	0	46	11	32	3	11	5	16	13	73	7	53	15	43	14	63	

All component type numbers for each job to be processed by MFPM
7	25	3	23	8	15	6	24	
2	33	8	46	4	41	
1	11	0	5	
3	41	2	44	4	37	6	27	5	43	
3	12	4	6	7	2	5	16	2	3	
1	48	8	39	
3	7	4	12	0	15	7	16	
0	37	2	47	
1	2	5	16	2	5	6	12	
0	30	3	26	
6	2	
0	43	
2	14	1	21	6	12	4	25	
3	31	2	28	7	41	0	46	5	44	
6	14	2	21	
0	49	
4	14	
0	45	4	26	5	44	6	37	
3	23	7	9	6	14	4	10	5	13	
3	36	2	35	
7	8	
1	30	
0	5	5	12	2	10	
1	29	6	30	5	34	3	31	9	28	
5	22	7	10	3	15	9	3	4	6	
2	43	3	26	0	37	
7	25	1	19	0	24	
6	42	1	37	
6	20	
3	45	4	31	9	46	5	40	
0	3	
7	35	
8	25	0	8	4	12	6	11	9	10	
6	27	
1	3	6	25	9	19	5	8	3	18	
5	39	3	41	
4	15	
0	27	2	29	3	37	4	47	6	35	
9	19	7	8	2	24	
1	42	
7	14	9	19	8	25	3	6	
7	32	0	41	6	30	5	27	
8	13	6	17	5	16	7	9	9	6	
9	48	3	42	
6	11	5	1	
2	40	0	27	3	45	1	29	
1	6	7	1	6	15	5	3	
8	32	5	26	3	48	9	31	
4	16	1	4	9	20	8	10	6	19	
5	30	
0	25	
6	31	2	30	7	43	
4	5	8	2	5	11	9	10	7	25	
7	26	
8	4	4	25	2	24	
7	32	
7	1	5	2	3	4	
7	27	0	49	9	41	1	31	8	36	
7	12	2	17	1	13	9	21	0	7	
8	36	7	31	5	48	1	40	
6	12	0	16	3	20	4	18	
0	32	1	50	2	39	
8	24	4	10	
6	36	7	48	
9	21	
1	48	0	38	
4	1	2	6	
6	43	2	35	9	47	1	37	3	40	
6	10	4	6	2	7	0	13	
9	44	
5	22	3	9	8	11	1	2	
9	35	8	50	
9	16	5	21	2	13	7	25	4	3	
0	29	8	41	7	39	
2	12	3	11	7	8	
9	45	7	29	6	36	8	42	5	44	
6	2	5	6	7	7	0	23	
8	27	
5	18	0	16	2	9	3	14	
6	37	7	32	5	26	
5	19	
6	32	2	29	4	26	7	33	8	49	
5	20	9	21	
4	36	5	38	3	41	7	33	1	50	
1	11	0	3	5	25	2	2	
8	48	2	31	
5	20	
5	49	6	50	
3	10	8	5	2	25	6	17	0	8	
3	34	6	30	4	35	5	47	
9	8	5	1	3	14	7	5	1	24	
0	43	4	47	
3	25	6	5	2	22	7	17	8	15	
1	32	5	31	0	40	6	34	
3	22	0	7	2	24	1	25	
8	48	9	33	2	27	3	26	
9	12	5	7	8	16	
2	27	0	32	7	43	1	34	8	47	
3	11	
0	34	8	38	1	31	6	45	9	47	
9	5	
0	32	
0	2	3	12	6	10	
9	44	
3	23	5	1	
6	30	5	48	9	46	1	50	
8	23	5	19	2	13	
2	46	8	45	5	47	1	48	0	34	
9	22	
2	50	4	43	
7	11	1	22	4	9	6	23	3	16	
0	26	
1	7	2	14	
6	27	9	38	3	41	5	28	
6	2	
3	50	4	31	0	48	7	35	
6	24	3	19	9	1	8	25	
9	47	0	36	
1	1	6	8	3	12	8	5	7	22	
8	37	
5	13	
6	33	
0	2	9	7	6	21	
9	50	8	40	5	45	
9	25	6	9	
6	26	2	38	
8	19	2	12	3	5	5	24	
3	31	2	49	
1	17	5	7	6	20	
1	30	5	45	2	50	
8	15	3	7	
0	33	3	46	
7	18	0	6	3	9	
8	49	6	44	
8	14	1	24	0	7	
3	43	8	39	6	32	1	30	0	41	
7	23	3	25	6	20	
4	26	9	49	3	50	5	45	
3	25	2	7	
8	41	9	26	1	36	7	48	
0	11	4	12	3	10	6	16	2	15	
1	29	9	40	8	46	
7	9	1	20	8	4	
4	38	0	34	7	42	
7	19	
0	33	4	47	9	49	
6	3	3	22	2	17	0	1	4	11	
9	29	
7	13	5	11	8	9	1	16	4	2	
2	28	8	38	
5	8	1	25	
2	26	
6	22	1	8	
7	39	1	31	
5	6	1	1	8	21	2	11	
6	39	0	42	
2	18	
5	34	6	27	
2	3	
4	49	9	30	8	50	
0	17	3	6	1	24	5	14	4	12	
7	29	8	42	6	33	3	48	1	30	
3	10	1	11	9	2	8	15	7	12	
6	39	2	46	1	40	9	36	4	41	
6	14	4	1	7	12	3	18	
6	29	7	40	
6	14	4	12	2	16	7	17	
6	49	8	40	5	42	
5	5	8	12	2	19	1	24	
3	34	7	42	8	46	
9	15	4	4	3	10	0	14	
5	42	9	33	
5	8	1	23	
5	37	2	27	3	48	
9	1	1	22	2	24	7	8	
5	39	
7	5	0	9	5	24	
3	30	7	26	9	47	5	50	
3	13	8	22	2	25	
3	49	8	43	2	40	6	41	0	33	
7	18	2	16	9	20	6	7	
1	33	5	45	7	30	2	41	4	50	
4	16	8	20	1	5	
5	47	6	35	
1	5	3	10	6	4	
4	46	7	31	1	41	8	42	2	40	
2	13	7	23	6	20	3	19	4	8	
8	27	
2	7	
5	34	7	41	6	43	
3	11	2	20	5	6	9	4	8	21	
8	50	1	49	
0	21	2	4	5	10	
0	39	7	34	3	32	8	37	4	50	
1	21	
8	39	0	29	1	44	
7	19	1	12	4	15	8	10	0	20	
0	49	9	42	
3	2	8	13	4	8	7	23	
4	26	8	40	1	35	
1	16	5	7	2	18	6	22	
1	36	
1	9	
3	40	2	50	
9	20	
4	28	2	39	3	34	7	26	
3	10	8	20	
1	39	0	36	7	28	8	43	
6	11	
1	40	3	28	5	49	
4	7	0	6	6	16	
9	33	0	37	3	41	
9	3	
3	26	4	38	0	31	9	39	
3	7	0	21	
5	36	1	26	8	48	4	31	6	45	
2	4	8	24	7	10	
0	26	5	36	8	49	2	28	7	48	
3	21	2	11	4	12	7	15	
4	26	1	35	8	44	5	29	
7	16	3	3	4	17	9	23	8	9	
7	32	3	29	8	42	9	40	
1	5	7	25	
7	43	
7	18	8	25	
5	29	
5	25	8	4	0	16	6	9	7	14	
2	34	5	45	4	27	8	41	9	37	
9	20	4	7	5	17	
9	31	0	46	4	41	3	32	5	34	
3	13	2	17	4	19	
0	47	2	32	5	48	7	34	
6	24	7	7	4	17	1	2	0	9	
1	39	9	50	7	31	
0	22	1	3	
2	37	3	31	
9	3	7	15	3	23	
4	39	6	29	
3	14	5	24	7	1	4	23	8	15	
8	48	4	50	9	29	2	27	
7	1	1	14	4	4	8	7	
5	42	0	33	9	31	8	27	7	48	
9	13	
0	30	9	43	5	45	
3	25	4	3	
1	27	3	36	8	28	2	26	4	39	
9	22	
5	42	9	33	4	32	1	30	0	37	
8	24	9	4	0	9	
0	35	5	43	9	37	2	47	
6	5	
1	46	9	31	0	32	
0	14	3	22	2	18	7	5	
4	50	
8	8	3	4	6	9	5	12	
0	48	
3	23	2	12	8	11	6	19	7	20	
5	43	3	42	4	40	9	47	
5	13	0	14	4	11	
5	50	6	42	
5	19	9	13	6	25	7	16	3	6	
4	30	5	36	1	45	2	42	
0	22	3	16	
7	31	0	39	4	50	
8	16	7	9	3	21	
6	47	7	28	
1	6	
1	32	7	34	0	30	3	44	9	37	
3	24	5	14	2	11	4	2	
3	29	7	39	4	35	0	37	
6	1	
6	43	
7	10	5	24	
7	41	4	44	
7	9	1	15	8	1	4	10	9	2	
0	30	3	28	
3	9	
1	32	3	35	
0	22	9	24	3	10	2	6	
1	35	9	30	
9	8	1	2	
6	44	2	38	
8	4	9	23	4	7	6	22	3	8	
8	40	
8	25	3	17	9	2	6	7	5	12	
1	33	
7	20	6	4	5	19	
9	46	5	32	8	42	
2	8	0	21	7	1	4	25	
8	48	0	37	
3	16	1	10	6	9	
3	38	8	27	7	44	
2	25	1	13	
8	28	1	48	
5	19	6	24	
1	30	0	49	2	36	5	37	3	32	
0	15	
3	44	2	45	5	27	4	26	8	33	
3	14	5	24	2	15	4	5	8	16	
7	46	5	42	1	47	

Three processing times per job on each machine
The best scenario
176	263	297	
50	28	68	
282	348	227	
196	197	167	
81	158	302	
43	157	161	
305	257	354	
74	41	146	
132	309	117	
161	238	213	
242	118	365	
411	141	475	
66	179	56	
163	218	283	
86	92	57	
351	242	187	
294	257	110	
26	151	43	
25	52	52	
68	115	76	
148	178	52	
53	57	44	
160	228	227	
91	284	85	
283	293	209	
78	136	79	
87	72	62	
52	105	144	
98	189	242	
339	96	256	
314	130	155	
177	167	236	
93	66	136	
44	177	100	
128	417	230	
382	440	168	
66	266	79	
65	105	36	
193	245	226	
193	419	316	
32	33	70	
152	243	64	
43	152	155	
333	254	176	
125	232	65	
116	63	73	
297	237	77	
104	118	222	
25	20	14	
153	149	349	
106	230	261	
33	38	86	
147	126	181	
428	292	139	
171	146	248	
21	33	27	
131	173	277	
28	18	35	
137	301	196	
70	56	50	
39	44	44	
162	313	104	
129	287	478	
212	145	355	
220	160	97	
216	107	235	
182	187	178	
219	248	315	
180	136	204	
84	41	67	
268	150	205	
144	66	234	
34	16	21	
108	160	52	
102	205	200	
217	117	309	
76	145	85	
110	211	204	
62	43	109	
248	355	304	
85	77	91	
46	11	28	
180	250	116	
97	56	161	
111	150	300	
107	162	133	
215	158	144	
235	265	74	
79	185	283	
49	94	137	
110	220	321	
175	137	305	
298	171	244	
397	271	132	
175	235	145	
188	116	258	
55	33	101	
35	109	67	
52	107	57	
103	154	404	
186	97	139	
249	126	317	
283	83	238	
115	306	75	
89	139	106	
74	243	49	
194	140	95	
427	154	503	
289	173	140	
48	41	23	
148	125	164	
244	371	143	
47	64	78	
87	35	61	
83	81	68	
70	34	50	
93	113	173	
119	117	58	
147	315	261	
93	96	69	
112	124	177	
210	243	196	
127	288	93	
27	98	95	
178	77	97	
73	38	31	
77	49	79	
226	275	213	
120	123	60	
55	118	114	
72	77	36	
131	52	65	
215	328	263	
139	263	54	
107	246	141	
244	157	512	
91	87	125	
124	247	535	
281	304	340	
58	86	148	
56	44	28	
195	49	126	
102	117	60	
139	269	57	
35	108	81	
210	189	60	
355	258	253	
314	185	122	
173	148	169	
105	115	96	
Most likely scenario
295	301	567	
80	40	70	
342	447	388	
383	206	236	
103	299	307	
85	218	310	
401	425	396	
83	78	185	
154	368	166	
216	436	228	
423	203	530	
546	195	586	
74	237	68	
325	220	318	
166	100	101	
352	294	227	
312	329	147	
48	188	65	
28	61	53	
99	212	130	
190	237	83	
54	65	72	
183	335	304	
155	378	166	
374	465	318	
86	144	104	
102	109	114	
71	191	161	
195	246	267	
447	171	395	
342	203	194	
307	219	250	
108	87	139	
67	220	147	
163	563	248	
428	550	237	
132	335	144	
72	125	45	
219	323	327	
265	423	439	
52	57	94	
192	252	89	
57	204	208	
581	501	319	
172	306	123	
187	93	105	
318	268	137	
193	144	342	
30	40	16	
219	175	423	
120	306	303	
51	48	157	
165	162	350	
433	363	259	
179	157	302	
42	36	31	
139	269	336	
47	20	55	
157	409	211	
96	58	59	
54	69	61	
253	392	162	
232	293	521	
307	193	359	
237	175	187	
328	136	388	
198	296	301	
220	312	510	
191	167	275	
123	72	94	
355	248	259	
161	107	236	
40	20	29	
122	178	81	
132	282	212	
357	177	317	
142	146	104	
199	244	242	
83	72	140	
431	426	349	
112	85	104	
47	15	55	
242	288	225	
115	82	214	
142	158	451	
201	171	214	
234	310	170	
330	266	127	
116	200	406	
87	178	149	
130	262	334	
306	268	506	
327	272	326	
454	448	157	
347	342	228	
315	163	354	
80	58	108	
45	135	70	
62	110	68	
187	161	477	
242	108	166	
427	137	469	
418	117	265	
151	392	132	
108	233	125	
88	312	94	
198	177	185	
537	208	509	
311	216	165	
54	62	41	
188	159	215	
371	428	206	
79	65	94	
123	44	81	
94	155	129	
79	37	71	
142	167	182	
217	140	106	
229	418	383	
138	121	116	
212	193	241	
394	248	273	
153	296	101	
54	143	186	
192	144	110	
116	46	56	
126	63	83	
329	380	377	
228	167	77	
60	164	115	
117	94	37	
207	100	110	
228	406	303	
140	290	102	
197	357	231	
391	313	556	
94	101	139	
216	301	543	
385	357	371	
95	160	206	
67	46	44	
247	75	186	
105	146	90	
189	310	91	
52	115	88	
237	227	98	
387	395	406	
450	262	158	
286	245	289	
119	178	132	
The worst scenario
439	309	707	
84	47	75	
448	559	463	
417	301	241	
132	418	371	
106	287	352	
479	432	542	
109	90	229	
201	505	203	
253	472	268	
505	284	564	
650	270	723	
108	255	91	
377	276	348	
196	143	107	
430	403	229	
393	393	169	
54	270	88	
41	91	74	
105	284	191	
244	298	121	
75	77	81	
203	499	369	
156	461	242	
544	625	434	
87	199	134	
131	137	147	
77	239	227	
237	309	341	
522	250	405	
492	242	231	
414	317	333	
142	95	195	
97	258	188	
212	793	253	
621	747	296	
170	411	159	
79	145	62	
236	473	333	
278	444	566	
65	85	122	
230	349	107	
77	238	276	
799	740	347	
241	382	142	
243	110	130	
384	392	178	
195	180	417	
34	52	23	
293	224	622	
138	356	331	
53	62	170	
178	228	369	
473	402	304	
185	209	430	
57	54	42	
199	365	391	
58	24	56	
222	419	299	
130	86	69	
66	100	63	
376	510	211	
308	375	618	
423	225	453	
336	229	261	
336	145	514	
271	325	394	
287	367	709	
213	220	347	
173	88	96	
478	278	375	
231	117	330	
51	30	36	
164	238	86	
145	380	247	
439	236	457	
148	160	138	
279	354	350	
120	79	168	
486	493	438	
128	116	152	
54	19	73	
253	400	285	
149	106	276	
194	211	616	
257	183	270	
274	437	180	
465	391	129	
163	266	565	
101	180	213	
172	285	365	
449	351	653	
342	314	469	
669	467	172	
348	366	253	
431	235	430	
113	73	159	
54	186	81	
67	112	83	
269	172	545	
258	152	172	
553	162	700	
549	149	315	
191	439	144	
114	348	137	
96	366	106	
273	253	268	
639	211	611	
429	311	192	
60	78	52	
261	172	320	
534	484	308	
112	85	129	
158	49	84	
97	207	183	
82	44	105	
178	236	186	
245	208	144	
276	534	392	
205	142	139	
271	238	280	
510	284	377	
201	307	140	
66	190	225	
270	182	114	
134	59	76	
144	73	108	
392	398	547	
246	249	114	
78	210	157	
155	101	40	
260	121	154	
340	607	425	
185	344	142	
215	378	275	
465	368	737	
140	149	158	
320	353	659	
551	481	516	
107	215	225	
87	67	51	
314	108	260	
153	200	121	
210	326	100	
69	167	93	
269	280	126	
458	463	578	
534	363	211	
331	246	390	
171	256	194	
