Factories	7	Jobs	100	Machines	3

Total number of component types per job processed by HSPM
8	7	7	12	11	7	11	6	11	5	5	12	9	8	9	8	5	11	8	10	8	8	7	5	9	7	11	9	6	7	12	10	6	12	7	10	5	10	9	11	7	9	8	7	8	9	12	12	12	8	7	10	10	10	8	6	6	8	6	12	8	12	11	8	7	11	7	6	9	12	7	12	7	9	5	12	5	12	10	6	8	12	10	5	11	7	7	8	11	10	8	12	10	6	10	9	9	5	7	10	

Total number of component types per job processed by MFPM
2	3	3	5	2	5	3	4	1	2	5	4	1	3	4	1	2	1	1	2	4	3	2	4	3	2	5	3	3	1	3	4	4	5	5	4	1	5	4	5	2	4	1	1	1	3	5	4	4	3	3	5	1	2	4	5	2	4	5	1	5	5	5	5	3	1	1	4	3	5	5	5	1	3	5	1	2	1	2	3	2	3	5	5	2	1	5	4	2	4	5	4	3	4	4	5	4	1	4	3	3	5	1	5	3	3	5	2	2	1	5	2	5	4	3	5	1	1	2	5	4	5	3	1	4	3	4	5	4	2	2	4	2	5	2	3	1	5	1	3	5	2	2	4	3	2	3	1	1	4	4	1	4	4	2	1	4	3	3	1	2	1	5	2	1	3	5	5	1	4	2	1	2	1	5	3	1	4	2	1	5	5	4	2	2	4	4	5	5	4	3	1	2	1	5	4	5	3	4	5	

All component type numbers for each job to be processed by HSPM
9	75	3	66	11	68	16	58	8	50	6	62	13	65	1	57	
15	64	5	44	12	7	14	51	2	28	7	40	6	53	
1	50	13	59	19	10	3	12	10	48	14	68	2	14	
13	17	12	15	3	60	1	65	15	21	18	41	14	37	4	55	9	75	10	70	6	19	2	4	
2	75	15	17	19	69	10	20	9	13	18	70	1	50	11	47	14	64	3	43	6	68	
15	57	8	65	5	43	10	33	1	61	2	26	18	46	
4	44	18	73	16	11	12	33	1	29	13	60	5	45	3	10	8	61	0	34	17	71	
19	7	7	26	1	2	6	9	18	63	17	13	
19	75	13	68	4	6	15	41	2	32	11	26	5	61	7	28	12	19	3	50	17	29	
5	32	14	27	15	59	16	3	0	43	
13	12	19	18	14	50	9	6	18	69	
13	50	17	23	3	29	2	24	9	45	4	15	1	16	10	54	16	51	8	33	19	35	11	67	
4	46	9	63	7	12	2	75	0	37	17	41	5	57	12	23	1	47	
2	31	15	69	4	36	11	72	19	11	13	6	6	68	7	52	
8	12	0	22	17	10	10	11	4	45	14	38	15	46	7	17	12	30	
19	1	11	31	7	20	8	44	4	66	16	26	3	72	12	16	
12	75	8	9	10	16	0	66	6	70	
6	2	13	28	16	50	1	17	12	1	4	9	7	42	8	49	17	7	14	74	2	73	
6	59	14	52	2	73	4	51	18	55	10	10	3	33	17	37	
1	58	14	17	2	9	6	47	7	35	4	41	12	65	16	57	5	11	11	22	
4	16	16	22	12	33	17	62	6	49	18	9	10	1	9	7	
7	41	19	57	10	3	4	64	5	66	0	52	6	67	14	29	
3	54	16	3	7	53	6	15	12	26	10	50	8	39	
0	7	10	33	18	9	13	52	11	48	
14	73	4	19	11	61	0	33	16	7	18	11	7	10	5	70	19	36	
10	14	2	63	9	4	17	7	6	43	5	62	15	30	
15	47	11	31	13	27	7	28	2	52	3	5	8	11	19	19	10	74	6	57	0	68	
17	27	4	49	15	60	3	51	9	10	10	69	6	9	0	5	13	34	
16	54	10	2	14	38	6	63	17	73	4	18	
9	25	6	27	7	7	5	67	11	22	12	46	10	5	
11	6	9	14	13	64	17	3	14	53	7	57	18	25	1	41	4	2	10	61	8	21	15	65	
1	46	5	70	17	27	4	14	8	65	16	10	13	68	3	17	10	58	12	5	
2	36	18	52	17	71	7	66	13	14	11	34	
17	27	11	13	9	18	4	75	14	22	2	43	15	72	10	63	13	30	6	2	12	70	8	52	
15	31	18	24	3	12	12	75	16	51	19	16	2	25	
15	15	14	7	0	62	8	67	1	5	16	72	19	45	12	11	4	68	5	49	
5	16	2	54	6	55	7	17	9	32	
4	57	14	67	3	14	16	7	2	59	11	61	19	6	1	74	9	75	8	45	
12	15	5	64	10	6	3	13	18	49	16	58	2	61	0	74	13	43	
13	33	4	7	19	34	12	27	6	30	14	32	8	40	2	19	0	46	7	2	3	71	
12	69	15	57	19	71	5	74	2	26	14	55	10	23	
16	14	1	48	5	10	9	15	0	67	13	39	17	45	11	54	3	56	
5	60	0	32	12	64	4	49	10	5	11	2	14	56	6	15	
19	47	4	66	5	4	2	67	18	36	11	57	15	63	
3	10	18	30	4	43	1	53	7	40	14	46	16	61	17	36	
6	11	3	9	9	70	1	58	2	20	16	46	7	74	13	73	17	10	
14	5	5	62	4	27	8	22	1	40	12	48	19	14	15	15	9	50	18	20	2	39	13	3	
6	60	1	33	15	36	9	4	7	30	14	11	11	41	3	6	13	57	10	71	0	35	12	63	
10	2	11	62	9	19	14	20	1	54	7	51	16	10	4	60	17	69	5	15	6	11	15	63	
12	68	14	54	15	48	17	71	3	63	0	19	7	44	18	9	
12	21	5	33	16	47	2	58	3	74	0	42	17	52	
13	13	12	74	6	72	18	34	14	32	0	6	8	40	5	14	15	15	17	55	
10	8	16	41	13	2	2	26	15	10	9	22	3	48	5	40	18	4	0	20	
8	61	15	51	1	52	2	35	11	48	9	36	7	42	12	65	17	1	0	53	
7	1	4	24	2	6	18	19	1	21	14	65	8	25	10	47	
11	53	9	34	10	56	12	54	19	52	17	12	
8	63	19	50	11	24	7	45	5	49	12	21	
16	2	7	38	13	14	15	45	9	25	11	74	18	71	19	20	
19	46	2	34	9	49	7	70	14	33	13	14	
18	67	13	63	19	40	15	72	5	11	2	26	4	43	10	5	9	69	11	21	12	75	14	57	
18	72	14	23	6	66	0	46	11	20	17	51	8	54	3	24	
2	47	0	6	10	26	17	12	3	28	18	31	16	29	5	54	1	30	15	40	4	38	11	39	
4	21	14	47	13	61	11	43	2	68	7	75	18	41	10	18	15	52	12	53	16	39	
17	26	8	54	6	24	3	65	9	13	18	41	7	10	0	27	
16	63	11	29	6	8	17	57	1	17	0	68	15	55	
18	69	4	8	13	49	7	51	19	57	15	64	14	67	5	5	3	30	1	63	11	66	
11	61	16	19	17	41	19	72	1	65	13	55	0	30	
5	7	8	41	0	36	1	13	14	39	3	23	
16	36	1	70	18	55	2	68	3	19	7	66	13	60	4	14	0	45	
7	40	4	71	17	13	14	12	16	11	12	19	18	28	15	22	2	26	9	29	10	2	19	3	
16	1	0	16	2	46	13	26	8	24	7	67	6	37	
8	68	12	12	3	18	17	11	18	37	7	69	15	63	2	16	13	15	16	42	14	22	1	34	
0	58	6	49	16	56	5	4	1	1	12	32	19	37	
17	32	4	63	2	15	10	56	3	70	5	10	11	38	6	67	9	33	
19	14	4	25	13	50	16	13	5	37	
3	32	0	53	12	4	10	27	5	56	9	36	8	2	16	40	17	16	18	31	13	18	15	29	
3	48	2	54	4	37	6	4	10	64	
19	22	16	30	10	54	5	39	11	32	3	61	13	13	7	57	8	73	1	67	2	31	0	35	
13	49	19	74	1	71	7	58	11	28	2	31	15	43	9	38	12	64	5	3	
7	63	17	36	18	38	12	47	8	60	5	30	
2	67	8	21	5	62	3	3	0	63	15	70	19	42	14	19	
4	9	1	5	11	13	7	27	13	29	3	74	6	43	19	57	15	48	8	44	18	2	10	67	
18	40	17	19	10	36	0	11	7	30	15	10	13	14	1	62	12	17	9	18	
3	72	15	61	16	41	8	49	13	56	
8	64	6	18	4	11	9	61	16	32	2	2	14	56	0	12	7	66	17	41	13	42	
19	13	15	30	0	1	7	63	3	35	4	22	13	72	
3	20	10	41	19	73	2	54	13	6	4	1	12	68	
4	19	0	1	2	23	6	4	19	57	12	21	3	26	13	67	
17	75	4	33	6	67	1	24	16	38	0	56	19	26	2	21	9	71	5	40	15	60	
17	8	10	61	6	1	8	46	3	31	15	21	19	20	9	54	5	49	16	3	
13	27	16	21	11	17	7	58	4	32	8	73	10	56	3	46	
10	20	5	28	9	42	14	48	0	55	19	50	16	8	8	3	6	1	7	49	13	46	3	16	
8	66	14	74	1	14	13	61	7	43	3	75	15	51	2	39	0	27	19	36	
4	40	19	4	14	32	1	61	12	7	0	38	
16	33	3	27	19	3	15	43	8	57	9	75	0	70	11	63	5	1	17	22	
18	9	1	50	6	31	12	73	15	4	14	33	9	3	8	75	16	74	
15	25	18	62	2	66	19	8	5	38	14	30	10	63	13	72	7	50	
0	3	17	20	2	50	14	48	10	21	
12	50	19	35	9	56	3	11	15	58	18	38	14	13	
4	19	12	17	7	5	15	9	5	33	17	34	3	25	13	50	1	24	14	12	

All component type numbers for each job to be processed by MFPM
2	4	0	24	
9	34	3	44	0	30	
1	19	2	17	6	24	
8	40	7	26	6	37	1	36	3	44	
5	20	4	19	
4	41	6	36	1	37	8	31	9	46	
2	5	4	16	9	20	
0	48	6	45	1	50	5	44	
9	8	
7	33	8	42	
6	15	4	13	8	12	0	22	1	25	
1	33	2	47	4	27	5	34	
0	15	
6	36	0	30	7	28	
0	3	5	9	7	11	4	7	
0	49	
1	1	5	7	
5	43	
9	10	
9	44	0	39	
6	7	1	9	9	14	2	5	
2	50	5	46	1	49	
0	18	4	20	
3	29	4	30	8	37	9	36	
0	1	5	14	1	5	
2	43	9	30	
8	2	1	3	6	23	2	14	0	16	
7	45	5	33	6	39	
9	12	0	3	8	1	
4	32	
1	22	4	17	6	2	
1	50	9	47	8	31	5	40	
7	5	0	9	2	16	5	17	
7	41	6	28	8	37	1	30	4	46	
5	19	4	6	0	14	3	20	8	22	
4	32	6	27	1	29	9	50	
2	16	
9	27	4	38	5	35	8	41	2	39	
8	1	6	5	7	11	1	20	
4	43	9	40	8	29	1	31	5	44	
8	8	6	17	
7	34	8	33	9	37	3	32	
3	9	
6	28	
8	6	
5	38	6	29	3	33	
8	25	0	18	7	3	6	22	9	2	
4	32	6	48	2	35	7	39	
1	10	4	6	0	18	7	24	
5	37	7	28	1	27	
7	20	1	3	9	1	
8	26	0	31	2	43	9	40	3	47	
6	22	
5	41	3	48	
6	1	5	11	8	4	4	23	
1	29	8	41	2	40	5	42	0	39	
6	5	8	2	
0	39	6	40	1	42	8	48	
6	23	4	19	1	5	2	8	9	14	
0	36	
9	9	1	3	8	16	6	6	0	13	
9	45	3	28	7	38	1	46	6	47	
9	1	2	9	1	16	5	19	6	15	
6	49	2	26	8	40	1	41	9	33	
2	3	8	15	4	1	
7	50	
9	20	
0	27	4	38	8	48	7	41	
2	1	1	8	9	5	
8	29	3	42	1	41	2	43	6	35	
9	22	0	20	6	4	7	24	3	5	
0	50	3	44	7	33	2	26	6	29	
3	9	
9	48	7	50	0	30	
8	24	1	23	2	5	5	25	3	19	
4	46	
2	25	3	14	
7	49	
2	8	6	14	
6	35	9	50	1	34	
6	9	4	10	
1	36	9	45	4	41	
6	22	1	23	5	1	8	16	3	6	
7	42	5	28	2	39	3	29	0	37	
8	19	6	11	
0	45	
5	2	8	9	6	8	7	23	9	16	
6	36	3	34	0	45	7	38	
9	14	4	10	
9	35	6	36	3	26	0	39	
8	6	2	23	0	20	3	16	4	10	
0	32	7	48	5	43	9	35	
6	11	8	14	1	3	
5	31	1	37	8	26	9	43	
7	4	9	20	6	15	0	18	
6	44	8	33	5	36	3	46	2	48	
0	15	9	7	6	14	4	23	
9	28	
6	3	9	10	3	11	4	24	
9	30	2	39	5	43	
7	21	2	11	6	25	
7	32	4	31	5	48	0	29	6	37	
4	15	
4	47	6	48	9	43	1	40	3	32	
7	11	8	1	2	4	
8	46	2	48	3	39	
7	7	2	22	8	17	1	14	0	13	
7	35	6	48	
1	14	3	4	
2	30	
7	15	9	18	8	10	0	16	4	6	
9	27	3	42	
1	11	7	10	0	24	8	23	2	13	
8	50	2	37	9	35	5	34	
3	7	7	9	2	20	
6	36	2	41	0	44	8	38	9	43	
0	11	
8	37	
2	11	6	12	
3	37	6	28	4	29	8	38	0	47	
3	18	2	6	7	13	9	22	
0	26	3	27	5	30	6	32	7	45	
7	20	6	17	5	1	
7	29	
2	23	7	8	3	9	9	22	
9	27	6	37	4	32	
2	9	1	3	0	21	8	14	
9	48	7	45	8	50	6	47	1	42	
5	10	4	7	8	20	3	22	
8	47	7	50	
4	23	2	1	
2	41	3	42	5	50	8	44	
0	4	6	17	
3	46	9	44	2	41	4	35	0	47	
1	8	8	13	
8	32	2	45	7	30	
9	10	
9	47	0	33	8	42	6	48	2	50	
6	18	
5	45	7	29	9	46	
0	15	8	25	2	18	9	22	5	6	
7	50	2	38	
4	15	3	8	
6	32	4	40	7	34	0	38	
3	20	8	2	5	8	
9	48	0	38	
1	20	3	12	7	1	
8	29	
8	15	
9	37	5	49	7	27	3	46	
1	5	5	9	7	15	2	8	
5	28	
4	21	7	25	6	6	0	9	
1	47	8	39	0	50	4	44	
8	20	3	14	
2	43	
9	10	8	20	7	22	4	25	
9	29	2	47	5	26	
2	24	7	3	3	18	
4	34	
4	17	1	23	
9	28	
1	16	4	15	7	9	0	14	2	7	
2	42	4	41	
9	4	
5	26	2	41	9	35	
5	20	7	19	8	5	4	25	9	16	
7	46	0	34	6	26	4	37	5	50	
3	15	
9	26	2	27	4	44	6	43	
3	18	5	25	
3	33	
5	17	2	24	
6	27	
6	3	8	24	3	19	2	13	9	23	
7	29	9	26	5	50	
3	9	
9	40	0	49	3	31	4	33	
8	3	7	14	
2	50	
3	2	4	4	6	11	0	22	5	24	
7	44	4	45	3	47	1	29	6	32	
9	16	3	7	1	8	7	4	
3	30	9	27	
4	3	5	11	
4	38	8	29	0	33	3	46	
2	8	8	10	7	16	5	9	
1	49	7	45	3	36	9	37	8	47	
8	21	2	11	0	9	9	10	5	12	
9	38	1	42	5	49	8	37	
1	12	8	19	5	25	
3	34	
0	8	3	21	
8	26	
1	3	5	8	9	6	0	5	7	14	
5	49	3	33	6	43	7	39	
0	5	6	6	9	22	7	13	8	24	
5	42	0	37	8	32	
0	2	9	13	7	10	3	23	
0	37	3	48	9	46	8	28	2	50	

Three processing times per job on each machine
The best scenario
257	247	383	
235	152	205	
180	64	256	
126	99	123	
302	179	310	
186	251	80	
478	315	172	
314	175	208	
335	229	117	
221	137	93	
364	310	116	
69	425	225	
73	83	121	
65	156	77	
30	82	76	
143	207	163	
108	253	144	
156	64	86	
204	144	296	
79	83	20	
269	193	195	
176	78	132	
168	69	192	
86	89	164	
137	252	69	
315	572	112	
141	78	98	
233	194	83	
189	94	493	
147	297	193	
44	119	28	
201	343	293	
217	199	219	
86	193	211	
135	173	98	
163	85	130	
125	145	329	
45	211	175	
232	68	156	
54	90	115	
245	206	336	
17	9	32	
136	282	386	
20	90	77	
41	41	60	
145	66	138	
43	163	80	
45	55	96	
56	110	60	
65	104	63	
57	82	112	
295	254	199	
146	197	108	
111	141	461	
289	209	262	
387	241	375	
180	299	237	
85	278	162	
20	52	48	
87	177	146	
194	93	148	
121	67	44	
106	83	139	
245	342	116	
267	167	259	
40	46	34	
324	107	195	
40	100	76	
23	34	13	
281	116	359	
205	154	228	
395	301	287	
129	185	274	
52	51	46	
357	100	123	
208	254	446	
179	82	159	
117	47	150	
130	177	154	
107	47	53	
82	65	39	
198	167	66	
238	251	166	
162	206	117	
171	135	130	
59	59	81	
41	20	22	
58	24	21	
69	367	323	
292	294	360	
345	73	101	
98	141	200	
103	121	126	
126	266	175	
76	86	86	
365	326	133	
370	358	159	
115	257	134	
92	87	297	
152	179	117	
Most likely scenario
498	376	411	
242	296	209	
295	123	294	
209	136	217	
322	190	525	
218	286	141	
585	438	267	
452	290	273	
441	455	203	
243	175	115	
367	586	167	
134	438	259	
99	116	136	
130	235	132	
37	133	130	
232	231	215	
124	298	172	
205	127	96	
223	185	355	
81	94	38	
275	316	265	
183	81	141	
292	130	249	
118	104	215	
188	345	104	
343	602	153	
170	117	106	
465	381	148	
362	155	524	
204	327	244	
56	130	51	
304	510	439	
374	216	290	
116	289	364	
181	208	132	
227	146	205	
149	189	375	
75	236	188	
247	94	195	
67	144	135	
308	294	458	
23	18	39	
168	347	548	
30	117	107	
60	72	89	
179	131	243	
55	191	160	
84	73	158	
76	129	62	
100	112	107	
73	85	160	
366	322	222	
288	235	152	
183	243	532	
399	364	382	
444	367	587	
193	417	456	
150	352	220	
36	55	53	
131	329	231	
211	120	287	
215	98	75	
125	105	156	
277	352	150	
296	227	340	
49	82	56	
355	164	298	
61	108	108	
32	55	16	
334	158	510	
210	247	266	
444	579	355	
156	264	275	
82	67	59	
364	158	165	
400	461	481	
185	153	163	
155	58	151	
234	214	177	
142	94	81	
100	77	69	
302	177	113	
341	308	170	
199	218	198	
228	212	149	
81	80	148	
59	29	23	
73	40	32	
119	449	423	
402	391	531	
438	137	193	
147	244	206	
109	175	137	
192	307	224	
78	153	101	
493	440	196	
508	416	278	
129	292	145	
159	168	312	
240	229	135	
The worst scenario
523	513	597	
259	324	313	
379	182	298	
231	184	269	
357	255	603	
315	300	164	
660	485	345	
509	318	365	
540	649	290	
309	185	116	
443	794	230	
145	475	315	
144	169	204	
132	274	166	
52	156	183	
260	259	240	
136	310	227	
274	180	124	
283	271	526	
110	136	45	
366	371	328	
258	120	209	
321	195	326	
168	127	224	
195	395	110	
507	772	185	
188	156	118	
644	493	161	
403	229	601	
290	405	284	
65	179	57	
312	632	647	
445	234	345	
117	388	447	
239	305	171	
279	195	257	
173	197	518	
83	246	196	
346	123	230	
97	190	186	
336	328	585	
27	20	43	
227	363	774	
40	142	114	
89	92	103	
191	146	285	
80	214	215	
87	86	192	
92	185	83	
103	128	136	
74	106	223	
523	463	319	
307	237	205	
247	292	627	
412	438	553	
486	374	602	
250	435	655	
168	452	245	
53	60	70	
167	461	311	
290	151	349	
269	116	104	
134	155	181	
342	418	162	
309	307	397	
55	83	82	
522	227	339	
65	138	124	
47	74	20	
461	196	542	
228	256	353	
602	845	476	
196	299	399	
100	83	77	
371	207	169	
557	562	549	
195	160	244	
175	79	193	
259	275	225	
164	136	107	
123	115	78	
398	198	164	
378	443	227	
291	322	271	
303	224	156	
87	90	190	
73	34	24	
86	43	35	
140	615	619	
482	449	610	
593	182	231	
203	262	287	
142	261	188	
206	321	277	
87	183	113	
558	451	223	
525	581	368	
189	363	149	
221	236	467	
338	247	182	
