Factories	7	Jobs	50	Machines	2

Total number of component types per job processed by HSPM
12	8	11	9	7	5	5	5	9	12	5	12	8	5	5	7	5	8	8	6	5	8	5	6	9	12	10	5	9	8	5	6	5	9	8	9	12	8	11	9	8	9	6	5	9	5	7	7	9	5	

Total number of component types per job processed by MFPM
2	4	3	3	1	4	1	3	3	1	2	3	4	5	1	2	1	3	5	5	1	1	5	5	1	1	4	5	5	1	4	3	2	4	2	2	5	2	5	5	2	2	5	4	1	2	5	2	3	3	

All component type numbers for each job to be processed by HSPM
2	4	3	51	15	47	13	63	5	49	8	67	18	60	11	16	16	7	9	75	4	59	12	44	
1	16	19	68	5	23	17	48	14	53	16	51	11	15	4	60	
19	75	0	49	5	30	6	1	12	41	4	26	2	42	13	23	7	18	14	32	11	24	
0	61	11	64	4	52	1	12	17	15	14	28	18	41	10	33	15	68	
8	59	6	11	3	2	1	9	14	34	17	46	16	72	
7	65	14	35	0	62	4	34	1	28	
1	71	9	12	0	4	14	29	7	50	
15	37	18	48	10	19	3	31	16	64	
12	10	18	24	19	45	8	28	5	74	0	15	11	68	15	51	6	31	
1	75	5	5	0	33	7	18	15	16	12	66	8	13	4	38	9	32	13	63	11	72	3	7	
18	33	2	55	14	68	4	17	11	13	
7	13	18	43	2	45	10	51	12	34	1	35	4	73	5	46	17	54	3	65	6	70	15	41	
18	61	9	66	0	65	8	57	7	40	3	69	12	43	4	50	
19	69	13	74	1	29	6	30	8	73	
12	47	7	15	10	20	11	73	6	68	
11	61	16	10	10	15	2	23	0	46	3	21	6	72	
5	16	1	61	9	48	19	41	13	44	
1	2	9	71	17	61	4	14	2	65	15	73	19	5	5	54	
15	32	13	29	3	38	1	15	16	41	6	70	14	8	19	71	
3	64	6	1	12	58	5	16	4	6	9	5	
3	49	2	29	16	8	8	35	12	33	
18	17	15	11	17	20	4	53	16	24	7	64	2	29	0	46	
11	4	1	60	12	46	3	70	8	65	
8	74	0	49	9	67	5	58	2	64	18	8	
12	75	3	17	17	32	9	12	2	37	0	51	1	72	13	48	15	13	
0	59	14	22	7	3	19	48	6	12	10	55	1	8	13	69	2	4	17	40	5	45	12	35	
8	27	14	32	13	15	5	61	12	67	4	8	19	73	1	33	17	35	18	50	
16	10	8	2	1	22	5	18	14	42	
16	17	1	50	3	34	4	41	12	48	15	63	19	69	11	72	2	59	
2	72	10	10	15	65	9	43	3	51	18	11	14	20	13	70	
5	50	4	54	13	23	18	66	2	19	
11	12	17	9	18	27	4	3	2	63	10	61	
9	37	0	46	18	25	3	60	7	55	
11	34	19	57	18	68	6	51	10	49	15	3	1	36	13	14	2	18	
5	72	2	32	10	26	16	35	18	16	11	54	19	41	8	56	
2	41	19	60	3	39	18	23	1	19	12	74	14	31	8	18	0	47	
16	12	5	43	1	72	3	4	7	68	8	45	6	35	19	20	13	38	9	59	10	29	4	48	
14	44	10	58	12	10	7	20	2	6	1	26	19	38	17	67	
1	10	17	59	11	51	16	19	19	68	12	73	5	42	8	66	6	72	3	70	13	31	
19	28	9	43	13	61	4	59	3	33	10	49	16	19	15	31	0	11	
19	29	6	2	10	14	17	65	13	70	0	72	7	56	1	31	
13	4	11	11	2	61	4	66	16	24	0	30	15	26	3	16	6	33	
8	34	7	18	17	11	19	24	10	43	1	6	
10	2	17	74	8	66	0	64	7	73	
17	15	10	49	16	38	5	10	18	20	11	74	0	33	7	24	13	30	
5	60	6	26	10	49	11	41	12	51	
14	25	3	7	0	72	8	23	1	60	18	49	15	33	
15	60	18	20	8	4	10	42	12	64	9	55	3	58	
18	34	2	57	14	66	6	2	7	16	9	21	0	4	1	73	11	39	
10	14	3	39	11	30	4	19	17	3	

All component type numbers for each job to be processed by MFPM
2	21	6	12	
8	5	0	19	4	23	9	15	
0	9	3	5	7	19	
9	12	6	21	5	24	
6	4	
4	19	8	3	1	22	6	10	
4	13	
3	22	6	8	1	21	
4	14	8	25	7	9	
2	1	
5	24	2	22	
2	8	7	15	3	25	
7	14	5	4	4	24	2	1	
3	15	5	10	2	11	8	1	1	20	
7	13	
6	2	5	22	
7	14	
8	6	2	8	5	1	
4	12	2	9	5	2	7	23	0	24	
2	20	8	23	1	21	7	9	0	16	
6	13	
6	19	
6	23	8	21	7	14	9	25	4	4	
7	12	9	17	4	2	3	21	0	15	
0	25	
7	7	
7	16	6	9	1	4	4	5	
8	9	0	12	7	19	9	15	2	24	
3	17	5	1	1	24	7	18	0	5	
5	6	
8	18	6	3	2	16	9	21	
5	18	1	12	7	13	
8	24	0	6	
7	20	2	14	9	16	8	6	
8	15	2	2	
1	12	9	18	
8	8	4	25	3	2	6	13	5	9	
1	13	8	3	
6	13	1	23	0	16	3	5	8	24	
5	2	7	12	9	7	1	6	3	4	
6	9	2	10	
8	16	1	5	
3	7	6	4	8	14	7	25	2	10	
5	8	4	14	6	11	7	9	
8	22	
6	5	4	9	
2	17	5	8	6	2	1	21	4	3	
8	12	5	20	
1	24	2	12	7	1	
7	11	2	8	0	7	

Three processing times per job on each machine
The best scenario
127	114	
286	65	
222	309	
377	313	
109	197	
57	111	
144	158	
202	238	
155	72	
145	113	
30	48	
113	272	
292	335	
158	123	
137	186	
78	99	
221	240	
86	85	
134	71	
118	181	
59	59	
170	310	
105	105	
176	80	
359	260	
117	127	
81	92	
124	208	
214	92	
153	213	
243	196	
34	71	
179	189	
279	177	
20	33	
30	26	
43	65	
303	294	
468	213	
187	135	
283	127	
25	27	
31	51	
334	214	
60	66	
125	169	
247	244	
51	144	
359	125	
319	355	
Most likely scenario
146	207	
415	119	
228	335	
603	444	
205	327	
103	163	
161	184	
400	344	
182	138	
259	122	
34	72	
189	382	
310	336	
159	191	
208	289	
82	107	
234	457	
167	133	
159	127	
126	235	
85	89	
310	378	
164	163	
304	155	
425	276	
165	158	
90	97	
149	244	
253	146	
178	323	
378	281	
62	87	
222	289	
343	201	
32	35	
33	38	
68	75	
325	296	
483	416	
238	174	
298	189	
36	29	
62	98	
449	218	
87	112	
143	263	
271	434	
54	163	
415	136	
344	383	
The worst scenario
180	279	
479	140	
234	491	
633	453	
217	409	
153	180	
177	230	
524	470	
260	150	
345	169	
44	81	
283	503	
311	467	
188	285	
279	405	
87	123	
242	523	
217	156	
214	189	
178	299	
92	104	
340	475	
197	169	
331	208	
463	391	
188	169	
97	123	
205	340	
281	169	
232	385	
518	393	
86	98	
276	338	
489	299	
33	41	
44	52	
76	82	
417	385	
544	425	
291	233	
393	191	
51	43	
71	131	
450	304	
125	145	
184	326	
296	474	
56	236	
441	165	
502	390	
