Factories	2	Jobs	50	Machines	3

Total number of component types per job processed by HSPM
9	12	5	7	10	6	6	6	10	12	11	9	7	12	5	8	10	11	10	5	12	6	10	12	8	5	8	5	8	5	6	7	5	6	10	7	9	12	5	9	7	9	7	6	6	11	11	8	10	9	

Total number of component types per job processed by MFPM
4	4	1	2	1	2	3	1	4	2	2	4	2	4	3	3	4	1	4	4	2	3	3	4	1	5	1	4	3	3	3	3	3	1	4	5	4	3	5	3	4	2	4	3	5	3	4	3	2	1	3	1	5	1	4	1	2	4	5	1	5	5	3	2	1	1	2	1	5	3	3	5	3	3	3	4	4	1	5	3	5	1	5	1	4	2	1	3	5	1	3	3	2	4	1	3	4	2	5	1	

All component type numbers for each job to be processed by HSPM
10	10	15	29	3	51	11	4	13	22	12	21	8	53	14	25	19	24	
0	42	3	54	7	10	4	65	5	12	10	29	13	64	6	14	11	26	1	63	12	34	15	61	
18	55	5	67	3	57	19	20	4	15	
15	34	10	39	18	56	11	32	1	16	0	18	9	52	
2	63	9	15	14	36	15	71	6	16	18	41	0	40	5	1	13	62	10	54	
0	26	4	57	17	72	9	30	2	54	12	39	
6	46	7	37	13	72	18	10	4	17	12	73	
16	3	17	22	7	47	2	69	15	58	6	14	
1	34	3	20	4	73	17	42	0	29	14	62	9	36	2	52	7	21	19	11	
0	54	1	42	10	17	5	23	4	31	9	72	14	56	3	7	18	36	19	74	16	11	11	16	
0	2	2	64	8	27	4	75	16	23	3	60	1	25	12	53	6	56	5	22	13	73	
10	6	1	19	8	51	14	1	6	7	4	52	19	71	2	10	17	15	
12	62	3	16	4	74	18	11	10	48	9	31	2	60	
9	27	0	53	10	49	12	48	6	29	11	14	18	39	8	75	14	55	7	72	1	62	4	63	
16	7	19	38	3	36	10	15	14	31	
8	33	11	11	16	2	14	50	15	39	10	26	13	54	1	1	
9	33	4	57	0	66	1	50	16	47	12	36	5	19	14	24	19	30	15	34	
16	11	17	27	8	52	0	42	13	72	10	26	5	75	18	46	19	5	7	18	4	74	
0	42	16	22	10	52	17	15	9	5	12	55	5	75	18	8	3	32	11	36	
12	50	9	10	8	2	2	38	19	11	
12	12	15	62	8	75	10	73	1	33	16	29	6	51	13	50	4	54	2	7	11	36	19	63	
11	36	16	23	13	59	5	62	12	5	8	21	
12	15	2	9	8	43	9	65	11	28	14	31	17	13	10	68	3	30	7	61	
7	53	8	70	10	74	12	7	13	12	16	55	18	71	15	41	5	31	17	6	14	58	0	64	
13	74	7	25	10	15	3	19	0	32	1	71	17	48	14	64	
18	68	19	41	4	61	15	53	11	55	
13	46	1	73	16	62	9	2	18	33	2	63	11	20	6	34	
4	36	19	64	5	25	3	6	16	24	
11	25	0	29	16	33	9	45	6	9	5	15	10	67	13	55	
19	39	8	2	12	32	2	74	10	67	
13	17	17	32	10	25	18	53	0	58	14	43	
18	20	2	56	12	36	0	25	6	63	9	6	3	29	
10	74	9	49	7	40	17	39	19	14	
7	12	14	53	0	26	12	10	10	25	13	42	
10	28	14	55	12	50	11	57	2	1	3	54	16	8	5	39	8	32	18	23	
14	22	17	37	18	44	5	61	11	58	10	2	2	46	
3	43	10	11	14	37	6	35	8	7	18	73	16	68	11	24	1	4	
18	47	14	16	1	28	0	10	11	40	16	67	12	75	13	62	6	35	17	46	15	9	10	72	
7	25	17	46	16	53	5	28	4	62	
6	73	0	28	1	64	2	32	17	38	18	27	7	67	16	39	19	65	
3	11	11	37	8	41	2	30	12	39	17	62	0	13	
18	33	9	17	0	18	14	45	5	2	15	14	10	73	16	39	11	50	
19	40	13	14	17	46	9	56	18	58	11	18	16	20	
8	42	19	15	5	51	2	5	9	18	16	16	
1	72	13	66	3	61	16	56	0	5	14	23	
14	56	12	32	7	30	19	39	8	11	1	65	0	54	11	31	17	25	9	59	16	67	
8	60	14	71	0	59	6	40	3	23	4	24	16	4	5	64	7	75	9	54	12	57	
12	60	15	40	5	17	9	9	0	23	10	27	6	59	18	12	
19	14	6	15	1	52	14	22	13	40	3	36	18	51	8	20	0	49	15	2	
10	11	14	14	11	74	18	29	4	38	6	60	19	13	0	16	13	71	

All component type numbers for each job to be processed by MFPM
8	8	9	25	3	4	6	15	
9	33	6	35	1	29	4	27	
4	10	
4	49	3	50	
1	24	
5	26	9	37	
3	22	9	11	6	24	
1	42	
8	20	9	6	7	4	3	11	
7	50	1	37	
7	25	4	22	
3	39	2	43	4	44	8	40	
8	1	6	8	
5	44	9	46	2	30	7	39	
3	16	7	21	9	15	
0	33	3	42	6	44	
6	21	4	17	5	6	3	3	
0	42	
7	5	6	23	0	16	5	22	
7	50	2	40	4	37	3	46	
6	12	7	1	
5	32	9	44	8	34	
8	19	4	13	7	21	
2	39	4	38	0	33	9	43	
0	16	
5	41	4	44	7	29	3	35	1	36	
4	4	
4	47	0	34	7	36	8	46	
5	15	6	19	4	9	
8	46	6	40	5	32	
7	15	1	24	5	19	
6	28	5	31	2	38	
4	7	2	13	8	12	
5	37	
8	21	7	12	6	6	1	4	
6	47	5	27	3	26	9	34	2	46	
0	13	3	5	4	22	5	21	
6	27	5	33	9	43	
5	4	9	11	6	7	4	8	0	23	
0	48	5	35	6	47	
2	19	9	4	5	14	8	22	
0	35	9	44	
9	17	6	1	0	6	1	11	
6	48	5	37	3	44	
7	22	1	11	5	4	6	24	4	16	
3	36	6	34	0	28	
9	18	1	15	0	22	4	19	
7	49	0	36	5	42	
4	11	5	22	
7	45	
2	20	7	21	8	16	
6	37	
3	15	5	10	2	14	4	24	7	18	
4	50	
8	6	9	25	3	13	5	4	
5	41	
3	8	8	5	
9	43	4	32	0	38	7	31	
7	14	6	9	2	20	9	11	4	2	
4	47	
3	21	0	22	7	15	8	6	5	19	
4	28	7	40	6	29	2	34	8	38	
8	12	3	5	2	15	
7	39	4	49	
4	11	
6	36	
5	2	9	16	
1	39	
3	13	5	2	9	24	1	10	8	21	
0	36	3	28	5	26	
2	17	0	22	8	13	
2	36	8	33	4	37	5	40	3	28	
8	1	4	3	3	23	
7	31	0	28	9	41	
9	10	4	22	2	2	
9	31	5	47	4	48	6	30	
0	20	1	12	7	4	4	7	
8	37	
9	24	0	13	4	2	6	14	3	17	
2	41	1	37	8	39	
0	19	6	2	7	5	1	17	2	1	
0	34	
9	9	8	24	0	19	7	12	4	21	
1	45	
4	10	0	4	8	23	1	24	
1	38	2	31	
6	18	
6	35	2	39	0	46	
8	21	2	3	3	24	7	14	1	5	
9	37	
8	11	3	15	9	7	
0	41	2	50	8	36	
7	12	8	7	
5	45	4	27	0	31	6	46	
8	17	
3	41	2	30	9	32	
5	23	4	2	1	13	0	8	
7	48	4	41	
8	1	2	7	5	9	4	6	3	13	
1	45	

Three processing times per job on each machine
The best scenario
336	254	395	
338	335	645	
200	132	217	
170	137	377	
255	139	94	
472	587	322	
844	467	541	
152	61	108	
108	195	181	
65	97	90	
68	152	116	
527	314	370	
456	170	420	
243	150	186	
639	951	1096	
118	477	427	
405	337	306	
360	439	693	
580	378	255	
130	194	177	
810	183	195	
490	804	182	
428	460	424	
677	1124	747	
397	203	156	
554	590	939	
84	145	121	
259	250	291	
177	236	379	
254	405	770	
663	303	585	
1065	678	680	
709	335	650	
160	111	115	
870	638	643	
460	132	135	
532	237	711	
618	261	820	
329	315	224	
294	109	156	
42	78	73	
1171	259	1181	
938	395	247	
100	133	228	
746	340	799	
264	394	178	
923	918	968	
172	45	53	
498	1339	352	
565	725	588	
Most likely scenario
648	492	535	
379	368	1016	
203	162	354	
237	153	436	
303	149	135	
660	967	591	
1129	563	771	
163	99	140	
175	233	211	
88	99	149	
89	170	206	
801	533	671	
502	281	582	
422	270	368	
920	1054	1104	
198	754	474	
522	611	483	
369	805	922	
659	454	471	
156	205	198	
849	249	314	
945	974	253	
504	818	426	
959	1284	1126	
544	400	164	
673	672	1097	
149	182	195	
302	307	294	
258	396	404	
286	614	1078	
1114	527	588	
1273	958	730	
721	529	1062	
174	183	141	
991	881	1023	
585	236	226	
542	417	1070	
988	316	1008	
503	568	391	
363	176	299	
58	147	74	
1429	374	1371	
972	677	401	
109	138	328	
1372	617	1297	
443	728	308	
1258	1125	981	
219	77	95	
703	1468	441	
614	780	860	
The worst scenario
959	612	778	
426	418	1476	
210	224	504	
325	205	581	
368	198	149	
844	1081	733	
1374	737	1142	
165	144	146	
229	250	252	
110	134	159	
97	246	271	
926	710	836	
631	352	854	
626	393	552	
998	1137	1218	
221	817	640	
534	900	576	
394	949	931	
730	467	700	
231	225	245	
1079	289	431	
1327	1271	285	
544	1169	514	
983	1517	1208	
604	415	183	
1004	740	1498	
167	219	222	
431	363	396	
362	443	482	
302	892	1193	
1291	645	815	
1818	1042	888	
792	616	1538	
256	218	205	
1074	916	1441	
626	269	308	
581	589	1465	
1466	440	1021	
596	794	563	
449	264	345	
82	197	104	
1968	551	1906	
1056	852	460	
130	192	399	
1686	659	1373	
521	919	357	
1628	1181	1251	
233	101	141	
711	1760	520	
829	884	1239	
