Factories	3	Jobs	50	Machines	2

Total number of component types per job processed by HSPM
5	12	11	8	8	12	9	5	12	8	7	12	5	8	6	10	7	6	11	6	6	6	12	5	8	8	12	9	7	9	5	10	11	6	6	5	7	10	6	5	10	10	8	7	9	8	8	11	11	5	

Total number of component types per job processed by MFPM
3	1	2	2	1	4	1	1	5	1	2	4	4	1	3	1	5	4	4	5	1	3	3	2	2	2	3	3	4	3	5	1	4	5	4	5	1	2	1	5	1	3	4	2	1	2	3	1	4	3	

All component type numbers for each job to be processed by HSPM
16	47	0	51	15	16	11	3	2	58	
1	31	14	62	5	27	8	2	19	19	6	23	7	74	16	33	4	71	17	57	9	41	3	18	
4	32	17	68	3	53	5	29	6	63	18	65	12	71	15	56	10	24	2	30	0	34	
16	3	2	52	3	28	14	67	7	42	11	38	0	19	19	50	
12	2	0	32	11	74	4	46	6	41	10	3	17	44	7	39	
5	36	8	39	3	73	2	17	12	45	6	31	9	49	4	47	18	61	7	25	13	55	11	32	
11	18	3	1	14	8	7	34	1	20	9	54	10	51	13	12	18	15	
1	75	2	22	6	70	7	74	4	73	
14	20	15	51	7	28	16	9	6	32	4	33	8	5	13	72	0	67	5	70	10	45	11	61	
5	34	6	46	15	6	19	44	8	5	0	20	17	38	2	32	
7	47	17	73	11	12	9	69	8	75	3	4	16	1	
13	32	14	18	0	70	3	17	4	28	1	34	8	74	15	31	7	5	6	33	17	10	19	43	
15	19	1	41	8	28	6	74	7	38	
18	40	10	36	11	67	13	22	17	41	19	6	16	9	8	2	
6	19	1	9	7	10	17	45	0	61	8	64	
12	49	9	66	18	62	13	10	19	47	2	19	8	65	15	68	0	22	10	60	
15	36	8	61	12	53	5	30	18	63	9	73	2	39	
3	9	14	18	15	60	11	4	12	12	18	22	
11	53	10	29	1	35	19	61	18	37	16	30	4	20	3	27	13	63	8	33	12	46	
0	68	14	8	11	34	18	45	12	23	8	11	
3	69	13	19	11	23	1	37	8	52	7	50	
14	66	2	30	4	22	10	29	9	36	1	46	
16	12	5	22	12	54	14	24	19	75	7	66	17	4	8	26	3	34	2	60	9	43	13	44	
5	69	10	28	12	18	18	49	17	68	
13	39	14	75	5	59	11	8	17	45	0	25	8	12	16	1	
5	46	6	26	12	27	8	22	2	67	18	21	4	58	9	68	
9	55	15	1	14	32	7	31	11	11	10	56	3	12	13	2	12	18	8	9	4	70	6	39	
8	30	9	40	19	37	14	27	5	71	4	41	15	68	13	73	0	2	
7	22	19	60	13	41	12	6	10	71	14	57	9	7	
0	49	12	66	7	42	17	57	15	5	3	35	6	29	16	8	11	41	
2	51	4	10	15	60	16	2	13	5	
12	30	4	57	18	27	1	12	17	74	0	47	11	59	5	23	7	56	8	16	
0	11	18	32	6	30	9	43	3	57	4	9	17	46	7	41	8	21	10	74	19	50	
0	49	7	59	9	17	5	33	19	44	11	67	
13	8	7	57	11	23	1	54	18	73	9	40	
19	17	5	55	9	43	15	35	14	33	
0	24	12	71	16	51	4	70	14	15	17	5	9	38	
8	43	14	42	11	13	17	49	2	40	12	63	18	69	7	1	19	41	15	11	
10	26	15	14	2	68	18	1	8	31	14	32	
5	27	15	29	12	21	8	32	11	6	
10	40	18	54	6	1	5	49	8	20	16	21	2	7	4	46	3	51	12	16	
11	31	19	35	18	3	9	60	15	65	3	26	5	39	14	15	10	13	6	40	
18	51	8	23	17	8	10	18	19	72	3	37	16	15	9	65	
15	71	3	10	16	8	11	20	5	14	13	29	9	32	
8	22	9	17	14	31	16	43	17	58	19	27	1	62	6	63	5	51	
12	53	13	51	10	34	11	60	17	57	4	39	3	9	14	73	
9	25	12	63	14	67	8	4	11	37	2	29	6	31	17	48	
1	14	13	26	0	36	8	7	10	19	7	1	12	17	9	27	11	38	14	52	6	21	
19	70	5	35	8	36	16	69	2	51	17	12	4	45	13	55	18	21	10	39	12	72	
1	38	7	24	5	4	19	32	3	46	

All component type numbers for each job to be processed by MFPM
5	11	2	15	0	3	
4	8	
4	25	1	5	
5	22	4	14	
9	19	
1	21	3	14	8	12	9	19	
6	21	
4	23	
0	16	7	19	6	22	4	23	1	5	
3	8	
7	13	8	8	
0	4	9	12	8	9	3	2	
4	8	0	21	6	9	9	11	
4	9	
1	9	7	17	0	6	
8	22	
1	13	0	24	4	6	9	23	3	20	
4	3	1	8	2	7	6	13	
5	5	0	21	9	2	3	17	
4	9	0	16	6	23	8	12	2	21	
3	11	
0	3	3	15	7	16	
9	10	6	7	3	9	
6	23	7	15	
4	8	3	4	
0	20	9	18	
0	4	9	25	4	14	
4	11	3	8	8	12	
3	12	0	21	5	24	2	18	
5	18	4	12	1	11	
9	23	6	22	4	10	7	5	2	7	
3	8	
2	25	5	4	7	14	4	9	
0	6	5	19	9	8	1	2	6	21	
6	22	1	5	4	21	9	20	
2	23	3	13	6	4	5	5	9	22	
2	2	
1	23	6	3	
9	13	
3	14	8	10	1	1	0	8	7	20	
7	4	
2	23	3	8	1	25	
1	4	3	8	5	24	6	1	
7	7	4	4	
7	14	
8	21	0	8	
9	8	3	4	7	6	
7	8	
8	7	3	3	2	24	6	21	
8	10	5	18	9	23	

Three processing times per job on each machine
The best scenario
1180	762	
824	551	
726	1456	
136	134	
445	339	
220	314	
275	834	
96	426	
467	851	
538	405	
294	260	
291	63	
329	415	
603	480	
679	510	
826	840	
311	352	
217	113	
476	451	
866	524	
115	159	
444	163	
520	541	
424	272	
400	732	
492	325	
287	388	
896	646	
323	108	
336	248	
979	536	
911	336	
758	415	
184	468	
466	639	
646	259	
361	166	
780	1282	
1128	468	
157	226	
598	378	
62	89	
379	162	
304	231	
997	195	
260	145	
401	796	
935	176	
257	250	
283	164	
Most likely scenario
1304	1095	
867	572	
1050	1464	
187	208	
475	482	
342	432	
323	1126	
171	432	
831	895	
670	527	
552	296	
342	106	
401	587	
1084	542	
1299	559	
1245	988	
328	529	
336	181	
809	590	
988	782	
187	167	
739	257	
681	777	
603	280	
472	846	
841	427	
554	706	
1212	664	
393	113	
350	293	
1051	739	
1187	511	
1272	459	
319	833	
635	659	
655	459	
448	201	
1032	1329	
1174	504	
286	293	
659	720	
87	153	
383	222	
594	304	
1124	338	
473	218	
474	802	
952	340	
314	329	
298	280	
The worst scenario
1956	1439	
982	625	
1475	1985	
219	246	
590	633	
436	616	
372	1600	
181	547	
960	901	
773	636	
594	372	
440	139	
562	808	
1322	620	
1419	614	
1664	989	
367	697	
455	209	
1212	611	
1015	909	
254	192	
929	283	
796	1104	
773	337	
534	959	
1064	509	
746	1054	
1265	838	
479	153	
384	383	
1520	979	
1557	685	
1472	634	
426	1241	
717	815	
795	683	
579	211	
1093	1626	
1578	695	
320	377	
877	1022	
93	209	
409	225	
728	312	
1226	366	
524	281	
631	1048	
1057	448	
315	433	
381	367	
