Factories	3	Jobs	100	Machines	2

Total number of component types per job processed by HSPM
9	5	10	6	11	8	8	12	6	12	8	7	12	8	6	7	10	10	6	12	5	8	9	8	11	6	7	5	8	8	6	8	10	11	9	6	7	7	5	5	6	7	8	6	11	12	10	10	7	7	9	11	7	6	8	12	11	9	7	11	10	5	9	6	12	8	9	12	8	6	7	6	8	12	10	6	9	11	6	6	7	7	8	11	9	9	7	12	9	10	6	6	7	8	7	10	6	6	10	9	

Total number of component types per job processed by MFPM
3	3	1	5	2	5	1	3	3	1	2	4	5	3	3	5	5	4	2	2	4	1	1	5	4	5	1	1	1	2	1	2	5	5	5	4	3	2	4	5	3	2	4	1	5	3	4	1	1	3	1	3	1	3	3	2	1	4	2	1	3	1	3	3	5	4	1	1	2	2	1	4	4	1	4	4	5	1	3	3	5	4	1	2	4	2	4	3	1	4	2	2	4	4	2	2	2	4	1	5	

All component type numbers for each job to be processed by HSPM
8	9	2	14	14	38	7	68	3	74	10	56	6	22	5	29	18	2	
1	9	2	39	8	5	3	22	16	57	
16	34	2	48	19	65	1	25	0	46	13	40	14	13	18	19	15	2	17	15	
6	41	4	50	1	38	2	65	14	72	5	20	
2	15	9	23	12	55	3	30	1	11	14	50	10	68	4	32	16	31	19	35	11	37	
19	25	6	61	8	38	10	60	2	45	9	69	16	23	18	62	
3	14	17	60	16	33	19	3	12	75	0	74	10	37	11	4	
13	39	3	49	19	31	15	70	8	25	1	14	9	24	10	45	18	26	0	6	11	63	4	2	
10	62	18	29	3	47	11	58	8	53	16	20	
2	52	11	28	8	59	15	6	12	36	13	19	5	38	14	49	1	69	17	47	4	44	19	50	
14	12	15	40	10	9	7	17	13	27	17	68	11	23	19	70	
3	37	10	50	12	32	1	17	5	20	15	71	11	13	
2	70	16	9	1	5	8	45	6	72	4	17	9	41	12	39	10	43	14	6	5	8	17	57	
10	14	8	32	13	8	16	67	0	41	2	6	11	64	19	68	
17	50	18	40	11	31	16	58	8	5	10	68	
9	45	17	58	15	25	13	11	6	26	12	34	18	35	
0	21	9	51	18	28	16	65	17	20	1	31	14	58	7	9	4	42	3	2	
11	44	16	58	9	18	5	5	18	70	13	9	19	60	2	19	10	71	4	31	
7	52	18	38	0	59	13	40	15	36	9	12	
17	62	8	69	19	43	13	29	16	48	1	30	11	24	18	73	15	39	3	15	9	34	4	13	
9	51	4	13	12	55	10	6	2	34	
7	67	14	19	9	25	1	57	16	23	0	3	13	34	17	44	
4	6	15	73	7	55	14	43	8	28	13	45	1	10	17	26	18	56	
9	4	0	34	7	27	6	3	2	38	5	52	10	14	15	39	
0	63	13	68	10	22	7	73	16	25	3	51	2	64	14	41	11	34	5	26	1	4	
15	70	14	1	18	5	2	69	11	10	13	39	
3	50	6	39	7	75	8	4	12	31	9	16	18	10	
17	9	1	48	4	68	8	71	19	74	
8	10	13	63	10	15	11	50	17	65	2	25	1	74	5	11	
3	42	10	21	19	63	0	7	12	45	6	23	2	28	5	38	
3	16	5	55	2	20	6	39	1	38	0	36	
8	46	3	58	1	36	13	51	11	37	4	5	6	48	0	27	
14	69	12	31	4	59	9	36	2	2	0	14	5	13	19	44	10	9	16	74	
16	3	8	68	5	72	0	66	11	61	9	38	3	17	2	74	17	54	6	37	7	47	
1	60	17	53	19	56	14	55	0	10	5	69	6	67	2	36	9	75	
6	62	9	56	4	48	0	68	8	17	3	53	
17	3	19	63	12	71	9	56	0	58	13	46	15	45	
13	19	0	74	11	23	12	59	15	73	10	44	3	14	
19	35	11	45	1	44	2	17	15	40	
14	4	2	60	3	39	16	73	17	9	
19	12	3	9	12	40	10	15	15	21	6	31	
0	42	17	40	1	17	12	73	5	63	19	9	2	66	
18	41	3	28	9	5	17	74	1	54	0	21	10	43	12	24	
5	6	10	54	15	57	14	50	0	7	3	18	
6	53	7	58	0	5	14	68	12	13	5	11	15	47	13	45	1	8	19	16	2	63	
9	8	6	68	4	65	8	50	7	18	13	38	3	66	5	24	11	12	2	74	18	1	1	16	
8	8	4	16	14	63	2	37	16	25	11	18	7	75	18	13	12	40	19	55	
12	18	3	70	7	10	18	11	0	1	13	56	2	22	4	36	10	21	16	34	
4	61	0	53	2	71	19	41	5	15	3	39	1	23	
6	40	14	9	13	65	19	30	18	60	3	38	1	71	
6	21	16	12	12	60	3	7	1	41	19	1	18	34	7	45	4	24	
17	36	11	55	2	59	8	27	0	25	6	39	9	35	1	23	7	8	15	62	13	5	
15	50	13	65	0	57	5	39	12	18	6	49	19	28	
17	66	7	55	1	23	13	56	16	2	5	69	
12	35	3	47	2	67	4	61	8	32	5	40	13	68	7	74	
1	13	5	65	10	66	16	11	7	61	14	16	18	52	9	20	3	63	17	70	6	75	11	39	
4	12	6	10	18	42	10	45	9	32	8	34	15	59	2	43	19	2	7	39	16	25	
7	57	18	35	2	22	11	46	9	34	19	41	8	28	6	38	16	20	
15	46	10	47	1	11	14	71	16	72	6	37	7	1	
12	45	16	61	4	41	8	44	1	27	7	59	18	51	10	5	15	35	14	56	3	43	
7	33	12	51	6	24	11	35	16	16	17	32	5	75	18	8	3	58	9	10	
15	54	10	22	13	56	9	8	12	63	
15	61	3	34	16	48	11	3	0	59	10	46	18	68	6	7	19	9	
0	69	18	6	4	46	16	50	13	25	12	20	
14	47	5	74	8	25	19	41	7	70	0	61	2	45	17	44	10	18	13	66	3	50	9	27	
13	61	0	6	7	29	9	32	5	66	17	55	10	35	18	75	
5	26	18	47	1	44	11	12	12	29	6	15	9	36	15	11	3	39	
18	21	1	34	13	35	14	55	7	32	3	24	0	30	12	27	6	59	2	66	9	50	16	33	
3	23	4	46	10	64	0	1	9	38	13	51	14	31	11	22	
12	31	4	8	0	47	14	7	11	27	18	67	
13	70	6	35	14	61	12	27	17	42	4	36	5	21	
2	44	7	51	19	60	6	1	11	22	18	10	
11	4	17	30	16	1	8	46	15	24	12	74	9	51	13	17	
9	72	4	38	8	74	16	26	3	24	15	75	2	12	10	55	18	1	12	57	11	30	6	65	
7	72	12	6	8	55	16	1	14	49	4	28	0	64	10	10	15	57	1	66	
17	23	5	33	4	5	12	41	3	51	9	15	
9	1	7	27	12	5	16	2	14	37	18	71	13	35	19	14	2	62	
9	52	12	33	14	24	11	68	10	27	3	43	13	40	6	13	19	32	1	63	4	4	
3	53	7	12	1	6	4	47	10	1	13	51	
4	59	3	58	15	18	2	49	18	70	1	19	
1	38	15	33	17	54	18	22	16	51	14	60	0	15	
15	19	7	49	8	39	19	61	5	13	10	56	3	69	
10	19	12	32	9	41	0	14	17	36	6	55	2	45	14	9	
11	31	18	60	13	24	8	7	4	73	14	35	5	52	0	29	3	26	10	72	15	1	
15	9	12	17	1	14	7	55	18	28	19	39	4	67	13	4	14	41	
11	3	3	21	13	72	17	31	16	73	6	15	9	22	2	75	15	16	
16	75	2	10	0	36	10	30	5	50	19	48	18	3	
11	32	19	4	1	70	3	60	8	67	16	47	13	25	15	61	12	54	18	14	17	56	2	5	
18	6	15	24	17	43	19	48	11	3	12	70	2	26	10	34	3	46	
2	44	1	66	14	29	19	32	11	27	6	17	3	39	15	3	8	34	12	67	
15	34	14	71	8	28	12	32	18	7	6	30	
12	62	7	68	11	17	3	8	14	32	8	71	
15	72	13	66	7	6	0	73	1	43	8	22	4	75	
16	60	6	53	13	62	17	56	19	29	7	40	12	10	8	34	
7	50	10	23	18	39	4	12	9	59	17	55	19	43	
3	61	17	7	1	27	19	16	16	47	0	25	5	21	15	15	6	45	11	48	
0	28	13	38	15	41	10	46	7	29	18	31	
18	12	7	58	11	66	0	19	12	55	1	20	
16	35	8	66	11	5	10	70	7	24	12	25	2	23	15	62	5	71	17	20	
17	44	11	2	1	42	14	33	8	75	19	9	10	37	16	4	5	1	

All component type numbers for each job to be processed by MFPM
8	17	3	4	7	23	
1	11	0	3	8	6	
6	15	
5	16	9	17	6	13	1	24	4	5	
2	15	4	6	
6	8	1	19	7	3	8	11	2	23	
5	11	
7	15	0	10	3	3	
3	16	4	21	0	2	
5	9	
6	17	1	4	
1	11	3	22	7	4	5	8	
3	19	7	6	8	21	1	22	0	11	
0	19	4	6	6	1	
2	17	0	25	6	9	
3	21	6	4	8	15	9	8	4	6	
6	3	9	11	1	13	2	7	3	5	
2	16	6	4	1	2	8	1	
8	20	9	13	
3	1	8	18	
5	6	2	11	1	9	3	23	
8	2	
4	9	
0	23	4	3	7	25	1	13	8	14	
3	9	6	18	7	24	0	3	
5	22	3	10	0	18	6	7	4	6	
2	1	
4	3	
7	15	
6	4	4	10	
5	7	
4	16	9	17	
8	12	5	8	2	9	1	21	7	10	
1	8	2	11	6	22	3	12	9	24	
4	10	6	13	9	18	8	21	3	2	
2	20	7	18	6	4	8	10	
1	9	3	12	5	18	
8	9	3	6	
8	25	4	22	5	23	9	1	
8	3	6	25	5	14	4	2	7	18	
8	23	7	14	9	8	
9	20	2	7	
4	17	0	19	8	21	2	7	
2	11	
7	19	9	24	5	15	6	9	2	5	
5	11	0	2	9	1	
2	13	0	25	9	18	3	22	
6	22	
9	16	
2	16	5	21	9	11	
3	7	
5	12	0	6	9	15	
2	3	
0	8	4	24	3	12	
0	14	8	1	2	23	
0	18	3	23	
5	4	
4	8	5	18	0	7	3	14	
2	20	3	5	
9	7	
4	19	8	17	1	10	
8	6	
2	18	0	8	6	12	
5	25	2	13	3	20	
5	22	2	10	7	11	4	24	3	14	
1	9	3	8	5	5	2	20	
8	24	
4	18	
5	4	7	3	
9	18	5	19	
1	23	
4	9	0	22	6	8	3	12	
5	6	3	2	0	12	1	7	
7	13	
1	3	0	22	8	21	2	8	
5	16	1	4	3	23	2	17	
9	12	2	10	5	9	7	22	1	7	
2	13	
3	6	1	5	8	10	
7	25	6	7	8	11	
6	17	7	1	8	2	2	24	0	20	
5	12	6	17	7	7	2	21	
1	9	
5	1	8	21	
9	6	2	3	3	13	0	11	
9	3	3	17	
6	25	1	21	4	3	2	17	
4	25	8	11	6	18	
4	3	
5	15	3	13	6	6	1	24	
4	23	2	3	
7	11	4	22	
3	22	5	21	8	3	6	9	
2	18	6	4	7	20	1	23	
2	11	9	18	
2	4	7	1	
9	16	3	18	
1	1	7	25	4	22	0	4	
4	8	
1	12	0	21	9	23	7	24	6	5	

Three processing times per job on each machine
The best scenario
100	136	
143	229	
319	252	
368	568	
237	550	
109	208	
112	88	
209	132	
516	1095	
592	307	
334	458	
277	329	
139	257	
320	269	
71	192	
214	233	
66	227	
289	169	
314	597	
406	417	
399	677	
135	463	
319	261	
356	598	
1189	837	
1315	862	
774	568	
211	444	
863	399	
114	107	
183	115	
941	416	
726	609	
126	436	
102	161	
155	100	
381	380	
506	274	
372	505	
311	193	
286	296	
341	355	
160	150	
254	571	
399	312	
278	189	
545	964	
429	179	
422	264	
218	918	
295	420	
276	431	
269	328	
522	374	
322	630	
526	593	
990	675	
199	214	
700	376	
536	407	
121	389	
417	261	
262	410	
814	350	
141	114	
384	997	
968	503	
435	882	
125	75	
542	775	
317	234	
591	219	
390	642	
132	259	
384	643	
477	626	
139	272	
156	126	
595	937	
1113	197	
511	611	
279	136	
146	195	
704	527	
276	590	
210	148	
806	572	
454	565	
185	121	
480	672	
193	204	
521	585	
326	672	
175	252	
259	294	
708	469	
638	276	
442	399	
371	731	
382	536	
Most likely scenario
144	160	
205	250	
600	347	
592	842	
338	673	
212	315	
141	127	
331	202	
661	1104	
794	552	
343	570	
310	478	
185	281	
372	359	
110	199	
344	245	
105	263	
377	208	
495	765	
433	522	
453	774	
214	483	
353	371	
487	875	
1544	974	
1432	877	
819	707	
421	702	
914	446	
198	135	
269	118	
1457	786	
846	766	
163	438	
103	221	
164	121	
417	480	
812	343	
419	557	
338	368	
464	358	
384	589	
224	236	
406	653	
469	505	
458	370	
798	975	
579	284	
646	491	
360	1030	
373	500	
540	554	
523	339	
669	400	
394	692	
686	764	
1367	1103	
352	405	
739	699	
719	435	
170	448	
463	407	
448	575	
949	397	
260	209	
763	1207	
1069	946	
818	1110	
207	138	
874	958	
474	346	
602	365	
648	663	
247	438	
530	677	
701	634	
207	323	
241	130	
1018	1279	
1181	376	
601	737	
499	174	
168	244	
863	759	
492	711	
324	226	
954	1095	
691	671	
244	204	
760	1155	
272	333	
811	766	
480	1004	
247	427	
435	373	
1132	560	
913	537	
761	548	
460	766	
629	638	
The worst scenario
188	224	
239	337	
798	423	
655	1102	
378	786	
316	472	
200	160	
377	240	
715	1154	
996	568	
346	800	
349	575	
262	366	
554	378	
111	216	
495	257	
112	300	
540	262	
534	1082	
510	680	
661	946	
284	592	
409	394	
530	963	
1707	1032	
1819	1131	
1074	831	
561	841	
986	598	
264	180	
352	133	
2068	823	
861	804	
183	486	
122	248	
196	126	
610	650	
1180	374	
507	691	
434	499	
638	378	
511	645	
236	256	
428	823	
484	545	
673	529	
828	1443	
813	422	
914	699	
398	1094	
399	515	
674	594	
638	411	
733	549	
414	816	
1017	862	
1937	1331	
388	573	
1057	952	
851	570	
244	500	
675	461	
462	715	
1373	475	
262	257	
1097	1428	
1537	1017	
861	1502	
287	157	
1277	1147	
558	454	
649	479	
810	892	
281	456	
628	761	
914	949	
244	358	
251	175	
1240	1292	
1248	488	
668	1038	
569	245	
179	366	
1260	872	
592	730	
438	260	
1275	1435	
1010	822	
357	261	
1084	1166	
279	422	
1141	1007	
535	1472	
278	581	
556	428	
1333	827	
1316	543	
1122	637	
485	994	
850	937	
