Factories	6	Jobs	100	Machines	3

Total number of component types per job processed by HSPM
6	12	9	10	6	10	8	6	7	11	11	9	9	6	6	6	10	10	9	11	9	5	6	12	7	5	9	11	11	5	9	6	5	10	6	9	5	6	11	6	5	5	5	10	12	7	12	10	5	5	11	5	7	6	11	12	6	12	5	7	10	11	7	10	6	10	5	9	11	6	12	7	6	11	12	5	8	12	12	8	5	5	11	12	8	6	12	8	12	11	8	10	5	10	11	5	8	5	8	8	

Total number of component types per job processed by MFPM
2	4	5	2	2	4	4	2	5	2	5	2	2	1	1	5	5	3	4	5	3	5	3	2	4	1	1	4	4	4	3	2	3	3	5	4	2	3	2	3	4	2	5	2	5	3	1	4	3	2	2	5	2	3	1	2	1	1	3	4	1	5	5	1	4	1	3	4	1	3	2	2	4	1	2	5	4	2	5	2	3	1	5	5	1	5	4	2	1	2	5	3	3	3	4	2	5	2	3	2	1	2	3	5	1	2	1	5	3	1	5	3	4	1	1	2	5	3	5	4	2	1	1	5	2	5	1	5	1	4	5	2	1	5	4	4	1	4	1	4	3	2	1	2	4	1	1	1	1	2	2	1	4	3	1	5	2	4	1	3	2	5	3	2	3	5	5	5	3	1	2	1	4	4	5	2	1	4	1	3	4	4	5	5	5	5	5	5	5	2	5	5	1	2	1	1	5	3	1	5	

All component type numbers for each job to be processed by HSPM
0	38	2	49	1	20	11	25	12	40	18	4	
0	5	2	4	13	20	17	12	6	71	4	8	14	6	10	2	5	64	16	65	1	30	12	56	
1	10	9	46	5	47	19	39	3	41	2	69	4	34	16	7	14	45	
6	3	11	66	0	17	4	13	12	6	19	47	15	32	3	24	2	8	14	61	
6	29	5	42	9	65	11	28	2	17	15	45	
7	4	4	5	15	38	6	52	2	57	14	13	11	50	16	21	8	17	5	61	
17	52	10	60	16	36	1	11	18	56	8	28	2	9	19	5	
18	22	5	44	9	63	19	17	17	75	7	13	
16	57	13	5	7	4	8	58	11	28	15	31	6	50	
9	8	17	34	6	33	16	30	19	42	18	4	4	12	12	18	7	64	1	20	14	10	
15	55	12	18	2	25	6	47	8	1	14	31	4	48	7	30	17	34	0	21	10	59	
18	8	4	18	8	19	13	64	7	56	2	15	1	72	15	44	9	29	
1	36	19	72	18	42	14	13	16	48	2	28	6	29	17	40	8	35	
7	64	10	42	19	36	13	50	3	24	4	12	
10	37	1	75	7	10	2	33	16	4	18	62	
16	60	18	2	2	10	19	39	6	29	5	26	
6	64	19	59	1	48	18	28	17	21	16	3	9	60	7	69	5	1	8	45	
3	57	9	28	4	39	16	33	12	44	1	68	15	64	13	46	10	32	14	72	
1	43	9	48	12	69	4	9	0	62	14	13	8	18	18	44	10	4	
13	11	3	28	10	71	1	8	5	54	14	59	4	47	15	25	6	18	0	46	12	12	
15	1	1	28	6	55	18	10	0	67	2	25	16	37	7	40	5	44	
16	10	13	42	4	3	15	6	14	44	
14	5	2	2	4	23	1	9	12	61	15	22	
6	5	0	33	3	74	9	60	18	70	12	54	19	62	14	12	17	38	10	37	15	50	2	47	
11	58	8	15	2	9	15	16	3	13	1	4	19	40	
18	74	9	22	12	16	2	26	5	1	
4	46	12	58	9	73	17	18	15	17	3	4	1	1	8	27	10	6	
18	3	8	40	6	58	17	48	13	36	16	67	14	7	5	30	10	73	7	37	3	43	
8	43	14	14	2	7	0	47	3	48	17	20	13	30	11	41	5	67	19	68	6	35	
2	40	13	51	10	2	11	7	7	21	
11	57	5	36	2	39	19	34	15	58	6	15	10	49	12	47	7	30	
4	36	18	71	16	57	19	64	3	59	11	53	
11	66	15	47	7	71	1	67	0	27	
13	56	10	39	17	8	18	11	15	31	14	48	4	26	0	33	16	42	1	4	
1	31	11	64	16	19	12	25	15	49	4	59	
18	47	9	21	6	54	2	23	19	60	8	67	16	9	7	25	13	46	
6	8	10	69	16	38	12	65	7	12	
3	25	14	33	17	4	15	51	16	60	2	70	
14	30	11	16	18	44	2	26	13	24	8	59	3	37	10	69	1	54	15	58	5	66	
4	64	13	33	17	48	14	6	18	34	19	41	
11	69	9	35	6	52	13	19	1	20	
4	44	1	53	10	24	14	12	2	72	
9	7	2	19	13	12	16	59	19	28	
8	70	14	2	5	53	6	67	17	75	15	38	9	49	4	34	2	74	11	36	
5	3	6	47	19	19	11	27	0	10	8	45	3	69	18	33	15	12	16	16	10	6	1	63	
9	58	7	65	0	59	10	69	19	14	1	30	11	28	
1	4	12	71	7	54	18	28	3	38	10	34	4	33	17	8	8	7	16	49	11	46	9	6	
16	23	4	65	18	26	6	55	8	36	7	72	2	4	13	52	9	47	12	9	
4	68	6	12	0	7	10	45	17	21	
11	11	16	40	0	1	5	9	9	47	
19	53	4	19	12	75	11	55	5	29	17	32	13	33	0	37	1	69	7	47	2	28	
15	32	9	62	14	15	17	19	5	58	
9	64	2	45	13	26	8	60	1	13	14	59	4	67	
3	54	12	57	4	75	10	70	8	65	5	48	
18	46	0	14	8	48	17	36	16	59	19	6	2	32	10	63	12	9	1	64	13	55	
6	38	14	2	7	36	18	10	5	17	15	19	13	69	1	39	17	33	11	20	16	72	19	21	
18	28	11	5	14	37	6	55	0	53	8	3	
5	40	10	18	6	6	2	39	18	38	12	54	1	52	9	63	17	5	0	69	19	11	14	13	
5	3	17	10	0	44	8	43	10	69	
15	3	6	46	10	29	18	41	16	35	17	48	19	10	
8	4	5	22	4	55	6	12	11	35	10	3	2	24	3	15	17	46	12	14	
12	59	7	27	19	55	13	25	18	38	9	32	3	26	5	10	1	48	11	52	14	31	
16	27	1	24	13	62	19	57	18	38	4	43	17	9	
19	44	0	53	17	64	18	22	4	58	1	27	5	38	2	26	14	59	16	52	
1	44	3	36	7	61	11	39	17	48	10	72	
18	7	1	21	11	48	15	29	13	8	6	58	14	20	16	14	0	41	12	71	
13	3	9	75	15	14	17	22	1	45	
1	68	10	17	0	45	14	21	12	55	15	48	18	29	2	27	8	64	
7	7	3	72	2	60	12	56	6	12	11	67	15	22	18	37	17	23	5	64	13	50	
15	15	8	33	9	36	11	34	0	69	17	68	
1	38	9	36	13	63	10	40	5	9	8	62	14	22	12	6	11	68	4	3	3	19	19	25	
9	36	14	27	7	73	11	63	12	46	18	39	4	4	
0	38	8	33	2	69	15	59	7	65	13	36	
5	15	4	69	11	32	17	74	1	35	16	58	15	7	0	13	13	71	2	62	7	39	
5	34	16	67	19	30	4	23	11	45	14	22	2	74	15	56	6	4	3	52	10	12	8	2	
1	16	13	55	9	65	2	28	6	36	
18	21	19	33	11	44	15	68	7	53	17	1	5	50	10	30	
17	57	1	72	10	24	11	8	8	29	2	5	4	19	18	63	0	6	19	52	6	32	3	65	
2	61	12	49	4	46	5	53	3	50	19	54	6	58	1	23	15	7	14	52	0	56	9	39	
16	33	7	13	0	74	17	45	15	12	8	31	4	4	1	30	
12	3	16	18	15	50	18	9	4	47	
14	64	12	66	9	43	4	30	7	71	
6	18	3	51	11	26	12	75	15	22	1	45	9	46	18	62	14	8	5	69	10	29	
14	40	16	67	9	1	12	8	8	47	1	49	5	72	15	42	3	17	6	13	10	35	17	19	
10	2	13	27	8	66	9	65	12	24	14	75	5	49	3	69	
5	33	17	45	19	24	12	73	15	17	11	38	
11	42	5	62	1	17	0	39	17	6	16	30	14	74	3	72	2	36	12	9	4	59	10	67	
4	7	3	74	18	17	9	39	16	69	2	31	11	66	12	54	
15	5	7	40	5	58	17	30	1	51	12	55	13	71	9	12	19	43	8	29	16	3	14	34	
6	20	4	9	10	48	9	6	19	55	17	53	14	18	18	59	3	24	8	70	7	66	
19	46	18	49	3	54	1	68	6	30	10	39	12	15	0	24	
15	43	19	20	12	70	7	72	0	66	13	24	18	3	4	65	17	50	11	51	
5	28	10	40	7	49	11	21	15	73	
18	62	2	9	19	58	9	5	6	15	8	72	4	28	1	46	14	70	5	36	
11	68	12	41	17	55	0	23	15	43	7	75	4	37	19	14	9	36	1	67	14	35	
9	59	15	58	0	35	6	65	2	37	
13	47	9	44	12	72	2	50	14	38	16	7	18	12	17	67	
12	57	14	75	5	9	0	31	8	1	
4	31	10	11	15	27	1	14	12	65	7	56	3	64	6	10	
16	29	13	30	18	2	0	40	2	7	5	50	8	18	19	9	

All component type numbers for each job to be processed by MFPM
7	22	6	10	
8	49	3	37	5	38	0	46	
2	18	0	25	8	16	6	3	4	23	
1	41	5	28	
9	25	6	22	
4	30	3	42	8	46	9	39	
1	9	3	3	0	7	7	22	
6	35	0	37	
9	3	8	11	0	9	7	10	3	20	
5	48	6	26	
6	14	1	17	9	1	8	23	4	24	
6	32	7	34	
8	4	4	12	
6	50	
5	12	
2	46	0	31	4	26	1	37	7	38	
2	1	6	8	1	4	7	13	5	2	
6	36	5	26	3	42	
2	14	9	8	1	4	8	19	
9	29	6	33	3	30	8	42	7	37	
6	10	8	7	0	9	
0	48	4	30	1	47	3	38	8	45	
7	16	5	17	4	24	
2	30	9	48	
9	22	1	5	5	19	7	21	
6	26	
2	3	
4	47	6	30	1	38	7	26	
1	9	6	25	2	22	3	8	
3	34	4	44	2	39	5	26	
3	9	7	16	8	13	
3	27	4	31	
9	11	4	20	0	23	
3	44	0	40	5	37	
3	5	9	19	1	15	4	25	0	4	
9	27	3	31	6	29	1	35	
0	13	6	24	
1	29	4	43	7	46	
2	14	8	6	
2	50	0	46	3	28	
4	8	5	23	8	25	9	5	
8	46	5	48	
1	10	5	18	7	6	8	16	0	7	
7	26	9	48	
2	2	7	6	4	16	3	12	9	14	
7	34	1	40	0	29	
0	11	
6	34	8	30	7	28	4	46	
3	3	1	17	8	7	
3	45	7	49	
1	17	6	7	
2	28	0	33	1	49	5	29	9	50	
7	3	4	15	
0	31	5	34	6	43	
6	22	
4	42	3	41	
8	21	
7	31	
2	22	8	13	7	20	
7	29	4	46	0	47	5	45	
2	14	
2	46	3	28	8	36	4	50	1	31	
0	2	1	20	4	16	2	25	5	11	
0	31	
6	17	1	12	0	23	2	7	
5	33	
4	9	3	25	9	16	
2	48	6	29	8	42	4	30	
5	21	
8	41	9	26	2	50	
3	12	4	13	
3	45	5	26	
2	7	3	16	4	12	7	23	
4	36	
7	15	3	9	
1	44	8	26	3	46	0	27	4	38	
3	16	0	8	1	18	2	24	
8	27	2	34	
3	5	7	6	2	19	9	14	6	13	
6	31	5	43	
3	17	4	8	1	9	
8	45	
7	20	9	16	3	13	8	7	5	4	
5	43	2	45	7	47	0	29	3	42	
7	15	
4	49	3	31	8	43	7	39	1	38	
8	11	7	14	0	17	9	6	
9	41	4	36	
5	13	
4	28	8	49	
8	9	1	13	3	12	4	14	2	22	
2	46	3	43	8	36	
9	15	7	17	5	8	
9	29	3	36	6	47	
8	9	5	8	1	20	0	18	
0	37	7	40	
6	18	7	14	4	21	8	7	1	6	
6	36	1	26	
0	7	1	8	7	22	
1	26	6	41	
7	5	
7	28	3	50	
6	22	9	5	1	16	
3	42	1	31	6	38	4	29	5	48	
2	16	
8	42	4	37	
2	12	
9	48	8	27	1	42	0	36	6	46	
8	14	7	13	9	21	
8	44	
9	2	6	12	4	18	0	17	1	5	
4	40	5	39	6	27	
0	4	4	22	7	21	3	19	
2	29	
7	19	
4	46	5	48	
0	21	1	10	9	6	8	11	7	13	
0	49	2	41	5	36	
3	18	8	5	2	20	6	23	4	8	
0	40	7	46	6	42	9	34	
0	24	6	6	
3	39	
2	1	
8	32	6	26	0	48	7	28	9	49	
5	6	1	8	
6	29	3	42	9	30	2	46	5	40	
3	17	
1	50	7	27	6	49	2	43	3	34	
6	8	
4	27	6	48	8	29	5	42	
3	19	2	23	9	14	1	10	4	11	
7	29	3	48	
5	20	
9	50	1	45	0	34	6	49	3	47	
1	12	3	14	7	21	4	7	
1	42	8	40	7	44	2	31	
3	16	
1	48	5	38	6	46	2	41	
6	24	
4	26	6	27	9	36	1	28	
2	3	0	1	7	8	
0	37	6	26	
5	16	
1	32	3	36	
1	12	3	15	7	4	6	7	
8	40	
8	11	
3	29	
9	19	
5	45	3	42	
8	4	5	11	
9	29	
8	10	2	19	5	1	0	14	
2	50	5	45	6	26	
7	4	
2	39	4	44	7	41	0	33	5	42	
1	25	0	21	
8	26	6	28	2	40	7	37	
5	18	
6	48	5	38	0	35	
1	10	9	25	
6	31	1	50	8	36	4	46	9	27	
5	11	7	4	4	13	
8	43	2	31	
9	11	1	15	4	5	
6	33	2	40	1	42	8	43	4	44	
1	9	5	21	6	18	8	4	3	7	
9	49	3	45	4	29	0	42	5	46	
0	11	2	2	4	12	
1	34	
3	6	2	10	
0	42	
1	3	7	24	4	8	3	10	
2	33	4	45	7	38	0	32	
5	8	2	5	6	6	0	17	7	19	
5	50	9	26	
9	25	
4	27	7	30	3	28	5	34	
2	5	
0	47	7	40	8	34	
6	8	2	9	5	11	3	18	
0	49	2	44	6	48	9	28	
1	24	8	15	4	13	0	4	2	20	
5	31	8	47	4	30	9	34	7	37	
7	12	6	8	3	11	4	21	5	16	
8	29	3	43	9	50	6	37	4	42	
2	22	7	18	4	10	0	6	9	13	
9	44	3	46	7	48	4	41	6	27	
9	21	0	4	5	1	8	19	7	15	
4	44	8	27	
8	7	7	20	4	2	1	25	9	23	
9	48	2	42	3	27	6	38	4	40	
3	13	
4	30	5	34	
8	13	
3	29	
7	23	9	11	2	14	5	20	1	25	
2	50	6	38	1	28	
6	21	
0	26	5	42	6	43	2	47	7	39	

Three processing times per job on each machine
The best scenario
62	59	87	
219	296	268	
52	71	29	
115	121	134	
412	296	229	
169	220	60	
239	340	261	
362	159	117	
454	234	197	
196	190	169	
34	23	29	
29	75	55	
332	266	272	
97	114	145	
203	161	324	
165	237	169	
268	121	201	
74	81	174	
80	261	150	
407	154	275	
299	109	354	
98	78	114	
90	98	99	
411	455	138	
145	88	193	
229	170	385	
96	71	119	
49	72	144	
173	334	247	
244	234	120	
122	118	198	
87	49	42	
153	144	215	
124	369	141	
165	88	123	
104	142	242	
30	50	18	
398	174	163	
63	136	153	
119	213	270	
131	217	444	
217	349	341	
111	159	106	
199	271	175	
29	47	52	
358	212	262	
261	277	148	
126	297	258	
124	353	101	
132	144	118	
147	98	39	
146	50	44	
38	87	41	
117	92	182	
37	33	57	
29	19	15	
238	478	194	
12	57	18	
282	311	119	
116	119	88	
348	221	406	
61	48	63	
114	68	92	
339	413	354	
349	201	207	
100	95	142	
71	42	38	
363	164	105	
39	30	23	
69	256	94	
46	62	19	
156	111	94	
235	142	182	
129	495	196	
114	106	41	
183	139	87	
193	125	136	
72	204	62	
145	113	161	
509	85	477	
51	15	14	
282	262	243	
56	192	63	
184	78	131	
182	269	177	
58	67	88	
160	115	130	
156	136	169	
22	10	15	
265	263	229	
174	202	118	
163	116	304	
66	95	167	
69	127	66	
220	117	125	
104	273	277	
155	78	120	
114	91	307	
265	101	324	
53	21	38	
Most likely scenario
90	63	90	
395	439	373	
73	82	37	
161	140	169	
518	434	287	
325	258	116	
447	398	297	
363	221	167	
560	253	219	
280	289	177	
42	25	36	
52	132	71	
340	411	385	
162	184	241	
331	218	464	
243	329	312	
283	168	397	
106	85	190	
132	392	182	
480	230	502	
377	192	404	
169	106	123	
177	128	118	
425	491	144	
202	125	241	
400	178	453	
105	119	121	
54	101	164	
260	440	407	
309	235	230	
243	126	214	
121	71	59	
155	157	216	
175	474	143	
319	142	222	
171	230	339	
31	54	26	
419	190	294	
126	141	155	
165	269	315	
154	387	465	
294	363	436	
135	229	144	
204	283	227	
40	51	61	
479	294	270	
266	451	294	
233	368	457	
211	411	187	
207	174	165	
208	126	76	
185	70	65	
70	122	73	
177	112	349	
58	47	86	
47	23	30	
331	525	222	
21	61	19	
366	451	238	
184	223	162	
368	237	424	
70	65	70	
215	86	125	
405	521	472	
415	245	332	
109	105	154	
73	47	57	
395	203	134	
49	48	26	
102	295	170	
65	102	25	
237	147	167	
354	245	264	
230	515	384	
143	117	56	
184	194	165	
236	173	180	
101	219	65	
150	183	177	
540	165	481	
56	20	26	
433	263	414	
68	206	73	
354	106	205	
274	302	248	
87	74	122	
173	143	168	
203	242	235	
31	15	19	
276	476	304	
283	241	234	
213	162	381	
120	146	209	
116	130	81	
276	182	198	
206	424	379	
162	83	130	
117	133	324	
283	153	460	
66	27	66	
The worst scenario
117	73	120	
409	545	453	
88	103	47	
164	152	174	
554	557	375	
473	317	121	
632	441	331	
520	272	239	
586	375	264	
408	291	202	
59	34	39	
58	157	95	
411	545	512	
225	257	258	
385	325	687	
277	419	354	
301	213	400	
126	97	224	
152	447	189	
563	250	513	
494	245	594	
202	157	155	
190	144	160	
468	597	158	
290	182	323	
498	214	662	
122	160	179	
81	139	200	
280	473	567	
329	341	266	
346	164	295	
139	88	86	
195	186	242	
197	562	161	
419	147	259	
201	325	415	
44	57	33	
437	239	412	
142	176	220	
172	335	428	
205	404	654	
373	409	610	
197	266	181	
275	330	254	
57	74	82	
615	398	271	
311	525	363	
305	491	625	
270	547	242	
271	205	233	
239	131	83	
202	98	92	
100	152	106	
202	154	357	
85	50	91	
60	28	45	
376	544	274	
24	71	25	
469	616	342	
223	324	188	
494	330	573	
93	68	81	
231	112	169	
420	774	630	
438	316	419	
154	135	204	
84	56	84	
436	236	139	
58	56	35	
145	421	236	
71	116	37	
293	156	203	
495	327	326	
300	757	544	
185	131	58	
255	205	221	
263	216	238	
113	309	91	
199	193	249	
572	222	670	
73	28	37	
547	314	536	
71	275	92	
401	136	259	
365	441	310	
93	84	148	
251	179	244	
278	245	350	
37	21	28	
394	486	389	
318	254	262	
300	170	387	
180	199	273	
135	167	110	
353	204	228	
232	552	466	
195	123	142	
168	159	359	
345	174	653	
72	30	95	
