Factories	6	Jobs	100	Machines	3

Total number of component types per job processed by HSPM
10	10	12	10	7	10	10	5	8	7	8	12	9	10	10	11	6	5	9	11	5	9	6	5	5	6	8	12	5	7	7	9	9	12	10	9	8	9	6	10	9	8	7	6	7	11	12	7	11	12	6	11	9	8	10	10	5	9	8	6	8	12	10	9	5	11	8	6	9	11	11	9	11	8	10	8	8	7	10	6	9	12	8	6	9	6	12	5	10	8	6	11	8	9	12	11	8	6	8	8	

Total number of component types per job processed by MFPM
1	5	4	2	4	4	1	1	1	2	1	3	5	5	4	2	1	4	5	5	5	5	5	2	2	1	3	5	2	2	2	2	2	2	5	4	4	4	2	4	5	2	4	4	2	2	5	4	1	3	2	4	2	4	2	2	5	4	4	4	1	3	1	4	5	2	4	4	3	2	2	3	1	1	2	2	5	2	3	2	4	3	4	4	1	1	2	2	2	1	4	2	1	3	2	1	4	5	3	5	2	1	2	3	4	1	2	4	1	4	5	2	3	5	4	3	2	4	3	3	4	1	3	1	4	2	3	2	4	2	3	2	3	5	1	5	1	1	4	1	5	3	1	2	1	4	2	2	2	5	3	4	5	3	5	3	4	2	1	2	5	4	4	3	4	3	5	4	1	3	4	2	2	3	1	1	2	4	5	3	1	5	3	2	3	1	1	4	4	4	1	1	4	3	3	4	2	2	1	2	

All component type numbers for each job to be processed by HSPM
1	50	11	34	8	47	12	63	3	45	17	55	0	71	19	64	9	42	10	43	
11	34	10	60	2	65	4	30	18	32	0	21	7	18	5	55	15	8	12	12	
13	5	18	65	15	26	17	72	12	23	8	24	0	60	10	62	19	9	3	59	1	31	5	42	
18	62	16	42	11	35	9	10	14	14	10	1	0	43	4	67	3	18	6	6	
2	65	17	28	13	45	1	34	10	31	3	56	4	22	
9	8	18	36	17	31	19	32	14	28	1	27	15	43	6	51	0	34	3	39	
10	20	13	41	8	45	5	71	16	22	12	29	0	13	2	5	14	62	19	17	
19	7	13	25	11	35	12	67	9	41	
19	53	6	21	9	63	11	34	5	44	4	23	0	5	18	64	
10	14	11	30	5	35	7	9	19	61	14	60	18	24	
0	23	7	54	8	33	16	15	18	7	3	2	11	47	2	35	
14	55	4	46	17	20	10	33	0	51	9	71	6	27	1	57	3	1	15	42	2	4	19	31	
13	69	2	34	8	2	0	25	4	59	17	60	9	11	11	73	16	45	
0	11	4	16	13	63	5	39	15	32	12	43	8	6	1	2	7	68	19	27	
18	62	11	47	17	57	1	14	19	52	5	9	6	55	8	13	14	49	12	30	
9	36	10	28	11	69	7	1	4	33	2	31	16	40	19	37	18	71	0	5	15	50	
5	53	6	18	8	22	17	38	2	21	13	4	
3	8	15	26	10	74	17	11	8	28	
3	72	5	75	18	4	2	37	14	19	13	48	7	52	19	55	6	34	
6	75	8	67	12	60	13	22	18	35	9	38	15	37	10	70	14	16	1	34	7	8	
9	14	13	52	12	20	17	13	5	32	
4	71	14	57	9	2	17	3	15	18	16	42	7	44	5	22	1	32	
19	50	7	18	16	45	1	52	17	46	5	71	
4	56	3	57	6	29	15	46	17	27	
10	15	9	53	3	2	0	13	14	5	
18	9	3	35	16	72	0	28	6	27	19	46	
1	57	10	6	0	42	4	41	13	16	17	14	7	4	12	24	
12	33	7	74	19	46	15	39	4	61	2	62	13	37	14	14	3	13	8	26	0	69	10	42	
7	3	14	66	5	68	3	1	11	22	
6	66	18	17	0	14	1	31	17	52	5	55	8	27	
18	29	8	25	16	11	2	53	9	46	10	71	15	31	
16	24	18	16	7	4	13	6	3	75	9	26	5	35	2	44	0	41	
14	51	11	59	18	23	9	74	15	4	19	68	1	39	4	16	10	67	
13	33	3	16	16	66	5	40	2	63	12	10	11	52	15	18	17	59	14	43	7	27	0	45	
1	44	3	69	2	51	4	66	0	5	11	16	19	74	18	60	6	25	14	38	
7	30	2	46	9	67	19	17	17	44	12	38	3	42	15	34	13	33	
3	33	19	72	0	6	17	45	1	55	15	71	5	5	16	70	
13	7	15	49	4	54	16	27	17	38	1	69	10	22	14	51	3	20	
10	67	11	72	9	46	0	63	16	18	12	55	
3	59	9	46	4	2	2	37	8	30	7	64	11	52	12	67	13	32	16	14	
14	29	12	17	3	11	16	25	18	5	10	28	2	31	8	51	13	1	
7	64	6	19	17	48	1	27	19	14	2	17	0	16	13	45	
14	64	16	41	18	35	9	14	0	3	19	18	3	49	
1	52	8	50	17	11	6	64	7	17	4	31	
14	35	11	71	12	23	18	25	13	66	5	31	7	55	
7	42	13	69	3	11	0	24	5	34	18	7	14	58	10	48	12	56	9	72	6	67	
15	30	0	63	4	54	6	40	1	36	8	26	9	75	7	10	11	16	17	49	10	31	3	19	
14	23	4	50	1	42	2	62	13	75	3	41	16	29	
16	31	6	38	0	30	14	69	15	13	4	48	7	5	8	25	13	2	18	61	5	14	
1	75	17	6	2	7	15	13	10	70	3	5	18	32	16	45	14	18	4	64	0	41	6	35	
17	31	10	53	12	42	9	59	11	6	7	37	
16	38	10	41	5	43	14	55	4	67	9	47	0	28	18	23	6	66	15	49	7	16	
15	20	16	51	5	4	9	68	13	14	1	12	0	71	2	56	12	53	
4	69	11	8	3	13	13	32	6	42	14	52	5	11	8	47	
8	15	14	17	15	75	9	10	19	69	4	49	5	48	16	22	2	11	3	3	
5	27	1	35	17	7	14	48	10	55	4	56	15	43	2	37	7	75	18	22	
19	48	9	59	7	26	1	66	16	74	
6	37	7	55	18	30	14	51	13	21	11	57	12	62	1	45	8	58	
17	41	7	72	13	2	5	57	12	45	14	40	3	35	8	20	
15	49	12	73	14	47	16	32	1	62	11	64	
9	54	16	55	4	13	14	36	11	25	13	30	3	4	6	64	
14	17	19	18	5	37	18	74	4	4	1	44	9	20	10	9	2	8	8	2	6	53	12	47	
3	30	2	17	5	68	10	14	15	10	18	58	9	56	1	48	19	27	14	3	
5	32	19	52	2	14	10	24	7	50	6	28	18	11	14	45	17	72	
19	15	3	10	10	37	14	14	18	56	
14	72	11	14	17	66	5	58	4	41	7	7	2	67	18	45	0	43	9	56	16	61	
3	71	7	6	11	46	15	39	16	51	8	72	6	69	4	24	
13	63	19	48	3	14	5	66	15	10	9	42	
12	73	17	34	3	39	11	42	2	7	8	69	19	2	18	54	0	23	
6	70	3	46	0	2	14	7	9	52	16	54	11	39	4	56	5	69	19	42	12	27	
10	39	18	3	9	28	4	70	6	48	14	1	17	61	2	34	19	66	1	63	15	13	
14	4	13	3	9	34	2	55	0	68	3	30	18	1	10	25	4	20	
7	48	18	54	9	6	6	13	8	4	11	39	15	75	13	10	4	11	2	35	16	65	
6	72	10	57	17	45	8	6	2	49	0	52	16	44	15	24	
15	47	5	69	3	39	14	17	19	38	18	75	4	5	16	23	12	51	9	33	
3	30	6	64	7	14	0	18	11	70	16	8	8	36	19	73	
18	65	3	1	4	60	0	4	11	16	5	48	6	66	15	59	
2	8	10	6	1	45	17	16	15	49	14	71	18	7	
12	63	3	46	7	17	15	42	19	34	16	73	9	10	14	20	2	26	11	59	
15	40	8	43	16	10	7	65	3	58	2	21	
14	4	3	34	19	53	11	55	6	6	1	59	0	11	10	72	15	50	
4	62	6	32	13	69	7	43	18	5	9	15	19	38	16	2	0	50	3	58	10	13	8	29	
1	23	3	52	9	17	8	13	11	33	10	9	14	39	16	55	
2	57	3	12	13	50	19	32	4	14	11	48	
14	17	9	7	17	35	0	36	8	18	19	57	10	14	6	11	13	30	
11	32	13	71	9	54	15	1	10	37	14	3	
13	48	9	13	1	37	0	32	16	50	4	73	11	51	6	49	19	35	14	74	15	69	3	72	
15	35	9	74	7	39	0	56	13	64	
18	14	12	9	7	65	9	4	15	67	16	72	19	68	11	20	13	74	4	5	
7	52	19	62	0	59	5	70	6	55	14	68	11	63	17	31	
10	72	6	66	17	45	14	40	12	27	19	16	
17	30	19	71	7	70	9	51	15	53	14	46	5	35	13	28	4	37	18	74	2	62	
6	24	8	10	10	8	14	14	19	41	4	19	0	45	7	32	
18	27	4	61	8	63	9	16	15	33	12	21	6	52	13	25	19	18	
16	40	4	27	0	8	15	32	8	74	11	9	18	72	9	36	5	73	14	2	1	16	6	7	
13	26	11	52	3	73	15	12	16	55	4	56	6	32	9	29	19	10	18	41	7	72	
11	32	13	16	0	57	7	72	6	23	15	42	14	24	2	63	
15	4	19	19	8	7	7	28	1	40	12	16	
15	72	6	14	9	52	1	33	2	12	3	34	14	41	0	18	
19	61	8	27	0	18	12	23	10	35	7	25	3	74	9	62	

All component type numbers for each job to be processed by MFPM
7	10	
1	34	3	39	4	38	9	31	5	28	
4	6	3	13	9	14	5	22	
2	37	6	48	
3	19	2	11	1	9	8	24	
2	45	1	39	8	48	4	49	
6	2	
5	38	
7	8	
6	33	7	35	
8	17	
1	42	6	27	4	41	
0	9	3	8	4	11	1	1	9	10	
9	41	8	30	1	36	4	48	3	43	
2	12	9	20	6	3	3	9	
2	34	9	30	
0	17	
7	36	9	46	0	31	4	49	
4	24	3	21	9	11	7	4	6	25	
4	27	7	39	6	46	1	43	2	28	
4	15	2	13	7	17	0	23	9	16	
5	31	9	48	8	50	7	32	0	36	
9	2	3	22	2	3	5	20	4	17	
0	47	5	41	
0	6	9	18	
5	28	
5	16	6	14	9	10	
6	26	1	34	0	47	8	30	4	45	
7	6	6	13	
3	42	2	40	
0	6	4	7	
5	29	6	37	
0	14	3	10	
2	50	6	28	
9	15	6	21	1	23	3	5	2	18	
7	38	5	45	8	28	6	42	
2	14	1	1	6	25	0	8	
8	45	3	42	0	30	9	50	
9	2	7	14	
4	35	3	41	0	33	5	32	
5	19	8	25	3	16	7	24	2	14	
1	40	7	42	
7	9	1	15	4	20	9	23	
8	40	9	27	4	30	6	41	
0	7	5	3	
3	43	0	34	
4	15	8	22	7	4	0	10	3	17	
9	45	4	49	6	30	0	42	
8	2	
4	41	5	48	2	43	
2	21	1	2	
4	50	7	48	8	36	5	30	
6	19	0	9	
0	29	3	45	9	49	7	26	
8	13	6	6	
9	32	2	29	
2	13	4	16	1	24	5	22	3	3	
1	44	3	33	2	36	6	30	
2	24	3	21	7	17	4	18	
8	48	2	32	4	38	3	43	
9	15	
0	38	4	48	2	39	
9	9	
9	34	3	28	8	44	1	40	
6	24	5	19	4	11	8	23	9	1	
4	29	9	26	
4	18	7	15	0	10	6	5	
1	31	2	35	7	38	3	46	
3	11	6	15	8	1	
6	27	2	43	
6	11	2	6	
5	42	2	44	1	26	
8	10	
2	34	
4	6	9	16	
4	32	9	35	
7	11	3	20	0	1	2	12	6	23	
2	50	8	49	
8	19	6	23	1	7	
0	26	2	44	
9	3	4	15	8	9	7	8	
9	47	2	29	3	37	
8	12	0	11	6	7	2	2	
8	36	4	50	7	46	2	31	
0	11	
7	26	
1	1	9	3	
3	32	1	47	
3	19	8	5	
5	39	
8	22	1	1	6	6	9	21	
6	41	0	31	
0	13	
1	38	7	47	9	30	
2	21	1	18	
2	35	
9	15	4	1	7	16	0	11	
9	38	3	46	6	33	1	39	7	49	
4	12	0	10	2	22	
5	35	8	33	7	44	0	41	2	43	
3	20	5	8	
5	50	
6	2	2	17	
7	31	8	37	1	42	
3	9	0	6	6	14	2	20	
5	36	
7	16	4	21	
6	46	9	48	1	27	5	28	
6	12	
9	45	6	37	8	38	2	48	
5	1	1	13	7	23	9	8	2	10	
0	30	3	31	
2	24	8	14	7	20	
9	34	7	32	2	41	3	49	8	42	
0	19	6	9	3	1	7	15	
4	30	8	33	2	29	
6	12	0	15	
6	41	5	31	2	27	8	49	
4	15	0	3	6	22	
9	48	1	37	8	43	
8	14	4	13	0	11	9	15	
8	29	
9	2	7	19	4	8	
4	34	
5	19	4	18	9	9	6	11	
3	44	9	50	
9	17	8	8	6	10	
3	48	8	46	
6	3	8	19	7	24	4	11	
2	33	5	44	
7	4	6	9	8	15	
2	29	0	38	
1	17	9	4	5	2	
2	42	1	48	6	41	4	27	9	32	
0	16	
3	35	1	34	4	40	8	30	5	48	
6	24	
7	43	
6	18	8	19	7	2	4	3	
9	49	
1	1	9	19	7	3	0	17	3	14	
8	34	3	41	7	30	
2	6	
0	29	4	26	
3	1	
0	46	1	39	7	50	5	28	
9	14	0	13	
2	27	0	35	
3	21	6	25	
0	31	8	44	9	43	4	39	6	46	
8	25	9	19	7	2	
7	48	4	43	5	34	0	30	
0	16	3	11	1	8	8	23	9	10	
5	48	2	47	7	33	
7	22	1	2	6	9	9	15	3	7	
2	42	1	45	6	32	
1	24	0	3	2	4	4	6	
4	45	0	39	
4	10	
8	44	4	29	
7	12	8	3	1	19	9	5	2	15	
3	48	5	32	2	27	1	50	
1	14	8	25	4	7	6	18	
0	35	3	38	5	28	
7	9	6	24	1	12	2	4	
2	26	7	31	0	28	
5	21	3	6	2	15	6	14	9	2	
2	44	9	45	1	48	7	33	
0	21	
7	38	5	44	9	33	
5	4	1	17	9	11	3	15	
0	35	9	50	
9	8	5	20	
7	48	1	44	4	27	
5	17	
2	27	
9	25	8	23	
4	29	9	26	8	43	6	30	
5	2	7	19	1	24	6	6	0	11	
8	37	9	28	7	39	
7	11	
4	49	7	28	8	50	1	34	9	43	
3	11	4	3	5	13	
0	36	9	40	
4	2	3	25	9	17	
6	43	
1	5	
6	26	3	39	0	45	8	31	
0	16	4	9	3	20	9	19	
3	31	2	47	7	39	4	28	
4	20	
5	42	
3	10	5	11	9	16	4	7	
8	45	0	33	9	46	
1	2	6	22	0	21	
6	26	0	41	4	31	3	33	
6	7	3	13	
1	33	2	50	
6	25	
7	44	9	40	

Three processing times per job on each machine
The best scenario
442	415	392	
165	226	164	
114	81	298	
23	31	52	
293	92	370	
76	114	269	
43	36	33	
193	243	151	
65	115	92	
137	145	86	
130	309	186	
90	303	140	
115	80	202	
166	275	131	
150	130	82	
252	108	120	
174	105	151	
154	161	189	
104	94	36	
255	204	192	
286	265	223	
235	316	183	
274	122	169	
93	144	227	
27	75	26	
34	26	39	
256	422	393	
143	150	159	
185	141	122	
104	187	436	
134	31	61	
39	52	29	
34	57	68	
288	136	193	
118	469	152	
34	81	68	
166	180	211	
70	194	179	
154	116	76	
133	442	192	
54	79	82	
191	524	225	
233	80	84	
381	451	267	
113	157	180	
284	90	142	
10	49	69	
107	85	169	
108	239	288	
82	164	61	
162	386	426	
86	89	228	
399	196	425	
162	146	131	
111	243	153	
86	100	149	
179	486	309	
395	243	113	
137	138	148	
271	182	112	
406	103	408	
105	44	161	
121	80	169	
124	180	301	
41	29	56	
107	109	119	
236	108	204	
122	257	86	
80	92	49	
293	240	174	
139	111	42	
79	173	172	
45	52	18	
79	152	302	
254	167	224	
15	23	20	
254	348	121	
177	267	304	
104	226	158	
117	172	150	
327	145	318	
95	163	206	
76	66	155	
53	49	46	
199	288	252	
179	160	257	
87	116	197	
92	42	81	
167	115	187	
250	459	320	
98	127	40	
130	179	97	
208	107	229	
61	53	71	
63	88	60	
265	298	505	
143	320	297	
158	208	354	
61	80	47	
219	98	111	
Most likely scenario
444	572	502	
267	249	326	
137	156	459	
31	39	57	
581	160	432	
133	156	280	
79	67	61	
227	379	201	
100	119	182	
182	286	109	
147	467	321	
100	309	186	
203	113	242	
325	355	190	
227	174	143	
273	158	140	
290	141	154	
263	279	206	
108	109	63	
373	392	240	
465	370	444	
332	372	202	
284	196	213	
98	263	311	
45	94	39	
58	48	54	
366	432	485	
159	243	165	
245	244	124	
174	188	565	
161	52	62	
58	86	54	
45	80	117	
388	238	220	
219	525	268	
43	82	75	
226	228	333	
96	249	261	
174	130	141	
209	479	381	
78	135	112	
290	560	418	
392	136	161	
532	471	506	
169	198	238	
340	149	271	
20	67	74	
181	92	182	
190	476	434	
120	169	79	
203	501	496	
128	90	241	
466	229	566	
235	170	137	
215	306	304	
104	110	190	
183	515	614	
400	355	158	
152	246	228	
491	189	201	
469	154	540	
190	57	189	
171	122	249	
208	261	405	
57	39	74	
121	112	130	
268	184	226	
145	272	167	
99	137	64	
402	352	309	
228	118	82	
111	224	249	
47	79	26	
108	295	360	
258	227	234	
24	30	30	
268	389	193	
213	373	367	
199	240	164	
168	271	182	
357	191	431	
179	292	381	
78	75	218	
100	63	91	
335	351	301	
297	194	274	
96	124	309	
122	46	122	
243	137	256	
270	470	481	
159	187	69	
197	183	106	
263	181	302	
85	56	104	
82	99	79	
321	516	519	
160	546	516	
198	216	452	
93	93	60	
356	149	144	
The worst scenario
554	792	571	
344	317	460	
204	228	486	
33	57	73	
832	211	493	
150	226	305	
102	74	89	
277	460	272	
107	159	222	
247	373	118	
173	605	323	
117	437	229	
252	123	250	
359	456	227	
241	246	181	
395	222	149	
399	174	198	
271	344	287	
136	117	79	
483	463	327	
581	486	556	
394	551	298	
372	205	221	
138	290	352	
48	134	41	
81	52	74	
516	641	588	
180	295	224	
335	296	171	
244	211	638	
232	75	72	
72	106	57	
65	118	152	
414	296	244	
261	566	389	
60	102	109	
288	266	481	
98	302	301	
223	131	150	
288	681	462	
112	167	128	
428	772	621	
529	154	217	
689	523	673	
204	208	321	
414	220	292	
24	96	90	
210	98	210	
268	678	609	
139	176	107	
257	621	741	
181	125	271	
625	336	599	
294	175	169	
261	421	431	
129	138	193	
198	617	729	
547	470	232	
176	292	310	
516	232	275	
517	206	764	
283	81	195	
254	131	366	
234	371	551	
76	41	80	
148	168	158	
349	211	331	
146	305	240	
122	185	74	
412	467	435	
237	155	109	
136	237	343	
50	90	29	
127	364	377	
302	286	317	
28	32	41	
281	460	220	
237	456	506	
212	247	205	
186	315	220	
518	256	549	
242	402	548	
96	109	301	
111	65	122	
358	352	320	
299	267	397	
101	183	454	
153	59	167	
247	194	355	
357	576	585	
189	273	102	
211	188	156	
361	230	412	
94	57	142	
117	142	99	
424	518	556	
208	730	774	
240	261	458	
108	130	65	
452	206	164	
