Factories	7	Jobs	50	Machines	2

Total number of component types per job processed by HSPM
5	9	9	9	5	11	11	12	7	11	5	8	5	5	8	10	5	9	8	7	5	8	8	10	10	12	8	10	10	5	12	11	7	9	7	11	7	11	8	9	11	8	12	9	5	6	12	10	6	6	

Total number of component types per job processed by MFPM
5	1	4	2	5	1	1	4	5	3	4	2	4	2	2	5	3	2	4	3	2	4	1	5	3	4	5	2	5	4	1	4	4	2	2	1	1	4	5	2	5	5	3	5	2	5	5	1	4	4	

All component type numbers for each job to be processed by HSPM
13	20	1	28	18	45	0	26	17	60	
5	42	2	24	12	49	18	18	15	57	13	65	7	30	9	16	3	7	
3	43	19	11	18	45	15	56	0	39	14	68	13	4	1	70	6	3	
11	24	1	3	3	62	6	47	10	50	5	4	14	66	13	52	18	53	
14	41	15	35	6	50	8	67	9	23	
4	1	14	14	5	57	3	48	12	33	7	60	16	4	19	61	10	50	0	12	1	69	
7	38	15	34	14	6	9	71	18	39	12	24	13	9	11	61	1	66	8	36	3	25	
15	6	17	30	19	42	9	8	3	43	14	64	18	73	7	40	11	61	16	31	8	35	4	2	
16	27	9	18	1	70	17	22	8	26	0	4	11	48	
9	3	18	48	17	44	16	30	19	69	14	74	11	62	8	71	5	61	13	72	3	54	
7	3	10	32	17	28	14	57	5	19	
18	35	8	59	4	60	9	72	1	66	3	13	10	20	7	44	
15	58	7	36	14	37	8	68	10	26	
4	54	0	69	12	36	10	37	1	7	
12	29	18	69	7	44	15	40	3	33	0	14	16	59	14	7	
2	52	7	59	12	43	14	40	4	35	10	33	17	57	6	19	9	25	13	58	
13	60	7	71	8	40	4	35	1	13	
16	52	17	44	10	27	8	19	5	68	0	70	4	59	19	35	12	32	
7	64	1	28	2	54	12	23	8	13	19	60	6	44	16	14	
16	44	1	40	3	29	15	30	9	16	2	32	13	42	
16	40	17	31	8	29	1	48	6	66	
5	66	14	26	15	56	3	3	18	1	0	33	9	2	11	38	
2	75	16	35	12	58	0	74	18	20	13	25	1	5	4	68	
1	13	9	75	5	5	4	19	15	58	11	6	10	51	3	40	0	37	16	36	
10	50	2	62	8	30	4	60	17	18	11	57	14	39	9	70	15	67	12	49	
3	38	7	44	8	17	0	22	5	24	17	2	6	46	19	56	11	47	4	26	9	21	1	61	
8	35	15	2	16	3	6	67	1	26	5	25	9	15	4	28	
17	35	11	73	0	13	8	49	13	56	3	65	14	14	6	43	19	34	10	57	
7	12	5	2	6	4	4	17	3	62	13	73	9	72	15	71	0	29	17	59	
1	25	7	26	15	55	13	20	19	34	
8	16	1	66	14	28	15	52	4	7	17	47	13	5	3	42	19	73	6	49	11	45	2	23	
13	63	16	27	0	32	18	25	10	29	9	61	19	42	6	74	5	39	3	21	1	19	
17	16	10	57	0	26	5	18	1	32	7	5	4	66	
12	50	5	67	1	53	9	51	18	61	14	43	6	29	10	30	7	41	
15	60	2	31	14	2	5	10	7	33	8	16	9	34	
8	29	7	73	11	50	15	70	17	44	5	63	2	16	9	46	4	17	3	26	1	14	
19	52	0	4	11	74	1	71	5	46	13	24	4	30	
2	62	6	6	7	21	19	70	3	75	4	1	10	37	1	50	17	11	11	54	8	38	
5	65	3	12	16	31	9	49	12	74	0	23	19	24	14	72	
17	1	2	67	7	27	8	36	4	33	15	22	11	58	5	73	6	51	
10	3	16	74	9	56	13	60	1	28	5	40	15	55	11	67	18	41	6	66	0	29	
10	42	15	70	17	49	4	44	7	11	5	37	14	67	9	20	
17	4	18	74	9	40	14	64	19	32	2	53	15	13	8	68	7	43	1	46	6	6	5	51	
19	21	3	73	8	64	16	75	15	38	2	26	9	5	0	33	14	46	
14	29	12	7	4	46	2	63	10	59	
2	67	11	8	14	5	0	53	6	17	18	66	
17	51	19	55	7	30	6	66	2	9	4	59	3	13	14	63	16	49	5	53	8	31	11	74	
4	74	9	32	15	51	8	56	10	45	0	44	5	49	18	53	6	50	3	4	
18	55	0	64	14	22	10	50	6	3	11	57	
3	15	12	42	18	73	0	70	6	33	17	58	

All component type numbers for each job to be processed by MFPM
7	7	0	19	2	21	3	2	8	25	
4	8	
4	24	9	2	8	6	1	19	
6	11	1	7	
3	21	8	11	4	7	0	9	1	14	
6	16	
8	10	
7	10	4	4	3	3	5	24	
3	10	1	23	0	24	6	15	7	2	
2	13	0	25	3	7	
0	19	7	15	3	24	5	11	
0	18	6	15	
2	19	9	22	7	8	6	18	
8	11	4	8	
0	19	7	20	
8	17	2	21	6	11	0	25	9	16	
7	25	5	9	4	6	
2	7	7	23	
2	13	8	2	4	5	7	15	
5	20	3	11	6	12	
2	1	1	17	
8	6	0	10	6	16	4	7	
0	18	
0	22	4	14	5	12	9	15	2	6	
9	18	0	14	1	15	
5	17	4	2	6	11	8	6	
4	22	8	3	0	17	9	5	5	2	
2	8	7	4	
3	5	7	19	5	24	1	11	0	13	
7	23	8	5	4	12	1	2	
6	21	
9	7	5	25	3	14	8	1	
2	9	6	25	1	15	0	5	
4	17	8	6	
1	24	7	9	
1	22	
0	18	
9	23	0	16	6	7	4	15	
6	2	4	8	0	25	8	15	2	16	
6	14	0	21	
5	9	2	1	6	21	3	12	8	19	
4	22	1	15	5	16	8	6	0	7	
2	20	4	16	3	2	
6	17	3	8	0	15	2	6	1	5	
3	9	9	12	
5	18	9	17	7	8	4	5	1	6	
0	9	5	12	4	22	7	1	1	21	
1	5	
1	12	6	9	0	17	9	4	
8	19	9	2	1	24	5	11	

Three processing times per job on each machine
The best scenario
124	118	
52	28	
100	276	
126	264	
172	124	
187	334	
158	515	
97	134	
186	150	
100	318	
333	242	
45	20	
42	15	
85	170	
179	203	
17	54	
112	81	
241	211	
26	67	
267	190	
146	122	
213	332	
37	148	
71	51	
24	85	
122	40	
171	222	
206	164	
134	191	
190	84	
104	125	
106	111	
286	340	
192	339	
169	94	
196	75	
149	207	
49	147	
34	66	
304	276	
204	162	
117	169	
97	72	
119	198	
252	435	
204	167	
231	85	
361	262	
378	192	
61	113	
Most likely scenario
175	189	
83	40	
188	354	
241	311	
258	157	
229	474	
264	617	
129	201	
207	222	
169	576	
534	273	
57	36	
68	29	
112	191	
288	296	
28	88	
139	103	
413	412	
39	121	
424	365	
162	150	
375	403	
70	150	
129	100	
45	126	
148	61	
194	395	
397	286	
138	222	
230	112	
126	147	
132	189	
312	372	
252	398	
205	137	
206	87	
154	225	
93	193	
61	82	
417	364	
297	175	
152	173	
143	117	
176	282	
463	440	
309	171	
250	163	
367	482	
421	291	
106	214	
The worst scenario
178	194	
84	54	
256	382	
254	407	
326	162	
267	501	
355	787	
132	215	
300	254	
173	745	
599	346	
78	50	
72	42	
119	197	
312	387	
34	115	
158	150	
599	539	
58	159	
501	527	
231	189	
460	438	
104	192	
185	149	
46	156	
201	71	
205	416	
446	382	
196	287	
320	162	
165	185	
165	234	
396	386	
267	513	
291	147	
293	106	
176	294	
127	230	
68	113	
565	393	
300	207	
160	199	
161	171	
214	288	
526	545	
462	209	
278	219	
429	576	
523	343	
145	279	
