Factories	3	Jobs	150	Machines	3

Total number of component types per job processed by HSPM
7	9	7	12	7	12	12	6	8	10	8	6	8	6	11	7	9	7	8	8	6	5	7	6	8	11	6	10	11	6	10	7	10	5	8	6	10	10	8	5	6	8	5	5	6	12	6	11	5	9	9	10	11	7	8	7	9	12	12	5	11	6	10	10	10	7	11	10	11	9	8	10	10	12	6	7	11	7	6	8	10	11	8	9	9	6	9	10	10	7	10	8	6	5	11	10	6	12	8	6	8	10	11	5	12	7	11	12	6	12	11	5	7	6	5	5	8	11	9	7	6	12	8	9	12	11	6	5	5	7	8	12	10	5	10	6	11	9	12	12	9	6	6	9	11	10	9	6	7	5	

Total number of component types per job processed by MFPM
2	1	1	2	4	1	5	3	2	2	5	3	4	4	1	4	1	2	1	1	1	5	1	3	3	1	2	4	5	3	1	2	3	3	2	3	2	2	2	5	4	1	4	3	4	5	3	1	1	3	2	2	3	1	1	2	1	2	1	4	2	1	3	5	5	1	1	5	4	3	1	4	5	3	4	1	3	1	4	1	5	2	2	2	4	4	1	3	4	4	2	3	4	1	1	2	1	2	5	2	4	3	2	2	5	4	5	4	2	1	3	3	3	4	4	5	4	3	5	1	5	5	2	5	2	1	1	2	4	1	2	4	1	2	1	1	1	3	3	4	4	5	5	4	5	2	3	4	5	4	2	3	4	3	4	1	4	2	5	1	2	2	5	5	5	2	4	5	2	5	1	2	2	1	4	2	3	2	4	1	1	4	4	2	3	3	3	1	1	2	3	2	2	1	1	4	4	1	2	3	2	1	5	4	2	1	1	2	2	5	4	3	5	5	5	3	4	2	2	1	5	5	4	2	1	5	2	1	5	4	3	2	3	3	3	3	4	3	1	5	3	1	2	5	2	2	2	4	2	1	2	3	5	5	2	3	5	2	4	2	4	4	2	1	5	4	5	5	4	3	2	1	4	1	1	5	4	1	1	2	5	3	4	4	2	2	4	2	3	4	3	2	3	4	5	3	5	3	4	1	

All component type numbers for each job to be processed by HSPM
5	66	9	53	7	24	6	32	3	69	14	25	18	73	
9	60	19	63	6	31	8	62	7	34	0	48	18	44	2	57	17	37	
2	59	14	75	4	62	10	56	13	57	9	6	1	43	
15	71	4	70	2	72	11	49	3	63	16	40	9	69	10	16	17	31	8	28	5	26	14	59	
18	6	0	67	15	68	6	55	17	27	3	58	7	37	
10	31	19	41	17	45	15	17	18	55	13	67	9	74	14	22	2	57	12	44	5	61	3	49	
7	50	14	10	10	20	19	2	13	51	11	25	17	13	2	53	6	1	12	70	0	71	1	57	
14	38	11	72	15	47	6	13	19	6	16	58	
5	72	8	6	13	19	9	15	7	31	16	12	17	53	1	75	
11	1	15	74	16	47	0	18	12	21	2	69	18	9	14	49	4	31	6	42	
18	31	11	66	8	44	4	51	9	11	6	15	13	27	17	68	
7	70	14	33	4	53	2	68	1	29	19	74	
17	12	9	1	11	35	18	4	16	34	6	46	10	66	19	5	
1	45	3	36	17	27	6	52	5	56	0	31	
8	8	2	15	19	32	10	40	3	41	17	63	12	55	5	26	11	42	7	21	4	44	
2	73	4	2	15	51	17	8	12	72	13	29	14	64	
3	46	4	69	5	56	16	29	12	72	6	18	9	21	19	27	7	10	
2	17	5	39	1	32	13	71	15	67	14	68	19	28	
17	68	3	63	1	29	14	45	13	14	6	17	7	24	4	56	
8	47	15	11	18	61	5	51	14	12	17	36	2	56	11	15	
16	67	14	38	3	45	10	34	6	5	7	41	
19	7	11	9	3	39	13	21	0	35	
17	33	6	36	14	49	16	20	11	40	2	22	10	1	
14	46	15	47	11	73	5	64	19	74	12	65	
14	51	6	69	13	47	9	3	1	73	17	43	5	70	0	4	
13	9	10	58	15	29	1	38	16	57	18	7	19	21	12	33	2	65	6	12	17	55	
4	45	7	56	15	24	11	48	8	41	9	70	
10	31	7	49	17	28	16	6	13	75	3	15	14	17	8	47	9	14	18	25	
19	67	17	59	13	75	11	26	14	41	5	57	0	22	6	55	15	74	1	45	2	38	
7	12	13	25	12	41	8	43	3	52	11	6	
6	29	4	52	3	15	1	39	16	42	0	12	2	47	5	44	11	50	17	11	
0	37	1	36	11	44	19	17	14	58	6	39	18	1	
6	41	19	52	12	19	14	68	8	61	1	73	18	32	3	7	0	10	9	28	
10	67	0	15	6	3	9	62	13	74	
17	70	19	29	8	10	5	74	15	52	2	17	4	22	3	9	
0	24	17	9	18	14	19	4	6	10	14	29	
2	9	11	58	1	63	18	72	9	42	17	65	3	53	4	18	7	32	19	75	
6	2	19	70	4	68	7	62	16	11	5	18	10	7	11	52	12	54	13	6	
18	11	4	72	0	20	12	23	8	30	7	46	17	36	13	53	
0	26	13	38	10	16	2	65	4	25	
6	75	14	56	13	65	12	33	15	61	2	64	
11	50	14	22	15	72	18	18	3	4	10	55	6	63	9	33	
15	25	8	39	16	10	7	12	5	22	
2	20	0	43	8	4	10	56	7	23	
9	7	1	24	12	44	19	72	14	71	16	47	
10	55	13	33	7	34	17	1	3	44	19	22	8	62	5	19	6	2	18	17	16	63	0	59	
1	48	16	60	17	51	10	37	7	4	0	6	
8	14	1	67	5	18	19	62	4	60	13	52	18	2	10	29	6	49	7	9	17	13	
9	61	19	38	17	33	14	26	6	51	
8	2	9	1	1	44	14	68	11	10	2	75	19	53	0	27	5	14	
16	58	3	75	10	11	8	8	15	70	13	42	4	45	6	68	1	62	
8	13	11	41	10	67	4	50	3	60	2	59	19	14	13	54	14	29	0	69	
13	2	10	71	2	9	5	48	8	52	18	31	6	30	15	34	4	4	7	43	9	45	
6	50	12	66	18	75	9	51	7	49	15	42	2	32	
19	65	10	33	2	34	16	56	18	18	7	59	9	49	6	42	
17	67	11	8	4	45	7	43	8	10	19	39	9	24	
14	74	13	58	12	40	18	1	8	35	9	6	2	29	1	61	5	73	
9	5	7	63	2	36	1	7	5	42	10	67	6	51	11	71	4	4	19	38	12	8	8	62	
9	68	12	21	4	34	14	5	7	3	16	58	2	41	8	4	1	24	19	36	6	10	0	42	
14	74	0	53	7	52	13	13	4	3	
13	43	1	20	14	32	3	62	0	14	18	30	7	19	9	50	11	65	4	60	17	31	
1	61	6	58	19	68	18	6	14	59	0	60	
10	7	16	40	7	31	17	50	5	59	6	19	3	41	18	34	0	27	19	70	
16	66	9	35	7	7	12	12	4	28	3	20	19	18	2	3	5	10	17	54	
1	25	7	4	2	55	19	44	12	6	10	58	17	26	16	33	3	39	9	67	
16	5	19	46	13	26	17	23	15	1	2	67	9	48	
17	5	4	61	11	55	19	73	18	38	14	45	16	40	12	30	6	50	7	27	13	57	
0	75	13	19	12	72	2	59	8	63	16	43	4	52	9	15	15	9	18	26	
5	61	14	29	18	48	16	36	6	4	7	62	10	56	3	23	13	50	9	5	17	69	
0	6	3	49	10	28	7	59	17	18	4	53	14	38	18	20	16	43	
12	72	13	66	4	67	10	65	2	46	18	60	11	30	1	16	
12	23	17	75	11	4	14	21	9	53	7	69	3	31	4	1	8	48	18	29	
18	35	1	45	8	32	0	4	5	56	13	12	19	61	7	40	4	51	12	52	
0	68	16	40	14	5	1	14	2	47	12	38	18	36	10	48	3	63	13	3	6	51	11	71	
6	31	8	52	19	37	13	7	5	16	2	36	
12	33	19	65	4	51	11	47	17	20	8	73	9	53	
9	22	4	53	15	50	16	30	3	52	7	38	12	75	1	1	14	70	2	41	5	67	
8	56	15	52	12	28	2	66	3	40	11	29	19	39	
10	62	17	45	5	43	3	54	1	66	8	37	
18	11	1	16	8	41	17	58	12	72	14	47	13	71	16	6	
8	32	15	28	16	31	9	5	13	53	3	2	18	39	4	49	10	58	2	42	
17	33	0	40	6	17	3	50	2	18	15	27	10	22	18	28	5	51	12	57	16	49	
12	6	17	20	9	63	2	56	11	62	0	30	5	29	8	38	
11	75	16	21	0	59	9	61	10	26	18	35	12	51	13	34	6	64	
6	5	1	72	10	63	5	42	14	41	4	56	12	45	13	75	11	24	
14	25	7	39	13	63	3	55	1	64	8	50	
0	27	10	58	4	67	7	20	5	72	6	59	2	38	1	75	14	63	
18	33	11	35	0	5	1	59	3	50	12	4	10	37	14	21	6	43	15	8	
13	19	10	67	0	48	17	29	6	3	15	5	3	49	4	31	8	36	19	39	
0	21	12	17	18	74	15	73	7	43	2	45	16	44	
5	29	13	7	6	27	11	3	17	57	3	22	15	61	9	44	19	60	7	63	
5	1	17	8	18	50	1	34	19	30	2	29	16	53	6	70	
16	42	8	1	6	30	3	26	0	40	12	32	
3	67	1	27	7	66	17	31	2	53	
18	62	4	27	17	29	3	73	15	37	9	15	10	69	14	40	11	14	1	34	8	46	
7	18	16	72	1	8	10	21	2	50	11	11	15	14	9	31	17	38	14	16	
9	34	14	71	10	66	17	27	15	15	7	51	
7	65	1	45	14	15	3	37	18	22	19	42	6	69	9	54	16	64	12	23	10	38	15	51	
18	52	19	17	1	18	7	47	0	38	6	9	13	62	2	69	
18	19	17	61	10	28	8	52	11	12	1	33	
2	70	8	44	1	18	14	35	19	31	17	3	7	71	9	69	
2	32	0	52	15	60	6	9	18	69	3	66	13	43	1	64	5	47	14	44	
9	45	7	47	8	36	12	50	15	31	17	40	1	71	11	48	13	39	16	16	6	27	
19	69	15	17	0	44	6	9	16	32	
6	5	10	9	17	56	11	43	8	48	3	2	14	29	18	61	16	46	19	33	12	19	15	70	
15	66	14	54	8	65	9	55	11	2	18	43	4	60	
12	7	18	9	4	14	10	72	16	50	14	42	6	31	3	28	5	2	1	30	15	17	
14	69	11	11	7	74	5	68	17	73	15	32	9	58	1	12	18	65	19	41	6	37	0	24	
2	8	14	55	4	19	11	35	19	22	16	11	
1	67	11	70	15	15	14	18	19	36	9	63	6	73	0	6	16	35	4	42	18	40	13	57	
0	49	13	7	9	18	11	15	17	52	14	55	7	70	2	71	5	22	19	64	4	4	
2	24	15	70	1	68	8	52	10	57	
12	32	9	54	4	5	17	42	1	38	18	28	15	56	
16	56	0	16	10	35	12	63	18	22	14	31	
9	62	10	28	14	50	18	54	2	18	
17	35	6	71	15	30	9	75	11	56	
11	14	16	57	10	41	6	2	3	54	1	50	8	13	4	18	
15	18	16	30	10	33	5	72	12	20	4	4	11	70	8	40	14	7	2	12	0	50	
0	60	3	47	13	8	12	15	10	38	18	72	11	13	6	20	7	27	
3	37	10	3	12	66	19	16	0	65	16	8	15	48	
15	2	11	3	5	66	6	15	4	73	9	53	
11	10	16	30	13	34	7	31	14	68	3	48	17	17	6	72	4	70	18	75	8	38	9	61	
8	70	16	29	11	63	17	75	15	23	14	68	19	11	3	24	
14	69	12	43	10	13	8	18	19	71	17	46	11	51	6	28	7	62	
3	27	18	68	13	17	12	18	4	34	1	59	10	64	2	36	17	28	14	61	19	3	9	31	
12	2	2	70	6	59	7	45	9	61	13	54	0	33	14	27	18	19	4	20	8	60	
13	28	9	23	7	50	3	63	16	60	12	34	
17	21	12	46	9	24	11	56	14	8	
17	12	13	49	15	51	6	68	4	26	
3	25	15	50	2	14	6	6	11	73	16	58	8	29	
6	4	17	64	2	35	18	75	16	68	10	65	5	54	13	58	
0	31	7	3	9	46	13	49	18	32	19	63	3	75	17	47	1	16	6	59	5	55	14	66	
3	50	6	8	9	72	7	27	5	7	4	42	8	41	14	55	13	3	18	10	
4	12	15	23	3	57	8	4	12	27	
3	18	7	14	13	8	5	25	16	11	11	63	10	73	1	61	9	49	12	38	
8	52	17	23	19	73	6	4	2	55	14	47	
10	56	11	40	6	66	12	11	1	62	16	69	5	20	8	9	4	1	2	38	0	72	
5	43	15	27	0	14	10	3	12	50	17	9	11	31	4	75	6	73	
1	54	17	21	7	16	8	2	12	26	2	50	11	34	9	68	18	33	10	65	0	43	5	35	
5	11	9	44	13	8	19	60	16	38	1	59	4	58	10	34	15	71	8	13	12	27	11	1	
8	57	4	73	9	65	11	31	16	61	0	33	5	32	10	37	19	45	
5	23	9	40	17	30	7	64	15	37	13	35	
15	10	10	19	3	12	1	42	4	39	14	71	
6	46	11	30	8	5	13	62	16	2	2	45	9	37	5	51	14	21	
10	39	12	42	5	53	16	1	11	52	14	37	0	50	15	49	13	45	8	70	6	31	
18	14	2	36	19	1	17	41	0	29	7	57	13	72	1	67	3	34	15	38	
17	21	3	60	12	33	14	38	19	58	9	10	15	75	4	5	5	69	
0	67	10	6	9	64	18	5	6	19	2	57	
8	53	14	4	3	28	9	19	19	13	15	24	5	68	
3	32	17	7	15	14	10	60	12	50	

All component type numbers for each job to be processed by MFPM
5	1	9	7	
9	40	
5	18	
3	48	9	29	
7	13	3	20	4	4	5	14	
5	50	
6	22	2	9	7	16	5	12	9	11	
2	36	5	34	1	47	
0	8	5	11	
6	43	4	47	
0	6	3	19	8	2	2	17	4	15	
5	33	6	30	2	49	
6	25	2	20	7	15	1	24	
5	45	6	40	8	39	4	30	
6	23	
7	40	3	48	9	37	1	27	
5	17	
9	38	1	48	
0	1	
6	37	
8	17	
7	47	5	33	8	34	4	44	2	48	
9	18	
7	31	4	43	3	42	
5	5	4	4	9	9	
4	26	
3	4	0	23	
4	47	9	34	5	33	2	29	
2	14	7	16	9	2	4	3	8	1	
3	48	0	33	2	43	
5	18	
5	36	4	35	
0	8	2	24	9	4	
4	32	7	30	0	40	
6	5	4	14	
4	34	0	38	7	27	
6	5	8	24	
5	47	8	31	
2	15	6	23	
9	37	1	38	5	33	6	42	3	26	
1	6	9	5	6	1	4	16	
4	42	
1	13	8	9	3	2	5	16	
0	42	9	47	2	30	
2	24	4	13	9	16	1	10	
7	35	4	36	5	45	8	27	2	33	
5	19	4	7	8	22	
5	49	
5	11	
7	48	0	31	1	46	
6	10	1	11	
9	40	4	37	
5	3	6	11	0	22	
1	42	
8	10	
5	33	1	32	
8	9	
8	30	1	41	
9	7	
1	40	6	48	3	41	9	30	
8	6	2	21	
6	49	
7	13	6	9	0	24	
5	37	7	28	9	31	8	35	2	38	
0	12	7	24	3	22	5	11	9	17	
3	40	
0	24	
6	38	1	31	7	34	2	39	3	41	
9	19	0	12	2	8	8	6	
8	49	3	29	0	31	
2	14	
2	29	4	45	1	40	8	36	
9	16	4	12	6	7	3	19	0	14	
1	34	3	28	6	36	
3	7	4	18	0	19	2	22	
3	45	
9	22	4	6	5	14	
8	46	
9	15	6	13	2	8	0	1	
8	27	
6	13	4	9	7	19	0	11	9	1	
1	44	5	50	
5	17	3	8	
9	30	5	31	
0	13	3	14	5	2	9	17	
6	48	5	45	2	38	0	44	
0	25	
9	50	3	41	4	43	
3	17	2	20	6	22	4	4	
7	35	2	40	3	46	4	30	
7	25	4	1	
4	42	9	39	1	30	
0	17	7	8	6	2	8	25	
0	35	
0	1	
8	37	5	39	
3	18	
3	38	0	34	
3	4	4	12	5	5	1	2	2	15	
8	44	9	50	
4	22	5	16	2	24	1	3	
5	49	0	44	7	29	
3	14	8	1	
5	28	3	36	
0	16	2	10	3	19	6	23	9	11	
1	44	9	29	7	33	8	49	
6	1	9	5	0	11	1	12	3	17	
6	31	0	43	2	34	3	50	
6	25	9	3	
2	34	
7	23	0	12	3	7	
4	34	5	38	2	44	
7	9	6	8	8	13	
5	42	2	28	3	48	6	43	
9	25	7	8	1	11	8	17	
5	41	2	28	0	30	9	35	4	38	
6	2	3	5	4	13	8	20	
6	29	5	27	4	46	
9	12	7	1	3	6	6	7	0	5	
3	29	
4	25	1	15	7	24	5	18	8	2	
7	27	5	28	3	37	2	29	0	49	
1	22	8	1	
3	49	8	46	6	36	4	38	9	32	
9	15	6	21	
3	38	
1	11	
8	49	6	31	
5	17	3	3	4	25	9	11	
4	27	
2	11	5	19	
0	40	8	38	2	47	6	29	
6	3	
2	40	5	49	
0	3	
0	28	
4	23	
7	49	2	32	4	31	
1	14	7	5	5	10	
3	48	7	33	4	36	9	44	
3	4	7	15	1	18	4	1	
6	37	8	42	1	48	5	47	4	31	
2	14	4	5	8	4	3	19	9	23	
4	34	9	48	6	27	0	47	
5	20	9	18	7	3	8	6	3	2	
1	45	6	40	
3	18	4	6	5	22	
0	50	5	28	7	36	9	37	
2	24	6	12	4	2	5	9	1	11	
0	28	2	32	8	41	9	45	
5	15	6	7	
7	36	4	34	6	32	
4	21	2	23	0	16	8	1	
2	47	9	33	0	50	
0	22	4	9	5	13	9	18	
4	36	
4	18	5	12	1	10	0	17	
0	32	3	28	
6	1	3	5	7	10	4	20	9	3	
9	50	
3	25	2	21	
5	42	2	43	
9	11	5	20	6	18	4	10	0	14	
4	36	5	39	0	33	1	38	3	43	
0	14	1	4	9	11	8	19	3	20	
6	39	2	35	
9	5	1	12	0	15	4	17	
1	36	9	29	5	45	6	33	3	34	
8	20	1	11	
4	30	1	26	9	36	0	32	3	48	
7	5	
0	30	5	32	
0	1	8	23	
0	45	
8	3	6	22	2	19	1	13	
6	49	1	48	
4	24	9	17	2	22	
7	28	2	33	
2	23	6	6	1	21	7	20	
1	47	
4	19	
4	35	8	28	6	48	7	33	
0	1	4	12	2	8	3	10	
8	30	2	26	
5	20	9	5	4	23	
0	38	2	43	9	50	
7	21	6	25	5	8	
4	42	
8	10	
3	28	9	45	
3	18	9	24	1	19	
3	35	5	33	
3	20	6	17	
0	42	
7	2	
2	35	4	44	0	42	5	47	
4	5	0	12	5	19	6	10	
3	35	
4	17	9	3	
7	47	6	31	2	27	
7	11	4	9	
3	35	
8	7	2	21	6	23	1	17	0	14	
1	36	8	38	9	26	0	42	
8	18	6	15	
3	41	
5	5	
9	47	5	36	
9	22	0	21	
9	30	0	36	5	27	1	41	6	28	
0	18	3	11	6	1	8	12	
7	33	5	40	4	39	
1	17	0	10	3	3	4	15	5	1	
5	44	2	32	3	29	0	45	8	42	
7	19	2	1	5	12	8	2	3	23	
0	29	4	43	6	32	
5	13	9	6	1	19	0	18	
3	29	6	44	
8	6	0	11	
4	26	
5	10	6	12	4	3	7	20	0	1	
3	40	8	37	9	26	2	47	7	50	
2	10	9	15	8	5	6	23	
7	26	5	49	
5	17	
8	40	3	45	9	43	0	32	1	27	
0	23	3	10	
1	39	
9	18	1	6	0	13	7	17	8	15	
3	45	2	50	7	47	4	41	
9	24	6	6	0	3	
3	36	4	42	
6	2	5	25	0	5	
2	50	8	29	5	42	
3	1	0	14	8	11	
8	44	0	28	7	29	
9	16	0	18	8	10	3	2	
7	34	6	36	2	39	
0	6	
6	42	1	49	9	43	3	31	4	41	
0	17	1	7	3	24	
0	43	
2	13	5	9	
3	38	4	37	7	28	1	41	6	42	
1	13	0	5	
0	27	3	48	
8	25	3	21	
7	26	9	34	5	46	1	49	
3	12	2	13	
6	37	
0	17	5	15	
8	47	7	35	3	30	
6	16	3	5	9	4	4	12	8	14	
3	44	9	42	0	28	1	37	8	49	
6	23	3	14	
3	35	9	36	7	30	
5	18	8	5	6	6	3	23	4	8	
4	35	2	47	
0	7	5	1	2	15	9	17	
0	31	2	34	
8	24	4	19	7	16	5	3	
4	47	2	29	6	31	5	46	
5	6	1	10	
9	34	
4	5	1	23	3	8	2	1	7	19	
5	28	6	42	4	35	7	37	
2	4	9	16	3	22	0	19	1	11	
9	29	0	28	1	46	6	31	8	37	
5	3	7	5	6	20	4	11	
2	29	4	26	9	41	
8	17	7	15	
9	39	
3	22	5	17	0	8	7	12	
7	50	
8	14	
0	30	9	42	2	29	8	46	1	32	
9	23	6	12	0	10	5	4	
4	34	
7	24	
3	30	0	38	
6	14	5	25	9	16	1	4	7	8	
8	42	0	28	4	30	
6	9	5	4	9	22	3	10	
0	26	2	28	7	43	1	32	
5	20	9	9	
3	34	6	48	
1	5	6	6	7	15	4	7	
8	31	1	28	
1	3	0	9	3	19	
3	37	7	35	6	34	8	48	
4	22	5	17	3	3	
2	34	3	38	
4	11	8	9	6	2	
4	49	8	29	5	33	2	46	
7	18	8	5	5	1	6	25	9	12	
9	39	7	30	4	42	
6	1	8	19	3	3	5	22	4	21	
0	44	8	37	5	43	
5	1	0	3	6	20	2	11	
3	40	

Three processing times per job on each machine
The best scenario
360	425	320	
144	290	84	
41	96	61	
92	182	198	
56	123	103	
433	301	122	
160	310	281	
196	213	206	
202	132	70	
380	85	317	
99	140	200	
152	134	170	
268	225	301	
182	204	200	
95	86	113	
199	154	81	
91	186	67	
238	394	273	
79	311	394	
170	187	113	
94	180	147	
30	27	50	
84	205	125	
153	57	90	
115	218	145	
171	171	248	
80	72	44	
394	209	127	
160	171	181	
275	133	105	
180	42	176	
225	236	233	
183	146	88	
185	46	155	
65	60	62	
156	146	192	
61	42	43	
50	56	94	
66	42	45	
323	363	101	
37	53	67	
328	160	437	
504	127	428	
116	228	243	
170	171	224	
144	366	131	
69	79	100	
86	236	228	
57	83	35	
79	129	89	
359	221	363	
26	42	24	
79	160	115	
87	62	53	
141	151	133	
310	283	284	
123	67	164	
232	276	356	
86	122	103	
379	125	517	
111	141	42	
62	160	83	
338	334	333	
136	201	221	
194	175	73	
224	494	197	
256	148	170	
71	204	223	
47	88	135	
155	121	99	
55	55	58	
183	82	135	
95	75	28	
108	164	187	
269	183	115	
17	51	38	
164	324	196	
96	247	96	
32	25	71	
140	110	85	
47	89	37	
249	352	304	
124	128	50	
75	71	53	
389	319	281	
123	70	67	
271	158	459	
175	143	233	
137	183	359	
230	202	110	
59	44	105	
168	179	144	
85	228	390	
137	105	235	
55	10	19	
109	129	125	
29	44	13	
55	88	66	
214	200	232	
52	98	126	
201	111	188	
116	150	220	
147	458	370	
138	359	377	
135	41	137	
63	59	54	
52	53	79	
92	60	38	
163	330	114	
89	87	278	
79	156	104	
41	30	91	
149	291	185	
50	104	189	
249	147	88	
516	103	289	
313	264	207	
310	252	261	
92	88	150	
316	149	200	
287	278	215	
47	144	112	
24	37	18	
208	156	186	
323	91	296	
322	131	167	
174	58	257	
59	121	222	
250	422	230	
173	154	241	
19	22	11	
301	128	300	
46	15	13	
129	140	193	
39	23	20	
183	170	77	
281	210	300	
359	180	297	
312	352	293	
240	174	220	
296	179	170	
119	79	130	
57	57	64	
161	98	111	
48	30	51	
232	93	124	
182	355	421	
82	106	276	
71	151	142	
347	197	432	
Most likely scenario
530	503	533	
241	482	127	
63	141	104	
162	329	323	
68	155	131	
460	460	149	
273	371	297	
289	275	311	
389	184	139	
419	164	324	
103	256	224	
249	265	240	
321	253	319	
273	288	264	
168	99	123	
238	243	87	
128	211	90	
316	513	470	
137	508	461	
327	321	211	
105	183	196	
49	41	57	
151	225	136	
204	91	126	
144	273	239	
330	183	358	
106	135	46	
402	266	235	
183	281	283	
293	152	148	
219	64	230	
267	281	361	
292	187	167	
263	81	177	
91	77	72	
312	184	226	
118	79	78	
99	60	100	
91	77	49	
498	480	201	
55	54	77	
509	248	549	
542	226	501	
152	237	339	
185	223	286	
264	378	184	
138	131	180	
130	239	347	
67	88	57	
104	154	160	
383	223	409	
32	44	37	
112	235	157	
162	88	80	
220	154	138	
411	496	409	
145	115	213	
320	399	573	
97	214	142	
454	207	586	
134	161	82	
124	204	139	
470	336	383	
161	278	307	
257	241	77	
400	498	315	
451	164	249	
138	363	317	
63	135	161	
185	126	190	
90	75	75	
189	100	268	
111	139	47	
174	218	192	
524	190	200	
31	89	44	
281	366	263	
123	267	160	
42	38	72	
194	140	115	
65	96	61	
469	371	447	
205	132	99	
89	79	54	
465	404	512	
126	71	126	
342	214	557	
281	258	235	
178	277	372	
319	310	160	
103	71	179	
247	242	149	
131	362	424	
219	146	260	
64	20	35	
156	188	153	
39	59	22	
67	108	80	
235	260	271	
89	118	164	
210	116	191	
176	276	308	
163	514	444	
157	442	555	
147	61	198	
92	113	61	
78	97	100	
125	92	75	
235	370	115	
159	136	403	
144	165	128	
49	45	129	
241	562	317	
93	198	267	
261	255	125	
586	147	366	
397	358	353	
319	285	284	
173	110	172	
474	164	263	
304	308	250	
76	148	150	
28	42	28	
294	275	253	
397	181	540	
438	224	213	
342	107	258	
72	202	233	
401	462	268	
208	208	244	
29	25	21	
425	186	507	
53	30	16	
198	270	229	
46	24	29	
357	215	139	
344	351	312	
386	214	468	
355	424	503	
309	285	342	
324	338	248	
157	108	174	
60	98	123	
307	152	138	
52	32	57	
235	174	162	
310	380	564	
112	151	300	
119	272	176	
476	258	593	
The worst scenario
572	566	701	
265	485	185	
69	161	141	
210	345	403	
102	196	174	
519	582	218	
347	415	405	
419	322	458	
403	244	199	
574	216	366	
138	330	309	
252	369	256	
422	306	447	
381	427	311	
229	122	126	
354	309	92	
166	284	99	
417	537	653	
196	756	634	
341	369	215	
156	225	210	
62	47	66	
207	303	167	
230	116	148	
198	345	320	
344	265	471	
141	141	56	
404	318	241	
265	384	395	
372	205	219	
318	68	246	
352	361	508	
301	268	173	
288	103	205	
118	94	105	
454	240	323	
125	116	84	
111	82	119	
129	102	69	
527	540	220	
62	65	80	
678	324	810	
686	335	627	
225	246	397	
200	244	347	
311	494	276	
141	148	258	
139	285	486	
95	108	79	
142	191	212	
536	271	592	
44	48	54	
143	299	182	
242	110	107	
265	217	149	
469	714	549	
186	159	240	
362	411	654	
111	276	187	
593	295	803	
155	232	103	
141	273	184	
530	447	475	
198	364	330	
294	349	101	
488	734	430	
453	232	299	
154	468	372	
89	141	202	
213	132	222	
124	92	93	
207	126	401	
129	154	62	
198	299	285	
608	192	298	
36	93	58	
343	393	333	
180	314	181	
57	41	84	
240	156	169	
81	104	70	
683	446	603	
224	167	119	
104	109	55	
625	495	578	
129	98	158	
425	259	704	
376	296	326	
220	398	424	
324	447	216	
107	89	264	
303	327	208	
184	414	532	
225	158	359	
66	21	36	
187	266	204	
53	80	33	
77	162	99	
316	309	365	
95	129	188	
309	159	209	
207	283	357	
208	583	545	
210	654	595	
164	86	255	
117	140	87	
106	129	111	
162	129	88	
259	441	129	
173	180	538	
178	184	144	
62	55	164	
345	597	452	
102	282	281	
346	330	162	
627	178	405	
507	488	462	
379	383	354	
244	115	212	
529	188	372	
379	426	296	
110	180	181	
35	53	32	
406	392	326	
407	238	810	
605	292	255	
469	150	337	
87	252	301	
511	503	339	
228	285	259	
39	37	31	
496	262	700	
78	41	17	
200	391	282	
66	25	30	
518	293	189	
488	455	346	
505	277	684	
393	631	739	
446	427	348	
422	431	260	
166	155	256	
74	108	178	
437	172	162	
71	44	67	
251	229	241	
342	534	678	
132	168	377	
155	288	178	
646	369	657	
