Factories	4	Jobs	150	Machines	3

Total number of component types per job processed by HSPM
10	11	5	8	5	8	8	9	8	6	9	12	5	7	10	6	6	6	10	12	11	9	7	12	5	8	10	11	10	5	12	6	10	12	8	5	8	5	8	5	6	7	5	6	10	7	9	12	5	9	7	9	7	6	6	11	11	8	10	9	8	10	11	12	10	11	10	12	6	12	9	9	6	7	10	11	12	11	11	12	9	6	8	12	8	10	9	5	7	11	6	8	6	7	9	7	12	7	11	5	6	6	9	11	8	7	8	5	9	12	7	12	10	12	12	5	8	12	9	10	10	10	8	7	5	6	5	7	6	9	11	8	7	10	10	5	6	7	8	11	10	9	5	6	8	12	11	12	5	5	

Total number of component types per job processed by MFPM
4	2	1	2	2	5	1	3	4	5	4	4	5	3	2	3	3	4	5	1	4	4	5	3	1	2	1	3	4	1	4	3	1	2	4	3	5	2	5	3	3	4	1	4	1	5	2	2	5	1	5	3	2	3	2	2	3	4	3	3	4	5	3	5	2	1	1	4	2	1	5	3	2	4	5	2	2	1	3	4	4	1	3	5	1	4	1	2	3	5	5	1	5	4	1	4	3	5	3	4	3	5	5	4	5	4	4	1	3	2	5	5	3	4	4	2	2	2	2	5	2	3	5	2	2	2	2	4	1	2	3	4	5	3	3	4	4	5	2	2	1	1	3	5	5	5	3	5	2	5	2	2	2	4	3	3	4	3	2	1	5	2	2	1	4	5	5	5	3	1	4	1	2	1	3	4	3	3	5	4	3	3	5	3	3	5	2	4	1	3	2	3	1	2	1	5	2	5	3	5	5	5	3	1	2	1	3	2	5	3	2	4	3	3	5	5	1	4	4	4	5	4	1	1	2	1	4	1	4	3	1	3	1	5	4	3	3	1	4	3	1	1	5	2	2	5	1	1	4	1	4	3	5	2	2	1	2	3	4	3	5	2	2	2	4	2	4	3	2	3	3	3	5	3	3	4	4	3	3	3	4	4	1	4	4	1	2	2	3	3	3	3	2	4	3	2	2	1	3	1	

All component type numbers for each job to be processed by HSPM
12	1	16	63	10	21	8	4	7	2	14	39	0	12	1	10	19	40	18	58	
8	39	1	4	2	19	12	26	7	64	11	56	19	54	14	29	18	7	15	57	5	16	
7	75	14	25	10	51	0	9	1	64	
14	61	1	49	16	46	17	32	18	64	11	66	13	62	5	12	
10	69	19	14	8	70	9	61	14	17	
16	73	14	12	2	2	4	65	11	41	1	69	18	21	12	35	
2	48	19	23	18	72	8	67	15	40	10	73	14	32	13	38	
8	11	10	46	1	73	17	37	14	56	6	10	4	17	13	3	5	22	
10	29	8	39	7	14	1	49	3	10	19	8	13	6	16	58	
0	34	6	43	11	50	13	6	3	5	7	7	
11	73	15	8	3	39	17	30	7	64	13	38	1	47	2	53	4	29	
14	56	0	31	17	70	9	30	1	23	4	48	10	18	16	1	13	26	6	3	2	24	18	47	
6	3	19	6	12	56	15	9	7	65	
11	58	19	32	0	20	16	30	10	66	3	38	18	4	
14	64	16	36	19	11	13	32	1	5	8	33	10	30	2	46	18	34	4	71	
17	40	18	56	8	47	4	60	0	38	2	39	
15	24	14	23	4	62	19	36	18	29	5	50	
19	42	12	40	10	66	7	36	3	72	11	39	
19	46	8	17	17	18	11	55	18	47	12	12	13	31	15	22	3	36	6	62	
10	70	17	66	0	54	6	11	11	36	19	61	1	15	8	28	14	16	7	25	3	29	18	34	
18	51	6	11	3	69	4	27	19	5	11	37	2	64	17	47	9	72	0	71	14	24	
4	25	1	8	3	30	17	6	5	49	0	10	9	31	14	56	12	17	
8	35	5	9	10	69	19	3	6	25	16	37	15	15	
9	37	5	38	17	45	3	48	2	39	11	26	13	10	15	63	6	68	14	34	8	30	19	56	
5	36	17	24	6	19	0	7	2	58	
1	53	18	62	10	45	5	42	0	29	8	65	9	8	17	56	
15	33	7	50	10	52	1	57	2	58	14	68	5	65	6	73	0	40	19	31	
0	66	13	46	8	24	5	14	19	55	17	36	15	50	12	38	9	62	6	47	7	19	
19	8	1	58	15	68	6	67	13	57	4	17	14	64	18	39	0	26	17	21	
7	57	9	2	13	72	18	14	14	19	
11	62	7	72	6	73	3	67	18	66	4	41	9	56	1	42	17	39	10	2	2	13	13	12	
14	61	1	49	3	19	6	35	5	12	4	4	
16	35	17	62	18	24	5	10	4	41	2	9	13	28	19	57	3	32	14	14	
14	40	18	29	8	56	12	53	13	33	16	34	9	5	11	75	2	62	17	10	3	3	15	41	
17	65	19	21	7	16	3	64	4	72	11	11	16	30	2	25	
7	44	15	74	11	21	16	67	3	71	
18	65	17	13	4	32	3	9	19	36	8	44	14	41	6	19	
17	51	0	43	13	3	5	66	18	7	
14	9	15	14	6	70	4	58	19	68	12	62	16	22	13	10	
17	40	2	72	8	64	11	60	15	45	
9	36	14	34	6	43	8	63	0	53	10	29	
10	45	15	22	7	57	18	67	0	41	4	46	1	73	
0	54	18	22	15	62	9	60	5	66	
10	16	8	35	16	38	15	61	13	74	1	19	
4	68	7	53	10	64	12	44	0	73	5	72	2	7	3	48	6	34	14	13	
6	22	13	69	9	32	4	66	14	43	0	38	10	17	
16	1	9	27	19	28	14	69	13	58	11	75	7	6	2	56	18	61	
14	13	10	10	8	68	0	72	12	65	18	63	15	30	7	14	4	31	3	66	11	17	6	52	
19	26	6	58	4	48	1	61	16	55	
12	26	2	17	16	65	18	46	19	63	0	47	1	22	3	58	9	11	
19	67	3	68	6	20	16	44	14	50	12	2	0	36	
1	58	17	55	8	74	5	17	16	6	13	8	18	9	0	1	7	61	
2	12	3	46	1	36	15	43	13	20	14	66	11	54	
19	67	3	31	0	74	4	48	5	46	10	27	
8	12	15	51	14	54	9	36	11	56	2	45	
13	39	2	75	15	74	4	60	0	33	14	16	5	69	17	73	6	65	10	57	9	5	
5	63	12	29	3	27	1	70	11	24	7	25	10	46	14	75	8	57	19	59	15	22	
5	48	6	66	11	40	1	74	2	3	12	18	13	25	17	14	
3	42	11	37	19	28	18	46	13	43	1	19	6	30	14	1	8	3	4	66	
11	20	6	61	1	1	18	7	2	70	7	18	0	65	9	44	10	45	
1	25	3	13	13	60	16	8	9	56	18	43	14	32	6	74	
19	36	16	61	14	35	6	10	3	67	15	24	0	64	18	40	12	33	5	29	
17	47	13	32	10	73	6	63	0	56	19	72	8	23	5	6	18	46	16	30	14	27	
17	11	12	12	2	10	1	28	13	52	9	53	18	36	8	27	5	70	11	65	4	46	6	37	
17	16	19	9	1	73	2	24	0	35	10	37	14	41	8	3	3	6	11	71	
14	13	7	10	19	44	2	5	8	58	1	65	16	61	13	11	9	52	3	39	4	49	
0	69	11	7	3	15	8	11	1	49	15	9	18	41	16	62	17	72	12	12	
13	26	10	11	15	56	2	5	6	64	3	61	14	41	5	23	9	33	4	30	19	9	1	8	
3	71	13	17	19	44	7	50	4	53	6	72	
11	20	8	53	2	14	5	21	15	29	17	70	16	64	10	16	0	28	18	5	19	27	12	40	
5	58	14	54	11	20	4	4	3	15	1	32	13	67	8	56	19	48	
18	56	14	32	7	73	8	2	4	27	1	68	16	54	6	43	2	29	
9	58	17	30	15	2	12	56	16	17	3	38	
17	46	13	38	11	14	2	53	4	60	19	34	8	18	
11	3	15	36	1	38	17	52	19	24	2	6	18	63	5	46	7	68	14	4	
15	34	4	38	12	18	8	36	5	40	10	4	1	66	9	12	17	52	7	2	6	47	
9	42	0	2	13	4	17	68	12	69	16	1	1	40	15	8	8	10	11	5	5	49	7	32	
7	34	12	45	10	66	15	17	14	54	18	5	0	46	4	23	1	55	17	24	13	32	
18	28	14	75	16	47	17	53	12	14	9	36	5	18	3	43	13	30	8	17	10	57	
17	17	2	32	3	44	18	68	11	74	9	43	10	30	12	71	16	13	8	38	0	24	6	54	
12	6	17	4	19	5	8	29	4	39	9	41	14	23	0	56	1	48	
3	58	15	70	11	72	13	68	1	49	14	24	
16	39	19	30	2	13	13	71	17	17	0	2	15	37	4	18	
2	27	9	6	0	53	17	72	18	15	8	31	7	71	16	42	4	17	1	44	19	23	14	70	
6	33	19	62	14	39	8	4	7	43	5	32	0	20	13	6	
19	51	0	54	12	11	17	61	16	36	18	49	8	24	10	10	2	12	3	2	
19	73	12	26	11	36	3	54	8	39	9	34	16	72	4	47	18	52	
7	19	5	68	19	20	1	59	2	26	
3	39	12	3	1	34	10	41	7	45	15	29	2	12	
6	1	18	50	13	68	10	44	7	71	9	70	1	19	4	23	0	9	5	26	15	67	
16	56	15	2	19	57	13	74	3	41	10	19	
13	39	0	6	5	49	2	12	4	47	15	46	16	35	17	43	
17	36	7	43	18	74	16	56	5	63	14	12	
6	30	18	53	12	62	2	4	3	14	17	32	0	67	
1	49	6	72	0	2	15	21	3	44	19	24	9	50	16	65	5	25	
16	30	14	3	15	26	6	29	7	75	9	5	5	41	
15	74	3	72	0	53	8	11	9	15	11	38	1	64	17	40	19	51	12	1	10	58	4	33	
4	16	18	14	12	27	17	75	8	43	9	60	1	57	
13	51	17	63	9	15	11	23	4	65	14	2	5	74	2	35	7	72	1	64	18	60	
17	1	10	19	9	73	16	68	4	23	
19	64	2	18	1	4	9	67	0	37	18	41	
17	32	4	37	0	13	9	71	5	59	1	21	
1	23	18	37	6	56	8	46	16	43	5	34	3	68	7	55	2	33	
14	68	16	46	3	19	11	63	8	72	17	61	10	31	5	10	12	39	4	56	7	33	
6	64	14	50	3	36	9	3	2	51	10	18	19	30	5	21	
14	75	2	46	18	18	19	12	0	14	7	68	1	30	
6	73	8	42	3	1	16	36	14	41	9	14	5	3	11	64	
5	70	15	33	4	11	12	66	2	14	
15	59	1	21	4	6	2	3	11	63	19	46	8	33	18	28	6	69	
16	56	13	21	6	45	3	23	1	16	17	64	9	30	2	39	12	65	11	9	4	3	19	25	
17	32	14	21	19	62	8	1	13	17	5	34	9	5	
2	41	12	6	11	38	9	66	10	24	15	46	19	7	1	12	4	50	18	22	8	2	13	39	
8	20	4	63	10	67	16	18	13	24	2	11	18	26	1	50	12	52	11	71	
6	33	9	34	5	5	18	17	8	57	12	12	10	6	17	65	13	40	4	64	7	37	0	11	
8	34	13	65	7	74	2	52	18	47	3	29	17	60	5	68	6	51	19	49	14	41	12	14	
15	44	10	17	18	8	8	71	5	28	
16	35	10	62	17	27	18	20	8	60	19	59	1	28	7	49	
8	14	1	6	14	50	13	2	2	27	15	10	9	62	3	9	0	19	16	20	10	71	6	17	
5	5	8	1	9	25	0	35	1	14	17	22	6	32	11	15	2	61	
4	74	13	8	14	49	7	9	0	60	17	47	1	38	16	43	15	52	18	69	
17	4	10	14	12	55	6	48	2	54	7	68	3	58	9	41	16	62	18	50	
13	30	1	25	4	60	6	14	12	37	0	65	14	49	2	10	10	48	5	39	
18	6	7	19	6	64	17	75	11	49	14	45	1	3	3	69	
15	18	0	28	4	11	16	35	2	29	18	6	12	15	
18	29	15	37	11	30	17	75	19	35	
3	59	12	69	5	72	10	65	18	73	7	21	
11	62	1	4	16	18	4	11	6	41	
4	12	8	48	14	69	11	5	7	26	0	66	5	7	
3	20	18	49	8	25	5	26	6	46	4	7	
8	18	3	74	6	44	11	36	2	64	7	32	17	29	14	21	9	5	
12	49	4	55	18	14	3	69	14	23	2	11	7	62	5	28	8	68	9	63	19	43	
10	36	8	49	9	20	16	3	5	66	17	10	13	19	7	30	
9	68	5	15	0	49	11	45	15	4	2	47	8	70	
15	33	6	8	5	14	11	53	10	72	13	4	2	16	3	6	1	31	19	36	
9	51	0	46	4	14	6	26	3	7	5	23	16	31	19	68	12	72	7	44	
2	52	18	49	13	53	8	39	16	23	
15	67	13	7	4	15	3	57	10	23	14	46	
14	13	7	75	5	23	15	41	8	11	17	74	0	8	
16	55	9	1	2	45	18	26	13	70	4	64	17	16	3	35	
8	45	16	49	4	19	2	61	1	16	18	41	6	17	19	73	7	52	14	3	9	14	
19	35	7	16	13	46	1	24	5	21	14	56	4	43	8	67	2	36	3	26	
19	11	11	26	9	65	17	58	15	71	13	57	4	23	1	8	7	18	
3	29	9	51	14	14	8	18	10	42	
3	1	2	74	5	47	9	33	8	21	16	3	
17	28	13	58	6	70	8	45	3	19	11	6	0	61	9	34	
16	46	8	35	18	67	4	10	9	28	12	25	11	4	10	19	3	31	1	29	5	30	17	47	
17	10	5	72	18	60	12	67	15	34	3	44	1	59	6	75	8	43	11	12	2	28	
8	54	7	18	16	73	0	13	18	14	3	19	10	55	15	24	11	47	5	5	4	69	19	74	
16	7	1	5	8	16	0	33	15	31	
18	9	10	34	14	74	15	36	12	13	

All component type numbers for each job to be processed by MFPM
1	8	0	15	3	21	7	13	
8	36	3	37	
9	20	
4	27	3	28	
9	24	0	16	
1	28	2	37	9	40	7	39	5	41	
4	8	
4	39	3	29	7	32	
9	12	4	3	8	25	7	23	
1	27	8	32	5	31	0	49	9	35	
0	10	4	15	6	8	7	2	
8	46	7	42	4	35	1	36	
4	23	1	2	6	22	2	1	3	8	
0	45	9	47	1	49	
5	5	9	4	
6	44	8	30	0	31	
3	25	4	8	2	12	
7	37	4	47	1	45	8	44	
1	8	5	5	0	19	9	21	2	9	
3	32	
1	14	3	9	0	6	6	1	
4	44	5	29	1	49	8	45	
1	7	4	4	0	6	3	13	5	20	
2	38	5	42	1	44	
4	12	
0	48	3	30	
7	12	
1	27	3	44	9	42	
3	9	0	11	8	5	4	2	
5	48	
6	8	8	21	0	10	5	22	
8	41	5	46	7	35	
4	15	
0	47	4	26	
3	6	1	4	4	5	5	24	
8	26	1	35	3	49	
9	2	7	17	8	12	2	24	4	23	
8	43	7	26	
5	12	0	11	4	8	7	10	6	14	
5	35	3	44	7	32	
4	13	5	15	6	2	
6	33	1	44	3	26	4	41	
7	20	
6	42	0	48	8	32	2	46	
8	12	
1	42	8	41	4	47	5	38	9	30	
0	23	1	24	
2	41	4	43	
4	14	5	9	2	3	8	13	7	19	
9	32	
5	20	9	5	0	2	3	25	8	8	
4	37	0	47	6	29	
5	18	3	1	
1	27	6	48	4	30	
1	11	8	14	
5	36	9	32	
9	19	8	8	2	11	
4	29	0	32	2	45	8	46	
5	8	9	21	3	7	
6	33	2	50	8	48	
4	9	7	14	5	21	3	22	
1	44	2	34	9	36	6	28	8	30	
8	7	2	1	4	14	
5	43	0	33	3	38	8	44	9	48	
5	23	6	2	
7	36	
6	17	
6	42	7	41	9	35	5	45	
3	18	6	24	
2	30	
4	3	8	21	1	15	9	6	5	5	
2	35	1	48	4	39	
2	18	6	20	
4	41	2	29	7	28	5	39	
0	19	1	4	5	5	3	22	6	10	
2	34	3	40	
4	19	3	2	
3	38	
7	14	8	24	4	9	
2	34	8	47	7	29	5	49	
2	1	8	8	1	18	9	9	
0	37	
8	2	7	14	9	21	
0	47	9	40	8	33	5	30	1	31	
9	5	
5	43	9	44	7	50	8	38	
8	16	
2	28	8	33	
5	24	8	22	7	3	
5	50	3	26	6	34	1	48	0	39	
6	10	2	22	4	7	7	11	9	3	
3	40	
2	6	7	2	9	24	6	14	1	18	
3	34	5	44	0	30	9	31	
4	19	
2	41	4	35	1	40	6	42	
4	23	1	19	5	18	
4	46	2	48	6	31	1	32	3	29	
3	6	7	25	0	17	
2	41	7	31	4	43	0	32	
4	18	8	3	3	1	
2	47	6	40	3	34	1	39	5	33	
3	17	6	6	0	24	1	1	2	21	
7	39	1	33	6	36	3	43	
6	10	1	24	5	13	7	17	8	19	
8	36	1	41	3	32	2	49	
9	2	5	16	7	11	4	25	
4	33	
7	21	9	23	2	11	
5	45	1	41	
6	14	1	6	8	25	7	8	0	23	
0	44	9	37	7	50	6	27	4	34	
1	22	3	16	8	13	
7	37	4	49	0	26	3	45	
4	13	7	5	5	8	9	18	
1	46	4	28	
1	13	9	6	
5	30	4	44	
6	3	5	7	
1	32	4	39	5	33	8	28	9	45	
2	24	4	5	
0	45	6	34	7	44	
6	12	5	13	2	8	9	22	7	21	
0	49	7	48	
1	4	4	10	
8	37	3	43	
9	15	3	2	
6	38	3	42	8	32	1	37	
0	19	
9	45	5	37	
8	2	6	14	5	15	
5	43	2	35	3	40	1	28	
1	19	9	12	5	11	4	6	2	1	
1	46	4	44	8	32	
2	3	8	2	9	12	
7	32	3	46	4	44	8	37	
3	20	8	2	6	17	9	19	
4	46	1	32	9	30	7	28	8	38	
5	16	3	5	
5	48	9	44	
5	4	
8	38	
0	19	6	14	5	8	
6	47	8	27	3	31	1	32	9	50	
0	4	6	3	8	19	1	6	3	12	
0	30	4	27	3	49	1	38	2	36	
5	10	7	17	1	14	
5	31	4	29	1	26	7	50	0	32	
5	7	7	14	
1	36	8	27	7	42	2	37	0	32	
5	7	3	5	
0	41	6	29	
3	10	1	13	
4	43	1	50	5	27	8	26	
7	7	2	6	8	12	
3	26	6	28	9	29	
2	23	7	24	0	11	9	9	
0	50	8	31	1	48	
3	5	2	9	
3	38	
1	15	7	19	0	7	5	5	6	17	
0	38	1	28	
5	11	0	20	
5	32	
9	6	7	12	8	22	4	7	
8	41	5	46	3	35	1	40	4	37	
2	18	3	22	4	24	5	11	7	2	
6	37	4	43	2	49	0	45	9	38	
6	10	2	7	4	11	
2	49	
1	24	0	7	6	3	2	16	
5	48	
4	7	1	6	
4	43	
2	12	7	15	3	10	
6	33	9	45	1	37	3	36	
1	5	0	18	4	16	
4	44	7	50	1	45	
4	5	6	12	7	3	2	4	3	24	
3	47	2	39	4	32	5	35	
1	1	5	8	3	9	
0	46	6	30	7	38	
6	12	5	1	1	22	7	4	3	24	
1	43	7	33	2	30	
8	10	0	17	9	20	
1	31	6	43	0	30	8	37	7	33	
5	16	6	25	
4	50	3	40	5	42	2	47	
9	15	
5	50	8	42	3	49	
0	2	6	15	
2	44	1	34	9	39	
2	16	
6	26	5	50	
5	2	
3	46	7	26	2	30	1	40	9	32	
2	13	5	4	
1	46	7	35	5	27	0	44	2	32	
5	15	1	9	3	6	
6	36	5	37	7	35	3	48	9	31	
4	4	1	13	0	7	6	5	7	25	
0	36	1	32	3	27	6	28	8	43	
0	13	7	21	3	6	
4	50	
3	5	9	15	
0	28	
3	7	7	19	1	24	
2	29	5	30	
1	19	2	12	3	10	9	17	6	25	
1	31	9	42	3	32	
0	20	8	9	
2	43	3	30	7	27	4	39	
0	1	9	18	1	3	
9	40	7	30	8	33	
9	17	5	12	8	25	1	8	6	2	
8	37	3	46	7	34	4	29	9	44	
1	3	
8	44	7	49	3	26	5	30	
2	8	5	16	1	5	0	3	
2	44	5	31	7	27	4	35	
0	21	1	4	3	15	7	7	8	20	
5	50	7	42	9	48	0	39	
1	19	
0	41	
4	13	2	9	
2	30	
3	17	1	10	2	12	7	22	
0	44	
5	4	2	9	6	20	9	12	
7	49	1	43	0	27	
3	15	
0	40	4	35	5	28	
5	23	
7	45	8	49	5	40	2	44	9	42	
7	3	8	11	2	8	6	14	
5	31	8	39	1	37	
0	1	5	9	4	20	
6	42	
5	2	3	14	7	5	1	24	
2	28	9	31	3	46	
8	18	
6	33	
2	15	9	10	6	3	0	12	7	4	
9	34	8	35	
6	24	8	7	
7	46	1	48	8	44	9	45	4	32	
2	21	
2	37	
8	19	5	9	2	3	6	12	
2	49	
4	13	5	21	0	6	6	14	
9	33	2	44	3	32	
9	23	5	3	7	24	3	18	4	14	
8	49	9	28	
4	7	2	2	
1	47	
4	18	7	3	
2	38	7	28	8	26	
6	8	3	6	5	11	9	16	
9	32	4	35	3	36	
4	22	7	24	1	1	8	12	6	7	
5	31	3	39	
2	22	6	21	
1	37	7	31	
8	20	7	6	9	12	4	23	
5	26	8	37	
7	25	5	20	4	24	1	6	
3	31	7	27	8	33	
5	19	4	8	
9	30	8	28	4	27	
5	11	9	3	4	15	
6	39	7	37	2	38	
1	24	9	8	0	21	4	6	7	14	
0	33	9	34	6	41	
1	13	7	20	4	21	
4	39	5	47	7	36	3	26	
2	19	3	20	6	4	4	14	
4	41	3	31	1	46	
8	2	3	10	0	16	
9	47	4	41	6	40	
4	22	6	7	3	1	9	3	
5	29	3	49	0	42	6	39	
8	22	
4	26	7	36	5	30	9	45	
7	6	1	25	3	15	4	7	
5	34	
8	16	3	6	
4	33	6	32	
8	2	4	8	2	12	
7	34	9	26	3	49	
2	20	0	17	1	22	
1	45	9	44	8	32	
0	12	6	20	
0	30	7	45	4	27	2	47	
0	1	2	6	3	25	
6	35	4	38	
6	13	1	4	
7	36	
7	6	2	5	1	17	
9	31	

Three processing times per job on each machine
The best scenario
113	251	234	
27	10	31	
447	220	327	
81	33	105	
63	47	75	
13	27	27	
233	150	392	
242	158	132	
359	444	172	
76	120	157	
456	117	80	
225	118	130	
146	41	64	
174	333	341	
50	104	35	
234	95	269	
148	370	201	
67	59	157	
201	273	135	
69	87	160	
262	91	343	
98	26	62	
374	141	179	
108	101	109	
303	356	109	
178	88	207	
102	232	245	
94	217	104	
160	94	123	
134	95	101	
297	121	250	
237	160	229	
53	95	209	
114	136	297	
176	201	58	
27	40	85	
23	56	31	
216	286	186	
22	77	89	
70	52	36	
88	61	75	
163	77	57	
19	35	31	
26	37	22	
187	229	260	
290	219	272	
32	29	60	
368	219	120	
43	13	43	
36	18	33	
135	211	111	
100	39	127	
37	78	28	
310	153	233	
39	83	73	
171	264	66	
163	74	157	
37	165	131	
129	95	73	
158	268	145	
277	119	142	
327	377	213	
235	135	82	
287	176	391	
331	110	130	
212	176	281	
55	187	46	
200	241	284	
186	125	142	
179	116	61	
198	148	187	
213	120	348	
58	290	108	
138	72	48	
103	60	60	
159	132	137	
242	196	272	
145	192	135	
39	34	60	
121	135	296	
50	97	138	
51	104	56	
110	317	159	
119	141	78	
382	359	276	
305	232	93	
51	144	64	
49	42	45	
326	140	280	
38	97	43	
96	85	122	
243	331	215	
185	234	199	
366	354	489	
24	100	109	
292	303	160	
216	337	336	
300	502	266	
258	168	253	
19	19	54	
378	153	270	
90	67	151	
26	63	30	
65	98	91	
320	311	303	
94	153	137	
193	172	126	
430	339	145	
50	41	17	
128	182	249	
129	380	194	
231	272	262	
336	332	407	
188	336	298	
272	233	292	
17	36	77	
29	24	34	
109	98	318	
126	197	112	
55	44	138	
78	132	47	
160	140	242	
55	69	107	
148	103	150	
35	30	42	
38	75	73	
118	181	270	
53	29	67	
23	23	29	
35	49	76	
390	157	161	
45	36	26	
257	217	307	
132	219	283	
166	145	96	
30	54	16	
38	49	25	
258	118	66	
287	126	372	
133	225	415	
271	261	217	
215	255	204	
421	204	159	
145	317	128	
442	176	103	
77	98	134	
49	158	54	
194	109	46	
201	115	157	
94	105	88	
Most likely scenario
201	308	451	
54	18	59	
448	364	371	
87	58	106	
116	82	148	
16	36	33	
382	170	425	
327	303	147	
426	462	198	
129	153	171	
516	156	146	
291	153	156	
154	62	97	
221	479	600	
97	107	47	
325	140	383	
167	578	227	
126	75	209	
391	364	203	
75	88	161	
363	181	381	
121	49	65	
424	246	325	
139	143	118	
416	520	206	
185	121	239	
139	315	267	
157	255	135	
204	140	127	
152	125	182	
355	158	471	
350	226	348	
81	133	245	
189	262	566	
178	215	62	
31	47	99	
39	80	39	
325	527	234	
39	109	115	
79	87	50	
106	98	125	
227	94	71	
23	55	43	
51	38	38	
374	377	319	
367	321	305	
44	32	77	
420	262	154	
60	25	56	
47	32	61	
176	254	146	
153	76	222	
65	112	35	
385	159	239	
65	154	144	
203	306	85	
243	108	181	
71	166	181	
155	150	76	
188	311	197	
364	203	235	
375	434	310	
249	242	152	
386	280	429	
403	123	189	
285	344	439	
75	239	71	
259	314	339	
203	237	173	
199	144	116	
202	196	215	
406	122	352	
116	308	137	
144	77	58	
165	107	101	
250	218	161	
294	351	293	
174	227	268	
40	39	93	
124	142	321	
51	173	186	
63	106	85	
160	460	278	
128	160	93	
499	424	506	
410	423	131	
92	154	76	
98	55	61	
368	255	339	
76	103	63	
154	141	179	
447	435	369	
257	278	239	
402	373	504	
47	136	121	
436	304	206	
423	350	338	
527	547	456	
275	251	312	
21	26	57	
431	297	487	
175	97	186	
41	64	39	
93	105	112	
420	431	520	
101	161	211	
210	218	231	
610	431	150	
51	58	27	
187	293	250	
217	468	288	
444	531	352	
417	387	575	
196	431	319	
332	458	494	
28	67	90	
54	30	36	
205	181	327	
132	223	164	
72	70	180	
107	147	58	
164	266	346	
85	125	126	
249	181	172	
53	55	54	
49	93	99	
196	190	280	
64	39	75	
45	46	53	
45	97	83	
477	239	258	
59	37	29	
295	266	537	
193	438	479	
206	171	187	
54	55	20	
47	56	44	
305	139	113	
454	158	438	
159	376	473	
372	480	376	
293	309	379	
504	241	273	
237	348	131	
456	303	201	
140	158	139	
91	161	96	
224	149	57	
319	171	169	
117	130	102	
The worst scenario
291	414	658	
77	26	64	
508	383	440	
96	85	152	
137	95	216	
24	46	44	
406	184	480	
463	407	152	
631	670	250	
193	169	175	
617	186	201	
314	217	187	
179	68	139	
304	487	772	
101	152	56	
379	184	556	
198	860	282	
177	94	268	
457	428	221	
106	101	205	
522	195	406	
124	61	80	
578	252	460	
179	173	165	
462	525	249	
253	162	337	
190	354	357	
198	353	166	
245	197	166	
180	173	267	
362	220	555	
449	303	466	
110	156	266	
261	363	764	
243	251	93	
44	56	132	
40	110	57	
410	655	253	
41	160	168	
102	92	62	
126	134	176	
329	138	92	
28	79	47	
71	50	55	
534	452	323	
505	400	319	
59	36	84	
576	286	230	
75	34	62	
48	45	74	
242	262	156	
191	98	251	
80	160	37	
394	213	293	
74	211	213	
227	339	103	
347	145	257	
102	167	250	
216	218	78	
267	361	223	
473	283	266	
498	461	358	
277	285	184	
527	364	578	
584	131	197	
403	421	633	
94	271	87	
381	316	399	
228	315	240	
276	155	135	
221	248	239	
500	164	425	
156	338	179	
156	96	77	
185	135	120	
359	226	225	
390	394	349	
195	324	372	
44	52	104	
184	154	385	
56	243	237	
81	131	98	
176	535	365	
134	180	130	
543	492	744	
528	530	150	
119	206	99	
137	56	66	
457	333	456	
101	125	77	
195	179	245	
669	444	494	
270	406	281	
434	464	584	
65	202	131	
611	311	276	
559	364	479	
587	602	493	
356	285	354	
29	32	58	
434	325	594	
184	123	231	
58	73	58	
121	108	148	
517	486	579	
132	209	257	
290	240	256	
798	557	177	
59	86	40	
277	319	265	
299	601	306	
497	634	489	
547	419	787	
237	527	417	
378	563	667	
35	76	127	
77	37	43	
288	218	465	
167	272	191	
95	72	259	
126	153	76	
183	353	403	
87	141	159	
351	227	229	
67	73	63	
52	131	126	
204	211	336	
92	53	91	
53	61	68	
56	105	103	
607	354	351	
76	40	38	
302	344	661	
195	528	645	
254	243	270	
60	66	26	
62	76	61	
403	205	141	
490	199	546	
195	414	562	
408	692	379	
350	334	476	
641	291	365	
284	430	188	
684	360	291	
151	222	160	
108	223	126	
263	211	77	
361	175	205	
138	141	150	
