Factories	7	Jobs	150	Machines	2

Total number of component types per job processed by HSPM
10	8	9	11	11	11	5	6	10	5	6	12	10	9	12	10	12	9	12	6	12	6	7	5	9	8	5	9	5	10	10	5	6	10	8	11	5	8	5	9	5	5	7	6	6	5	5	11	10	8	7	8	7	5	9	12	7	8	12	10	12	6	5	8	8	6	10	9	12	11	10	6	7	7	5	8	9	10	12	10	9	12	10	12	12	7	11	10	7	8	11	7	7	7	11	12	6	12	7	6	9	5	12	7	8	6	8	11	5	8	10	5	9	5	12	11	11	11	5	8	10	7	12	8	5	11	10	9	9	11	8	9	11	5	9	10	7	8	9	5	9	6	6	6	9	12	5	12	12	9	

Total number of component types per job processed by MFPM
1	5	3	3	5	1	5	2	4	5	3	5	1	2	2	3	3	2	4	5	1	1	3	5	3	5	3	4	3	5	5	4	1	4	4	3	3	2	1	2	4	3	3	1	1	1	1	4	4	1	5	5	3	2	3	5	3	4	4	2	2	5	4	3	3	1	1	5	4	5	3	3	2	4	3	2	5	2	2	5	4	2	2	2	5	4	5	2	1	5	4	2	2	5	4	5	1	1	4	4	2	1	4	4	5	4	4	4	4	4	1	3	2	5	1	5	3	5	1	1	5	3	1	5	4	5	1	4	5	5	1	4	4	1	5	2	3	3	4	2	3	5	3	3	2	1	4	3	1	3	

All component type numbers for each job to be processed by HSPM
2	30	18	42	12	16	9	71	7	34	5	29	11	51	14	72	16	41	10	75	
6	64	5	37	4	60	17	56	3	65	14	21	18	53	9	40	
1	19	18	7	3	37	10	21	14	30	9	40	11	67	2	46	6	4	
18	39	10	23	15	75	1	45	8	41	3	54	17	18	16	34	2	53	6	14	5	44	
2	58	9	25	14	17	10	35	1	50	5	18	7	54	16	46	18	51	12	60	17	53	
12	73	11	31	15	22	17	17	19	74	10	6	13	44	6	5	9	56	16	47	1	15	
1	2	12	74	7	68	3	24	5	70	
19	70	2	13	3	49	1	1	11	22	9	64	
18	17	16	6	0	2	9	48	1	64	15	25	13	24	19	22	12	67	6	39	
19	63	8	39	11	69	16	20	18	62	
18	5	14	43	17	3	12	26	6	56	1	22	
17	18	9	42	18	30	8	51	4	72	2	36	16	40	1	43	19	65	7	66	6	32	11	8	
17	17	8	57	3	43	2	72	9	45	19	20	4	12	0	23	11	5	13	13	
14	60	3	9	6	4	12	26	15	33	11	69	10	34	18	32	2	16	
1	67	18	63	10	39	14	9	19	19	12	52	3	27	4	13	7	72	15	73	5	44	2	65	
15	19	13	70	14	14	5	12	6	4	18	46	4	49	19	67	1	5	8	15	
16	44	19	42	0	10	15	34	18	4	13	73	2	9	11	43	12	58	7	11	3	23	10	31	
15	30	6	6	1	38	5	53	11	29	7	35	16	64	0	59	17	58	
8	69	15	75	14	12	12	15	1	72	10	57	4	37	5	39	16	36	19	32	7	43	11	58	
12	51	7	7	5	10	14	61	18	70	10	72	
15	43	13	8	5	68	11	19	6	14	12	61	17	62	8	10	18	41	4	56	19	29	16	36	
7	63	5	20	19	57	3	5	18	10	17	7	
8	28	13	5	5	70	7	7	16	65	19	61	17	2	
15	47	13	36	9	6	3	4	8	43	
4	32	14	19	13	69	6	61	12	26	3	71	10	18	1	63	15	16	
6	59	14	53	9	34	11	68	13	25	17	19	16	23	2	29	
12	18	19	39	14	68	2	56	4	66	
3	37	7	56	19	35	0	42	5	64	17	66	16	65	12	68	9	21	
0	56	18	2	7	37	6	3	16	50	
19	17	15	55	5	23	13	63	11	26	6	29	3	27	1	50	14	11	10	57	
5	11	8	6	15	46	3	60	1	42	9	52	4	62	13	10	16	25	18	58	
18	66	10	13	7	40	0	68	8	53	
13	43	0	19	2	30	8	6	5	18	10	32	
8	62	15	14	4	8	12	18	6	47	16	72	2	46	5	66	11	67	14	55	
6	50	5	39	17	61	18	4	1	27	14	53	7	18	11	19	
3	9	16	73	18	14	9	5	10	57	4	39	1	74	17	3	6	6	7	45	12	37	
12	32	3	28	7	66	1	46	9	22	
14	56	19	20	15	14	0	64	13	41	6	27	10	52	1	45	
14	41	5	67	1	69	2	42	16	43	
11	62	16	13	14	34	13	1	12	19	7	35	4	12	10	28	1	69	
10	47	1	74	11	72	15	26	0	70	
3	68	8	51	5	44	10	14	0	15	
6	13	7	50	13	56	8	28	16	1	19	16	12	36	
13	15	9	32	12	62	15	28	2	68	16	55	
18	4	17	7	14	38	15	65	7	37	6	67	
6	57	17	31	19	7	5	22	10	10	
13	24	8	22	5	32	16	46	10	23	
5	31	16	4	6	34	7	39	17	58	0	69	10	51	4	27	19	25	11	12	13	16	
16	4	2	28	14	63	11	2	12	62	6	24	4	43	17	31	7	49	10	68	
11	68	19	47	2	40	8	54	1	10	18	17	9	20	13	31	
10	28	2	35	15	30	19	7	4	70	6	16	3	34	
7	24	4	14	16	9	18	3	13	45	15	32	8	42	11	58	
4	66	19	17	7	72	12	22	11	64	16	55	3	43	
7	11	10	64	3	28	9	69	0	34	
12	19	3	18	2	51	8	74	10	17	9	53	11	44	4	64	5	49	
5	65	17	52	7	26	15	30	0	1	14	45	13	67	9	40	1	75	2	46	11	66	8	15	
5	27	0	29	2	22	9	15	11	19	12	37	4	5	
18	44	16	27	15	42	6	59	12	25	0	35	9	46	1	19	
18	74	3	62	16	73	5	22	0	18	11	69	14	68	7	71	13	50	4	41	19	42	6	14	
15	37	18	30	10	53	19	3	6	45	2	55	11	63	16	40	7	11	9	14	
6	12	16	65	11	21	4	10	1	2	14	48	5	37	18	22	19	60	3	41	2	16	12	25	
14	54	8	63	17	65	1	17	9	4	4	42	
18	21	5	57	11	24	13	75	9	49	
9	53	14	57	13	19	7	63	12	2	0	22	18	44	11	42	
15	13	4	10	9	24	3	30	16	35	17	22	6	36	13	45	
0	56	13	39	12	38	19	42	16	51	7	21	
11	20	12	62	6	32	10	29	7	64	1	33	5	3	3	56	13	73	16	44	
8	23	1	7	17	15	18	59	19	8	15	2	11	75	14	9	2	65	
8	73	1	29	3	69	6	47	13	28	16	34	15	4	0	25	5	63	9	43	7	39	18	13	
18	27	9	63	6	66	1	26	10	75	19	5	15	19	11	3	2	49	16	53	17	22	
19	73	0	27	18	59	7	30	1	72	4	7	6	41	8	25	13	38	5	36	
18	61	13	38	19	66	12	68	8	42	0	43	
11	67	6	62	5	33	2	17	8	64	13	61	19	71	
4	43	19	29	10	70	5	36	17	46	18	15	0	28	
14	9	9	69	10	2	15	20	2	75	
5	32	8	16	17	65	11	37	12	42	16	11	7	19	1	66	
0	15	3	6	17	21	15	56	19	22	14	5	9	50	16	29	13	20	
1	6	5	37	11	31	12	26	9	5	14	19	6	10	4	66	18	34	7	44	
1	35	17	20	14	31	15	11	4	71	18	46	8	39	10	56	19	53	0	1	3	65	12	68	
19	66	4	39	7	42	13	47	16	67	2	24	9	15	15	65	3	75	17	43	
3	15	16	49	14	13	18	10	5	44	19	45	9	41	11	48	17	31	
15	11	2	4	3	54	17	36	12	73	19	68	13	22	8	59	1	44	14	66	9	63	5	32	
12	58	4	57	8	66	16	71	10	37	17	22	19	67	14	12	13	69	18	75	
19	74	6	35	12	20	16	36	18	40	15	70	7	1	8	24	4	58	1	62	17	10	3	5	
17	42	2	6	0	49	8	44	5	55	11	37	7	12	12	71	10	41	15	38	3	63	16	28	
19	47	16	28	5	34	11	56	8	58	12	68	6	33	
17	4	0	74	18	54	15	58	9	50	5	19	7	20	13	64	14	53	19	2	2	43	
12	24	3	41	7	68	9	45	17	1	10	50	4	2	0	75	5	29	8	16	
11	15	16	16	0	17	1	63	12	52	15	71	9	11	
6	11	18	25	14	64	11	42	9	47	16	46	1	17	0	1	
0	49	9	19	8	16	12	34	14	25	7	15	18	17	2	26	3	2	16	52	10	14	
11	21	8	32	15	23	2	55	0	50	17	27	13	5	
10	51	11	73	4	3	5	42	14	12	16	28	8	48	
1	32	3	17	8	39	13	42	0	20	19	4	12	60	
2	62	0	34	11	16	12	49	8	36	7	37	4	1	17	12	18	73	16	33	1	10	
18	42	16	65	3	64	10	69	14	19	15	67	5	46	19	23	9	27	1	4	6	53	13	57	
13	46	6	10	15	60	11	37	1	41	9	65	
4	37	11	43	15	63	18	70	6	56	17	22	7	57	3	44	16	25	12	41	5	26	2	55	
11	35	18	69	8	75	7	27	16	49	1	12	9	46	
7	31	6	19	12	52	18	54	1	38	4	44	
16	15	9	69	18	8	2	56	11	75	6	36	1	49	0	58	5	13	
15	10	2	59	13	62	12	49	0	46	
6	70	9	32	18	7	2	16	16	8	1	60	13	54	8	29	7	4	11	15	4	58	5	55	
2	2	17	27	19	54	0	75	13	43	15	58	9	3	
10	32	9	15	15	6	2	53	1	9	6	43	11	8	13	68	
3	4	7	54	10	28	8	58	9	37	11	53	
18	70	11	5	15	61	8	11	13	29	2	20	10	59	0	74	
1	75	16	9	15	45	19	44	0	31	17	15	13	74	12	5	5	32	10	25	4	7	
3	7	1	34	6	39	9	58	5	12	
12	34	4	32	13	46	1	14	18	40	3	59	6	39	11	10	
18	56	8	5	10	31	17	7	4	44	1	59	11	51	19	48	7	53	14	42	
19	3	6	14	3	16	18	58	15	62	
8	2	12	46	11	61	17	73	10	18	2	67	1	3	19	11	6	36	
13	20	6	58	0	49	14	33	8	15	
12	24	19	50	2	8	1	40	14	36	11	39	5	1	6	27	3	32	8	44	17	69	7	74	
0	28	2	26	6	32	19	63	8	8	14	45	13	15	10	40	18	14	15	46	17	53	
11	16	19	11	17	61	5	50	7	48	8	60	9	41	14	24	15	43	10	64	16	14	
5	5	4	22	7	49	13	53	6	34	12	75	0	74	11	20	17	56	10	32	14	33	
19	43	13	56	14	55	0	46	8	28	
9	8	14	34	10	39	0	50	11	73	2	14	18	20	6	21	
3	6	9	51	12	40	5	48	14	74	16	34	15	28	7	73	11	52	4	8	
10	73	0	7	13	63	6	56	8	31	14	57	1	65	
18	7	3	72	5	63	8	19	17	70	2	15	0	18	6	26	14	67	1	22	19	36	7	21	
11	25	13	35	18	44	2	29	15	52	10	65	19	64	3	48	
2	9	15	48	0	14	16	7	4	29	
8	48	12	23	18	72	10	5	7	53	13	54	9	30	3	27	6	49	16	8	19	43	
19	6	14	52	16	22	5	69	13	34	2	25	7	23	0	19	12	47	3	7	
8	27	16	10	0	50	17	26	18	39	10	15	14	12	7	70	19	40	
8	37	2	65	10	51	0	45	9	34	17	39	7	69	11	62	6	26	
1	51	14	52	7	58	15	29	6	8	16	73	8	21	9	10	5	67	2	54	0	57	
11	57	16	6	3	4	9	49	17	8	6	30	15	54	18	55	
18	48	7	34	10	36	13	18	4	3	15	59	6	53	3	73	14	39	
6	7	12	67	15	65	13	23	1	38	0	33	19	43	5	47	3	13	8	8	16	9	
0	31	4	15	15	29	5	43	6	36	
8	2	5	18	17	74	16	70	10	5	15	59	11	19	4	45	2	20	
2	23	14	44	6	12	15	61	9	11	3	71	11	7	18	22	19	27	17	28	
16	14	13	43	4	36	17	40	19	12	7	56	5	34	
4	17	17	21	3	31	18	41	2	3	0	49	14	15	10	11	
4	10	2	40	16	24	12	7	6	51	11	55	7	74	13	52	8	15	
18	45	0	69	10	55	16	28	19	19	
7	9	2	45	4	28	17	66	5	70	1	5	9	22	14	33	15	19	
0	14	10	13	2	55	12	29	17	74	4	51	
1	42	11	41	16	73	2	43	10	20	8	38	
16	7	13	59	11	14	7	28	9	9	8	44	
6	24	10	67	8	15	4	63	11	68	1	73	5	55	14	64	7	71	
3	64	1	58	7	75	16	6	5	38	14	19	6	57	12	35	15	68	9	30	0	67	13	41	
4	28	3	33	15	74	6	53	2	55	
3	34	13	33	2	45	7	14	15	65	5	46	0	23	19	59	9	68	8	57	16	4	12	22	
17	59	11	47	10	72	7	35	4	55	8	51	5	3	16	15	6	43	14	68	13	8	15	49	
7	51	14	19	19	45	8	65	0	46	17	49	18	8	9	58	6	32	

All component type numbers for each job to be processed by MFPM
5	14	
0	12	4	20	8	14	2	8	7	16	
4	23	9	10	1	15	
1	24	6	19	3	17	
1	17	2	14	7	21	9	18	4	8	
7	23	
8	6	2	17	9	11	0	25	7	1	
7	18	4	3	
3	12	0	20	7	8	1	18	
9	2	6	8	8	24	1	19	5	9	
2	10	9	24	7	23	
9	11	0	10	8	17	1	7	7	6	
3	5	
1	17	4	6	
5	13	6	14	
1	12	2	24	5	18	
7	25	1	13	2	14	
1	7	7	13	
1	24	4	20	5	25	7	22	
0	21	8	10	5	6	2	13	4	23	
1	20	
1	4	
6	20	3	23	7	13	
6	11	5	14	3	16	9	1	0	5	
8	21	6	8	1	5	
8	2	1	21	7	8	2	14	9	7	
3	12	5	24	8	9	
6	17	5	7	2	16	4	11	
6	15	4	21	7	6	
0	4	8	8	7	24	5	10	6	14	
4	8	1	6	5	11	3	7	8	22	
1	17	9	11	0	7	4	13	
9	10	
9	9	4	12	3	5	8	8	
3	2	1	4	7	25	4	8	
3	16	6	9	0	17	
4	18	6	6	1	14	
5	16	9	13	
2	7	
2	18	3	21	
8	25	0	22	3	17	1	1	
0	3	4	16	8	14	
3	10	6	11	7	17	
1	7	
9	16	
3	2	
6	18	
5	12	8	5	0	16	9	8	
9	8	8	24	7	2	5	11	
6	11	
2	16	6	10	0	15	8	2	1	20	
2	7	3	9	4	16	9	24	8	14	
7	18	6	7	5	6	
2	8	7	25	
2	9	9	3	1	13	
4	19	9	9	6	12	7	6	2	8	
5	2	9	1	3	3	
7	7	5	1	2	9	0	3	
7	18	6	20	2	6	0	8	
4	4	6	17	
4	23	9	14	
5	7	2	17	4	4	3	10	7	23	
2	14	8	15	6	20	0	3	
9	7	1	2	2	11	
9	21	8	10	7	4	
4	22	
7	21	
2	25	6	6	5	20	8	15	9	13	
9	22	4	2	5	14	3	10	
0	20	7	22	8	10	6	12	5	8	
5	13	4	15	6	14	
8	13	1	12	4	14	
8	8	3	18	
1	11	0	24	7	18	6	10	
8	4	3	9	0	6	
0	22	3	5	
9	16	8	13	0	22	3	15	2	21	
5	9	3	6	
7	10	1	4	
3	20	2	23	9	9	0	7	4	6	
1	8	7	21	9	5	4	14	
1	6	2	20	
8	10	9	17	
1	14	3	25	
5	3	3	15	9	10	1	9	6	24	
7	23	2	24	0	2	9	19	
5	4	7	23	9	11	1	15	6	20	
7	24	8	17	
2	7	
3	9	1	3	4	17	5	23	9	18	
4	11	2	14	8	6	6	18	
6	15	9	25	
0	24	5	8	
4	9	6	19	3	8	1	20	9	6	
5	2	9	25	2	20	1	12	
8	16	1	14	5	11	3	12	4	23	
8	22	
3	6	
7	10	9	9	2	6	8	21	
9	13	3	3	1	11	0	19	
9	9	2	15	
2	5	
4	1	8	21	2	9	1	13	
0	24	6	21	5	16	3	6	
6	2	4	18	3	9	5	23	9	25	
7	11	1	21	5	22	8	4	
8	12	2	8	1	2	9	20	
3	1	1	15	8	24	9	18	
7	13	8	7	1	4	5	16	
7	9	0	12	4	10	6	7	
3	16	
8	22	1	12	3	3	
0	10	4	20	
6	11	4	5	0	17	9	21	5	4	
7	12	
0	13	5	21	3	16	1	4	9	12	
4	5	7	23	3	10	
9	1	0	15	4	12	3	2	5	4	
2	12	
8	5	
1	17	4	2	0	15	7	16	6	23	
5	25	2	24	0	18	
9	3	
5	13	4	23	3	1	1	15	7	9	
0	10	2	13	4	8	3	24	
4	2	7	3	3	15	6	20	8	14	
8	2	
2	6	6	22	4	2	3	11	
0	21	9	7	7	8	1	11	5	17	
9	20	5	17	4	4	0	2	3	11	
7	5	
5	5	0	1	6	22	2	18	
7	15	9	11	5	23	6	6	
7	8	
7	10	8	20	2	8	4	13	9	9	
4	21	9	2	
6	21	7	11	8	22	
3	20	0	15	8	24	
8	2	4	14	9	15	3	1	
8	3	4	5	
2	16	3	20	0	15	
3	2	4	10	1	12	6	6	7	21	
5	15	4	13	6	7	
5	16	8	1	3	3	
6	9	1	16	
9	22	
5	25	8	9	1	4	2	14	
5	17	7	14	6	12	
8	16	
4	24	1	18	8	12	

Three processing times per job on each machine
The best scenario
40	98	
52	77	
131	114	
69	70	
70	125	
140	60	
115	156	
29	30	
343	261	
316	148	
106	128	
56	60	
265	278	
222	116	
215	153	
120	143	
144	155	
126	214	
64	45	
167	108	
161	229	
190	195	
174	88	
139	196	
74	74	
159	143	
77	230	
57	40	
58	34	
84	191	
134	470	
78	38	
85	128	
77	204	
56	39	
64	99	
173	373	
95	148	
122	293	
137	40	
150	217	
41	47	
550	156	
204	215	
203	407	
268	388	
28	47	
85	395	
516	476	
35	78	
229	531	
231	294	
261	250	
155	226	
177	168	
88	84	
83	44	
171	237	
396	275	
71	197	
111	109	
385	425	
187	297	
214	390	
257	279	
211	198	
250	160	
257	223	
53	30	
231	133	
81	26	
330	133	
104	238	
38	43	
136	141	
135	117	
76	127	
117	226	
162	218	
187	214	
130	146	
114	180	
242	370	
146	115	
88	211	
294	105	
292	87	
124	414	
165	184	
102	104	
137	308	
20	22	
31	121	
418	108	
197	244	
86	44	
150	300	
195	50	
154	83	
54	30	
180	237	
114	116	
421	279	
422	169	
94	128	
255	313	
45	41	
213	224	
70	43	
177	47	
139	135	
91	120	
349	310	
272	168	
29	34	
56	57	
55	99	
230	71	
183	118	
502	180	
125	132	
282	51	
171	124	
99	98	
252	368	
395	100	
108	22	
273	229	
41	80	
20	39	
194	231	
58	48	
163	209	
20	27	
85	56	
278	396	
125	65	
248	164	
382	313	
100	149	
65	45	
66	112	
232	343	
103	57	
228	45	
256	273	
170	143	
95	262	
92	106	
180	227	
Most likely scenario
80	146	
86	82	
141	155	
94	132	
81	131	
176	66	
224	260	
44	40	
363	285	
500	191	
140	135	
91	80	
455	444	
315	198	
291	270	
180	162	
210	157	
156	325	
67	80	
193	133	
254	278	
278	222	
184	149	
257	214	
111	123	
176	223	
143	336	
87	71	
72	49	
163	295	
195	536	
120	73	
145	160	
98	221	
98	52	
84	169	
207	448	
104	179	
170	348	
138	52	
226	242	
68	78	
601	245	
286	301	
273	574	
493	489	
38	83	
167	486	
527	522	
53	107	
321	573	
299	373	
365	391	
178	289	
280	172	
115	94	
115	80	
235	343	
523	296	
101	277	
116	135	
431	433	
361	299	
400	489	
288	384	
297	289	
264	244	
391	391	
96	53	
282	252	
107	46	
538	176	
109	255	
52	58	
241	213	
185	206	
143	138	
208	232	
185	222	
330	231	
234	169	
134	279	
380	588	
224	188	
150	375	
356	151	
414	159	
163	511	
187	189	
153	111	
173	508	
30	28	
60	191	
434	208	
215	347	
89	70	
156	340	
198	87	
218	100	
62	39	
323	450	
177	134	
492	295	
452	226	
139	134	
358	452	
76	75	
258	332	
88	85	
194	85	
152	233	
170	131	
394	338	
297	306	
40	65	
70	81	
82	191	
307	88	
211	197	
522	197	
130	255	
309	99	
254	131	
126	150	
325	477	
553	176	
140	39	
349	285	
63	98	
35	43	
377	294	
112	78	
226	223	
23	28	
92	67	
345	444	
138	129	
255	274	
393	393	
183	161	
96	54	
125	199	
389	376	
161	98	
249	80	
272	413	
291	218	
161	296	
109	107	
272	452	
The worst scenario
117	205	
92	96	
171	219	
107	189	
121	170	
195	72	
232	362	
64	50	
535	362	
537	228	
151	164	
105	98	
498	626	
348	256	
356	276	
211	225	
282	234	
175	444	
93	91	
194	197	
361	367	
397	280	
233	181	
340	272	
121	164	
206	272	
185	370	
108	87	
80	60	
206	330	
200	577	
180	87	
159	197	
120	280	
109	78	
107	179	
234	652	
111	262	
181	368	
204	64	
338	263	
69	81	
781	273	
372	368	
390	705	
587	553	
57	99	
213	696	
700	749	
74	114	
449	704	
325	501	
452	514	
195	419	
286	203	
134	110	
166	100	
328	377	
685	311	
129	316	
171	140	
455	466	
454	314	
506	665	
405	451	
341	433	
366	362	
487	500	
126	64	
359	284	
158	66	
572	251	
159	265	
62	86	
351	238	
203	275	
213	149	
284	288	
215	313	
463	322	
237	225	
175	341	
521	819	
244	242	
203	515	
401	186	
564	169	
234	752	
273	275	
193	154	
210	513	
45	34	
73	285	
490	282	
265	369	
129	73	
209	360	
226	127	
312	116	
84	41	
425	578	
230	196	
591	373	
524	302	
161	193	
444	616	
103	81	
341	341	
104	103	
267	124	
220	270	
205	178	
399	367	
414	307	
58	73	
103	109	
92	272	
360	120	
298	283	
544	244	
186	362	
405	123	
350	192	
141	159	
469	571	
672	259	
161	48	
399	313	
91	128	
43	63	
507	441	
117	79	
327	331	
29	34	
120	90	
497	532	
159	188	
357	285	
483	490	
214	191	
104	79	
129	202	
536	414	
221	130	
300	90	
363	521	
414	232	
181	332	
151	157	
275	525	
