Factories	4	Jobs	100	Machines	3

Total number of component types per job processed by HSPM
8	8	6	8	12	8	11	10	10	8	7	6	6	12	7	10	9	7	11	12	6	6	10	11	10	12	10	9	6	9	8	6	6	8	5	8	7	9	10	11	5	12	5	12	10	8	12	10	6	11	9	6	11	10	7	10	8	11	5	9	9	9	8	6	5	8	5	7	8	10	7	11	9	9	6	9	6	6	9	11	7	10	5	11	9	11	6	5	12	8	5	6	7	8	11	11	11	8	6	12	

Total number of component types per job processed by MFPM
4	2	4	1	3	2	1	5	3	5	5	5	1	5	2	2	4	4	4	4	2	2	4	5	2	3	3	2	4	2	5	4	5	5	3	3	1	4	2	2	2	2	4	4	3	2	1	4	3	4	5	4	1	1	3	5	2	1	2	5	1	3	3	1	5	2	3	3	3	4	2	1	3	4	1	2	2	4	1	3	5	1	4	1	1	5	2	3	1	4	5	4	4	1	3	4	3	2	1	4	5	5	1	5	1	4	5	3	5	4	3	2	2	5	2	1	2	3	1	4	5	2	1	2	3	4	2	5	4	3	4	1	5	1	2	3	2	1	1	2	1	4	5	5	5	3	2	2	3	4	2	4	3	2	5	3	3	5	3	4	3	2	4	5	2	2	3	3	4	4	4	2	3	3	4	4	3	2	5	2	3	5	1	4	3	3	4	2	5	1	4	1	4	4	1	1	3	1	3	3	

All component type numbers for each job to be processed by HSPM
5	67	1	10	12	66	11	6	8	16	6	58	17	49	18	28	
1	3	2	18	4	38	16	48	15	52	3	26	9	15	10	10	
19	28	16	18	11	13	0	61	9	52	15	54	
13	6	10	48	17	63	8	71	9	19	14	56	16	22	7	58	
15	74	6	4	5	25	13	55	2	57	4	68	19	28	8	40	1	52	18	72	10	5	14	20	
6	7	7	22	18	46	11	73	9	36	16	40	13	74	2	42	
15	60	11	24	17	41	16	44	2	63	1	47	12	45	5	43	14	72	7	52	18	73	
13	18	19	68	3	5	1	7	18	17	16	72	17	49	7	44	6	66	4	22	
10	59	1	25	18	21	16	19	0	1	9	53	8	15	15	39	17	6	19	54	
6	18	19	21	3	42	17	66	9	55	13	74	7	70	0	17	
13	10	9	65	14	29	11	3	17	27	1	24	15	60	
17	45	12	24	19	31	1	63	18	9	7	74	
3	50	17	15	14	6	13	17	8	57	1	66	
7	17	11	74	17	54	3	22	8	56	14	16	18	46	12	32	2	52	16	41	15	58	5	8	
18	64	14	27	1	11	17	47	0	54	19	6	15	14	
9	32	5	50	2	1	7	42	19	29	17	26	4	38	11	67	14	11	3	63	
11	17	18	39	10	66	2	68	13	23	3	2	4	15	1	72	16	33	
0	30	3	33	5	4	16	32	4	70	2	49	17	40	
2	17	10	38	18	29	5	59	16	30	11	74	0	11	15	37	7	1	3	46	17	60	
1	62	11	35	19	26	8	74	15	7	13	58	2	28	9	31	16	75	0	64	17	72	4	63	
4	11	16	72	14	29	12	5	13	56	15	65	
7	41	19	20	3	65	11	35	6	40	2	22	
16	66	17	47	5	53	12	55	4	67	13	70	9	54	14	57	7	13	19	44	
3	30	0	39	15	38	10	13	1	43	11	17	5	19	18	42	17	68	12	20	14	33	
0	12	9	56	16	13	15	21	1	37	4	71	5	22	12	7	11	62	7	48	
19	50	9	26	6	74	11	41	17	34	15	17	13	37	16	15	7	53	2	36	3	44	18	2	
13	40	9	22	5	5	2	10	8	19	0	62	16	34	14	44	11	28	12	57	
1	48	7	30	5	71	13	33	2	1	16	60	17	28	11	50	8	69	
13	29	8	14	15	31	10	38	2	22	19	18	
7	5	9	58	12	31	18	34	15	21	2	73	14	20	16	7	19	67	
4	59	15	58	1	51	9	57	7	27	3	16	17	75	11	62	
5	38	12	8	3	45	2	11	0	58	8	53	
1	37	12	31	11	60	8	38	14	2	13	1	
10	32	13	63	14	29	19	19	7	47	2	37	17	16	18	4	
3	71	4	25	6	30	8	70	12	18	
18	5	1	50	15	46	5	25	13	13	7	64	11	59	8	39	
17	60	4	33	13	8	15	71	3	25	14	58	1	22	
9	74	8	67	15	52	1	59	11	25	17	11	16	17	4	53	6	7	
1	19	2	4	16	56	0	11	12	30	8	58	19	31	13	41	3	68	11	44	
3	39	12	44	9	67	19	51	4	58	2	53	16	49	10	15	13	11	15	20	17	40	
11	1	8	44	9	36	14	24	4	67	
1	30	9	69	5	25	15	10	8	57	3	2	14	33	4	36	18	39	12	18	6	19	11	3	
8	17	0	55	1	15	3	10	17	59	
7	32	13	41	0	73	11	71	8	67	10	63	1	36	19	55	15	39	5	26	9	23	12	61	
4	25	9	4	12	40	14	58	16	9	3	49	13	36	17	46	11	71	0	11	
5	2	15	57	14	60	17	25	11	36	19	24	16	11	12	50	
2	27	10	17	16	61	6	6	12	9	9	49	4	69	5	40	3	22	15	63	0	45	19	28	
5	15	3	45	14	6	19	55	10	68	11	29	8	3	9	46	15	63	17	21	
5	21	19	27	1	64	2	48	14	56	9	61	
10	19	9	9	7	42	17	56	13	38	12	49	0	29	6	41	3	73	11	64	15	47	
10	46	16	63	19	45	18	43	9	37	6	10	13	72	12	36	7	6	
14	38	4	22	2	61	18	3	6	74	15	29	
2	25	11	20	12	8	1	58	7	45	15	21	3	36	19	32	0	14	8	72	9	62	
19	44	13	11	15	69	5	6	16	2	11	41	2	22	6	28	14	27	10	49	
19	52	16	23	6	67	4	29	3	54	15	45	14	44	
0	62	3	46	5	45	13	7	11	14	7	35	15	32	1	31	14	65	4	47	
11	28	4	33	0	68	3	13	14	39	7	25	9	29	10	47	
7	53	14	58	19	67	11	68	8	64	6	47	1	52	15	54	12	51	0	27	9	44	
1	20	8	67	0	5	15	32	3	25	
9	73	6	2	3	14	1	44	19	33	7	22	13	68	0	19	15	39	
9	34	16	32	7	23	6	74	14	66	10	24	4	49	8	71	3	11	
3	55	1	21	9	61	12	18	19	48	6	6	16	71	7	53	14	75	
15	2	13	32	5	10	6	42	14	49	0	50	10	62	3	21	
17	59	8	30	7	33	5	8	0	35	6	47	
10	66	11	34	5	6	16	35	4	42	
18	42	5	58	13	69	8	8	1	41	3	10	2	68	14	71	
11	14	14	45	17	46	4	74	5	9	
8	51	14	27	16	31	6	67	2	35	1	29	0	4	
12	54	18	59	13	13	7	55	3	58	19	43	1	57	2	50	
17	38	11	34	15	12	16	1	18	17	6	37	7	75	3	4	10	13	4	55	
19	2	1	39	9	43	12	62	2	35	0	1	14	70	
13	24	0	11	5	35	10	8	4	74	16	33	7	20	18	75	17	34	3	3	12	46	
1	60	10	2	14	5	15	63	17	66	9	36	0	44	3	53	2	15	
15	7	6	3	1	62	8	22	0	27	19	70	4	64	14	8	17	1	
1	48	9	18	14	63	18	66	8	29	2	11	
16	52	5	44	15	21	14	60	11	68	7	59	19	48	8	75	9	3	
0	71	19	2	18	57	3	27	5	50	9	64	
1	35	3	22	17	50	6	43	10	26	2	33	
10	25	0	21	12	61	6	51	1	4	5	67	14	35	13	44	16	22	
2	14	17	8	15	68	13	9	1	56	6	47	19	11	8	59	4	13	9	48	7	58	
16	29	4	16	10	71	15	69	8	4	2	23	1	14	
3	15	6	52	11	75	0	33	9	47	7	19	14	71	4	11	12	44	18	43	
15	57	3	15	6	7	9	37	12	22	
17	13	0	43	11	17	4	32	14	18	2	8	1	28	19	31	12	63	16	1	13	34	
10	40	16	34	2	47	5	37	12	54	11	63	0	7	15	22	1	50	
7	24	16	30	13	16	6	4	2	39	9	20	12	35	5	22	11	14	4	29	3	33	
0	2	14	60	5	26	10	37	15	34	4	27	
3	37	6	31	9	18	4	66	2	72	
6	42	8	21	2	43	7	30	0	37	15	11	19	68	16	18	18	10	14	33	5	66	13	35	
17	52	9	4	13	66	10	54	19	1	6	40	4	48	3	34	
19	18	3	64	12	19	15	60	4	7	
2	15	13	10	18	18	3	16	1	67	11	42	
19	53	11	74	17	23	14	31	12	38	6	45	13	5	
4	31	6	67	1	53	0	2	10	17	12	64	18	47	13	40	
9	7	2	20	13	62	4	23	12	65	10	72	15	31	3	13	8	24	14	12	11	69	
15	25	9	28	14	53	13	62	5	58	6	42	2	15	11	48	7	57	16	59	4	54	
18	33	12	59	3	54	0	72	15	65	13	55	2	63	10	15	6	1	11	75	17	50	
14	33	3	26	10	6	7	51	16	7	18	65	13	67	17	72	
15	38	12	63	2	4	11	16	19	58	0	23	
6	15	13	14	10	71	2	69	3	41	19	59	8	17	7	61	0	63	4	30	9	20	1	11	

All component type numbers for each job to be processed by MFPM
3	11	4	16	5	15	1	22	
0	27	4	28	
0	25	5	16	6	4	9	6	
3	43	
2	10	3	6	4	23	
5	39	1	40	
9	10	
6	33	2	28	5	35	7	46	3	37	
5	6	8	17	3	4	
4	27	2	50	1	35	6	31	9	46	
4	11	8	19	2	20	6	15	0	4	
7	30	1	47	2	44	5	35	0	40	
7	20	
2	26	1	45	6	34	5	43	0	39	
0	10	1	3	
0	47	4	35	
7	20	5	8	8	5	9	16	
3	29	1	34	2	38	4	49	
4	21	0	15	3	2	6	17	
4	31	2	48	6	37	9	44	
5	7	4	14	
3	46	0	29	
3	11	2	21	5	25	0	15	
9	50	3	35	0	31	2	36	6	39	
3	15	7	9	
6	26	4	47	7	27	
8	14	5	23	3	18	
4	50	2	42	
3	14	0	16	1	22	4	12	
1	36	7	29	
0	22	3	2	7	16	9	18	1	13	
8	26	6	39	4	49	3	37	
9	4	4	5	0	15	1	11	7	12	
3	27	2	31	7	26	8	30	6	45	
2	5	5	4	6	7	
0	48	8	36	7	41	
4	10	
6	42	9	34	4	28	3	39	
3	13	1	24	
8	32	1	43	
8	7	0	14	
6	43	8	44	
8	14	2	22	0	10	7	24	
3	40	6	47	4	38	2	27	
8	25	3	18	5	4	
3	44	2	36	
8	13	
9	30	2	34	1	46	7	33	
2	18	5	21	1	22	
3	50	5	29	0	48	2	34	
0	19	2	12	9	18	8	13	1	24	
2	32	5	40	8	28	0	50	
9	9	
0	33	
6	14	0	25	2	5	
9	49	7	40	6	46	2	43	3	36	
4	2	2	8	
2	35	
7	11	4	4	
6	31	2	30	8	43	5	39	4	40	
0	4	
0	32	1	39	2	26	
5	2	3	1	4	20	
4	48	
0	18	1	25	6	19	5	6	9	5	
4	41	9	26	
7	20	4	23	2	7	
5	29	3	44	1	36	
8	4	2	1	9	9	
3	48	8	37	4	29	9	47	
0	15	1	23	
2	44	
7	8	6	14	8	4	
6	27	3	48	2	31	1	47	
3	17	
1	47	4	28	
0	9	8	5	
5	34	8	28	4	48	6	44	
2	19	
0	36	3	43	7	32	
2	15	9	10	0	19	8	1	5	3	
6	36	
8	6	9	20	2	7	7	2	
8	50	
1	16	
7	35	5	38	3	42	9	27	1	28	
5	19	1	5	
3	28	4	29	7	27	
2	23	
3	33	9	35	0	37	6	50	
3	22	8	16	1	24	5	8	6	25	
4	42	6	47	7	27	5	48	
7	14	3	10	6	17	1	6	
3	38	
0	15	2	4	4	16	
4	35	5	30	1	46	6	45	
1	1	9	24	3	17	
7	28	4	50	
5	3	
7	33	4	41	5	44	8	39	
3	25	1	16	0	20	4	5	7	18	
4	33	8	38	6	27	3	41	0	32	
6	10	
1	44	6	37	7	32	3	35	2	36	
0	10	
9	46	7	31	2	44	1	27	
9	10	4	24	1	25	7	16	5	1	
1	39	6	48	9	35	
9	15	2	9	8	16	7	21	1	20	
5	36	6	42	0	41	9	34	
6	6	0	25	4	24	
5	28	3	33	
2	9	4	4	
0	26	3	50	7	27	2	49	8	42	
2	19	1	4	
2	38	
9	23	0	7	
2	27	6	47	0	31	
0	17	
9	34	5	38	8	45	4	49	
9	24	4	11	1	22	0	25	7	14	
7	27	5	38	
6	20	
8	28	7	49	
0	16	6	1	5	17	
7	35	9	39	4	40	8	28	
2	19	4	15	
2	47	9	40	4	32	6	35	8	28	
6	19	3	7	5	14	8	6	
0	40	4	27	3	28	
4	5	5	2	1	22	8	10	
9	29	
8	11	2	16	7	25	5	1	0	17	
6	39	
6	6	4	22	
8	39	2	50	4	33	
6	2	9	3	
2	31	
3	5	
8	33	5	47	
5	9	
6	30	7	47	4	38	8	35	
6	1	5	21	1	4	2	22	9	3	
5	50	2	27	4	32	3	29	9	35	
1	4	2	10	9	12	5	24	6	22	
1	34	7	47	9	39	
0	24	8	22	
8	37	9	48	
2	18	8	15	6	21	
6	45	1	28	9	43	5	44	
9	24	7	20	
0	47	7	48	8	35	9	46	
1	5	4	4	0	15	
4	46	6	43	
9	8	1	15	7	19	8	14	0	18	
1	37	4	48	3	32	
8	7	5	23	6	2	
1	40	4	28	5	45	0	34	9	37	
0	16	6	17	1	8	
2	31	6	29	7	39	4	30	
9	8	2	23	7	16	
9	40	6	47	
8	22	7	11	3	15	6	10	
6	34	0	44	2	42	9	30	4	35	
3	24	1	1	
3	34	2	46	
0	14	2	10	7	3	
6	41	1	29	0	26	
6	1	7	21	4	11	1	6	
6	45	1	46	5	27	3	35	
4	10	3	4	8	17	9	15	
2	39	6	31	
2	1	0	21	1	5	
7	49	3	27	4	41	
1	22	7	16	4	2	9	13	
6	34	2	44	3	42	9	50	
4	25	1	14	8	18	
6	50	1	45	
6	19	4	16	3	2	8	11	7	21	
8	43	0	48	
6	21	0	13	5	23	
0	38	5	36	8	42	6	27	2	26	
5	4	
2	45	5	49	8	48	1	37	
7	13	4	15	5	11	
3	49	2	26	1	48	
6	9	2	24	9	17	8	7	
6	50	9	49	
6	13	3	23	2	5	8	25	5	24	
2	37	
9	18	3	24	4	11	8	5	
4	34	
3	19	1	15	0	24	5	6	
6	45	9	38	7	26	1	37	
2	11	
3	34	
0	20	7	12	4	18	
2	50	
1	24	5	12	7	19	
0	43	9	31	3	32	

Three processing times per job on each machine
The best scenario
84	276	292	
189	279	287	
134	145	446	
61	25	53	
113	53	109	
111	305	164	
76	40	30	
80	101	116	
108	178	110	
52	150	71	
185	323	110	
100	89	70	
103	41	66	
146	177	164	
133	332	463	
119	288	74	
30	42	24	
39	63	58	
227	246	181	
32	59	46	
71	85	77	
292	69	65	
292	164	116	
70	114	50	
314	243	225	
220	204	81	
43	43	39	
59	42	47	
162	310	308	
18	22	18	
458	190	82	
338	213	215	
59	56	53	
111	245	269	
168	178	153	
156	168	494	
191	132	155	
93	115	137	
254	116	187	
209	429	137	
39	82	65	
48	89	65	
156	377	114	
59	178	128	
52	103	52	
91	135	126	
39	29	84	
73	21	24	
348	199	95	
45	25	43	
164	238	159	
47	124	58	
380	249	256	
105	140	251	
85	79	138	
43	45	36	
17	47	26	
96	40	53	
522	233	340	
148	160	105	
147	61	124	
52	114	151	
46	64	40	
101	212	239	
149	102	45	
37	11	21	
64	35	19	
53	33	64	
92	147	72	
229	173	96	
356	246	171	
221	84	316	
14	35	46	
87	256	140	
135	96	220	
384	120	289	
57	43	35	
108	111	73	
168	438	119	
347	300	252	
249	181	434	
244	112	215	
68	31	64	
118	240	345	
227	132	59	
272	379	199	
201	308	256	
430	150	288	
22	27	43	
81	46	80	
176	280	160	
43	24	47	
66	70	150	
28	56	41	
59	133	301	
198	174	192	
146	161	205	
143	166	86	
87	32	44	
82	122	84	
Most likely scenario
139	381	330	
211	331	298	
199	177	567	
80	30	78	
118	82	125	
150	374	189	
142	50	45	
131	116	178	
124	208	112	
74	163	96	
301	532	165	
135	111	95	
121	52	130	
213	238	195	
185	466	502	
177	317	129	
47	52	27	
66	82	96	
261	256	211	
46	100	51	
123	89	107	
433	133	123	
577	269	168	
103	168	99	
591	289	291	
246	254	115	
78	85	51	
85	60	51	
221	390	372	
35	24	29	
475	257	122	
577	278	332	
80	57	55	
148	273	378	
269	184	189	
240	233	521	
259	164	238	
151	131	149	
320	190	298	
363	507	238	
57	124	87	
79	151	83	
215	432	121	
82	188	255	
84	128	91	
141	138	128	
46	43	87	
79	23	29	
357	263	189	
59	47	84	
317	397	236	
63	137	65	
463	426	275	
165	224	303	
113	93	145	
57	60	40	
27	56	39	
106	70	60	
580	421	525	
227	281	129	
160	102	141	
104	176	217	
59	94	45	
139	291	346	
203	143	65	
55	16	22	
86	66	25	
75	41	83	
148	227	99	
234	223	113	
358	273	199	
369	159	359	
20	53	53	
97	312	142	
208	114	272	
511	174	455	
72	69	44	
155	178	134	
327	451	152	
417	411	266	
296	347	482	
436	165	274	
95	35	66	
183	350	475	
265	140	80	
364	538	328	
250	456	415	
499	182	290	
25	30	66	
116	52	100	
181	519	213	
50	26	54	
75	127	157	
52	67	46	
117	225	340	
201	266	234	
259	167	239	
156	218	108	
102	50	47	
140	153	106	
The worst scenario
168	524	352	
290	439	341	
263	194	721	
119	33	101	
122	99	155	
157	471	257	
154	65	59	
142	162	210	
165	290	136	
107	190	130	
424	539	181	
143	160	108	
136	74	194	
243	253	241	
257	521	729	
184	464	151	
67	56	39	
72	122	128	
317	358	238	
48	120	75	
143	94	112	
440	191	183	
657	401	197	
127	188	138	
634	362	376	
319	276	158	
113	112	64	
88	67	53	
279	447	454	
45	27	39	
693	384	136	
818	307	344	
111	59	81	
212	283	500	
386	243	230	
241	323	700	
321	192	269	
194	196	185	
371	269	360	
538	702	338	
70	130	94	
110	183	100	
265	525	131	
86	282	294	
97	149	121	
175	183	176	
60	49	123	
114	28	40	
407	266	247	
64	54	96	
474	553	289	
92	196	79	
501	636	411	
240	225	440	
147	126	169	
60	90	56	
40	65	42	
147	98	89	
630	479	703	
326	301	153	
218	125	196	
141	218	325	
67	96	66	
205	382	378	
299	202	74	
64	17	25	
90	69	30	
90	56	91	
188	275	107	
347	287	148	
415	372	254	
511	229	439	
27	72	59	
145	335	154	
234	159	346	
704	195	657	
77	76	51	
173	241	163	
403	626	206	
517	540	371	
347	433	614	
578	169	378	
103	49	89	
242	424	672	
285	143	100	
504	734	412	
351	537	466	
658	219	406	
30	40	85	
136	78	135	
200	632	263	
58	35	77	
86	138	203	
69	97	55	
136	309	376	
257	331	240	
279	242	334	
228	281	125	
152	72	70	
176	201	135	
