Factories	7	Jobs	150	Machines	3

Total number of component types per job processed by HSPM
5	5	10	8	11	8	10	6	7	5	7	12	7	6	7	10	5	8	12	7	8	7	12	8	7	8	6	9	11	7	7	10	5	11	12	11	8	7	9	11	7	10	9	5	10	9	6	12	5	12	12	9	10	6	9	10	9	8	8	5	12	9	6	6	8	7	12	5	8	9	6	11	12	8	11	7	11	10	7	12	5	9	5	5	12	12	9	11	11	5	5	6	8	11	10	11	6	8	9	5	6	6	10	7	7	5	5	9	11	8	8	9	12	9	8	11	6	10	11	12	7	5	6	12	5	6	10	10	7	8	12	12	7	5	5	7	6	11	7	12	9	11	10	12	10	11	6	5	9	6	

Total number of component types per job processed by MFPM
5	2	1	5	3	2	1	1	1	2	4	2	5	2	1	5	3	4	3	3	1	4	2	5	1	5	4	2	4	5	3	2	3	1	4	3	3	5	3	1	5	2	2	5	3	3	3	5	5	3	3	4	5	3	4	3	3	3	2	2	3	1	3	3	4	4	1	4	4	1	5	5	1	2	1	2	1	3	4	2	3	1	1	1	1	3	5	3	3	4	1	1	5	2	5	4	4	3	4	2	4	1	2	2	5	2	3	1	1	3	5	5	5	4	3	4	3	4	4	5	3	3	3	5	2	1	3	2	1	4	3	4	1	2	2	3	4	3	5	2	1	2	3	5	3	1	2	3	3	5	3	2	2	3	3	1	2	2	2	5	3	1	2	1	5	3	5	2	1	5	5	1	1	3	4	1	1	1	4	1	3	4	3	4	4	4	2	2	3	1	1	4	2	3	2	5	1	3	2	1	1	4	1	5	1	2	4	3	4	4	2	1	1	2	1	2	5	5	4	4	1	4	5	3	3	5	4	4	4	2	2	4	3	3	3	3	5	2	4	3	5	4	4	4	5	1	3	2	2	1	4	5	1	3	2	5	2	4	4	2	3	4	5	5	4	5	5	1	2	3	4	4	2	1	1	4	3	4	1	3	1	4	2	3	3	5	5	1	2	1	1	3	4	2	5	5	3	4	5	3	

All component type numbers for each job to be processed by HSPM
8	42	12	20	7	10	13	48	16	7	
5	33	11	32	14	28	1	75	6	44	
1	54	13	58	15	73	12	46	10	3	11	65	0	22	19	49	2	13	17	75	
3	7	7	35	11	33	19	46	14	13	17	55	10	26	9	16	
14	3	8	35	16	50	6	2	12	14	4	59	7	47	9	24	13	12	19	61	10	51	
2	39	17	22	10	73	11	74	7	59	14	67	9	14	3	60	
2	72	8	65	13	27	14	69	4	67	19	33	0	40	18	48	10	5	11	45	
14	9	19	69	10	51	1	62	5	7	18	4	
10	23	2	15	17	59	1	33	18	7	19	67	4	22	
3	37	16	35	10	33	0	55	7	59	
5	55	17	13	6	75	1	65	12	25	18	40	2	32	
17	75	16	8	1	63	8	55	6	70	0	71	9	74	2	65	5	64	4	49	11	19	7	32	
18	1	3	73	8	43	10	26	4	61	11	46	13	58	
19	31	12	37	14	43	2	36	3	55	4	16	
1	21	16	49	5	45	14	37	11	71	18	10	9	35	
5	71	16	63	15	14	9	38	13	73	12	11	0	39	14	15	19	58	10	17	
18	30	12	4	10	5	3	45	2	59	
8	20	19	30	2	32	4	31	11	3	13	51	0	23	10	74	
9	44	14	68	11	10	2	12	4	6	7	2	5	21	15	59	6	50	19	9	0	64	1	45	
2	35	17	18	9	61	8	30	14	40	6	56	1	75	
0	61	12	64	16	57	5	59	10	50	11	66	4	53	1	20	
9	64	11	52	10	71	8	39	18	17	7	30	15	57	
4	25	11	73	17	3	10	56	19	68	5	49	15	62	18	64	16	55	1	26	13	47	8	1	
6	5	19	9	2	61	8	21	18	70	12	13	16	4	4	58	
9	68	19	60	17	70	0	40	11	51	10	47	2	35	
12	19	0	4	9	17	2	70	18	51	16	69	3	67	14	60	
6	70	18	58	0	61	13	53	11	68	5	24	
1	57	9	47	19	65	16	14	17	69	14	44	3	31	12	17	13	29	
11	74	7	67	17	58	13	43	18	51	6	34	8	63	4	17	0	69	12	21	16	65	
6	13	9	23	17	2	5	65	8	41	7	60	14	24	
1	35	7	48	2	60	17	40	13	10	14	33	5	58	
8	1	7	70	10	38	1	65	11	5	15	21	2	71	12	53	5	41	19	27	
1	73	8	48	10	72	9	27	3	12	
0	21	4	72	12	28	19	12	18	22	10	17	13	8	9	6	16	57	11	30	14	61	
5	31	17	16	10	51	13	37	4	74	12	19	16	29	14	44	8	12	9	36	11	56	7	69	
19	19	13	35	14	14	15	47	8	21	16	5	10	57	1	62	3	53	7	26	9	64	
15	57	6	4	5	13	1	8	12	37	14	28	13	1	10	12	
8	30	6	31	16	66	2	45	0	13	9	63	4	50	
17	23	0	21	9	33	3	32	15	17	7	31	18	34	16	2	10	47	
15	19	16	61	6	64	1	15	2	54	12	14	5	69	7	27	14	16	17	5	18	57	
6	50	7	40	11	45	14	43	4	54	8	71	17	73	
0	1	9	11	11	41	2	30	5	5	15	32	16	40	19	51	10	53	13	23	
10	15	0	47	15	37	3	5	1	44	8	17	5	6	7	40	17	20	
18	3	2	61	9	12	1	1	5	38	
2	30	13	31	0	20	9	71	4	60	18	19	7	42	17	33	8	21	5	35	
6	63	11	1	2	16	7	18	8	15	5	35	16	38	17	23	4	20	
19	35	17	37	6	44	13	38	14	31	1	48	
16	28	6	8	8	1	4	63	3	34	12	13	5	14	10	61	9	53	1	10	18	56	17	66	
4	6	1	42	11	37	8	65	15	47	
17	57	6	60	11	52	14	70	12	40	19	65	18	73	13	3	8	2	2	71	7	32	16	62	
15	56	9	6	18	28	7	15	3	24	13	36	1	19	16	42	4	33	11	34	10	22	12	43	
0	44	16	59	4	34	3	49	10	53	9	29	18	50	8	70	7	8	
10	57	11	45	15	14	18	4	2	21	4	70	9	56	8	60	0	47	17	23	
14	22	9	3	10	49	19	50	1	25	7	32	
11	30	4	8	15	40	16	45	8	41	13	53	17	21	6	18	10	75	
11	40	8	54	1	43	4	48	18	39	17	11	0	12	9	22	10	74	14	72	
7	49	0	35	17	9	12	19	15	17	2	11	13	46	16	51	14	65	
1	65	11	6	3	13	17	29	19	33	15	53	13	24	6	39	
12	56	16	36	6	35	5	45	2	62	13	34	19	38	18	54	
15	7	7	30	19	22	10	75	16	31	
16	6	12	27	11	39	19	71	13	17	3	14	10	3	17	46	8	52	14	67	5	55	7	1	
7	57	15	72	4	54	13	51	12	59	11	3	9	62	16	31	5	7	
1	5	14	3	19	50	4	15	7	74	15	4	
19	53	0	27	14	37	5	47	13	42	15	56	
12	44	16	13	13	1	5	75	11	16	17	53	6	32	4	19	
12	64	10	34	8	40	2	11	16	23	18	70	6	26	
10	68	8	33	12	58	2	28	6	44	18	39	9	73	11	17	14	47	5	3	3	10	16	43	
3	61	15	49	19	73	17	8	4	1	
0	64	14	59	9	51	18	8	17	22	11	63	19	4	16	40	
4	69	14	39	16	6	6	38	0	75	18	73	15	59	3	57	12	54	
16	70	14	30	15	67	7	52	10	2	12	57	
9	53	11	10	10	23	2	21	4	31	1	5	3	54	8	18	19	57	12	73	0	55	
2	19	12	64	3	25	4	75	9	18	1	36	6	30	19	47	16	41	5	68	10	70	14	42	
10	4	14	31	1	24	0	58	17	43	7	8	19	71	4	25	
13	18	6	50	8	26	18	16	3	27	0	42	7	75	16	34	10	12	19	43	1	21	
4	15	0	34	16	41	15	23	11	11	3	47	14	9	
9	33	17	46	18	25	16	4	10	21	0	43	6	67	7	68	4	14	5	8	3	36	
0	6	9	60	10	74	3	38	14	65	6	71	2	20	12	3	11	8	5	32	
1	2	0	38	19	72	18	22	9	8	17	14	8	62	
1	64	15	63	10	33	5	19	11	28	2	1	9	25	12	17	13	38	18	47	3	71	4	59	
6	64	3	15	0	55	5	11	11	67	
19	56	15	64	18	28	8	71	12	20	5	9	7	33	9	62	1	39	
15	74	18	22	17	13	5	28	6	37	
4	43	7	17	13	67	11	35	2	28	
7	8	0	63	11	18	16	3	14	60	9	67	5	57	13	51	15	49	18	62	10	22	12	23	
5	40	19	47	13	56	15	62	14	8	10	46	11	67	1	21	18	43	16	25	0	42	7	16	
14	18	15	29	8	38	18	75	9	56	6	62	10	12	7	32	13	1	
9	54	1	71	0	38	12	23	8	48	4	5	7	1	5	56	15	2	2	63	14	68	
2	75	13	33	9	53	10	41	0	71	4	67	8	19	18	51	14	28	1	9	15	8	
18	43	7	61	10	56	13	47	15	51	
0	42	8	48	12	67	7	22	10	70	
1	13	2	14	11	58	8	30	19	5	6	65	
11	72	1	12	8	44	18	41	10	59	14	8	7	63	4	14	
0	36	5	22	9	37	2	3	18	6	3	68	7	71	19	64	10	61	17	4	14	50	
15	50	11	62	4	32	7	73	19	14	5	2	8	67	17	75	6	46	1	26	
1	32	11	33	3	8	4	21	13	6	15	74	12	30	18	54	7	61	9	9	5	15	
2	73	17	69	6	42	5	27	19	68	13	48	
19	38	16	71	9	16	0	58	3	1	11	23	18	24	12	40	
7	12	5	56	9	43	17	28	8	8	3	32	4	70	19	34	12	42	
8	8	17	10	10	47	11	62	6	55	
6	74	7	70	19	46	14	61	16	65	15	24	
9	15	5	25	1	67	4	4	11	23	0	69	
18	6	2	28	17	65	4	11	19	51	15	18	1	36	14	58	12	60	13	59	
6	21	16	39	11	71	10	35	14	70	12	69	18	32	
7	3	11	67	0	18	10	4	14	68	6	12	2	23	
14	32	3	15	12	45	16	25	11	75	
0	64	7	25	4	11	17	22	8	4	
1	43	8	65	10	53	9	8	7	7	18	41	15	35	11	59	5	54	
14	9	3	59	4	35	6	14	2	66	13	64	17	63	19	38	5	25	12	70	16	62	
1	71	14	12	5	34	4	21	3	52	8	50	7	3	6	1	
9	38	3	28	19	52	1	2	0	51	16	71	11	62	13	26	
14	11	4	44	1	64	5	70	12	38	13	54	7	28	9	63	0	12	
11	57	5	46	2	26	4	62	10	8	14	12	17	35	15	41	19	40	13	45	3	30	0	14	
7	55	2	65	14	73	4	2	19	40	3	58	18	21	12	30	10	33	
7	21	16	10	2	28	11	6	14	46	10	52	12	5	19	26	
19	14	15	66	2	7	11	15	0	54	8	1	16	59	4	62	17	31	6	16	9	43	
12	17	6	4	19	23	2	58	18	74	11	71	
11	42	6	32	18	36	19	67	17	29	15	52	12	19	16	33	8	69	9	35	
10	31	9	42	7	12	19	56	8	50	2	67	18	1	12	74	3	73	4	59	15	25	
8	66	18	44	0	51	12	9	10	75	7	27	6	34	16	68	11	74	2	45	15	26	3	6	
19	39	7	19	6	55	12	52	14	14	4	3	5	50	
7	18	5	23	15	28	0	41	12	71	
10	66	0	31	2	62	9	36	4	30	7	11	
9	74	18	29	10	61	19	67	1	10	5	31	16	39	0	57	4	50	11	34	12	37	7	13	
12	24	5	54	10	59	14	35	8	67	
1	26	13	74	12	40	17	24	6	31	7	2	
17	54	14	44	16	32	2	63	1	25	9	40	12	65	11	69	0	59	5	46	
17	20	1	34	5	32	18	44	16	27	2	31	19	4	9	1	15	15	14	52	
5	73	19	42	7	2	18	74	4	58	6	69	3	40	
18	15	16	28	17	70	10	22	19	65	2	7	3	72	6	57	
12	4	5	44	19	6	8	59	2	51	3	8	16	50	6	70	14	15	11	25	9	23	18	38	
0	21	18	63	1	67	8	38	7	46	3	2	17	53	4	26	15	9	12	13	10	59	5	15	
11	65	7	60	13	21	5	55	3	13	2	44	8	4	
18	9	9	7	13	72	19	52	14	5	
16	19	12	52	6	53	4	2	2	56	
11	2	14	58	6	23	12	33	18	13	4	43	13	72	
12	24	18	40	1	74	17	47	19	29	14	32	
6	37	0	44	10	43	7	74	18	13	3	42	14	57	15	20	19	72	11	23	4	59	
1	41	0	19	12	4	7	65	15	67	10	70	13	5	
12	57	8	74	2	40	17	64	10	68	13	8	16	47	3	5	6	65	1	22	4	63	5	12	
1	11	7	62	14	10	2	40	19	14	18	4	17	33	13	8	8	37	
19	14	16	25	4	39	9	10	7	16	1	48	10	52	2	63	15	26	5	56	12	23	
1	67	0	9	19	40	6	60	11	62	10	28	5	49	13	25	14	55	12	16	
12	33	1	34	16	58	17	59	2	64	11	71	19	49	4	29	8	54	15	70	3	31	10	55	
19	26	7	8	18	25	5	5	0	30	17	62	2	45	6	24	11	21	1	18	
8	16	19	45	3	67	13	39	9	59	5	42	0	4	12	21	14	12	18	32	4	70	
10	15	4	24	11	44	3	36	8	59	2	49	
13	10	6	17	19	71	0	16	12	27	
14	52	12	51	15	34	3	36	0	7	5	9	18	50	11	8	4	56	
15	43	9	3	19	56	10	53	7	49	13	8	

All component type numbers for each job to be processed by MFPM
2	23	0	7	6	12	1	22	7	16	
3	34	4	43	
1	11	
2	42	7	27	5	35	8	50	6	40	
4	1	3	13	8	3	
3	35	7	38	
8	11	
1	46	
8	14	
0	46	4	44	
9	4	2	17	0	15	1	16	
0	41	1	50	
4	15	2	8	8	1	6	12	3	10	
5	41	1	45	
0	10	
7	34	0	27	9	40	6	39	5	32	
2	20	6	24	9	1	
4	37	3	32	2	39	8	33	
4	20	0	15	5	7	
2	45	7	50	8	46	
9	13	
8	37	1	28	5	38	9	34	
0	21	5	7	
9	47	4	49	6	32	0	38	2	40	
3	8	
6	33	0	35	5	46	4	47	7	31	
6	14	2	8	8	22	3	3	
5	30	8	29	
0	3	1	12	9	11	7	1	
2	39	8	48	1	26	9	46	4	35	
2	12	5	22	0	13	
5	29	0	43	
3	18	2	22	8	25	
9	42	
0	17	9	10	5	5	7	12	
8	37	4	38	7	36	
4	1	3	2	9	23	
8	31	9	42	5	29	6	47	3	46	
0	8	9	4	6	24	
1	42	
3	10	0	1	4	14	8	16	7	25	
5	36	8	34	
6	5	3	19	
3	32	1	46	0	26	5	41	7	47	
3	1	6	17	8	18	
7	43	6	36	0	49	
8	10	6	21	1	19	
7	32	9	41	3	34	0	49	8	28	
4	8	0	24	6	16	3	1	1	15	
2	39	7	50	0	40	
7	2	6	13	0	12	
2	42	3	30	8	26	9	45	
4	12	0	17	7	6	1	11	3	23	
3	47	5	46	2	42	
3	21	1	16	0	4	8	19	
1	33	3	50	6	31	
7	12	0	11	5	15	
0	45	9	47	1	28	
1	10	3	11	
5	46	0	48	
7	5	0	10	8	7	
3	42	
1	23	9	17	3	9	
5	31	7	39	4	49	
5	12	7	22	9	2	1	4	
8	39	4	46	0	26	7	48	
4	4	
1	33	3	38	0	44	7	36	
6	13	1	15	0	18	8	4	
8	27	
4	11	5	6	3	2	8	16	6	10	
0	36	5	26	6	50	4	30	3	27	
7	2	
2	42	3	33	
7	8	
0	48	4	40	
5	2	
6	34	3	32	8	38	
0	4	4	12	9	10	8	3	
0	46	8	28	
0	17	9	7	8	16	
9	48	
0	2	
0	40	
7	13	
6	39	4	26	9	30	
1	25	9	24	0	3	5	1	8	2	
7	35	0	47	5	34	
1	13	8	23	2	24	
4	32	7	44	8	50	9	26	
3	4	
3	31	
5	15	9	22	8	20	4	5	3	11	
6	48	3	31	
3	10	5	17	7	2	9	7	4	21	
7	30	3	50	6	41	5	35	
2	21	7	3	5	15	1	7	
8	27	5	34	4	33	
1	16	3	10	2	23	9	14	
2	49	3	48	
4	1	5	19	2	25	8	12	
8	48	
2	19	5	15	
9	46	4	44	
9	24	7	17	0	4	8	13	5	2	
2	30	3	26	
2	25	1	21	4	7	
2	32	
8	22	
5	40	7	50	0	33	
9	19	0	20	8	6	5	9	7	17	
1	49	8	48	3	26	5	43	9	37	
7	12	4	11	5	6	9	7	1	2	
6	28	0	39	3	29	9	26	
6	13	4	11	8	25	
8	49	7	28	4	29	5	48	
9	17	0	16	8	4	
7	38	3	46	4	35	0	27	
6	8	2	14	7	2	0	21	
1	48	0	30	5	26	8	31	6	47	
1	20	9	22	4	16	
0	47	2	42	6	48	
9	10	5	20	4	6	
7	26	5	34	6	33	8	40	9	41	
6	25	8	13	
4	29	
1	4	9	2	2	10	
1	49	0	33	
1	1	
4	43	1	35	8	30	2	50	
2	11	6	19	5	14	
6	43	7	42	1	31	2	36	
7	15	
5	34	3	38	
9	12	5	16	
4	44	6	37	9	31	
6	19	2	11	3	16	8	22	
6	29	9	26	3	30	
7	4	0	6	3	16	8	23	1	2	
9	26	3	50	
1	17	
8	38	7	40	
5	3	6	11	8	5	
3	47	5	32	7	45	1	50	6	31	
5	2	7	24	8	14	
7	48	
7	3	2	5	
0	33	8	46	9	38	
6	9	3	7	8	12	
4	40	1	42	2	46	6	33	3	45	
8	6	5	3	0	5	
4	48	1	42	
2	24	3	21	
6	28	2	50	4	43	
2	9	8	17	3	6	
7	42	
8	24	9	15	
3	30	6	46	
1	10	7	18	
6	49	0	31	2	29	3	36	7	44	
0	5	4	25	8	20	
9	30	
0	18	5	8	
7	32	
7	21	5	18	4	4	2	19	0	24	
5	40	9	32	0	50	
0	18	7	12	5	20	8	2	3	10	
6	31	2	42	
5	11	
8	30	3	34	0	45	5	31	6	49	
3	6	6	13	5	16	1	3	2	24	
0	35	
9	16	
9	32	4	38	6	48	
3	20	8	4	0	16	5	24	
8	28	
4	1	
1	26	
1	5	6	24	2	11	8	18	
7	49	
1	1	8	20	5	12	
8	26	2	27	6	32	9	39	
1	19	2	9	8	14	
1	44	4	33	8	39	0	40	
2	24	8	18	1	15	3	14	
8	35	5	49	3	33	7	36	
4	7	9	18	
8	33	6	47	
5	14	4	11	6	2	
0	28	
0	6	
9	30	7	38	0	29	8	26	
4	13	8	12	
1	32	5	45	3	34	
9	12	8	24	
8	37	6	31	9	29	5	36	1	39	
0	12	
7	40	0	27	1	32	
9	12	5	10	
1	48	
2	16	
4	45	3	33	0	39	6	35	
8	4	
1	43	6	40	0	27	4	38	2	26	
5	9	
7	49	9	40	
7	13	2	6	1	22	5	3	
2	31	1	48	8	49	
7	16	4	17	3	1	9	15	
4	39	5	38	0	27	6	41	
9	20	7	12	
6	46	
8	18	
7	41	1	38	
5	2	
0	29	9	27	
2	17	4	18	7	7	1	20	3	1	
8	35	0	37	4	39	3	42	7	32	
6	15	7	18	2	3	4	10	
7	43	6	37	2	48	0	33	
3	5	
8	39	5	50	0	43	3	33	
3	18	5	10	1	14	0	11	4	15	
6	38	1	27	4	50	
7	25	4	4	9	24	
1	41	7	33	5	40	6	37	3	28	
5	25	2	1	8	2	0	22	
6	39	2	45	8	46	3	43	
6	24	3	8	7	23	5	25	
9	29	3	37	
6	18	9	11	
1	29	6	50	9	32	4	37	
5	2	6	18	3	23	
0	29	7	35	6	44	
3	14	8	13	9	16	
5	28	8	34	2	48	
3	22	7	16	0	3	4	10	8	2	
4	29	2	38	
2	12	7	20	1	3	4	2	
2	28	3	33	6	34	
2	18	4	25	3	24	6	19	8	14	
7	44	1	43	9	41	3	34	
5	6	1	24	4	12	0	21	
6	40	4	27	3	44	0	42	
7	24	4	16	2	17	1	19	3	13	
1	30	
1	9	7	15	3	20	
2	37	6	47	
4	15	6	16	
1	43	
3	8	6	3	1	19	5	12	
8	38	5	34	1	43	9	37	6	46	
9	7	
9	31	6	37	8	28	
2	19	9	6	
4	40	7	47	6	26	0	33	5	36	
5	17	2	18	
3	32	5	42	9	50	2	30	
4	9	0	15	5	21	9	7	
4	33	7	42	
1	13	0	7	5	15	
8	46	9	35	0	36	6	47	
2	19	7	2	1	18	4	3	9	21	
1	32	0	48	8	39	3	28	2	31	
2	23	4	20	6	13	5	14	
5	35	1	38	7	40	3	45	8	29	
3	1	8	16	9	4	2	12	6	11	
1	28	
9	1	1	10	
4	27	0	44	5	31	
3	23	9	2	7	1	2	7	
3	37	8	39	4	40	1	42	
8	15	1	25	
2	35	
9	4	
2	40	6	29	5	43	3	38	
5	15	0	11	2	16	
5	38	7	37	4	42	0	40	
4	18	
2	32	0	47	4	38	
7	7	
1	44	6	50	4	37	2	32	
9	1	3	9	
5	33	9	50	6	40	
2	20	9	6	0	18	
8	49	9	27	1	39	3	44	2	38	
2	1	6	9	3	12	5	8	1	4	
0	28	
6	6	9	13	
9	41	
7	10	
3	36	8	35	9	47	
8	9	6	23	7	8	2	4	
6	42	8	50	
8	5	7	11	0	1	4	14	3	18	
6	34	3	28	1	36	7	42	0	29	
2	14	6	17	8	4	
0	29	1	31	2	28	8	33	
5	14	6	10	4	16	1	25	8	20	
1	39	0	49	9	32	

Three processing times per job on each machine
The best scenario
220	278	753	
417	615	471	
342	321	147	
661	901	590	
189	396	214	
315	255	484	
98	184	213	
560	666	363	
317	150	208	
309	182	429	
302	184	242	
417	437	517	
720	356	558	
568	335	255	
309	417	691	
677	1036	704	
243	362	496	
153	177	280	
177	277	350	
97	150	199	
384	279	645	
301	452	372	
219	362	637	
432	98	149	
180	751	175	
378	736	546	
348	287	368	
795	333	497	
293	857	674	
375	151	96	
247	246	211	
392	329	458	
225	364	366	
275	349	595	
76	148	110	
275	184	209	
272	150	209	
227	293	184	
659	470	600	
497	735	533	
252	298	680	
444	468	487	
239	936	244	
1201	963	611	
476	583	713	
610	789	521	
266	175	133	
373	951	398	
547	346	330	
385	701	631	
216	415	488	
203	224	186	
73	123	130	
498	647	166	
648	587	462	
185	257	473	
388	408	271	
325	256	100	
189	130	126	
180	108	84	
217	493	334	
319	844	758	
228	63	88	
901	685	847	
195	110	110	
547	807	818	
509	865	965	
185	130	80	
335	566	202	
618	443	600	
465	638	570	
431	212	250	
735	302	504	
641	791	278	
232	258	251	
258	426	278	
341	519	224	
511	575	233	
219	276	377	
356	384	359	
464	234	339	
194	253	493	
172	198	228	
683	272	458	
522	426	680	
91	86	41	
567	767	837	
422	241	308	
92	71	152	
418	266	646	
544	427	983	
201	327	161	
361	403	750	
751	308	702	
135	95	79	
447	555	338	
102	290	349	
521	260	337	
273	191	147	
79	104	247	
330	407	361	
81	99	80	
351	267	97	
278	793	448	
183	424	226	
631	425	195	
550	534	1109	
228	215	130	
490	562	316	
228	85	284	
203	343	401	
424	791	1003	
453	149	310	
548	642	754	
113	267	80	
399	265	925	
515	308	646	
576	267	684	
279	75	218	
326	184	76	
118	260	242	
810	604	496	
359	635	498	
83	95	108	
235	515	337	
147	72	134	
505	120	208	
128	79	108	
378	169	255	
563	1197	420	
72	138	182	
265	219	232	
416	548	414	
151	425	170	
308	525	421	
307	222	149	
469	487	483	
138	224	140	
420	359	591	
481	411	705	
513	181	948	
292	220	237	
370	463	583	
1161	239	896	
439	394	239	
480	649	281	
65	158	86	
239	455	365	
110	157	101	
79	93	196	
Most likely scenario
368	384	797	
817	859	797	
367	467	235	
746	1012	927	
360	515	253	
386	508	681	
127	241	279	
913	690	572	
472	290	401	
540	340	437	
527	251	294	
682	511	570	
1355	396	710	
599	504	285	
352	568	925	
779	1332	733	
285	511	805	
260	284	417	
305	447	510	
174	222	211	
685	296	669	
529	576	499	
256	656	662	
454	183	203	
359	848	261	
526	743	751	
362	313	530	
834	448	563	
496	929	681	
386	188	169	
418	393	416	
604	446	574	
245	386	399	
363	404	870	
150	184	136	
371	244	232	
415	267	246	
278	336	255	
820	621	706	
527	871	763	
424	505	1114	
800	503	931	
362	1128	434	
1392	1004	799	
490	655	936	
1177	1086	1016	
321	291	212	
593	1102	751	
695	427	384	
714	971	744	
350	467	721	
316	285	218	
114	245	243	
801	707	227	
860	957	516	
362	357	611	
472	446	456	
337	406	199	
229	146	165	
212	120	133	
263	549	376	
425	1199	1073	
253	93	164	
1448	789	899	
200	146	180	
879	1234	1038	
644	1263	1117	
221	242	116	
369	770	389	
692	781	748	
903	643	915	
561	383	294	
760	311	567	
995	859	341	
319	448	406	
475	723	410	
392	795	324	
935	872	319	
320	291	401	
518	430	666	
576	292	620	
320	403	678	
305	199	250	
812	379	644	
528	572	779	
114	102	66	
636	987	1021	
439	317	430	
112	108	214	
783	307	895	
889	598	1008	
287	333	257	
427	801	1168	
986	594	1345	
250	136	130	
749	878	555	
204	546	669	
960	486	425	
348	296	154	
103	107	385	
611	748	512	
100	185	87	
410	407	170	
501	1242	796	
231	426	326	
646	530	302	
566	700	1469	
364	292	188	
561	958	439	
392	153	453	
349	372	498	
609	797	1316	
885	265	599	
633	682	843	
122	282	121	
636	485	1199	
523	373	669	
850	308	956	
312	130	234	
406	279	149	
211	299	339	
888	667	584	
370	961	849	
94	169	114	
296	705	412	
178	114	228	
716	222	333	
238	138	183	
722	338	427	
886	1210	734	
87	221	201	
294	279	276	
447	755	417	
285	461	218	
526	632	730	
324	384	168	
539	554	701	
235	236	205	
661	673	635	
644	751	775	
962	340	1165	
579	283	387	
405	727	823	
1365	412	1392	
679	713	387	
846	853	482	
102	185	153	
248	695	457	
184	291	108	
125	110	208	
The worst scenario
447	420	1163	
1186	929	1180	
452	590	351	
995	1328	1240	
532	716	341	
525	708	941	
129	293	378	
1335	1030	577	
559	380	443	
780	430	493	
560	367	312	
743	609	737	
1724	490	896	
635	631	313	
409	694	1172	
1036	1802	758	
416	715	903	
376	291	535	
450	573	670	
258	284	308	
699	335	683	
761	632	623	
370	892	825	
562	192	231	
442	1235	299	
741	867	878	
441	314	557	
1026	469	827	
580	1288	873	
491	272	185	
573	514	538	
840	631	702	
322	560	471	
420	529	1086	
169	262	172	
551	339	242	
531	304	256	
297	444	266	
871	878	767	
786	1062	907	
528	508	1507	
899	620	1385	
477	1454	515	
1427	1463	801	
686	822	1332	
1706	1123	1168	
455	405	222	
684	1469	888	
822	524	388	
763	1196	777	
455	569	1043	
358	404	252	
155	303	268	
894	726	303	
1044	1077	589	
397	463	862	
643	520	468	
475	439	252	
296	206	205	
306	128	136	
353	728	533	
529	1291	1346	
344	98	226	
2019	826	1142	
260	210	248	
1223	1244	1355	
804	1734	1212	
291	296	167	
392	913	576	
735	1158	815	
1348	780	931	
743	407	329	
1132	446	627	
1437	1111	474	
393	643	462	
649	886	583	
509	797	410	
1110	875	331	
433	345	477	
541	486	923	
594	294	724	
327	404	759	
335	248	287	
893	466	781	
651	655	1140	
126	113	95	
683	1457	1466	
487	429	546	
156	131	291	
841	356	1030	
955	726	1056	
379	463	332	
626	1014	1705	
1169	617	1947	
274	168	153	
1081	1069	831	
220	637	784	
1314	502	634	
363	435	182	
108	159	519	
909	974	724	
130	204	111	
530	573	203	
686	1634	987	
240	437	428	
721	775	379	
696	883	2202	
392	358	232	
630	1229	614	
575	199	454	
487	520	593	
639	948	1548	
904	396	817	
920	932	944	
149	293	165	
640	642	1436	
754	468	982	
978	453	1110	
328	184	338	
459	377	180	
302	317	452	
1087	847	814	
425	1163	926	
140	220	120	
439	781	577	
193	160	342	
975	235	418	
270	139	231	
754	424	508	
956	1293	1084	
114	250	294	
339	376	397	
581	1007	572	
352	579	310	
563	692	846	
370	424	198	
611	688	912	
347	257	265	
821	968	859	
954	1041	964	
1220	449	1570	
670	416	574	
562	968	1195	
1677	570	1479	
813	815	526	
897	896	502	
125	237	167	
270	842	476	
265	407	137	
164	143	306	
