Factories	5	Jobs	200	Machines	3

Total number of component types per job processed by HSPM
8	10	5	11	7	6	5	11	5	6	12	10	5	10	12	12	8	6	10	5	10	7	6	5	12	7	8	11	11	11	6	8	8	11	12	6	9	9	11	9	9	6	5	12	12	9	8	6	5	9	9	6	11	6	11	5	9	11	7	12	5	6	6	6	12	10	6	7	12	5	9	12	9	6	12	5	12	10	6	9	9	7	8	9	8	8	12	7	7	10	8	8	6	6	5	8	11	9	11	5	6	8	8	7	7	8	9	6	7	12	7	12	5	8	6	12	10	6	10	12	6	7	11	7	5	5	10	6	12	6	12	8	9	11	7	7	10	10	11	5	12	9	11	7	7	12	12	9	7	8	5	10	7	9	7	10	9	9	6	9	9	10	9	9	11	6	7	6	10	5	11	5	10	7	9	11	8	10	9	8	9	6	12	11	8	7	12	8	12	11	9	8	9	5	9	7	6	9	8	11	

Total number of component types per job processed by MFPM
5	3	4	3	1	4	3	5	1	2	2	5	2	5	3	1	1	4	3	1	3	3	5	1	4	3	3	5	4	2	2	1	5	3	5	2	5	2	1	5	3	1	5	1	4	1	2	1	4	1	1	5	1	5	4	4	3	1	1	1	1	1	2	3	4	3	1	3	4	4	4	1	3	4	5	2	3	1	1	1	5	3	4	1	1	1	3	4	1	1	1	2	1	5	4	3	1	5	2	2	5	4	3	5	5	4	4	3	5	5	1	1	1	3	3	2	4	2	1	4	3	3	2	5	2	4	1	3	2	1	5	4	1	5	2	2	4	2	2	4	5	1	5	1	2	3	4	3	3	1	1	4	1	2	2	3	5	2	5	1	4	2	5	4	2	4	3	3	4	2	2	2	1	5	2	5	2	5	1	5	5	4	5	4	4	3	4	1	3	2	4	4	4	4	3	4	1	3	1	2	4	1	5	5	2	1	5	5	1	5	1	2	4	1	5	1	1	1	1	5	2	5	5	5	4	5	2	5	3	2	4	1	2	2	5	2	1	4	5	4	1	4	2	4	4	5	4	1	4	4	4	3	1	3	1	5	5	4	4	5	4	5	2	2	2	1	1	5	4	1	3	1	1	3	1	3	1	5	4	3	5	4	1	1	5	5	4	4	3	1	5	3	1	4	5	5	1	1	5	5	2	1	1	4	2	3	2	4	3	2	4	2	1	1	5	2	5	1	2	3	1	1	2	1	5	4	5	3	5	5	4	3	3	3	2	2	5	1	5	2	5	4	3	1	4	5	1	3	5	4	1	3	3	1	5	5	4	2	2	1	4	3	2	2	2	4	3	3	5	4	5	2	3	4	4	5	5	3	4	1	4	3	3	5	1	4	2	4	2	4	3	3	2	1	3	5	5	1	4	5	

All component type numbers for each job to be processed by HSPM
13	67	3	52	9	75	15	37	4	62	10	18	12	13	11	2	
7	49	12	18	15	21	1	44	4	12	5	29	18	74	14	27	16	22	19	33	
13	19	19	47	16	31	11	40	18	25	
14	52	11	29	19	12	18	75	4	8	2	59	17	35	15	18	10	53	6	64	13	32	
5	42	10	40	4	17	19	11	8	21	0	62	12	70	
2	74	10	66	0	19	8	60	7	21	1	64	
11	37	1	1	7	59	2	69	12	11	
5	5	14	42	18	57	4	58	10	67	16	11	13	69	9	9	17	72	2	34	3	12	
10	7	7	40	16	4	1	29	0	19	
18	36	8	9	2	27	12	39	4	8	3	16	
17	3	10	50	16	2	19	53	18	35	15	14	6	65	2	69	7	43	1	45	14	71	11	21	
8	57	1	24	7	75	6	43	17	39	9	69	19	36	11	58	16	20	3	45	
9	27	19	15	7	59	17	22	13	24	
2	40	1	18	3	37	16	12	11	55	4	21	14	35	12	65	10	20	9	3	
11	68	17	2	9	22	15	14	8	11	18	74	6	15	0	19	14	39	13	65	5	66	1	24	
12	23	1	48	14	73	11	74	7	5	10	64	15	49	9	15	8	68	6	51	18	60	2	69	
10	9	16	43	8	30	4	46	11	17	12	49	9	32	5	39	
16	47	4	73	7	39	12	35	6	42	18	71	
12	33	0	45	10	50	9	34	4	60	8	23	18	11	14	75	6	28	5	12	
0	19	3	7	18	6	11	49	1	8	
19	25	17	62	15	52	3	72	11	43	0	40	8	64	6	18	4	26	9	5	
9	38	19	74	7	45	5	66	11	30	17	69	16	5	
4	10	1	33	8	52	10	15	11	36	13	39	
19	42	4	67	7	49	18	4	12	46	
15	63	9	29	6	72	17	18	12	12	4	64	14	69	3	20	19	7	1	27	16	38	10	54	
4	20	7	3	17	27	9	15	6	41	2	73	19	14	
9	68	1	58	5	48	10	33	12	5	13	43	8	14	14	10	
15	12	1	45	7	27	3	18	6	40	8	20	17	63	18	49	5	50	12	6	9	73	
16	62	17	21	2	71	11	14	18	73	8	72	1	74	10	18	15	15	6	17	0	8	
19	27	10	10	7	40	12	4	2	60	5	2	11	55	17	59	13	56	15	12	1	50	
3	4	17	24	9	21	15	50	5	41	14	16	
4	13	5	75	11	61	13	23	16	40	0	29	8	56	10	37	
5	15	9	30	17	24	16	70	18	29	19	17	15	61	12	62	
4	13	0	2	6	73	10	65	1	58	18	70	5	18	12	52	9	71	19	11	16	54	
16	68	3	16	4	72	12	13	5	62	1	31	10	57	14	9	9	18	7	3	11	41	2	60	
1	15	8	70	10	23	3	17	18	8	9	11	
10	28	15	30	12	10	19	42	4	6	1	65	0	66	8	17	13	41	
19	13	8	34	18	48	10	23	12	37	9	47	11	46	2	10	17	57	
8	73	11	75	16	64	0	69	6	43	9	65	15	30	14	19	5	45	19	21	18	17	
19	48	9	40	6	12	10	14	5	19	13	36	4	15	12	66	0	37	
19	8	3	70	5	66	13	39	15	50	10	2	17	62	7	40	1	27	
10	45	0	27	6	20	11	35	8	61	13	56	
18	23	0	46	12	1	14	57	10	72	
11	11	0	2	13	32	9	71	19	74	8	45	10	47	16	54	2	73	3	70	1	28	14	24	
14	47	1	26	11	8	12	54	15	65	18	27	16	48	6	14	8	53	0	20	3	51	10	49	
17	56	14	31	7	12	9	41	1	52	10	58	16	28	19	70	12	39	
13	40	4	37	16	54	19	73	8	21	1	36	7	65	6	12	
19	36	8	15	15	6	18	18	6	26	14	68	
10	15	1	14	2	71	14	13	8	53	
4	68	14	70	12	60	17	48	11	72	3	33	1	36	16	26	8	17	
4	53	10	25	16	55	0	45	14	27	13	50	2	38	1	20	11	73	
6	24	5	29	17	54	16	35	3	15	18	50	
8	9	1	63	12	23	11	52	9	10	13	19	7	74	2	34	19	64	17	69	3	45	
8	70	16	64	7	65	1	62	19	34	3	16	
2	44	18	45	7	12	19	8	1	57	9	67	13	20	5	10	17	4	12	30	6	18	
5	23	4	63	10	26	14	61	18	27	
10	38	4	11	15	15	9	50	3	69	1	67	19	22	0	7	14	23	
9	9	14	63	8	64	15	21	0	15	18	53	1	58	6	6	4	51	12	34	7	57	
2	21	10	60	6	28	0	15	1	52	15	59	4	25	
12	17	19	63	1	45	15	71	4	69	8	13	11	29	17	51	3	39	16	73	13	53	7	3	
14	21	12	67	11	40	9	24	5	37	
12	19	0	42	16	63	17	9	10	54	7	30	
7	5	15	10	5	64	4	65	2	49	13	17	
17	30	9	69	8	67	4	45	12	14	5	63	
7	52	0	34	3	44	11	63	10	74	14	75	4	55	15	69	2	64	6	37	18	14	1	11	
13	30	19	36	6	1	14	71	1	68	16	64	11	41	8	35	4	10	18	11	
12	46	3	26	10	21	8	73	1	61	19	16	
0	75	19	32	13	47	18	3	17	41	7	45	10	64	
7	7	10	20	16	40	14	28	17	22	12	5	4	51	6	55	0	48	5	41	19	68	8	70	
17	6	12	62	7	31	5	18	19	64	
18	37	16	52	19	48	9	41	14	6	17	24	12	20	6	63	5	44	
2	69	10	2	11	3	0	12	14	21	7	42	12	10	18	41	5	58	8	11	16	37	4	43	
6	73	13	69	7	34	10	51	4	57	19	27	2	38	1	75	12	60	
19	64	17	72	14	59	0	43	7	34	8	4	
7	30	2	1	13	24	3	70	9	20	6	42	15	4	8	53	4	56	1	66	16	62	18	7	
0	38	2	66	14	40	17	6	5	26	
10	39	5	63	2	10	11	45	0	33	18	29	19	9	1	21	13	31	15	59	8	24	9	11	
6	26	18	53	3	38	13	12	7	39	19	63	14	47	12	19	17	34	8	50	
4	67	19	59	6	8	8	56	14	4	1	55	
14	19	5	60	13	74	6	1	11	67	10	35	0	52	3	40	15	12	
8	22	15	53	4	34	10	60	19	44	3	59	16	16	12	71	9	65	
16	66	1	46	12	40	6	2	13	4	5	67	18	9	
15	67	4	63	5	74	6	16	8	52	2	64	12	10	14	7	
2	63	15	17	5	46	8	66	9	36	12	2	7	19	19	24	3	70	
6	7	8	64	10	57	18	29	17	3	11	66	5	5	2	10	
10	31	13	20	4	29	1	72	11	38	8	30	2	59	0	66	
4	3	8	10	16	32	5	45	2	44	6	37	12	51	11	2	10	13	0	75	13	56	1	55	
12	12	13	44	4	45	7	25	15	74	5	3	16	13	
7	41	17	57	1	22	9	1	19	33	11	65	3	36	
5	8	16	46	2	44	11	4	17	22	18	69	10	12	4	17	3	66	19	62	
0	46	19	53	3	36	2	63	4	28	17	59	11	58	1	38	
14	14	16	10	0	38	4	34	18	25	12	17	9	57	11	68	
14	65	5	8	19	67	6	62	7	4	3	13	
18	56	3	73	13	65	17	64	9	12	2	34	
2	61	10	57	3	41	4	3	18	39	
13	45	0	49	12	12	5	27	10	37	9	57	8	39	1	24	
8	8	14	64	16	39	17	44	13	61	2	26	11	34	1	10	9	65	3	55	6	21	
16	54	15	73	19	52	5	66	7	21	0	68	10	74	14	48	1	24	
7	45	0	74	13	57	10	54	4	7	16	17	5	56	1	40	9	42	2	48	12	73	
19	19	9	65	12	35	1	21	2	52	
11	73	15	19	3	44	9	50	14	51	2	16	
5	13	15	65	0	35	7	5	19	46	3	49	4	66	16	40	
16	37	19	59	2	9	7	17	10	20	14	32	17	11	18	46	
2	24	1	10	15	31	9	55	17	54	10	49	3	59	
16	16	3	9	11	27	4	1	15	59	8	56	2	12	
2	11	11	28	16	73	6	39	13	74	3	55	18	52	1	8	
13	10	19	47	7	12	11	41	3	37	16	54	8	32	5	53	2	4	
5	49	4	32	6	19	13	20	11	22	1	60	
17	7	8	18	7	43	15	58	19	69	11	32	16	53	
18	17	15	25	7	3	14	39	8	60	11	7	0	18	1	66	17	73	12	10	10	67	3	26	
10	8	12	15	3	63	9	34	7	59	11	48	2	61	
11	20	19	45	17	4	5	38	1	31	2	29	12	56	6	64	7	37	16	23	0	6	3	67	
12	25	5	17	18	69	9	14	7	36	
6	39	17	62	4	60	1	69	16	74	7	59	13	63	10	50	
14	28	15	61	12	32	6	75	7	12	4	42	
1	57	14	13	16	17	12	54	6	24	9	75	10	39	3	53	0	55	15	31	19	6	5	27	
14	43	19	73	7	41	18	75	12	62	5	64	10	23	1	42	17	66	6	59	
11	54	13	22	7	63	18	23	2	71	19	8	
11	19	18	31	15	50	0	37	13	27	8	14	10	61	12	58	3	49	2	6	
8	45	5	33	6	32	13	2	19	75	3	73	0	71	9	5	2	46	15	15	12	57	18	54	
19	61	11	12	7	43	0	53	16	49	3	40	
5	51	19	34	0	25	13	11	2	37	16	39	18	8	
2	63	8	75	13	36	18	33	16	65	12	41	17	21	7	2	0	69	6	48	3	11	
7	14	15	21	6	49	0	13	9	70	3	9	4	47	
13	64	10	54	12	31	1	52	4	22	
18	60	8	68	15	28	5	40	4	9	
16	58	1	56	7	31	18	63	0	5	10	54	14	19	3	17	15	66	12	3	
13	48	15	8	12	47	4	20	11	18	16	41	
6	16	17	61	14	12	13	47	5	42	18	34	19	10	11	14	0	22	16	52	12	31	4	23	
17	57	12	55	10	13	19	24	11	75	15	32	
4	21	15	26	12	71	2	3	7	50	1	46	3	28	0	19	9	60	18	31	19	69	11	20	
14	23	13	41	3	59	10	37	0	33	19	61	9	43	7	71	
12	50	1	28	2	21	14	69	9	10	0	73	4	40	13	62	18	7	
2	60	0	63	1	57	7	6	11	26	6	40	4	45	18	11	14	32	8	10	10	46	
4	29	17	21	14	38	2	28	19	50	7	40	8	6	
0	64	9	68	6	23	8	27	18	63	4	53	19	5	
17	9	3	61	2	67	15	59	12	27	8	53	9	64	0	48	18	57	16	68	
1	59	17	20	16	28	4	22	9	73	11	60	13	29	8	16	14	5	10	12	
6	52	8	24	10	57	17	55	1	9	4	11	11	30	7	27	0	51	5	37	14	58	
4	44	9	29	2	34	3	36	0	1	
10	34	11	41	12	64	4	30	13	19	7	65	18	51	19	62	1	47	8	5	9	59	16	42	
18	25	7	36	15	63	12	49	14	44	3	39	17	69	16	55	1	56	
13	26	18	17	0	9	4	48	12	38	8	50	5	24	1	8	10	1	14	64	3	19	
1	16	13	55	10	64	2	29	12	36	7	61	4	18	
2	33	5	8	1	71	6	9	10	74	0	7	9	12	
11	27	17	6	2	71	3	18	16	26	4	46	12	39	1	49	5	1	6	70	0	65	10	2	
13	31	7	32	15	35	19	38	4	58	1	21	0	5	2	1	16	56	18	42	6	29	5	9	
2	40	8	36	1	8	10	15	12	48	19	22	11	26	17	20	0	2	
1	72	6	35	2	6	8	74	0	15	19	43	3	42	
13	28	10	12	19	72	0	44	12	9	14	4	6	27	5	39	
10	36	13	48	17	74	9	22	11	39	
6	65	19	55	12	4	9	61	13	12	11	23	1	8	14	14	16	34	5	54	
12	69	10	20	1	49	4	23	19	72	16	43	5	29	
0	35	11	20	5	55	3	48	13	68	14	12	12	53	7	37	17	33	
6	28	8	41	7	68	16	29	2	35	12	59	14	62	
6	43	7	37	3	16	15	64	14	72	11	58	17	13	2	70	19	28	18	57	
5	55	7	51	9	75	13	7	14	61	10	35	2	38	1	42	0	2	
2	51	15	42	5	35	1	52	14	33	11	67	9	48	12	12	3	1	
15	27	6	10	17	1	10	40	18	53	8	49	
4	6	11	59	13	73	10	2	12	33	5	10	15	18	1	51	17	58	
12	29	3	7	15	3	9	24	8	8	14	20	11	74	7	69	0	41	
14	71	11	46	7	42	16	16	2	26	9	58	18	69	0	13	13	72	3	37	
18	15	15	14	2	16	17	71	13	43	19	60	16	40	11	35	1	17	
9	27	10	69	2	60	16	34	18	75	1	16	14	23	17	32	0	30	
5	66	0	30	1	48	17	1	4	17	19	6	10	71	13	24	14	3	2	21	6	67	
2	71	15	8	3	61	12	10	9	2	11	62	
16	17	6	63	18	46	12	6	15	40	11	36	8	49	
11	45	0	2	17	29	1	63	13	23	9	54	
7	8	0	72	19	40	10	53	11	68	9	49	13	41	14	37	17	45	2	38	
14	16	6	52	5	28	7	48	17	31	
10	41	4	60	6	20	9	58	14	19	8	30	12	35	15	38	7	65	18	54	5	61	
13	71	15	57	18	33	17	1	9	72	
2	75	18	6	5	54	19	37	15	29	9	55	0	41	8	65	4	32	13	31	
4	70	5	3	0	48	3	14	11	32	19	75	1	22	
12	16	14	9	6	31	19	14	4	47	11	22	15	4	2	57	18	69	
3	46	8	71	17	42	11	16	6	63	2	61	1	73	15	26	4	21	16	66	18	14	
11	62	10	48	0	14	19	51	18	65	13	67	14	64	15	42	
19	31	13	53	5	59	9	10	11	2	3	70	12	14	18	37	16	47	4	45	
13	7	15	41	0	42	4	69	10	72	19	36	8	14	3	25	2	38	
14	54	1	29	3	43	19	71	4	51	13	31	16	6	0	45	
15	36	12	8	3	51	11	11	4	26	8	40	7	66	2	60	18	19	
6	10	0	1	2	13	14	14	8	69	9	5	
14	1	11	74	8	23	2	39	7	57	6	8	10	24	13	32	16	4	17	17	3	16	9	64	
13	64	12	40	14	37	9	4	3	70	2	49	5	3	11	72	6	75	8	26	18	50	
16	10	5	37	12	70	7	18	9	72	6	75	19	11	13	17	
7	68	1	64	8	10	11	19	10	14	13	39	4	24	
1	23	7	33	2	3	16	69	9	55	18	17	12	29	5	43	19	2	15	57	10	36	3	74	
15	43	8	47	14	61	2	17	6	39	4	41	10	11	0	6	
8	72	13	65	14	55	6	49	9	64	15	8	3	36	10	50	4	21	1	62	11	9	7	41	
6	36	18	75	17	40	15	47	0	24	12	11	7	4	9	57	10	37	13	9	2	16	
5	26	2	63	14	18	11	66	12	25	8	31	4	58	9	1	3	68	
19	26	7	4	10	33	5	68	14	1	0	9	1	29	9	34	
14	24	1	44	11	56	7	10	19	65	18	73	3	68	9	63	12	54	
13	25	14	43	7	59	2	63	15	50	
7	42	0	66	14	47	16	5	2	17	6	75	10	31	1	9	9	54	
13	41	18	54	11	35	6	55	3	7	10	75	12	26	
6	30	12	29	8	64	1	51	17	19	11	24	
5	62	1	59	9	40	19	28	18	65	4	35	10	64	13	18	2	6	
3	73	12	56	0	7	17	50	13	22	8	45	15	28	16	41	
15	23	7	69	17	72	18	42	14	32	16	9	2	55	11	8	5	5	6	56	10	66	

All component type numbers for each job to be processed by MFPM
1	22	7	23	4	18	0	16	3	19	
8	47	6	41	5	35	
0	14	2	4	8	18	4	16	
0	31	9	29	7	30	
0	14	
1	33	3	37	4	27	8	26	
3	8	9	24	1	7	
1	27	0	43	3	36	5	34	8	29	
9	8	
5	28	9	49	
7	17	4	20	
3	49	9	28	7	41	5	31	4	50	
5	12	3	21	
0	39	6	26	9	38	8	46	7	44	
9	19	0	15	5	11	
5	49	
6	21	
5	43	7	39	1	27	8	36	
9	13	3	9	8	12	
4	28	
9	5	1	15	4	8	
5	29	3	26	7	36	
7	23	3	25	1	21	5	19	9	17	
5	30	
2	6	3	17	0	2	5	20	
2	38	3	32	9	44	
0	3	4	1	9	6	
6	39	2	36	7	45	4	31	9	42	
2	12	1	20	6	9	9	8	
5	47	7	27	
0	23	6	4	
5	31	
1	24	0	14	7	1	6	12	2	8	
6	43	0	44	9	45	
3	13	7	11	1	12	9	6	8	24	
3	46	5	42	
4	6	3	4	9	24	5	3	0	23	
9	31	3	44	
0	16	
6	47	1	33	3	44	7	38	4	26	
6	6	4	24	7	15	
1	42	
1	13	5	9	3	25	6	24	9	11	
4	41	
5	9	6	24	8	19	7	12	
7	32	
1	23	0	2	
4	38	
1	10	7	11	0	23	6	22	
5	45	
9	18	
9	29	2	35	0	27	7	26	1	47	
5	21	
5	44	1	46	2	33	6	39	8	43	
7	22	9	18	5	4	8	8	
5	29	4	40	1	26	8	36	
7	9	2	19	8	12	
0	30	
6	2	
1	29	
6	8	
5	37	
9	19	6	13	
1	45	0	26	4	36	
8	16	7	17	3	23	4	10	
9	30	2	35	5	40	
6	3	
0	30	6	31	3	34	
7	21	6	11	2	18	0	24	
7	33	8	37	3	50	0	28	
1	2	4	10	8	12	7	25	
0	50	
7	16	5	12	3	21	
8	38	3	45	0	28	9	39	
3	21	1	5	8	10	2	24	9	17	
2	26	0	40	
8	16	5	2	4	11	
3	46	
0	9	
0	31	
4	13	8	15	0	14	2	17	7	16	
2	32	4	30	0	36	
8	15	5	14	3	4	2	23	
1	42	
0	22	
4	31	
2	17	7	4	5	11	
0	32	7	29	4	41	8	38	
5	9	
0	43	
4	21	
9	39	1	41	
1	3	
8	48	7	40	9	30	6	27	2	45	
6	9	0	18	9	17	1	7	
2	40	9	35	6	26	
7	16	
3	34	9	50	8	33	2	30	5	45	
2	7	1	24	
7	42	6	50	
0	17	4	8	6	11	8	9	1	5	
1	45	8	46	3	33	4	43	
8	5	2	9	0	15	
8	26	7	46	6	49	0	32	3	36	
1	13	2	2	4	18	9	14	5	4	
3	42	9	45	8	34	1	47	
1	18	9	14	4	4	2	5	
4	27	7	36	5	33	
4	8	1	21	0	2	3	23	2	6	
2	43	7	31	9	48	3	33	1	39	
8	12	
6	50	
6	20	
6	39	2	29	3	35	
5	12	6	13	1	17	
6	30	9	50	
0	6	2	25	1	12	5	19	
6	30	8	31	
5	14	
9	32	6	43	8	28	1	33	
7	12	3	3	5	23	
7	32	3	29	1	41	
7	4	8	14	
4	27	5	35	6	46	0	47	9	36	
1	6	2	7	
6	33	2	37	4	50	5	31	
6	17	
1	45	8	42	4	46	
1	14	8	24	
7	37	
2	3	7	9	1	4	8	19	4	21	
2	41	4	45	9	37	5	31	
3	15	
3	44	6	43	2	42	1	36	9	40	
5	3	1	15	
0	41	5	27	
3	10	1	8	5	25	6	12	
4	38	3	37	
6	18	2	13	
5	38	0	35	9	41	1	45	
7	24	3	5	6	17	8	12	4	13	
2	40	
8	5	6	6	7	3	2	24	4	18	
7	44	
0	20	3	21	
5	31	2	35	8	32	
9	21	6	19	0	4	3	14	
6	49	3	26	2	45	
2	2	0	8	1	23	
9	48	
2	14	
4	36	6	42	1	45	9	43	
7	7	
1	43	5	37	
9	22	1	8	
7	31	0	30	2	28	
4	6	9	8	7	25	8	20	0	21	
3	46	5	48	
0	2	4	19	1	18	9	24	8	20	
1	46	
8	10	0	19	5	16	3	2	
8	33	4	37	
9	1	8	15	4	8	3	5	6	23	
4	48	6	37	5	38	8	45	
7	21	2	6	
4	27	3	31	7	44	8	30	
6	15	5	2	2	14	
6	41	5	46	4	49	
7	21	1	12	8	20	5	4	
7	45	8	35	
2	11	9	22	
3	31	6	32	
4	23	
0	32	7	50	1	28	4	43	2	46	
9	16	4	4	
2	32	0	29	5	38	3	42	7	36	
2	4	8	24	
1	40	2	49	6	32	8	39	0	44	
2	10	
8	43	4	44	3	26	0	39	6	47	
4	20	6	4	7	19	8	7	5	9	
2	39	3	48	1	30	7	44	
3	6	4	18	5	14	9	2	2	16	
0	29	9	34	2	46	1	28	
0	20	5	6	4	1	3	15	
3	36	7	26	4	48	
9	6	8	25	1	3	5	10	
5	33	
5	3	0	24	3	4	
0	45	8	38	
8	15	1	20	0	6	2	7	
1	46	7	38	9	34	3	28	
2	10	1	9	3	21	4	1	
8	26	9	40	0	50	1	35	
0	17	7	6	1	8	
2	45	8	48	3	43	9	28	
9	25	
7	39	0	28	4	37	
1	17	
2	38	3	31	
1	19	6	2	7	11	9	25	
2	34	
6	19	5	4	4	3	3	15	1	23	
0	26	5	50	2	38	9	29	6	39	
5	14	4	19	
6	36	
3	22	8	16	6	14	5	20	0	8	
7	39	6	48	2	34	9	50	0	44	
5	9	
1	42	6	28	3	46	7	49	8	47	
1	23	
5	48	9	40	
7	23	0	2	8	13	5	16	
0	27	
5	7	1	16	6	20	7	13	4	12	
4	31	
8	18	
3	46	
1	6	
5	49	4	28	8	30	9	42	1	27	
8	1	1	18	
9	39	0	42	8	36	1	26	7	49	
9	12	8	13	5	15	7	16	3	3	
6	45	8	26	0	28	3	43	7	33	
5	6	6	1	3	12	1	5	
0	27	1	50	7	28	5	34	9	31	
2	18	6	19	
5	50	9	39	6	46	4	37	7	44	
5	22	6	25	1	13	
0	41	4	45	
0	11	9	14	2	20	4	23	
0	38	
1	22	2	10	
9	50	6	37	
3	15	7	3	1	19	8	18	0	16	
1	38	6	31	
8	1	
9	41	3	34	2	30	1	40	
7	19	3	22	9	13	0	16	5	12	
1	33	8	27	3	28	4	38	
4	3	
6	45	1	31	4	26	8	30	
9	8	1	23	
7	37	2	34	3	49	5	38	
4	24	5	7	2	5	3	9	
0	28	3	39	8	44	1	37	2	45	
2	1	7	25	1	19	9	6	
8	42	
8	23	2	6	7	22	0	5	
3	40	6	39	0	31	8	48	
3	9	8	15	9	3	5	18	
7	49	0	29	6	26	
4	21	
3	39	2	33	8	47	
0	23	
7	38	1	50	2	48	5	44	8	30	
6	5	5	21	8	6	0	25	7	1	
1	26	0	28	2	27	4	47	
8	24	7	13	2	4	4	25	
2	38	9	37	8	29	1	27	6	50	
2	20	9	8	8	13	3	16	
1	41	8	26	0	27	6	49	7	32	
8	8	0	5	
9	26	5	27	
1	9	9	16	
1	48	
4	6	
9	27	3	34	7	32	4	41	2	39	
4	4	0	9	1	2	7	24	
2	42	
7	10	5	23	4	18	
0	44	
4	18	
2	42	4	32	3	33	
1	7	
7	27	3	50	8	32	
1	15	
6	41	7	45	5	44	8	33	1	42	
4	17	0	21	8	16	1	15	
3	30	2	41	8	42	
0	19	9	22	3	18	2	9	1	10	
8	39	0	36	5	41	1	40	
5	6	
6	38	
6	14	2	6	1	23	0	12	4	4	
2	28	9	26	0	33	4	29	8	37	
2	10	4	14	5	12	7	17	
5	44	8	39	0	40	3	36	
0	14	6	5	3	17	
5	46	
0	16	8	7	4	12	1	23	3	5	
5	45	2	34	3	36	
0	10	
4	32	5	47	2	46	7	33	
9	13	1	23	4	20	2	10	6	22	
6	29	2	38	3	44	5	41	8	32	
0	20	
7	46	
1	6	7	25	6	2	2	22	9	10	
3	43	1	27	9	30	8	33	7	34	
6	2	3	10	
8	35	
2	7	
4	40	6	46	9	33	5	30	
5	22	3	19	
1	45	9	48	2	46	
2	19	3	25	
5	29	9	33	0	30	2	49	
3	5	7	22	1	13	
7	50	6	28	
6	12	7	7	5	11	4	22	
2	41	0	28	
8	10	
2	29	
8	7	6	1	0	2	3	9	4	6	
4	50	3	28	
3	22	1	21	4	9	8	23	5	17	
6	31	
2	21	0	17	
1	46	7	39	3	36	
6	24	
5	39	
6	22	5	5	
7	29	
2	7	9	25	3	3	6	8	4	9	
8	48	1	36	9	40	7	32	
0	4	9	12	3	11	7	3	4	25	
0	34	7	27	2	45	
7	24	9	15	1	1	6	19	0	21	
5	42	6	27	7	31	3	39	4	29	
7	25	3	8	4	20	6	13	
6	34	9	30	8	50	
0	4	9	16	4	10	
1	35	8	39	4	32	
6	21	1	5	
0	33	8	35	
1	11	9	2	3	16	2	3	0	10	
5	28	
3	19	8	16	7	11	5	21	1	3	
1	31	6	27	
9	18	3	19	8	21	2	7	4	17	
2	48	7	44	9	36	6	43	
3	18	4	15	6	3	
9	41	
8	13	9	21	3	12	7	22	
6	49	2	46	4	43	7	26	9	37	
1	23	
3	38	1	37	8	50	
8	22	7	23	6	10	0	16	5	24	
7	29	5	50	4	33	3	36	
6	1	
4	27	3	28	2	45	
7	15	9	11	2	12	
6	44	
4	4	5	19	0	25	3	23	8	14	
7	29	1	40	6	46	2	30	5	43	
2	14	7	5	4	21	5	19	
4	40	7	42	
9	21	7	4	
4	32	
6	1	0	9	4	2	9	13	
4	49	6	32	8	50	
7	23	4	3	
7	31	0	34	
2	2	6	14	
8	44	1	28	0	45	7	30	
9	15	8	23	0	3	
3	48	1	33	6	43	
3	11	2	15	6	10	4	18	5	17	
9	44	7	45	5	29	2	43	
8	11	2	15	0	20	3	23	5	21	
7	27	0	30	
7	16	5	5	1	15	
6	45	0	36	1	35	8	46	
2	16	9	12	1	3	3	20	
5	39	2	47	9	36	0	44	1	48	
0	8	4	16	5	7	7	5	8	13	
4	36	5	43	6	50	
5	8	9	19	3	17	6	3	
5	39	
0	21	5	6	9	7	6	25	
6	44	8	38	4	35	
4	24	8	25	6	16	
8	50	3	47	2	26	1	38	4	49	
1	22	
9	30	5	28	4	33	7	31	
9	12	3	21	
6	48	5	30	1	32	3	28	
2	6	4	23	
4	40	7	28	8	27	6	32	
4	20	9	19	8	8	
6	42	5	44	8	35	
6	18	4	25	
2	41	
9	11	1	14	7	5	
8	42	1	28	9	35	2	45	5	30	
4	20	7	2	1	23	3	21	2	15	
2	26	
4	21	3	14	8	12	0	2	
9	44	4	42	3	36	7	39	8	46	

Three processing times per job on each machine
The best scenario
102	116	99	
134	233	124	
196	104	146	
45	31	67	
230	133	256	
265	437	227	
81	86	206	
347	195	159	
450	151	413	
26	32	29	
138	204	137	
80	136	253	
62	83	49	
103	127	109	
57	35	46	
176	184	174	
160	319	467	
89	182	185	
31	21	48	
184	270	79	
54	84	251	
131	298	154	
63	67	63	
59	111	29	
89	73	47	
194	107	197	
119	171	114	
338	94	271	
152	220	434	
111	397	106	
239	272	384	
216	214	304	
352	292	385	
199	94	160	
369	209	126	
86	135	242	
77	97	68	
74	85	131	
98	224	229	
82	177	356	
93	164	290	
85	103	125	
402	257	318	
222	469	398	
70	74	38	
127	208	214	
198	174	124	
48	58	34	
211	339	218	
95	213	46	
150	168	84	
59	256	193	
209	317	141	
319	288	205	
75	110	113	
33	84	34	
120	44	45	
89	47	94	
74	46	65	
430	280	299	
83	163	125	
160	142	253	
144	112	215	
202	174	203	
19	40	59	
287	324	474	
128	301	145	
277	159	164	
287	248	285	
45	33	35	
53	55	54	
124	334	393	
57	54	86	
118	221	222	
298	345	442	
69	143	178	
108	61	73	
157	241	376	
157	168	200	
124	163	204	
119	127	110	
265	291	175	
87	204	139	
104	148	366	
134	213	109	
30	21	38	
304	126	329	
258	265	124	
285	338	133	
144	67	74	
425	136	262	
128	134	153	
151	95	178	
198	424	123	
246	193	106	
109	167	220	
219	341	153	
85	62	57	
124	136	94	
281	480	245	
270	268	308	
133	262	274	
201	210	452	
175	448	270	
122	314	221	
92	37	23	
209	216	260	
203	147	79	
318	259	408	
212	172	157	
183	241	110	
47	200	159	
330	363	237	
230	375	91	
209	93	156	
275	127	269	
51	113	210	
176	108	95	
58	158	141	
200	491	325	
142	78	151	
112	242	235	
154	330	286	
172	233	186	
32	61	36	
321	345	90	
59	160	67	
55	78	83	
30	119	72	
313	297	249	
96	140	53	
69	312	123	
348	263	381	
147	153	142	
232	154	361	
81	95	38	
14	46	39	
159	329	355	
207	61	172	
178	93	225	
157	81	78	
264	150	247	
344	185	141	
48	51	52	
115	124	106	
232	389	377	
221	426	212	
38	41	38	
139	100	207	
24	45	47	
290	274	175	
82	109	129	
199	378	170	
78	189	159	
115	59	63	
78	152	199	
223	72	156	
52	133	26	
65	21	64	
123	238	213	
85	75	231	
88	64	95	
155	201	332	
303	319	333	
205	135	148	
24	58	29	
136	145	255	
146	90	117	
54	23	27	
134	252	450	
155	223	179	
73	40	61	
475	286	134	
219	250	336	
181	149	198	
162	143	98	
255	370	279	
247	493	357	
154	112	140	
184	178	165	
459	110	82	
117	73	66	
104	147	160	
138	58	107	
116	47	71	
169	393	286	
79	108	141	
21	43	57	
456	346	362	
266	421	150	
133	98	83	
156	89	161	
34	65	47	
51	275	57	
254	237	99	
181	120	127	
238	275	259	
318	423	215	
204	221	330	
16	46	26	
Most likely scenario
140	150	129	
248	246	197	
207	127	176	
55	45	74	
315	145	356	
414	496	266	
113	88	226	
354	196	189	
495	226	485	
34	37	31	
235	236	191	
110	200	449	
78	144	70	
104	136	138	
62	64	49	
232	202	208	
227	372	545	
111	229	288	
51	40	59	
221	301	109	
92	130	268	
164	331	188	
68	75	73	
81	124	58	
138	87	81	
266	187	210	
219	231	154	
470	175	394	
283	433	597	
202	532	197	
434	414	505	
330	285	450	
435	536	449	
249	104	184	
434	407	205	
90	171	285	
117	106	87	
79	89	138	
129	444	316	
138	185	388	
120	269	323	
109	121	214	
519	331	345	
258	522	488	
98	92	54	
138	263	258	
238	218	245	
53	94	45	
370	540	253	
135	214	88	
191	181	115	
89	262	205	
263	334	144	
327	376	279	
78	117	123	
45	96	36	
130	67	58	
140	82	100	
98	47	72	
469	402	440	
134	168	148	
236	263	285	
154	161	218	
268	292	235	
38	43	68	
525	342	489	
207	393	216	
306	200	219	
465	432	412	
83	49	63	
72	58	58	
177	348	423	
91	62	98	
121	350	423	
466	351	485	
79	152	207	
116	70	114	
282	343	426	
222	335	324	
214	186	315	
161	154	112	
403	357	253	
127	213	195	
155	270	536	
256	241	146	
32	23	42	
371	239	404	
263	337	185	
339	373	147	
257	92	99	
475	209	283	
174	209	181	
280	151	295	
330	460	212	
270	219	162	
114	326	278	
398	472	179	
104	68	59	
148	146	111	
430	485	436	
412	302	336	
265	456	376	
323	303	502	
279	588	359	
190	381	360	
105	71	37	
261	291	332	
220	264	139	
553	405	594	
276	308	173	
354	258	163	
81	264	193	
402	463	364	
255	395	140	
219	176	178	
319	130	378	
93	145	263	
187	133	160	
88	188	152	
337	512	395	
237	93	188	
223	255	260	
193	440	304	
273	284	225	
49	62	50	
523	536	143	
106	168	94	
87	108	92	
55	124	107	
329	383	252	
148	213	84	
128	384	167	
437	434	417	
209	189	164	
274	251	386	
148	97	59	
19	59	56	
237	484	481	
211	72	210	
347	172	270	
177	120	115	
367	153	371	
465	188	200	
67	67	60	
158	149	123	
427	442	469	
282	431	313	
43	42	42	
164	132	229	
36	61	71	
493	427	184	
149	184	165	
248	419	174	
121	335	219	
126	92	110	
108	177	300	
280	117	202	
59	151	43	
89	36	72	
227	464	296	
159	148	266	
113	90	156	
265	236	466	
311	475	420	
269	175	208	
35	72	45	
168	210	257	
192	164	140	
59	26	35	
174	286	451	
202	270	228	
115	60	96	
527	290	170	
294	413	406	
259	197	235	
173	172	140	
308	568	299	
380	502	556	
189	127	277	
281	301	322	
473	159	161	
160	131	129	
129	238	290	
157	98	209	
146	55	119	
219	535	291	
120	133	158	
41	75	61	
472	438	524	
452	499	161	
176	99	87	
271	154	240	
45	87	55	
82	278	96	
395	448	176	
259	213	236	
240	384	297	
491	469	396	
391	436	452	
19	60	34	
The worst scenario
174	212	178	
270	300	267	
224	154	202	
82	61	108	
365	201	534	
595	575	352	
137	115	256	
527	238	252	
667	300	659	
46	49	40	
295	300	218	
145	230	542	
88	149	76	
111	204	161	
87	67	61	
286	230	304	
339	428	687	
131	267	360	
57	44	62	
313	348	147	
118	151	334	
177	412	260	
86	88	100	
92	126	77	
152	121	104	
300	209	237	
280	320	184	
607	256	564	
328	463	880	
221	632	205	
558	531	721	
494	312	665	
640	774	663	
339	124	266	
502	496	219	
130	255	337	
132	137	114	
80	121	174	
140	609	332	
198	206	445	
144	324	436	
156	172	293	
750	347	395	
374	551	717	
127	99	78	
207	280	314	
357	297	344	
65	101	58	
490	641	300	
195	316	89	
218	215	165	
104	283	293	
338	415	177	
426	548	307	
83	129	127	
61	112	48	
181	85	70	
148	97	143	
128	52	85	
552	422	515	
178	231	165	
265	294	296	
182	173	249	
329	360	277	
57	48	82	
551	403	604	
254	509	318	
447	241	326	
634	629	493	
111	53	87	
73	83	67	
222	501	454	
107	66	129	
132	486	571	
495	441	668	
90	167	308	
131	88	163	
350	509	438	
282	484	334	
261	206	425	
195	227	127	
551	448	315	
185	230	261	
208	336	786	
340	302	160	
45	24	57	
396	272	500	
292	365	227	
378	553	200	
360	105	139	
709	252	423	
213	253	260	
401	216	337	
352	599	261	
283	313	170	
119	350	358	
531	690	253	
144	86	88	
156	150	143	
553	678	510	
448	366	439	
356	582	531	
434	315	606	
325	736	411	
276	521	378	
150	101	42	
268	382	428	
255	318	207	
812	417	598	
286	459	182	
369	261	173	
102	353	252	
550	643	396	
345	583	176	
221	182	259	
438	152	431	
137	189	281	
219	135	178	
116	215	203	
488	724	466	
265	124	241	
290	354	360	
278	555	337	
276	377	258	
52	71	60	
607	634	180	
154	175	112	
92	148	129	
73	172	119	
395	397	326	
169	215	94	
189	401	225	
458	582	549	
227	222	224	
331	255	394	
169	104	85	
23	86	59	
306	550	533	
289	76	281	
503	247	277	
232	142	119	
453	213	432	
638	233	300	
69	73	76	
216	184	125	
448	547	670	
408	463	353	
52	58	46	
213	137	281	
46	88	92	
640	460	199	
208	252	219	
349	495	193	
162	373	270	
130	102	147	
110	217	361	
374	167	277	
74	208	54	
117	54	83	
296	549	419	
163	164	340	
132	115	173	
312	301	624	
362	531	545	
309	203	245	
50	89	47	
232	269	264	
199	215	186	
62	37	45	
208	398	573	
212	362	289	
138	84	140	
528	383	224	
305	511	535	
262	264	344	
196	214	209	
370	812	379	
398	706	771	
231	189	336	
297	446	348	
627	226	222	
211	191	162	
165	278	320	
235	125	212	
178	62	163	
327	571	433	
163	177	219	
52	90	81	
603	588	709	
540	599	202	
245	112	99	
347	194	261	
60	108	64	
120	333	136	
551	648	202	
323	295	277	
306	495	366	
568	665	572	
446	543	662	
20	82	42	
