Factories	3	Jobs	200	Machines	2

Total number of component types per job processed by HSPM
10	9	8	6	11	8	5	9	11	6	6	6	5	6	9	10	12	10	10	8	5	5	7	8	7	9	9	12	9	10	6	8	5	11	5	8	5	7	9	5	11	11	10	11	5	10	8	5	8	8	10	10	12	12	6	5	9	8	9	7	8	10	9	7	5	8	9	5	12	7	5	11	9	5	7	5	12	8	9	11	5	6	12	12	5	6	8	5	5	7	5	11	10	8	10	5	10	8	11	5	8	7	8	9	6	12	12	5	11	8	12	11	11	10	9	6	7	5	7	11	12	8	6	8	8	12	8	10	10	11	5	10	9	6	12	7	9	8	11	10	9	10	8	6	8	6	9	7	10	8	9	12	5	9	12	8	9	6	5	5	7	9	5	10	8	6	7	7	10	9	10	5	7	6	7	12	6	9	11	7	6	7	7	11	8	12	6	8	5	6	7	7	8	10	12	5	5	6	10	6	

Total number of component types per job processed by MFPM
4	3	2	5	1	2	4	4	3	1	2	5	1	5	4	2	5	5	2	1	1	2	1	5	1	4	1	4	5	3	4	5	3	5	4	3	3	1	1	2	5	2	3	2	2	5	4	3	1	5	4	2	1	1	4	5	4	4	1	5	2	1	3	4	2	4	5	2	1	3	3	1	2	5	3	5	5	4	2	5	5	4	5	1	5	3	1	2	3	1	5	1	4	3	5	3	2	2	5	3	1	1	1	2	3	5	1	2	1	1	4	3	1	5	5	3	4	5	1	1	1	1	2	1	1	1	1	1	3	2	1	2	3	3	3	2	5	3	2	5	5	3	2	2	3	5	1	3	2	5	1	3	3	1	2	4	2	5	3	4	3	4	5	3	5	4	5	2	2	2	2	3	2	2	1	1	1	5	5	1	4	2	5	2	4	4	5	2	4	4	1	5	4	3	3	3	2	2	3	1	

All component type numbers for each job to be processed by HSPM
18	2	9	1	5	59	3	65	15	19	10	29	14	74	7	17	6	28	8	43	
5	66	4	69	14	14	13	21	12	16	8	51	10	7	11	18	9	59	
2	42	8	5	4	36	11	51	15	2	5	56	13	74	10	68	
6	29	2	15	10	38	17	30	1	47	16	34	
2	14	13	61	5	5	7	20	6	73	19	25	11	11	9	51	10	44	15	40	0	58	
19	11	13	62	17	9	6	43	7	5	14	50	0	54	10	52	
9	32	5	59	7	29	15	61	17	50	
18	71	2	18	9	41	12	27	6	44	15	52	5	63	19	72	8	75	
10	74	4	5	12	72	17	9	8	28	1	17	11	46	5	63	2	69	9	61	0	30	
14	41	17	16	1	18	7	59	0	57	12	60	
10	61	0	8	4	6	13	49	2	42	11	9	
18	57	2	35	9	65	14	62	4	1	3	29	
12	55	17	65	8	19	0	12	5	51	
17	59	6	10	9	6	18	17	7	75	15	35	
5	36	2	32	1	53	8	23	4	65	10	30	7	19	17	51	15	8	
17	33	9	5	16	40	15	63	1	17	14	6	6	73	2	46	19	72	4	1	
10	29	11	30	7	45	5	5	0	53	12	3	19	9	1	72	2	23	15	16	9	24	14	14	
4	11	13	42	1	20	19	66	3	6	2	45	11	1	10	60	15	63	7	73	
10	55	14	62	6	46	9	3	13	71	19	58	5	18	15	25	4	72	7	36	
17	5	19	10	4	31	11	7	14	19	6	32	10	62	5	20	
13	3	6	65	4	36	0	69	1	59	
3	63	10	70	16	19	6	51	19	28	
1	68	16	62	12	69	11	44	6	55	4	15	18	63	
15	17	6	57	1	15	9	45	11	35	8	32	14	16	18	20	
0	48	15	58	4	40	9	56	13	6	12	59	10	68	
18	3	10	9	9	75	2	17	16	8	1	19	19	63	3	12	0	4	
1	47	3	22	7	40	9	56	13	31	15	19	10	45	11	14	18	63	
10	59	0	7	4	13	19	55	9	14	2	61	7	50	14	25	13	46	17	38	18	60	1	53	
7	6	14	40	17	23	15	14	12	71	4	27	6	74	13	28	18	59	
15	56	12	3	10	19	19	75	3	46	11	7	7	70	8	29	14	39	18	41	
18	44	3	61	16	52	17	49	1	2	15	41	
16	60	13	46	2	48	11	10	10	31	12	24	14	65	4	61	
13	2	9	16	6	18	12	59	17	7	
3	74	18	52	4	39	7	18	2	24	14	48	8	20	5	26	1	7	0	71	12	47	
19	63	18	23	2	30	14	2	9	4	
9	37	3	35	13	43	15	18	10	22	1	11	17	71	2	12	
15	63	18	55	4	68	5	35	13	71	
17	61	14	12	2	44	9	51	15	65	8	46	12	67	
17	54	1	17	12	70	14	47	5	57	18	42	7	67	10	32	19	63	
6	14	2	34	10	15	18	72	12	4	
2	75	9	18	1	60	3	49	19	59	8	6	5	66	13	57	4	14	10	64	6	39	
0	31	19	16	15	62	17	59	11	27	13	24	5	18	16	40	14	19	4	50	1	63	
7	17	14	36	0	75	10	47	5	68	11	13	17	22	4	16	13	12	12	6	
4	72	8	3	11	22	6	17	18	39	15	49	5	18	9	15	3	44	13	64	7	68	
9	68	8	21	13	14	14	45	7	75	
13	70	11	53	5	22	12	66	7	73	6	29	15	3	19	35	4	19	14	14	
9	32	6	14	10	62	5	5	3	39	14	10	16	37	4	43	
10	59	9	51	1	23	17	32	6	22	
18	48	11	20	17	40	8	22	13	51	3	73	6	41	16	2	
19	18	12	66	18	65	16	40	6	28	1	24	17	50	8	53	
14	2	9	31	8	16	18	73	16	69	6	55	3	5	10	61	7	53	1	65	
14	46	2	63	10	17	9	8	17	48	0	21	18	18	16	34	8	33	5	60	
8	52	10	69	9	26	19	23	3	68	13	32	15	13	2	63	6	25	17	40	16	29	14	10	
18	38	0	53	11	35	7	36	17	25	15	46	16	14	1	72	19	55	8	15	6	33	10	6	
6	8	14	12	12	17	4	46	13	64	10	25	
5	9	11	27	6	43	7	46	13	40	
1	23	13	27	9	24	19	5	3	46	0	70	4	12	14	48	17	19	
7	24	18	12	3	15	12	10	17	44	2	26	5	67	16	55	
0	58	9	43	4	15	6	40	8	44	14	39	18	18	13	30	7	75	
17	50	18	4	9	56	3	27	7	20	15	66	19	3	
8	75	7	63	12	24	4	56	2	26	1	5	5	59	19	22	
18	36	5	19	14	4	8	43	3	59	16	3	9	56	2	38	0	34	15	18	
15	30	19	37	5	15	0	47	18	43	2	3	10	63	8	57	6	34	
7	63	13	22	9	23	8	17	17	2	19	32	0	57	
11	14	16	39	15	26	4	38	14	60	
14	46	7	22	12	26	11	75	19	72	15	47	1	10	0	29	
2	51	0	30	10	29	12	21	11	5	16	13	6	11	14	37	8	63	
15	18	12	8	6	63	11	4	4	30	
19	74	17	59	18	71	13	13	15	62	14	18	0	30	5	27	10	5	16	26	11	3	12	17	
6	50	19	63	17	72	7	54	11	35	13	29	2	18	
2	43	6	39	8	11	13	73	9	65	
2	65	9	25	3	51	8	17	1	27	16	4	15	36	10	14	12	54	0	11	6	63	
19	67	1	57	18	55	12	69	10	1	8	6	7	41	14	39	2	3	
19	6	5	21	14	8	6	47	7	15	
0	5	5	63	8	9	16	74	17	46	1	61	10	35	
8	35	7	8	3	16	14	28	12	53	
17	6	9	65	7	31	2	41	5	49	1	53	11	66	10	25	0	50	18	58	4	62	8	30	
4	38	17	54	15	4	14	16	5	49	1	10	18	43	13	12	
6	26	12	67	3	37	1	11	4	45	0	73	7	10	16	16	17	8	
1	47	11	11	0	1	9	60	7	14	13	70	12	29	16	65	4	71	10	67	19	33	
17	74	7	13	4	71	2	52	0	67	
6	49	5	18	7	59	1	72	4	21	9	24	
5	27	18	48	13	69	1	32	2	50	12	57	14	36	11	61	19	60	6	7	7	5	8	72	
10	43	14	73	17	35	16	42	6	54	12	64	13	10	19	25	3	75	18	17	0	68	5	53	
2	25	13	8	10	48	14	4	0	75	
17	36	7	35	18	72	5	15	2	22	10	9	
19	33	4	17	14	56	13	52	17	11	3	36	10	12	15	43	
15	21	5	11	16	47	0	40	1	30	
14	38	16	73	0	31	4	18	10	63	
19	36	3	74	0	44	9	59	18	40	6	42	7	55	
1	69	9	22	2	73	12	4	14	9	
9	37	17	26	14	7	15	21	6	14	12	36	5	28	11	15	10	13	18	45	4	2	
1	2	9	37	2	67	17	35	8	20	18	19	19	48	14	11	10	65	12	12	
6	5	11	51	15	26	3	67	2	61	17	20	14	34	18	2	
16	62	18	36	9	5	17	74	2	26	7	20	19	67	12	59	14	22	6	49	
2	63	11	72	0	68	14	2	9	31	
6	25	17	19	14	17	3	51	15	49	13	53	10	60	4	11	9	48	1	65	
11	31	6	26	1	54	7	21	4	61	12	63	19	8	17	3	
12	69	16	46	0	59	9	27	14	24	19	9	11	12	1	45	7	37	2	20	6	47	
3	55	12	74	16	7	10	68	19	52	
8	6	6	74	16	72	10	60	17	15	3	22	11	47	1	30	
0	24	2	59	1	1	16	66	5	34	17	60	19	17	
12	12	16	37	5	50	6	29	11	56	19	2	4	63	15	24	
14	20	3	7	7	71	17	46	18	52	19	60	12	24	9	59	15	75	
3	74	7	55	16	10	10	22	8	7	1	23	
15	70	14	47	4	5	12	71	19	61	3	41	6	68	1	48	7	25	17	65	0	58	10	62	
6	29	15	19	17	71	12	46	4	51	18	61	11	4	0	57	16	66	19	68	7	18	8	72	
11	62	8	5	7	8	9	46	10	57	
12	39	5	15	19	3	16	35	3	65	6	32	13	67	14	59	11	37	2	72	15	1	
19	44	7	75	17	2	6	57	15	52	13	34	11	3	9	7	
12	74	2	55	15	50	1	21	5	13	11	5	3	39	4	15	7	26	10	53	13	12	18	66	
0	14	2	62	7	56	16	67	11	47	14	12	13	64	10	18	12	16	18	40	6	8	
16	22	7	71	5	24	8	68	9	23	14	44	1	74	10	61	18	30	12	53	13	69	
12	75	5	72	4	26	1	69	2	44	16	3	7	6	17	40	14	48	19	8	
4	71	5	58	10	21	2	26	9	37	15	62	16	1	17	38	1	52	
7	25	11	11	13	34	12	51	19	43	4	3	
7	68	15	9	11	54	17	13	18	5	1	44	5	30	
1	30	19	29	15	19	16	7	2	43	
9	38	16	12	2	18	5	47	14	68	4	56	0	29	
2	26	7	70	19	45	16	5	18	32	12	3	0	12	9	74	14	8	1	33	10	41	
1	30	14	16	3	28	4	23	10	73	5	36	6	55	9	4	12	37	19	9	8	60	17	33	
10	4	14	33	3	32	6	41	17	64	16	35	12	15	5	22	
17	32	8	62	0	38	14	69	2	35	11	63	
17	15	7	12	1	46	13	32	8	25	3	73	18	7	9	70	
8	39	2	49	3	40	13	51	5	21	18	38	11	17	9	63	
4	15	3	73	14	2	13	62	12	37	16	51	17	24	19	29	7	13	9	71	18	32	10	22	
16	37	17	6	2	13	6	33	4	40	13	3	5	61	9	69	
16	48	3	27	17	24	1	54	14	17	8	1	5	45	7	14	13	11	19	70	
6	75	12	19	0	50	10	23	11	44	1	9	3	18	17	6	2	40	14	20	
8	41	13	64	1	48	6	34	18	69	16	8	0	65	9	68	7	18	2	57	14	5	
19	30	14	44	12	55	13	20	9	63	
3	45	4	75	14	29	1	26	7	52	12	6	18	50	19	13	5	37	8	22	
1	41	17	22	18	42	9	35	11	47	2	66	10	61	16	9	3	60	
16	73	11	14	12	38	17	58	3	11	15	47	
17	32	3	68	16	25	18	11	0	12	11	58	2	67	19	55	12	57	8	10	7	3	14	47	
10	62	12	3	17	14	6	52	13	9	1	31	3	24	
5	68	7	58	18	22	11	4	0	20	15	37	4	39	19	28	9	56	
15	58	3	35	5	9	14	15	18	8	8	5	19	64	1	32	
0	56	5	47	15	68	3	14	4	13	6	23	8	36	10	75	19	45	13	67	7	30	
7	24	17	30	12	43	11	63	13	52	16	14	14	33	15	5	4	49	18	29	
0	24	6	31	12	21	9	75	3	38	16	9	13	63	2	68	11	28	
11	43	9	47	16	19	19	67	4	58	0	25	12	65	7	23	18	18	15	10	
14	55	0	22	19	73	15	31	12	40	11	54	16	69	18	39	
13	14	17	53	4	23	2	51	0	64	6	18	
2	31	6	20	9	55	18	69	1	11	14	72	15	64	3	37	
0	36	8	64	6	9	19	37	9	23	13	73	
10	31	9	43	6	63	5	18	18	17	15	5	7	12	16	41	8	9	
2	22	19	59	12	6	0	68	9	32	18	56	10	28	
0	11	3	1	6	26	16	3	19	32	7	61	10	66	1	27	4	14	13	74	
4	56	18	58	2	11	7	13	17	33	0	49	12	37	1	12	
11	20	13	44	6	68	8	26	7	59	12	8	9	1	17	52	1	3	
7	34	0	68	5	65	6	32	14	48	4	6	17	42	15	9	8	23	1	73	19	14	13	71	
7	24	3	16	8	17	16	10	6	63	
5	45	11	67	16	53	13	9	7	1	1	11	19	15	17	52	18	28	
9	53	2	66	5	5	11	50	19	52	8	38	18	4	10	35	17	75	13	51	0	69	15	46	
18	52	10	61	19	33	3	66	16	5	11	48	17	26	14	49	
2	6	16	56	6	63	5	4	8	65	1	45	14	54	11	67	7	48	
3	69	1	55	7	35	14	48	15	62	16	44	
0	15	15	27	7	4	4	57	5	55	
4	75	5	7	13	72	1	20	12	24	
15	4	11	59	1	68	2	24	18	72	8	67	7	62	
2	62	8	8	3	36	7	52	10	13	19	42	16	9	5	44	1	15	
5	22	17	23	9	52	15	5	7	33	
9	56	19	5	14	18	15	58	12	12	13	62	1	3	0	72	8	11	5	37	
5	31	18	8	6	44	0	52	4	12	1	11	10	41	15	61	
0	9	19	63	8	46	14	31	6	33	1	18	
12	23	19	54	10	19	9	59	14	64	3	38	5	10	
4	39	1	56	6	12	13	69	15	18	12	28	14	21	
2	71	0	17	18	63	1	20	13	64	4	36	11	7	15	3	12	34	6	15	
16	53	17	54	7	72	4	19	13	8	15	5	0	9	2	69	10	11	
13	16	5	53	9	63	14	48	8	24	10	4	4	25	19	8	17	67	18	73	
4	3	10	45	14	67	17	10	19	6	
0	69	13	62	17	57	16	31	12	41	15	42	10	44	
1	4	18	57	0	6	14	32	4	75	3	31	
2	24	8	29	10	25	15	5	17	15	19	55	0	11	
3	28	2	7	1	58	6	47	4	17	19	3	12	10	15	62	11	66	7	74	17	51	16	50	
5	23	16	65	8	72	6	56	7	57	2	66	
11	46	5	61	16	70	14	18	15	30	13	31	4	14	3	2	1	34	
10	43	15	29	4	21	12	24	0	62	19	22	1	52	5	51	18	15	17	33	8	25	
11	34	10	31	16	1	3	64	5	57	18	66	1	7	
2	23	16	58	0	73	11	74	10	39	18	43	
11	62	7	16	4	68	17	7	6	49	13	11	3	69	
5	58	7	51	10	44	15	49	11	57	16	23	0	39	
10	35	14	52	11	54	6	71	7	31	0	9	16	50	17	37	2	65	1	40	18	28	
13	48	9	43	10	40	0	39	15	18	19	67	8	45	14	62	
19	45	0	16	13	5	15	18	9	68	4	41	14	66	6	26	12	74	8	54	7	23	10	2	
1	75	11	16	10	29	13	70	2	3	4	12	
1	49	9	55	15	21	11	17	6	60	8	1	19	47	2	53	
13	41	15	52	6	47	8	40	18	26	
5	18	7	30	19	63	4	39	13	48	18	33	
9	2	14	36	2	21	17	57	16	56	8	39	0	10	
15	71	1	21	3	58	16	40	8	19	14	33	5	41	
5	10	8	1	6	12	2	47	7	59	11	43	13	21	17	55	
13	18	1	16	2	29	4	8	11	44	7	27	5	57	14	63	10	28	19	20	
10	58	18	29	7	37	2	74	13	64	3	44	17	54	0	55	8	16	15	41	9	39	19	38	
7	29	13	52	9	42	11	28	4	53	
9	20	10	35	4	21	7	19	5	73	
15	64	2	12	4	66	17	24	3	63	1	72	
19	75	1	1	15	2	0	34	12	42	16	10	7	65	8	63	17	14	6	9	
6	29	5	15	8	25	9	45	14	59	2	41	

All component type numbers for each job to be processed by MFPM
3	20	4	9	1	10	0	19	
9	8	3	25	5	10	
1	5	5	3	
5	1	8	2	2	6	7	22	4	7	
3	19	
1	14	7	19	
4	15	3	24	9	19	0	17	
0	19	6	13	7	3	1	6	
0	17	8	2	1	23	
3	23	
0	16	5	4	
8	23	4	16	5	10	9	7	1	5	
5	2	
4	5	3	21	6	13	8	4	7	14	
8	10	0	18	2	20	3	2	
4	3	0	16	
2	12	8	17	5	14	4	3	7	2	
9	11	2	6	0	23	7	18	5	7	
6	16	9	5	
4	25	
0	1	
3	8	5	23	
2	24	
9	23	8	3	7	20	6	25	5	9	
8	4	
1	6	9	25	3	23	8	24	
4	11	
1	20	7	4	6	13	0	5	
1	4	9	14	2	23	5	13	0	9	
0	18	1	8	2	9	
7	23	3	25	0	24	1	22	
5	11	6	1	9	22	8	10	4	21	
1	7	9	20	7	14	
4	9	1	8	0	5	8	2	9	24	
6	22	4	10	0	20	9	18	
9	25	7	1	4	12	
5	12	2	22	4	23	
5	16	
4	12	
7	11	5	21	
8	21	3	23	4	12	9	11	0	17	
1	10	7	15	
4	2	2	3	5	15	
5	21	6	17	
6	1	1	3	
1	17	3	11	6	2	5	19	7	23	
7	20	2	5	1	25	9	4	
1	11	2	3	5	1	
8	17	
1	25	6	19	9	22	5	8	0	6	
8	21	1	11	4	24	3	14	
3	16	9	22	
5	22	
5	16	
3	1	4	3	5	17	6	12	
6	23	5	5	0	19	7	6	2	14	
9	5	7	17	3	6	2	10	
8	1	4	5	3	24	0	3	
6	13	
2	25	9	24	7	4	4	6	3	5	
1	17	8	19	
8	22	
9	15	7	3	2	24	
3	14	6	15	1	25	7	22	
7	25	3	9	
5	5	8	4	2	1	6	3	
0	9	3	3	7	24	2	7	8	8	
3	23	5	7	
9	2	
0	18	7	11	9	17	
3	15	9	14	0	10	
8	21	
7	13	5	21	
5	2	4	24	2	11	8	23	3	6	
7	17	8	2	0	15	
0	6	5	9	4	22	8	1	1	21	
7	23	3	8	1	6	5	5	6	10	
8	17	3	6	4	4	7	9	
1	7	6	2	
5	5	1	16	2	23	6	1	7	3	
6	4	4	6	9	3	8	10	2	5	
4	8	7	12	0	19	6	7	
6	2	0	1	1	17	7	9	8	11	
7	19	
1	1	9	11	7	13	3	24	8	21	
7	24	8	7	5	22	
0	3	
3	24	7	8	
1	8	0	14	3	12	
4	24	
5	14	1	1	3	8	0	25	2	22	
4	10	
1	24	5	25	3	9	4	19	
0	16	8	20	6	15	
5	4	4	7	7	8	2	6	1	15	
6	15	4	13	8	16	
1	20	5	25	
3	7	4	11	
6	21	8	8	2	24	9	1	3	6	
0	5	3	15	1	4	
6	6	
1	5	
1	16	
9	25	8	16	
5	25	3	20	0	16	
0	12	4	2	9	8	3	13	6	11	
4	11	
8	12	1	24	
2	2	
0	18	
6	24	8	9	1	16	0	21	
0	13	5	9	4	25	
7	21	
0	7	5	1	6	25	9	8	4	23	
3	21	1	4	2	1	0	23	5	8	
8	4	3	8	4	24	
9	7	5	19	7	24	6	6	
8	8	1	10	6	2	7	7	2	3	
7	25	
4	23	
3	6	
1	5	
2	9	1	13	
2	15	
5	7	
0	20	
4	19	
7	5	
8	19	7	7	3	4	
3	7	8	22	
1	11	
3	25	2	12	
4	12	3	11	0	19	
1	7	4	20	3	9	
4	1	6	14	9	22	
3	12	9	14	
0	5	5	15	2	16	7	6	3	9	
8	13	2	20	6	3	
7	11	2	1	
4	5	5	7	7	16	3	10	1	8	
2	10	1	8	0	7	7	14	9	13	
8	19	4	11	2	22	
1	3	7	14	
2	23	7	24	
6	2	0	1	4	4	
6	25	7	17	8	4	5	22	3	7	
2	2	
6	11	7	3	0	1	
8	23	1	13	
1	12	4	19	2	4	0	25	6	9	
6	6	
8	15	2	3	4	14	
3	25	9	2	6	16	
3	7	
8	13	1	8	
7	7	8	6	6	8	3	18	
5	12	4	9	
7	20	8	21	2	5	3	16	9	19	
4	24	8	20	5	9	
3	15	6	9	2	10	9	21	
1	4	0	1	5	8	
1	24	3	12	6	5	4	13	
2	6	1	24	8	7	3	11	9	3	
2	16	7	22	5	11	
9	19	6	12	5	18	1	10	0	21	
3	10	4	19	9	2	6	6	
3	12	7	25	9	4	6	23	4	21	
5	7	0	13	
2	12	6	18	
2	24	3	2	
8	1	5	5	
3	15	1	9	0	1	
3	9	8	13	
4	19	3	3	
0	2	
0	5	
5	5	
8	23	1	25	4	19	9	7	3	3	
4	23	3	9	6	6	0	8	5	16	
9	5	
3	11	1	6	9	16	6	25	
2	3	9	2	
1	17	2	12	8	23	3	24	7	11	
0	21	1	14	
7	20	5	21	4	4	2	11	
0	13	9	15	8	9	6	14	
8	16	4	17	7	22	5	23	3	20	
5	21	6	11	
4	10	1	13	5	25	3	16	
8	8	1	24	9	14	2	10	
6	8	
6	6	2	14	3	2	1	3	8	21	
7	25	3	11	2	23	4	12	
8	25	0	9	4	11	
3	16	8	3	7	12	
2	7	1	18	0	23	
8	24	1	1	
2	8	6	11	
9	9	6	5	2	6	
5	20	

Three processing times per job on each machine
The best scenario
621	528	
192	58	
259	528	
644	285	
333	245	
162	155	
504	574	
361	616	
367	262	
200	101	
118	68	
206	105	
610	921	
158	95	
785	709	
97	92	
267	219	
451	826	
463	1232	
520	461	
163	261	
359	576	
58	86	
134	175	
516	490	
793	451	
353	200	
724	627	
103	356	
441	164	
245	329	
896	563	
466	541	
143	309	
307	637	
763	1314	
367	349	
151	95	
505	441	
836	754	
142	257	
494	411	
995	902	
75	62	
238	205	
163	111	
92	83	
757	531	
285	792	
254	805	
797	822	
567	528	
144	143	
689	942	
124	55	
498	901	
737	726	
293	77	
442	346	
541	508	
162	278	
564	348	
260	494	
470	752	
1203	481	
315	291	
318	275	
930	263	
399	273	
422	95	
372	547	
105	48	
213	250	
270	347	
289	1228	
314	287	
203	464	
570	786	
289	178	
210	560	
1076	366	
484	426	
402	258	
143	96	
193	175	
637	389	
118	56	
1093	838	
1237	458	
165	231	
215	79	
139	254	
239	1180	
399	586	
895	658	
396	286	
445	476	
127	69	
209	176	
399	331	
113	197	
606	856	
269	318	
76	107	
808	736	
418	322	
103	208	
120	349	
350	354	
743	195	
298	139	
144	158	
800	221	
309	191	
747	457	
466	220	
338	591	
592	1243	
604	351	
158	159	
584	399	
261	146	
491	991	
853	265	
397	655	
95	181	
362	522	
780	1195	
212	208	
315	469	
441	285	
496	571	
441	518	
30	120	
211	187	
850	249	
186	246	
493	437	
216	333	
733	757	
92	78	
572	250	
297	408	
572	1170	
59	179	
819	481	
315	439	
287	311	
598	732	
512	355	
283	844	
489	454	
564	185	
689	913	
954	309	
915	650	
664	341	
230	92	
642	835	
241	202	
739	427	
794	311	
902	746	
188	557	
311	126	
328	397	
161	140	
1171	429	
223	343	
364	339	
382	649	
607	639	
764	404	
931	550	
470	171	
458	452	
1408	742	
188	660	
418	272	
87	66	
288	116	
112	203	
959	616	
338	844	
301	492	
110	412	
590	287	
788	755	
186	347	
651	568	
249	207	
236	343	
587	645	
322	474	
242	344	
497	955	
435	571	
486	378	
152	265	
502	1079	
Most likely scenario
654	629	
291	115	
325	630	
697	333	
399	288	
168	249	
633	708	
605	781	
678	431	
391	153	
128	128	
336	113	
776	1059	
185	186	
1296	1106	
177	160	
372	277	
697	888	
740	1241	
848	577	
190	407	
653	1097	
115	95	
195	226	
997	946	
1266	471	
499	383	
766	959	
197	590	
724	272	
348	466	
1236	1042	
637	740	
271	368	
454	838	
1049	1510	
490	432	
243	115	
644	528	
1568	1093	
282	296	
513	412	
1126	1013	
128	95	
440	227	
269	207	
177	156	
1021	1055	
355	989	
428	927	
950	1482	
1085	722	
222	228	
1151	1342	
217	71	
947	1028	
1027	765	
366	114	
555	534	
733	520	
192	450	
580	406	
454	534	
481	782	
1233	490	
430	311	
511	399	
1003	296	
579	318	
486	126	
438	757	
156	78	
375	474	
453	451	
339	1250	
322	408	
286	795	
1028	880	
322	231	
349	571	
1149	705	
605	813	
458	398	
205	128	
240	180	
750	553	
157	61	
1384	1219	
1401	849	
271	234	
241	93	
190	301	
454	1235	
499	1092	
1009	700	
432	326	
813	569	
171	70	
287	240	
460	498	
153	218	
628	989	
400	354	
151	113	
882	860	
696	483	
199	216	
176	486	
395	427	
774	293	
464	208	
179	230	
1314	417	
502	237	
1477	506	
575	440	
469	888	
990	1295	
1103	515	
190	188	
744	639	
454	162	
538	1191	
854	418	
500	1292	
118	190	
513	840	
832	1448	
235	282	
557	626	
536	347	
700	646	
447	728	
55	154	
290	344	
1187	381	
214	247	
782	622	
332	382	
1341	780	
143	114	
748	328	
383	476	
999	1385	
92	183	
904	511	
329	673	
327	399	
928	739	
583	582	
480	856	
570	709	
601	224	
1117	946	
1166	510	
1086	975	
858	605	
247	96	
1060	1127	
306	372	
959	530	
930	540	
968	861	
235	656	
336	225	
565	491	
288	251	
1290	508	
346	372	
538	568	
720	742	
643	868	
822	478	
987	1084	
545	316	
639	552	
1553	825	
281	664	
516	352	
89	122	
355	150	
125	308	
965	675	
498	931	
486	654	
178	426	
1085	369	
1155	1235	
187	380	
718	817	
483	308	
412	450	
833	713	
473	511	
369	363	
880	1210	
864	1114	
689	419	
211	468	
753	1430	
The worst scenario
787	880	
342	122	
378	874	
989	343	
474	309	
230	325	
783	739	
669	1002	
756	548	
397	164	
130	169	
345	141	
1005	1285	
243	266	
1697	1434	
214	208	
516	325	
1029	1097	
851	1789	
982	842	
215	531	
940	1200	
158	114	
251	324	
1280	1113	
1621	631	
594	547	
915	1165	
292	618	
745	303	
446	514	
1377	1210	
883	886	
328	427	
499	1049	
1174	1831	
640	442	
278	155	
657	690	
2117	1321	
383	370	
688	503	
1333	1467	
132	127	
575	267	
291	247	
210	209	
1274	1238	
433	1234	
604	1301	
1242	1635	
1409	916	
263	304	
1394	1833	
238	88	
1242	1139	
1454	958	
441	162	
569	560	
898	642	
215	653	
805	567	
608	765	
636	1141	
1726	564	
536	340	
611	431	
1013	313	
615	419	
536	168	
537	886	
194	79	
428	598	
672	547	
499	1673	
430	535	
369	1035	
1395	1141	
422	283	
471	604	
1456	953	
835	873	
580	440	
235	149	
280	261	
802	752	
196	71	
1653	1474	
1911	1273	
315	304	
274	95	
281	413	
484	1710	
587	1130	
1096	941	
451	397	
1198	599	
229	99	
365	298	
545	638	
217	321	
833	1094	
506	528	
211	141	
1161	965	
702	492	
283	293	
257	602	
494	449	
926	365	
653	214	
192	331	
1587	552	
730	332	
2117	682	
700	617	
495	1110	
1418	1475	
1191	694	
226	242	
853	873	
509	241	
607	1446	
1228	569	
525	1775	
160	216	
682	1152	
1030	1954	
298	320	
806	831	
740	439	
987	694	
655	815	
56	228	
386	452	
1710	558	
272	352	
982	870	
475	465	
1889	1107	
183	115	
913	402	
441	487	
1138	1868	
96	260	
1173	727	
348	804	
446	566	
1372	801	
733	611	
576	1190	
731	775	
833	255	
1626	976	
1331	701	
1432	1263	
1026	725	
342	99	
1340	1282	
318	459	
1362	643	
1003	685	
1397	1058	
237	724	
409	247	
588	529	
362	338	
1508	509	
398	436	
674	590	
930	1010	
663	930	
1132	638	
1452	1341	
588	451	
696	734	
1697	828	
414	727	
722	384	
99	180	
508	183	
182	391	
1143	697	
717	1163	
658	811	
253	578	
1528	395	
1461	1719	
278	507	
798	1117	
541	431	
493	528	
1057	1044	
603	710	
371	401	
1207	1390	
1127	1616	
902	428	
256	556	
910	1746	
