Factories	7	Jobs	100	Machines	2

Total number of component types per job processed by HSPM
9	6	7	10	8	11	11	12	7	12	7	6	7	10	12	9	12	10	11	5	5	9	7	6	8	7	9	12	11	9	11	11	9	12	8	7	9	7	11	12	5	8	8	6	10	9	9	5	11	12	10	11	11	5	7	8	10	8	12	5	8	10	12	8	8	12	6	8	7	5	5	10	5	7	7	11	10	6	9	7	5	12	9	9	9	8	12	11	10	7	9	8	7	12	5	9	7	5	8	5	

Total number of component types per job processed by MFPM
5	4	2	5	4	2	3	4	3	4	1	5	5	1	3	5	1	2	4	5	3	1	2	3	3	3	1	1	5	4	2	4	3	2	5	5	1	2	5	2	2	5	1	3	1	2	2	5	2	2	3	1	1	3	3	4	4	5	3	1	4	4	3	3	5	1	1	5	5	2	3	4	2	1	4	3	5	1	3	3	3	2	2	1	4	1	4	5	2	1	1	4	5	4	3	1	5	4	3	3	

All component type numbers for each job to be processed by HSPM
10	41	1	56	0	61	17	5	11	66	13	30	9	29	12	27	4	3	
14	67	13	69	19	72	11	60	2	44	5	41	
7	63	9	21	11	51	18	13	6	47	3	36	19	5	
6	17	2	41	18	22	19	31	7	4	11	43	5	21	12	1	16	45	17	37	
5	19	3	20	12	48	1	24	11	60	8	6	19	2	13	4	
8	37	13	38	14	27	2	34	1	50	4	26	6	40	3	60	5	55	7	45	12	41	
19	46	17	65	3	39	0	49	15	25	9	37	13	74	4	69	2	62	10	47	6	51	
18	74	2	11	12	56	9	7	8	40	19	2	0	37	1	44	4	17	6	72	13	61	7	3	
12	75	15	17	13	72	17	18	18	20	7	12	14	46	
4	51	1	56	19	28	3	45	8	70	13	36	10	23	6	60	0	71	2	52	15	27	5	34	
19	52	6	6	16	5	0	3	4	50	11	70	12	8	
19	73	14	58	5	18	18	2	10	3	12	35	
3	65	11	14	6	47	16	6	8	71	13	9	19	61	
7	24	8	4	13	63	0	45	10	52	11	55	14	48	12	42	9	39	15	8	
19	67	8	41	15	33	14	55	11	12	12	35	13	15	1	49	6	13	7	29	16	26	10	64	
4	14	3	13	19	71	7	47	13	8	18	10	5	56	10	11	15	35	
2	44	17	41	15	45	6	59	9	15	16	57	0	67	18	2	8	29	1	47	4	65	3	18	
7	75	4	27	6	56	12	70	14	12	0	28	8	1	18	63	3	2	1	44	
15	33	7	46	12	22	14	20	2	21	9	45	17	15	1	23	3	13	8	49	16	39	
15	58	18	35	7	3	19	26	8	50	
7	30	19	23	9	38	14	49	17	26	
10	54	18	2	17	59	2	10	6	21	15	16	4	42	14	13	7	33	
9	1	1	66	12	61	5	70	7	16	11	49	0	34	
9	15	12	2	3	45	16	68	8	46	10	36	
9	38	2	12	4	25	11	48	15	44	17	40	7	1	10	32	
4	25	15	31	19	46	17	71	11	52	14	3	18	50	
16	45	5	13	12	43	15	27	19	61	18	50	6	40	4	64	13	21	
9	71	4	65	18	39	6	30	11	16	7	29	0	46	16	59	1	12	15	35	5	7	8	32	
14	43	12	42	13	1	7	63	15	32	17	62	11	9	8	57	3	26	4	50	10	59	
17	61	19	47	5	9	2	13	13	68	0	62	6	38	1	12	12	63	
18	55	8	25	7	50	6	4	4	64	10	54	3	36	0	74	16	43	2	13	13	59	
5	49	17	9	18	22	9	75	11	38	13	10	10	5	12	48	1	45	19	67	15	13	
13	34	10	28	7	33	4	5	2	7	8	67	11	43	3	29	17	9	
13	18	6	23	9	44	2	65	19	7	15	28	17	5	11	38	14	75	5	51	1	31	18	12	
8	49	6	6	10	38	16	16	13	23	11	9	12	32	4	50	
0	34	13	75	3	22	19	70	5	41	15	30	7	33	
13	22	14	52	2	55	19	12	15	10	4	2	10	64	0	33	12	39	
2	7	18	65	5	15	14	26	17	67	13	20	1	5	
11	27	13	2	14	37	10	56	4	17	3	75	16	57	17	67	5	59	2	1	0	52	
9	74	12	5	19	18	14	67	13	32	3	29	5	57	6	72	7	45	1	15	0	59	11	69	
6	35	4	26	13	63	18	21	10	43	
14	39	8	37	3	56	6	42	18	12	10	36	9	70	12	65	
19	36	3	72	4	67	13	25	16	46	18	74	6	57	8	59	
5	61	0	71	3	56	10	72	1	60	18	40	
14	71	19	52	1	55	11	37	16	31	12	16	4	33	18	72	7	6	13	2	
0	31	19	38	4	63	14	70	6	62	13	17	2	58	3	41	18	56	
12	68	13	21	10	64	4	8	11	30	3	52	5	4	17	37	2	46	
3	41	7	7	19	8	9	2	13	35	
4	15	19	48	13	72	11	16	6	6	0	67	12	68	17	50	14	49	16	20	8	7	
18	22	3	40	13	37	2	50	15	33	16	56	12	25	1	48	11	65	19	57	14	2	17	14	
17	63	16	8	19	35	4	55	9	66	3	22	18	39	0	12	2	20	11	62	
4	13	5	58	3	27	10	20	18	63	11	40	17	24	8	10	6	9	13	16	15	14	
3	23	17	66	4	69	2	45	14	19	9	58	10	21	11	24	15	3	1	32	5	14	
9	41	14	47	16	52	0	58	5	12	
14	25	2	40	15	73	19	13	18	72	13	60	9	9	
18	23	14	4	17	50	2	31	13	10	7	36	9	74	16	51	
4	20	2	13	16	24	13	15	3	51	8	4	17	56	0	46	5	10	9	42	
13	37	17	74	7	70	14	3	4	29	5	7	9	25	10	2	
17	54	16	33	11	53	19	66	4	44	15	29	8	47	12	72	2	30	1	35	13	58	10	22	
2	25	16	27	17	52	13	44	3	65	
1	58	0	70	12	11	15	69	8	68	16	40	5	59	18	22	
16	16	18	15	10	19	17	44	19	39	7	1	14	72	1	8	4	70	3	63	
9	64	10	5	2	36	12	50	11	75	5	14	16	22	1	51	19	34	18	10	8	59	6	57	
3	66	14	11	13	6	1	74	10	43	2	60	4	57	15	33	
4	2	11	65	0	25	12	29	8	44	5	64	7	1	16	4	
4	66	14	2	5	16	1	24	0	30	19	5	2	13	12	19	6	10	3	33	9	7	8	36	
9	39	5	9	14	51	6	63	8	74	1	26	
4	44	15	22	7	25	13	3	16	65	17	56	14	60	5	59	
18	59	5	37	19	20	10	46	17	38	8	56	9	62	
12	52	2	72	10	56	3	21	9	40	
15	32	12	53	2	43	11	48	17	34	
18	70	14	30	4	24	16	46	1	1	9	66	11	36	8	50	19	32	10	71	
11	48	2	35	14	18	4	1	3	29	
1	34	19	37	7	63	3	57	14	7	17	18	9	24	
13	60	14	45	4	1	15	30	7	31	8	29	12	41	
12	8	11	23	7	13	4	69	0	5	8	64	19	18	16	29	6	40	10	54	5	17	
8	50	2	13	14	65	10	68	5	64	0	25	4	31	15	32	16	55	6	72	
19	66	15	32	3	44	11	25	14	42	0	29	
2	43	15	69	17	41	16	68	9	49	19	9	18	46	7	62	8	56	
14	4	9	24	1	35	10	26	7	50	19	53	12	16	
18	54	5	21	8	2	3	13	11	3	
11	4	0	34	4	56	14	52	17	70	12	1	3	36	9	73	5	64	16	32	8	17	2	9	
4	51	2	1	9	36	5	7	18	37	12	3	6	47	14	23	3	31	
10	29	16	54	11	26	3	7	12	11	13	56	6	55	9	8	0	33	
19	33	12	31	4	60	17	23	7	74	11	55	9	71	1	42	10	47	
10	11	3	40	11	66	17	41	2	36	15	71	4	9	1	30	
17	36	1	38	5	49	3	37	16	75	15	41	13	54	19	51	6	10	12	19	0	67	18	58	
15	66	14	26	18	30	9	17	10	6	5	10	17	2	16	39	12	41	13	40	19	25	
7	53	0	23	8	31	18	57	11	17	6	7	16	46	1	51	17	69	10	12	
10	7	0	5	11	40	3	10	1	74	9	8	5	11	
16	43	4	54	12	66	1	11	9	61	11	28	6	64	18	10	0	40	
11	69	10	21	5	43	19	30	18	44	3	3	0	1	8	12	
9	38	10	58	7	71	14	30	0	22	5	19	17	62	
6	51	17	37	11	5	19	57	5	46	10	1	2	20	14	18	3	54	7	61	12	59	4	36	
17	53	11	3	14	9	5	8	2	42	
7	16	2	68	5	69	1	24	16	66	19	67	12	32	11	6	18	48	
7	5	15	34	10	9	14	40	2	11	17	50	0	57	
19	16	2	43	17	72	18	8	9	31	
1	43	4	2	5	29	9	44	11	49	2	16	8	62	10	36	
6	75	8	63	19	70	1	2	13	4	

All component type numbers for each job to be processed by MFPM
2	2	8	11	1	25	6	15	7	22	
4	21	7	13	0	3	8	9	
6	20	0	16	
6	24	7	10	1	5	8	25	0	11	
0	19	5	8	2	16	9	17	
8	5	5	18	
2	5	0	11	6	18	
0	7	5	25	1	18	2	8	
8	6	4	18	1	16	
5	25	4	12	0	1	9	15	
1	12	
4	16	1	3	0	24	2	6	6	4	
8	24	9	9	6	23	3	7	2	17	
6	3	
9	10	7	15	4	5	
0	15	8	6	5	18	9	25	1	11	
3	16	
0	17	6	18	
0	8	6	7	9	1	2	15	
5	6	4	22	9	5	3	21	2	3	
5	24	1	23	6	7	
1	11	
6	1	0	24	
1	8	9	12	5	10	
6	3	2	10	4	7	
8	23	0	16	2	6	
5	10	
2	10	
1	21	7	10	4	20	0	9	2	22	
6	16	0	21	4	17	7	15	
3	1	5	20	
4	11	7	1	5	18	9	15	
0	17	3	23	4	21	
8	6	6	19	
1	15	3	19	6	14	0	24	5	20	
7	15	4	16	9	11	2	17	6	4	
3	19	
4	19	5	22	
2	6	8	15	5	20	3	5	0	11	
4	22	6	1	
7	11	6	10	
4	24	1	3	0	4	3	23	5	12	
7	24	
2	7	7	16	5	2	
1	3	
5	20	7	21	
9	9	8	22	
5	4	3	1	4	10	6	9	7	18	
7	1	3	19	
1	12	8	8	
6	22	8	11	9	6	
4	22	
8	7	
9	15	5	7	3	12	
3	16	4	11	9	6	
9	10	2	16	3	3	6	4	
6	16	2	24	4	5	9	7	
9	15	2	11	7	8	1	6	4	19	
3	9	7	6	5	17	
4	2	
8	2	7	10	9	18	3	7	
3	17	8	6	0	7	2	15	
3	23	6	21	5	17	
2	23	3	19	5	18	
5	16	3	7	8	11	0	15	6	24	
9	17	
0	9	
5	15	1	25	9	8	2	19	7	10	
7	1	9	20	0	23	8	8	3	7	
9	5	2	22	
1	7	8	13	3	19	
9	11	5	15	7	21	3	23	
3	19	6	18	
8	5	
3	3	2	4	5	1	0	25	
0	21	8	9	3	13	
2	12	9	10	7	5	4	24	5	20	
3	16	
1	20	0	6	8	21	
2	25	5	22	3	24	
0	10	8	12	4	3	
6	4	3	8	
3	4	1	15	
1	19	
3	4	5	18	7	16	6	25	
8	20	
3	1	0	14	1	7	2	9	
0	23	4	1	1	20	6	7	2	3	
6	19	4	14	
8	8	
2	12	
5	10	1	17	6	12	9	20	
3	12	1	5	7	3	4	13	8	11	
4	14	9	5	1	15	6	16	
4	23	3	4	9	13	
3	24	
5	7	0	20	3	15	2	5	6	11	
0	13	7	3	5	17	6	5	
2	2	1	8	4	17	
0	19	9	21	6	9	

Three processing times per job on each machine
The best scenario
32	58	
225	188	
268	378	
187	130	
100	49	
250	212	
257	354	
18	51	
99	88	
35	63	
112	62	
45	112	
46	49	
185	83	
127	144	
85	134	
27	25	
98	240	
86	102	
107	68	
122	350	
89	121	
340	111	
470	184	
71	105	
23	37	
83	40	
101	149	
97	81	
43	48	
166	173	
167	270	
220	83	
39	48	
70	128	
188	297	
60	37	
241	334	
32	76	
119	91	
258	134	
15	50	
56	48	
324	167	
241	86	
164	251	
220	138	
150	118	
46	53	
168	154	
73	48	
94	65	
96	119	
164	283	
101	96	
217	289	
94	184	
142	59	
300	144	
108	84	
38	73	
128	309	
150	300	
41	71	
310	139	
77	26	
135	443	
118	125	
181	94	
123	113	
29	45	
368	470	
64	195	
336	355	
412	102	
426	175	
99	119	
100	85	
196	341	
54	46	
111	327	
16	31	
107	179	
158	227	
301	464	
213	150	
125	125	
547	235	
124	211	
80	185	
144	210	
53	61	
102	230	
185	222	
222	353	
329	244	
266	182	
194	73	
133	270	
244	306	
Most likely scenario
57	62	
296	195	
430	502	
219	258	
125	73	
272	321	
270	540	
24	79	
153	94	
43	83	
123	114	
47	121	
71	60	
189	100	
207	159	
146	179	
33	34	
133	288	
114	136	
174	124	
149	422	
128	185	
419	186	
501	278	
75	148	
45	59	
91	77	
105	151	
158	91	
50	52	
211	277	
275	295	
249	158	
67	51	
80	199	
191	325	
83	56	
373	404	
33	77	
179	168	
439	234	
21	63	
58	90	
586	188	
416	149	
301	408	
267	251	
191	223	
71	70	
225	218	
77	56	
182	70	
109	134	
172	333	
135	115	
318	320	
180	201	
196	95	
350	224	
156	165	
43	103	
141	317	
171	405	
71	93	
336	257	
128	42	
239	449	
192	155	
357	160	
196	197	
55	47	
376	528	
108	235	
370	467	
426	113	
472	216	
127	209	
122	91	
278	357	
80	85	
207	569	
21	35	
191	251	
179	298	
421	466	
273	175	
151	133	
565	285	
167	247	
85	273	
243	355	
75	84	
153	305	
209	306	
343	422	
332	280	
271	202	
234	145	
163	382	
283	319	
The worst scenario
68	77	
441	269	
538	504	
252	316	
136	80	
293	334	
343	667	
31	90	
169	112	
59	108	
134	152	
48	128	
76	89	
214	129	
222	170	
164	212	
46	45	
137	405	
154	176	
238	177	
164	620	
146	258	
427	220	
531	320	
85	222	
63	72	
122	81	
121	187	
220	123	
54	70	
285	355	
410	426	
339	173	
82	53	
110	246	
267	474	
85	71	
410	485	
46	85	
197	236	
560	251	
28	87	
86	108	
643	269	
458	154	
437	454	
317	256	
202	256	
78	93	
315	285	
110	64	
201	77	
124	194	
190	397	
140	142	
339	396	
208	230	
213	118	
524	306	
202	203	
56	125	
189	326	
192	562	
97	135	
396	335	
180	60	
341	557	
258	211	
522	172	
199	274	
65	52	
393	727	
145	258	
495	668	
522	124	
638	264	
147	303	
181	108	
372	491	
100	88	
280	670	
25	41	
200	342	
227	432	
527	644	
280	192	
159	162	
597	314	
194	360	
125	349	
281	463	
87	103	
229	396	
305	353	
383	585	
426	409	
347	206	
275	210	
217	522	
393	460	
