Factories	5	Jobs	50	Machines	3

Total number of component types per job processed by HSPM
11	7	12	7	10	7	9	9	10	10	8	7	12	5	7	10	11	12	10	7	11	6	5	10	10	9	8	7	6	10	8	12	7	8	11	11	5	10	12	7	5	5	9	5	9	10	9	6	6	8	

Total number of component types per job processed by MFPM
3	3	4	1	3	2	4	3	1	2	5	4	5	1	4	2	4	2	3	3	2	2	3	3	5	2	1	3	5	5	1	2	1	4	1	3	5	1	4	3	4	3	3	4	2	5	2	5	2	4	2	2	2	3	1	2	5	1	2	2	3	3	1	2	5	3	5	5	5	1	4	1	2	4	2	2	2	4	2	5	4	2	5	2	4	2	1	3	5	2	2	1	2	4	2	5	3	2	4	4	

All component type numbers for each job to be processed by HSPM
14	58	2	6	1	55	15	14	11	5	17	72	0	22	4	31	19	7	5	64	13	21	
0	62	16	64	2	3	11	72	13	22	5	47	3	21	
12	28	0	55	14	39	3	69	19	31	15	35	6	65	16	45	10	3	13	73	11	6	8	47	
5	68	19	23	4	42	11	7	3	28	14	63	13	60	
6	7	2	35	18	42	3	1	4	22	1	28	14	61	16	25	8	10	15	53	
5	21	0	59	11	18	1	17	2	48	19	4	17	24	
12	23	3	31	9	9	17	59	10	25	15	54	6	18	1	5	13	34	
1	51	13	2	9	29	8	56	7	39	4	50	6	31	19	33	2	36	
10	40	11	71	16	44	14	13	6	65	19	29	8	66	4	58	3	24	5	7	
2	71	10	75	4	23	9	18	17	21	0	46	19	38	13	32	5	40	16	33	
11	54	8	53	14	7	7	26	17	27	9	20	10	14	12	55	
19	35	15	71	14	7	6	51	11	32	8	67	18	58	
7	26	9	15	10	2	12	28	11	13	15	24	5	10	17	70	4	35	18	50	6	60	1	33	
9	67	3	20	8	59	1	64	14	25	
0	38	13	19	14	63	4	72	3	44	5	34	12	52	
14	8	12	14	1	23	16	27	18	38	0	46	7	59	6	21	10	50	11	73	
14	19	9	74	6	33	5	17	18	62	19	49	4	67	1	25	12	13	8	38	3	42	
17	47	1	54	8	68	14	6	12	18	4	66	18	16	9	41	6	14	15	3	0	34	11	55	
14	65	18	22	19	61	12	15	4	5	10	58	2	64	15	20	6	38	7	49	
18	65	10	21	16	13	9	53	13	24	1	63	14	48	
16	36	10	74	17	13	4	65	15	61	12	41	5	52	1	42	6	21	0	54	7	6	
16	14	19	3	13	59	9	26	15	56	1	21	
6	4	14	73	12	57	18	44	15	28	
6	73	12	20	14	50	4	39	0	26	8	28	3	60	13	29	1	65	11	25	
12	38	16	21	10	49	6	71	9	13	2	18	11	11	19	66	7	74	15	44	
8	43	6	10	3	3	10	53	18	16	16	38	13	34	5	74	2	64	
11	52	9	13	7	38	14	41	1	62	13	68	2	46	0	10	
4	64	13	13	0	4	11	52	8	16	10	72	6	53	
2	33	6	12	3	54	1	10	18	53	7	16	
11	47	8	18	1	55	14	16	13	71	9	19	15	73	12	36	3	25	16	28	
12	8	5	57	11	54	10	68	3	23	4	65	19	1	8	48	
4	29	1	17	9	3	5	74	12	53	15	45	6	58	17	46	11	61	10	21	19	35	18	27	
10	58	19	25	4	52	2	64	7	17	6	49	18	20	
9	30	14	58	7	8	4	48	17	31	6	6	1	3	11	64	
5	65	18	38	11	43	14	22	0	51	16	14	9	46	7	7	3	68	2	49	12	24	
12	67	18	10	10	21	19	12	16	15	11	19	3	68	13	25	0	74	17	39	14	59	
0	14	1	1	16	66	5	32	7	54	
12	35	17	31	11	18	0	29	8	13	10	34	6	22	16	17	13	40	18	66	
4	32	7	38	2	56	0	51	17	64	16	75	5	14	18	61	6	65	11	10	12	29	9	73	
6	43	3	23	16	26	13	63	12	50	17	34	18	32	
13	67	4	75	6	60	12	7	15	58	
4	47	13	55	14	31	1	15	17	33	
6	10	2	59	0	38	5	54	7	14	19	13	4	67	16	74	11	56	
18	53	14	46	8	32	15	49	13	63	
11	63	0	65	16	43	8	54	18	69	15	25	6	27	12	8	17	18	
17	46	5	33	0	10	14	74	8	56	7	14	10	17	2	13	15	59	6	51	
16	27	3	47	7	72	0	43	13	14	15	19	2	30	5	8	11	41	
4	20	7	73	10	45	14	29	11	72	12	22	
15	22	9	33	6	16	10	12	3	61	11	32	
1	70	9	21	11	17	8	10	4	35	16	73	3	38	0	74	

All component type numbers for each job to be processed by MFPM
7	3	2	7	5	1	
4	49	2	39	6	46	
5	5	7	1	0	6	8	13	
8	31	
1	17	4	21	0	19	
2	44	5	29	
5	18	9	23	7	17	8	14	
2	39	3	46	0	45	
7	5	
2	50	1	32	
7	24	8	21	2	18	9	19	1	14	
9	41	1	28	4	30	8	50	
3	17	0	23	5	19	9	18	4	5	
9	37	
7	7	3	17	6	16	8	6	
7	30	6	42	
0	25	2	7	7	11	4	15	
8	48	2	40	
8	7	6	2	1	25	
4	29	9	30	8	31	
9	8	4	15	
6	48	3	30	
0	12	9	4	3	25	
8	43	3	32	6	37	
9	9	2	3	8	19	4	16	7	4	
9	48	7	35	
6	22	
7	30	9	35	0	29	
7	10	9	13	1	19	3	25	5	4	
3	49	0	32	7	29	5	48	6	46	
5	16	
4	49	1	37	
7	12	
5	35	4	37	1	26	6	40	
8	10	
6	34	8	36	9	45	
5	14	1	15	4	19	9	6	2	23	
7	30	
6	16	7	17	0	10	8	25	
6	38	2	40	0	43	
3	25	9	7	1	3	8	11	
7	31	9	35	5	48	
8	7	0	24	2	17	
7	34	3	43	1	37	2	36	
9	17	3	15	
6	42	8	36	4	50	1	37	0	30	
1	10	6	15	
3	50	5	48	1	27	6	35	8	39	
5	17	9	1	
9	38	5	35	8	49	0	42	
3	22	2	21	
1	44	5	45	
2	24	0	19	
7	28	6	38	4	26	
7	24	
6	44	3	28	
3	4	1	9	8	17	9	20	2	1	
1	31	
3	17	9	8	
1	29	2	38	
7	12	2	8	1	17	
0	48	5	27	2	26	
4	7	
8	48	6	42	
2	3	3	7	6	9	1	6	0	8	
4	44	0	47	2	31	
2	4	1	7	0	16	4	11	7	20	
7	50	9	41	2	26	0	33	6	49	
9	23	4	2	3	24	7	17	8	18	
3	38	
4	21	0	23	5	18	6	22	
1	26	
0	4	4	1	
8	26	7	45	5	42	0	28	
6	4	1	24	
7	48	9	41	
3	8	2	6	
3	37	1	45	5	26	0	46	
1	9	4	4	
9	31	7	45	0	41	3	26	5	29	
8	13	5	16	2	22	9	25	
9	49	0	34	
5	5	9	21	0	17	7	9	2	16	
3	37	2	34	
3	5	0	4	1	19	4	6	
8	27	2	44	
7	20	
0	29	1	36	3	37	
2	22	5	4	6	20	7	2	9	14	
5	46	7	49	
3	10	7	1	
2	45	
2	25	6	3	
2	43	7	45	3	46	5	27	
2	25	6	20	
6	44	2	32	9	46	1	33	7	42	
4	18	2	10	0	5	
1	36	2	37	
0	24	6	21	3	7	4	22	
2	26	0	32	9	45	6	29	

Three processing times per job on each machine
The best scenario
196	98	140	
51	123	91	
133	205	119	
143	79	49	
124	89	127	
51	88	79	
320	99	327	
138	80	72	
174	387	288	
57	35	31	
245	387	267	
150	177	197	
340	218	234	
299	289	134	
328	242	109	
140	91	472	
162	246	198	
258	61	80	
56	106	40	
66	131	89	
23	77	66	
41	41	85	
31	92	38	
247	312	176	
167	125	158	
78	137	40	
169	81	112	
343	110	392	
106	92	89	
80	140	146	
381	147	85	
229	235	353	
234	213	310	
28	36	27	
204	299	266	
22	47	71	
77	30	40	
85	110	256	
33	37	42	
52	20	20	
93	278	98	
199	71	117	
88	374	290	
87	122	47	
92	103	51	
260	242	262	
348	161	157	
70	194	122	
240	199	344	
92	158	80	
Most likely scenario
224	172	172	
88	148	108	
229	366	153	
257	83	95	
132	122	175	
94	126	151	
445	138	519	
162	146	86	
180	406	400	
69	46	60	
434	467	383	
219	231	238	
417	360	363	
308	396	174	
427	291	196	
247	154	561	
282	419	318	
266	107	117	
80	166	61	
103	156	94	
35	85	87	
47	61	97	
50	132	49	
273	330	210	
245	172	202	
96	205	52	
210	131	206	
373	142	393	
116	150	141	
126	257	180	
393	195	156	
267	354	398	
394	357	340	
46	54	37	
264	413	342	
35	87	119	
101	54	44	
127	183	295	
47	45	74	
56	40	34	
166	289	108	
217	81	143	
122	438	454	
118	186	59	
157	198	75	
479	268	363	
417	285	159	
79	249	225	
242	313	438	
165	171	120	
The worst scenario
243	189	253	
118	220	117	
234	487	165	
310	85	125	
149	134	188	
115	173	201	
562	172	595	
210	183	119	
213	575	427	
74	53	73	
609	606	436	
277	271	321	
424	528	398	
458	507	246	
444	398	204	
249	180	723	
415	624	459	
355	132	121	
114	238	84	
151	194	127	
42	91	102	
50	78	104	
73	149	51	
279	409	296	
287	225	220	
122	267	57	
289	181	308	
378	164	415	
118	208	186	
152	265	186	
395	272	208	
327	483	444	
435	371	469	
61	57	42	
396	564	502	
43	122	140	
123	78	59	
157	248	301	
48	56	87	
72	43	41	
180	403	142	
268	82	206	
130	568	681	
129	240	78	
215	230	96	
503	294	426	
559	329	171	
111	338	226	
321	378	508	
185	250	179	
