Factories	4	Jobs	100	Machines	3

Total number of component types per job processed by HSPM
8	7	11	8	10	6	12	9	7	9	7	12	12	7	7	7	5	5	11	8	7	5	7	6	10	7	7	12	7	8	9	7	11	11	11	11	10	6	10	9	8	6	5	12	12	5	9	12	6	11	6	10	10	10	10	5	5	7	5	12	7	6	5	5	10	5	11	6	10	11	5	10	6	10	5	6	6	12	10	12	5	10	5	8	9	10	7	9	9	9	9	10	6	7	12	10	12	11	11	9	

Total number of component types per job processed by MFPM
5	5	4	5	4	3	3	2	1	1	3	1	1	3	3	2	1	1	2	4	5	5	5	2	4	5	4	2	5	2	1	5	5	4	5	1	5	3	5	2	5	3	4	5	2	4	5	4	4	4	3	4	2	1	5	1	2	3	5	1	5	1	3	3	2	1	3	1	2	2	1	2	3	4	4	4	3	1	5	4	1	2	3	3	3	5	2	4	1	5	5	1	1	2	3	5	2	3	4	2	5	4	3	4	3	4	3	1	2	2	1	2	4	4	5	4	3	5	4	3	3	2	3	1	3	1	3	5	1	3	5	4	2	2	4	4	5	4	5	4	5	4	3	4	2	2	5	2	2	5	3	1	2	4	4	5	4	4	1	5	4	5	3	4	4	1	3	3	5	1	2	4	4	1	1	4	1	3	3	1	2	2	5	4	3	3	1	5	4	4	5	4	5	3	4	5	4	2	2	5	

All component type numbers for each job to be processed by HSPM
5	46	1	26	2	6	18	34	19	56	14	65	6	31	0	61	
19	5	3	44	7	12	2	40	16	38	1	73	18	10	
18	35	0	37	13	49	8	67	11	3	17	51	14	44	7	25	16	50	12	41	3	63	
2	41	7	23	5	40	3	63	0	25	6	5	9	30	14	15	
3	25	7	65	5	20	0	2	2	28	15	55	17	49	14	38	16	52	12	5	
10	70	7	44	6	66	15	1	16	32	2	17	
14	66	16	48	18	32	5	72	9	52	3	37	17	64	6	34	10	28	15	57	11	7	4	25	
15	34	11	27	1	9	0	63	14	39	2	37	17	70	4	55	10	71	
13	9	15	71	17	66	0	13	14	36	12	65	19	28	
6	2	7	24	8	70	18	25	9	53	10	40	0	42	1	36	5	49	
4	29	17	39	1	70	6	23	2	1	7	63	0	54	
13	74	9	31	7	40	5	51	0	23	19	71	12	61	1	21	6	5	14	26	15	20	4	34	
16	34	10	49	12	7	13	10	15	36	6	5	9	22	0	2	1	50	5	48	18	32	4	60	
17	34	14	23	15	37	8	72	5	61	1	51	13	32	
1	40	5	66	18	28	9	55	16	10	4	69	19	58	
9	45	18	68	15	56	1	50	19	58	12	28	11	69	
16	52	7	65	19	41	2	26	13	49	
7	13	12	27	3	19	18	21	1	46	
9	44	2	15	13	57	18	30	4	39	5	37	1	58	6	56	10	64	17	71	15	51	
13	52	4	7	16	63	14	23	8	5	15	3	5	13	19	55	
17	37	2	31	0	2	16	43	10	68	8	54	18	72	
10	20	0	2	16	45	11	72	12	46	
3	31	14	7	2	50	13	28	10	11	7	63	9	33	
17	30	0	49	2	10	16	74	9	48	13	55	
0	42	11	24	6	29	17	55	10	69	7	61	3	27	9	66	2	4	14	13	
2	43	16	5	9	50	6	54	7	53	12	65	8	69	
3	65	1	56	6	66	7	75	0	9	15	42	5	64	
17	19	10	30	5	21	14	46	9	65	4	40	0	41	8	34	6	37	19	70	15	68	1	4	
12	58	18	66	10	37	0	69	8	26	6	8	16	29	
14	59	19	56	17	40	2	27	15	43	1	34	3	53	6	16	
17	13	7	75	0	1	5	50	1	15	14	29	6	23	11	28	2	17	
14	31	2	75	16	64	11	16	19	7	17	73	13	15	
7	70	4	21	16	55	12	36	6	38	17	27	10	75	19	28	0	34	14	7	3	5	
16	64	1	57	3	13	6	54	8	3	11	74	15	52	14	42	19	29	12	26	0	62	
15	43	8	9	6	6	17	61	19	1	12	39	1	41	4	23	5	24	7	65	16	2	
19	64	0	41	13	3	16	34	18	67	7	40	8	18	1	2	14	19	6	25	5	44	
0	26	10	46	9	13	15	38	7	51	2	24	3	15	18	58	17	1	5	39	
17	57	5	53	18	56	14	70	12	31	0	16	
8	60	2	65	19	70	14	32	5	9	17	69	12	6	3	56	1	30	15	52	
14	39	0	18	5	56	10	42	19	33	8	9	2	68	17	47	9	36	
9	73	18	21	13	34	16	55	4	61	6	40	0	22	10	71	
2	17	3	36	16	19	12	57	6	73	19	14	
15	17	12	54	2	2	1	58	5	12	
3	1	17	3	4	58	8	4	16	11	18	63	9	45	2	59	11	36	0	62	6	50	10	21	
18	41	9	5	11	58	0	1	14	68	7	43	4	4	19	73	13	72	15	59	12	32	2	28	
18	71	10	25	16	51	9	9	11	24	
9	71	5	68	4	6	6	48	17	8	11	29	13	17	1	24	16	11	
5	11	2	39	3	58	7	73	14	2	18	71	13	32	16	36	1	72	0	50	8	27	19	57	
2	15	12	21	0	50	1	18	10	56	13	60	
3	15	0	29	12	19	5	38	2	23	4	62	13	35	14	56	17	4	1	9	11	13	
18	35	3	69	4	33	2	18	6	75	13	5	
1	30	12	33	19	48	13	23	8	50	2	13	15	43	0	37	9	3	17	7	
15	19	17	52	7	45	16	56	13	57	0	41	12	38	9	21	6	30	11	46	
14	40	4	41	3	58	12	27	8	26	16	60	18	62	7	72	10	50	2	69	
16	61	4	32	1	25	6	50	15	33	7	68	8	20	11	56	12	55	0	46	
18	56	3	45	13	31	17	68	19	67	
15	50	0	34	5	62	14	28	2	25	
11	10	12	27	4	50	9	48	19	14	8	35	10	21	
7	71	13	22	10	65	18	57	12	21	
5	65	18	46	14	34	11	38	1	3	6	66	16	4	0	25	9	52	19	43	4	54	17	13	
12	13	2	11	18	44	5	47	6	37	13	40	9	16	
19	7	13	3	15	69	9	46	1	53	5	48	
0	18	17	44	9	41	5	8	12	23	
4	31	18	17	12	35	8	13	5	10	
15	2	9	16	3	65	11	30	7	20	5	5	10	63	8	53	13	28	0	42	
19	36	5	13	11	64	10	34	6	1	
16	66	4	47	17	19	13	24	5	68	10	72	7	56	14	20	3	10	19	36	11	61	
7	13	9	1	12	69	6	59	14	7	16	8	
15	71	2	11	14	45	10	64	4	8	7	10	16	62	3	48	0	47	1	6	
18	33	11	6	16	47	0	26	3	52	4	8	10	27	13	13	1	75	6	73	8	14	
5	41	7	49	12	17	10	35	1	70	
18	33	19	54	5	49	13	17	14	28	1	44	15	42	16	45	9	35	4	67	
0	26	17	29	5	8	15	38	10	28	16	51	
15	4	6	39	3	37	1	57	13	18	9	74	5	19	2	54	19	66	4	52	
1	59	6	5	13	24	8	39	3	32	
5	68	7	37	17	25	13	41	9	39	19	49	
13	20	19	70	8	33	5	23	6	58	18	68	
7	36	18	4	16	16	12	53	3	52	15	33	0	59	8	51	13	8	19	54	14	2	1	45	
0	22	9	16	7	73	13	3	16	29	11	11	4	34	1	38	5	28	6	36	
7	19	15	55	12	69	5	60	19	31	14	15	18	47	10	28	8	26	6	65	9	14	4	22	
9	48	6	50	5	34	16	64	0	42	
6	41	17	69	13	22	11	26	5	29	2	39	3	36	0	54	9	9	19	50	
9	72	5	47	18	67	19	60	14	58	
16	39	7	50	3	65	4	11	14	43	17	44	13	13	8	21	
18	70	11	59	14	49	6	32	17	7	5	54	15	27	4	1	7	62	
17	73	7	37	13	58	3	43	14	34	16	16	15	48	12	9	0	20	2	5	
17	27	14	55	10	30	11	62	2	47	1	34	19	5	
19	73	10	55	9	54	18	10	11	37	17	6	15	7	5	9	6	47	
15	14	4	49	8	11	12	47	18	36	2	32	13	8	19	54	3	66	
2	14	4	31	11	21	6	55	9	66	0	36	16	4	1	29	5	40	
12	52	19	8	18	1	10	73	0	43	7	40	11	57	9	27	6	42	
3	21	6	37	0	12	5	16	12	2	4	55	17	29	8	26	10	11	9	60	
0	33	7	51	4	55	1	24	8	75	15	70	
15	13	2	45	6	58	7	75	16	2	3	33	19	7	
6	72	3	15	11	54	0	31	17	3	15	11	14	4	12	1	2	62	7	14	8	40	5	44	
15	14	9	58	1	56	19	64	10	47	3	19	6	7	14	31	5	32	18	23	
13	12	4	64	5	74	18	50	15	71	0	62	9	63	10	18	11	34	12	57	17	44	3	30	
5	27	6	52	9	38	19	28	0	62	1	61	18	73	14	69	3	15	4	63	10	19	
0	32	2	63	13	17	18	65	5	7	1	44	3	74	10	36	9	10	15	4	6	67	
8	10	17	69	0	45	12	23	7	21	14	5	10	9	15	67	2	46	

All component type numbers for each job to be processed by MFPM
4	12	2	8	6	15	8	7	1	16	
9	40	0	30	6	34	5	50	2	43	
6	17	5	25	3	24	1	8	
7	38	9	30	4	36	6	42	8	47	
8	21	6	10	1	15	4	24	
4	47	1	30	7	45	
0	13	4	1	2	18	
6	45	5	37	
8	6	
6	43	
9	20	0	8	4	2	
5	40	
9	15	
8	26	1	48	4	40	
8	11	4	12	2	7	
7	34	9	44	
4	12	
8	34	
9	11	3	8	
9	32	6	45	8	35	5	43	
9	11	0	16	7	5	3	18	1	2	
2	35	8	41	0	29	4	46	6	37	
7	9	6	2	8	12	4	3	5	23	
9	50	4	41	
4	14	8	1	5	22	1	7	
5	42	9	31	2	30	1	40	0	28	
5	16	4	6	8	7	2	14	
5	48	6	34	
0	5	9	19	7	3	1	10	5	11	
3	49	8	29	
7	4	
7	50	2	34	1	35	4	43	0	27	
8	6	9	11	6	17	4	4	7	7	
3	47	2	41	4	29	9	49	
3	20	5	15	9	12	1	2	0	4	
3	32	
5	11	4	19	6	5	0	22	3	17	
5	28	8	29	9	41	
6	23	4	9	3	5	2	25	1	18	
4	26	1	35	
0	4	5	8	2	25	3	3	7	17	
9	33	3	43	8	36	
2	1	8	12	9	4	0	20	
4	49	9	36	7	45	2	42	5	48	
2	19	7	24	
6	46	0	34	7	44	3	28	
9	4	8	11	4	20	0	16	5	24	
3	47	9	27	2	30	1	28	
8	7	2	18	4	19	9	15	
6	37	8	26	7	32	1	30	
7	11	6	1	3	14	
4	42	8	27	6	45	9	28	
4	25	8	13	
1	26	
2	2	3	4	5	13	1	9	6	5	
7	48	
3	21	4	8	
6	38	1	34	0	39	
5	5	6	18	8	14	4	20	3	9	
6	40	
1	2	8	25	3	3	5	20	0	22	
5	47	
2	17	6	5	9	20	
5	36	0	34	7	43	
9	24	6	6	
4	34	
0	23	5	25	8	11	
8	30	
5	24	9	21	
9	42	8	47	
0	21	
2	26	9	32	
7	10	2	8	5	4	
6	45	1	30	5	38	7	43	
0	4	2	5	8	8	3	20	
5	29	2	34	6	49	4	39	
4	2	9	6	5	24	
5	50	
6	11	8	5	1	9	4	19	7	4	
9	36	4	32	3	28	2	34	
9	24	
0	30	3	38	
2	1	5	4	4	8	
5	37	0	26	4	28	
6	5	9	25	5	12	
5	30	7	47	0	40	2	32	1	43	
9	8	2	12	
3	46	6	47	0	50	8	48	
8	22	
6	43	5	32	1	36	4	28	0	41	
9	8	3	24	7	12	4	25	8	14	
2	46	
7	2	
8	47	1	48	
7	10	1	23	6	2	
9	50	5	26	7	39	4	46	3	36	
0	7	2	8	
2	28	3	26	0	33	
2	2	9	25	0	13	1	20	
4	34	6	47	
6	24	3	11	7	15	1	1	2	22	
9	27	7	48	0	46	8	49	
7	24	9	18	4	9	
4	32	9	34	3	47	2	46	
9	13	2	4	0	19	
8	34	0	41	5	40	4	31	
7	18	3	7	8	19	
1	37	
5	17	9	15	
3	48	4	45	
1	1	
5	30	7	42	
3	20	5	6	1	2	6	19	
5	26	0	44	9	47	6	48	
9	5	1	23	4	8	5	15	7	13	
9	42	1	32	5	34	4	48	
6	2	9	20	8	17	
5	38	1	36	6	39	7	37	4	35	
4	22	1	11	9	7	2	1	
6	44	7	42	2	50	
3	5	9	4	0	7	
3	50	7	36	
5	12	6	19	7	24	
7	27	
1	8	7	5	3	25	
1	28	
9	18	0	15	7	22	
1	32	2	34	9	41	0	31	3	44	
6	11	
1	45	9	44	4	36	
9	6	6	11	8	19	5	2	7	4	
1	35	0	36	3	26	9	48	
6	8	3	14	
6	46	7	49	
6	4	3	25	5	1	4	16	
4	41	5	31	7	33	8	27	
5	10	9	24	7	6	4	12	8	2	
2	36	3	26	8	28	1	40	
4	8	3	5	0	24	6	19	9	11	
4	39	6	46	0	42	9	49	
0	3	3	16	8	23	9	25	6	11	
2	48	3	47	9	38	7	35	
2	11	8	10	1	4	
1	36	7	47	2	35	0	45	
1	7	9	1	
1	30	4	50	
8	11	6	1	5	6	9	20	7	23	
1	49	2	31	
1	15	7	5	
4	38	9	29	2	49	1	39	0	47	
3	14	1	21	7	23	
6	37	
8	19	6	21	
3	35	8	40	1	37	7	36	
1	12	7	4	0	21	6	9	
9	30	5	33	7	41	6	31	3	49	
7	14	2	17	4	9	6	13	
8	35	9	29	7	34	3	37	
8	19	
2	27	0	42	6	30	8	33	9	35	
9	20	7	14	6	13	1	15	
7	40	8	35	9	45	2	32	4	49	
2	24	4	9	5	6	
7	31	6	48	2	46	5	43	
0	10	2	12	4	22	1	15	
5	26	
6	17	4	22	5	15	
7	46	4	26	9	43	
1	17	5	3	2	23	0	1	8	9	
7	36	
9	8	6	17	
5	28	9	31	2	50	6	49	
1	6	2	8	7	18	9	7	
5	50	
4	11	
8	38	4	40	5	48	1	36	
1	7	
8	27	7	48	5	38	
0	15	9	22	6	1	
4	41	
8	12	6	15	
2	28	7	42	
7	8	8	24	9	17	0	18	6	23	
0	49	1	29	9	37	4	48	
3	5	2	10	8	21	
8	46	3	40	5	30	
7	13	
1	39	4	30	5	28	2	36	6	38	
6	2	2	16	0	13	3	22	
1	29	6	35	5	43	9	40	
9	21	2	24	1	20	7	1	0	15	
2	30	0	33	8	29	1	32	
5	24	9	7	8	21	3	5	7	18	
6	39	7	47	5	49	
9	19	4	6	5	11	0	20	
4	30	6	47	2	49	9	44	8	36	
9	6	7	23	6	1	8	20	
8	41	5	35	
3	25	6	13	
6	42	2	47	1	44	7	50	5	45	

Three processing times per job on each machine
The best scenario
353	565	394	
349	508	641	
241	632	435	
637	950	382	
179	85	127	
91	92	246	
308	1129	518	
266	592	553	
384	189	239	
393	253	367	
577	243	570	
287	400	524	
104	216	212	
536	337	306	
317	540	219	
182	291	266	
404	400	415	
303	278	367	
469	333	484	
478	600	700	
447	166	579	
811	680	502	
387	303	359	
46	129	67	
250	236	138	
115	117	215	
722	1135	283	
446	590	629	
214	199	528	
1200	298	668	
421	624	939	
351	1389	1272	
193	846	607	
134	148	171	
482	173	538	
512	560	275	
988	516	275	
411	223	286	
83	174	188	
88	58	183	
754	892	213	
82	88	76	
110	79	225	
438	151	325	
875	849	383	
76	121	194	
137	281	186	
1034	445	574	
176	119	64	
178	419	289	
433	536	353	
199	522	302	
125	150	321	
422	1136	928	
357	1167	829	
501	352	614	
600	553	575	
81	171	67	
276	287	566	
297	389	353	
326	253	140	
318	529	183	
206	288	180	
627	828	836	
390	478	272	
400	322	521	
427	381	177	
151	190	326	
312	104	220	
236	152	245	
491	629	1043	
736	1036	602	
975	458	1108	
298	52	41	
323	476	629	
104	221	112	
463	699	239	
126	190	64	
365	188	155	
602	426	202	
193	332	331	
169	70	201	
342	244	488	
254	85	61	
354	338	201	
320	417	246	
472	393	562	
358	1060	444	
267	427	520	
114	247	218	
200	211	362	
365	99	117	
257	467	806	
156	192	121	
423	322	388	
293	396	531	
37	45	103	
399	383	355	
793	1296	1461	
509	468	861	
Most likely scenario
400	779	490	
462	939	1017	
340	1247	533	
1053	1243	601	
195	95	138	
163	136	459	
467	1326	976	
311	716	606	
493	297	244	
428	319	463	
602	428	841	
508	439	531	
199	406	401	
558	494	367	
360	565	353	
340	319	364	
541	562	417	
388	496	548	
834	617	697	
689	614	711	
504	266	837	
1031	832	630	
762	427	374	
76	186	71	
262	257	268	
130	118	236	
1194	1378	439	
508	1019	810	
337	261	567	
1220	361	1200	
675	927	1066	
382	1427	1474	
293	890	716	
198	172	308	
592	267	844	
935	909	376	
1175	716	548	
729	290	461	
88	277	208	
136	66	254	
1170	925	352	
127	127	101	
152	119	270	
469	259	520	
954	971	481	
108	165	239	
203	372	280	
1078	890	1098	
181	135	116	
289	560	574	
489	756	657	
376	541	397	
192	215	509	
635	1204	1133	
387	1252	1258	
746	407	618	
1146	1066	1022	
131	177	98	
305	334	627	
358	500	546	
355	315	170	
331	538	201	
345	290	222	
755	959	881	
506	663	380	
553	564	704	
469	689	231	
264	301	465	
347	139	340	
245	195	261	
568	715	1083	
743	1442	647	
1183	735	1121	
307	85	82	
532	936	812	
108	236	142	
511	1196	329	
134	226	107	
418	275	262	
703	671	297	
220	521	500	
258	129	309	
616	392	650	
281	117	80	
526	398	243	
517	432	379	
787	760	984	
399	1094	751	
424	436	582	
122	393	246	
263	369	487	
444	135	136	
483	713	1072	
182	233	166	
602	348	413	
527	453	594	
51	71	157	
724	546	380	
1405	1354	1502	
1017	645	942	
The worst scenario
441	890	732	
629	1400	1132	
435	1725	655	
1402	1559	608	
258	118	203	
242	143	543	
613	1529	1425	
387	994	758	
648	323	323	
531	362	518	
784	491	846	
534	622	621	
216	514	565	
604	656	413	
390	632	510	
359	428	382	
602	737	523	
406	593	646	
859	721	977	
879	726	980	
526	330	903	
1454	924	815	
856	451	552	
112	234	89	
296	301	360	
164	173	274	
1347	1490	581	
659	1237	818	
434	355	827	
1680	402	1211	
855	992	1428	
474	2117	1715	
416	981	852	
230	223	323	
693	268	937	
1387	1180	432	
1361	927	565	
1092	367	598	
112	314	223	
197	98	370	
1447	1315	414	
186	158	149	
201	145	341	
559	372	640	
1386	1179	519	
137	219	332	
246	391	365	
1248	1165	1476	
227	154	151	
363	573	680	
517	826	666	
541	782	429	
231	290	574	
723	1308	1569	
471	1320	1274	
1009	468	670	
1362	1381	1306	
176	261	101	
442	386	713	
408	542	814	
476	371	187	
361	606	271	
497	385	241	
1052	1409	997	
742	876	475	
594	814	707	
496	930	315	
384	432	563	
407	192	456	
288	243	380	
826	791	1407	
852	1789	664	
1430	799	1303	
334	91	110	
648	1150	971	
121	351	175	
561	1373	433	
174	254	143	
600	278	324	
891	1005	436	
326	625	712	
333	160	463	
670	430	668	
331	161	109	
685	447	306	
635	445	393	
988	902	1236	
470	1164	976	
516	516	641	
158	466	359	
296	379	525	
605	137	144	
689	1032	1131	
257	284	187	
670	468	438	
769	477	776	
62	106	213	
1037	788	478	
1970	1359	1702	
1104	893	1155	
