Factories	3	Jobs	200	Machines	2

Total number of component types per job processed by HSPM
6	11	10	7	11	11	9	5	5	8	10	7	10	9	9	8	8	10	8	11	12	7	5	11	12	8	6	9	8	5	12	9	6	12	6	7	7	9	7	6	11	5	11	9	12	10	5	6	10	5	5	7	11	5	9	11	5	12	9	5	6	12	7	11	12	11	7	10	9	10	11	7	10	10	10	9	8	8	10	6	6	11	11	11	11	11	6	8	11	12	6	10	9	12	6	11	8	9	12	7	10	6	12	9	8	8	7	6	12	12	5	7	11	11	9	5	7	8	5	8	12	9	6	8	9	5	8	8	9	6	5	8	11	6	10	10	6	6	11	7	9	5	8	11	10	6	8	6	6	5	5	12	9	11	7	8	6	8	6	12	8	9	10	12	10	10	6	12	12	5	5	6	7	11	11	9	11	11	6	7	7	9	6	5	9	9	11	8	7	12	7	6	5	10	12	11	7	9	7	5	

Total number of component types per job processed by MFPM
4	1	3	2	2	1	4	4	1	3	2	2	1	4	5	2	2	3	2	3	3	3	4	5	1	5	5	5	2	4	5	1	3	1	1	2	4	5	5	5	1	2	3	5	1	2	1	1	5	4	3	2	1	4	3	4	5	3	2	3	5	1	2	4	4	2	3	3	3	3	1	3	5	5	4	1	5	4	5	4	4	3	4	2	3	1	2	1	5	5	2	4	3	4	4	4	1	5	5	4	5	4	2	2	1	3	5	5	3	1	5	2	4	1	5	5	5	5	3	2	1	2	3	1	4	1	5	5	3	2	2	2	3	1	4	3	3	1	1	4	2	5	5	2	1	4	1	5	1	2	5	5	3	5	5	2	3	5	1	4	3	3	3	3	3	5	2	2	2	5	4	5	5	2	3	1	2	4	1	5	1	1	4	2	1	5	2	5	3	4	4	1	3	5	5	5	3	2	1	2	

All component type numbers for each job to be processed by HSPM
2	52	3	73	5	57	4	8	6	69	0	67	
13	47	18	56	14	10	7	75	5	21	15	24	0	72	1	60	3	55	9	32	19	50	
5	18	1	13	19	50	18	62	6	30	14	21	12	54	9	66	11	32	7	24	
14	72	19	6	4	65	7	14	17	18	1	15	6	66	
0	40	2	69	5	70	18	9	13	60	17	52	4	42	8	4	7	7	15	20	19	29	
14	43	2	40	6	72	7	68	17	74	3	69	13	75	4	17	15	30	1	70	11	26	
19	23	0	56	12	41	1	27	10	28	7	60	8	35	17	4	3	39	
7	21	1	68	12	69	15	7	19	59	
13	10	9	32	16	58	8	70	1	67	
2	73	19	67	1	23	0	46	10	64	13	51	11	14	7	20	
8	2	0	19	2	57	17	21	3	41	1	45	16	69	14	73	11	61	18	15	
10	35	18	20	17	2	6	71	0	49	3	48	11	70	
3	56	2	73	0	27	14	62	6	5	15	1	16	48	19	65	13	4	8	34	
9	54	18	61	15	33	0	43	4	1	14	13	7	28	8	23	2	19	
15	28	11	74	19	1	3	35	10	40	9	21	13	5	7	52	14	12	
7	38	17	28	18	49	16	30	11	1	13	14	10	29	9	11	
18	40	11	34	4	3	5	28	1	57	19	44	12	22	9	14	
13	33	3	7	0	29	19	11	8	55	1	47	6	68	16	70	18	19	12	38	
9	67	13	58	14	38	2	43	11	39	4	69	5	27	17	18	
5	15	8	60	10	40	11	21	17	30	12	37	2	73	16	35	14	11	6	28	0	64	
3	6	13	26	19	34	18	13	15	47	16	3	1	18	12	52	17	37	2	4	8	48	5	22	
14	37	17	30	9	70	5	47	10	44	0	64	8	20	
15	28	9	75	10	39	14	4	18	46	
18	60	7	46	17	28	0	38	9	49	19	74	8	44	6	1	11	5	4	63	5	23	
15	12	1	38	4	36	10	16	17	72	13	63	16	71	0	6	8	23	3	40	7	35	2	17	
19	57	7	22	1	27	4	20	18	5	14	19	10	50	2	65	
5	22	2	11	8	34	0	43	11	54	12	17	
2	50	18	61	15	13	1	11	14	62	7	10	6	67	12	42	9	28	
1	75	7	21	19	38	5	34	18	5	16	2	10	12	8	47	
4	17	10	14	17	16	14	40	7	50	
15	2	6	66	14	31	2	55	16	36	7	59	9	3	4	35	8	9	1	60	19	27	3	64	
16	32	8	11	10	37	17	20	19	71	4	36	9	26	7	30	3	47	
3	62	4	68	13	50	8	19	12	51	15	63	
19	66	8	25	5	42	17	39	1	17	3	26	0	40	9	27	4	50	14	52	7	8	6	20	
9	18	11	13	18	16	8	34	3	15	10	9	
8	70	18	4	10	69	6	41	12	47	2	51	14	40	
8	53	19	67	7	35	16	18	9	68	13	69	3	33	
19	17	14	6	1	5	13	56	3	33	15	65	17	21	10	45	5	59	
3	65	12	24	8	26	10	32	4	36	15	16	17	41	
15	26	8	62	11	61	1	73	10	66	7	51	
3	11	6	34	4	27	0	38	13	12	11	17	7	58	10	20	1	73	18	50	16	28	
0	54	10	52	7	8	6	25	12	58	
2	39	3	71	18	62	5	15	9	65	4	46	15	63	17	27	8	17	16	36	11	49	
14	48	15	14	7	11	3	70	19	45	12	65	2	66	11	12	9	41	
14	44	8	27	10	42	3	59	16	9	13	24	18	29	1	12	15	39	9	45	6	17	19	4	
9	24	3	26	16	3	8	47	11	66	1	57	14	54	4	41	7	74	5	59	
3	41	7	14	1	39	11	32	2	9	
1	13	8	38	16	8	2	24	10	31	7	20	
1	14	15	42	12	33	10	21	0	23	18	37	16	50	9	27	7	39	4	6	
2	48	7	28	0	63	16	57	14	20	
9	65	19	55	12	6	17	8	3	30	
15	75	2	55	18	66	19	69	17	47	6	42	7	29	
1	28	19	37	11	50	0	23	14	32	13	26	5	33	12	42	2	72	17	12	9	4	
18	44	13	31	2	39	8	63	9	43	
3	22	8	43	14	42	0	57	19	64	4	37	17	11	2	3	7	12	
15	73	5	66	0	37	9	21	11	25	7	9	13	22	6	50	18	17	4	18	19	11	
2	55	9	70	13	42	10	44	12	17	
3	63	16	7	0	66	18	15	5	24	17	9	9	21	13	35	6	60	11	8	4	69	1	72	
0	18	14	67	7	17	10	27	18	34	5	53	1	37	8	60	9	2	
17	19	14	4	15	10	6	12	5	48	
11	6	14	63	1	45	17	26	10	5	16	2	
17	56	19	28	10	40	16	2	9	48	13	13	4	51	8	66	14	21	18	41	0	25	6	11	
17	6	11	3	5	69	7	33	0	30	12	28	4	52	
1	6	6	36	13	9	19	24	4	28	8	27	7	70	18	50	5	72	3	16	10	42	
14	51	12	33	11	59	7	32	3	49	16	26	5	69	13	8	9	55	15	75	0	30	10	65	
19	3	4	65	10	19	0	38	13	61	11	41	6	1	15	55	17	17	5	58	3	40	
14	54	5	45	13	36	7	8	16	49	8	35	6	60	
3	71	6	8	13	36	4	62	2	45	17	52	8	31	7	1	19	12	11	64	
11	72	17	64	14	44	15	32	2	70	1	54	13	61	0	9	19	38	
0	71	18	29	14	55	13	44	12	70	19	19	5	59	10	68	2	14	17	53	
0	24	2	13	8	69	17	46	6	4	5	52	1	44	4	2	14	35	7	22	15	48	
0	1	2	9	13	46	4	66	5	3	19	47	3	7	
3	59	4	39	0	2	16	16	15	68	13	23	2	31	8	41	7	48	12	34	
5	19	13	42	8	20	17	9	7	63	1	14	4	16	2	59	14	48	0	45	
9	54	6	71	14	69	13	43	7	27	4	23	19	68	0	1	8	62	17	20	
16	63	15	42	1	16	17	45	9	4	5	39	14	17	18	13	10	48	
15	6	3	39	4	35	12	47	7	51	16	12	5	19	19	56	
5	35	13	44	7	57	18	21	3	32	11	2	17	70	19	19	
10	73	19	44	17	52	2	7	7	55	8	6	11	68	14	60	0	33	5	50	
6	47	5	16	18	33	8	35	15	2	12	31	
13	44	8	63	15	24	14	18	7	46	16	75	
12	48	3	47	2	5	7	39	6	29	13	13	1	21	19	1	8	62	9	68	10	51	
4	35	7	57	16	64	13	20	15	36	19	8	9	23	2	37	8	16	3	24	11	4	
14	14	19	49	0	53	2	20	13	24	5	74	15	28	4	50	10	32	1	73	18	10	
7	73	18	20	1	29	3	75	6	35	19	40	8	10	13	60	11	26	12	23	5	70	
15	30	6	31	0	22	7	45	10	13	3	33	17	60	11	48	19	59	5	71	8	1	
15	15	16	43	3	69	12	52	19	23	4	50	
15	1	3	75	9	49	0	67	11	59	12	71	19	19	2	38	
11	15	12	11	18	73	13	22	17	1	6	70	10	12	3	72	8	24	19	41	14	65	
0	9	14	57	18	21	6	29	16	60	17	33	3	72	12	5	2	54	8	44	4	2	5	69	
13	12	17	68	10	38	15	46	19	75	18	30	
8	8	17	39	15	7	4	53	1	44	14	41	12	55	16	72	2	64	10	69	
11	17	14	75	17	70	18	53	1	62	7	26	4	3	10	34	2	36	
14	13	1	53	17	12	3	41	12	66	2	8	11	19	7	22	9	48	6	38	4	17	19	54	
13	6	0	64	9	73	19	56	7	57	5	11	
18	74	6	13	7	64	2	73	16	16	9	54	5	57	3	30	19	75	11	38	4	8	
18	69	3	5	17	27	7	32	11	35	12	41	15	53	4	29	
18	17	5	31	3	16	15	35	10	48	12	22	4	36	14	6	7	8	
9	52	0	47	17	12	16	21	18	34	12	64	6	45	3	23	5	58	15	50	13	27	11	65	
0	52	9	66	14	56	17	67	2	60	18	37	11	31	
4	35	3	52	6	34	16	65	13	8	0	66	18	45	2	25	12	14	5	21	
16	11	17	60	5	39	2	44	18	23	9	30	
8	23	2	67	18	12	1	4	12	61	17	43	0	9	3	59	9	69	5	39	7	16	15	48	
12	49	9	38	2	72	15	42	4	2	5	43	13	54	17	60	10	50	
11	72	15	38	14	69	16	32	13	68	9	6	18	19	8	54	
18	23	2	41	12	1	11	42	15	62	5	20	0	57	16	56	
6	17	5	9	3	3	10	72	18	67	11	34	15	23	
13	73	3	42	14	36	2	12	9	30	12	14	
19	10	6	64	0	1	14	47	7	3	16	72	13	2	15	75	2	14	4	29	10	9	12	26	
17	32	14	5	16	2	12	56	19	26	10	37	18	35	5	67	9	24	6	40	7	73	15	11	
2	25	4	43	6	8	10	39	14	72	
5	16	1	13	19	67	2	5	9	47	11	2	12	19	
0	9	18	1	16	32	15	61	5	43	11	26	8	41	2	70	9	7	13	6	14	15	
19	44	7	10	12	9	14	53	8	34	5	18	4	75	0	70	10	1	16	2	15	65	
4	19	10	53	9	60	0	44	5	8	16	31	8	50	6	5	2	22	
15	45	11	23	18	21	1	26	13	50	
5	47	15	60	13	2	19	17	18	8	10	45	6	6	
13	4	2	60	1	55	16	39	5	3	10	22	18	7	4	64	
8	38	13	74	9	46	3	4	7	44	
5	1	16	30	6	34	9	38	11	40	1	53	2	35	0	62	
2	9	12	53	9	46	10	70	7	8	0	20	17	75	1	64	14	60	15	45	18	63	8	22	
16	47	13	19	12	43	19	8	1	74	11	16	14	11	18	28	17	29	
16	7	13	35	14	18	17	75	11	46	15	24	
16	70	15	28	18	46	14	45	6	47	9	61	7	12	13	34	
15	48	14	18	0	69	18	75	5	25	19	21	1	12	11	52	16	13	
12	27	2	5	15	3	14	12	13	54	
9	50	17	52	15	72	4	59	11	43	14	70	0	64	5	48	
17	34	13	27	10	54	9	21	15	13	5	50	0	70	14	19	
12	24	16	18	8	55	11	51	15	34	17	9	13	64	2	37	3	68	
4	27	9	2	10	34	1	3	8	62	15	17	
2	25	13	3	0	4	11	60	18	55	
5	30	6	37	13	55	7	29	10	22	9	15	4	3	17	72	
17	38	14	29	6	37	4	23	12	66	13	68	7	70	5	21	15	47	2	55	9	74	
1	25	10	66	13	60	9	64	19	29	8	74	
17	42	16	53	2	44	0	34	12	66	13	55	4	21	18	5	1	23	3	72	
8	21	5	72	19	8	4	60	11	6	16	10	12	37	9	7	10	2	0	22	
8	2	9	51	10	61	17	65	15	70	14	41	
12	25	15	23	5	51	16	32	14	59	0	46	
16	33	15	23	3	43	9	36	4	45	5	54	8	67	13	52	11	6	0	10	2	73	
10	1	16	29	3	64	1	46	17	70	9	41	15	37	
10	58	8	27	7	36	5	1	13	45	12	52	15	74	1	46	14	10	
19	13	10	53	9	61	11	10	5	43	
1	9	6	7	4	36	0	71	17	43	3	75	18	16	10	11	
18	1	5	68	0	55	13	70	7	8	12	43	10	10	6	46	8	24	11	20	9	13	
14	4	5	65	10	2	1	47	12	35	4	32	2	7	3	27	11	71	7	68	
16	11	14	60	0	19	10	51	13	8	2	45	
4	48	1	43	8	39	0	1	6	59	13	53	12	14	2	51	
17	61	4	1	18	7	2	28	13	64	14	18	
10	3	5	67	17	66	0	52	18	39	6	71	
16	1	7	30	14	22	8	66	15	60	
6	6	1	65	13	60	3	31	11	32	
18	18	4	37	10	35	17	64	3	40	12	8	13	39	15	38	9	25	0	17	2	49	5	47	
14	30	16	40	18	50	8	69	1	28	11	71	15	33	12	67	6	68	
13	68	7	3	9	54	6	6	1	47	17	49	19	74	14	66	3	5	15	31	10	18	
11	27	13	18	8	25	14	5	19	13	16	15	2	63	
18	10	15	64	7	50	11	38	2	13	6	55	3	63	12	6	
7	74	19	1	3	27	14	38	11	66	13	62	
18	67	9	42	2	34	11	25	12	14	3	46	5	20	13	52	
10	24	16	69	11	9	7	11	13	68	6	43	
4	46	6	53	14	7	18	12	19	17	2	3	13	23	12	19	16	57	10	70	9	20	0	38	
3	59	2	57	16	68	13	73	11	38	7	49	19	55	9	10	
13	40	15	52	18	24	16	36	5	38	6	21	2	59	0	42	17	54	
0	19	3	36	5	5	8	14	6	35	4	30	13	17	19	18	17	56	14	70	
1	45	2	43	17	35	12	27	8	56	3	11	7	3	0	41	5	30	16	18	14	58	19	59	
2	57	8	11	7	46	0	71	17	59	11	1	13	22	18	64	12	55	3	6	
3	10	19	16	15	2	5	53	11	71	13	41	12	74	8	21	10	14	17	19	
3	43	4	68	15	31	16	28	17	44	0	16	
1	63	7	32	13	72	15	9	5	42	16	47	4	28	3	13	14	51	19	20	12	70	10	16	
19	60	18	48	0	43	13	70	1	23	11	25	15	10	17	68	6	58	16	67	7	34	8	2	
0	3	17	68	10	26	13	38	16	25	
15	62	14	59	13	58	19	5	8	27	
6	50	0	53	9	17	11	2	1	14	3	26	
9	73	11	29	8	28	15	69	12	42	19	2	17	5	
2	45	13	51	0	38	7	33	15	55	4	46	9	59	14	41	3	26	11	50	10	65	
19	16	18	2	17	28	4	42	6	29	11	68	7	51	13	25	14	59	16	21	8	7	
8	35	7	30	5	18	14	58	3	23	9	75	10	34	17	19	1	50	
17	9	9	51	7	57	6	62	19	58	0	3	14	27	5	33	16	1	13	47	10	31	
5	28	1	38	2	55	10	33	13	15	11	5	3	59	19	7	16	47	14	50	15	49	
18	63	13	51	2	72	19	37	0	39	3	73	
5	39	0	35	4	41	9	75	8	50	3	30	11	56	
7	15	15	13	5	27	13	38	16	49	18	45	8	42	
5	15	11	1	9	55	15	3	6	40	8	70	1	38	16	13	7	45	
18	70	2	66	14	47	9	75	13	71	1	23	
19	73	6	63	13	11	10	30	4	33	
12	59	8	26	0	62	13	2	10	8	17	33	5	69	3	34	15	63	
5	45	14	63	4	35	3	39	2	27	6	47	15	8	0	12	12	29	
4	8	6	44	5	56	15	37	9	33	8	27	19	13	2	30	3	50	10	40	12	22	
14	31	17	16	6	6	18	23	12	13	11	2	5	20	2	7	
8	45	11	28	5	36	19	67	9	6	1	49	6	41	
12	4	17	70	0	75	6	49	5	43	3	31	7	48	9	33	2	51	18	32	10	18	13	11	
12	26	17	65	5	29	0	63	2	53	19	75	3	55	
3	47	14	68	17	70	0	25	9	56	13	12	
6	58	7	40	10	74	8	12	14	66	
10	8	11	4	9	48	4	44	7	28	3	27	2	53	6	72	18	6	0	1	
9	18	16	67	5	3	10	49	15	47	14	20	18	52	12	12	1	27	6	75	3	14	4	7	
12	11	10	26	15	14	4	12	6	29	13	33	18	55	17	74	16	54	0	70	7	24	
4	17	3	75	10	47	9	61	16	48	15	13	6	43	
5	69	16	29	14	50	15	59	12	5	18	32	0	11	11	18	7	10	
2	75	9	66	14	10	4	25	13	19	15	23	8	1	
8	73	10	42	1	59	14	66	13	40	

All component type numbers for each job to be processed by MFPM
0	11	9	25	7	24	1	15	
1	6	
9	1	1	12	5	6	
2	9	9	2	
7	25	5	10	
8	13	
1	3	5	5	0	6	7	1	
1	19	2	23	6	8	8	11	
4	4	
7	21	0	3	8	19	
0	22	9	25	
2	16	4	15	
2	19	
0	6	1	16	7	9	4	15	
5	3	1	10	7	16	3	1	8	17	
6	15	8	16	
1	11	4	10	
8	18	6	9	0	4	
6	17	5	2	
9	13	2	18	1	23	
3	17	2	12	0	8	
6	22	7	21	2	7	
1	17	4	24	5	9	3	20	
4	22	6	24	3	1	2	4	8	6	
6	21	
5	14	1	9	4	5	2	13	9	15	
3	10	9	13	1	8	2	4	6	9	
9	3	1	18	5	15	4	23	6	7	
0	5	4	12	
1	14	7	11	6	10	5	19	
8	6	1	12	7	4	6	8	9	2	
8	5	
4	14	2	7	7	17	
0	24	
8	11	
2	24	3	13	
8	2	5	8	9	23	2	22	
2	8	8	19	0	21	5	18	1	7	
0	9	4	2	6	13	9	1	1	19	
6	12	7	7	4	17	3	1	9	5	
3	6	
1	16	8	20	
2	11	5	25	7	3	
6	1	9	3	1	15	3	5	5	8	
7	11	
7	5	3	17	
8	25	
3	19	
9	23	8	11	4	9	6	10	3	2	
1	7	8	19	9	23	4	8	
7	1	6	19	1	8	
3	4	7	15	
4	25	
4	7	3	12	9	19	8	2	
9	21	2	9	3	7	
7	22	0	6	5	18	3	1	
1	11	7	22	5	2	3	7	4	13	
9	17	6	25	8	19	
3	8	4	25	
4	11	1	10	8	6	
4	24	5	20	1	23	6	16	7	1	
1	18	
1	19	2	9	
8	18	5	7	1	22	7	4	
3	5	9	18	7	25	8	2	
0	22	4	12	
6	1	5	24	0	8	
4	5	7	21	8	23	
6	14	9	21	3	20	
7	9	2	14	4	18	
9	25	
3	25	7	14	5	7	
2	12	9	21	0	11	8	4	1	19	
0	23	6	25	4	5	5	6	9	17	
1	15	0	19	8	20	5	22	
0	8	
1	18	3	20	9	9	2	23	4	5	
0	5	3	1	1	4	2	6	
8	9	1	16	2	12	4	7	5	5	
5	17	0	11	9	13	8	24	
6	8	7	11	8	2	2	14	
3	7	6	6	9	21	
9	15	1	22	4	3	8	6	
8	17	4	25	
3	13	4	8	1	21	
5	2	
7	15	9	21	
2	18	
9	18	8	17	2	6	3	9	5	14	
6	5	5	13	3	23	1	12	8	10	
2	1	9	7	
4	18	8	23	5	17	6	21	
4	16	8	24	2	5	
2	13	4	10	1	17	0	19	
2	14	1	21	8	20	6	3	
6	2	7	17	9	15	8	6	
7	8	
5	11	2	23	4	22	8	9	6	2	
6	9	4	10	0	25	8	15	3	11	
5	1	2	7	3	16	8	12	
0	18	2	24	3	21	7	16	5	13	
1	19	4	14	2	25	3	1	
2	17	0	9	
3	16	0	18	
0	10	
1	4	4	22	2	8	
9	25	4	19	8	24	7	16	1	18	
9	25	2	1	6	24	8	13	1	21	
9	18	4	3	1	21	
9	24	
0	8	1	14	2	11	7	23	8	22	
0	4	4	8	
0	13	1	4	2	14	3	24	
9	3	
6	12	4	3	2	20	8	19	3	5	
6	24	1	1	4	2	5	8	3	13	
4	20	1	1	5	12	8	18	6	3	
5	6	1	17	7	12	6	18	2	14	
7	1	5	25	9	8	
8	9	7	23	
8	14	
8	23	7	13	
5	11	2	13	3	16	
9	18	
2	19	7	18	0	7	6	21	
9	20	
5	23	4	12	3	2	6	16	8	24	
4	3	5	22	9	14	7	8	6	20	
7	25	0	1	6	17	
1	16	8	24	
7	1	5	16	
7	22	6	7	
1	1	0	22	5	15	
9	2	
3	16	5	2	2	8	1	7	
9	7	5	5	0	12	
6	1	0	6	5	13	
6	6	
9	18	
7	12	2	20	4	16	1	14	
0	16	7	13	
8	15	7	14	4	1	2	17	9	18	
6	25	8	23	0	3	9	9	1	5	
0	20	3	22	
3	7	
1	9	3	14	4	24	2	19	
6	21	
5	1	8	9	7	17	1	13	0	10	
6	15	
5	23	1	19	
4	19	1	18	2	1	7	25	9	2	
5	2	0	4	1	8	2	9	6	25	
5	4	7	9	9	6	
0	17	2	6	3	5	8	12	7	19	
9	15	2	8	1	20	8	7	0	22	
7	10	8	13	
7	25	6	21	5	9	
3	22	4	14	9	12	0	16	2	11	
5	13	
6	21	3	17	8	3	1	10	
3	16	7	20	2	17	
6	8	8	12	7	17	
9	21	2	11	6	24	
2	8	7	12	6	3	
7	6	6	15	5	7	
2	15	0	8	9	10	7	12	4	6	
0	12	6	4	
2	3	9	5	
8	9	0	10	
3	2	9	11	2	4	5	3	6	5	
2	18	7	3	6	22	3	20	
5	15	1	8	6	7	2	14	9	13	
6	25	2	20	3	2	5	10	4	21	
3	3	9	24	
1	14	7	6	5	9	
2	22	
5	1	8	11	
5	9	4	5	3	3	0	19	
1	6	
6	25	5	12	0	8	7	21	1	14	
8	4	
0	18	
3	4	6	24	1	6	0	11	
4	1	0	4	
9	22	
7	7	2	11	1	3	6	10	8	6	
8	1	1	2	
4	19	5	3	7	6	1	2	3	4	
0	5	5	9	2	22	
4	10	7	13	0	12	8	7	
2	10	7	19	9	17	5	11	
3	11	
6	12	7	1	4	11	
6	7	5	19	7	10	2	1	8	17	
6	24	4	15	8	2	9	12	7	22	
3	2	7	19	0	20	4	1	9	6	
5	12	1	1	0	4	
2	21	5	17	
8	2	
2	25	9	20	

Three processing times per job on each machine
The best scenario
193	162	
79	76	
657	667	
853	585	
382	472	
1019	752	
692	1100	
500	91	
108	251	
256	111	
134	163	
451	371	
486	454	
519	599	
916	591	
460	462	
74	98	
333	159	
116	171	
218	209	
351	517	
472	647	
494	517	
180	180	
239	370	
398	923	
816	212	
494	320	
84	63	
682	657	
274	492	
295	290	
36	106	
476	948	
633	1010	
392	346	
160	29	
130	205	
363	340	
344	381	
105	86	
911	526	
571	401	
929	483	
958	806	
424	321	
215	237	
465	176	
501	554	
726	570	
67	93	
165	32	
132	438	
348	786	
1142	473	
93	149	
443	405	
929	299	
151	203	
834	505	
516	175	
266	703	
499	394	
241	290	
173	344	
442	523	
338	808	
771	1047	
72	44	
147	299	
152	398	
78	279	
229	279	
604	620	
253	407	
814	699	
169	562	
192	188	
807	844	
332	282	
84	420	
486	284	
346	319	
438	414	
554	586	
790	863	
193	122	
645	225	
889	331	
457	277	
215	409	
91	245	
371	330	
181	234	
308	550	
910	476	
445	580	
190	288	
749	559	
567	249	
380	444	
712	201	
432	415	
159	218	
205	366	
119	158	
739	691	
603	819	
159	78	
162	237	
345	483	
325	325	
1155	317	
746	567	
333	197	
390	797	
302	161	
366	547	
289	411	
194	278	
234	503	
240	866	
374	417	
540	530	
389	792	
301	215	
246	560	
471	987	
583	1035	
539	418	
214	236	
402	397	
244	63	
795	572	
82	134	
1005	670	
336	516	
1065	176	
475	131	
274	241	
168	80	
736	473	
185	79	
101	139	
284	138	
425	231	
407	325	
340	243	
237	273	
927	739	
202	296	
127	184	
663	168	
409	607	
526	635	
172	220	
81	193	
44	92	
895	802	
539	942	
301	606	
211	70	
440	525	
191	239	
186	254	
621	921	
349	157	
199	171	
428	512	
64	116	
72	75	
235	280	
116	65	
121	182	
462	851	
214	631	
384	262	
435	393	
99	344	
60	266	
1052	831	
847	630	
605	824	
574	821	
213	130	
618	412	
1056	697	
682	206	
155	437	
303	214	
191	65	
534	782	
159	456	
666	763	
135	272	
392	177	
634	780	
96	111	
221	871	
95	41	
Most likely scenario
217	185	
128	106	
752	724	
1113	777	
444	577	
1111	794	
1041	1159	
517	149	
116	260	
269	114	
249	259	
669	459	
777	646	
681	632	
935	762	
494	608	
115	106	
434	304	
119	204	
298	283	
661	751	
660	759	
561	917	
260	328	
312	490	
446	940	
958	320	
766	514	
157	86	
1092	707	
485	633	
327	316	
65	155	
566	969	
971	1017	
494	575	
163	54	
236	264	
395	349	
386	449	
206	157	
979	813	
1080	443	
1080	590	
1045	941	
543	456	
377	255	
614	213	
644	718	
949	753	
79	125	
186	58	
215	520	
499	964	
1186	801	
133	181	
844	532	
993	472	
222	234	
999	527	
792	292	
501	1107	
655	455	
383	317	
319	549	
728	703	
455	927	
890	1062	
122	61	
254	477	
293	626	
112	359	
305	463	
1065	1024	
498	783	
870	701	
314	733	
268	314	
1203	1118	
370	423	
117	451	
539	286	
404	541	
507	514	
577	602	
834	1065	
258	173	
855	331	
1099	619	
461	325	
344	575	
157	355	
612	372	
359	254	
389	562	
1119	624	
748	814	
203	397	
983	729	
587	267	
545	517	
813	294	
660	606	
212	268	
319	382	
131	160	
1108	1100	
940	830	
205	109	
304	426	
636	748	
496	436	
1482	556	
777	1052	
646	362	
570	945	
600	250	
491	945	
369	538	
296	378	
459	645	
336	946	
653	815	
663	675	
497	982	
528	297	
357	760	
574	1051	
984	1336	
618	657	
267	249	
782	426	
462	115	
832	653	
120	225	
1251	1045	
469	518	
1105	285	
637	258	
478	275	
245	131	
815	768	
275	154	
163	143	
323	220	
804	288	
473	601	
428	252	
324	320	
1006	1244	
223	407	
211	203	
765	289	
766	804	
529	672	
176	283	
125	217	
84	136	
972	1061	
907	1037	
435	961	
327	123	
783	938	
351	369	
192	504	
876	998	
469	284	
348	193	
639	594	
83	119	
119	105	
402	546	
135	67	
180	196	
744	869	
273	670	
444	283	
481	432	
153	360	
99	326	
1107	1098	
1236	996	
918	1053	
967	878	
280	247	
890	525	
1379	832	
756	248	
159	482	
309	428	
328	121	
700	1195	
175	493	
1107	767	
196	461	
631	280	
686	1065	
107	203	
394	914	
187	76	
The worst scenario
219	239	
187	149	
894	776	
1306	845	
504	640	
1534	914	
1457	1192	
603	194	
168	354	
377	134	
261	266	
729	544	
898	871	
969	637	
1161	935	
638	843	
119	148	
498	410	
120	213	
309	307	
890	895	
945	975	
640	1230	
356	372	
316	722	
516	1273	
1057	478	
848	554	
215	88	
1131	723	
640	843	
431	455	
78	211	
804	1388	
1090	1234	
629	839	
184	72	
325	372	
576	467	
421	627	
291	233	
1058	878	
1468	553	
1522	676	
1196	1181	
575	522	
449	326	
839	287	
738	728	
1183	970	
99	153	
263	72	
298	777	
742	1253	
1431	988	
149	188	
979	671	
1403	693	
275	288	
1447	658	
1140	407	
618	1474	
900	466	
518	436	
358	800	
831	704	
667	1094	
1082	1468	
174	66	
301	628	
306	649	
132	465	
412	661	
1554	1161	
712	1018	
1289	1008	
321	755	
318	385	
1293	1374	
492	582	
162	503	
557	328	
597	647	
576	544	
718	614	
1036	1401	
259	178	
911	492	
1196	675	
663	438	
480	836	
210	476	
852	450	
499	315	
583	831	
1604	670	
804	1103	
300	547	
1167	1011	
669	294	
710	719	
1045	429	
913	731	
226	287	
370	569	
150	198	
1236	1179	
1137	1023	
267	114	
317	478	
864	807	
529	532	
1506	806	
1126	1347	
884	415	
744	1414	
818	311	
551	1286	
546	801	
327	533	
574	671	
416	1217	
941	1049	
926	947	
498	1365	
587	358	
492	1038	
628	1367	
1270	1452	
926	691	
290	269	
1083	438	
526	133	
1062	974	
123	321	
1402	1187	
603	750	
1575	374	
653	320	
512	340	
366	180	
818	964	
346	186	
191	197	
409	318	
1076	375	
564	744	
604	296	
413	369	
1137	1607	
280	449	
267	206	
885	416	
824	1010	
622	911	
187	388	
127	323	
124	167	
1049	1399	
1139	1443	
531	1126	
478	170	
1171	1162	
520	535	
247	575	
1209	1174	
499	306	
482	250	
835	711	
101	146	
173	132	
473	567	
156	69	
227	244	
913	1127	
353	903	
593	347	
626	627	
226	513	
122	341	
1303	1412	
1808	1089	
1006	1408	
1166	1212	
366	346	
1029	698	
2053	1001	
1083	362	
184	661	
346	639	
341	133	
726	1616	
203	500	
1503	1055	
208	579	
856	310	
736	1276	
113	236	
503	1112	
257	87	
