Factories	2	Jobs	150	Machines	2

Total number of component types per job processed by HSPM
10	7	12	6	10	9	9	9	10	8	6	7	7	5	6	10	9	6	7	5	8	11	9	7	8	9	12	11	5	6	7	11	11	6	6	7	12	6	12	9	8	7	10	11	8	6	6	11	12	9	7	5	6	12	7	9	6	12	11	7	6	12	8	8	9	7	6	7	8	5	9	8	6	9	5	8	5	10	10	6	7	9	8	8	10	10	5	8	6	7	5	8	8	9	9	11	12	8	11	7	6	5	8	8	10	6	7	7	6	10	10	11	12	5	11	6	12	6	9	11	9	8	10	6	10	6	10	5	12	10	5	5	6	7	10	9	6	5	10	7	10	6	7	10	10	7	7	7	12	8	

Total number of component types per job processed by MFPM
1	4	1	1	3	1	3	4	5	4	2	1	4	1	3	3	5	5	3	1	2	1	4	2	5	4	3	1	4	5	2	5	5	4	3	1	5	1	2	4	2	5	2	4	5	2	1	5	2	3	2	5	3	5	5	3	2	5	4	3	1	4	5	5	4	4	4	2	2	3	1	4	3	1	4	3	4	1	5	4	5	2	5	2	2	4	2	5	4	3	1	4	3	3	5	2	5	5	1	2	2	5	3	4	1	4	5	2	3	4	4	1	1	2	2	2	5	4	1	2	5	3	3	4	2	5	1	3	1	4	2	2	1	1	5	1	4	5	1	3	4	3	1	4	2	4	1	1	2	1	

All component type numbers for each job to be processed by HSPM
15	7	17	46	9	64	4	67	14	59	5	74	10	43	12	51	11	57	6	41	
11	36	19	46	9	18	18	1	4	29	7	66	16	34	
5	12	6	27	10	43	3	47	19	74	18	53	16	44	1	10	15	56	13	70	7	54	12	4	
1	56	14	23	8	68	0	16	11	70	7	75	
1	21	12	52	16	62	11	28	9	12	5	73	19	50	18	13	10	48	6	69	
17	61	7	39	6	19	2	22	12	24	1	8	3	37	4	16	15	63	
4	38	18	4	16	18	9	46	6	33	1	51	17	62	3	17	7	45	
7	15	19	28	16	36	0	51	10	56	1	42	5	10	3	4	4	47	
3	13	5	6	19	18	18	4	9	27	0	23	11	62	2	21	8	40	14	5	
0	66	11	41	13	47	10	49	19	21	6	40	17	70	16	68	
6	7	19	65	9	23	3	52	5	61	7	44	
15	17	13	34	18	69	14	41	4	36	5	3	3	73	
5	34	4	68	2	51	3	50	11	13	1	18	6	35	
7	25	4	7	10	27	3	61	5	48	
4	70	11	15	14	49	9	1	10	52	8	9	
19	27	0	11	7	14	18	19	10	7	1	46	5	45	2	5	13	30	14	2	
12	49	5	19	1	15	0	62	17	59	19	21	7	63	2	55	9	20	
4	52	17	1	7	23	6	64	15	25	12	21	
7	73	0	6	14	33	16	31	11	55	12	16	17	20	
18	44	10	65	2	28	9	22	1	26	
15	74	2	21	12	69	11	15	4	60	8	40	18	24	10	12	
13	59	0	68	8	42	2	44	19	24	12	34	10	43	17	9	9	47	3	65	6	3	
9	69	1	72	15	47	7	37	17	41	12	55	14	56	4	62	0	73	
14	17	13	54	10	9	7	42	5	16	9	11	1	73	
1	27	15	59	3	2	18	75	4	53	2	13	8	44	14	52	
14	39	13	34	6	48	9	5	1	23	4	18	8	26	11	37	10	51	
4	19	6	17	0	26	5	16	10	53	3	35	15	34	17	68	19	39	9	33	8	10	2	48	
12	63	4	45	17	66	3	10	13	5	18	37	16	9	14	11	11	47	0	48	15	31	
15	33	12	16	11	11	6	24	1	31	
15	36	6	28	13	11	11	7	8	5	4	18	
9	41	14	20	19	55	12	43	10	17	8	12	0	59	
16	25	6	10	11	30	2	24	4	50	10	58	17	56	19	69	13	7	8	4	18	20	
2	40	10	74	16	38	4	11	6	6	19	42	1	4	13	23	17	5	3	26	11	57	
11	75	18	67	9	32	17	73	5	43	12	30	
1	69	14	24	3	45	11	12	9	44	18	47	
8	47	10	2	11	24	15	67	12	11	19	56	18	5	
2	38	18	17	6	57	5	16	9	60	17	8	12	46	14	32	0	73	4	64	10	26	1	66	
10	20	8	36	5	31	7	35	16	3	4	64	
10	16	2	60	19	9	0	47	1	59	16	38	14	75	17	29	6	50	7	42	18	69	8	67	
7	4	10	59	3	28	14	71	16	40	4	47	8	44	0	13	15	39	
3	74	13	31	18	68	2	34	12	20	8	27	9	43	6	3	
19	63	1	33	2	39	18	75	6	72	7	53	15	68	
15	64	18	3	17	50	4	44	0	51	3	62	14	40	2	11	7	32	13	47	
2	1	4	12	3	6	13	68	9	44	1	35	11	69	15	52	18	38	14	37	8	24	
14	63	10	41	4	75	5	32	17	23	0	51	11	6	15	39	
8	47	2	53	3	5	7	50	12	9	0	43	
15	75	6	15	17	13	13	36	16	7	12	72	
0	1	9	11	19	75	12	42	2	18	7	17	17	29	8	31	16	35	18	60	6	27	
18	37	19	11	7	18	11	12	16	5	0	27	10	74	5	63	1	24	14	75	13	69	4	15	
7	28	13	72	3	67	10	64	9	48	12	3	17	19	6	65	11	47	
2	13	11	40	12	48	8	75	17	22	10	71	7	57	
19	55	10	36	1	71	18	27	9	5	
9	5	11	33	5	20	17	67	1	63	4	18	
2	30	11	1	12	16	1	15	19	51	0	37	3	62	7	18	9	3	4	40	10	66	15	73	
0	51	17	28	14	46	13	68	6	18	7	54	15	10	
3	13	9	28	13	49	7	6	12	45	19	16	18	65	17	54	4	35	
2	28	19	47	6	37	3	53	14	74	18	3	
4	65	9	11	17	56	2	49	5	73	7	70	8	48	0	36	3	67	19	18	13	12	16	22	
15	1	18	75	0	30	1	20	4	15	16	53	8	49	12	24	13	8	14	35	19	29	
7	45	12	72	18	22	17	28	16	57	14	31	5	26	
0	6	16	15	3	3	8	16	1	7	11	65	
1	62	18	22	8	55	14	10	12	26	10	18	11	66	15	11	17	16	3	39	16	46	9	15	
11	53	1	18	5	1	18	71	16	63	15	74	19	66	0	62	
16	28	12	75	8	48	18	12	7	63	1	5	3	8	0	33	
17	9	19	24	7	62	15	26	8	36	4	4	2	28	12	17	6	71	
9	41	16	34	8	66	5	54	19	3	14	62	15	1	
0	29	2	35	13	59	17	1	1	56	19	24	
4	16	16	53	0	17	6	55	2	2	14	1	10	45	
8	20	17	74	3	53	16	47	19	33	6	26	4	37	13	72	
2	70	11	51	0	1	3	8	5	28	
17	37	14	73	6	34	9	64	2	57	8	8	3	75	0	42	4	46	
17	41	10	48	12	62	11	65	9	2	15	24	13	4	0	33	
11	58	16	4	14	53	10	61	17	71	2	16	
19	50	6	51	4	6	5	35	8	45	9	12	10	75	11	52	0	55	
12	73	13	44	15	63	0	40	11	68	
16	7	1	2	19	11	11	60	0	16	8	66	2	68	13	33	
7	52	13	42	1	34	14	10	4	29	
15	1	19	12	1	68	9	6	13	37	2	48	11	33	12	5	18	51	7	74	
4	71	19	17	7	59	13	37	12	4	16	54	11	73	0	66	8	9	1	26	
3	24	5	37	12	13	1	11	19	36	7	21	
9	60	6	49	16	29	19	12	8	1	5	43	3	16	
1	28	6	7	9	5	4	23	10	62	3	22	14	38	7	49	18	36	
10	64	15	24	16	41	0	26	3	73	1	2	12	57	8	75	
16	32	15	63	9	43	11	28	12	26	19	48	6	29	8	44	
11	66	14	12	2	39	15	64	12	29	3	58	6	6	4	13	18	60	5	37	
18	70	2	5	4	69	9	49	11	37	10	36	7	33	0	28	13	51	19	74	
16	72	7	71	13	33	5	16	3	73	
11	23	0	49	10	69	7	62	16	58	6	45	12	41	15	50	
14	15	8	43	7	40	19	55	4	52	1	24	
2	24	3	52	17	65	8	62	5	18	11	47	1	63	
15	60	10	3	4	46	2	6	17	55	
2	56	12	33	15	68	8	12	5	22	6	55	9	51	1	60	
0	57	4	28	7	25	11	63	10	65	17	50	13	34	16	71	
8	10	14	4	4	17	11	9	17	8	15	26	1	35	13	69	9	64	
5	68	3	21	10	50	18	51	2	70	1	9	17	16	15	69	12	53	
0	50	14	15	10	39	7	53	2	26	12	16	18	25	8	37	4	65	13	44	11	69	
14	26	17	68	11	74	12	34	7	28	19	31	1	51	6	17	2	67	9	75	3	54	5	53	
0	71	10	19	6	63	12	62	2	29	9	16	18	54	7	22	
14	17	5	71	18	25	16	1	19	5	17	16	6	3	12	41	13	44	11	72	7	10	
7	62	8	51	9	17	16	65	5	37	15	47	6	5	
1	59	7	50	3	41	9	65	15	15	18	56	
0	27	4	69	14	65	2	56	17	63	
14	68	8	10	17	49	2	31	13	6	7	44	1	5	9	20	
0	59	8	22	5	36	2	19	12	65	15	68	4	67	3	54	
12	10	7	14	15	75	5	46	4	51	9	29	16	63	14	43	6	61	18	45	
9	37	16	15	6	62	19	59	8	25	0	30	
2	74	9	62	4	60	14	63	19	11	17	34	15	18	
12	16	4	72	17	22	8	33	13	63	16	66	14	17	
10	47	15	17	4	52	17	27	2	44	11	65	
15	10	1	58	13	31	16	73	5	61	9	33	6	9	11	32	2	70	3	13	
18	7	0	53	19	21	13	37	1	64	3	17	8	49	7	10	17	25	14	24	
10	28	2	56	0	2	19	14	5	59	12	45	1	39	16	74	18	61	3	60	7	50	
15	9	0	36	12	10	14	64	16	54	10	15	7	69	11	72	17	48	13	19	18	56	6	21	
15	14	17	58	5	41	7	54	8	18	
8	72	10	9	18	65	1	64	5	35	2	38	17	52	19	63	13	27	3	60	11	26	
15	20	11	15	6	5	16	13	12	7	7	14	
2	33	6	62	19	63	1	57	3	20	5	68	16	17	8	55	9	73	11	14	7	59	15	30	
14	35	1	71	11	1	0	75	4	72	19	23	
0	53	10	37	6	24	8	47	15	55	7	49	14	32	5	68	16	51	
5	66	15	64	18	36	13	43	10	17	8	15	3	10	14	31	12	59	4	73	1	50	
2	34	9	13	0	1	4	73	11	7	18	54	13	37	5	56	7	45	
13	53	15	50	18	69	1	10	8	46	19	16	12	9	16	75	
9	24	11	34	14	11	16	58	7	60	5	9	10	3	15	66	1	14	2	52	
9	48	6	73	5	62	0	13	2	36	19	4	
5	57	17	51	19	31	1	60	7	58	18	62	15	65	0	73	16	10	2	7	
0	24	15	10	11	16	3	47	5	53	1	14	
11	49	15	14	2	13	5	67	8	43	1	3	10	44	17	36	3	6	16	22	
12	16	5	6	18	65	10	40	19	33	
15	13	4	8	12	40	8	1	13	35	14	37	9	38	2	71	1	11	11	45	7	72	10	62	
8	31	17	29	4	75	11	20	19	4	16	50	0	17	13	37	2	19	18	10	
12	68	15	26	2	57	1	25	16	61	
5	4	3	30	13	29	2	7	12	10	
14	24	11	13	8	21	9	14	0	2	5	36	
8	48	19	12	3	34	7	64	1	45	9	63	0	24	
0	54	10	20	11	27	1	48	12	5	6	28	14	8	17	46	13	58	2	59	
3	49	1	60	0	6	11	52	19	75	2	7	13	56	15	53	12	35	
15	24	9	21	14	62	19	39	3	22	17	38	
18	4	15	12	11	57	3	66	7	11	
15	30	6	48	4	15	9	51	10	12	5	22	14	19	18	64	3	45	2	44	
18	21	4	64	19	13	17	11	9	55	15	69	0	18	
18	18	4	47	6	19	17	52	1	17	2	69	5	34	13	63	3	26	19	15	
11	28	7	64	2	66	16	23	0	15	18	17	
15	15	6	2	17	43	12	46	8	61	13	20	7	69	
16	33	12	71	11	42	19	46	17	6	6	72	2	31	8	61	5	70	10	20	
11	64	15	54	16	34	0	12	13	17	12	50	17	42	6	4	3	16	10	22	
11	45	10	28	4	74	3	22	1	18	8	23	12	47	
9	47	15	65	13	3	5	10	0	7	8	24	4	60	
2	74	19	34	15	52	3	12	0	62	4	43	14	63	
13	50	3	67	16	21	14	6	12	32	11	60	17	22	10	62	2	26	5	24	19	12	18	39	
0	7	13	57	3	70	5	20	2	5	4	55	6	39	1	50	

All component type numbers for each job to be processed by MFPM
9	3	
7	9	5	10	9	20	2	24	
2	10	
1	20	
3	10	8	3	2	11	
5	25	
2	24	8	11	1	21	
8	24	2	12	9	2	4	5	
7	24	5	15	3	8	0	12	1	13	
7	4	4	2	2	10	8	25	
6	11	9	19	
7	20	
5	21	8	2	7	11	3	14	
8	13	
9	8	5	7	0	21	
8	16	4	25	5	7	
4	8	0	13	8	4	5	18	9	23	
8	7	4	5	6	18	3	3	1	11	
6	3	8	21	2	4	
4	11	
2	9	6	22	
7	1	
4	3	6	1	8	24	1	4	
2	16	7	6	
4	12	8	3	9	22	0	2	5	20	
9	12	2	16	5	19	6	15	
8	14	4	10	7	11	
4	22	
0	11	8	18	6	13	2	7	
9	21	1	9	0	10	3	5	7	24	
5	15	1	20	
5	25	8	23	0	6	2	14	9	9	
1	19	6	17	4	10	2	15	8	1	
4	8	9	9	0	24	1	15	
6	8	9	15	3	12	
3	10	
0	7	3	14	8	17	1	22	7	11	
7	12	
7	18	5	17	
4	24	5	7	8	15	1	6	
6	15	9	25	
3	6	7	3	0	19	4	24	2	15	
0	7	1	24	
6	1	0	8	7	20	3	6	
5	21	7	6	4	13	1	25	9	24	
8	17	7	22	
2	8	
5	19	4	9	3	25	0	20	7	3	
3	15	9	1	
2	6	0	13	6	3	
7	23	5	13	
0	20	3	23	8	8	9	15	7	1	
1	7	4	16	5	3	
8	3	1	13	9	25	0	23	3	10	
0	20	4	2	1	16	8	22	6	12	
6	1	4	9	0	8	
6	18	2	24	
8	7	7	4	1	9	5	11	6	18	
5	17	7	13	3	6	1	15	
8	14	6	15	0	18	
8	4	
7	3	5	22	2	14	0	9	
1	2	2	24	9	13	5	5	8	14	
8	8	6	16	5	10	3	17	0	22	
9	12	8	18	5	7	4	10	
7	12	8	17	0	18	2	11	
5	13	3	21	1	8	0	11	
5	16	0	7	
2	12	1	20	
4	13	2	5	8	4	
3	9	
9	20	7	5	5	18	4	7	
8	8	6	5	2	10	
9	18	
5	1	8	16	1	6	7	20	
5	13	3	21	7	8	
1	11	7	23	4	19	3	24	
0	8	
1	14	4	19	0	21	9	9	6	15	
2	5	6	6	8	15	5	23	
5	19	8	10	6	8	0	14	2	3	
4	4	2	23	
7	3	5	4	2	9	9	10	4	1	
9	8	0	3	
3	2	0	3	
0	3	8	4	2	5	9	12	
7	5	4	18	
1	19	0	17	8	12	9	13	7	5	
5	25	4	16	1	5	6	24	
6	4	5	1	9	2	
3	5	
3	24	8	2	5	20	6	9	
3	9	6	10	7	6	
4	20	9	14	2	11	
7	14	1	1	9	6	6	21	0	19	
2	15	1	11	
5	5	1	4	6	21	4	25	7	15	
1	16	6	6	0	4	9	13	8	21	
7	16	
4	12	2	13	
7	25	4	13	
0	4	9	11	8	2	3	19	1	18	
9	22	7	10	4	3	
5	1	0	21	4	19	9	2	
4	11	
7	18	4	12	3	3	5	8	
2	4	6	20	9	19	5	18	8	7	
6	4	5	15	
9	9	0	20	1	17	
5	11	0	8	7	22	3	19	
6	21	3	9	4	10	8	3	
7	5	
0	11	
6	10	1	22	
0	22	4	20	
8	18	7	2	
5	24	1	11	7	12	9	21	0	3	
2	24	0	11	3	3	6	25	
0	3	
6	20	8	10	
0	21	2	11	8	3	3	18	5	14	
7	12	6	15	4	17	
5	21	7	13	6	18	
8	13	4	6	1	24	7	1	
0	7	3	23	
8	25	2	4	5	1	3	9	6	11	
0	10	
6	12	2	17	8	2	
6	1	
2	23	8	24	0	1	6	22	
4	7	3	10	
5	2	6	16	
8	18	
0	7	
1	10	4	14	0	4	6	1	5	22	
3	6	
8	21	0	7	3	3	2	9	
6	18	5	5	9	23	2	9	3	24	
8	9	
3	10	9	6	7	14	
1	15	7	25	0	14	8	17	
0	15	4	13	1	9	
1	19	
4	4	5	7	9	11	3	14	
7	4	9	10	
2	18	0	1	7	24	4	7	
3	13	
6	5	
0	20	4	9	
6	14	

Three processing times per job on each machine
The best scenario
837	981	
166	67	
524	140	
568	341	
229	74	
510	366	
578	240	
1068	294	
357	725	
584	253	
269	302	
318	477	
328	234	
137	152	
199	136	
551	328	
558	1018	
709	395	
461	223	
854	583	
69	126	
148	130	
182	100	
355	489	
720	323	
395	252	
54	167	
204	347	
425	208	
303	191	
394	342	
170	127	
145	379	
461	379	
621	387	
666	635	
327	192	
695	310	
234	450	
363	260	
118	91	
144	758	
514	428	
492	384	
266	123	
1098	635	
609	613	
247	105	
344	341	
420	145	
359	930	
419	157	
137	218	
708	768	
354	256	
218	334	
233	120	
341	649	
704	553	
296	521	
536	179	
123	461	
122	97	
368	401	
184	544	
103	301	
301	1238	
595	985	
209	317	
479	202	
234	298	
813	622	
141	290	
195	61	
271	187	
153	163	
306	491	
247	104	
1140	988	
374	378	
373	692	
679	332	
466	489	
229	228	
564	618	
124	107	
606	769	
99	125	
282	311	
507	611	
261	499	
614	795	
502	410	
556	225	
1037	776	
857	447	
333	277	
105	134	
73	228	
802	325	
856	328	
576	738	
477	252	
93	93	
451	538	
448	240	
773	966	
349	392	
302	631	
189	210	
327	166	
336	118	
1058	893	
559	830	
448	369	
123	243	
401	543	
293	632	
140	165	
464	750	
1294	896	
380	389	
215	521	
252	231	
239	551	
476	678	
817	535	
247	180	
208	353	
507	248	
144	391	
268	262	
439	234	
174	203	
183	724	
306	278	
936	875	
490	649	
292	380	
160	362	
180	321	
292	251	
852	855	
754	359	
769	1244	
442	1077	
231	237	
114	172	
115	389	
221	497	
Most likely scenario
1175	1009	
326	124	
878	275	
831	630	
261	103	
588	413	
635	331	
1099	340	
429	1224	
934	393	
363	414	
395	592	
641	297	
244	153	
233	178	
864	555	
1067	1031	
983	628	
519	263	
1019	1139	
112	203	
231	251	
227	179	
543	766	
818	538	
418	499	
80	216	
256	348	
487	351	
380	311	
397	574	
268	141	
197	546	
909	503	
637	724	
700	712	
429	344	
941	563	
361	783	
574	316	
180	153	
244	825	
833	506	
931	696	
280	136	
1147	907	
1008	924	
478	192	
620	426	
499	209	
392	994	
723	213	
149	232	
1316	1050	
556	459	
315	466	
426	237	
670	878	
1159	749	
481	1009	
566	311	
222	481	
196	111	
633	565	
342	598	
192	312	
548	1277	
842	1317	
373	345	
520	268	
274	574	
825	660	
199	296	
265	90	
511	367	
211	257	
370	619	
384	165	
1406	1117	
569	442	
511	1201	
778	417	
685	755	
279	396	
631	628	
137	122	
929	1055	
161	186	
508	380	
818	1209	
467	521	
784	1229	
725	688	
938	382	
1078	829	
870	486	
418	294	
147	176	
74	232	
1009	387	
968	375	
671	859	
511	436	
134	119	
711	709	
491	288	
988	1380	
385	480	
441	1198	
280	266	
364	207	
436	222	
1267	1242	
665	1347	
891	636	
125	270	
650	754	
316	673	
200	183	
702	930	
1306	1015	
506	450	
227	602	
298	349	
400	646	
724	1282	
916	872	
438	307	
292	382	
596	433	
155	397	
414	272	
443	341	
212	272	
325	787	
474	299	
1231	1130	
503	761	
325	502	
177	379	
309	389	
344	272	
875	995	
787	638	
831	1340	
532	1465	
336	288	
166	219	
185	397	
393	570	
The worst scenario
1284	1457	
407	139	
1210	335	
1177	646	
286	132	
622	544	
849	389	
1477	510	
620	1319	
1320	510	
479	499	
494	884	
666	436	
300	229	
328	261	
1294	775	
1467	1315	
1138	755	
609	379	
1525	1388	
137	235	
336	252	
274	234	
681	1140	
947	804	
575	534	
106	241	
318	399	
563	484	
488	450	
447	835	
277	203	
292	724	
913	572	
895	772	
820	956	
554	377	
1347	711	
407	977	
826	401	
212	176	
311	986	
877	582	
1338	971	
299	138	
1433	1053	
1343	1232	
537	276	
920	523	
725	310	
451	1342	
846	239	
159	299	
1760	1298	
717	636	
403	480	
512	315	
876	956	
1616	972	
538	1024	
626	348	
231	600	
220	153	
849	754	
370	839	
228	324	
798	1785	
943	1443	
431	483	
773	342	
309	803	
1016	708	
270	336	
316	97	
700	470	
225	354	
393	918	
466	228	
1807	1430	
757	519	
716	1581	
916	606	
693	775	
405	488	
826	933	
159	168	
1127	1351	
231	278	
758	564	
935	1628	
660	583	
801	1426	
803	1007	
1075	500	
1402	865	
1125	527	
560	432	
219	209	
93	262	
1046	404	
1345	528	
843	1024	
527	459	
170	159	
1064	770	
664	362	
1352	1616	
459	555	
455	1500	
319	392	
376	250	
522	290	
1616	1419	
725	1353	
1249	654	
164	379	
795	944	
440	803	
266	187	
943	1263	
1870	1360	
692	664	
245	834	
333	467	
478	668	
1046	1492	
1111	1303	
505	458	
363	572	
790	499	
200	480	
534	349	
546	406	
314	394	
409	1051	
528	376	
1477	1523	
676	941	
360	516	
229	447	
397	452	
346	355	
1232	1225	
1024	650	
1233	1493	
722	1632	
440	343	
169	302	
258	581	
417	600	
