Factories	3	Jobs	150	Machines	2

Total number of component types per job processed by HSPM
6	6	12	7	9	9	9	11	7	12	8	8	5	8	12	8	7	8	7	12	12	10	8	8	7	10	6	6	7	12	12	5	9	9	5	10	12	11	9	8	5	12	9	5	12	12	8	5	7	10	10	10	6	5	9	12	7	11	6	6	11	9	5	9	8	12	12	5	8	8	5	5	10	7	9	10	8	12	8	11	9	8	7	12	7	5	9	12	11	10	9	11	8	6	6	12	5	8	8	7	7	6	10	10	7	12	9	9	7	8	12	12	11	12	5	8	6	12	7	8	10	8	7	6	12	11	8	12	7	5	10	8	8	6	10	8	10	5	8	10	11	8	5	7	6	12	12	8	11	8	

Total number of component types per job processed by MFPM
4	3	2	2	2	2	5	5	1	1	1	1	4	1	5	4	1	2	1	3	1	1	5	1	1	3	3	4	3	3	5	3	2	3	5	2	4	2	2	4	1	1	5	1	3	4	3	3	1	2	2	4	4	5	5	4	4	1	1	5	3	5	4	2	5	1	1	5	4	1	5	4	2	4	2	4	5	4	2	1	4	5	1	5	2	1	2	2	1	4	1	4	2	1	3	1	3	5	5	5	4	5	2	3	3	4	4	5	4	5	4	5	5	5	2	3	5	5	5	3	2	5	1	5	1	3	3	2	2	5	3	4	2	1	4	4	1	3	5	4	3	5	3	5	1	5	3	4	1	1	

All component type numbers for each job to be processed by HSPM
0	34	6	43	19	74	4	32	7	71	8	69	
7	71	19	25	4	59	14	69	6	18	16	53	
3	61	10	55	13	49	15	29	18	9	2	25	11	52	5	59	16	51	8	11	6	13	4	64	
11	39	15	54	3	5	9	69	4	8	0	40	10	45	
15	8	13	29	5	39	14	46	7	61	4	2	9	4	10	6	12	71	
11	16	8	15	18	46	2	6	13	72	14	11	7	10	4	14	19	36	
12	18	17	59	4	5	5	24	8	43	19	20	14	37	16	70	9	26	
3	2	10	33	6	73	16	69	17	74	14	61	4	46	8	13	2	39	15	8	5	47	
8	35	6	65	16	71	13	60	4	4	10	28	7	62	
17	5	2	20	9	41	1	33	5	26	15	13	16	2	11	57	10	6	3	30	12	62	18	56	
12	16	14	44	18	1	9	59	6	13	8	21	0	64	16	30	
4	37	5	54	16	45	0	67	13	34	10	19	9	13	8	56	
19	5	16	64	6	43	3	19	8	12	
2	49	17	17	5	38	1	73	15	69	6	15	10	55	18	30	
17	54	5	71	13	62	19	60	2	53	9	47	16	10	14	24	0	72	3	70	7	68	4	35	
2	25	3	70	1	73	12	15	10	38	17	72	0	75	4	37	
13	14	4	46	6	35	11	66	9	19	0	51	3	30	
16	59	14	1	8	72	2	31	19	34	9	70	17	25	13	74	
1	65	13	20	5	60	9	9	4	42	6	23	7	63	
13	39	12	10	17	3	1	25	19	42	2	47	5	53	7	8	8	56	10	59	15	40	0	23	
9	28	4	6	8	42	15	43	17	38	1	5	6	49	3	13	11	41	19	47	5	56	7	16	
16	67	9	65	13	1	6	10	0	52	14	57	10	29	8	55	3	23	5	38	
0	62	15	21	10	19	3	17	12	49	2	48	7	53	13	65	
0	12	15	63	12	62	16	32	8	65	17	24	4	75	13	22	
8	9	5	16	7	62	15	50	1	45	4	24	2	42	
4	44	2	72	12	71	11	35	17	25	1	29	16	38	5	53	9	49	6	59	
9	46	17	10	1	22	2	68	18	11	12	20	
18	67	5	18	7	16	9	61	1	52	12	8	
14	45	18	36	7	34	6	39	3	65	12	74	19	42	
3	58	12	17	2	11	7	40	10	8	6	60	5	46	16	75	0	56	17	27	14	13	11	34	
2	40	12	62	4	6	3	27	16	3	18	14	6	28	15	71	0	35	8	72	1	56	11	38	
6	23	17	51	11	14	18	3	7	26	
7	30	12	72	3	25	17	43	8	44	9	52	10	1	18	14	1	39	
8	71	1	26	5	73	11	2	18	27	16	7	14	46	19	6	7	17	
3	68	6	33	7	61	9	73	12	17	
17	16	7	28	16	26	15	34	1	11	19	45	9	10	2	37	13	49	10	56	
17	35	6	60	8	24	18	19	9	46	11	32	13	13	16	27	0	26	19	64	2	51	7	66	
3	6	1	32	15	20	12	10	7	21	2	4	11	48	8	18	19	51	16	46	17	2	
14	48	6	3	9	29	5	73	10	27	16	21	12	28	0	56	18	14	
15	64	3	57	0	55	14	47	1	48	10	69	6	61	16	22	
16	53	4	69	0	71	14	3	10	49	
8	50	4	75	6	46	19	52	10	70	3	34	11	21	14	71	0	31	12	9	16	56	13	33	
2	45	14	73	17	52	8	49	10	75	9	59	4	66	16	29	19	12	
4	19	0	49	12	2	3	16	18	75	
13	4	15	73	8	44	0	69	6	24	1	38	7	25	19	13	16	1	12	59	17	71	10	9	
3	52	13	58	19	21	0	11	5	53	18	50	4	60	17	1	12	37	10	8	11	40	6	63	
10	75	17	31	2	19	14	33	7	47	8	70	1	20	12	28	
4	75	7	71	14	58	19	64	12	32	
9	72	19	68	4	35	6	16	14	46	11	4	15	57	
5	8	13	28	11	43	1	26	19	46	9	12	0	31	8	33	18	23	16	34	
2	47	13	58	4	20	10	14	12	55	6	73	3	17	18	32	8	36	5	13	
19	46	11	24	15	9	14	20	12	22	1	58	3	70	13	74	5	19	0	10	
1	35	11	8	9	16	15	51	2	15	8	64	
15	6	18	49	0	56	14	62	16	60	
14	50	3	37	17	12	0	58	18	46	4	14	9	47	10	39	12	60	
0	7	2	20	5	21	1	64	11	42	7	45	16	39	18	29	19	3	10	26	4	52	15	19	
8	66	17	9	12	70	10	34	15	16	1	75	5	38	
7	65	5	49	12	64	18	25	13	70	8	6	15	5	6	61	11	1	10	39	1	62	
5	4	13	12	19	10	12	69	16	33	0	59	
2	48	1	55	4	32	9	69	19	34	0	13	
1	5	15	10	4	13	19	47	3	52	7	3	16	55	9	32	5	7	8	59	11	34	
17	15	15	55	9	17	0	60	19	19	14	49	2	56	11	42	16	3	
4	13	17	20	2	73	15	69	6	28	
5	21	0	12	1	20	15	4	6	46	11	72	19	3	7	71	12	62	
17	65	0	21	5	31	10	38	16	23	11	59	12	27	7	32	
2	8	10	11	11	43	16	22	6	19	7	56	0	10	15	27	3	54	5	3	14	9	19	7	
6	4	13	33	5	42	14	50	0	44	9	73	16	35	8	31	11	54	2	20	15	23	18	40	
6	28	17	23	13	22	1	64	7	31	
14	4	17	73	7	32	13	42	16	20	2	55	19	50	5	54	
3	5	6	70	19	57	11	52	14	30	4	36	8	69	2	32	
18	18	0	3	17	32	10	15	11	26	
3	10	19	27	16	3	7	60	14	58	
13	43	18	19	5	8	10	30	16	40	0	37	11	24	6	23	1	49	12	11	
15	50	14	9	6	45	13	53	8	3	1	27	17	73	
17	3	7	47	16	70	1	6	2	41	9	13	5	60	14	42	6	48	
15	44	14	73	12	5	4	18	19	69	17	71	16	63	6	28	9	26	8	68	
11	60	2	56	16	48	18	66	9	50	19	4	13	43	14	61	
11	15	18	71	1	9	3	67	0	27	9	40	10	62	17	6	4	23	13	38	8	50	5	30	
3	4	10	26	2	57	19	32	11	64	5	30	16	1	1	37	
13	6	8	48	3	16	10	20	7	36	16	5	1	60	11	34	5	40	9	45	15	46	
7	9	6	5	2	46	10	27	16	26	1	39	3	40	17	10	15	22	
10	44	15	14	13	16	2	29	19	13	14	56	17	19	0	25	
6	27	4	38	1	50	17	55	5	20	19	41	14	48	
17	57	8	7	1	42	10	8	19	51	0	30	15	31	6	24	18	17	4	48	7	60	2	56	
2	7	0	38	12	1	14	32	11	53	9	46	6	65	
6	37	0	12	4	24	3	54	7	44	
5	71	15	37	1	73	17	22	0	24	7	4	2	36	8	74	19	47	
16	57	3	1	13	50	5	31	15	53	2	13	14	21	19	62	4	43	10	12	11	71	8	14	
4	29	2	17	14	9	6	59	5	74	7	52	10	45	1	39	9	2	18	55	15	42	
14	54	18	51	13	30	19	42	16	20	15	56	11	60	5	68	0	19	17	43	
6	29	10	30	9	32	7	26	2	64	5	73	13	50	12	53	11	4	
7	1	8	28	14	43	11	67	19	47	2	71	17	18	0	54	4	74	15	53	6	34	
11	46	18	74	7	1	5	20	6	29	4	43	9	59	3	33	
1	26	18	33	12	46	19	54	0	56	8	58	
7	61	6	57	3	53	18	32	0	19	4	14	
0	12	19	39	10	69	3	47	2	14	8	8	18	52	15	42	13	16	12	67	1	44	11	6	
8	36	15	43	13	67	12	17	11	49	
7	69	8	24	9	33	12	50	13	73	17	35	10	2	5	47	
11	18	13	56	19	41	7	25	10	68	0	70	1	65	2	22	
19	74	0	52	2	69	4	30	15	58	1	7	12	44	
0	60	18	15	13	57	1	29	11	45	14	54	12	13	
4	14	8	51	1	48	10	21	9	36	12	69	
1	39	0	33	11	52	2	38	19	5	12	46	17	47	15	54	5	72	8	22	
7	31	1	70	2	69	6	36	9	15	19	16	18	18	13	72	3	35	14	49	
18	24	14	33	9	40	4	23	16	74	7	67	17	30	
9	29	1	21	8	8	5	5	2	52	11	71	10	18	7	73	0	67	16	36	14	48	17	66	
1	31	0	19	18	47	9	3	6	14	19	35	12	56	11	48	2	75	
7	72	13	30	19	23	6	5	0	46	11	12	18	21	2	10	12	61	
14	9	17	37	2	70	16	42	4	49	15	5	12	8	
18	71	14	59	10	10	1	30	7	13	4	36	3	6	17	60	
1	28	12	62	14	54	11	56	4	4	9	38	13	45	10	33	3	32	6	10	8	30	18	61	
7	10	17	4	18	75	14	6	9	53	1	11	11	3	12	8	19	40	4	43	13	67	2	70	
9	73	5	51	14	25	7	4	3	17	1	23	18	33	4	15	8	30	17	56	15	14	
5	10	16	26	18	7	14	12	8	21	0	61	19	69	1	8	6	43	4	38	13	6	15	28	
19	35	5	26	14	15	12	61	11	67	
2	56	14	71	12	23	16	39	18	53	3	21	6	70	19	63	
2	16	0	3	11	20	6	31	10	46	12	23	
1	44	4	43	18	54	5	71	16	68	10	14	13	5	9	31	11	1	12	65	19	28	14	66	
3	55	15	64	14	23	17	71	2	25	4	28	7	65	
18	19	1	64	14	18	15	67	7	38	12	73	5	40	6	61	
11	19	2	39	3	68	1	9	6	21	12	64	19	6	13	45	0	70	18	58	
11	11	0	17	4	61	6	43	14	6	16	15	13	74	17	20	
4	16	18	35	12	23	14	3	17	56	13	38	15	13	
7	44	15	63	0	61	12	60	13	5	16	15	
14	58	4	20	19	50	2	13	13	69	0	45	10	71	3	51	7	62	16	36	1	25	9	21	
7	32	2	46	13	72	17	33	8	7	9	4	0	44	4	6	6	31	12	36	16	63	
13	15	1	7	8	54	7	4	0	61	19	68	16	37	18	60	
10	11	13	6	0	17	15	38	12	45	3	53	4	10	8	18	16	8	17	1	14	63	6	46	
10	48	5	11	6	44	13	24	0	62	4	31	12	7	
15	30	1	65	2	51	7	16	14	45	
13	54	2	11	9	9	6	17	10	23	8	45	3	59	19	7	11	14	0	43	
1	49	19	11	18	68	2	31	11	18	15	8	3	7	7	52	
5	28	1	3	11	48	14	5	6	11	7	32	19	72	18	36	
19	49	16	54	2	59	17	52	4	75	10	15	
8	52	10	7	12	58	17	41	7	42	6	26	3	19	2	3	18	10	14	72	
15	38	17	75	8	62	6	13	10	5	1	72	5	64	11	20	
0	37	14	54	4	72	13	5	16	61	1	50	3	24	15	14	6	23	9	29	
0	73	10	70	3	33	15	6	5	59	
6	15	2	7	8	22	12	38	5	28	13	47	18	23	14	46	
13	12	2	34	12	40	1	30	9	62	8	37	3	13	14	15	19	6	6	53	
5	11	4	38	12	67	3	53	7	32	6	18	2	73	8	10	1	14	18	21	16	36	
17	39	1	28	14	1	8	69	16	43	4	45	18	2	9	3	
17	41	1	28	19	11	2	60	7	25	
1	2	12	46	3	1	17	59	10	10	6	66	8	55	
1	51	13	63	17	54	8	18	14	61	19	41	
19	41	3	21	18	73	8	45	16	54	9	10	4	6	5	74	2	25	14	4	11	64	1	7	
8	71	16	69	0	38	19	7	17	33	5	5	4	9	6	41	18	14	1	53	15	11	11	75	
8	26	5	36	0	14	10	40	19	75	4	44	14	57	9	49	
13	75	14	34	6	70	10	25	17	74	15	22	1	49	3	2	4	51	0	12	5	27	
16	15	0	66	3	36	12	55	5	13	2	40	10	64	13	53	

All component type numbers for each job to be processed by MFPM
9	22	7	1	4	20	3	23	
5	13	2	25	6	9	
0	16	8	22	
9	18	1	9	
5	19	0	16	
2	25	5	16	
4	2	7	17	6	23	5	22	3	25	
8	11	7	23	2	13	1	10	5	24	
9	7	
1	10	
2	21	
0	9	
5	24	7	12	1	17	4	1	
7	4	
9	9	1	18	0	1	7	6	6	8	
9	12	2	20	7	24	0	2	
7	9	
8	22	9	24	
3	14	
7	15	6	16	2	11	
0	11	
0	17	
5	6	6	16	9	4	0	5	3	23	
6	18	
0	4	
2	14	4	7	1	13	
8	15	5	2	9	12	
6	10	3	3	9	9	8	2	
7	6	6	24	2	9	
1	24	4	2	2	1	
3	5	1	24	6	21	2	25	9	12	
0	8	6	18	5	3	
7	24	0	17	
1	15	9	11	2	19	
8	21	6	2	7	4	9	7	2	8	
9	25	8	23	
5	19	3	20	8	7	4	3	
6	10	9	16	
7	12	0	6	
4	5	9	3	8	16	0	13	
9	19	
3	9	
6	15	2	2	9	25	3	24	0	4	
5	1	
1	25	7	17	8	13	
8	19	4	15	0	1	9	14	
1	10	7	18	4	2	
6	20	4	5	5	2	
6	18	
9	4	1	12	
7	18	2	8	
1	3	5	7	3	12	9	22	
5	11	2	14	4	24	9	12	
7	1	0	10	9	14	2	23	5	17	
6	11	4	23	3	3	8	20	9	7	
3	6	1	16	8	25	6	8	
8	2	4	17	9	13	1	9	
9	15	
5	6	
6	6	3	19	2	17	8	12	5	25	
4	25	1	20	0	5	
9	24	1	4	0	13	4	25	3	20	
8	8	1	18	0	5	4	14	
6	5	8	21	
0	16	8	21	4	19	6	8	3	4	
8	1	
3	19	
7	9	5	16	8	4	3	19	0	1	
9	13	2	25	6	6	8	4	
0	18	
5	7	0	14	3	20	7	18	2	25	
1	24	6	14	3	25	5	21	
5	4	4	22	
5	10	1	24	0	22	6	17	
6	9	4	24	
4	7	8	9	0	14	3	25	
7	8	8	16	6	12	9	24	3	23	
8	11	6	23	3	14	7	15	
7	23	2	21	
9	20	
8	23	3	22	1	5	6	19	
4	13	1	16	2	15	8	7	0	21	
8	1	
9	25	0	2	5	20	1	10	2	6	
5	6	6	25	
7	6	
4	24	6	12	
7	12	2	7	
4	7	
9	4	0	13	2	6	8	10	
4	20	
1	24	8	8	4	5	2	21	
7	19	8	9	
1	1	
3	1	1	4	7	17	
6	9	
9	15	1	16	3	4	
6	18	5	19	4	12	0	6	2	16	
5	8	8	7	4	4	0	24	1	14	
5	16	1	14	8	15	6	24	2	4	
8	4	2	17	5	8	6	9	
4	11	5	18	7	15	6	22	3	14	
4	13	1	22	
1	24	8	6	0	2	
9	15	6	23	5	11	
5	24	9	9	1	8	6	20	
0	9	4	5	7	25	9	1	
8	1	5	13	0	17	7	23	6	20	
6	10	3	22	8	1	4	24	
5	14	9	23	1	15	0	7	2	4	
4	16	3	22	9	11	0	14	
5	17	6	19	0	10	8	25	7	13	
3	3	5	10	0	24	4	6	2	25	
0	1	4	14	5	7	7	19	9	9	
0	9	3	13	
1	4	5	1	0	20	
0	5	1	3	4	20	3	18	2	9	
7	8	4	10	0	11	6	19	2	16	
2	10	1	3	7	23	9	12	3	18	
2	18	4	24	1	23	
8	14	2	23	
4	24	3	13	6	5	2	23	1	1	
2	16	
2	15	4	3	8	23	1	21	9	20	
3	16	
7	24	5	3	6	2	
7	18	1	20	8	23	
5	12	2	10	
2	1	9	11	
0	16	7	8	5	23	8	5	3	11	
7	22	9	7	6	21	
0	22	1	12	2	19	9	14	
3	11	4	4	
4	19	
4	9	0	17	5	3	3	15	
8	14	1	3	6	12	9	4	
9	3	
5	3	3	23	1	5	
0	3	9	5	8	11	5	19	3	22	
6	8	9	17	2	7	0	18	
7	20	2	11	0	10	
8	17	4	21	9	22	3	14	5	10	
9	22	1	9	6	6	
8	1	1	3	2	13	7	20	9	8	
3	9	
2	15	9	18	8	2	3	19	4	8	
7	11	0	13	4	24	
7	3	2	21	1	1	8	18	
7	20	
7	24	

Three processing times per job on each machine
The best scenario
175	330	
52	147	
71	45	
240	263	
178	237	
252	200	
82	244	
136	95	
197	361	
285	68	
27	23	
171	87	
115	106	
53	40	
91	153	
295	199	
238	74	
37	28	
157	252	
249	75	
228	425	
29	42	
115	97	
211	110	
319	142	
113	272	
73	150	
214	130	
377	217	
84	181	
100	129	
361	146	
98	29	
332	189	
115	273	
342	237	
60	67	
165	312	
74	77	
114	31	
104	193	
343	156	
454	326	
96	84	
210	116	
125	430	
47	24	
76	90	
113	382	
131	315	
402	229	
68	56	
108	301	
63	22	
240	432	
199	286	
286	205	
11	40	
109	89	
175	115	
55	115	
357	163	
277	160	
33	55	
187	243	
81	127	
182	116	
82	47	
123	100	
496	283	
327	98	
207	199	
468	189	
41	152	
165	182	
203	254	
146	267	
111	285	
118	58	
154	162	
142	467	
58	71	
291	197	
75	180	
220	83	
195	99	
29	31	
243	103	
245	263	
180	82	
77	40	
88	311	
45	139	
57	203	
38	72	
43	17	
158	89	
56	71	
237	179	
114	137	
49	237	
48	54	
292	260	
261	393	
45	28	
171	380	
88	165	
18	21	
192	275	
169	82	
69	98	
286	420	
275	185	
264	59	
58	72	
225	156	
188	138	
165	202	
495	93	
175	241	
245	320	
221	88	
254	110	
124	266	
258	102	
197	105	
12	18	
47	92	
220	193	
75	34	
48	89	
148	313	
244	362	
22	30	
425	189	
97	110	
157	50	
150	200	
62	252	
284	262	
115	245	
153	93	
386	210	
137	177	
308	289	
264	254	
221	363	
184	418	
112	118	
57	18	
Most likely scenario
220	415	
94	176	
105	51	
366	367	
281	274	
306	223	
95	251	
168	127	
258	549	
306	115	
36	31	
221	152	
132	124	
75	51	
116	267	
329	261	
257	128	
47	29	
197	340	
277	118	
229	484	
33	63	
123	125	
215	211	
528	193	
125	337	
77	173	
306	258	
385	318	
129	203	
143	153	
399	255	
117	45	
445	331	
171	312	
407	360	
73	68	
180	367	
76	86	
166	45	
122	231	
349	311	
598	470	
107	127	
286	197	
190	471	
78	30	
133	178	
151	487	
205	352	
486	237	
73	108	
200	437	
71	27	
285	434	
281	325	
293	318	
21	58	
114	92	
197	143	
87	128	
420	232	
287	198	
52	101	
260	265	
112	236	
228	221	
138	78	
161	150	
540	324	
405	183	
259	283	
482	243	
60	160	
308	291	
330	377	
185	361	
183	338	
186	59	
183	292	
147	492	
63	73	
313	321	
97	311	
225	133	
227	109	
34	35	
260	112	
307	267	
352	136	
92	42	
137	430	
63	205	
101	356	
45	90	
68	22	
166	146	
76	103	
295	246	
168	159	
75	276	
92	100	
369	499	
276	398	
66	48	
269	492	
123	210	
33	28	
230	344	
187	154	
104	115	
342	469	
504	308	
290	115	
99	100	
267	197	
207	178	
231	248	
587	177	
329	344	
468	358	
288	107	
359	113	
154	412	
351	123	
206	185	
20	33	
61	98	
274	365	
122	53	
50	95	
291	400	
345	398	
30	54	
434	206	
153	149	
239	82	
179	351	
120	271	
461	437	
225	365	
239	114	
431	319	
154	220	
332	324	
303	313	
435	455	
307	546	
124	121	
101	31	
The worst scenario
244	449	
118	237	
134	65	
411	522	
400	278	
383	288	
112	277	
203	157	
383	635	
374	119	
48	38	
283	218	
150	138	
95	56	
130	331	
440	319	
300	152	
52	41	
270	425	
284	176	
253	606	
34	68	
132	153	
218	280	
726	228	
179	422	
106	209	
337	347	
407	413	
142	274	
212	215	
436	315	
161	64	
612	357	
212	446	
530	488	
97	83	
213	378	
98	121	
190	56	
145	288	
369	326	
866	476	
113	140	
321	214	
209	612	
108	31	
182	198	
173	669	
226	371	
504	240	
75	141	
227	481	
85	38	
371	534	
285	396	
374	368	
25	64	
143	113	
242	185	
110	147	
434	308	
289	229	
67	146	
294	348	
151	245	
265	231	
178	98	
241	205	
585	412	
441	238	
318	375	
501	277	
74	207	
429	330	
425	472	
204	373	
263	411	
232	76	
247	390	
215	654	
82	96	
345	371	
145	400	
289	143	
340	151	
49	42	
322	159	
359	358	
370	185	
134	54	
173	570	
64	248	
114	488	
50	115	
92	31	
199	151	
111	109	
401	309	
250	170	
85	310	
126	138	
404	640	
341	471	
72	56	
291	520	
180	283	
36	30	
334	478	
267	229	
155	140	
378	653	
662	453	
404	157	
148	107	
395	219	
261	197	
265	323	
628	235	
461	352	
635	485	
320	120	
506	116	
184	441	
512	160	
271	274	
21	48	
82	115	
388	384	
123	75	
61	113	
346	494	
384	499	
45	78	
472	291	
218	174	
349	86	
255	369	
125	385	
515	643	
276	534	
352	163	
449	330	
177	229	
380	349	
403	408	
637	671	
318	745	
139	177	
141	40	
