Factories	4	Jobs	150	Machines	3

Total number of component types per job processed by HSPM
5	9	5	8	5	8	11	10	7	9	10	5	12	10	11	7	7	5	7	12	7	5	5	5	9	11	7	6	6	10	12	5	9	8	10	8	12	6	9	5	10	10	8	8	8	11	10	9	8	12	9	12	6	5	7	5	7	6	8	11	6	5	12	12	9	10	11	9	11	9	10	12	12	8	5	7	6	10	5	7	9	11	12	9	9	5	7	12	6	10	12	7	5	11	11	12	5	8	9	5	12	9	11	5	11	12	9	11	7	8	11	11	10	10	8	5	10	6	12	10	8	8	9	12	11	11	10	5	5	10	12	11	6	5	6	10	9	7	11	11	12	5	5	12	11	9	12	8	7	8	

Total number of component types per job processed by MFPM
4	5	3	4	3	5	4	5	1	4	5	5	3	3	1	1	2	3	1	3	1	3	3	5	3	4	4	3	5	3	2	1	5	3	1	5	3	4	5	5	5	3	4	4	3	5	2	3	4	5	5	2	2	3	4	3	2	1	4	1	5	3	4	3	5	3	5	5	5	4	4	1	5	4	4	2	5	3	3	3	4	1	3	5	5	4	3	4	4	2	1	1	1	1	1	3	1	2	1	5	2	5	4	4	2	4	3	3	2	2	3	1	2	5	4	5	5	1	3	4	5	2	2	4	5	2	3	4	2	4	2	5	4	1	4	5	5	5	4	2	5	4	3	3	4	5	4	5	1	1	3	4	2	3	1	2	3	4	4	2	4	1	2	3	5	5	2	5	1	3	4	3	4	3	3	1	3	1	1	5	2	3	3	4	5	5	1	1	3	1	4	5	4	4	2	2	4	3	1	5	4	1	4	1	5	1	2	5	2	3	4	4	1	5	4	5	3	1	5	3	5	4	2	2	4	5	2	1	3	1	4	5	5	3	4	1	1	1	5	3	4	3	5	3	4	3	5	3	5	1	5	1	3	4	3	5	2	4	5	1	2	5	4	4	2	4	3	5	2	5	3	4	3	3	5	2	1	1	4	5	4	1	2	2	5	2	5	3	1	3	5	2	5	1	2	3	5	4	1	2	

All component type numbers for each job to be processed by HSPM
7	13	11	23	1	17	9	15	17	2	
10	42	14	30	17	27	16	26	4	21	19	25	8	29	15	72	18	69	
15	42	18	2	13	71	14	29	5	69	
3	45	19	12	14	9	18	32	17	65	11	62	6	3	7	73	
10	19	2	69	4	23	6	20	1	6	
1	52	9	49	13	20	11	16	0	61	15	47	5	62	17	18	
7	55	11	19	2	75	16	54	13	14	0	72	1	13	5	10	3	21	19	62	10	5	
8	60	4	49	1	62	6	40	18	20	15	38	13	36	10	41	19	53	11	10	
16	27	17	7	10	50	6	14	11	62	5	22	7	29	
3	67	11	46	19	65	9	34	0	18	4	75	6	5	12	40	16	15	
19	68	5	46	3	48	6	28	15	40	14	26	16	21	18	5	0	12	17	42	
9	73	17	54	5	32	1	10	13	12	
14	59	6	56	15	17	2	34	13	12	8	19	3	66	17	6	4	65	11	48	9	63	12	13	
8	39	13	48	19	27	16	37	17	30	10	1	14	67	18	64	2	72	12	55	
2	74	12	22	9	30	0	60	17	10	8	11	19	65	18	6	14	73	4	4	1	68	
12	60	10	12	11	22	4	8	18	35	3	67	0	44	
8	65	6	74	12	32	16	48	4	71	3	62	2	11	
12	29	1	57	16	43	4	56	0	47	
12	66	14	4	3	25	15	70	5	75	13	60	4	5	
10	50	0	51	9	72	15	22	11	3	19	33	16	47	2	17	6	62	13	25	4	19	7	44	
12	47	8	15	15	73	19	42	7	55	6	13	5	37	
0	41	16	51	18	66	12	64	5	5	
3	67	4	20	12	40	7	31	0	5	
16	63	11	11	4	50	17	4	15	72	
1	74	19	36	16	48	2	47	7	61	18	28	14	15	9	20	13	24	
19	73	8	32	4	57	16	72	9	55	3	62	0	24	12	44	11	53	18	46	7	74	
13	18	6	28	5	70	17	44	0	12	2	21	4	74	
3	42	10	56	15	10	9	54	18	25	19	6	
2	13	10	8	7	4	17	46	4	20	19	27	
10	33	11	45	17	50	4	32	18	10	5	9	7	61	13	67	2	24	19	26	
2	68	3	37	16	2	19	45	0	36	9	52	4	67	17	50	18	24	13	71	8	27	10	41	
10	7	2	31	4	12	14	28	0	9	
5	14	6	53	15	35	2	27	9	23	7	70	16	42	4	15	13	32	
12	68	11	15	15	53	10	63	5	50	7	40	19	21	9	44	
4	25	5	65	15	58	8	9	19	45	3	46	2	61	14	62	9	66	18	39	
11	11	19	12	0	65	7	26	4	60	9	39	12	27	17	48	
7	14	3	70	1	45	17	20	18	66	0	1	11	29	13	61	16	4	15	30	4	18	8	21	
12	24	15	11	7	58	11	36	16	6	2	3	
0	43	5	42	11	19	1	25	7	58	16	75	6	6	9	22	12	62	
10	53	3	6	8	36	14	71	17	27	
8	44	5	58	3	30	9	36	18	22	2	9	1	3	12	5	11	27	16	75	
11	40	5	14	18	38	13	15	3	52	4	31	10	59	15	69	14	32	16	30	
16	44	0	6	15	75	3	61	11	70	9	2	1	69	13	41	
2	37	5	70	1	22	10	74	8	64	0	28	15	8	3	55	
15	45	13	11	6	69	10	63	11	37	17	68	3	3	14	19	
18	39	16	57	13	48	7	69	2	53	6	49	9	31	8	25	10	12	12	8	5	50	
19	44	4	47	11	49	2	41	16	56	12	38	9	33	14	5	3	66	6	68	
4	73	10	37	11	42	6	74	0	25	5	51	12	58	16	75	8	57	
3	5	17	63	10	2	8	29	14	37	15	71	12	23	1	17	
18	13	4	30	19	68	8	25	1	56	17	61	7	73	10	11	5	32	14	12	9	59	12	34	
17	9	4	52	8	2	19	66	2	24	12	7	18	15	13	63	6	3	
12	1	16	31	8	2	15	22	2	68	7	8	18	17	0	35	5	48	19	32	4	41	17	69	
5	50	16	18	11	17	19	61	3	3	7	29	
18	30	10	33	15	47	8	64	13	15	
17	22	16	8	7	61	3	24	18	70	0	17	10	71	
18	15	8	60	5	34	7	27	2	19	
13	66	11	71	19	28	16	60	17	6	15	33	12	64	
17	18	11	26	12	20	14	74	9	29	10	33	
10	12	15	50	4	53	19	74	1	39	18	6	9	48	5	67	
10	15	16	16	3	63	9	6	0	11	14	36	7	14	15	73	12	21	4	47	18	4	
8	61	6	70	19	11	15	2	9	59	5	38	
8	55	9	69	10	19	6	12	5	11	
1	68	19	50	16	27	2	56	12	19	15	47	7	61	18	5	9	12	14	11	6	31	3	51	
16	75	6	44	8	47	13	39	1	5	19	11	7	10	10	35	14	1	4	15	15	53	11	3	
14	4	16	23	1	75	8	60	17	27	10	25	18	32	19	21	12	40	
7	64	18	56	4	69	12	12	6	70	8	18	19	33	10	73	3	61	13	71	
5	43	19	17	10	4	14	64	0	41	13	16	15	48	6	11	9	32	4	30	8	18	
12	62	16	33	10	1	17	44	18	60	7	15	2	57	0	38	9	66	
13	57	16	26	7	20	17	22	6	65	1	30	5	24	9	48	3	19	12	18	4	33	
6	40	19	68	7	47	2	7	14	75	16	52	10	16	3	58	1	29	
16	24	1	26	8	31	11	18	3	30	2	56	14	57	13	51	10	46	18	9	
1	39	18	52	19	74	8	70	14	51	2	12	13	22	4	21	11	37	5	41	12	49	16	23	
12	14	11	59	7	73	10	2	6	71	19	27	8	49	17	55	1	4	2	65	0	38	5	37	
8	38	7	11	16	62	6	31	15	37	17	5	5	13	2	32	
6	18	18	48	15	21	10	75	3	9	
7	28	10	72	18	58	15	63	2	39	5	29	17	60	
19	17	0	26	17	35	10	22	9	37	2	51	
6	68	17	52	14	60	7	54	0	72	8	53	3	6	4	14	1	13	19	75	
11	32	3	29	18	27	17	34	19	33	
18	67	7	59	13	20	3	7	1	18	15	65	0	10	
11	25	14	53	12	14	4	22	0	60	9	43	13	17	17	23	7	64	
19	65	13	60	16	2	10	20	2	6	8	55	0	61	1	30	4	50	9	26	3	25	
4	28	14	32	12	67	3	1	8	55	16	15	9	74	5	35	1	20	11	12	13	41	6	2	
6	27	11	58	16	10	18	34	15	50	3	41	12	64	9	19	19	6	
3	60	16	6	14	72	6	19	11	49	0	7	5	41	2	53	17	14	
19	24	6	68	7	28	11	36	1	50	
16	19	14	52	4	12	5	20	1	73	2	18	15	7	
0	34	17	52	8	33	18	17	12	63	19	51	6	37	9	53	15	3	3	12	4	59	14	28	
13	19	3	30	1	37	12	61	4	24	0	63	
13	52	10	45	9	55	17	37	2	31	12	20	5	41	18	40	4	65	3	30	
19	31	14	12	6	7	5	36	1	15	15	42	12	8	16	57	13	75	8	23	4	34	7	69	
1	69	5	49	13	30	2	62	15	64	6	8	18	20	
13	19	6	8	2	50	14	61	10	20	
8	55	9	18	7	39	3	21	11	19	0	66	5	73	17	51	14	4	6	64	13	48	
3	68	0	26	16	37	15	13	7	54	19	49	12	62	1	44	2	17	14	35	10	29	
19	63	18	53	4	3	6	61	0	6	15	48	13	39	17	65	2	32	10	31	8	19	14	71	
3	5	10	4	8	32	17	33	13	16	
14	75	19	5	6	72	2	14	1	17	9	19	7	6	10	7	
6	29	17	39	9	24	16	7	4	32	12	10	7	46	19	1	13	42	
18	6	11	49	4	55	7	40	13	26	
17	35	6	20	8	11	0	53	1	31	5	41	3	50	2	28	12	46	11	68	7	9	15	75	
16	14	14	35	18	74	2	1	0	21	13	24	9	43	10	60	15	41	
11	28	7	46	18	75	12	17	15	47	6	55	16	27	1	53	4	49	3	67	9	30	
18	61	12	47	0	45	4	23	3	49	
10	53	9	6	8	37	17	67	1	20	4	29	7	36	3	16	16	8	0	11	2	13	
12	49	3	66	0	6	8	16	9	15	13	69	16	9	18	23	6	38	2	34	5	22	14	45	
10	41	13	45	12	50	11	46	3	2	4	43	17	14	9	13	6	26	
13	63	14	36	17	19	9	14	4	28	3	21	8	68	12	56	5	66	2	48	16	1	
10	52	19	30	3	1	17	46	12	24	0	42	1	12	
15	32	14	14	5	54	13	8	6	53	3	29	0	4	7	46	
3	12	11	63	9	74	2	34	4	46	15	64	17	69	10	56	8	53	7	48	13	40	
10	4	13	61	11	45	4	18	17	1	0	32	19	40	5	60	16	74	6	14	15	59	
17	51	16	34	4	45	10	36	8	15	11	10	1	43	14	24	18	27	0	74	
3	61	8	7	13	66	18	21	1	56	7	44	15	58	0	39	6	12	10	71	
17	39	3	25	14	9	16	26	5	64	10	54	0	38	9	12	
14	3	8	4	18	39	16	48	11	72	
19	15	7	19	2	74	12	64	11	71	0	12	4	4	9	26	15	65	14	51	
7	52	9	5	14	15	2	66	16	12	5	10	
5	69	19	74	10	13	0	20	12	31	2	6	8	41	3	44	14	2	7	56	13	28	15	63	
5	38	14	70	15	14	10	2	0	36	12	65	3	54	13	17	18	7	19	73	
12	44	17	49	8	40	4	6	0	19	6	15	15	22	18	62	
6	59	0	52	18	37	8	70	11	6	16	68	5	31	15	58	
15	6	18	18	19	33	13	63	6	67	12	65	17	3	9	43	5	45	
15	66	3	70	18	42	7	54	9	57	1	26	10	1	13	72	11	5	5	63	8	50	4	17	
6	58	0	31	19	46	2	16	14	21	4	39	7	62	9	61	12	51	18	34	10	52	
8	57	10	22	9	25	5	58	7	69	16	13	18	36	17	29	11	67	2	15	19	62	
11	62	3	43	15	13	6	47	8	42	14	49	1	7	4	31	12	68	16	41	
0	38	4	64	12	25	6	66	9	51	
8	71	19	6	4	75	18	2	5	54	
16	54	15	37	7	3	6	11	13	31	10	28	0	63	4	53	3	27	18	18	
11	1	14	8	0	69	8	51	9	38	19	40	1	3	4	21	12	60	5	47	17	53	13	23	
5	67	7	68	6	45	15	13	3	73	17	29	18	21	8	64	0	57	16	72	4	49	
8	61	10	17	3	58	18	10	15	4	13	8	
16	45	3	34	18	57	13	21	9	15	
6	40	1	18	7	8	16	24	11	13	15	29	
2	65	18	71	13	57	14	37	12	66	4	34	7	53	5	22	1	75	10	70	
9	23	14	60	5	62	10	4	17	53	11	32	6	11	4	46	1	35	
0	13	16	43	9	70	10	48	17	3	12	55	18	45	
14	57	10	21	8	62	1	43	6	9	17	11	11	8	16	17	2	75	4	42	7	31	
12	43	0	59	8	26	19	52	5	24	9	72	16	45	3	66	17	50	15	14	11	56	
13	13	3	41	17	54	2	25	8	32	12	16	6	74	5	66	1	61	15	17	18	28	7	31	
8	72	14	8	1	50	19	46	3	30	
13	29	16	34	4	49	8	15	12	14	
13	14	14	33	5	55	18	35	15	9	3	22	1	7	11	74	0	67	10	70	6	17	12	58	
15	41	8	5	0	24	6	71	18	4	3	17	19	46	11	54	5	37	16	47	12	53	
9	67	7	60	0	47	13	45	12	65	10	66	8	14	4	70	6	1	
5	75	16	66	17	43	19	68	1	48	9	10	15	40	6	18	18	41	8	74	11	38	7	15	
1	74	10	9	0	32	14	3	4	19	16	16	11	30	17	36	
6	1	2	4	10	61	3	25	5	48	15	50	19	28	
13	19	7	71	3	67	2	73	4	6	12	39	6	42	10	29	

All component type numbers for each job to be processed by MFPM
1	17	2	8	7	20	6	11	
8	40	3	47	7	41	2	39	4	46	
2	14	6	3	4	23	
6	27	2	48	4	45	5	43	
8	3	3	11	5	4	
4	27	3	35	0	32	2	39	6	31	
4	14	3	6	2	18	5	12	
7	37	9	31	6	33	3	32	4	46	
8	2	
4	32	6	42	3	26	1	28	
2	13	1	14	8	8	9	5	7	20	
5	35	0	28	8	44	1	39	4	38	
9	20	8	18	1	7	
5	37	2	34	3	48	
2	17	
8	27	
5	25	6	12	
4	45	5	35	0	33	
3	8	
7	37	5	50	2	38	
2	13	
0	26	8	43	2	49	
3	3	7	16	2	19	
2	35	4	30	9	28	3	27	0	44	
0	17	7	22	2	16	
1	29	6	45	7	47	0	27	
8	14	4	1	6	3	0	19	
4	39	9	31	7	44	
5	9	9	24	6	21	3	10	1	12	
7	41	9	43	4	50	
2	7	0	20	
9	31	
8	17	4	8	0	20	6	7	9	11	
6	50	2	26	5	47	
8	23	
5	33	6	39	1	34	9	30	8	40	
4	23	9	18	7	21	
1	50	4	42	7	48	9	45	
9	23	1	10	5	17	6	9	3	6	
5	34	1	42	9	35	6	38	3	44	
4	19	0	21	9	10	1	6	2	1	
2	43	1	26	4	44	
1	13	2	22	3	12	5	1	
4	26	7	36	2	48	6	32	
2	6	6	17	8	2	
2	35	9	36	3	47	0	46	5	38	
9	7	3	19	
4	34	1	30	3	49	
3	14	8	1	9	23	1	3	
2	41	4	33	5	47	8	42	7	32	
7	16	3	8	2	10	8	3	0	14	
3	46	5	26	
8	20	1	6	
5	40	2	35	9	29	
4	11	3	25	0	18	5	4	
8	32	1	40	4	34	
6	22	3	25	
4	40	
5	14	3	18	2	15	1	11	
0	44	
5	10	7	4	6	9	8	13	4	5	
6	38	0	35	2	39	
8	18	5	14	0	2	6	15	
3	36	8	30	0	47	
3	15	6	19	1	13	7	20	2	3	
5	32	9	47	1	37	
6	18	7	11	8	5	3	4	4	25	
6	42	1	48	8	45	3	35	2	47	
9	12	2	17	0	2	4	25	1	20	
8	42	9	48	7	27	5	32	
7	1	5	19	3	11	9	4	
6	40	
6	1	2	4	5	2	8	3	7	18	
5	47	4	44	9	34	6	36	
3	20	7	19	4	9	5	25	
5	44	9	34	
4	9	5	1	8	19	7	8	3	22	
5	29	0	50	2	47	
6	11	2	8	3	25	
6	42	8	27	5	34	
5	3	2	16	6	2	0	5	
8	31	
5	24	4	17	0	22	
2	30	6	49	4	45	9	43	7	32	
5	18	1	20	3	14	0	15	9	17	
7	26	9	40	2	31	1	42	
2	5	9	8	6	23	
3	26	8	35	0	50	1	42	
9	22	7	25	0	24	8	3	
7	26	4	42	
7	7	
9	49	
3	22	
8	30	
4	18	
6	26	4	35	5	43	
4	19	
8	49	7	35	
1	2	
9	33	6	46	5	34	8	42	3	35	
1	16	7	9	
7	37	4	44	0	45	8	28	1	33	
6	23	5	6	7	4	3	19	
7	48	2	41	3	38	6	26	
2	3	9	19	
3	37	6	27	8	36	1	39	
6	21	4	1	3	13	
9	35	5	44	7	36	
6	14	0	8	
9	44	6	27	
6	9	0	24	3	20	
1	28	
1	5	8	9	
9	31	0	33	5	43	3	27	8	30	
6	12	3	18	1	6	0	17	
3	45	6	30	1	48	0	32	2	38	
5	7	4	1	8	19	0	15	1	16	
1	30	
8	19	4	21	7	17	
6	34	1	36	8	40	5	31	
3	20	1	10	6	25	8	18	2	3	
8	42	7	31	
1	15	0	7	
5	40	3	36	1	27	7	42	
1	2	5	17	7	1	8	22	3	19	
3	33	9	45	
5	19	8	12	2	25	
6	37	8	42	0	29	4	32	
1	19	5	20	
5	30	1	37	7	39	2	38	
3	16	5	11	
5	38	0	32	3	28	8	50	1	42	
7	23	5	25	0	16	1	22	
2	39	
2	8	3	10	5	7	8	1	
8	49	0	33	7	28	1	41	5	42	
0	14	3	10	5	2	2	25	9	20	
5	28	6	40	8	50	0	39	3	48	
5	24	1	18	4	16	0	23	
0	40	5	30	
8	10	9	7	3	16	4	3	6	23	
7	33	8	39	4	43	3	48	
9	6	7	9	8	24	
0	47	3	45	6	48	
7	24	5	22	0	5	9	17	
2	33	5	30	3	41	9	34	4	28	
5	23	0	10	3	19	4	22	
6	39	4	46	1	36	2	34	0	27	
5	14	
7	35	
5	25	7	12	6	24	
5	47	8	35	9	49	6	31	
1	12	0	5	
5	40	0	38	3	39	
2	13	
5	27	1	32	
8	5	3	21	2	20	
0	36	1	29	2	33	6	48	
4	22	8	1	1	12	2	21	
9	30	4	32	
0	1	7	20	5	7	2	5	
8	35	
6	3	1	24	
1	33	9	45	8	32	
7	5	8	4	2	11	5	23	4	9	
8	40	4	46	2	42	5	34	6	27	
2	16	6	22	
5	43	3	27	2	34	6	37	8	36	
7	7	
6	32	5	38	9	48	
5	10	6	11	7	12	3	13	
1	28	8	47	5	37	
4	17	6	19	5	25	7	13	
4	39	2	36	1	38	
3	11	1	9	9	23	
5	46	
2	17	3	2	0	7	
5	33	
6	1	
0	42	4	50	8	44	6	49	7	27	
7	5	5	4	
9	49	2	45	3	26	
7	14	0	18	6	2	
8	49	4	46	0	27	6	43	
6	14	7	13	2	15	0	2	3	4	
4	43	3	39	8	46	7	35	9	45	
7	18	
0	50	
8	21	9	9	7	6	
3	34	
1	23	3	14	9	20	5	22	
7	34	8	44	3	36	6	27	9	50	
3	24	0	6	9	10	8	19	
3	49	2	36	0	46	4	33	
7	4	3	11	
3	48	7	26	
4	23	2	17	5	2	9	8	
2	29	7	35	0	38	
6	20	
2	36	7	26	8	44	1	48	0	32	
7	7	6	2	2	1	9	13	
1	26	
1	9	2	23	4	14	5	4	
8	36	
9	18	0	8	8	22	5	3	6	25	
4	37	
3	15	1	8	
8	43	6	29	1	32	3	44	5	37	
3	6	9	5	
9	33	2	27	8	44	
5	3	7	8	6	1	0	2	
2	41	3	39	0	32	7	28	
8	6	
8	28	1	46	5	42	3	37	7	27	
8	17	3	2	5	19	4	15	
0	50	9	43	6	29	2	38	5	41	
6	1	3	2	9	12	
6	40	
1	16	8	14	9	2	3	11	5	20	
6	48	3	44	7	29	
0	5	5	10	4	3	8	19	9	20	
8	47	5	37	9	48	4	32	
8	4	2	23	
4	42	7	36	
1	16	6	21	3	20	5	12	
7	31	0	47	5	50	1	42	9	39	
8	15	1	22	
8	30	
1	17	6	24	8	6	
4	41	
1	25	0	18	3	13	7	24	
6	43	5	45	0	29	2	28	3	46	
0	6	8	1	3	16	5	21	4	9	
5	37	3	31	8	41	
1	6	6	23	2	13	5	8	
9	39	
9	16	
8	28	
4	9	9	8	1	12	8	15	7	4	
0	44	4	43	7	31	
2	1	1	7	4	21	6	4	
4	48	1	33	6	36	
3	5	9	10	7	8	4	17	5	24	
8	28	5	38	4	37	
9	23	7	9	2	19	5	3	
4	31	3	30	2	39	
5	14	9	25	4	13	2	23	7	1	
0	38	9	40	4	42	
9	3	0	25	3	24	4	10	5	18	
2	40	
1	19	6	25	2	6	5	7	3	9	
8	30	
3	19	2	11	8	8	
5	35	0	34	1	29	8	45	
4	2	2	24	5	14	
3	32	6	27	2	26	8	37	1	40	
1	21	6	14	
1	36	2	38	8	30	5	44	
6	19	2	9	0	15	9	6	8	13	
9	31	
7	14	1	23	
9	28	5	29	2	26	4	33	7	50	
1	16	9	14	3	19	2	8	
6	28	2	39	4	34	5	48	
8	3	4	21	
4	45	1	46	3	27	2	49	
0	14	9	13	7	18	
6	30	2	35	5	45	0	46	7	32	
4	16	3	21	
4	40	9	33	0	50	7	26	5	34	
7	5	5	17	6	16	
2	48	8	40	6	42	7	46	
5	1	3	15	0	9	
8	29	5	37	9	26	
9	15	0	11	6	18	1	12	7	24	
0	43	3	34	
5	3	
1	48	
6	6	5	16	9	18	0	23	
4	30	2	41	0	39	1	34	9	46	
4	20	7	1	5	12	0	6	
6	37	
8	13	7	4	
5	35	3	48	
3	12	8	11	5	24	2	16	9	3	
8	48	7	32	
7	22	6	1	1	18	3	16	8	4	
8	27	2	44	9	45	
4	2	
4	32	2	48	1	28	
0	14	9	16	6	6	8	25	5	18	
1	37	4	43	
7	1	4	20	6	11	2	15	9	9	
3	31	
2	4	1	18	
9	39	5	43	2	28	
8	24	7	11	3	10	5	23	2	3	
8	47	9	37	7	40	6	31	
9	8	
9	35	8	40	

Three processing times per job on each machine
The best scenario
274	459	193	
635	152	296	
151	70	261	
131	160	152	
1145	719	383	
228	125	66	
795	574	761	
356	444	556	
326	677	449	
211	625	286	
576	571	455	
402	134	327	
98	123	101	
667	269	1046	
589	674	235	
189	527	250	
467	737	859	
1379	366	755	
143	54	189	
95	61	273	
506	485	387	
226	557	673	
561	244	395	
315	454	168	
1055	550	293	
1233	511	337	
423	525	233	
791	647	258	
640	948	218	
641	454	333	
920	301	373	
221	408	342	
291	428	324	
145	160	454	
335	256	527	
594	308	799	
729	919	1140	
803	760	412	
414	711	576	
79	174	69	
235	657	202	
211	435	357	
483	851	503	
149	159	175	
578	943	444	
260	417	541	
548	284	921	
176	250	260	
233	584	285	
152	109	254	
85	254	275	
323	978	989	
173	510	326	
192	472	780	
77	266	114	
192	87	112	
206	252	274	
821	361	603	
439	921	177	
471	303	390	
557	951	257	
682	481	306	
113	377	439	
182	668	522	
250	314	472	
84	153	194	
91	90	239	
365	773	325	
865	748	884	
414	345	405	
968	1253	1057	
346	205	417	
652	768	294	
377	374	339	
301	123	214	
1103	514	773	
497	441	667	
349	316	373	
294	642	271	
739	898	360	
209	629	484	
349	623	380	
688	1057	301	
85	105	348	
574	481	265	
799	577	440	
401	151	227	
1123	801	1024	
431	236	155	
459	413	376	
380	173	356	
211	74	138	
93	141	150	
138	255	307	
187	876	1040	
414	809	971	
80	43	124	
310	174	222	
77	150	219	
649	591	537	
154	179	151	
277	237	323	
116	462	591	
150	191	32	
507	596	632	
699	576	331	
1184	684	576	
415	851	249	
381	153	516	
111	159	175	
206	165	110	
373	260	641	
266	328	376	
86	203	96	
286	1000	431	
352	119	278	
926	427	914	
817	267	684	
274	656	703	
422	464	851	
547	884	596	
100	195	563	
171	402	457	
68	211	181	
322	159	290	
353	293	306	
559	219	251	
323	381	420	
274	398	260	
417	150	360	
114	171	209	
562	244	287	
143	231	247	
1105	486	430	
449	542	179	
170	263	387	
1234	1055	267	
260	267	655	
168	222	127	
232	294	167	
279	184	215	
664	557	653	
528	484	299	
593	409	452	
504	948	721	
537	947	494	
223	111	369	
625	332	271	
163	490	328	
1148	1185	347	
Most likely scenario
338	652	362	
800	260	307	
274	131	311	
253	247	241	
1149	981	472	
331	138	106	
850	859	789	
493	689	726	
637	759	556	
261	635	345	
1026	614	886	
523	230	385	
165	170	122	
898	408	1377	
780	1164	429	
358	535	264	
757	814	1056	
1483	712	761	
188	80	193	
116	110	275	
515	597	752	
359	654	753	
1116	371	451	
517	849	263	
1166	791	500	
1358	757	556	
806	558	242	
793	935	511	
685	1301	427	
1020	663	427	
1237	369	429	
389	427	468	
459	509	392	
209	187	614	
531	285	767	
881	478	900	
1297	1465	1205	
1185	785	672	
723	1027	842	
85	224	85	
349	884	294	
217	495	425	
763	972	771	
248	244	290	
1083	1015	613	
381	746	755	
827	399	946	
231	322	371	
366	683	421	
199	214	440	
158	389	383	
401	1029	1045	
233	537	403	
282	713	816	
106	307	198	
248	92	162	
368	328	480	
1182	455	946	
847	1154	332	
520	513	416	
621	1295	429	
852	676	321	
160	415	600	
345	1246	844	
387	527	515	
133	200	318	
112	94	270	
566	811	548	
1010	880	1048	
443	484	628	
1440	1398	1406	
416	316	586	
1157	932	344	
422	408	533	
408	185	286	
1202	622	830	
651	683	707	
419	329	396	
378	857	363	
1448	1407	674	
349	960	864	
417	857	391	
783	1075	584	
108	112	435	
706	951	338	
1003	748	504	
658	237	295	
1222	828	1198	
557	300	247	
681	559	404	
524	317	438	
260	121	189	
172	164	245	
262	298	585	
362	1156	1046	
827	993	1014	
147	74	183	
388	293	306	
149	291	320	
698	638	593	
264	193	247	
294	417	513	
187	502	596	
162	216	61	
739	785	703	
867	829	594	
1281	1062	722	
532	1293	430	
445	239	714	
195	162	215	
235	205	154	
375	284	661	
475	358	473	
92	207	103	
419	1361	624	
423	129	446	
1222	484	1330	
1349	416	786	
472	724	762	
436	790	879	
728	888	779	
188	252	639	
327	665	665	
132	241	187	
411	264	372	
550	463	410	
642	382	469	
495	569	633	
366	544	325	
476	255	593	
209	218	390	
627	460	417	
167	384	262	
1154	631	506	
585	713	304	
293	449	679	
1358	1333	450	
280	374	664	
172	440	147	
338	327	329	
297	200	417	
695	558	944	
680	515	456	
1059	425	778	
720	995	776	
863	1283	835	
287	194	379	
1232	374	469	
191	572	479	
1313	1214	535	
The worst scenario
387	901	507	
851	322	440	
276	135	338	
285	351	267	
1402	1097	630	
476	155	155	
1161	1239	958	
520	917	946	
901	887	572	
306	918	444	
1488	815	1038	
524	315	505	
241	177	179	
1055	580	1653	
889	1324	592	
534	687	317	
1019	1063	1132	
2111	715	972	
227	100	204	
150	147	293	
702	757	884	
399	769	835	
1564	472	581	
739	1002	337	
1514	1022	685	
1385	1093	783	
900	565	334	
924	1207	715	
1009	1647	601	
1343	977	619	
1588	463	468	
471	628	604	
509	538	428	
253	212	915	
545	301	941	
955	479	972	
1848	2130	1527	
1369	929	961	
1030	1531	1234	
107	267	100	
451	974	381	
276	579	557	
847	1393	1143	
305	259	312	
1488	1356	641	
472	1114	1081	
866	574	1125	
285	483	513	
371	1004	503	
285	257	617	
162	513	465	
503	1050	1267	
242	795	583	
418	1044	1034	
116	428	223	
284	119	169	
407	353	697	
1656	636	1085	
1159	1358	405	
671	708	490	
791	1843	477	
911	886	350	
210	487	769	
347	1331	1070	
515	619	710	
154	224	361	
113	117	282	
745	1093	804	
1031	1001	1168	
481	486	689	
2103	2037	1661	
588	430	816	
1550	1233	366	
620	509	689	
519	232	345	
1506	659	1020	
862	947	783	
475	449	437	
497	1180	410	
2063	1809	983	
454	1300	1157	
423	1245	504	
1103	1323	699	
117	138	508	
810	1041	368	
1482	993	583	
945	289	433	
1378	906	1669	
764	406	368	
945	634	588	
700	367	587	
261	166	243	
258	211	294	
366	439	621	
396	1443	1182	
1207	1391	1063	
149	89	254	
516	401	354	
169	391	403	
830	886	761	
375	207	305	
411	510	574	
200	629	746	
169	304	82	
802	1172	1018	
1250	921	770	
1412	1152	778	
763	1327	577	
513	325	843	
282	205	270	
243	260	180	
467	319	932	
559	522	549	
121	246	119	
595	1856	916	
511	186	661	
1671	631	1423	
1600	552	1052	
531	1005	1027	
525	999	1078	
978	962	915	
229	374	823	
415	699	781	
135	260	239	
518	333	501	
777	506	474	
814	460	501	
672	655	936	
489	603	441	
628	282	631	
288	315	392	
672	599	483	
249	537	284	
1499	788	613	
825	884	426	
355	543	719	
1851	1974	464	
402	482	924	
220	569	201	
405	399	493	
385	290	503	
1022	831	1229	
891	531	653	
1451	547	988	
742	1237	992	
872	1503	1006	
387	260	445	
1834	523	546	
245	584	482	
1922	1442	748	
