Factories	3	Jobs	200	Machines	2

Total number of component types per job processed by HSPM
5	10	11	12	7	6	9	10	12	11	11	12	11	10	10	10	9	12	5	5	6	11	8	8	8	12	8	6	7	8	5	5	9	11	9	9	6	12	8	11	6	7	8	11	10	7	11	12	9	8	11	7	12	11	6	11	12	11	10	12	10	9	11	9	7	11	10	11	5	10	8	10	6	11	11	10	11	6	8	6	8	6	10	11	6	8	9	9	9	7	7	5	11	7	7	10	8	9	7	10	12	7	8	7	10	9	11	7	7	6	6	8	5	6	8	8	12	8	9	8	6	8	5	9	10	12	10	8	5	6	8	6	11	12	9	11	11	7	9	12	12	9	8	11	10	10	5	6	6	12	5	10	5	6	5	9	8	6	12	9	12	11	12	8	10	9	10	5	10	6	12	9	11	5	12	5	6	9	10	5	12	12	6	6	5	8	6	12	11	6	12	7	7	5	12	7	10	6	5	6	

Total number of component types per job processed by MFPM
1	4	5	4	2	5	3	3	2	1	3	1	4	2	5	4	1	1	4	3	1	4	1	1	5	2	2	5	5	2	4	4	4	3	3	3	4	5	4	2	2	4	3	4	4	3	3	2	2	3	1	3	5	5	3	4	5	2	4	4	5	1	5	2	1	2	5	2	5	5	5	4	2	5	4	2	5	1	3	3	2	5	1	1	5	3	2	5	1	2	3	3	3	1	2	2	2	5	2	4	5	2	5	1	3	5	5	4	4	3	4	5	4	2	4	1	4	3	5	2	5	1	5	5	4	3	3	5	5	4	3	5	5	5	2	1	3	3	5	2	2	5	4	5	2	4	5	4	4	3	4	3	2	4	5	2	5	4	2	1	4	4	2	5	2	2	4	3	5	4	5	1	3	2	3	2	1	2	4	2	5	4	5	2	3	5	2	4	5	5	5	5	1	5	3	2	4	4	3	2	

All component type numbers for each job to be processed by HSPM
3	42	12	39	10	50	14	11	2	24	
7	38	3	34	9	52	18	9	19	10	1	36	6	51	11	17	15	27	2	11	
5	13	9	69	15	17	18	72	1	38	2	23	7	51	0	53	4	74	13	32	17	26	
18	55	4	64	6	34	1	12	16	20	9	4	11	33	2	58	15	50	12	46	10	2	0	13	
8	62	5	32	1	9	19	24	2	21	7	55	12	65	
13	41	9	40	5	58	0	9	15	35	19	32	
18	40	14	59	6	20	17	35	11	19	10	32	19	22	0	51	1	50	
16	51	6	54	2	69	12	8	3	24	14	19	9	45	11	31	7	43	8	59	
2	68	17	47	10	52	11	6	19	40	4	44	7	62	6	56	16	73	0	55	12	57	8	25	
13	31	11	45	6	41	14	56	0	13	17	6	16	4	8	36	18	37	9	34	15	53	
4	34	6	59	1	3	14	38	16	54	12	9	0	15	11	61	7	5	8	4	5	46	
7	68	0	22	1	23	16	47	13	66	14	61	8	31	4	39	15	41	10	72	19	1	18	5	
12	44	0	25	4	41	9	38	14	21	2	58	3	30	8	67	18	34	19	10	16	31	
4	53	11	11	3	70	8	34	7	29	17	42	19	31	13	71	18	39	2	67	
18	6	4	72	7	41	5	47	1	35	13	60	12	38	3	39	17	20	8	2	
13	4	11	49	16	28	6	29	3	2	12	58	0	57	5	56	14	12	1	35	
8	51	11	24	5	45	2	57	6	49	13	28	9	19	1	64	0	69	
14	34	5	12	0	57	4	65	3	39	18	31	17	15	12	60	9	21	10	47	6	5	2	46	
1	56	18	45	6	29	13	11	9	74	
17	42	3	63	5	66	1	52	0	31	
0	65	6	46	13	9	19	32	16	41	18	4	
3	40	0	8	14	16	10	15	7	27	15	32	2	42	9	25	8	43	11	65	17	57	
0	64	16	46	13	14	19	7	7	12	10	19	17	4	11	40	
16	73	15	38	3	63	11	28	8	48	0	21	5	14	4	2	
1	64	10	49	7	2	18	46	15	29	6	12	9	42	13	66	
0	10	15	15	19	67	13	65	5	26	12	6	4	39	9	68	3	69	6	48	16	54	1	40	
4	1	6	18	3	74	19	38	16	70	11	30	12	23	17	67	
10	24	0	26	5	68	19	52	18	21	16	54	
6	21	18	34	1	14	16	31	14	28	4	9	9	66	
5	14	1	53	0	24	19	20	10	22	3	7	8	51	18	48	
5	8	17	35	7	50	3	71	18	63	
10	62	18	20	1	41	12	74	11	75	
12	36	14	44	2	51	17	42	13	20	7	4	11	66	8	13	18	53	
13	64	5	3	16	34	7	35	17	5	8	18	6	42	14	39	15	44	10	23	9	1	
1	27	8	36	19	23	17	18	10	43	3	49	9	34	13	54	14	1	
8	33	13	27	16	70	17	74	5	26	14	55	4	44	7	11	9	71	
9	57	15	33	1	62	8	47	5	75	7	35	
0	15	17	57	6	13	4	64	18	74	3	18	11	12	5	27	1	52	14	56	10	65	9	19	
9	49	10	53	19	31	14	2	1	59	13	42	16	11	17	65	
19	65	4	73	11	62	5	46	8	6	1	5	10	8	2	64	13	66	12	49	15	27	
14	46	16	12	6	18	1	73	4	37	3	61	
8	2	11	37	7	47	16	43	2	59	15	52	4	11	
8	18	5	29	11	14	12	43	15	56	9	24	16	26	6	35	
2	1	1	22	5	17	7	38	3	4	13	8	14	14	18	34	15	2	6	74	4	42	
19	66	17	44	5	59	13	28	9	47	4	70	16	17	3	49	14	13	6	58	
14	12	9	43	3	38	19	55	2	10	7	25	8	52	
0	63	12	24	1	66	15	7	4	48	19	43	18	13	14	74	5	21	13	6	10	62	
9	8	8	30	3	23	7	34	12	32	2	13	0	27	13	40	19	58	14	22	16	15	6	63	
16	70	6	43	13	5	8	22	14	21	1	38	17	59	5	65	10	7	
17	51	15	39	19	12	8	40	5	41	3	43	2	60	7	68	
6	68	9	44	13	27	0	36	1	41	12	58	17	8	5	69	11	4	8	71	14	2	
6	34	12	44	15	6	19	18	18	28	3	52	7	71	
10	22	14	31	13	10	2	67	4	28	11	5	17	35	8	43	0	70	15	32	5	24	3	55	
0	16	17	6	6	64	2	46	4	62	16	57	10	14	14	71	7	12	12	7	5	31	
13	26	5	12	16	46	19	1	17	22	3	32	
17	38	12	13	3	3	15	31	16	39	5	48	18	16	7	52	1	11	14	10	8	18	
8	53	9	69	6	13	2	70	18	33	0	57	15	66	13	67	7	15	10	43	4	68	5	45	
2	37	18	57	9	58	14	4	0	69	19	15	17	50	13	44	12	36	7	1	4	48	
19	12	10	34	18	9	4	74	7	56	5	51	17	5	1	38	15	73	8	10	
12	44	5	15	13	26	3	19	11	6	1	70	16	14	17	11	2	1	10	38	0	13	8	51	
12	66	15	58	19	28	8	37	9	41	1	44	6	29	5	70	16	55	13	42	
7	8	3	1	6	35	5	43	19	25	14	6	17	50	16	74	18	59	
5	1	4	33	8	44	16	14	1	56	18	48	17	70	11	20	14	10	6	49	3	23	
3	12	13	1	19	58	12	43	6	73	14	67	18	47	8	71	11	53	
0	23	4	65	17	9	6	60	2	12	10	40	16	47	
0	4	5	22	2	56	13	19	11	54	9	5	6	30	14	70	3	63	16	20	19	34	
3	63	11	23	14	26	8	4	18	37	13	42	15	59	19	73	0	29	6	32	
11	59	1	5	14	37	6	18	19	33	4	60	10	35	0	75	18	4	7	50	5	39	
18	66	3	37	10	75	14	46	1	59	
11	50	9	33	1	42	6	29	7	24	17	45	5	27	13	44	18	20	15	48	
13	39	0	32	3	8	10	67	16	49	19	56	18	1	8	3	
13	25	14	51	15	18	12	61	4	52	5	38	2	21	6	15	8	49	18	56	
5	2	9	74	17	19	18	68	6	44	19	28	
19	25	5	54	7	12	13	58	1	16	8	46	0	64	4	37	2	29	17	71	11	59	
10	6	7	11	8	29	16	21	9	63	11	31	4	28	18	14	12	51	0	45	15	39	
12	36	15	20	11	34	1	50	19	35	17	54	4	41	16	28	3	33	9	1	
0	6	18	25	10	52	16	14	9	21	4	19	17	47	19	56	2	10	1	22	3	32	
10	48	5	75	19	71	4	54	14	64	17	40	
16	74	6	1	4	75	18	59	12	9	2	34	3	24	14	2	
11	18	12	3	14	29	5	14	2	7	7	69	
19	46	8	38	12	73	3	2	0	75	1	28	17	70	18	7	
6	19	16	22	19	51	0	55	18	27	1	13	
7	13	19	16	5	9	14	74	15	60	11	49	18	7	4	22	17	43	10	8	
7	71	16	46	18	43	14	39	12	52	13	28	3	73	19	25	8	14	15	33	17	15	
14	45	0	66	6	64	17	61	13	44	16	51	
15	40	7	22	12	13	2	66	17	25	14	19	0	11	3	69	
11	43	12	17	14	57	5	68	2	8	7	65	8	25	17	40	4	72	
5	42	14	36	13	64	3	48	11	74	17	3	15	40	2	23	0	32	
5	56	8	25	2	57	13	49	3	67	14	20	9	54	1	30	0	5	
3	72	16	58	14	56	1	70	11	20	7	31	19	49	
16	9	17	6	0	49	14	23	10	60	4	55	13	61	
13	49	12	16	11	8	3	74	4	1	
11	16	12	54	3	74	7	44	17	15	18	4	19	53	15	7	4	60	2	20	8	31	
19	64	16	58	10	52	9	39	12	68	4	44	13	33	
5	41	14	42	4	48	13	36	9	22	1	2	6	46	
1	37	8	64	9	24	14	32	18	29	12	25	11	2	5	66	15	70	4	75	
4	71	8	21	3	69	18	50	5	37	0	25	16	75	13	28	
8	70	18	29	12	38	3	42	2	51	13	48	17	17	15	61	6	28	
8	22	4	28	13	12	6	42	18	31	14	60	7	74	
4	28	12	44	11	24	13	29	14	64	5	16	2	23	18	54	17	14	16	45	
3	5	0	70	15	10	1	71	12	38	17	13	16	9	9	50	11	45	7	44	8	15	5	2	
19	39	4	24	15	47	9	15	1	19	7	4	17	1	
4	26	10	14	18	30	15	64	19	62	12	57	8	44	2	32	
7	69	11	21	10	6	13	12	0	52	19	34	3	64	
1	71	7	17	8	45	13	10	14	48	19	4	10	9	0	70	17	47	11	58	
5	46	10	24	16	12	9	33	18	11	3	25	8	62	2	8	0	54	
11	16	4	25	6	27	12	61	2	38	14	71	13	13	10	10	19	39	17	55	18	26	
1	2	16	43	15	59	3	66	17	12	19	5	10	49	
12	11	11	73	17	12	19	3	3	8	7	71	16	48	
17	75	2	43	8	4	3	48	5	11	11	70	
0	39	16	57	12	74	9	40	18	23	3	65	
2	42	15	31	3	65	10	21	9	43	17	64	0	20	19	44	
10	60	6	55	7	25	11	1	0	56	
0	68	7	40	19	58	15	18	18	59	5	6	
4	54	10	17	1	35	5	73	7	44	8	19	17	3	6	13	
12	62	0	69	3	33	5	17	7	1	8	37	15	13	4	32	
0	33	10	16	18	40	16	75	7	47	14	62	13	11	11	13	12	36	9	18	1	14	2	5	
19	26	0	47	17	42	15	13	10	25	18	30	1	58	5	64	
6	52	8	16	10	70	5	32	0	60	18	28	16	68	12	11	7	19	
0	33	1	41	17	2	7	18	8	46	4	15	13	65	18	23	
5	24	11	2	17	55	15	40	2	32	8	61	
1	23	0	60	16	56	4	74	15	20	13	73	17	29	18	48	
5	45	4	8	12	23	2	73	14	22	
1	52	2	14	7	41	14	61	8	58	11	60	19	74	15	71	3	54	
1	27	17	53	14	65	5	56	6	18	18	45	7	15	10	11	4	54	19	75	
12	51	16	4	4	58	17	68	8	31	7	23	5	39	18	66	19	17	3	11	15	54	14	28	
7	48	17	49	13	55	2	41	12	61	16	7	9	37	18	15	19	2	8	33	
1	16	10	19	2	65	19	20	6	10	16	34	4	73	13	46	
0	19	17	36	8	2	14	31	6	67	
11	73	17	67	19	19	14	28	16	72	0	11	
3	68	12	1	18	44	4	65	15	38	9	47	8	40	13	24	
18	44	5	50	3	7	12	45	4	3	19	56	
4	44	0	64	11	58	10	61	2	36	18	18	5	20	1	48	17	8	9	32	6	54	
17	67	14	41	16	10	8	11	15	56	9	31	2	44	3	49	6	12	13	75	18	24	1	71	
13	35	1	60	12	12	6	22	0	66	17	61	14	13	5	1	7	21	
4	39	18	30	15	24	8	18	2	75	14	8	16	19	11	21	7	53	12	59	1	49	
11	32	9	46	18	31	10	7	6	19	2	35	17	63	15	4	5	54	0	2	12	72	
6	49	15	18	8	14	9	34	10	26	7	68	14	5	
5	70	3	25	12	55	19	46	16	64	11	42	13	27	2	22	6	35	
12	15	8	30	6	68	14	1	3	67	0	39	7	61	10	34	18	29	5	70	9	17	15	49	
8	20	13	41	19	16	16	22	18	68	15	27	4	73	1	25	7	10	14	51	17	50	10	44	
5	13	14	21	13	68	6	48	16	65	1	50	8	11	3	58	17	56	
3	69	8	74	6	7	18	13	0	12	14	14	12	4	2	19	
1	14	13	1	7	23	4	54	2	33	15	12	6	47	5	10	17	61	9	45	18	42	
14	36	7	19	9	71	12	64	4	33	5	50	10	38	19	46	13	3	8	21	
11	9	10	66	13	67	4	49	0	10	8	53	15	52	14	27	6	4	19	2	
17	29	9	62	8	34	4	21	10	48	
4	62	3	67	18	8	12	65	2	23	13	64	
1	60	7	13	10	20	9	43	17	33	0	70	
4	15	10	70	11	62	2	67	6	47	12	44	16	14	17	13	19	21	15	71	8	4	1	34	
10	47	14	21	5	64	19	15	18	45	
13	71	12	21	9	19	16	11	18	59	3	41	0	53	8	28	6	26	14	73	
12	49	2	68	7	58	13	36	17	14	
17	36	7	69	3	20	1	71	15	45	2	32	
18	65	12	42	17	49	6	44	2	52	
6	30	5	67	12	22	15	61	2	66	14	54	7	46	0	41	16	33	
8	27	15	6	17	65	11	4	12	68	1	48	10	24	18	19	
11	69	14	53	10	74	0	34	12	61	17	37	
9	58	10	41	15	75	3	27	17	56	14	47	6	49	13	18	1	61	0	16	2	63	18	24	
4	19	12	50	2	7	10	62	6	75	8	73	9	54	15	42	7	24	
11	35	13	34	2	40	17	5	5	49	19	13	7	38	4	14	15	57	18	69	12	65	1	61	
10	7	14	34	2	31	11	32	9	8	13	26	5	28	18	2	12	41	7	33	0	57	
18	22	0	56	12	31	7	70	6	9	5	42	11	51	1	43	3	30	15	54	13	67	4	26	
9	53	16	28	1	46	0	64	7	42	11	31	12	39	3	14	
1	6	8	70	6	10	11	46	19	17	2	26	9	7	10	73	7	38	17	3	
3	75	16	2	18	32	0	3	9	58	10	49	6	61	4	52	1	41	
12	55	2	27	9	74	10	35	19	44	16	4	4	62	13	30	18	67	6	6	
18	41	2	30	0	22	6	49	10	29	
4	27	11	63	6	34	14	32	2	39	15	37	9	30	1	51	12	18	13	43	
10	2	3	31	17	49	2	47	6	48	15	36	
2	21	10	49	15	28	7	52	0	47	8	22	13	5	11	43	5	12	16	8	6	34	1	70	
12	62	5	61	8	51	19	29	9	70	18	75	14	10	7	42	16	23	
5	74	10	71	19	39	0	38	4	62	9	26	14	69	11	29	8	54	18	57	3	60	
0	58	18	61	10	73	16	28	4	50	
13	49	9	52	4	38	15	71	19	66	16	13	6	29	7	64	2	33	1	5	3	73	5	58	
7	32	16	55	13	54	19	1	15	47	
0	21	14	36	11	18	2	67	13	13	4	8	
4	17	2	7	16	29	10	58	14	1	11	4	0	39	12	27	18	34	
10	36	17	53	6	1	11	54	1	25	3	32	5	15	13	14	15	71	7	57	
17	10	8	71	3	66	11	39	6	57	
12	51	10	72	19	54	7	24	0	67	11	61	16	46	6	6	1	11	17	26	8	14	15	3	
17	21	4	30	13	65	10	29	18	51	12	42	11	66	5	23	16	62	0	61	19	58	6	64	
3	38	8	68	6	47	5	70	2	16	11	1	
15	63	7	66	5	8	9	21	2	2	10	62	
8	62	0	37	2	46	10	19	13	74	
13	61	7	54	17	24	15	16	6	18	8	67	2	74	12	71	
10	2	18	29	12	45	14	58	17	36	7	7	
0	50	2	46	13	75	4	40	14	74	8	47	19	13	10	69	5	22	1	10	6	27	17	35	
14	21	5	2	16	66	0	35	2	17	12	70	9	41	3	22	17	43	7	57	10	60	
8	66	13	37	17	49	3	26	10	43	18	5	
7	14	12	63	0	22	3	27	5	29	1	67	15	64	14	75	4	48	8	20	17	52	19	44	
2	10	7	69	9	73	8	36	1	6	11	71	3	39	
6	50	2	3	14	73	1	23	12	31	15	56	18	48	
16	22	12	74	2	64	15	11	5	73	
16	43	6	72	1	65	19	55	17	62	11	56	7	23	12	47	10	20	9	4	2	27	0	66	
10	26	8	36	18	72	5	33	19	51	7	35	9	46	
5	39	8	56	1	59	0	9	10	11	13	5	4	29	16	49	7	28	14	20	
18	52	14	65	11	19	5	16	8	43	7	46	
12	29	18	27	16	40	15	9	11	38	
3	10	6	28	16	1	13	42	17	2	18	18	

All component type numbers for each job to be processed by MFPM
0	5	
7	15	2	10	6	22	0	17	
9	6	0	20	7	19	4	2	1	25	
9	17	8	21	6	20	5	4	
5	10	1	8	
0	16	3	24	5	9	4	20	9	15	
6	11	0	4	4	22	
1	8	3	19	8	2	
7	1	0	15	
6	23	
5	11	1	2	4	13	
6	24	
1	23	3	9	9	1	8	22	
4	17	8	20	
5	10	1	17	3	9	6	1	8	23	
7	20	1	12	8	24	9	13	
7	20	
2	4	
4	11	3	2	0	18	1	22	
0	24	4	4	1	20	
4	1	
1	18	0	1	6	22	4	3	
7	8	
0	10	
2	4	7	9	4	23	0	21	9	18	
6	14	9	10	
1	2	0	6	
8	10	2	3	3	11	1	24	5	6	
8	14	1	22	2	24	0	4	7	25	
0	4	3	17	
0	22	1	16	5	1	6	23	
8	12	0	17	9	10	1	1	
4	12	8	21	6	24	5	17	
5	3	9	23	0	1	
7	19	2	20	5	25	
9	11	2	2	4	23	
5	21	8	19	0	9	2	14	
3	4	6	22	4	20	8	3	9	21	
1	24	2	6	5	8	9	1	
4	11	1	17	
4	6	6	9	
6	10	8	17	7	14	5	16	
6	24	4	6	9	2	
1	11	8	18	2	13	0	7	
1	9	4	22	3	3	6	19	
4	17	9	19	2	24	
1	4	5	1	6	24	
2	14	4	16	
6	11	5	3	
4	11	6	19	2	24	
9	7	
9	3	1	10	5	9	
0	8	1	13	3	24	2	15	6	1	
9	6	6	12	2	25	3	5	5	1	
1	13	9	5	8	24	
9	16	3	6	6	5	7	12	
1	5	6	25	5	6	3	21	8	17	
1	18	3	1	
7	14	2	2	6	18	5	17	
3	19	2	23	1	12	7	20	
4	16	1	3	0	11	8	4	9	19	
6	2	
4	8	1	7	8	2	2	20	9	18	
7	17	5	4	
4	5	
4	25	5	15	
1	10	6	9	9	14	3	1	2	16	
6	19	9	8	
9	15	6	16	3	14	5	21	1	12	
4	12	0	16	2	10	5	7	7	6	
3	23	9	13	4	16	7	15	0	3	
7	13	2	19	8	25	1	8	
2	1	0	4	
0	7	7	2	8	18	4	6	9	25	
7	21	9	14	2	3	0	18	
7	5	8	17	
3	20	0	24	2	22	8	17	6	23	
2	24	
0	12	5	9	2	14	
5	2	8	18	9	6	
7	12	1	15	
3	7	7	16	4	6	6	8	9	22	
3	18	
2	10	
5	22	8	23	3	6	4	7	9	15	
3	14	0	17	7	23	
1	19	5	3	
9	8	6	22	8	14	3	19	7	7	
2	3	
4	8	2	16	
9	8	3	7	4	13	
9	15	5	6	8	17	
9	13	5	12	1	25	
5	5	
5	23	6	14	
3	25	4	12	
9	22	0	16	
4	9	1	17	6	7	3	15	2	3	
5	18	6	4	
7	17	5	16	9	25	3	13	
0	2	8	13	1	6	4	9	6	20	
7	8	0	1	
2	22	1	23	6	7	3	4	9	16	
1	21	
2	23	0	5	3	24	
4	9	2	22	7	5	1	20	0	23	
8	21	9	25	5	23	6	11	3	19	
0	8	3	16	8	4	5	19	
4	15	9	18	3	24	0	11	
6	18	9	2	0	9	
5	17	8	22	2	8	4	14	
4	25	3	15	5	5	9	16	0	8	
9	17	8	3	5	22	0	2	
1	22	2	9	
9	19	0	20	5	5	8	4	
9	1	
3	4	8	9	6	18	9	24	
7	18	4	12	9	22	
6	25	5	23	7	9	8	12	3	2	
8	7	9	11	
7	6	5	14	3	17	1	23	9	18	
9	19	
7	24	0	5	8	15	2	21	1	25	
6	4	2	9	3	19	4	14	0	15	
6	18	7	7	4	21	8	3	
6	9	7	8	4	13	
8	1	0	13	9	6	
7	22	6	23	3	6	9	20	2	7	
1	15	7	11	4	2	6	5	5	16	
8	2	5	19	3	13	0	11	
9	9	7	3	8	17	
8	12	1	9	6	25	9	4	7	14	
4	24	6	3	9	1	1	23	0	12	
9	2	6	10	0	7	4	9	3	15	
9	11	2	10	
0	10	
0	18	3	10	8	3	
2	22	7	20	4	1	
5	15	8	13	4	22	0	4	1	2	
0	9	3	20	
0	7	7	14	
3	9	8	16	4	12	6	17	0	10	
6	24	0	18	4	4	3	6	
7	18	0	12	8	17	6	10	3	2	
1	18	6	22	
1	11	8	10	7	20	9	25	
4	2	9	13	8	1	5	15	2	11	
6	17	4	25	7	6	8	13	
6	8	2	13	9	12	1	20	
6	5	2	16	4	9	
3	1	4	8	9	19	7	11	
9	22	8	1	0	10	
8	11	5	25	
5	12	8	20	1	1	0	19	
3	16	0	2	4	21	6	13	1	5	
8	2	1	24	
5	15	0	13	6	17	1	5	8	12	
7	21	5	1	9	7	2	14	
8	21	0	9	
0	14	
4	13	7	19	1	23	5	12	
9	18	5	17	2	24	6	25	
6	12	3	14	
2	25	4	22	9	23	8	3	0	20	
3	1	1	11	
7	10	0	4	
7	16	9	13	8	2	4	10	
0	10	5	8	1	25	
1	4	3	5	5	20	4	15	9	10	
6	17	8	19	0	4	7	3	
8	10	4	21	3	14	2	17	9	7	
4	18	
2	8	9	19	4	15	
7	4	0	14	
1	19	4	10	9	6	
5	11	0	6	
4	3	
1	21	9	7	
8	25	3	13	9	22	2	23	
6	25	4	20	
9	5	4	16	5	20	6	4	2	14	
6	16	8	8	2	23	3	20	
4	12	0	6	6	10	8	7	3	22	
2	20	4	22	
1	3	9	6	2	2	
3	14	7	13	9	9	8	23	2	17	
7	16	8	1	
7	4	3	7	5	18	8	11	
5	4	8	6	2	12	1	16	3	20	
3	5	2	12	5	18	0	20	9	9	
9	24	7	5	1	9	8	6	3	19	
4	23	2	9	9	22	3	14	1	10	
9	17	
1	7	4	13	3	15	8	10	0	16	
4	22	5	4	3	2	
5	23	9	7	
8	4	4	2	0	9	6	16	
5	25	8	7	9	4	1	17	
5	20	8	11	0	2	
2	10	8	22	

Three processing times per job on each machine
The best scenario
65	87	
50	54	
33	106	
32	22	
178	105	
173	122	
105	108	
397	82	
96	103	
130	324	
51	185	
48	47	
170	134	
134	252	
374	88	
86	167	
96	108	
129	283	
215	192	
161	112	
215	178	
146	414	
119	235	
60	81	
82	252	
354	203	
74	315	
259	141	
182	150	
66	183	
34	46	
293	289	
198	226	
103	342	
188	108	
415	265	
230	179	
286	542	
161	190	
110	81	
120	111	
77	143	
212	191	
11	16	
48	33	
114	225	
243	482	
222	184	
381	454	
41	55	
154	161	
217	261	
77	96	
218	164	
152	90	
435	250	
133	292	
31	25	
356	207	
37	15	
39	73	
52	43	
189	243	
58	37	
47	16	
322	120	
119	172	
71	85	
79	242	
344	230	
256	329	
312	171	
74	226	
77	33	
79	128	
207	195	
280	104	
150	71	
27	30	
265	87	
157	82	
109	116	
36	28	
225	179	
89	195	
102	144	
34	62	
70	109	
198	258	
135	288	
225	226	
184	172	
16	44	
319	332	
187	244	
345	242	
349	159	
282	177	
378	156	
274	344	
232	326	
242	161	
173	65	
66	73	
73	133	
18	22	
206	114	
129	74	
29	24	
222	268	
47	16	
49	25	
174	208	
173	90	
445	159	
30	24	
183	320	
272	303	
233	237	
323	282	
18	58	
193	179	
239	171	
203	119	
39	49	
164	404	
163	38	
122	147	
201	358	
195	89	
202	153	
341	390	
150	181	
114	132	
206	136	
123	146	
107	234	
68	71	
63	140	
190	70	
391	177	
90	119	
52	54	
107	142	
344	98	
213	319	
39	70	
66	192	
140	170	
149	192	
233	122	
122	259	
39	48	
229	181	
184	169	
240	213	
153	169	
169	134	
196	182	
172	206	
79	252	
77	63	
147	102	
270	71	
297	417	
158	99	
20	49	
252	390	
20	20	
59	91	
316	176	
130	119	
73	124	
52	35	
249	185	
412	185	
14	52	
149	200	
109	74	
92	32	
114	286	
102	140	
191	73	
332	166	
365	187	
29	66	
110	72	
161	62	
279	152	
111	200	
266	309	
26	26	
73	67	
76	175	
64	237	
65	110	
65	68	
47	87	
114	113	
197	340	
Most likely scenario
79	108	
95	92	
40	167	
62	35	
301	191	
181	140	
172	169	
493	134	
147	117	
160	342	
65	221	
74	79	
205	219	
254	269	
461	129	
128	288	
101	169	
226	390	
353	238	
257	170	
263	187	
155	454	
225	238	
98	140	
144	367	
387	233	
128	348	
307	163	
187	205	
96	200	
42	61	
421	296	
243	321	
135	524	
205	133	
582	489	
406	248	
521	617	
218	237	
196	123	
127	124	
90	216	
236	343	
17	31	
74	58	
184	249	
269	486	
241	323	
503	496	
45	58	
289	211	
224	303	
117	190	
251	273	
229	164	
560	321	
159	333	
42	41	
386	298	
71	24	
71	112	
91	54	
224	419	
63	61	
49	24	
354	176	
177	219	
79	95	
106	245	
419	383	
273	387	
361	270	
115	341	
120	63	
84	152	
247	208	
458	166	
171	95	
43	33	
485	122	
260	139	
200	207	
56	40	
339	201	
138	368	
131	148	
49	123	
89	193	
366	277	
226	314	
333	282	
269	290	
17	57	
549	467	
328	373	
360	289	
370	285	
427	259	
448	212	
472	584	
319	411	
370	265	
184	66	
84	74	
105	135	
24	25	
326	138	
136	92	
32	31	
287	536	
51	31	
50	27	
235	362	
298	155	
473	273	
45	27	
259	383	
429	380	
325	324	
585	297	
35	75	
242	181	
263	273	
306	203	
52	53	
171	542	
187	75	
155	160	
326	444	
331	158	
394	243	
362	522	
180	203	
224	260	
219	230	
205	211	
190	323	
110	75	
77	171	
191	80	
492	184	
150	148	
67	93	
191	189	
413	108	
309	338	
51	107	
75	226	
176	300	
177	236	
314	151	
174	359	
48	66	
407	358	
221	222	
358	373	
281	187	
219	180	
203	343	
196	359	
153	260	
112	95	
176	118	
278	120	
515	479	
182	137	
32	53	
333	404	
29	33	
111	136	
329	234	
135	230	
77	127	
73	46	
379	190	
460	191	
18	58	
244	237	
167	121	
114	51	
180	313	
143	153	
195	118	
361	331	
426	304	
56	83	
141	93	
198	74	
388	241	
173	365	
303	368	
46	47	
90	98	
110	282	
86	257	
70	123	
67	91	
55	120	
132	171	
217	451	
The worst scenario
90	137	
110	119	
51	223	
83	50	
350	199	
217	147	
246	225	
713	140	
209	142	
209	365	
82	309	
99	97	
229	255	
311	390	
485	144	
144	320	
109	197	
319	433	
524	294	
282	196	
283	274	
175	524	
306	320	
135	193	
177	472	
571	295	
166	483	
412	191	
227	275	
135	276	
55	70	
593	439	
294	336	
146	525	
261	140	
750	733	
504	280	
734	812	
232	260	
206	157	
188	175	
110	263	
268	378	
25	41	
99	69	
224	311	
365	511	
312	446	
671	695	
63	67	
335	234	
293	395	
170	281	
322	285	
302	184	
618	457	
188	396	
49	54	
501	401	
91	34	
92	156	
125	73	
328	477	
65	73	
53	33	
418	241	
228	252	
108	119	
128	331	
572	512	
357	446	
468	402	
133	426	
124	69	
104	205	
272	288	
475	190	
255	130	
50	49	
625	142	
298	156	
265	299	
62	56	
382	249	
156	491	
179	160	
64	137	
108	210	
368	380	
257	338	
343	334	
338	352	
21	73	
751	570	
421	403	
391	292	
455	386	
602	330	
601	279	
646	609	
454	481	
414	290	
197	78	
86	111	
113	167	
36	29	
398	187	
184	136	
41	33	
413	567	
62	37	
72	38	
296	394	
374	190	
650	389	
67	29	
370	388	
435	448	
389	327	
685	351	
41	97	
334	216	
381	354	
336	301	
60	75	
210	762	
204	99	
177	169	
382	617	
332	222	
426	245	
426	636	
238	208	
260	317	
247	310	
246	299	
232	410	
122	90	
104	196	
213	93	
577	254	
165	171	
90	126	
192	219	
536	136	
440	446	
67	108	
106	289	
228	360	
261	250	
360	156	
176	454	
69	73	
494	386	
268	233	
502	530	
340	257	
298	204	
248	423	
221	402	
203	383	
156	133	
187	135	
282	164	
589	710	
265	138	
35	59	
399	444	
43	48	
145	146	
418	335	
163	269	
89	163	
93	49	
395	237	
541	204	
22	63	
326	303	
198	168	
140	72	
185	400	
178	154	
269	165	
476	439	
604	385	
71	119	
185	130	
236	100	
497	299	
184	379	
330	519	
64	53	
92	127	
132	337	
103	320	
92	150	
70	125	
67	129	
175	241	
229	550	
