Factories	5	Jobs	50	Machines	3

Total number of component types per job processed by HSPM
12	9	9	5	5	5	11	10	12	9	10	5	11	10	12	9	7	7	9	8	8	9	12	10	12	8	7	8	8	6	6	9	10	8	11	12	9	9	10	7	6	9	5	7	7	7	11	9	8	10	

Total number of component types per job processed by MFPM
2	2	5	4	3	5	5	5	5	3	4	4	1	4	4	4	1	4	4	4	2	4	3	3	2	4	5	2	4	3	5	1	4	2	1	5	3	5	3	1	3	5	2	2	5	1	4	2	1	5	2	2	1	3	5	4	2	2	5	1	2	1	4	3	3	2	5	2	5	5	5	3	5	3	1	1	4	5	1	1	2	1	5	5	5	1	5	3	1	1	4	3	1	3	1	2	4	3	4	2	

All component type numbers for each job to be processed by HSPM
17	73	12	18	14	31	15	51	19	72	0	53	4	71	2	5	5	9	16	57	10	12	1	48	
12	44	6	2	16	25	10	30	13	53	7	50	1	38	8	45	18	26	
7	67	12	42	4	49	8	4	0	56	10	22	11	45	15	36	1	6	
18	5	17	31	19	54	14	47	1	50	
13	47	17	44	16	51	3	54	11	55	
4	70	12	66	11	60	19	33	5	18	
19	2	18	69	6	72	10	54	0	44	14	6	16	22	8	20	9	75	11	53	12	48	
4	57	8	2	3	75	5	14	1	68	11	56	9	20	16	18	18	23	12	33	
5	28	2	71	1	19	10	53	0	74	19	48	7	54	17	1	12	13	4	32	9	22	15	26	
8	45	19	40	10	18	6	21	9	10	2	71	3	2	14	14	17	61	
11	50	0	71	19	55	17	46	16	75	13	68	12	45	18	17	14	23	15	63	
6	62	9	68	13	17	19	73	8	27	
18	65	4	58	9	44	10	32	2	10	7	22	11	26	5	29	3	66	17	50	16	73	
3	58	1	69	9	53	14	27	8	35	18	33	16	10	17	19	15	44	0	34	
4	33	9	7	19	14	3	49	8	70	2	31	10	42	13	44	16	65	17	40	7	51	15	10	
17	32	3	6	5	62	9	54	19	20	15	58	7	43	12	39	18	11	
10	16	12	71	9	73	17	2	4	58	3	51	5	64	
18	16	8	61	1	2	5	47	19	28	7	32	16	48	
8	63	0	60	13	57	14	38	9	23	2	70	18	39	17	32	6	62	
10	8	16	11	4	36	0	37	13	54	19	3	3	29	8	42	
8	62	3	20	19	30	0	68	12	17	6	60	16	73	15	6	
4	10	12	37	14	43	18	53	15	56	8	28	1	24	3	7	10	64	
18	49	16	61	2	68	9	56	5	36	12	37	14	21	19	32	7	70	8	73	0	41	11	4	
0	59	2	47	4	50	15	5	8	13	11	71	14	46	12	12	13	53	1	14	
7	2	11	3	2	66	10	18	13	72	19	24	14	55	1	45	5	53	6	41	18	34	8	31	
4	22	6	55	17	21	13	33	1	16	8	42	3	31	16	14	
2	28	9	53	0	60	5	65	6	12	3	1	12	25	
14	53	9	60	2	56	4	58	3	44	15	30	17	68	1	6	
5	60	17	65	0	8	4	19	12	47	19	53	3	24	14	66	
6	16	1	42	16	47	3	15	4	32	11	58	
11	41	18	18	3	49	0	5	4	4	16	50	
9	5	19	55	11	62	15	57	10	56	2	12	17	66	5	10	8	19	
13	10	11	38	15	16	4	35	17	53	19	73	10	56	14	45	18	5	0	28	
7	56	17	65	6	1	13	58	11	14	15	71	8	28	0	50	
16	38	3	40	2	14	15	3	5	9	10	65	14	63	8	28	17	26	18	49	6	58	
9	38	14	34	7	59	10	75	4	8	8	56	0	10	3	49	5	14	13	7	18	52	2	20	
11	6	7	72	4	54	10	42	2	48	13	24	17	44	6	65	18	29	
9	9	17	27	4	20	1	30	11	34	8	53	0	58	15	63	10	8	
4	44	0	66	18	6	12	60	17	45	15	18	13	55	2	5	7	15	8	7	
3	26	19	67	14	61	4	48	7	24	0	70	5	21	
13	66	5	20	6	54	2	47	11	22	1	38	
13	58	12	8	14	66	0	27	7	16	19	35	11	19	5	74	3	31	
1	1	5	29	7	70	2	23	12	45	
3	19	17	13	12	28	10	45	4	49	7	58	14	62	
7	14	1	55	17	58	8	24	5	26	12	52	9	40	
12	39	18	23	15	41	7	46	4	43	17	61	11	45	
4	39	3	21	11	25	10	34	14	70	13	59	17	47	7	24	15	64	1	11	9	44	
7	63	14	30	3	37	4	40	0	38	10	50	13	12	19	28	8	46	
7	43	4	36	15	54	2	42	0	65	3	2	6	29	13	3	
15	38	13	3	8	34	14	72	6	61	19	66	9	50	18	70	1	40	11	65	

All component type numbers for each job to be processed by MFPM
3	5	1	20	
3	31	0	32	
3	9	2	21	0	15	6	11	5	16	
8	46	4	45	6	49	5	42	
6	6	9	2	5	5	
6	36	8	45	5	41	1	35	3	30	
7	23	1	19	3	20	8	24	2	2	
7	46	0	47	6	49	8	30	5	50	
9	18	7	13	2	12	8	19	4	5	
8	44	4	42	3	35	
5	13	8	5	6	12	4	19	
6	40	9	31	1	28	3	41	
1	9	
3	35	2	31	5	40	9	49	
2	1	4	4	1	10	0	19	
6	33	3	31	4	32	8	42	
0	10	
3	36	5	28	6	30	1	47	
0	10	2	21	3	6	9	24	
6	46	9	49	2	44	4	31	
2	13	7	20	
5	45	3	34	1	38	6	31	
4	12	1	21	9	16	
0	50	8	47	9	35	
9	20	7	24	
3	34	2	46	1	32	4	36	
0	12	7	24	9	22	5	5	8	7	
2	34	4	26	
8	22	5	8	4	24	6	13	
4	29	8	47	1	43	
8	8	3	1	9	19	0	11	2	18	
9	36	
0	23	7	9	2	15	9	8	
2	38	7	30	
3	20	
4	29	8	38	6	46	9	26	3	34	
4	7	1	3	2	11	
6	41	4	50	7	44	1	27	2	45	
1	19	2	11	7	8	
4	34	
5	8	9	15	1	21	
5	43	0	36	4	45	3	35	2	34	
7	15	2	1	
6	31	7	28	
9	1	2	3	0	12	4	10	3	23	
7	30	
9	17	5	11	2	21	0	13	
7	33	2	42	
5	2	
6	47	3	46	2	34	4	41	7	29	
4	13	7	23	
4	43	6	36	
7	12	
9	32	3	44	6	26	
5	2	4	20	2	11	1	4	0	16	
6	45	9	40	3	41	1	37	
1	6	9	10	
5	32	0	42	
2	2	9	12	5	5	4	21	0	17	
0	48	
3	19	1	14	
4	49	
3	14	0	12	1	15	8	10	
7	50	0	39	6	26	
1	10	2	17	6	15	
8	33	0	40	
1	24	8	22	2	14	3	8	4	13	
1	38	5	29	
7	11	3	7	5	14	4	1	9	20	
8	27	9	48	2	26	7	35	4	46	
6	6	9	13	2	11	8	7	0	8	
9	26	1	37	7	35	
5	25	4	17	1	19	8	13	2	5	
8	29	6	26	0	49	
1	14	
5	32	
5	8	4	22	3	12	7	9	
5	49	4	34	6	35	3	47	7	44	
7	14	
0	50	
1	14	8	12	
4	33	
3	11	6	5	8	21	4	3	2	1	
6	38	9	42	2	28	4	46	7	45	
0	24	9	4	7	7	1	14	8	16	
9	50	
5	13	0	16	6	11	9	10	8	5	
3	31	7	46	0	32	
6	7	
6	26	
6	18	1	22	9	20	2	15	
9	45	0	32	3	40	
4	15	
0	35	5	48	9	44	
4	1	
0	40	7	36	
6	20	2	17	5	9	8	5	
1	50	5	27	7	33	
8	25	2	9	1	15	4	3	
4	45	5	40	

Three processing times per job on each machine
The best scenario
569	520	340	
656	223	1067	
596	692	318	
352	610	485	
294	594	159	
397	445	385	
230	132	191	
86	104	39	
559	537	329	
216	392	176	
133	52	140	
718	164	248	
330	550	313	
478	690	369	
611	446	419	
131	212	167	
263	193	332	
840	915	773	
116	58	92	
395	245	171	
776	498	345	
72	45	87	
235	124	66	
117	197	114	
343	215	325	
184	130	190	
89	487	131	
393	182	352	
737	681	679	
467	250	187	
939	213	451	
567	364	410	
398	185	330	
362	351	417	
126	347	500	
320	1091	791	
185	314	305	
605	755	761	
991	269	221	
305	582	730	
742	459	322	
231	558	108	
185	506	354	
498	177	482	
242	140	228	
246	421	292	
1106	677	1275	
136	425	488	
292	701	689	
79	149	153	
Most likely scenario
922	841	534	
1170	365	1147	
680	979	443	
476	935	729	
534	904	252	
408	695	420	
269	143	215	
149	111	68	
780	1025	596	
360	678	195	
140	77	181	
777	287	472	
473	619	582	
669	1003	458	
960	616	718	
211	403	265	
286	270	487	
1005	1383	1505	
193	88	170	
694	265	304	
1150	986	580	
127	82	97	
271	156	81	
175	199	173	
571	344	411	
252	155	196	
157	488	134	
515	248	649	
1265	1204	944	
673	473	289	
1280	341	480	
611	545	564	
774	347	514	
531	417	683	
244	528	580	
486	1256	1124	
228	523	381	
1083	1426	1141	
1134	485	361	
362	729	933	
886	681	369	
352	601	154	
271	583	404	
597	260	580	
262	195	279	
364	528	475	
1232	1032	1468	
259	474	584	
558	992	1100	
87	181	182	
The worst scenario
1338	1053	727	
1403	398	1706	
924	1195	634	
667	1013	844	
798	1036	347	
496	750	603	
330	179	272	
158	149	71	
881	1212	691	
427	863	224	
185	94	197	
1087	379	689	
510	663	827	
809	1385	660	
1347	857	982	
304	526	344	
357	287	641	
1382	1998	1986	
202	95	189	
947	368	455	
1700	1100	843	
162	88	142	
396	170	99	
203	227	190	
781	353	521	
335	193	275	
172	543	155	
583	295	870	
1723	1388	1032	
979	680	329	
1542	457	635	
634	805	778	
906	423	714	
563	576	795	
303	660	815	
680	1267	1420	
263	571	558	
1209	1807	1598	
1517	695	378	
484	1036	972	
1274	721	507	
403	664	159	
387	803	442	
700	369	844	
325	253	302	
488	576	712	
1236	1337	1555	
281	605	644	
574	1481	1180	
98	265	268	
