Factories	3	Jobs	100	Machines	3

Total number of component types per job processed by HSPM
9	5	5	8	11	12	12	5	6	8	5	10	10	6	5	9	9	8	11	6	11	12	10	8	5	10	6	12	5	6	8	11	9	7	5	5	8	7	12	6	8	5	7	8	10	7	9	9	12	11	10	7	5	8	7	9	6	8	5	7	7	9	6	5	8	5	5	12	9	6	7	9	11	6	12	10	9	6	12	6	9	5	5	5	8	12	12	8	5	7	9	10	12	6	8	7	6	5	5	12	

Total number of component types per job processed by MFPM
4	2	3	4	3	5	1	2	4	1	5	4	1	3	3	5	3	4	5	1	4	3	2	2	3	2	5	5	1	4	1	4	2	2	5	1	4	4	2	4	3	4	5	3	1	3	2	3	5	4	3	4	1	2	1	2	1	5	5	2	3	2	1	2	1	3	4	3	4	3	4	2	2	2	3	4	1	3	5	2	4	1	1	5	3	5	2	3	2	1	2	2	4	5	2	3	4	1	4	4	1	5	3	1	3	1	1	5	4	4	3	4	3	1	5	4	2	4	2	3	5	5	2	5	4	3	5	5	4	4	5	4	1	4	3	5	3	3	5	5	1	2	5	5	3	2	1	3	4	5	4	3	2	3	4	4	2	4	3	1	1	2	1	5	2	3	5	3	2	3	5	2	3	1	5	1	4	1	1	1	2	5	1	1	3	2	1	1	4	3	4	4	5	3	2	2	2	3	4	4	

All component type numbers for each job to be processed by HSPM
10	46	12	58	11	73	16	7	17	19	8	4	18	28	7	53	14	72	
5	41	7	2	0	37	19	22	18	38	
12	64	7	57	17	26	14	25	2	10	
5	29	15	28	0	49	17	72	7	11	12	53	9	13	18	17	
16	53	1	18	14	2	0	60	13	20	3	65	19	49	9	38	7	59	15	4	6	71	
8	16	14	8	1	18	17	47	6	63	7	49	16	40	10	26	19	20	12	39	3	9	13	58	
7	42	5	12	13	53	15	62	18	1	6	39	3	74	11	26	19	63	12	50	8	36	14	16	
2	11	6	48	15	59	13	66	9	52	
13	34	19	27	5	68	2	72	6	52	3	12	
11	27	16	53	4	46	9	18	6	72	2	70	3	6	19	65	
14	73	5	27	4	17	1	20	11	9	
7	26	8	46	14	22	0	36	10	56	1	41	16	12	9	51	5	19	13	37	
4	10	18	40	12	65	10	42	11	24	16	34	3	63	2	36	5	43	9	53	
10	52	9	73	15	13	17	22	14	14	19	58	
10	39	3	30	2	49	17	50	7	14	
0	34	4	3	6	44	10	17	9	74	19	41	14	19	13	64	3	8	
5	39	0	48	16	36	19	23	6	55	12	60	2	18	7	19	17	12	
16	26	12	14	6	66	9	33	3	59	15	69	19	52	2	49	
5	34	11	44	17	72	2	74	12	70	6	4	18	14	4	55	13	36	15	23	9	50	
0	11	6	23	3	65	13	46	7	71	1	45	
1	44	6	57	14	1	7	18	13	14	10	12	5	29	12	56	18	11	15	64	17	6	
1	6	14	4	13	54	18	14	7	39	3	52	11	57	5	64	10	15	9	8	15	26	16	74	
17	71	16	39	18	10	7	42	3	12	19	74	4	20	15	22	14	5	11	17	
17	26	15	67	6	49	7	7	14	28	12	47	11	46	16	34	
19	27	4	1	12	47	10	26	7	33	
2	1	19	75	11	19	5	38	13	70	16	10	14	28	4	50	9	60	15	2	
14	16	18	8	2	3	6	43	13	19	16	75	
15	6	19	58	4	52	2	60	0	70	1	8	9	18	10	10	3	62	14	67	5	7	16	25	
5	62	1	46	9	73	4	25	17	68	
16	17	4	48	13	35	1	12	9	73	7	54	
12	22	13	43	16	56	0	69	18	70	5	55	6	37	1	3	
7	41	19	68	3	57	4	61	16	60	1	10	9	39	10	27	14	45	12	59	11	58	
3	1	2	24	14	54	12	57	19	47	15	35	1	63	10	10	16	56	
6	11	8	68	1	12	3	50	2	72	11	55	18	5	
3	68	10	29	9	7	6	30	8	16	
12	16	4	58	16	17	17	47	8	7	
7	7	1	5	19	50	15	24	9	27	11	12	4	75	3	68	
18	74	7	29	13	37	11	73	6	7	15	62	9	51	
6	59	7	71	1	4	3	17	8	60	5	7	9	70	16	15	0	73	2	55	15	3	13	30	
4	51	3	42	7	29	10	3	1	60	0	46	
9	26	5	19	18	40	11	14	14	12	16	47	6	74	19	46	
10	44	2	32	1	7	16	31	7	19	
7	51	19	73	9	72	14	21	13	10	1	38	12	30	
10	30	15	44	6	60	13	69	12	49	16	3	8	47	0	4	
9	12	18	33	12	38	2	66	1	19	4	40	16	41	3	18	7	20	11	50	
8	45	3	8	15	12	16	50	11	66	2	42	0	71	
12	18	17	12	2	6	7	20	1	26	0	40	16	60	10	9	8	24	
15	33	13	69	5	70	10	5	4	31	14	12	7	13	12	16	2	62	
7	25	11	13	8	23	19	14	2	63	4	4	12	65	0	54	6	35	17	31	18	75	14	12	
14	57	17	75	7	47	8	56	13	74	4	31	3	71	1	32	11	69	19	46	15	16	
6	24	17	31	3	10	13	72	8	3	7	47	12	4	11	74	10	26	18	6	
5	68	7	8	11	50	9	75	17	45	19	22	1	31	
19	49	9	51	16	61	14	4	6	19	
4	64	5	43	3	35	11	67	16	10	12	39	8	40	10	62	
7	74	5	38	11	16	14	57	8	24	15	43	17	72	
3	1	19	46	10	25	4	27	1	2	7	29	12	11	6	58	11	66	
9	45	18	70	5	37	14	68	16	14	7	8	
13	71	8	62	2	22	9	2	11	3	0	44	14	59	16	11	
16	62	2	45	12	50	7	57	15	31	
15	36	9	16	12	10	19	17	17	8	1	65	6	6	
11	54	5	21	4	39	8	11	10	26	17	68	9	7	
19	66	2	5	4	29	12	41	16	67	0	71	17	37	9	2	6	33	
12	37	10	7	3	41	6	64	8	66	14	65	
12	28	15	71	11	41	3	25	18	29	
7	21	5	43	17	65	1	51	8	14	15	67	9	1	10	5	
15	74	1	4	14	52	19	29	18	25	
7	44	14	63	4	51	15	53	2	74	
4	13	9	4	7	8	17	47	1	62	14	10	16	35	8	60	10	1	18	37	6	25	15	54	
14	12	11	69	10	25	3	48	13	15	12	33	7	13	5	72	4	19	
10	10	18	21	17	38	8	51	4	5	15	32	
18	32	1	26	15	45	4	59	8	3	2	72	19	56	
8	49	14	52	17	71	12	66	5	42	2	14	4	34	0	6	11	74	
18	47	1	64	17	12	11	48	2	36	0	4	3	50	15	42	7	25	10	55	9	61	
7	38	13	20	16	33	17	53	19	51	4	44	
15	69	19	46	12	44	13	26	14	68	17	37	6	5	7	48	3	24	0	25	2	23	11	14	
4	2	5	20	14	5	6	64	15	49	17	50	12	19	10	7	2	18	19	32	
16	27	9	63	3	46	12	39	4	16	11	15	8	32	15	24	19	8	
10	6	7	26	12	13	9	43	0	73	17	60	
6	54	14	45	9	43	5	12	17	37	7	13	12	40	16	63	15	71	10	1	2	15	1	48	
9	56	8	16	11	36	12	66	4	9	0	27	
3	22	16	55	4	61	8	64	0	69	5	45	9	34	14	3	18	35	
15	29	3	62	17	28	10	59	7	33	
8	40	1	19	5	31	7	39	18	55	
8	57	16	4	10	34	19	56	17	11	
4	29	16	7	3	3	17	57	14	12	2	36	0	53	13	45	
2	69	17	55	1	54	11	40	19	71	18	39	16	46	5	60	15	23	3	21	13	20	12	62	
12	3	11	33	18	68	10	60	5	31	2	13	14	14	4	37	3	19	1	11	13	56	19	25	
2	20	9	10	13	41	12	31	11	58	19	16	4	56	10	43	
13	58	3	75	12	40	14	9	0	47	
14	73	13	62	2	21	7	69	10	48	11	56	3	12	
18	36	13	32	12	12	19	24	4	4	6	9	9	45	3	31	0	28	
1	32	4	42	7	49	5	16	0	43	17	48	12	59	2	9	11	22	10	40	
3	72	18	16	11	64	9	57	19	26	10	31	8	24	15	73	0	23	1	65	5	18	17	35	
0	60	15	5	4	46	11	28	19	49	16	39	
3	20	14	27	10	6	4	13	16	73	0	51	6	71	8	65	
4	58	18	5	7	34	15	62	8	8	1	71	19	17	
14	16	2	71	8	65	3	55	6	2	11	37	
16	37	17	33	19	58	12	1	7	14	
1	72	15	48	19	75	18	47	12	29	
3	40	4	38	7	58	17	43	6	34	18	12	1	17	11	18	0	64	16	65	2	74	15	63	

All component type numbers for each job to be processed by MFPM
6	7	7	9	2	22	0	1	
1	33	9	38	
2	15	4	21	5	25	
9	41	2	32	8	27	6	43	
5	6	7	8	8	22	
3	50	0	45	7	33	9	36	2	39	
1	13	
7	31	2	33	
1	5	0	2	5	19	7	9	
0	37	
1	15	5	24	2	1	8	16	6	23	
7	36	4	44	8	37	3	27	
8	14	
0	42	9	40	3	46	
9	13	3	24	7	23	
4	42	3	46	0	30	7	31	9	27	
0	21	3	4	2	3	
7	39	5	40	0	27	8	45	
0	15	3	8	7	11	4	16	1	19	
8	39	
8	13	7	20	4	22	6	17	
7	47	5	26	9	49	
6	22	4	10	
4	35	3	28	
5	22	7	6	9	11	
7	37	1	47	
2	5	3	2	9	11	5	16	8	7	
3	35	8	34	0	42	7	30	2	33	
0	20	
8	50	7	28	9	48	4	35	
7	24	
4	38	3	43	2	48	0	32	
9	14	6	13	
4	40	2	28	
9	20	7	11	5	25	8	14	2	22	
2	27	
4	13	9	19	7	18	3	10	
6	36	5	48	7	34	3	30	
8	16	0	25	
0	45	5	43	2	38	1	50	
8	10	7	6	5	12	
0	47	7	26	8	27	6	39	
3	12	8	10	1	18	6	15	0	3	
0	45	4	29	7	33	
8	2	
3	27	5	36	0	40	
7	12	6	19	
4	26	7	43	9	36	
8	15	1	16	3	22	5	11	7	6	
5	48	0	41	9	47	6	33	
4	20	7	12	6	15	
0	48	9	50	8	42	1	40	
3	25	
5	27	2	40	
8	16	
3	39	4	34	
2	20	
7	29	4	35	6	26	9	36	3	46	
8	20	5	21	0	2	9	15	6	7	
2	35	8	47	
8	24	1	16	2	6	
3	34	1	44	
8	21	
6	32	8	28	
7	3	
2	50	9	33	1	43	
9	18	7	2	2	1	3	14	
0	48	9	29	6	43	
8	7	3	23	1	15	6	10	
2	30	8	33	0	49	
5	11	4	25	3	6	0	15	
4	30	1	33	
6	9	9	17	
1	37	8	43	
7	1	5	2	2	23	
2	45	8	43	1	50	7	31	
2	23	
0	37	1	47	4	38	
5	8	0	23	4	5	8	16	3	1	
8	31	7	27	
3	7	7	6	8	3	2	8	
4	39	
0	20	
3	33	6	42	7	30	8	36	0	40	
4	24	2	17	6	9	
1	33	8	27	9	45	0	43	4	30	
6	22	7	13	
6	42	2	40	0	33	
2	18	6	11	
7	30	
3	18	8	21	
3	27	2	26	
9	4	5	19	1	3	8	13	
4	34	2	38	9	31	8	30	1	50	
8	5	3	9	
6	45	8	44	4	28	
5	12	7	1	9	23	3	4	
6	28	
6	2	7	1	4	8	0	15	
6	38	1	36	2	49	9	47	
7	25	
5	47	8	33	6	32	3	29	7	37	
9	13	5	12	7	25	
8	26	
8	22	1	7	2	5	
5	49	
7	8	
8	45	6	35	1	46	2	48	0	41	
7	9	9	10	1	21	3	7	
5	31	6	48	2	27	3	41	
2	24	5	10	3	8	
8	37	1	39	4	49	6	33	
7	12	9	18	8	9	
7	44	
8	18	6	13	5	6	0	17	9	4	
3	45	7	47	8	36	4	43	
2	22	9	20	
5	32	0	39	4	42	6	26	
5	2	8	24	
9	41	8	48	5	32	
3	2	6	25	5	4	2	1	1	5	
6	45	2	28	9	33	5	40	4	34	
2	25	0	20	
0	35	6	32	1	36	8	37	9	50	
0	24	6	10	2	8	9	21	
3	38	7	34	4	41	
7	1	5	14	8	9	0	16	4	5	
3	26	6	36	8	35	4	44	5	33	
1	4	9	21	4	19	0	9	
6	30	1	37	0	50	2	35	
7	8	0	22	2	19	6	25	4	10	
1	44	6	31	3	45	7	32	
3	17	
9	43	0	49	6	41	7	50	
1	25	5	6	8	8	
3	45	5	47	6	37	9	29	2	43	
5	22	3	6	9	20	
6	31	1	46	9	43	
0	11	3	1	9	10	4	20	6	8	
6	50	0	40	5	48	1	36	8	26	
2	5	
7	47	0	34	
8	6	4	2	1	16	0	4	2	25	
1	47	7	40	9	46	0	33	4	27	
8	18	2	17	7	4	
7	37	8	46	
0	14	
2	31	5	28	6	45	
3	17	6	14	7	19	5	10	
2	27	6	26	5	41	1	38	7	31	
5	15	6	8	3	19	8	18	
6	27	0	44	1	40	
5	24	8	9	
5	47	1	50	7	46	
0	12	3	2	2	6	6	20	
0	26	1	32	6	47	5	31	
9	15	1	12	
9	42	6	43	3	30	2	34	
4	19	8	23	2	20	
3	26	
9	1	
0	41	4	50	
7	10	
6	37	2	33	4	34	8	32	1	44	
1	2	5	11	
4	49	2	28	0	42	
2	7	0	14	7	5	8	1	6	18	
2	30	6	48	1	47	
5	17	2	1	
1	27	0	45	7	49	
5	3	4	15	1	7	9	10	6	6	
1	29	0	48	
9	16	5	9	4	25	
8	50	
3	10	6	3	4	13	7	20	0	8	
5	29	
8	5	6	1	5	4	7	15	
4	44	
1	4	
1	31	
5	19	8	10	
1	37	4	33	0	35	8	46	6	26	
5	22	
4	40	
5	16	3	2	2	11	
5	43	2	44	
3	21	
1	35	
1	20	2	16	8	24	6	9	
4	42	9	43	5	44	
7	5	1	13	3	21	4	20	
4	46	2	40	3	26	0	50	
3	24	8	25	4	9	6	22	5	17	
1	32	8	33	5	42	
7	18	4	25	
5	30	6	34	
1	12	0	18	
3	40	8	33	2	30	
3	11	6	4	2	7	5	10	
0	33	9	43	6	39	5	40	

Three processing times per job on each machine
The best scenario
138	342	189	
163	62	84	
96	75	55	
117	114	105	
136	108	74	
86	317	133	
351	164	202	
502	475	535	
264	301	339	
208	157	175	
14	37	19	
173	246	186	
115	64	69	
137	235	238	
35	39	24	
282	153	315	
194	51	39	
172	147	42	
218	120	135	
65	66	46	
56	42	32	
24	64	98	
146	319	352	
257	256	217	
211	144	195	
176	87	310	
130	152	198	
55	35	43	
113	202	132	
216	312	237	
398	293	182	
71	313	276	
197	420	113	
49	78	44	
315	237	201	
99	88	160	
30	23	47	
222	244	311	
110	155	55	
97	130	57	
162	204	332	
105	33	40	
157	353	242	
100	361	109	
234	223	268	
254	54	196	
130	233	142	
49	53	27	
457	235	161	
36	35	143	
81	116	27	
243	156	208	
202	90	237	
129	219	293	
249	191	173	
49	78	162	
157	266	248	
318	249	227	
61	78	107	
74	144	73	
210	103	57	
67	49	102	
52	72	130	
28	43	32	
32	28	46	
239	71	269	
248	259	324	
327	237	536	
131	261	132	
213	251	105	
462	132	277	
212	464	471	
69	228	214	
169	176	120	
121	183	238	
96	117	238	
207	72	124	
241	74	124	
337	172	85	
122	113	146	
145	209	193	
51	55	29	
151	171	52	
158	253	183	
152	111	253	
151	210	187	
171	263	201	
57	70	50	
57	43	52	
95	67	63	
114	67	48	
89	151	107	
141	116	59	
149	193	328	
106	106	91	
93	208	74	
211	131	165	
280	493	249	
187	55	65	
148	110	325	
Most likely scenario
179	434	256	
195	78	86	
112	97	108	
126	133	116	
173	127	117	
137	328	160	
508	206	364	
532	533	539	
363	359	360	
268	224	245	
18	50	22	
205	378	371	
193	93	89	
214	285	395	
36	40	41	
532	156	602	
247	98	71	
261	176	79	
219	227	147	
89	71	79	
100	61	37	
36	75	136	
268	517	435	
400	295	246	
256	208	297	
182	174	465	
182	248	262	
65	41	50	
138	284	139	
236	332	356	
410	377	307	
118	377	376	
266	421	159	
56	124	54	
347	331	283	
162	105	162	
31	32	55	
288	322	354	
148	232	90	
155	140	79	
181	230	503	
118	61	75	
164	415	406	
163	460	197	
259	356	359	
270	74	212	
228	316	151	
54	59	31	
469	375	198	
48	59	148	
100	127	48	
285	229	378	
353	141	293	
177	418	329	
313	289	191	
75	127	214	
176	371	352	
328	462	262	
117	105	121	
137	189	137	
241	111	90	
91	59	165	
92	95	181	
34	68	55	
60	48	58	
307	117	328	
495	333	450	
356	409	551	
233	266	249	
377	405	185	
596	173	453	
275	470	581	
75	245	229	
250	272	151	
139	265	297	
189	232	337	
246	83	142	
286	79	153	
339	201	105	
135	211	243	
165	234	248	
55	68	31	
152	179	100	
207	272	234	
276	148	262	
194	261	226	
236	278	249	
77	79	61	
105	67	97	
150	84	81	
126	107	84	
113	293	151	
185	140	116	
206	223	399	
185	188	167	
175	216	135	
217	146	225	
482	563	376	
222	87	80	
230	182	484	
The worst scenario
206	648	259	
224	83	99	
122	127	139	
159	143	163	
245	139	121	
162	469	207	
587	236	379	
603	541	685	
506	510	518	
321	276	343	
20	68	28	
277	402	429	
287	108	125	
278	299	482	
46	48	56	
589	168	662	
279	104	72	
273	210	114	
293	243	162	
97	101	80	
130	90	40	
49	84	187	
336	630	471	
464	350	316	
322	259	315	
225	243	481	
183	362	332	
90	58	73	
175	378	145	
348	408	472	
532	484	323	
119	424	505	
370	426	202	
63	172	61	
409	485	406	
178	135	213	
38	42	82	
311	347	516	
215	312	108	
190	197	111	
259	292	549	
144	89	77	
208	452	496	
188	634	201	
328	383	476	
277	97	292	
335	456	182	
63	71	39	
587	389	255	
52	75	186	
101	142	65	
300	237	548	
511	201	375	
194	538	377	
349	306	273	
77	178	262	
224	406	500	
376	593	296	
154	126	149	
191	259	172	
265	166	100	
111	77	210	
136	127	229	
50	89	69	
65	50	87	
435	166	402	
510	477	573	
381	410	759	
300	353	264	
512	498	245	
849	189	669	
392	630	792	
99	319	271	
350	406	192	
153	392	325	
264	336	349	
251	93	187	
378	116	195	
359	213	141	
167	314	334	
170	249	283	
81	93	38	
159	186	142	
304	395	323	
277	195	328	
255	349	283	
302	314	315	
110	118	64	
145	84	98	
205	93	104	
161	142	93	
141	409	223	
251	146	152	
254	250	509	
227	254	214	
193	282	155	
304	160	302	
697	707	440	
297	104	99	
316	214	721	
