Factories	4	Jobs	200	Machines	3

Total number of component types per job processed by HSPM
5	6	12	9	11	12	5	5	9	6	10	11	8	10	10	12	8	8	7	12	5	5	7	7	9	9	11	6	10	11	6	10	5	11	7	9	11	8	11	6	11	12	12	5	9	12	7	7	5	12	5	11	7	11	8	6	10	11	9	5	6	11	7	8	10	8	10	9	9	10	8	5	5	11	8	10	10	5	6	10	12	12	7	6	11	10	5	7	6	10	5	9	6	7	6	10	5	6	5	9	6	8	7	10	6	5	6	9	11	6	8	12	12	9	12	6	10	10	7	10	6	8	6	5	11	6	5	7	12	11	7	10	9	12	7	12	6	8	6	10	5	5	5	6	6	9	6	11	11	11	6	5	9	11	6	6	12	7	10	7	9	8	9	12	10	5	7	11	6	6	7	6	7	11	5	7	8	6	11	12	7	6	10	11	7	5	11	7	9	12	6	11	12	6	11	6	10	11	8	9	

Total number of component types per job processed by MFPM
4	1	1	5	5	2	4	3	2	4	3	2	1	5	1	3	1	4	5	4	1	2	5	5	3	1	5	2	1	2	4	2	2	3	4	5	3	5	5	1	5	4	5	2	3	2	1	2	4	1	3	3	2	2	1	3	2	4	4	3	3	1	4	5	4	2	4	2	2	5	3	3	3	2	1	2	5	4	2	4	5	1	3	3	5	4	1	5	1	5	4	5	4	3	1	3	1	1	1	1	5	1	5	2	1	1	5	3	5	2	5	5	1	3	2	5	3	4	1	3	4	5	3	2	2	1	2	1	4	5	1	3	5	2	5	1	5	2	5	4	3	3	3	1	3	3	5	1	4	1	4	1	5	5	2	1	1	5	5	4	3	3	3	2	4	1	2	2	3	3	1	3	2	5	1	2	1	4	2	5	5	3	5	4	3	1	3	5	3	2	3	1	2	4	2	4	1	1	5	4	4	4	3	3	4	2	5	2	3	5	4	2	4	5	5	4	5	1	2	4	1	5	2	1	5	2	4	2	4	2	5	3	4	4	2	1	1	1	5	5	1	4	3	4	3	3	5	5	3	1	3	2	4	2	3	5	4	1	2	1	3	5	3	2	5	3	4	3	4	4	5	1	3	5	2	3	5	2	4	2	1	1	2	4	2	3	2	3	2	4	2	4	1	1	1	3	5	2	4	2	3	4	3	2	3	4	4	2	2	4	4	1	4	1	2	4	3	1	5	1	3	5	4	2	5	5	2	3	3	1	5	5	2	1	1	1	1	2	5	3	2	4	2	2	3	3	2	3	2	2	1	1	2	3	5	5	4	2	1	3	5	2	3	1	1	5	5	1	3	5	1	4	3	2	1	2	5	3	5	3	5	4	2	3	3	4	5	5	3	5	1	2	5	4	3	2	4	1	5	5	

All component type numbers for each job to be processed by HSPM
6	61	3	48	0	27	15	34	11	31	
13	72	17	73	5	46	7	27	8	48	9	32	
4	28	13	37	1	36	18	39	16	66	2	50	3	53	8	22	19	16	11	18	6	57	14	30	
14	32	5	43	9	48	16	3	11	15	10	27	1	12	7	57	3	47	
3	58	4	66	14	42	5	14	8	74	17	56	7	43	13	45	11	13	2	28	1	68	
12	62	4	25	1	21	3	55	10	65	7	9	18	37	19	18	6	64	9	12	16	24	13	13	
3	31	18	53	13	71	16	42	15	23	
2	33	15	70	14	57	18	4	16	7	
1	69	8	49	17	57	7	19	0	45	12	29	10	41	5	55	19	1	
1	13	8	36	4	66	2	73	3	69	15	43	
0	44	12	11	2	35	4	57	13	27	15	28	11	32	14	1	18	29	6	59	
6	58	11	3	19	15	1	7	13	27	17	74	16	59	4	43	10	42	14	41	8	24	
6	2	2	5	17	32	3	36	5	43	15	34	11	54	8	31	
16	45	10	44	9	5	17	25	19	28	1	33	2	37	5	23	11	19	0	63	
16	35	11	37	14	63	15	60	4	30	0	50	6	52	19	67	17	34	9	16	
6	30	13	16	3	62	9	8	15	50	5	4	2	66	12	22	10	7	17	64	4	40	16	59	
2	67	18	73	7	33	12	61	16	53	11	31	19	32	10	27	
7	56	12	11	5	29	8	53	10	20	2	27	0	10	16	7	
14	33	2	74	15	41	7	54	17	59	8	3	13	34	
4	15	2	69	15	21	1	22	7	49	18	1	9	41	3	32	6	63	14	28	12	26	0	47	
5	69	9	22	11	40	10	64	2	12	
18	29	3	51	16	59	8	4	10	19	
0	25	12	66	9	26	4	23	1	18	13	22	19	33	
8	73	2	12	12	67	19	11	3	69	5	61	14	28	
2	13	17	37	13	72	12	30	0	39	18	11	15	18	14	51	10	36	
12	19	13	71	14	52	2	41	1	68	4	56	18	67	10	54	7	3	
2	70	0	12	9	7	11	43	19	5	17	21	12	20	7	23	4	37	10	17	8	72	
7	63	0	62	19	28	12	42	13	15	10	19	
14	37	1	28	7	17	19	44	11	56	9	38	5	70	3	19	10	2	15	58	
6	8	8	5	11	71	3	38	0	39	10	53	9	40	15	17	14	32	1	28	4	12	
16	26	17	75	1	58	5	25	6	73	10	7	
15	34	17	26	3	31	13	39	9	25	14	75	8	14	19	60	12	51	11	21	
5	17	8	65	7	52	16	67	1	63	
18	74	17	19	13	69	16	29	19	23	11	9	12	40	1	59	4	12	8	48	0	26	
19	60	12	38	2	27	6	31	17	48	18	16	14	69	
7	57	11	24	18	54	2	10	3	68	17	19	4	31	1	44	12	32	
2	68	15	35	1	11	6	61	18	64	9	49	16	21	13	17	14	57	19	66	7	48	
8	13	6	12	5	26	16	19	19	21	4	56	14	50	17	14	
10	52	13	48	16	67	11	54	17	25	0	17	6	71	7	39	5	65	14	35	12	63	
18	6	3	49	6	12	11	64	9	29	14	69	
2	39	16	14	17	12	4	49	3	44	10	56	19	59	8	22	1	19	13	8	11	38	
9	24	4	33	11	72	14	58	2	73	19	7	10	4	8	50	12	51	16	15	15	68	7	39	
11	9	19	40	13	11	0	36	2	74	10	17	17	55	16	10	4	42	1	27	12	70	9	34	
14	52	12	13	0	47	18	27	3	44	
5	64	12	4	1	3	3	29	11	40	4	54	9	12	0	31	17	58	
8	13	10	32	19	12	3	17	5	30	14	10	7	1	1	27	4	72	18	38	0	8	6	61	
19	14	12	31	9	51	4	67	18	16	0	10	8	57	
8	52	10	51	13	11	19	66	6	14	17	62	12	31	
17	70	1	28	4	75	9	44	6	25	
6	14	1	10	14	58	8	48	11	15	13	35	17	29	4	11	15	69	7	1	2	59	18	27	
9	33	13	25	2	21	4	31	8	64	
11	37	8	69	13	20	9	44	10	51	7	63	15	45	14	48	18	32	12	7	4	41	
10	68	7	12	12	38	2	64	6	43	8	5	1	28	
18	51	19	12	0	49	15	14	11	33	10	30	12	29	7	4	8	62	17	34	14	67	
16	31	12	75	15	41	14	33	17	21	8	52	7	23	11	64	
3	30	7	71	5	74	14	73	4	10	1	62	
3	38	13	40	8	16	16	73	6	54	14	17	19	11	15	27	7	71	2	57	
16	44	19	8	10	3	15	27	13	30	14	1	2	53	9	54	0	19	3	43	11	58	
12	33	18	12	3	13	16	53	13	35	19	50	14	1	8	29	9	22	
2	60	3	5	17	68	10	50	13	28	
2	7	13	43	5	56	1	2	0	64	19	30	
15	2	12	53	7	41	1	31	11	39	13	7	17	44	6	58	16	26	3	13	0	61	
16	8	14	29	6	65	15	6	18	49	4	20	13	35	
2	67	14	36	16	39	10	34	6	1	19	29	8	8	12	61	
19	51	15	63	2	46	5	72	8	74	4	3	14	65	13	42	6	28	3	73	
8	71	4	20	17	31	1	56	13	4	15	18	11	43	6	30	
0	33	8	68	13	43	14	12	10	66	4	22	1	11	2	61	3	5	16	60	
6	36	2	66	11	65	12	31	1	21	17	47	19	42	10	29	16	54	
15	18	17	74	1	47	8	51	6	13	12	34	3	52	18	54	5	14	
18	66	16	74	0	65	10	28	12	8	11	49	4	71	9	9	17	1	1	68	
11	7	18	67	8	54	0	73	10	34	16	17	2	1	3	8	
13	20	9	17	5	11	2	1	0	33	
5	65	2	52	9	11	13	45	1	44	
19	71	15	59	2	2	14	46	16	22	12	48	11	58	17	33	1	13	7	17	18	62	
11	22	3	5	19	60	13	55	9	72	15	74	18	66	12	59	
0	14	4	41	5	21	15	30	8	5	2	57	3	2	13	59	18	64	14	39	
9	10	12	66	13	28	3	23	2	62	19	13	16	53	18	17	6	51	7	21	
17	67	9	20	6	13	0	39	12	25	
15	59	4	2	10	6	17	73	3	44	5	75	
10	61	3	29	17	70	0	63	14	56	2	2	13	67	15	24	5	34	18	51	
10	27	2	53	1	5	8	59	6	25	3	38	15	60	0	54	7	73	9	42	16	20	13	31	
15	64	3	22	8	68	17	72	14	54	6	43	5	25	13	28	11	24	10	1	12	7	1	73	
0	41	13	49	3	56	9	18	5	8	11	6	4	26	
7	71	13	1	17	7	0	53	9	35	1	4	
1	65	4	45	17	12	7	75	2	11	5	31	6	40	18	71	16	54	0	61	8	43	
15	12	11	31	3	1	17	35	0	27	9	2	12	28	16	54	10	67	2	65	
18	26	13	40	17	68	4	75	14	61	
9	48	1	7	19	32	14	3	13	19	8	53	5	12	
11	14	10	64	8	47	6	65	1	2	19	21	
19	69	4	74	17	73	2	2	1	8	11	19	8	3	0	10	16	13	18	1	
12	64	7	50	11	52	18	14	2	45	
7	38	14	35	19	27	13	5	5	29	2	66	9	63	6	59	12	53	
12	2	19	7	18	31	16	32	5	15	15	25	
16	17	2	24	7	11	6	31	0	68	8	5	18	38	
1	34	17	45	16	49	9	40	13	30	5	17	
3	27	1	62	14	15	5	28	7	20	4	64	2	38	15	2	11	59	10	55	
14	52	0	15	11	61	1	36	15	50	
0	32	9	45	16	68	5	75	1	20	3	57	
6	15	16	66	0	45	19	54	3	21	
18	66	1	31	10	61	2	40	13	13	15	26	12	30	16	51	11	10	
8	17	3	11	6	7	4	16	11	15	0	57	
4	55	15	35	10	52	6	22	18	61	13	39	0	37	16	75	
19	52	17	58	15	21	13	72	2	27	1	2	3	47	
17	14	3	31	0	45	19	58	16	42	7	64	10	22	6	63	18	61	1	25	
7	38	3	2	5	68	6	19	0	71	19	56	
11	1	18	53	14	74	10	62	19	42	
17	39	14	3	8	4	16	47	4	25	19	43	
10	33	12	23	2	36	5	16	9	28	14	41	13	6	7	50	6	8	
19	46	6	56	3	9	14	67	2	58	4	74	10	43	11	40	0	38	18	6	17	70	
12	1	1	75	0	20	8	47	11	38	6	13	
16	56	17	32	10	65	3	47	6	51	4	44	0	24	15	54	
1	38	19	47	4	2	14	44	2	33	7	20	12	27	11	63	5	24	17	42	15	3	8	46	
12	17	6	40	15	25	10	9	1	8	0	48	14	32	13	33	8	5	16	47	7	55	5	74	
6	33	2	56	19	73	10	40	16	9	1	55	4	36	13	58	11	63	
13	30	16	4	1	49	17	62	4	63	12	61	0	26	15	42	6	2	18	3	2	60	10	54	
3	45	19	36	17	63	14	26	9	15	12	33	
11	27	12	54	5	49	9	65	3	38	17	14	14	11	7	63	10	33	0	74	
14	7	8	11	16	41	4	5	13	70	18	57	12	63	7	72	9	1	5	66	
18	35	6	55	9	5	7	62	3	12	10	68	14	19	
10	71	5	18	4	16	8	31	9	65	6	64	13	47	16	25	15	41	3	28	
13	63	17	3	16	16	15	4	3	47	9	24	
16	31	13	46	11	7	1	70	10	40	14	17	2	32	0	64	
10	44	15	62	12	67	8	61	11	21	6	7	
13	10	17	65	18	70	19	45	3	73	
12	58	2	75	5	43	17	20	3	39	10	74	6	57	1	71	4	47	8	21	9	33	
15	39	12	1	7	17	1	5	11	25	3	13	
16	7	4	39	14	3	2	27	10	12	
7	27	2	45	10	47	0	39	3	50	18	65	14	24	
6	36	0	70	14	30	9	53	18	60	3	16	10	41	4	61	17	75	2	37	5	67	11	32	
3	38	19	54	5	36	4	47	15	4	14	9	13	22	18	44	2	30	0	13	1	27	
2	4	14	10	17	26	19	29	10	28	12	35	5	68	
7	24	10	66	8	27	4	43	15	28	13	48	11	38	5	52	16	15	6	75	
9	21	0	35	14	14	2	58	15	49	10	47	8	9	12	72	1	29	
16	67	3	31	8	12	18	44	5	74	17	75	0	19	2	68	11	20	19	43	13	65	10	34	
17	8	3	18	8	37	6	6	4	45	10	68	13	10	
3	69	10	23	6	9	14	63	0	29	8	38	7	42	9	65	17	58	19	60	12	34	11	16	
13	59	3	62	8	33	0	31	4	26	12	63	
16	59	17	57	13	38	7	72	3	40	19	55	14	75	9	73	
17	21	1	54	14	28	16	57	2	7	15	8	
14	24	17	31	11	51	2	33	3	3	9	2	10	12	15	49	1	4	8	35	
0	15	6	18	14	70	11	44	12	51	
9	31	14	42	2	64	13	18	6	16	
10	5	19	35	13	46	2	36	1	8	
10	14	18	74	17	46	15	1	16	73	13	19	
14	12	0	21	10	37	7	54	17	24	3	47	
18	11	10	62	5	14	8	5	4	25	6	73	15	48	11	10	16	30	
14	46	10	41	7	69	18	73	9	14	5	10	
18	49	17	28	12	5	3	39	11	70	13	55	15	51	7	14	9	67	0	13	8	17	
12	47	10	27	19	31	0	59	14	60	16	67	17	72	1	9	8	53	6	35	2	42	
19	58	10	3	3	65	6	59	1	54	17	52	15	45	7	1	0	11	13	43	14	21	
11	7	18	12	0	67	6	37	9	63	2	22	
3	19	18	56	13	64	4	12	8	43	
6	38	10	4	17	28	12	50	15	43	7	71	13	14	14	45	18	66	
1	17	19	16	2	44	6	18	13	61	17	28	14	26	12	45	0	43	5	71	4	36	
12	25	10	13	11	54	5	35	8	43	18	30	
12	21	19	70	6	4	16	43	1	44	14	19	
1	16	12	20	3	57	18	5	13	25	7	51	9	37	5	23	10	56	11	59	2	31	15	8	
11	72	3	12	9	43	6	4	17	10	14	35	18	17	
8	21	19	20	14	50	9	51	1	73	13	64	6	8	5	35	16	52	12	40	
13	31	10	68	19	64	8	47	12	67	0	49	3	55	
15	2	2	34	0	56	13	36	16	20	3	63	7	73	6	54	11	48	
12	36	0	3	14	67	10	34	18	58	1	18	2	65	4	62	
2	16	5	56	15	49	18	36	16	14	17	10	9	41	1	21	13	61	
13	71	6	9	3	36	11	50	2	47	17	55	15	5	12	24	8	75	1	28	0	13	16	14	
15	44	6	70	10	48	14	15	12	68	13	63	3	49	2	53	9	39	11	71	
9	48	5	45	15	70	14	35	19	16	
19	16	10	58	6	72	7	10	3	22	4	13	8	19	
16	29	15	63	8	18	7	52	12	31	17	24	9	44	18	19	4	74	2	1	14	27	
12	42	9	23	14	69	6	21	3	27	8	50	
4	36	17	6	10	8	19	19	14	74	16	5	
1	57	6	64	11	6	15	14	2	34	9	67	5	38	
12	8	16	16	10	70	6	19	1	17	3	7	
12	15	7	37	16	45	19	26	17	34	9	24	6	36	
6	5	5	14	0	10	7	56	18	4	11	6	16	39	9	63	15	68	19	20	1	12	
14	42	4	1	19	10	8	73	3	72	
0	54	5	72	15	56	6	18	16	74	18	60	2	52	
14	61	0	18	13	53	18	8	10	20	6	46	17	4	11	56	
7	6	4	71	19	38	14	46	16	59	18	43	
7	72	0	51	17	47	6	40	1	4	13	35	2	41	3	28	15	36	9	56	18	5	
2	53	18	42	15	37	19	70	14	27	0	71	1	61	11	50	13	68	5	13	17	48	9	3	
15	17	8	2	7	14	10	7	5	50	13	3	6	68	
12	40	4	8	19	54	0	1	11	3	8	17	
11	36	0	73	6	6	4	43	15	67	1	15	12	41	17	72	19	45	13	8	
6	70	14	29	3	46	16	42	15	25	4	27	8	8	12	63	19	16	18	45	7	1	
15	40	7	5	17	29	12	16	0	73	9	45	3	55	
16	63	6	18	10	31	11	12	4	51	
0	45	10	56	1	48	12	51	13	28	16	74	9	10	18	39	11	1	4	18	14	47	
16	17	17	66	0	36	7	21	19	71	13	70	18	31	
16	33	11	30	7	6	13	52	12	42	0	27	14	11	10	54	6	15	
1	10	5	74	15	69	13	46	10	66	7	73	18	19	6	70	17	44	2	57	3	49	4	15	
0	1	9	42	4	9	14	4	17	27	7	63	
6	46	7	66	9	56	3	13	1	4	16	43	5	73	19	23	11	40	13	64	12	32	
5	17	0	44	4	5	18	48	12	22	2	41	6	11	9	62	19	15	11	69	10	45	14	54	
18	6	4	19	8	38	15	70	19	15	9	7	
9	19	8	62	1	23	12	57	14	25	10	73	2	66	17	52	13	4	7	34	11	45	
1	51	14	54	13	5	16	7	12	49	15	58	
0	11	9	43	14	28	12	52	5	15	17	24	3	60	11	66	13	70	16	19	
0	54	19	60	12	67	15	1	10	12	9	47	14	14	1	39	13	56	4	69	11	25	
17	21	12	3	8	41	14	67	15	68	2	75	16	56	5	25	
6	29	8	17	9	61	17	38	7	65	4	15	12	67	3	57	2	14	

All component type numbers for each job to be processed by MFPM
8	5	4	17	2	4	9	6	
5	45	
5	6	
0	27	6	46	1	45	7	33	2	44	
0	19	4	15	9	2	3	1	1	18	
5	28	0	45	
2	11	9	20	3	14	1	10	
3	49	5	31	6	43	
3	3	6	11	
9	42	7	31	1	44	3	40	
2	4	5	2	3	24	
0	30	1	41	
9	23	
1	29	5	32	6	47	3	42	8	39	
0	8	
9	29	3	27	2	37	
1	11	
7	26	1	41	0	44	3	31	
6	16	0	11	5	15	9	1	1	8	
0	46	9	33	1	32	7	28	
9	7	
5	45	7	34	
2	1	5	22	9	11	8	10	1	4	
4	50	0	27	6	36	8	48	9	42	
9	2	2	6	0	22	
6	46	
3	9	1	1	5	15	2	2	6	12	
2	34	4	48	
2	5	
8	36	1	50	
4	6	6	21	0	25	7	7	
3	37	6	32	
9	12	8	25	
8	32	4	29	2	49	
7	18	0	19	4	13	3	25	
9	27	0	26	2	31	3	42	6	47	
1	6	4	16	5	18	
7	34	6	33	1	32	9	26	3	49	
3	2	6	22	4	4	1	17	5	11	
1	29	
7	13	0	23	9	7	5	6	8	22	
5	41	6	28	8	48	2	43	
6	11	7	20	9	21	5	16	1	9	
2	47	9	39	
7	21	2	5	4	19	
3	30	7	27	
4	10	
5	36	0	30	
9	25	8	14	6	21	5	5	
6	43	
0	13	5	23	7	15	
8	49	5	50	6	40	
1	22	7	11	
8	30	3	31	
9	15	
3	34	6	28	7	36	
0	2	3	18	
7	49	9	37	4	32	2	45	
8	1	4	9	6	13	0	19	
3	48	1	28	6	39	
4	14	5	22	7	24	
4	36	
0	4	8	18	1	21	7	7	
8	43	2	41	6	26	5	30	1	33	
6	14	0	17	8	25	7	12	
0	43	7	42	
8	1	1	6	7	11	5	24	
1	49	3	33	
8	1	9	16	
6	39	7	43	1	44	5	30	9	26	
4	3	8	25	9	17	
6	47	4	40	2	34	
9	13	3	4	8	11	
4	47	7	43	
5	6	
9	42	5	39	
3	21	9	22	5	4	1	17	0	5	
8	27	9	30	1	32	4	41	
0	5	7	4	
9	33	4	49	2	27	7	39	
9	24	8	9	4	23	6	8	2	10	
7	31	
2	14	5	5	3	11	
7	34	2	43	8	38	
6	5	2	24	7	25	9	7	3	23	
9	26	2	33	3	31	5	27	
5	2	
1	50	3	46	9	33	4	41	0	40	
9	21	
0	47	3	49	9	45	2	26	8	41	
6	12	1	20	4	5	8	4	
0	27	5	48	7	39	1	32	6	43	
8	20	6	9	2	7	0	12	
8	46	2	37	1	29	
8	7	
6	48	3	34	4	31	
3	3	
0	44	
1	22	
6	46	
1	20	0	19	4	21	3	3	5	8	
9	28	
4	8	3	21	0	13	6	18	1	9	
6	28	5	38	
6	6	
3	35	
0	17	2	14	1	7	7	20	4	24	
1	34	0	45	6	36	
1	14	9	8	8	1	7	22	3	24	
6	38	5	41	
5	19	7	22	9	2	0	16	1	1	
4	49	7	36	6	50	5	38	0	41	
6	3	
5	39	8	48	0	33	
6	20	1	24	
6	42	5	27	3	30	8	39	9	46	
2	2	9	11	6	10	
1	46	7	43	0	47	3	45	
6	23	
3	38	9	49	5	48	
9	4	2	3	1	7	4	24	
5	40	0	38	3	32	4	43	8	50	
0	13	3	20	7	17	
2	44	4	36	
4	13	9	18	
8	48	
7	7	8	19	
2	35	
6	9	8	5	5	8	9	4	
2	49	9	36	5	37	3	29	7	38	
3	20	
6	38	0	34	2	29	
9	21	2	25	0	5	7	16	4	11	
3	46	7	49	
2	21	3	24	7	4	5	16	8	15	
1	33	
2	10	7	25	1	17	0	1	3	16	
3	39	9	47	
2	6	7	25	5	3	4	24	8	13	
6	32	9	50	7	26	3	47	
3	1	5	10	1	6	
3	33	0	30	2	38	
1	1	5	4	8	24	
0	47	
2	15	7	9	9	8	
4	29	7	35	0	45	
5	12	3	2	7	3	9	15	0	24	
0	40	
0	6	2	20	4	1	9	13	
0	30	
3	19	4	2	0	12	2	15	
2	43	
7	8	3	22	2	16	6	25	0	4	
1	47	0	39	9	34	3	48	8	45	
7	15	2	17	
6	50	
3	2	
2	50	0	44	5	31	9	38	1	34	
7	2	8	13	9	1	6	20	2	10	
7	35	1	27	2	33	9	31	
3	19	4	12	0	18	
9	27	6	45	0	34	
4	19	2	2	6	1	
8	33	2	44	
5	23	4	22	7	6	6	14	
2	43	
8	24	0	6	
0	37	8	30	
0	17	1	16	5	18	
3	35	9	26	2	27	
6	16	
8	43	4	31	2	47	
5	12	2	5	
8	47	4	31	9	30	5	45	2	42	
4	9	
6	31	7	26	
7	4	
1	37	6	49	5	40	4	41	
8	24	4	6	
0	43	1	28	6	26	8	36	4	44	
2	20	4	8	1	13	6	11	8	4	
1	42	6	44	7	38	
3	25	5	16	2	1	1	8	9	20	
2	34	7	33	0	41	1	28	
1	11	7	14	6	5	
6	42	
4	10	1	3	7	4	
7	37	2	36	4	35	5	38	1	41	
3	7	7	2	6	14	
9	45	7	35	
2	3	8	25	1	19	
6	47	
0	14	2	8	
7	48	0	35	1	40	3	27	
6	10	0	19	
9	31	3	47	8	36	1	27	
4	11	
0	28	
7	7	8	1	2	6	1	21	9	17	
1	43	5	37	3	35	4	31	
7	1	8	23	5	11	1	10	
9	43	5	27	2	47	7	40	
1	9	8	10	7	12	
2	26	9	47	6	42	
6	25	3	19	8	11	1	18	
9	47	5	48	
6	25	9	23	5	1	2	10	8	15	
5	50	9	47	
5	5	8	2	4	4	
4	38	0	35	9	45	3	34	2	29	
8	3	7	5	4	24	0	22	
1	28	2	47	
9	1	7	21	1	18	2	24	
7	44	9	35	1	42	3	46	6	43	
3	24	5	8	6	25	1	20	4	10	
8	34	3	32	1	45	0	50	
8	25	4	20	9	2	0	6	3	24	
9	32	
5	4	3	20	
6	30	4	36	7	45	0	29	
0	10	
6	45	5	50	0	42	3	47	9	33	
0	9	3	20	
8	50	
9	2	4	23	1	25	8	1	5	8	
2	33	1	44	
4	3	9	5	8	9	5	4	
7	48	3	28	
3	1	7	7	5	20	1	16	
4	27	3	40	
9	21	0	25	8	4	5	1	1	24	
3	35	1	31	5	48	
0	2	1	15	3	25	2	4	
2	45	4	38	1	34	9	41	
6	5	7	1	
2	34	
6	7	
9	29	
9	4	3	18	8	1	1	15	6	21	
0	29	8	38	5	43	4	48	6	33	
9	3	
4	33	8	42	2	34	0	45	
5	22	7	7	9	25	
8	40	9	45	4	33	3	28	
5	5	0	24	8	7	
6	37	4	33	1	32	
9	2	1	20	3	4	4	6	7	7	
0	49	5	32	9	40	7	42	6	28	
7	4	8	7	0	15	
9	32	
6	6	3	14	5	13	
6	26	7	28	
1	15	2	12	6	14	0	18	
2	44	4	27	
2	4	1	12	6	1	
4	46	1	29	7	43	6	38	2	28	
5	16	6	8	7	3	8	12	
2	50	
8	14	6	15	
8	38	
3	13	7	19	2	20	
0	35	1	49	9	26	7	38	6	31	
3	17	7	25	8	3	
1	50	3	38	
0	13	9	7	2	5	8	6	4	9	
8	40	3	46	2	34	
1	23	9	5	8	15	4	4	
4	34	7	50	8	33	
6	6	3	12	4	11	1	23	
9	31	6	49	5	37	4	38	
3	9	9	16	7	15	4	17	5	4	
5	42	
4	12	7	11	1	20	
0	31	7	45	6	49	1	50	2	48	
8	16	5	15	
2	43	0	47	8	38	
8	9	4	21	3	17	5	18	7	6	
4	27	2	36	
2	4	5	15	6	21	0	13	
0	49	5	39	
7	14	
6	44	
6	10	1	15	
2	35	3	43	0	32	4	38	
7	18	2	7	
5	33	4	39	9	38	
6	24	1	7	
4	34	0	33	9	45	
6	19	9	24	
1	44	7	39	5	31	6	45	
5	13	9	20	
9	29	4	35	0	43	3	37	
9	14	
7	27	
3	15	
3	31	9	36	6	41	
1	12	7	8	6	5	3	24	8	6	
1	43	9	45	
5	5	9	1	6	14	4	8	
8	48	5	34	
0	21	9	8	5	3	
9	35	8	46	2	50	3	38	
8	18	5	19	2	13	
1	32	5	30	
0	17	1	5	4	25	
8	35	6	49	4	28	7	45	
3	17	8	14	0	24	9	2	
5	35	2	42	
5	10	0	17	
2	44	7	42	0	32	1	50	
9	12	6	21	1	16	4	19	
4	33	
6	9	5	3	0	15	1	22	
9	46	
4	8	6	5	
0	47	9	39	4	26	5	50	
1	13	9	9	2	16	
2	27	
6	18	9	6	7	12	0	4	1	13	
6	47	
2	7	4	1	0	12	
7	37	3	38	8	32	9	26	4	50	
3	6	4	16	9	17	2	25	
6	35	7	44	
2	12	7	21	9	23	5	1	0	13	
8	42	3	49	2	40	7	50	9	32	
5	9	6	18	
4	30	1	43	5	39	
1	19	4	5	8	13	
7	40	
4	24	2	19	8	1	9	23	1	10	
0	30	9	43	4	45	3	47	8	40	
3	1	1	25	
4	48	
4	25	
0	38	
2	25	
9	44	7	48	
2	11	8	20	7	21	5	25	0	8	
8	31	7	47	9	42	
7	7	2	15	
4	34	9	39	3	50	0	38	
3	4	8	20	
3	26	6	33	
7	13	3	8	6	16	
7	27	6	26	0	28	
6	1	9	23	
4	32	8	41	1	45	
9	14	6	5	
0	47	9	41	
3	23	
0	33	
8	24	7	1	
5	34	3	48	1	44	
2	12	5	13	3	11	1	15	6	7	
4	33	3	41	7	47	8	26	2	28	
9	6	1	22	6	14	7	23	
2	50	9	40	
4	21	
3	30	4	50	1	41	
6	24	8	20	0	17	5	11	9	19	
2	33	1	36	
9	13	3	2	8	16	
8	40	
8	22	
0	39	4	50	1	38	6	33	9	29	
0	1	3	14	8	13	7	6	4	12	
3	38	
3	10	4	9	6	3	
1	39	8	48	6	40	9	36	4	43	
1	22	
9	29	8	31	1	50	2	46	
4	21	8	22	1	2	
6	43	8	29	
4	6	
1	29	4	26	
9	22	3	5	0	7	5	25	1	20	
6	43	4	33	8	32	
9	15	6	4	7	18	3	10	1	19	
3	44	2	26	4	28	
4	9	5	25	1	13	0	11	7	1	
0	47	5	48	7	27	2	49	
2	5	1	19	
8	27	9	40	7	43	
9	24	0	20	4	11	
6	39	4	45	8	30	7	36	
9	20	4	1	1	22	7	13	3	12	
1	34	6	37	0	26	4	31	7	41	
8	1	5	7	6	2	
1	49	5	36	0	48	4	34	6	47	
4	15	
9	41	7	50	
5	24	3	5	1	8	8	18	6	20	
2	50	6	31	8	38	1	37	
2	9	0	23	3	15	
6	31	9	37	
7	22	0	9	4	16	3	15	
0	45	
7	4	8	6	5	9	3	3	4	15	
3	41	2	27	9	33	8	47	0	40	

Three processing times per job on each machine
The best scenario
196	101	203	
32	48	54	
130	96	106	
173	225	202	
347	233	304	
74	149	219	
376	132	194	
57	57	23	
392	138	264	
96	29	75	
82	139	39	
129	133	35	
112	213	131	
179	276	272	
31	13	19	
47	100	75	
129	147	71	
502	322	299	
42	50	40	
185	197	62	
51	96	54	
155	323	273	
320	225	353	
232	108	132	
79	266	90	
115	155	364	
77	38	33	
96	32	83	
116	46	60	
287	101	464	
79	127	147	
97	159	164	
151	138	493	
144	146	150	
86	70	60	
319	302	369	
52	64	52	
132	45	45	
280	194	149	
32	77	102	
62	54	45	
98	359	216	
322	295	261	
171	565	455	
114	115	164	
173	129	129	
49	29	51	
65	174	38	
429	205	228	
258	302	156	
253	196	246	
33	10	11	
159	200	257	
552	80	393	
25	107	57	
211	258	105	
229	202	189	
323	194	210	
101	351	73	
303	198	204	
389	286	397	
43	51	24	
192	292	212	
22	16	60	
124	453	136	
93	153	50	
91	224	62	
141	351	442	
77	125	80	
59	87	44	
77	121	164	
201	81	96	
79	84	64	
284	296	110	
126	139	137	
29	30	25	
104	154	90	
63	133	127	
224	305	275	
474	232	158	
248	417	371	
190	331	392	
163	367	189	
298	193	202	
77	119	162	
364	433	500	
396	339	283	
181	155	126	
127	178	201	
145	228	140	
242	231	112	
144	186	83	
201	162	471	
237	224	174	
380	115	182	
156	237	153	
142	306	315	
204	190	320	
67	88	66	
178	177	275	
294	348	278	
91	29	150	
375	167	125	
57	69	34	
202	161	399	
66	213	260	
161	188	169	
345	110	309	
271	80	65	
84	82	108	
238	275	265	
192	176	303	
271	194	461	
115	278	130	
161	79	51	
293	127	101	
325	107	198	
198	260	252	
314	281	130	
104	144	85	
40	43	44	
86	90	51	
57	119	114	
106	140	164	
199	277	106	
406	254	151	
163	221	481	
191	305	107	
132	120	129	
80	37	126	
140	177	91	
338	101	347	
105	91	162	
101	83	44	
74	66	30	
60	178	140	
144	132	119	
67	238	98	
174	176	87	
96	84	80	
28	18	30	
183	120	364	
88	262	192	
220	202	160	
563	290	446	
262	285	244	
112	267	151	
78	30	72	
41	51	74	
103	140	215	
176	69	440	
71	102	106	
90	15	16	
133	107	82	
79	21	63	
275	111	234	
85	32	46	
367	209	147	
161	116	206	
124	115	165	
155	178	126	
99	93	63	
50	110	129	
48	70	15	
235	120	133	
318	196	391	
53	128	77	
148	192	411	
99	103	116	
69	61	83	
170	73	141	
37	21	12	
246	167	116	
221	439	379	
162	148	122	
68	96	148	
237	154	299	
20	54	35	
409	310	69	
115	265	118	
90	246	80	
152	271	210	
145	83	48	
29	60	59	
343	231	135	
67	199	139	
94	261	217	
203	167	231	
133	153	179	
137	124	63	
301	237	383	
188	269	330	
140	214	326	
166	307	162	
317	350	542	
197	287	73	
159	178	105	
35	52	74	
176	149	73	
202	134	282	
Most likely scenario
210	169	276	
33	57	71	
156	189	155	
252	232	227	
383	334	349	
80	225	250	
455	134	346	
71	59	30	
422	217	289	
118	55	81	
94	186	58	
203	169	57	
147	359	198	
356	291	504	
37	24	26	
77	109	83	
147	159	123	
508	388	522	
52	83	48	
291	322	113	
68	97	67	
174	347	415	
459	298	483	
249	152	169	
137	349	145	
189	163	416	
128	49	53	
140	43	129	
119	92	74	
372	145	491	
124	160	257	
119	240	313	
288	174	522	
230	152	194	
145	88	80	
362	562	470	
75	81	54	
178	79	71	
560	286	211	
61	94	114	
72	84	69	
181	412	307	
440	337	361	
267	579	618	
215	177	256	
175	159	145	
52	33	75	
84	208	58	
522	347	346	
441	501	227	
471	372	361	
59	20	18	
173	249	294	
566	155	532	
45	108	86	
357	290	115	
321	209	356	
363	308	223	
162	443	139	
346	310	364	
410	433	519	
46	60	44	
196	471	294	
43	21	68	
170	468	157	
157	165	75	
126	307	107	
158	407	455	
113	182	84	
68	93	56	
82	217	200	
216	143	139	
105	108	90	
345	330	198	
194	167	150	
42	57	33	
133	198	173	
69	221	152	
415	408	461	
500	444	184	
259	463	430	
233	500	506	
168	409	334	
308	222	348	
151	187	277	
542	458	589	
412	358	381	
287	242	186	
164	268	228	
230	327	150	
249	313	131	
244	346	122	
231	225	521	
285	274	262	
404	120	328	
159	379	255	
152	435	375	
208	313	395	
72	160	128	
310	197	323	
324	354	312	
166	57	172	
417	219	226	
68	90	67	
383	196	453	
99	225	298	
245	228	218	
352	131	471	
425	145	123	
91	99	131	
331	291	503	
212	347	471	
402	284	552	
230	300	170	
184	132	64	
408	183	168	
328	172	227	
237	399	479	
392	294	182	
169	172	129	
64	45	78	
103	98	62	
108	161	198	
202	246	204	
206	459	189	
442	414	210	
167	319	531	
259	306	201	
187	137	149	
123	64	159	
148	181	116	
411	166	356	
127	140	252	
130	96	78	
80	72	33	
88	214	211	
205	176	122	
119	324	131	
254	197	96	
135	124	102	
46	29	50	
353	143	450	
143	265	238	
289	344	163	
620	392	543	
472	516	363	
195	287	218	
147	44	115	
46	75	80	
132	172	270	
183	131	471	
131	192	183	
96	29	29	
181	110	97	
82	42	88	
357	214	267	
158	63	53	
536	418	162	
196	131	223	
156	144	169	
212	203	205	
161	174	106	
85	133	202	
80	75	28	
258	184	163	
364	274	512	
91	138	144	
277	213	412	
198	180	124	
84	101	113	
188	120	233	
54	27	20	
275	233	163	
222	458	395	
219	199	178	
71	159	166	
298	285	332	
28	73	41	
482	325	118	
177	409	120	
160	477	146	
174	443	371	
185	94	65	
34	113	97	
408	370	182	
130	203	140	
168	498	360	
318	209	335	
246	250	237	
209	137	97	
345	448	487	
226	315	499	
151	251	447	
279	454	175	
332	354	549	
283	332	98	
180	299	114	
40	55	90	
351	257	127	
287	202	289	
The worst scenario
212	196	293	
36	83	75	
157	197	160	
318	271	316	
455	387	479	
106	247	359	
640	187	419	
95	64	31	
429	289	423	
147	65	113	
131	245	79	
253	227	59	
152	519	218	
468	354	611	
52	30	35	
91	126	86	
214	173	134	
706	478	764	
71	88	57	
363	325	117	
88	139	88	
218	360	613	
484	344	696	
344	201	194	
191	394	180	
238	185	506	
180	60	63	
183	59	180	
161	112	110	
507	173	550	
175	164	279	
129	241	389	
339	221	661	
234	168	286	
217	126	110	
519	782	525	
88	121	59	
192	85	89	
625	403	268	
69	129	145	
91	91	85	
244	525	315	
481	411	477	
279	700	735	
274	214	277	
228	223	178	
61	42	86	
96	299	78	
676	419	428	
537	682	239	
501	534	538	
84	30	21	
216	302	342	
636	166	782	
47	112	115	
416	372	124	
378	249	521	
503	414	326	
243	588	160	
464	454	395	
521	565	563	
55	65	56	
199	637	357	
54	25	75	
199	634	227	
180	193	95	
149	379	133	
196	553	652	
141	183	119	
79	127	57	
115	304	244	
230	211	184	
109	130	120	
513	472	270	
197	188	187	
61	69	41	
192	296	259	
85	252	205	
561	582	676	
529	619	227	
353	672	618	
345	547	576	
199	541	439	
337	325	484	
159	278	311	
660	678	864	
614	466	564	
310	244	254	
175	315	300	
231	430	160	
269	439	158	
363	518	137	
263	330	713	
399	339	372	
549	160	459	
221	424	362	
218	558	562	
283	314	590	
80	236	137	
408	277	430	
407	394	362	
192	60	227	
612	239	275	
94	135	95	
411	211	550	
143	301	369	
302	299	295	
494	158	525	
555	162	182	
109	123	156	
459	391	634	
302	506	558	
543	424	618	
307	320	196	
189	160	86	
472	260	169	
359	190	299	
349	520	624	
579	338	208	
173	243	144	
70	65	86	
147	123	77	
125	220	236	
214	331	274	
295	510	215	
480	457	269	
248	332	699	
283	319	292	
265	164	165	
178	66	196	
202	200	170	
493	228	368	
154	206	373	
146	115	99	
85	98	41	
129	255	314	
215	209	143	
141	331	138	
322	223	107	
149	180	151	
64	33	70	
421	178	638	
146	375	321	
368	448	226	
928	480	646	
643	690	491	
215	304	248	
208	49	170	
53	79	82	
159	230	379	
230	152	532	
135	235	273	
109	43	41	
192	131	101	
90	58	111	
417	246	271	
173	76	72	
768	587	241	
212	171	283	
189	183	195	
294	225	259	
213	256	113	
92	172	243	
105	100	33	
346	251	242	
498	317	703	
127	193	155	
320	244	564	
200	213	182	
108	124	156	
246	180	236	
56	31	30	
412	235	164	
278	555	436	
272	222	238	
80	234	232	
402	388	397	
34	84	58	
633	465	122	
265	510	148	
203	662	149	
208	569	435	
266	123	69	
41	117	145	
436	496	246	
175	286	187	
188	593	415	
385	242	414	
316	360	343	
286	164	119	
376	454	559	
278	381	665	
162	257	522	
364	669	250	
358	362	650	
294	466	137	
261	448	164	
41	61	102	
434	370	157	
382	211	367	
