Factories	4	Jobs	100	Machines	3

Total number of component types per job processed by HSPM
12	11	5	11	8	9	7	5	9	10	11	11	5	10	9	12	10	8	8	10	7	6	5	7	11	10	12	6	5	12	6	6	11	9	5	10	7	7	12	5	7	11	10	5	12	7	8	12	5	8	8	7	5	7	9	8	10	6	9	7	8	5	10	9	5	5	8	7	6	6	9	11	10	12	6	6	5	7	10	5	8	11	8	5	7	12	10	12	11	6	7	11	9	5	12	9	10	9	7	9	

Total number of component types per job processed by MFPM
2	1	3	1	4	1	5	1	4	1	3	5	5	3	3	2	1	4	3	3	3	2	1	4	4	3	3	2	4	2	5	2	3	3	4	2	4	3	4	1	5	5	2	4	5	2	4	1	5	2	3	1	1	5	1	2	2	1	2	1	5	5	1	4	5	2	5	1	4	4	4	5	5	4	5	2	5	4	2	1	3	1	5	5	4	3	3	5	3	4	5	1	1	5	4	4	5	5	5	4	1	5	4	4	3	3	2	5	5	3	5	1	2	3	1	4	5	2	3	1	4	1	1	1	1	1	1	4	1	4	5	5	4	3	4	1	4	3	4	3	5	1	2	5	2	1	1	5	3	2	2	5	5	4	1	3	4	2	1	1	1	5	5	2	2	3	1	3	5	4	1	1	1	5	5	2	4	2	1	3	5	3	4	5	1	3	5	5	1	4	3	4	2	5	2	3	1	4	1	4	

All component type numbers for each job to be processed by HSPM
13	34	15	74	8	55	2	54	18	8	6	20	1	61	11	36	10	26	14	73	16	75	17	12	
11	28	6	51	17	13	2	5	4	41	1	43	19	21	8	66	16	48	18	35	13	67	
5	52	2	57	9	4	3	13	17	46	
12	37	8	64	14	46	16	17	13	50	19	73	3	25	7	16	9	31	0	8	15	3	
19	7	4	34	17	21	0	15	12	74	10	12	6	36	1	2	
6	40	3	20	13	13	7	15	15	44	14	64	0	74	1	59	9	5	
13	69	18	55	14	3	7	52	0	28	11	51	12	12	
13	55	16	75	0	20	15	54	6	50	
9	40	10	20	3	61	18	21	17	72	16	51	19	56	7	38	15	62	
16	15	3	11	18	18	17	3	7	8	0	51	13	43	1	20	15	1	5	41	
12	41	0	17	5	35	1	74	9	42	16	25	19	47	6	3	8	54	7	49	4	7	
19	39	15	58	17	44	13	4	8	1	6	21	10	56	11	43	9	22	16	70	4	29	
14	46	11	38	10	68	8	50	16	12	
18	73	8	26	9	75	17	3	7	27	19	59	1	2	12	63	13	13	15	28	
14	51	0	24	15	19	19	41	7	57	8	8	11	2	5	65	12	5	
0	69	14	56	5	48	13	58	16	14	3	62	19	55	7	59	10	33	9	27	8	52	12	44	
4	53	8	68	10	70	14	54	19	14	2	5	15	21	0	63	18	60	1	10	
16	19	8	21	14	43	7	47	0	27	17	29	12	55	11	34	
0	70	17	28	2	44	11	23	6	21	10	71	16	14	1	27	
5	42	8	31	9	19	0	23	19	30	2	63	4	4	1	57	12	24	10	50	
18	16	4	64	19	22	9	30	7	62	12	5	1	71	
8	39	9	36	10	54	12	52	6	5	16	60	
6	27	17	53	12	19	11	63	5	8	
10	44	7	35	3	18	14	8	4	29	5	16	8	43	
12	24	1	50	0	52	15	61	18	48	3	26	14	11	5	3	10	72	4	65	8	49	
3	35	1	4	9	51	7	3	5	63	14	69	17	58	0	71	16	68	11	1	
3	27	15	72	14	52	5	69	17	60	8	9	9	55	11	50	4	63	10	14	12	49	0	68	
11	74	8	15	14	31	17	65	4	59	3	72	
18	49	16	53	10	45	14	64	17	40	
18	54	11	67	8	7	3	11	2	12	12	32	4	49	15	33	14	72	7	2	1	59	9	50	
1	32	13	33	3	26	6	60	7	74	14	53	
14	34	1	19	16	73	12	45	7	4	3	72	
7	53	12	51	6	27	11	64	13	66	15	8	14	34	10	47	4	32	3	67	5	1	
4	37	8	69	17	63	2	31	10	29	0	75	7	35	12	17	3	66	
8	29	0	12	13	47	7	36	2	64	
10	14	11	59	18	64	9	60	1	22	0	65	2	45	7	21	14	71	19	70	
9	24	2	63	13	51	8	36	17	48	16	31	19	42	
11	59	0	5	18	28	12	52	14	27	8	37	17	75	
17	4	2	54	15	59	9	45	0	40	18	55	3	51	12	72	8	31	6	65	16	12	14	42	
10	72	14	2	16	67	2	51	4	29	
4	30	1	53	10	43	18	9	16	21	12	25	13	29	
8	11	17	27	4	28	18	32	11	41	19	51	6	37	9	36	14	58	1	47	12	45	
9	61	8	27	18	70	12	14	3	35	2	23	4	8	17	62	5	24	0	66	
3	14	13	6	1	41	16	24	11	8	
13	17	8	24	19	16	12	33	4	66	0	45	17	62	1	38	6	56	10	12	3	63	5	21	
4	39	8	61	19	73	9	50	15	37	11	48	6	53	
19	52	8	24	14	21	6	2	3	17	13	47	4	13	17	42	
13	26	4	23	8	7	10	8	15	61	14	3	0	9	16	58	18	6	6	42	2	43	17	64	
19	75	13	42	1	24	12	29	0	49	
0	55	12	46	9	1	14	58	6	51	10	61	16	49	8	72	
4	52	10	38	15	34	13	41	19	11	14	21	11	13	17	37	
18	41	16	52	17	72	8	70	12	39	9	5	5	73	
10	47	8	48	18	62	13	34	17	36	
16	45	0	43	3	36	19	23	10	74	2	56	5	32	
0	38	10	35	15	11	3	59	6	19	1	28	11	13	17	52	4	23	
14	21	1	30	12	36	10	72	3	61	15	50	18	63	2	13	
14	58	13	44	1	6	18	51	17	20	15	4	10	37	9	66	0	21	19	56	
12	51	14	53	10	67	6	68	18	16	1	49	
8	23	15	33	6	15	1	40	7	3	9	54	14	68	19	22	5	39	
19	73	12	55	16	61	9	63	4	18	5	44	11	3	
15	48	9	39	18	26	14	34	5	54	4	7	1	25	19	41	
2	39	18	20	4	70	17	75	5	45	
7	58	18	66	3	16	15	48	8	63	14	39	19	23	0	26	5	11	10	12	
3	74	9	43	12	35	0	23	16	33	11	54	19	10	5	73	14	41	
9	75	6	14	2	63	14	55	4	59	
9	53	2	13	7	72	13	74	3	41	
7	8	19	52	12	69	11	48	18	56	9	32	14	2	3	21	
16	13	8	47	0	26	4	45	11	52	5	20	10	22	
6	30	15	49	12	58	11	35	5	23	14	10	
1	6	10	11	8	21	12	63	6	30	0	57	
14	35	2	42	9	32	11	4	6	49	0	20	16	72	17	25	1	68	
19	32	13	4	0	5	4	37	11	14	15	67	8	70	10	22	18	54	9	57	16	41	
9	67	18	14	6	60	12	55	8	33	16	68	13	51	0	53	19	28	4	30	
15	50	13	40	19	56	9	51	12	61	14	30	3	5	11	71	17	4	0	66	18	34	2	1	
11	5	10	32	12	39	3	57	15	35	19	61	
0	29	7	70	3	23	18	42	17	72	9	71	
4	27	12	66	18	22	5	30	19	40	
8	57	12	59	0	51	7	28	1	75	13	61	15	8	
7	61	11	6	15	29	1	27	12	68	5	13	17	66	13	25	8	1	10	35	
14	55	15	25	19	47	9	30	4	16	
6	50	19	70	14	48	1	16	9	72	15	37	5	31	11	18	
4	49	11	31	0	67	19	13	7	72	16	50	9	19	1	32	8	6	15	48	6	30	
11	20	10	28	12	41	2	40	6	33	8	37	15	42	0	30	
10	55	11	32	8	46	12	3	16	16	
2	44	17	47	19	7	8	8	4	72	0	23	10	49	
0	38	1	48	19	29	15	72	12	67	9	2	16	71	11	37	4	43	8	69	6	57	5	64	
1	72	11	48	5	27	10	62	14	60	7	61	6	42	15	14	12	9	9	7	
17	18	9	12	7	24	4	43	15	54	1	19	11	44	18	38	19	42	13	6	0	34	3	9	
2	17	4	71	11	52	1	73	0	66	12	75	16	15	15	74	14	41	8	53	3	44	
4	48	15	68	18	55	1	6	8	4	5	70	
11	42	3	20	2	24	0	72	13	60	7	52	15	57	
19	22	15	6	16	59	11	38	17	47	0	34	10	14	5	26	4	13	9	1	13	36	
5	23	17	18	9	28	15	73	7	10	6	44	13	22	1	63	19	69	
16	44	11	17	10	1	8	43	9	25	
3	55	12	1	0	9	4	62	18	4	13	66	14	15	16	75	10	16	5	11	17	7	19	2	
5	39	1	52	11	67	14	57	16	8	7	29	19	13	17	62	10	54	
9	52	17	26	13	25	3	12	4	51	10	24	0	40	5	48	18	41	12	42	
17	70	0	61	19	32	14	63	11	67	2	55	6	46	13	75	4	18	
11	70	0	66	7	4	19	3	3	61	4	9	15	24	
12	25	6	13	15	49	17	57	19	24	10	34	13	55	2	14	7	28	

All component type numbers for each job to be processed by MFPM
6	24	4	10	
2	26	
9	3	5	10	8	24	
0	29	
7	15	3	20	2	23	0	11	
1	34	
5	21	7	9	9	23	4	16	3	24	
1	32	
7	19	4	2	2	9	1	21	
5	41	
2	8	1	19	7	25	
6	36	3	37	0	35	4	38	7	47	
9	22	8	19	7	5	1	1	3	7	
1	47	3	39	0	29	
7	1	0	14	3	17	
0	34	5	45	
5	3	
6	28	1	41	2	34	5	30	
9	15	1	2	2	5	
0	34	2	38	9	26	
2	10	7	20	4	21	
6	40	5	45	
8	12	
4	50	5	40	2	44	8	48	
4	13	6	7	8	10	0	24	
1	43	2	34	9	35	
9	18	5	6	2	22	
6	35	0	37	
9	21	1	11	5	2	2	18	
6	46	5	28	
5	11	9	9	3	3	6	12	2	4	
1	49	8	33	
2	17	3	14	4	10	
0	50	3	27	9	33	
9	3	2	13	8	23	7	15	
9	48	5	44	
2	21	6	20	8	11	7	14	
0	50	7	42	2	41	
8	25	9	1	4	20	2	11	
9	45	
1	15	9	13	4	6	0	23	5	25	
6	38	0	31	4	48	5	44	1	28	
5	20	7	9	
0	44	6	36	8	26	3	47	
7	1	5	18	9	19	6	20	3	5	
3	32	8	40	
9	6	8	2	5	12	6	18	
9	41	
6	20	1	15	9	1	0	25	8	3	
0	37	8	47	
9	12	0	5	1	25	
2	29	
4	25	
4	31	9	42	3	44	7	36	6	43	
5	20	
8	37	3	38	
7	6	6	4	
1	41	
1	5	4	22	
0	26	
3	20	2	5	1	25	9	11	8	10	
2	32	0	50	1	39	5	44	6	40	
0	25	
8	50	9	31	1	49	2	27	
4	24	9	1	5	9	3	4	2	16	
2	37	3	43	
2	16	6	11	9	19	8	6	5	9	
9	38	
8	5	0	11	4	16	3	23	
5	41	1	32	0	35	6	50	
7	2	8	23	9	9	2	8	
2	46	1	29	9	45	4	31	5	39	
0	22	7	19	1	13	8	21	9	24	
2	39	7	50	8	45	9	30	
9	9	6	20	1	17	3	19	8	22	
1	45	7	44	
1	3	2	15	7	22	3	21	8	6	
0	44	2	26	9	28	4	38	
4	20	0	18	
3	42	
1	19	6	8	2	10	
1	46	
1	4	7	15	6	23	0	2	4	21	
3	47	0	31	2	38	1	29	5	46	
9	4	7	23	6	11	1	17	
7	47	1	26	8	33	
8	22	6	2	5	23	
1	31	7	50	8	27	2	30	4	46	
2	18	9	6	5	21	
8	49	1	28	4	46	2	36	
3	12	1	15	5	17	2	20	7	1	
8	37	
8	19	
7	43	1	47	9	41	6	33	5	48	
7	17	2	2	4	5	1	22	
9	48	7	30	8	44	1	28	
4	9	8	23	2	1	5	20	6	17	
5	50	0	33	6	44	7	34	9	26	
0	21	3	14	2	3	6	23	8	10	
9	29	6	38	7	34	8	46	
4	8	
2	30	8	36	3	50	7	48	5	41	
0	2	9	15	3	14	5	3	
1	46	2	47	8	30	6	26	
6	22	1	25	9	23	
9	27	0	47	2	50	
0	6	5	20	
7	27	6	32	5	48	9	49	0	37	
6	4	5	10	3	1	9	22	8	24	
5	49	6	28	1	29	
6	2	7	6	2	7	1	16	4	22	
0	27	
7	11	8	1	
7	47	4	32	3	27	
5	11	
2	28	8	33	0	32	4	39	
1	2	5	24	2	18	3	8	0	3	
0	41	1	37	
1	4	6	10	8	24	
5	34	
3	9	4	4	0	2	8	10	
3	46	
2	24	
4	31	
9	6	
0	44	
7	21	
5	49	0	28	1	31	9	32	
8	20	
3	46	9	48	8	50	5	44	
9	11	8	5	7	18	0	1	2	19	
0	35	1	29	8	47	3	32	6	26	
9	14	4	15	5	17	6	3	
0	37	3	35	1	41	
6	12	3	16	1	23	7	10	
7	40	
0	12	9	18	8	17	2	6	
2	41	0	28	5	27	
6	6	3	7	0	23	2	20	
1	28	8	33	5	35	
2	25	7	7	8	24	6	5	4	6	
5	45	
7	10	3	24	
5	37	6	32	9	40	7	47	1	50	
0	17	2	13	
8	37	
5	5	
1	35	3	47	4	41	6	46	0	34	
4	9	9	3	3	12	
5	38	4	46	
6	8	0	14	
7	33	1	32	9	38	8	30	6	29	
9	14	2	2	0	5	5	9	3	6	
8	50	2	39	1	31	9	42	
0	23	
4	46	2	27	8	43	
7	20	1	10	9	4	5	3	
6	34	2	43	
6	24	
0	34	
5	4	
0	39	8	33	2	48	7	50	3	36	
8	23	7	6	2	2	1	18	3	17	
9	36	7	37	
5	2	7	20	
5	45	1	27	3	50	
0	12	
8	42	2	34	7	29	
7	9	2	16	5	11	9	22	0	12	
3	40	1	50	9	34	4	49	
7	12	
4	41	
5	18	
8	26	5	33	6	29	7	40	2	43	
6	20	2	21	8	16	9	5	7	23	
2	50	4	33	
1	14	6	6	4	15	5	4	
5	49	8	38	
3	17	
4	46	5	41	2	28	
1	8	9	2	6	10	2	14	0	18	
0	46	4	43	8	29	
5	13	3	16	4	23	6	4	
2	30	9	43	1	49	8	31	4	38	
3	9	
9	29	4	28	2	39	
6	16	3	7	1	12	0	10	4	23	
4	34	5	43	8	35	9	44	3	29	
5	8	
4	27	9	44	0	29	6	31	
0	21	1	24	9	11	
9	27	3	43	6	35	8	46	
2	10	6	4	
1	34	3	26	4	39	5	49	6	31	
5	17	6	4	
6	45	5	48	9	30	
2	17	
8	27	9	34	6	48	1	47	
0	25	
9	45	6	36	8	34	4	42	

Three processing times per job on each machine
The best scenario
301	156	325	
26	56	25	
216	92	75	
443	396	208	
92	69	63	
101	67	184	
392	254	282	
173	246	267	
124	290	479	
38	114	29	
171	159	186	
142	61	37	
396	265	233	
125	113	117	
150	143	151	
122	118	98	
81	39	88	
248	70	324	
174	345	122	
47	89	101	
171	109	408	
68	128	62	
31	72	88	
57	127	87	
357	101	242	
326	148	152	
58	99	57	
257	160	150	
346	358	181	
328	254	323	
85	82	125	
81	298	96	
44	60	15	
228	413	339	
236	78	174	
209	195	200	
31	93	159	
33	55	48	
140	60	75	
303	189	349	
77	108	153	
200	254	324	
136	146	115	
81	162	109	
261	282	75	
68	32	62	
209	187	185	
153	221	72	
171	65	263	
24	24	18	
143	59	87	
439	96	462	
164	311	469	
241	166	110	
62	71	106	
88	211	148	
310	97	246	
283	231	453	
354	94	137	
58	210	272	
270	360	463	
291	205	296	
33	65	67	
339	258	376	
122	60	94	
129	270	232	
226	420	217	
128	101	102	
300	114	103	
25	30	15	
294	188	278	
97	267	356	
406	256	323	
80	207	105	
80	56	47	
132	274	96	
45	16	41	
263	341	224	
198	298	206	
144	198	198	
50	180	148	
40	42	11	
230	110	195	
216	190	258	
139	96	88	
185	65	176	
366	398	202	
123	109	34	
37	33	96	
243	251	255	
332	182	91	
118	124	162	
62	101	87	
205	214	92	
65	159	100	
64	88	81	
158	147	202	
114	82	181	
174	393	301	
185	179	304	
Most likely scenario
336	159	341	
45	60	27	
247	170	132	
469	418	244	
163	92	81	
174	69	195	
393	272	489	
324	249	305	
182	396	480	
75	124	45	
310	229	273	
222	75	73	
436	524	401	
160	148	158	
203	256	155	
123	133	169	
104	57	131	
359	133	431	
338	376	178	
52	137	120	
211	194	507	
70	157	74	
55	76	108	
82	140	100	
392	149	317	
506	153	231	
96	106	62	
281	173	217	
586	412	279	
391	346	349	
99	130	131	
109	301	126	
56	62	24	
449	419	421	
270	135	277	
254	343	230	
59	162	161	
56	82	60	
152	117	94	
367	238	352	
81	120	186	
358	501	382	
141	147	173	
161	242	161	
287	304	92	
106	57	101	
241	278	265	
274	274	93	
208	110	409	
27	43	21	
178	66	94	
625	189	625	
173	338	524	
280	220	195	
92	76	149	
120	223	220	
527	151	429	
469	247	526	
383	135	252	
107	257	283	
524	404	545	
322	238	326	
45	102	91	
419	417	408	
197	102	119	
170	296	237	
372	435	282	
182	118	124	
399	125	155	
30	55	17	
396	274	323	
190	277	416	
455	348	565	
147	271	138	
156	80	69	
139	483	164	
57	21	71	
366	573	344	
263	439	290	
188	217	370	
87	216	262	
59	54	17	
314	147	197	
225	221	259	
267	112	113	
216	102	188	
478	573	327	
149	152	41	
44	45	140	
277	362	403	
341	194	164	
147	189	200	
63	173	92	
237	246	96	
71	181	125	
82	115	103	
249	171	260	
173	109	280	
185	396	320	
198	328	401	
The worst scenario
453	172	448	
52	87	30	
330	216	157	
542	468	245	
173	121	119	
234	90	291	
516	329	583	
334	289	355	
253	569	628	
96	144	61	
435	270	325	
246	77	91	
630	636	429	
220	169	172	
283	294	206	
127	185	219	
105	74	195	
462	186	636	
360	528	180	
66	142	158	
289	259	626	
92	212	97	
59	97	113	
109	176	136	
564	156	378	
576	219	327	
129	156	75	
358	228	262	
818	611	340	
394	358	365	
141	166	181	
110	438	183	
57	79	26	
500	462	574	
318	144	300	
271	397	336	
61	215	198	
59	89	78	
193	144	105	
440	250	498	
106	175	260	
524	587	561	
180	159	219	
212	352	236	
397	394	130	
121	58	150	
296	355	323	
386	288	100	
282	148	470	
28	59	22	
180	95	127	
740	245	903	
251	496	610	
351	294	228	
125	104	187	
147	278	237	
663	152	430	
590	255	629	
538	181	323	
159	277	340	
569	431	810	
446	253	399	
46	119	123	
423	603	549	
227	116	142	
212	425	296	
379	443	374	
204	174	125	
495	171	216	
40	65	21	
432	397	384	
220	283	552	
611	453	640	
191	386	170	
192	111	81	
191	496	217	
84	25	103	
440	790	382	
327	505	362	
243	230	391	
90	217	277	
61	66	23	
431	196	229	
267	281	320	
290	131	155	
288	121	250	
632	856	446	
222	189	52	
55	63	206	
343	394	535	
457	202	177	
191	277	283	
68	221	121	
267	312	98	
102	258	173	
106	152	131	
302	208	269	
243	117	318	
220	411	453	
296	416	531	
