Factories	5	Jobs	100	Machines	2

Total number of component types per job processed by HSPM
8	9	6	6	11	10	9	7	6	9	7	7	12	9	9	6	7	12	7	9	5	6	10	8	12	6	11	12	8	11	11	5	10	11	12	11	11	9	8	12	9	8	9	5	9	11	8	12	6	7	10	6	8	12	7	12	9	7	5	11	12	12	5	12	7	10	12	9	11	7	12	9	9	5	12	6	7	5	6	5	12	12	8	6	8	11	5	5	7	12	12	7	7	9	9	9	8	6	11	6	

Total number of component types per job processed by MFPM
3	3	3	3	4	3	2	5	3	3	2	1	1	2	4	4	4	5	2	3	5	1	3	1	3	2	3	5	1	1	5	5	3	5	2	2	2	4	1	2	2	4	3	5	3	2	3	1	3	4	5	1	2	4	5	5	4	4	2	5	5	3	5	4	2	3	4	3	2	4	5	1	2	3	1	1	4	1	5	1	1	4	3	2	2	4	1	2	4	5	4	2	1	1	1	3	3	1	4	5	

All component type numbers for each job to be processed by HSPM
9	13	19	22	17	25	5	24	4	52	1	14	6	46	14	57	
14	20	11	37	19	19	9	14	16	68	13	31	2	64	8	12	10	55	
19	35	12	45	11	67	14	17	17	39	13	53	
3	11	8	43	5	20	9	31	14	45	2	33	
18	33	12	23	9	60	1	66	2	59	14	13	0	32	13	61	10	42	7	11	3	53	
13	5	1	49	19	25	16	60	14	40	5	34	17	12	12	56	7	41	3	21	
10	63	1	45	8	32	15	3	9	67	2	8	12	61	0	14	17	1	
7	68	13	9	18	52	2	53	15	50	1	10	14	20	
13	62	3	26	8	29	16	4	19	63	5	12	
3	63	18	57	16	70	17	5	5	15	11	62	6	40	4	37	0	47	
14	5	18	63	13	52	15	59	4	33	11	17	9	3	
17	56	15	31	10	59	11	63	3	54	8	22	9	71	
5	13	0	60	2	30	1	71	17	11	4	23	11	9	15	21	7	27	6	69	3	64	19	17	
8	69	17	13	4	5	10	45	14	41	3	35	16	15	13	19	9	32	
10	5	8	18	16	74	17	23	3	22	13	27	5	40	11	11	4	26	
9	2	7	29	10	9	14	67	0	75	16	64	
16	69	15	58	6	50	1	72	3	35	12	62	8	5	
5	54	0	69	17	71	18	67	7	75	12	3	2	10	10	74	4	73	1	32	11	62	3	15	
1	67	18	50	13	65	19	70	12	14	0	44	3	47	
11	69	17	50	7	30	12	73	8	48	3	24	10	39	9	51	6	57	
16	16	6	23	0	67	10	71	18	26	
2	54	9	49	18	2	3	55	1	32	8	67	
15	53	7	28	14	48	13	39	2	4	8	50	1	64	12	43	11	23	5	67	
10	5	19	29	12	63	5	34	9	70	15	59	13	25	6	17	
8	21	11	50	3	60	6	68	13	27	19	2	10	52	1	39	5	26	2	48	4	72	7	23	
11	59	7	72	6	13	8	36	0	18	12	16	
12	15	14	66	9	60	10	23	7	52	8	49	13	68	16	67	17	46	11	63	4	37	
11	63	12	31	4	60	7	42	15	20	9	35	8	17	6	45	13	16	19	37	5	1	14	22	
14	64	4	38	9	34	15	59	11	68	18	36	16	75	8	45	
2	43	18	32	13	11	3	53	0	49	17	5	8	21	10	14	1	17	16	25	9	74	
14	8	13	23	1	2	11	22	5	31	6	25	4	21	3	20	0	63	10	7	2	59	
13	11	7	73	5	47	12	29	16	74	
11	67	1	72	13	22	17	71	14	36	7	35	8	7	18	31	10	51	9	64	
1	1	12	34	19	72	16	7	15	60	13	30	7	3	11	42	14	47	6	32	10	49	
15	15	0	61	12	1	5	25	8	52	7	55	6	8	11	2	4	57	13	59	1	24	17	23	
4	60	0	6	11	19	15	72	1	73	12	51	3	22	2	34	16	2	17	68	8	12	
6	63	11	45	15	67	3	11	4	75	17	39	1	7	9	4	5	35	19	43	18	44	
2	49	6	5	1	74	16	18	10	12	4	17	11	60	0	10	8	48	
15	23	12	47	2	2	10	55	6	17	4	46	3	11	0	42	
11	42	2	10	0	53	14	40	18	55	1	2	19	33	5	47	7	37	16	75	12	64	10	60	
19	72	1	59	11	25	7	9	18	71	9	6	16	33	13	53	17	74	
3	19	2	33	15	32	6	63	9	60	0	30	13	5	17	16	
9	59	1	27	13	68	15	67	4	56	5	47	3	24	6	32	19	37	
16	9	8	40	13	48	15	13	4	15	
0	72	17	44	7	56	5	29	11	54	6	8	8	46	10	33	13	47	
5	48	14	47	16	60	4	4	3	36	0	34	18	62	19	58	1	29	13	32	9	40	
17	32	3	54	13	71	12	36	7	47	15	17	1	19	0	18	
11	16	7	26	15	55	9	8	13	57	14	25	10	58	8	21	2	66	0	2	18	24	17	70	
9	56	0	17	13	70	19	37	7	54	10	59	
4	52	9	68	11	45	6	57	7	3	17	34	18	26	
0	56	8	29	12	50	19	7	3	27	13	57	5	19	11	18	1	40	15	34	
18	27	11	44	1	15	8	52	19	6	10	10	
16	18	4	70	8	7	6	71	5	73	2	39	10	15	17	53	
4	75	17	34	5	31	11	32	2	9	18	51	12	10	15	59	3	73	19	62	14	55	0	27	
5	66	4	70	3	46	9	24	13	60	10	64	7	43	
9	16	19	38	6	64	18	56	5	63	10	51	16	25	3	72	15	33	11	14	2	15	4	9	
12	60	1	29	5	30	18	70	4	10	10	38	15	11	8	43	2	48	
16	31	15	21	17	26	3	42	14	36	11	72	6	54	
4	39	15	70	2	51	3	43	11	36	
6	36	2	72	4	25	5	20	12	34	15	15	8	22	1	54	19	61	10	63	7	62	
5	24	2	30	17	31	0	61	4	53	14	11	12	57	1	46	16	66	18	55	13	3	15	67	
7	53	4	40	11	75	18	41	19	68	17	44	0	2	8	39	5	45	6	8	1	22	12	72	
4	4	3	12	0	7	5	75	6	24	
4	8	18	17	1	41	10	58	3	28	6	12	11	1	16	66	2	63	12	10	8	43	19	59	
1	24	7	49	0	21	9	38	2	11	18	68	15	63	
14	15	15	41	1	61	7	7	13	56	10	10	0	74	12	12	11	63	4	53	
14	43	8	15	2	53	16	37	18	11	11	13	10	21	7	26	13	5	19	8	6	16	17	35	
11	7	1	12	0	22	7	20	13	42	2	8	12	17	10	46	4	40	
9	23	3	39	15	47	2	52	5	18	4	6	10	37	7	51	0	45	8	34	17	69	
0	31	7	36	9	35	11	27	10	16	2	58	6	47	
12	66	5	30	7	50	9	31	11	6	15	1	1	62	16	16	10	55	19	23	8	54	17	48	
14	49	1	25	6	24	8	28	16	26	15	18	17	63	9	40	19	38	
1	57	3	25	14	26	2	17	7	39	6	19	16	33	9	21	0	55	
1	35	5	21	4	16	9	3	14	75	
16	4	5	7	9	75	14	11	7	9	1	67	15	60	17	54	8	26	4	23	11	10	0	43	
13	18	11	63	12	37	0	44	5	41	7	27	
2	3	15	47	9	44	5	30	6	52	3	62	1	17	
18	50	14	7	10	66	9	44	2	48	
17	11	9	70	3	8	19	33	11	2	5	65	
5	31	0	36	19	58	13	19	18	6	
5	6	13	34	17	39	18	54	0	72	11	47	16	68	12	50	1	46	4	24	9	65	19	69	
15	28	19	14	5	50	6	64	0	23	13	73	4	35	12	74	3	45	2	75	14	36	8	46	
0	60	3	59	12	37	19	32	16	63	11	41	8	9	2	73	
6	70	5	52	19	57	7	73	8	35	11	38	
11	61	14	66	2	29	10	63	1	19	3	44	12	45	19	74	
15	48	12	17	8	15	1	3	17	51	5	65	6	70	10	46	3	30	16	72	9	32	
18	11	2	22	17	55	14	8	8	70	
3	59	9	62	4	75	15	58	12	29	
17	28	0	10	10	67	12	44	8	26	11	41	5	46	
19	74	7	64	11	34	4	41	13	63	16	23	2	49	15	38	12	10	17	46	14	9	1	21	
1	74	12	8	2	11	4	36	7	24	9	3	5	66	8	7	13	4	0	5	11	47	15	65	
8	20	18	11	13	32	5	52	3	40	2	69	12	18	
16	63	11	64	8	48	1	66	5	11	18	29	2	69	
13	24	10	68	14	75	0	39	12	25	5	56	3	66	8	12	2	67	
10	34	12	32	17	17	4	21	8	35	13	16	16	40	11	20	14	37	
3	58	14	43	2	45	15	53	5	34	9	31	17	11	16	73	4	50	
11	64	7	18	19	6	10	66	3	53	0	24	16	55	6	67	
17	33	12	6	13	70	14	41	10	22	7	67	
8	39	4	7	13	18	19	31	17	47	18	3	12	54	14	10	10	41	3	35	5	65	
14	5	7	54	0	48	12	65	17	73	3	43	

All component type numbers for each job to be processed by MFPM
8	13	3	10	6	24	
4	9	9	15	6	7	
3	1	8	14	7	20	
8	23	5	2	9	21	
6	22	0	23	9	13	4	21	
1	19	8	2	3	25	
7	8	3	21	
1	12	7	13	3	17	8	23	4	16	
4	14	0	9	6	19	
7	13	4	14	2	19	
8	13	1	10	
7	16	
7	6	
5	17	6	22	
5	6	2	4	3	11	0	24	
7	3	5	21	1	6	8	1	
4	10	5	14	7	11	8	13	
7	2	1	7	0	1	5	15	3	16	
7	20	3	6	
2	12	8	7	4	10	
9	13	6	25	8	10	2	16	7	17	
8	14	
8	23	6	9	7	11	
6	9	
0	21	3	7	9	24	
6	3	2	13	
9	11	5	24	0	14	
4	21	2	22	6	20	0	9	5	1	
3	17	
6	1	
5	18	1	20	2	22	3	2	0	1	
2	7	7	10	1	12	0	16	4	9	
4	18	1	21	2	2	
6	21	5	1	9	6	1	8	0	12	
5	16	9	20	
0	15	1	16	
6	1	9	10	
6	4	7	9	9	11	8	16	
1	5	
7	17	4	9	
5	15	1	9	
3	14	7	8	9	23	6	17	
2	5	5	25	7	20	
5	2	6	22	4	10	0	18	3	20	
0	14	5	2	8	10	
6	25	4	20	
9	11	7	21	2	23	
7	4	
3	7	1	25	4	6	
9	1	1	2	8	10	5	21	
7	13	2	4	3	16	5	7	0	24	
3	14	
7	3	9	7	
9	23	0	7	5	18	7	22	
7	25	1	22	2	16	6	15	8	13	
9	2	1	12	2	9	8	1	6	8	
1	17	5	16	9	10	7	9	
7	22	2	15	8	1	5	11	
8	2	0	14	
3	5	1	2	4	6	7	22	2	8	
3	20	9	5	5	19	7	16	6	7	
9	16	0	13	4	14	
5	20	8	12	4	5	6	25	1	15	
2	22	3	3	6	11	1	19	
4	23	7	10	
4	25	5	10	9	23	
0	9	1	25	4	20	3	5	
6	2	1	20	2	1	
5	22	8	20	
7	23	1	7	2	21	8	2	
7	8	1	18	4	10	8	20	6	9	
1	1	
8	19	5	21	
4	6	6	9	1	22	
2	17	
5	16	
9	20	1	13	0	22	5	23	
0	24	
0	12	6	21	3	23	7	19	9	11	
5	2	
8	25	
4	2	2	3	0	13	9	20	
6	18	7	11	9	12	
5	24	7	4	
9	9	8	11	
2	2	8	17	5	4	7	3	
5	12	
5	17	8	16	
8	24	1	15	4	19	2	12	
7	5	8	22	4	9	6	15	1	24	
6	16	3	2	1	7	2	10	
5	8	0	17	
5	4	
8	19	
6	20	
5	22	3	9	9	8	
6	21	8	2	2	22	
5	8	
1	10	8	7	3	16	6	1	
5	11	7	5	1	10	3	23	9	20	

Three processing times per job on each machine
The best scenario
333	273	
56	160	
166	61	
126	35	
191	79	
54	28	
202	258	
61	76	
59	232	
160	103	
66	135	
176	277	
398	212	
431	360	
83	139	
15	19	
96	378	
84	166	
151	437	
184	293	
211	138	
118	27	
142	131	
300	166	
32	55	
367	322	
131	200	
76	42	
107	190	
116	236	
231	202	
130	514	
40	88	
129	192	
84	41	
323	293	
153	248	
188	94	
186	218	
62	70	
59	74	
23	57	
221	137	
25	55	
164	143	
105	228	
205	92	
46	39	
191	141	
56	117	
120	306	
106	46	
198	273	
170	274	
25	83	
21	49	
191	159	
182	114	
280	305	
292	131	
42	43	
63	92	
304	322	
72	216	
148	161	
265	302	
26	36	
309	191	
452	137	
258	147	
106	57	
129	140	
136	92	
112	116	
193	142	
41	60	
356	109	
399	253	
114	169	
86	54	
145	240	
54	78	
178	80	
133	93	
109	112	
166	126	
311	101	
26	78	
261	262	
86	192	
157	258	
334	303	
132	161	
69	41	
292	390	
109	69	
23	92	
192	226	
121	269	
72	61	
Most likely scenario
363	403	
90	172	
193	111	
153	67	
257	90	
58	43	
243	329	
92	136	
107	234	
239	164	
112	150	
240	385	
487	266	
507	390	
97	269	
24	37	
144	379	
98	224	
166	462	
220	300	
225	178	
131	47	
153	196	
357	245	
62	72	
444	328	
195	327	
101	69	
116	338	
148	273	
298	236	
199	554	
46	115	
155	276	
96	68	
432	302	
263	302	
314	164	
348	359	
91	127	
66	124	
43	91	
254	147	
33	56	
206	245	
129	260	
229	119	
69	49	
198	266	
99	144	
201	459	
204	81	
232	435	
196	338	
44	97	
34	58	
322	259	
251	170	
314	419	
480	262	
66	65	
83	159	
476	490	
93	240	
217	179	
375	327	
45	48	
411	271	
507	200	
397	227	
163	76	
152	227	
224	94	
118	193	
227	145	
67	80	
378	158	
573	422	
136	283	
112	60	
152	271	
81	79	
257	151	
179	126	
134	164	
241	148	
339	202	
32	96	
312	265	
135	251	
272	278	
372	336	
205	261	
84	48	
303	401	
134	75	
45	102	
249	433	
131	302	
84	79	
The worst scenario
374	421	
95	230	
228	119	
205	80	
326	101	
73	59	
333	331	
127	150	
135	265	
269	195	
116	151	
348	498	
518	353	
742	549	
121	322	
36	52	
197	563	
101	256	
205	494	
226	308	
319	222	
182	58	
187	249	
399	254	
71	101	
469	388	
279	467	
135	92	
143	454	
161	396	
434	273	
255	653	
65	116	
198	409	
121	83	
530	424	
265	435	
463	216	
521	403	
109	188	
70	127	
44	103	
304	168	
48	74	
223	316	
169	373	
256	137	
85	67	
227	349	
115	172	
231	528	
225	92	
233	618	
235	403	
63	102	
37	79	
353	338	
259	174	
359	562	
523	361	
87	88	
117	233	
485	650	
113	319	
224	231	
516	364	
64	72	
601	362	
703	201	
539	340	
238	85	
195	257	
333	107	
148	228	
304	212	
100	104	
533	222	
794	429	
142	401	
135	69	
169	328	
83	81	
354	192	
250	163	
135	213	
262	172	
493	282	
39	143	
329	318	
190	359	
368	408	
437	393	
260	336	
94	69	
318	483	
191	96	
52	126	
332	551	
179	362	
112	94	
