Factories	4	Jobs	100	Machines	3

Total number of component types per job processed by HSPM
12	8	12	9	6	10	10	8	7	8	6	12	12	12	8	5	9	10	5	6	7	8	10	8	5	7	7	6	8	10	9	8	5	5	12	12	9	7	9	9	7	10	5	6	9	11	10	11	10	5	10	6	12	11	9	9	6	6	10	9	8	11	12	10	9	9	7	10	9	9	10	12	11	7	6	5	5	8	9	12	11	12	12	5	8	6	5	7	7	10	12	7	10	7	8	12	8	12	10	12	

Total number of component types per job processed by MFPM
4	1	5	1	1	2	4	2	1	4	5	4	5	5	1	5	5	2	4	4	3	5	1	2	3	4	2	3	1	4	1	2	1	4	4	1	1	4	1	1	1	3	3	2	5	2	2	2	5	4	4	4	2	5	2	3	4	5	2	3	3	3	3	2	3	4	2	1	5	1	2	5	3	1	4	4	5	2	5	4	5	5	3	2	2	4	2	1	1	4	4	5	2	5	5	2	1	4	2	1	5	4	4	1	3	2	2	2	4	4	5	4	5	5	3	3	3	3	1	3	5	1	2	4	3	4	3	3	3	2	3	3	5	1	5	5	1	2	1	5	2	3	2	2	1	3	1	4	3	4	2	3	1	2	2	3	3	3	2	3	5	3	4	4	1	5	4	4	4	3	4	2	4	1	1	2	4	4	4	4	5	5	5	2	3	3	2	1	3	3	1	5	1	2	3	5	4	3	1	1	

All component type numbers for each job to be processed by HSPM
5	42	12	46	16	16	13	20	15	63	14	25	3	33	7	23	1	61	4	19	19	32	17	40	
18	59	2	63	19	3	15	18	8	21	16	32	4	33	12	23	
1	45	13	13	12	20	8	21	11	36	14	37	7	27	10	44	2	7	16	46	6	71	19	33	
11	72	12	70	18	2	10	32	9	38	2	54	1	56	14	75	4	15	
7	5	12	20	5	69	14	49	6	29	13	38	
18	65	5	57	16	72	14	1	2	32	4	16	12	68	9	45	17	8	10	2	
11	75	2	34	17	9	1	73	7	54	13	61	12	71	4	35	6	22	8	39	
15	27	12	30	3	59	4	2	17	72	10	31	5	54	13	17	
7	12	17	2	1	29	9	15	13	67	19	39	3	28	
15	44	16	1	2	49	12	6	19	30	6	56	14	3	13	10	
0	17	5	71	18	36	11	26	17	18	4	28	
10	59	5	3	8	7	4	20	16	54	14	18	13	17	17	5	6	47	9	1	12	71	2	33	
12	75	11	35	5	62	18	30	13	44	15	2	10	68	16	46	4	72	14	42	17	70	6	19	
1	39	11	33	2	28	3	74	15	55	6	5	18	7	4	32	13	42	8	29	10	64	14	41	
5	19	3	17	11	24	6	62	8	8	10	37	18	29	1	14	
8	17	17	31	13	66	15	40	3	42	
5	36	8	69	11	22	1	42	9	29	19	74	14	61	17	16	2	54	
17	58	3	60	15	67	4	10	14	75	12	32	6	48	8	42	18	5	2	57	
12	41	15	10	5	66	6	33	19	46	
4	70	7	66	16	19	10	38	9	17	3	74	
10	34	6	4	4	35	5	67	12	11	0	18	3	28	
5	22	16	1	10	19	15	54	13	3	2	8	1	13	6	59	
5	64	0	74	10	58	16	63	18	47	6	26	3	16	17	49	9	22	13	40	
1	32	15	45	5	61	7	40	11	36	16	70	3	22	13	33	
17	35	5	61	1	62	11	42	10	20	
12	31	18	11	16	62	11	18	17	14	2	75	4	47	
11	49	2	53	6	7	8	12	19	50	3	13	13	31	
15	51	13	9	18	54	12	6	9	75	0	71	
18	74	6	38	9	32	5	2	15	49	3	42	2	37	12	44	
14	74	6	53	8	15	16	18	2	19	18	69	10	14	0	33	4	67	13	30	
4	36	12	59	19	73	14	56	3	29	7	24	17	39	18	44	15	7	
1	18	16	63	13	25	3	59	9	45	14	11	18	47	12	14	
14	14	7	30	17	38	1	34	6	52	
13	58	2	32	7	31	4	44	9	74	
11	51	19	44	9	3	1	23	6	16	12	69	2	56	14	34	17	20	16	6	0	54	8	32	
18	61	11	20	4	54	9	23	16	6	5	68	0	13	19	34	6	56	14	24	1	5	7	39	
14	68	9	46	8	61	19	29	15	3	12	38	10	11	13	8	3	57	
18	66	7	65	19	9	15	62	16	32	10	25	9	60	
6	65	14	69	7	30	10	61	5	24	18	14	12	2	15	7	3	53	
6	66	19	50	13	42	7	70	9	61	14	30	16	40	4	55	1	21	
11	4	10	8	14	59	15	50	17	13	16	75	0	21	
18	5	15	37	6	27	5	34	0	49	4	58	13	74	1	71	14	60	11	24	
6	42	19	69	15	35	14	58	0	18	
18	35	6	8	11	64	14	28	12	3	17	31	
5	62	9	54	12	5	17	65	14	25	16	73	3	24	19	53	18	50	
10	33	11	74	4	63	15	53	2	13	1	6	19	44	0	14	5	18	3	22	18	3	
7	30	14	27	18	73	19	71	16	34	3	11	10	61	13	48	5	4	2	16	
16	22	11	13	2	64	1	34	6	5	7	63	19	66	10	72	12	56	14	60	5	61	
11	7	17	46	18	72	10	75	9	23	0	30	13	51	6	3	8	8	15	61	
17	23	10	66	0	43	1	70	14	8	
4	65	19	52	12	21	1	5	18	19	15	27	8	60	17	56	9	75	11	20	
13	59	14	22	7	74	18	2	8	39	15	34	
5	12	16	59	7	48	1	24	0	41	17	18	2	68	18	25	9	56	12	30	19	29	8	5	
8	32	0	2	13	16	6	11	14	68	3	37	17	30	18	12	2	28	19	26	10	71	
2	11	14	58	4	64	8	16	17	22	15	45	16	56	7	66	13	10	
6	29	9	61	8	1	0	5	1	73	15	18	3	35	14	25	18	70	
8	24	16	30	14	9	4	66	1	8	10	39	
15	56	10	64	17	50	5	38	14	18	4	46	
19	33	7	30	3	46	10	53	4	14	11	52	16	61	15	59	14	20	12	73	
8	47	11	21	10	44	17	65	12	50	4	3	18	42	19	60	16	8	
2	56	14	49	15	50	18	32	7	14	11	63	9	62	16	41	
5	55	2	35	4	36	16	27	14	25	7	73	0	7	10	10	11	47	9	40	12	70	
1	5	7	68	10	55	3	39	17	70	2	16	19	73	18	49	8	7	4	13	16	12	6	19	
8	65	9	22	4	67	1	73	5	63	17	30	3	39	2	44	18	4	12	53	
2	40	8	32	1	6	17	65	11	16	4	5	3	9	16	13	18	3	
19	59	10	16	4	69	14	40	6	15	16	37	7	64	2	51	11	56	
5	14	7	3	11	18	19	26	16	45	17	60	15	8	
8	38	10	42	4	48	12	40	6	16	7	46	0	6	18	72	16	29	11	50	
3	24	7	9	14	19	9	60	17	30	12	15	19	20	4	25	18	32	
10	5	11	22	0	30	8	19	18	50	19	42	12	75	2	12	5	44	
4	74	15	32	13	44	6	42	10	17	7	63	11	12	16	3	3	10	1	34	
9	75	8	38	4	71	2	50	17	32	5	69	19	52	12	7	1	13	0	27	15	5	11	9	
3	49	9	54	18	59	16	7	12	62	0	57	13	8	6	25	10	27	5	66	15	19	
7	51	5	72	12	35	6	16	8	7	16	69	10	73	
18	53	0	73	1	56	16	44	12	36	2	7	
3	52	13	37	8	32	2	44	18	74	
5	1	8	24	2	14	13	6	6	56	
5	42	9	66	0	43	16	39	19	45	10	52	1	29	17	56	
1	72	9	31	6	61	5	26	10	11	12	8	17	14	7	40	18	38	
10	49	3	18	12	34	17	28	7	67	0	16	2	57	14	68	5	36	19	26	11	59	4	44	
19	3	5	6	15	25	10	51	9	52	13	12	1	71	11	75	0	49	14	43	3	69	
9	36	17	60	16	66	11	50	8	28	12	34	5	10	1	73	10	65	4	1	18	25	13	24	
2	71	15	33	0	15	12	51	14	61	3	21	8	12	6	73	19	47	9	3	13	22	1	5	
2	36	14	2	8	39	17	4	12	37	
6	1	3	59	13	73	15	48	1	26	11	71	2	7	8	17	
7	5	9	72	8	50	1	60	0	35	15	1	
19	9	13	67	0	12	17	10	18	59	
10	11	2	62	7	58	8	63	9	39	5	10	3	36	
12	36	17	9	10	57	2	24	3	6	1	35	5	61	
1	53	3	13	13	37	7	11	4	27	19	8	0	64	17	40	9	46	8	48	
15	52	11	70	7	54	5	73	0	20	13	17	8	64	6	68	18	16	14	1	17	10	3	61	
10	25	3	4	4	1	15	35	14	62	5	31	18	10	
4	35	7	23	16	48	0	29	10	47	11	59	17	42	14	72	8	4	3	70	
0	54	4	2	14	71	9	56	5	18	12	53	15	57	
13	26	10	13	1	38	6	58	18	55	5	68	17	39	7	35	
16	36	15	25	12	14	8	3	14	12	2	29	17	53	4	28	19	56	5	74	13	54	1	8	
1	56	12	43	7	18	4	4	18	32	6	10	11	52	19	13	
1	3	6	19	19	11	18	8	14	63	12	61	2	32	17	13	5	66	7	24	15	38	16	44	
6	49	19	33	16	36	18	65	14	40	9	70	7	8	12	18	8	22	1	29	
3	18	8	26	15	42	13	55	1	6	0	44	16	47	14	49	2	7	19	28	10	59	5	65	

All component type numbers for each job to be processed by MFPM
4	2	1	17	3	21	7	24	
5	35	
2	3	1	7	8	20	9	22	0	1	
1	34	
7	3	
7	45	5	28	
0	13	1	16	6	2	8	20	
5	48	1	37	
6	17	
2	50	7	45	6	27	8	37	
3	16	9	7	6	6	5	18	2	23	
2	30	6	43	4	28	8	36	
5	21	9	12	4	5	3	16	0	1	
7	28	6	34	2	41	8	29	5	36	
3	19	
0	38	5	50	4	41	6	36	1	45	
9	11	0	13	1	9	2	3	7	17	
7	41	9	35	
2	23	9	10	7	7	3	20	
4	45	7	48	0	27	1	37	
8	3	9	6	6	19	
1	48	8	43	4	26	7	28	3	36	
3	5	
4	29	5	36	
3	1	2	7	9	10	
0	38	9	49	1	47	4	35	
8	5	2	7	
3	26	4	29	8	33	
5	18	
7	47	5	50	3	43	8	48	
8	6	
2	45	9	42	
5	23	
1	45	6	46	5	49	4	32	
9	1	0	15	1	13	6	21	
4	50	
5	2	
9	30	3	40	8	46	5	31	
7	16	
9	38	
8	13	
6	41	3	26	9	28	
9	16	3	12	2	2	
4	34	9	42	
5	19	9	17	2	23	0	3	3	11	
2	34	1	43	
4	19	1	15	
3	34	6	36	
0	19	8	3	5	5	7	16	6	12	
4	38	0	45	8	36	2	43	
3	1	8	3	7	12	2	14	
5	31	4	45	8	43	6	42	
0	7	8	9	
1	36	6	37	8	41	4	28	3	34	
8	6	7	2	
2	42	1	45	8	28	
6	7	8	6	2	3	1	10	
8	39	4	40	1	35	0	44	2	27	
4	6	1	11	
7	49	9	36	1	39	
2	10	9	18	1	25	
4	40	8	43	2	49	
7	19	4	14	1	18	
1	34	4	36	
1	9	5	7	0	22	
4	48	5	40	6	31	8	29	
8	9	6	23	
6	34	
7	4	4	14	8	24	9	7	2	8	
2	26	
3	19	4	13	
0	28	5	26	6	39	3	50	2	38	
3	1	2	16	9	20	
8	39	
8	17	9	20	2	18	7	25	
3	42	9	46	8	41	4	43	
6	16	5	17	1	12	0	1	8	19	
0	39	6	31	
3	8	0	22	9	20	8	1	5	15	
7	45	6	40	0	37	3	44	
5	23	9	20	4	10	7	24	0	22	
6	32	4	48	8	33	1	50	7	38	
2	3	8	25	1	9	
9	42	0	39	
7	14	8	10	
3	33	1	37	9	28	5	42	
7	22	4	20	
5	45	
3	22	
6	40	7	38	8	35	4	33	
7	22	9	9	0	2	5	13	
2	49	6	30	7	39	9	31	8	32	
7	10	9	3	
1	32	9	35	8	33	5	27	0	41	
2	10	6	19	9	15	8	22	4	23	
2	30	5	26	
7	1	
4	47	1	29	3	35	9	50	
9	17	7	10	
3	50	
8	17	7	8	3	3	9	2	5	21	
7	50	2	43	0	41	5	26	
0	4	3	2	5	11	4	22	
6	39	
9	20	7	14	0	10	
8	44	3	48	
4	23	0	17	
9	48	4	38	
5	16	1	25	8	24	6	19	
6	35	5	39	0	28	7	48	
7	24	0	6	5	16	1	4	3	19	
9	39	8	30	2	46	1	42	
5	5	7	11	0	6	3	24	4	18	
2	42	7	43	6	37	3	48	4	34	
4	7	3	20	7	11	
4	27	5	31	3	41	
9	15	2	23	7	22	
9	45	1	32	0	27	
7	22	
3	46	8	27	5	30	
5	17	7	25	0	20	8	11	2	21	
0	44	
1	6	0	10	
2	33	4	26	3	29	0	27	
6	4	9	5	3	10	
3	41	9	26	4	45	0	38	
4	18	6	3	5	22	
5	49	8	40	0	34	
8	17	2	20	1	15	
9	31	3	42	
6	5	4	21	8	13	
8	31	6	28	0	41	
0	5	3	2	8	3	1	7	4	4	
6	32	
4	24	0	5	7	16	5	14	9	23	
7	33	5	40	4	43	1	31	9	45	
9	19	
8	41	1	50	
2	24	
4	41	9	35	1	38	8	48	3	29	
3	8	9	10	
7	50	2	31	6	42	
5	7	0	20	
2	31	3	32	
3	6	
8	35	2	31	9	43	
5	9	
5	44	2	31	9	49	0	38	
7	23	3	8	8	25	
0	39	5	45	1	48	9	43	
3	19	7	24	
6	41	3	34	4	37	
4	11	
7	29	5	26	
1	14	3	10	
1	49	6	34	4	42	
5	2	2	9	7	15	
9	37	8	28	2	27	
6	10	7	14	
3	32	6	33	2	45	
7	21	5	7	0	11	4	3	6	18	
9	46	7	33	5	27	
4	16	2	1	3	5	6	24	
4	28	5	40	0	49	8	39	
5	10	
6	33	0	38	5	41	1	45	4	40	
0	16	5	22	3	2	7	24	
2	47	0	40	6	32	9	28	
8	24	2	16	1	9	7	3	
4	50	2	28	7	41	
7	23	6	9	5	24	2	18	
5	30	4	28	
8	6	4	24	6	12	7	18	
7	48	
4	11	
9	37	8	43	
7	1	1	2	8	9	5	16	
0	36	7	30	5	26	3	34	
2	24	6	3	3	14	7	12	
4	47	0	27	6	39	7	40	
8	5	6	16	9	20	5	1	0	14	
2	38	9	30	6	37	8	44	3	41	
2	2	1	15	8	14	0	13	9	22	
8	50	7	39	
1	3	0	6	3	14	
5	28	0	27	6	30	
7	21	8	2	
9	30	
8	14	5	16	4	23	
8	50	7	41	0	40	
6	25	
2	37	3	45	8	29	9	38	0	47	
4	24	
1	37	3	46	
9	23	0	22	4	24	
4	35	2	46	8	31	5	43	3	50	
4	24	3	2	9	18	5	19	
0	44	5	42	6	29	
5	25	
1	36	

Three processing times per job on each machine
The best scenario
231	169	213	
160	69	106	
42	118	55	
109	236	199	
59	150	74	
207	136	501	
262	89	251	
44	71	35	
252	145	86	
131	238	114	
117	159	268	
445	264	150	
214	297	139	
131	78	193	
84	257	79	
325	265	289	
76	148	153	
26	47	160	
242	162	271	
190	211	249	
265	272	78	
294	254	178	
70	82	51	
139	45	30	
76	51	46	
91	99	135	
363	135	335	
140	81	159	
281	306	191	
191	465	162	
68	43	62	
177	258	143	
153	122	62	
32	24	56	
284	342	205	
133	223	292	
120	54	88	
295	324	195	
241	151	184	
82	93	109	
128	215	237	
259	152	181	
121	168	288	
163	45	42	
120	169	414	
53	137	279	
43	29	46	
157	116	50	
79	68	40	
65	76	74	
222	335	280	
308	263	342	
30	34	26	
111	53	102	
226	331	413	
103	133	96	
97	200	226	
207	155	57	
59	83	41	
196	141	355	
60	56	31	
38	55	42	
133	124	137	
134	503	444	
298	116	176	
365	420	466	
167	69	52	
198	160	149	
71	120	121	
97	488	222	
41	72	67	
34	49	99	
129	395	303	
103	225	125	
67	68	34	
75	104	158	
152	312	78	
32	45	51	
374	124	212	
17	64	57	
76	140	94	
106	148	60	
225	332	168	
126	95	112	
87	361	393	
235	140	521	
133	140	395	
117	97	63	
202	205	119	
176	142	171	
382	246	148	
67	94	114	
125	52	90	
265	125	316	
22	12	27	
482	139	236	
153	135	47	
595	175	233	
33	62	66	
116	410	345	
Most likely scenario
292	233	419	
203	115	171	
45	120	103	
187	313	234	
71	191	122	
339	267	527	
416	145	424	
69	125	59	
334	162	141	
174	345	206	
168	259	294	
451	367	187	
339	434	180	
196	104	202	
150	288	120	
353	361	526	
102	162	170	
42	58	165	
419	232	445	
342	257	376	
293	541	131	
354	341	338	
116	92	62	
149	73	60	
87	56	78	
132	159	244	
399	242	403	
180	87	168	
412	411	286	
304	511	296	
122	54	95	
200	275	257	
237	181	65	
37	35	67	
477	393	329	
191	395	295	
142	78	89	
480	402	268	
395	160	192	
91	101	149	
201	271	383	
307	224	231	
219	229	468	
194	60	52	
174	262	431	
92	181	280	
75	47	72	
185	154	92	
92	76	52	
91	100	92	
321	341	331	
348	273	389	
34	54	36	
127	105	117	
266	582	460	
178	158	121	
150	318	379	
247	250	75	
86	138	43	
230	152	364	
64	62	38	
39	74	81	
136	241	155	
153	533	602	
400	165	297	
449	435	606	
186	138	68	
284	212	201	
125	211	152	
170	520	256	
49	96	71	
43	90	113	
172	406	472	
204	240	134	
78	82	45	
145	191	202	
206	436	135	
54	58	65	
413	219	394	
32	83	77	
103	259	147	
169	150	65	
441	430	286	
207	186	140	
170	374	471	
261	214	522	
227	265	479	
145	103	78	
209	257	228	
200	249	243	
526	285	175	
101	138	120	
138	61	108	
330	186	400	
24	15	28	
536	161	454	
157	151	57	
598	230	275	
63	71	115	
184	475	505	
The worst scenario
388	341	511	
266	118	200	
63	137	153	
208	375	277	
102	249	164	
401	280	741	
592	209	497	
103	180	74	
343	200	199	
244	394	220	
229	359	330	
482	383	253	
493	553	185	
231	152	253	
167	326	180	
495	499	651	
137	166	224	
47	73	232	
514	300	561	
484	305	460	
383	768	191	
523	386	371	
119	119	88	
177	99	64	
99	84	103	
192	233	363	
522	289	504	
258	91	173	
441	517	374	
429	730	424	
148	66	116	
210	412	333	
308	218	80	
49	40	88	
559	564	394	
216	525	417	
178	111	90	
582	554	366	
473	213	200	
135	128	222	
277	386	437	
381	321	297	
262	337	487	
260	84	55	
212	339	628	
124	242	355	
77	54	108	
272	168	115	
125	77	63	
98	126	95	
402	473	443	
463	387	474	
42	71	41	
139	149	143	
272	815	680	
261	173	127	
200	450	382	
300	337	79	
120	178	53	
280	212	450	
73	67	44	
54	89	111	
142	294	188	
194	609	734	
442	181	349	
500	523	809	
256	165	102	
316	263	256	
183	274	189	
233	705	362	
68	138	82	
60	95	141	
208	545	496	
208	261	156	
113	108	52	
216	279	239	
210	601	188	
61	66	67	
429	248	424	
47	102	81	
143	292	175	
213	202	92	
462	432	408	
244	257	193	
175	473	670	
291	238	556	
285	294	699	
178	107	84	
278	275	318	
204	325	337	
531	313	218	
142	197	130	
196	87	140	
354	226	436	
31	17	33	
584	171	589	
184	154	78	
682	271	308	
74	105	152	
206	707	629	
