Factories	7	Jobs	100	Machines	2

Total number of component types per job processed by HSPM
7	11	10	7	8	9	5	9	12	12	6	10	8	5	9	5	11	11	11	12	5	5	12	6	12	9	6	8	8	5	6	10	10	12	8	12	9	11	7	8	5	12	5	9	7	11	8	5	8	7	7	7	9	11	11	8	11	6	9	7	8	7	6	6	10	5	12	7	11	7	5	7	12	7	5	10	10	12	5	7	6	8	12	5	11	7	9	6	5	9	7	11	9	10	8	8	7	8	5	10	

Total number of component types per job processed by MFPM
3	5	4	4	3	4	3	2	2	4	5	3	2	2	2	2	5	4	1	5	4	3	2	1	2	4	3	3	4	4	2	4	5	2	4	1	2	1	5	2	3	1	2	1	3	4	4	4	2	4	4	4	4	2	2	1	2	2	1	4	2	1	2	4	1	4	3	1	4	3	3	1	2	4	1	2	3	5	5	2	1	1	2	1	3	5	4	2	2	3	5	1	1	2	1	4	1	2	1	1	

All component type numbers for each job to be processed by HSPM
4	63	8	50	10	2	15	33	0	57	16	51	7	39	
4	11	10	17	14	5	7	45	9	24	5	35	0	38	19	8	18	19	1	59	3	13	
10	60	18	10	13	19	8	37	11	16	17	46	5	58	6	62	15	13	0	51	
6	30	5	52	19	7	8	64	11	34	12	65	2	44	
16	36	19	51	3	37	10	66	7	34	8	31	17	11	14	47	
9	58	10	18	15	34	2	45	1	75	7	41	13	3	3	27	4	67	
1	43	6	20	19	56	3	38	17	31	
10	32	11	48	18	58	9	56	3	26	17	62	1	4	4	42	7	39	
13	23	1	57	9	54	10	36	14	31	16	48	0	42	3	11	6	30	12	12	4	66	18	16	
18	69	7	44	15	58	3	72	19	54	1	42	6	41	11	46	8	61	4	73	2	17	5	65	
10	62	13	59	5	38	3	30	8	57	17	34	
1	72	19	42	11	16	7	24	13	68	9	14	10	41	18	69	2	53	8	44	
5	41	18	24	11	51	14	10	6	26	8	9	12	28	10	18	
5	68	8	60	4	54	6	24	17	67	
12	68	17	5	3	17	0	29	15	59	2	38	11	41	6	46	1	73	
7	43	6	74	19	41	1	36	2	69	
2	62	13	6	3	26	10	54	6	59	4	10	0	7	9	43	5	21	16	52	11	49	
12	28	10	53	4	61	14	73	8	45	18	58	6	23	11	65	13	29	5	68	1	14	
16	52	12	70	17	48	19	42	11	54	4	63	10	61	7	8	8	25	1	65	6	41	
9	14	19	1	5	22	2	25	16	12	0	55	18	44	15	5	4	28	3	39	7	24	11	56	
7	41	17	11	18	64	0	9	1	58	
1	1	18	51	7	43	6	31	19	32	
16	36	9	49	14	68	6	17	15	10	12	50	11	21	13	20	2	41	7	28	1	24	10	71	
19	24	9	49	11	9	15	1	5	51	1	36	
5	20	14	12	13	33	6	1	4	46	0	52	17	36	16	47	3	25	9	41	10	40	8	31	
19	74	16	46	0	70	4	63	6	1	15	47	3	64	8	43	11	6	
14	71	7	19	16	29	15	53	12	11	0	7	
2	9	7	12	6	1	11	19	12	51	8	61	15	57	4	30	
10	51	17	33	9	17	7	10	11	14	3	56	19	67	16	3	
2	40	6	58	7	56	18	48	4	52	
12	18	13	26	8	28	9	6	14	64	10	1	
9	47	12	74	19	41	13	15	16	45	11	33	2	54	6	37	0	61	14	58	
2	58	15	10	14	38	9	61	5	52	7	13	13	7	18	65	0	57	1	17	
4	36	13	52	3	21	1	50	12	70	8	3	19	61	9	51	10	44	15	4	6	29	16	23	
15	44	2	1	7	53	12	70	18	24	3	16	14	67	11	4	
11	42	16	48	6	29	10	38	3	59	7	46	9	34	13	24	8	16	1	36	15	41	19	72	
16	44	6	37	3	29	17	3	0	57	2	30	7	36	14	72	5	19	
16	62	18	41	14	53	4	44	8	69	17	19	12	73	0	5	10	20	19	6	11	25	
11	67	19	25	3	70	2	72	14	43	4	71	8	74	
16	21	7	15	8	40	2	41	0	44	14	53	18	20	4	28	
2	30	4	6	19	7	11	70	18	3	
11	18	0	30	8	65	4	24	3	43	5	75	7	73	17	59	13	14	12	56	2	37	16	36	
3	73	8	64	0	56	18	2	1	26	
9	9	2	54	6	22	19	51	8	49	16	11	4	35	10	20	7	16	
9	61	7	63	16	20	14	1	3	58	4	22	6	72	
13	9	12	53	5	73	14	24	17	36	16	66	9	60	6	27	0	72	4	38	19	67	
16	68	10	14	14	64	15	69	17	50	3	18	18	40	5	42	
8	73	14	32	16	64	18	6	19	35	
19	15	17	58	2	16	16	36	8	20	9	50	4	45	18	23	
1	34	19	54	10	33	6	32	2	71	8	58	4	40	
6	4	8	5	11	48	2	13	9	61	12	3	1	18	
19	2	1	24	5	65	11	18	9	40	0	60	10	6	
1	35	13	52	6	21	17	32	16	34	10	6	15	1	0	13	18	38	
6	11	18	42	10	61	7	67	0	55	11	33	12	39	3	51	13	49	8	72	17	54	
7	61	15	53	0	31	3	29	10	22	2	48	6	19	4	24	5	57	1	34	14	13	
1	12	19	57	15	65	4	30	11	32	6	75	17	70	12	73	
8	53	12	37	10	48	18	43	14	27	17	38	1	73	4	8	3	59	15	72	7	36	
10	28	19	65	15	48	6	9	8	52	16	12	
7	44	15	22	5	49	2	59	12	12	10	3	14	21	19	62	4	31	
8	10	10	26	6	4	3	11	14	62	16	15	15	33	
1	4	18	43	13	2	7	20	16	17	8	14	6	74	12	56	
2	70	17	1	11	22	14	26	12	20	1	50	6	18	
17	63	4	25	11	10	8	68	1	7	3	64	
8	66	9	8	3	22	17	61	19	18	4	13	
11	40	15	71	17	24	16	56	19	57	6	64	9	38	1	6	4	15	12	45	
5	41	19	25	13	12	17	53	16	16	
17	20	19	50	4	56	3	63	0	5	16	6	10	40	11	35	12	45	13	58	8	74	2	65	
9	26	17	41	4	25	7	12	18	29	2	30	15	35	
7	69	19	17	11	29	18	75	13	19	0	11	6	70	5	67	2	72	16	38	15	8	
11	6	10	60	3	75	12	7	4	21	19	36	17	73	
3	71	4	67	16	48	0	17	18	15	
2	63	16	36	15	60	19	68	14	28	3	23	10	58	
12	61	15	25	9	54	0	36	6	32	3	24	2	17	19	27	7	72	8	23	4	14	10	68	
3	14	4	55	1	53	6	28	8	38	15	26	12	2	
4	49	3	30	7	45	14	75	8	54	
3	64	6	31	15	67	8	36	12	48	0	35	7	63	2	34	10	62	13	29	
15	44	4	15	9	40	2	54	14	20	10	25	18	32	11	23	16	7	1	48	
16	71	0	59	11	73	3	67	8	60	14	36	1	5	10	39	17	37	9	70	13	75	19	28	
16	53	4	1	10	51	14	43	0	44	
9	20	13	63	2	50	19	7	15	29	0	61	4	13	
0	38	14	12	5	2	17	50	13	28	18	16	
14	65	10	67	17	32	15	73	19	7	4	62	3	61	13	17	
7	4	10	16	14	72	11	56	1	21	4	74	13	66	9	26	2	34	0	28	16	24	6	38	
17	26	9	16	1	74	2	43	13	29	
7	6	3	26	1	22	5	69	8	37	10	39	9	11	13	60	4	42	15	72	14	19	
13	35	2	71	0	28	6	62	15	3	3	52	9	70	
9	38	0	26	15	60	17	29	4	16	13	3	14	11	1	13	19	55	
15	46	2	72	14	60	10	55	7	54	16	45	
19	18	7	40	16	16	15	10	9	75	
2	18	15	67	18	65	3	42	9	73	16	62	13	59	12	31	14	22	
11	8	16	66	15	11	13	16	17	13	18	53	5	75	
14	58	13	27	8	20	3	41	5	74	12	9	17	17	4	50	2	35	7	47	9	15	
9	72	13	73	6	7	5	43	14	19	12	46	19	55	17	4	8	9	
11	57	15	2	12	62	6	37	4	18	10	48	18	38	14	47	9	9	19	70	
11	34	17	65	19	27	18	73	4	50	13	41	14	18	7	11	
1	67	8	3	18	10	19	26	15	22	2	43	14	13	7	66	
6	33	19	43	10	38	11	28	7	56	8	70	0	63	
12	48	15	55	4	44	10	45	19	40	9	8	0	51	17	14	
8	10	19	58	14	42	7	32	11	8	
6	66	15	14	18	57	12	56	19	63	4	35	16	21	17	58	5	24	11	36	

All component type numbers for each job to be processed by MFPM
4	25	1	10	3	18	
6	24	0	5	3	18	9	14	7	15	
6	25	5	10	7	14	0	22	
0	5	4	21	9	6	2	15	
2	8	6	14	1	3	
1	5	3	8	0	4	9	14	
3	20	1	24	9	16	
4	12	7	24	
7	24	8	1	
1	23	4	20	6	7	2	4	
6	10	2	16	7	6	8	9	1	13	
1	25	7	23	0	6	
9	20	8	13	
8	23	4	5	
6	25	1	4	
1	3	2	4	
9	24	1	6	7	22	0	7	6	4	
3	10	8	16	0	19	5	22	
2	11	
5	2	2	10	6	15	1	14	4	16	
7	12	6	13	1	18	0	3	
7	14	8	7	9	5	
9	21	2	16	
1	7	
1	17	7	19	
1	5	5	17	9	22	3	2	
4	10	5	7	2	4	
9	18	8	13	5	4	
9	4	7	12	3	16	6	15	
9	21	7	16	3	1	1	19	
1	24	6	17	
1	9	5	20	2	24	3	4	
2	13	4	11	9	14	3	17	1	22	
6	2	1	16	
4	18	5	5	2	1	9	23	
0	23	
9	16	2	7	
4	5	
8	22	4	9	1	16	7	19	3	21	
9	10	1	20	
8	7	6	12	3	21	
4	19	
4	19	1	7	
3	6	
7	23	1	13	4	2	
3	23	9	16	5	10	6	24	
5	25	1	23	0	4	4	12	
8	22	4	18	6	11	2	24	
6	15	9	24	
8	12	3	1	5	24	4	14	
6	5	3	14	5	1	1	13	
5	7	7	16	8	18	2	1	
5	11	8	12	0	13	7	5	
6	18	3	17	
1	21	2	4	
4	16	
6	5	8	16	
0	14	6	8	
2	15	
7	25	0	8	6	15	1	19	
8	2	6	18	
9	18	
2	8	1	19	
2	4	7	24	0	9	4	11	
7	20	
2	8	3	22	5	24	4	5	
6	2	5	9	0	10	
1	5	
7	17	1	3	8	6	0	13	
5	7	0	15	8	25	
0	2	2	19	6	12	
0	2	
1	10	8	18	
0	2	6	25	7	7	8	15	
9	11	
1	15	2	12	
1	24	4	25	0	21	
3	11	6	24	1	1	7	21	0	5	
6	17	5	13	9	10	4	20	2	15	
2	14	9	6	
7	3	
5	18	
5	21	9	13	
4	14	
2	5	5	20	7	7	
8	3	6	16	3	14	1	5	0	21	
5	21	2	17	6	2	3	8	
6	24	3	5	
4	5	3	21	
3	2	6	16	4	9	
3	16	4	6	1	10	6	9	9	17	
5	5	
9	8	
4	23	6	13	
8	6	
7	23	9	4	5	19	4	15	
6	7	
2	20	5	21	
3	13	
2	17	

Three processing times per job on each machine
The best scenario
191	100	
43	78	
29	29	
180	324	
195	187	
104	49	
31	40	
73	81	
30	54	
103	177	
59	77	
104	82	
45	197	
209	59	
350	119	
486	353	
74	120	
187	184	
423	246	
134	58	
295	419	
125	239	
180	136	
328	452	
90	306	
288	389	
103	63	
180	228	
45	11	
120	34	
92	65	
138	146	
33	28	
387	199	
37	82	
21	52	
82	80	
126	245	
19	40	
241	107	
77	158	
109	162	
66	51	
48	57	
28	66	
82	86	
81	23	
54	69	
153	154	
48	34	
291	359	
189	186	
81	175	
284	169	
214	226	
231	132	
107	287	
132	89	
47	76	
181	239	
40	67	
476	208	
141	92	
12	42	
118	99	
79	157	
106	37	
120	60	
62	201	
122	201	
144	187	
87	92	
126	98	
150	302	
51	55	
41	39	
17	18	
85	86	
58	30	
288	307	
105	93	
181	169	
344	80	
59	129	
71	77	
41	40	
151	150	
198	142	
17	20	
58	90	
54	176	
403	464	
143	103	
335	131	
189	136	
246	305	
153	62	
363	247	
140	140	
54	166	
Most likely scenario
198	162	
75	80	
37	47	
232	330	
254	277	
119	85	
43	60	
102	152	
42	65	
178	202	
97	121	
122	133	
82	202	
239	103	
451	171	
490	468	
120	212	
227	339	
467	330	
184	80	
542	591	
148	248	
188	266	
471	521	
173	325	
339	393	
136	75	
245	248	
55	22	
160	61	
137	105	
152	160	
43	33	
469	303	
63	121	
30	103	
119	116	
141	398	
37	62	
272	214	
138	173	
154	319	
74	64	
77	84	
35	75	
116	142	
87	45	
107	84	
206	168	
49	53	
409	461	
241	201	
149	272	
348	306	
248	411	
233	151	
158	310	
215	106	
66	112	
203	259	
71	73	
498	386	
216	131	
22	54	
219	147	
82	177	
115	70	
124	62	
103	370	
175	275	
202	293	
103	113	
246	126	
171	461	
100	97	
50	70	
25	25	
99	96	
59	58	
463	361	
174	175	
241	235	
470	159	
65	203	
103	148	
58	51	
167	249	
282	213	
20	22	
93	94	
97	178	
497	526	
165	116	
474	253	
217	153	
326	399	
155	96	
473	253	
195	183	
105	213	
The worst scenario
201	203	
81	109	
50	58	
240	372	
306	397	
137	117	
54	76	
114	161	
58	94	
246	216	
132	170	
147	182	
99	259	
346	142	
636	226	
722	631	
169	264	
277	460	
600	481	
254	106	
749	607	
161	298	
266	275	
657	614	
208	479	
390	426	
192	77	
299	337	
67	25	
183	65	
186	124	
222	232	
61	47	
482	332	
82	128	
38	138	
145	153	
169	457	
46	92	
307	225	
192	210	
197	365	
76	81	
95	120	
52	94	
140	154	
91	66	
109	95	
229	190	
61	66	
469	654	
286	215	
176	280	
395	396	
359	461	
346	155	
163	389	
304	108	
92	135	
220	350	
98	86	
687	417	
251	185	
29	68	
250	179	
107	183	
156	87	
162	90	
124	528	
177	278	
287	368	
126	127	
282	169	
182	608	
123	128	
62	104	
29	34	
110	129	
70	86	
580	427	
235	177	
309	294	
704	226	
73	231	
133	219	
74	60	
171	368	
389	234	
26	28	
131	132	
137	232	
539	767	
196	147	
707	337	
304	156	
453	574	
218	117	
671	327	
288	211	
131	278	
