Factories	6	Jobs	50	Machines	2

Total number of component types per job processed by HSPM
7	12	11	8	10	6	8	5	9	6	12	12	8	11	11	6	11	8	10	6	8	11	9	8	5	5	12	9	7	10	12	9	5	12	11	7	12	11	8	11	12	8	7	10	11	10	5	5	9	9	

Total number of component types per job processed by MFPM
2	5	4	1	4	1	3	3	5	1	1	2	2	3	3	2	2	3	4	2	4	1	5	3	2	5	3	3	5	2	4	3	1	2	2	5	2	5	4	3	2	5	1	5	3	3	2	2	4	2	

All component type numbers for each job to be processed by HSPM
19	46	11	26	3	61	0	3	1	45	5	30	14	32	
13	52	16	27	7	71	10	55	15	50	1	21	14	46	12	57	17	16	3	36	11	26	19	54	
0	49	19	38	6	47	12	7	13	68	9	13	15	20	2	61	17	6	4	23	5	19	
2	61	17	70	19	68	14	10	18	14	10	6	5	75	1	29	
9	6	18	5	2	41	19	13	12	35	16	27	11	43	1	66	8	7	5	19	
11	5	15	8	13	71	0	13	10	52	14	42	
1	14	12	16	4	1	5	47	6	61	16	6	14	10	8	30	
4	14	16	49	11	8	5	58	3	39	
6	37	13	11	9	16	0	48	10	50	5	14	18	17	19	73	2	15	
6	12	0	59	19	15	10	73	17	70	16	23	
7	28	14	37	8	65	4	70	13	62	3	39	10	59	17	30	5	4	2	7	11	54	6	68	
16	35	3	32	11	7	1	4	14	12	8	67	17	16	7	2	0	50	9	23	13	60	18	64	
12	15	16	1	10	12	18	18	6	9	11	2	5	59	2	74	
5	5	17	21	12	56	13	44	9	26	4	59	18	62	3	70	0	31	19	32	7	49	
6	4	19	22	1	9	15	45	9	48	8	12	3	11	17	17	2	5	18	27	13	62	
1	21	7	17	6	70	17	23	0	40	5	56	
4	67	14	31	1	21	5	60	12	38	18	59	3	66	15	9	7	25	0	20	2	22	
4	32	3	16	10	4	16	41	19	9	1	34	15	31	0	5	
12	57	14	66	9	25	8	4	2	12	10	26	18	49	6	27	7	65	17	23	
17	73	16	72	2	35	1	45	12	34	14	27	
0	42	5	60	10	53	6	32	8	66	4	17	7	63	17	7	
14	58	0	14	2	5	4	66	17	35	1	42	10	36	11	39	19	43	8	62	18	33	
15	63	1	51	4	42	9	24	3	1	7	25	17	47	13	68	8	4	
16	49	15	41	12	38	10	39	18	16	13	17	7	60	11	25	
6	56	5	10	11	43	9	40	16	42	
5	7	13	45	6	73	3	15	7	75	
10	32	16	46	15	2	12	68	6	20	0	53	4	42	3	28	9	34	2	11	7	73	11	65	
3	48	8	36	11	34	5	75	16	5	2	22	14	42	13	15	6	16	
5	30	9	63	18	27	19	31	17	54	6	51	8	39	
9	54	12	38	11	36	14	72	19	63	3	61	13	45	18	9	16	68	6	34	
3	9	6	46	1	51	13	12	5	7	4	54	11	60	8	65	14	70	7	59	10	42	2	64	
1	40	2	53	13	66	6	21	9	18	8	52	4	50	12	4	14	17	
1	59	6	4	16	32	18	21	4	22	
5	20	9	38	1	6	0	11	15	45	19	58	11	12	18	24	8	39	14	48	3	73	2	33	
15	9	14	50	17	32	18	62	9	70	4	74	8	64	7	54	13	46	6	75	5	18	
7	41	11	56	0	23	16	64	12	47	6	2	9	71	
2	48	14	9	4	68	5	67	15	47	3	20	1	31	0	59	13	45	7	14	8	53	17	28	
17	35	16	18	8	31	9	61	2	73	5	30	10	26	12	22	13	69	11	56	15	40	
14	20	8	66	19	56	11	17	7	69	9	15	10	11	0	6	
8	64	6	9	18	69	4	4	12	28	19	65	13	74	1	71	5	51	14	56	17	27	
5	61	14	70	12	69	4	55	3	7	2	62	15	17	1	37	18	8	16	71	8	47	9	10	
4	45	10	11	18	16	19	37	7	1	12	28	8	51	1	2	
18	26	1	40	12	68	14	10	11	58	5	8	10	71	
19	27	13	35	11	7	5	49	7	44	17	60	4	15	3	67	16	4	14	55	
4	72	11	31	10	48	13	55	19	30	17	67	1	52	3	26	14	28	6	3	5	66	
16	38	12	18	9	26	10	60	7	7	19	65	11	29	6	34	4	42	3	43	
5	37	17	63	11	3	14	61	8	32	
17	62	1	48	0	51	3	18	5	43	
18	36	16	10	3	55	13	19	0	25	5	63	11	49	12	34	10	66	
7	37	5	26	17	12	8	2	4	42	15	71	3	18	2	73	0	58	

All component type numbers for each job to be processed by MFPM
7	2	3	1	
0	23	6	15	5	20	8	25	9	5	
3	4	9	8	0	20	8	13	
0	13	
9	15	4	11	5	1	3	16	
4	23	
6	25	9	7	3	11	
8	16	5	22	6	15	
1	19	3	20	2	13	6	25	9	17	
3	21	
5	3	
5	20	2	8	
8	13	0	14	
8	4	4	25	2	20	
5	22	2	4	9	15	
0	13	7	6	
1	24	6	25	
8	24	2	2	6	8	
6	18	5	23	1	12	4	21	
3	4	7	25	
7	15	2	19	5	1	0	24	
6	3	
5	20	7	15	2	24	1	8	3	2	
8	22	3	9	2	18	
2	10	0	6	
5	18	6	23	3	4	9	8	1	16	
2	23	1	17	8	7	
8	17	9	2	3	7	
2	5	8	22	1	18	0	1	3	2	
6	10	0	15	
1	1	8	20	7	21	9	19	
8	20	1	4	2	9	
8	16	
7	14	8	7	
4	25	5	8	
3	14	9	11	5	6	6	7	7	3	
3	11	9	21	
5	22	1	4	2	2	0	5	7	7	
9	22	4	7	3	5	8	9	
2	17	4	11	6	9	
3	15	6	1	
8	15	2	2	1	24	0	1	9	14	
8	3	
5	20	2	21	8	17	0	5	6	3	
2	4	1	17	8	11	
2	20	0	15	6	13	
5	7	6	11	
0	7	3	16	
5	3	8	7	9	5	4	8	
1	21	3	7	

Three processing times per job on each machine
The best scenario
709	758	
722	702	
663	234	
172	106	
581	317	
144	101	
418	212	
388	234	
545	641	
199	232	
381	722	
936	652	
695	430	
471	896	
598	740	
202	583	
56	114	
667	1332	
606	1245	
238	845	
566	761	
198	108	
44	50	
266	284	
321	103	
314	193	
644	499	
208	745	
317	107	
400	381	
390	185	
593	400	
912	755	
155	316	
362	125	
285	729	
319	196	
131	112	
283	685	
261	317	
743	663	
208	456	
94	150	
727	349	
385	139	
190	579	
342	614	
201	220	
297	377	
638	380	
Most likely scenario
972	783	
1301	1241	
910	431	
242	187	
1106	378	
188	178	
494	359	
467	390	
1063	1119	
235	440	
561	889	
990	695	
1008	734	
513	1080	
727	1048	
376	665	
57	144	
794	1392	
678	1294	
446	1215	
743	836	
221	212	
73	57	
267	382	
554	167	
612	303	
781	875	
388	1153	
412	206	
439	616	
508	257	
602	466	
1054	1349	
244	525	
373	140	
443	1092	
449	376	
135	185	
484	701	
405	414	
1096	1031	
255	714	
101	211	
974	398	
614	239	
223	660	
659	1020	
344	221	
374	424	
776	454	
The worst scenario
985	877	
1333	1492	
1091	631	
267	267	
1643	471	
280	232	
720	456	
683	418	
1240	1551	
352	634	
743	1177	
1271	980	
1413	939	
732	1372	
1062	1405	
492	781	
74	168	
1164	1879	
930	1688	
627	1220	
824	1022	
243	311	
89	63	
346	525	
682	206	
844	359	
1040	1196	
475	1392	
565	259	
590	849	
639	303	
790	571	
1454	1446	
358	551	
449	145	
470	1194	
606	498	
189	186	
549	893	
569	485	
1234	1424	
308	996	
130	289	
1011	553	
905	280	
327	755	
891	1280	
464	326	
555	476	
1151	554	
