Factories	5	Jobs	200	Machines	3

Total number of component types per job processed by HSPM
11	5	6	6	9	9	10	8	6	7	10	8	12	9	10	7	5	11	6	5	11	6	12	11	7	11	11	11	8	5	11	7	6	5	5	7	7	8	11	8	10	12	11	9	11	11	9	7	7	7	11	12	8	6	8	11	11	8	11	7	7	7	5	12	9	5	9	6	6	5	12	9	8	11	5	9	5	5	9	11	12	6	10	12	10	9	8	8	12	11	8	5	6	12	5	10	11	7	12	10	5	7	5	5	8	12	7	8	10	7	10	12	6	11	11	5	9	5	11	12	12	5	9	7	11	12	10	7	5	8	6	10	6	7	12	11	9	9	9	7	10	8	5	8	11	12	6	7	5	10	9	6	9	5	6	12	7	8	12	12	7	11	5	8	7	12	11	10	5	7	11	12	12	9	9	9	12	10	12	11	5	9	11	5	12	12	8	12	10	8	12	10	9	6	11	11	9	7	9	12	

Total number of component types per job processed by MFPM
1	3	3	3	5	2	3	5	3	5	4	3	2	2	4	3	5	5	4	1	1	4	5	2	3	2	1	4	1	4	1	5	2	2	3	1	5	1	5	5	1	1	4	3	5	5	3	5	2	1	2	4	1	2	5	5	1	1	4	2	5	2	3	2	2	2	1	1	2	3	5	2	1	3	4	4	5	1	2	2	5	5	1	1	1	5	5	4	4	4	1	5	2	2	5	1	5	3	3	4	3	4	4	5	4	4	5	5	1	4	4	4	3	4	1	3	2	2	2	4	2	3	3	1	2	3	3	3	5	2	5	1	5	3	2	3	4	2	4	3	4	4	4	1	2	4	4	3	4	5	4	2	3	1	2	4	2	5	2	3	5	5	4	2	5	4	5	4	5	4	5	1	2	3	2	4	2	1	5	4	1	1	4	3	4	1	2	5	1	3	3	3	5	4	3	1	4	4	1	3	1	5	5	5	3	5	1	1	5	5	2	3	5	5	4	4	1	3	4	2	2	5	5	1	3	2	3	5	4	5	4	2	3	3	3	5	5	5	3	3	3	2	5	3	1	1	1	4	2	3	2	3	2	3	3	4	1	1	4	1	2	2	5	3	1	4	3	1	5	5	5	2	5	3	1	4	3	5	4	4	2	1	3	1	1	2	3	3	5	5	4	2	3	2	2	1	5	2	4	5	1	3	1	1	5	4	4	3	5	3	3	2	3	5	1	3	1	2	2	3	3	2	2	5	5	3	2	4	2	1	5	2	5	1	1	1	5	3	5	2	4	4	5	1	5	3	3	4	5	4	1	2	2	2	5	5	5	2	3	4	5	3	3	1	1	2	4	3	1	4	5	1	1	3	2	1	5	5	2	3	1	5	2	5	3	4	5	2	5	2	5	5	4	5	4	5	3	1	5	1	

All component type numbers for each job to be processed by HSPM
19	39	6	23	17	45	10	5	9	43	11	69	16	27	15	30	4	37	5	38	14	64	
0	45	5	53	19	42	11	37	12	26	
12	34	8	13	19	40	15	73	4	8	3	35	
14	43	2	10	18	35	19	61	10	21	5	22	
5	1	3	60	4	18	1	68	12	55	6	71	14	15	13	67	17	6	
4	38	5	70	15	68	11	72	12	27	19	4	8	40	17	29	0	9	
10	47	15	40	17	61	9	43	1	6	6	8	3	53	4	19	11	45	5	28	
2	54	0	4	8	63	12	39	3	40	13	20	6	48	7	29	
13	11	10	56	9	70	7	40	12	16	2	64	
4	65	14	44	1	54	18	68	9	74	12	63	5	3	
14	35	5	6	16	70	2	65	18	38	10	61	12	30	8	26	4	23	15	32	
10	39	8	55	12	56	4	70	14	32	11	52	17	44	15	21	
18	53	14	28	19	33	9	55	6	50	15	65	13	52	16	27	7	51	5	44	0	30	3	24	
3	14	5	75	8	4	6	12	7	39	11	20	13	60	19	74	16	70	
11	37	10	54	12	28	9	71	5	61	15	60	17	64	4	46	6	15	3	7	
19	62	0	12	3	24	2	41	8	35	13	38	11	50	
7	7	3	15	18	73	1	39	5	69	
16	18	0	36	17	69	1	31	6	19	15	24	9	44	12	40	3	61	14	8	7	6	
3	2	15	35	11	21	18	33	6	9	14	17	
13	44	0	7	15	16	5	48	8	2	
19	6	2	39	16	31	3	72	7	28	8	30	11	24	1	26	17	75	12	22	18	23	
5	57	6	28	4	23	0	60	12	70	17	18	
1	27	6	35	2	28	18	75	0	68	3	58	10	32	11	4	7	1	14	56	8	72	5	15	
18	13	12	8	8	59	16	15	11	44	3	42	13	19	9	32	6	50	10	17	0	62	
12	43	17	56	11	19	1	63	9	15	5	65	16	20	
3	59	1	15	10	29	19	57	13	70	9	17	18	67	7	62	12	35	4	26	11	40	
4	25	16	19	15	73	2	33	12	14	14	17	5	9	18	68	1	39	17	3	9	29	
3	16	6	26	13	45	8	35	10	57	14	52	15	3	2	30	5	51	7	50	9	38	
15	18	13	36	14	10	6	28	19	56	18	39	3	57	1	49	
9	49	0	47	10	26	8	37	6	1	
13	38	16	70	12	24	15	36	7	71	11	72	10	14	8	74	6	44	14	52	4	59	
7	61	3	10	2	31	11	65	19	19	8	11	15	13	
1	27	5	52	19	46	7	16	12	66	4	40	
1	67	16	16	2	5	6	49	13	24	
17	33	19	60	13	6	11	58	16	70	
15	12	18	16	11	35	16	74	12	31	13	44	0	28	
14	70	3	53	2	21	0	20	16	11	6	55	17	24	
10	13	14	52	7	65	17	31	13	43	1	12	8	47	19	23	
10	42	0	31	19	41	11	17	2	35	6	49	7	24	14	62	12	4	9	68	13	64	
15	23	18	61	16	45	5	43	7	10	2	49	0	65	6	75	
19	56	1	6	3	66	11	12	17	9	7	69	2	5	13	37	5	26	4	49	
15	11	16	63	9	35	2	32	8	42	7	21	0	15	11	17	19	57	5	34	4	5	3	44	
18	17	3	57	16	13	15	3	4	75	13	20	14	6	9	12	5	29	12	47	2	62	
9	64	6	22	8	37	7	45	12	15	13	33	11	17	19	75	10	9	
3	36	14	33	2	6	10	65	9	27	19	45	16	28	1	16	13	34	18	56	7	53	
0	74	9	1	13	49	19	53	16	20	1	15	17	39	8	69	11	61	7	33	4	26	
0	26	3	42	7	48	15	54	8	22	17	30	12	12	18	71	5	36	
16	19	11	48	19	56	1	22	18	51	0	18	5	57	
12	21	6	18	1	31	18	34	16	58	2	16	15	20	
15	38	14	37	5	7	17	39	10	25	3	19	11	18	
12	61	13	38	0	58	19	13	4	34	11	24	10	44	17	73	15	2	6	71	7	22	
2	23	4	46	19	40	0	29	9	42	11	5	12	43	6	17	8	64	13	57	14	47	18	49	
4	21	6	34	11	30	12	28	16	9	2	68	10	25	13	14	
3	64	13	75	8	44	15	18	4	36	16	49	
13	37	17	24	18	59	4	39	8	7	19	54	9	19	0	27	
8	22	11	21	18	44	12	59	17	4	5	5	1	74	13	69	15	3	9	64	3	14	
17	18	4	58	6	54	2	28	5	35	9	29	14	27	19	13	7	49	3	8	0	63	
2	64	1	28	14	67	12	15	0	40	18	72	4	60	8	42	
8	55	10	52	15	36	12	46	13	20	6	28	7	43	11	10	18	60	3	67	9	6	
7	13	17	24	18	29	19	8	10	47	15	31	5	66	
12	68	7	1	4	11	3	15	19	3	15	62	17	70	
2	6	5	9	6	11	8	50	12	35	1	58	14	30	
14	3	1	45	11	37	5	74	19	68	
19	39	2	37	13	59	14	29	15	56	0	4	1	65	10	42	18	49	8	38	16	8	11	72	
11	67	0	63	10	26	5	1	6	54	8	34	17	4	16	61	13	68	
19	2	18	21	2	37	9	39	4	50	
19	13	4	10	6	61	9	58	10	54	8	26	16	25	3	22	17	24	
5	25	14	33	8	73	11	71	1	42	3	9	
11	53	5	44	4	56	17	69	1	36	8	9	
18	23	16	2	6	47	1	11	2	3	
7	70	18	57	15	21	19	49	5	25	3	23	1	38	10	66	4	50	0	5	9	75	14	74	
6	6	1	52	11	8	13	60	14	28	7	75	15	25	8	37	12	51	
17	48	7	13	0	14	6	62	11	22	3	57	8	39	10	23	
16	12	3	53	18	28	9	15	2	65	4	60	14	51	12	63	15	26	7	4	5	39	
19	67	6	54	5	59	3	16	18	55	
3	71	14	16	15	50	17	6	18	49	9	72	11	68	13	63	8	43	
13	8	8	30	3	73	6	55	16	56	
5	65	12	27	18	18	9	16	0	44	
2	5	6	17	18	43	7	75	17	61	3	7	5	18	12	1	4	37	
13	11	16	35	7	27	12	56	8	12	1	66	3	4	9	2	2	74	0	22	18	34	
3	16	19	35	13	47	2	20	18	58	1	33	9	42	6	28	14	24	8	12	0	38	4	31	
16	75	18	30	0	17	11	20	7	67	6	23	
1	12	18	19	14	67	12	40	10	27	8	38	17	17	19	66	6	37	4	8	
13	54	16	44	0	42	1	61	15	51	10	35	12	73	14	38	5	66	8	53	17	72	2	26	
4	4	19	17	17	9	2	71	6	62	1	31	7	22	8	48	9	53	5	73	
11	38	15	43	3	47	17	15	19	62	1	31	18	33	7	34	10	28	
4	63	8	20	0	51	12	70	1	15	16	18	2	46	14	55	
13	40	16	67	18	63	6	29	15	54	8	48	5	37	0	45	
10	64	19	18	12	67	15	65	18	71	11	54	0	74	8	24	4	58	3	56	14	37	9	13	
14	70	2	19	7	26	17	47	18	54	15	3	12	22	4	34	8	57	3	5	19	60	
0	21	7	49	5	65	18	26	4	53	16	42	2	73	19	17	
8	48	18	74	12	8	9	4	4	57	
6	3	14	59	11	51	0	57	18	27	2	24	
15	33	7	50	8	5	9	30	18	75	5	74	2	69	19	8	4	2	12	41	14	3	17	7	
0	61	6	44	11	14	2	37	16	7	
0	29	8	49	18	7	12	35	16	50	13	58	4	41	2	3	19	36	5	37	
10	20	9	56	5	41	18	22	8	69	14	61	12	57	1	37	7	32	6	26	0	33	
6	66	9	50	3	62	4	72	7	67	17	17	19	64	
2	46	0	2	11	8	17	44	9	75	3	11	6	40	19	31	18	51	15	27	14	71	4	70	
14	37	6	43	17	57	4	21	7	70	8	25	2	48	11	24	13	74	0	39	
5	8	7	68	9	64	14	4	18	53	
16	57	15	14	10	35	18	49	13	50	8	21	1	25	
5	6	15	3	12	42	19	2	6	53	
19	22	13	69	0	21	17	28	11	11	
0	55	4	75	15	64	18	5	17	30	5	33	1	13	16	16	
16	33	5	4	15	48	7	9	18	53	12	28	6	8	2	24	19	20	8	27	17	49	1	36	
7	8	18	45	17	46	4	1	11	22	15	16	10	72	
12	22	10	67	19	24	11	72	7	9	4	53	5	30	8	37	
9	32	16	53	8	47	11	71	12	59	7	2	15	38	5	56	13	72	2	18	
16	18	17	10	6	15	10	29	11	13	8	21	15	47	
1	69	17	22	9	63	6	35	15	18	19	45	16	30	13	2	18	13	3	6	
17	61	0	51	12	8	2	37	16	7	14	2	4	71	18	52	10	49	11	18	1	40	8	28	
11	49	14	48	0	58	7	75	2	18	15	17	
3	40	1	20	9	51	16	4	2	15	15	13	0	71	10	39	12	8	8	73	4	45	
3	62	17	14	18	22	5	15	7	39	4	12	11	6	13	49	6	74	15	28	14	70	
0	65	13	64	19	27	6	11	4	50	
1	40	0	74	17	28	12	69	9	47	7	58	5	26	15	1	11	19	
19	67	12	75	17	66	6	65	0	68	
16	35	18	2	13	3	0	4	9	33	15	54	7	12	10	32	3	56	1	19	11	15	
14	2	4	28	15	57	8	37	3	24	13	48	12	40	1	56	17	74	7	46	18	10	9	39	
1	18	0	55	7	24	2	70	4	45	9	3	6	36	19	71	16	25	5	57	8	49	10	20	
7	50	16	67	12	70	2	66	0	61	
9	63	18	67	10	6	1	37	15	68	2	33	19	40	11	2	12	34	
2	71	13	8	10	1	1	26	15	63	18	9	7	14	
16	56	3	58	8	65	18	44	2	73	6	60	1	3	12	47	0	48	9	59	10	4	
6	73	7	40	1	30	18	59	14	1	12	8	2	6	4	19	5	22	0	53	10	24	19	16	
3	7	7	29	12	43	14	17	9	70	6	54	11	2	4	38	10	73	2	18	
11	7	15	9	7	53	8	15	6	46	2	37	14	8	
14	21	19	62	13	40	18	7	3	54	
4	28	2	52	6	61	0	26	14	47	16	20	5	23	3	19	
7	15	8	66	16	70	1	24	12	18	15	38	
4	7	7	6	6	30	14	46	16	73	15	17	8	61	10	60	0	9	17	75	
5	37	16	57	19	52	4	16	14	12	1	23	
6	21	5	52	13	51	2	8	3	10	4	39	9	16	
3	33	18	18	0	24	7	75	1	36	10	42	11	59	13	39	17	3	5	12	4	50	14	11	
11	74	13	33	8	60	15	48	9	52	5	50	4	67	14	16	17	47	16	37	7	65	
9	61	4	34	0	50	2	42	13	58	14	17	5	36	19	3	10	27	
3	40	2	59	4	64	11	25	19	63	1	8	9	57	6	46	17	22	
15	8	11	1	17	61	16	30	5	74	8	31	12	58	1	48	0	44	
15	50	7	20	8	60	12	21	0	18	9	65	5	5	
16	38	2	53	4	23	3	27	10	72	13	46	18	34	9	25	5	73	12	29	
3	47	2	48	1	22	10	1	7	19	6	4	19	14	9	57	
10	29	7	40	3	51	17	14	4	15	
16	29	18	12	17	14	11	30	9	1	2	67	19	68	5	19	
8	33	5	7	13	8	11	15	2	4	18	67	12	39	9	46	14	3	6	50	17	48	
16	49	13	41	10	70	1	23	19	27	17	6	0	35	4	48	18	10	12	28	11	12	2	56	
11	4	15	8	19	30	17	56	8	25	18	1	
2	1	1	58	11	19	6	44	3	65	9	11	13	70	
1	62	4	66	16	73	8	68	14	18	
15	47	17	58	11	1	1	74	16	50	18	14	8	9	19	13	7	38	0	18	
16	24	4	34	6	46	17	26	14	48	18	35	12	15	19	17	0	29	
17	27	0	31	6	50	19	59	15	44	18	21	
3	36	9	28	18	39	6	17	4	49	19	68	11	50	7	12	8	14	
1	17	11	63	15	52	9	67	2	32	
16	66	8	35	0	60	4	24	15	14	3	9	
13	18	18	57	6	30	0	45	2	35	17	29	19	23	7	33	16	41	11	3	4	60	15	37	
11	10	15	65	12	50	3	75	0	5	17	45	2	44	
5	68	13	17	18	59	2	62	9	43	8	44	4	22	7	13	
5	60	18	1	3	4	8	26	17	37	6	52	1	57	7	67	19	13	16	29	4	47	15	66	
19	61	1	54	17	32	18	57	7	69	9	39	13	68	5	42	4	50	12	22	14	36	10	26	
9	46	3	16	19	30	1	6	12	74	5	48	8	56	
4	57	2	5	7	6	17	12	11	70	9	49	12	15	0	59	6	67	3	20	1	61	
13	74	0	21	1	40	17	10	12	67	
6	36	18	13	13	19	2	35	0	16	10	68	3	58	14	73	
1	61	16	3	4	54	11	40	3	48	14	34	8	10	
0	41	5	14	12	59	3	31	7	47	13	44	16	5	19	45	14	46	8	51	6	15	17	74	
8	37	2	58	0	66	12	48	5	54	9	19	14	56	10	44	11	63	18	59	17	46	
5	7	4	72	18	17	2	63	1	10	10	48	6	59	15	61	3	1	0	8	
11	4	16	51	1	66	19	56	12	39	
7	68	1	30	3	75	18	14	4	23	10	59	14	6	
15	40	1	1	9	47	11	49	8	57	14	13	12	28	17	30	19	8	16	10	4	31	
5	39	2	58	1	1	17	40	11	11	19	74	0	46	7	30	13	28	8	27	3	48	10	64	
7	25	19	45	4	70	11	62	5	5	16	65	15	68	13	14	1	63	18	74	9	12	14	2	
2	3	3	12	4	5	16	15	6	6	10	53	9	60	18	66	5	73	
0	66	12	39	7	18	17	35	18	47	1	22	10	1	15	17	19	57	
14	36	11	24	8	54	3	37	9	34	12	45	15	32	13	35	4	15	
17	40	6	10	13	7	1	72	0	36	4	38	14	61	18	56	5	64	3	30	9	62	12	41	
6	40	10	56	7	48	16	17	0	47	14	75	1	16	17	13	9	2	4	12	
17	23	10	39	16	66	3	21	2	29	1	31	6	1	7	61	13	27	14	56	4	71	0	43	
4	16	19	38	10	45	13	24	9	41	11	22	2	46	12	65	0	10	17	27	16	74	
15	44	3	66	14	50	0	32	4	15	
7	28	9	44	15	18	1	13	10	56	19	63	0	61	13	58	6	16	
2	2	3	42	9	8	17	1	5	35	14	5	8	50	15	17	11	61	0	34	19	24	
12	7	16	33	19	73	9	58	1	26	
17	22	2	47	13	45	7	31	9	21	18	51	11	2	12	1	14	18	16	55	19	33	4	64	
4	25	3	22	9	31	19	49	14	52	0	8	18	5	16	44	6	38	7	32	12	48	10	60	
13	63	5	42	19	32	2	57	0	46	15	47	11	59	1	5	
12	41	1	39	4	5	0	44	15	24	5	20	11	53	10	67	6	69	9	30	16	51	7	57	
3	16	18	8	12	30	9	60	13	52	15	51	14	20	7	13	1	2	8	5	
5	34	10	35	7	16	17	1	9	6	8	47	4	64	13	29	
16	29	0	40	17	75	8	49	10	13	6	31	19	27	3	36	13	33	4	39	18	65	14	3	
10	28	6	37	2	73	11	32	15	13	12	62	18	51	19	72	1	42	13	68	
3	2	7	68	17	41	6	32	8	13	18	69	13	25	10	55	14	61	
12	47	18	72	13	10	4	75	15	56	9	71	
16	35	9	24	12	71	6	39	1	45	17	7	3	6	5	40	18	18	10	20	15	34	
19	46	5	25	11	75	13	31	14	11	7	36	8	74	6	72	16	54	15	16	4	27	
15	12	17	33	5	1	6	22	0	28	7	48	16	64	14	59	3	4	
11	16	7	6	15	62	1	7	18	64	14	17	4	50	
1	3	10	48	9	26	2	13	13	52	7	43	12	60	16	19	5	72	
14	16	18	1	7	67	2	60	8	17	12	25	1	23	16	22	9	44	17	50	15	13	19	18	

All component type numbers for each job to be processed by MFPM
0	3	
0	30	1	29	4	38	
6	9	3	21	1	15	
9	40	4	49	7	29	
5	2	2	8	1	3	3	17	4	14	
7	29	1	27	
6	5	8	16	9	20	
7	27	1	40	8	39	2	31	0	49	
3	19	8	12	1	24	
3	38	2	45	6	37	0	32	8	39	
5	23	3	3	4	24	1	5	
1	28	8	45	0	43	
4	19	6	13	
9	38	6	39	
2	15	7	24	8	7	9	18	
3	35	0	39	8	38	
6	8	2	23	0	22	3	17	9	10	
6	42	2	50	7	36	4	30	9	27	
5	20	6	13	2	10	3	23	
4	42	
8	21	
3	35	6	46	1	27	5	28	
9	23	7	11	3	5	2	22	5	9	
9	48	4	39	
0	6	9	7	5	8	
2	36	6	43	
4	20	
5	44	3	48	7	38	0	41	
3	12	
4	42	2	29	7	36	3	32	
3	7	
9	34	2	35	5	30	8	48	1	32	
1	11	6	24	
2	31	6	40	
7	20	9	25	2	19	
0	28	
6	16	5	13	4	5	3	3	0	8	
6	40	
0	20	8	8	3	3	7	19	9	2	
7	42	5	28	6	48	3	36	2	38	
4	19	
1	44	
2	25	1	7	0	4	4	8	
0	37	4	26	2	29	
4	2	8	22	9	21	1	6	6	13	
2	38	0	44	5	36	4	45	3	32	
4	12	3	7	6	13	
3	30	7	45	5	38	4	29	8	35	
0	9	6	11	
3	38	
2	15	9	16	
5	38	4	39	9	31	6	36	
7	7	
4	42	3	32	
7	24	0	1	5	14	4	22	2	13	
1	48	4	29	8	43	0	39	7	47	
8	5	
9	38	
9	20	5	1	7	3	1	12	
0	45	6	41	
9	16	3	4	5	25	8	18	6	5	
7	37	6	27	
6	19	4	5	2	15	
5	42	8	49	
6	15	8	25	
4	33	1	42	
5	2	
1	42	
9	5	5	11	
4	45	7	36	3	30	
9	21	5	22	2	8	7	2	8	4	
1	41	0	34	
1	17	
6	32	9	50	3	48	
7	5	8	3	9	19	1	6	
5	32	3	50	0	36	6	28	
3	14	0	19	4	23	7	10	6	1	
1	29	
6	22	8	7	
9	40	1	28	
5	12	4	6	1	25	2	20	8	21	
3	37	4	43	8	48	7	32	6	27	
0	25	
7	33	
3	16	
6	45	4	48	7	50	1	31	3	36	
0	8	2	13	9	21	3	16	1	9	
5	36	0	40	3	39	2	34	
3	25	5	16	8	15	0	3	
2	44	5	31	8	47	4	35	
3	3	
0	47	1	46	5	39	6	33	8	42	
0	16	7	23	
9	35	1	47	
5	2	3	25	0	7	1	21	6	13	
4	47	
6	14	5	10	0	12	4	2	3	15	
2	32	0	34	9	42	
6	17	0	13	1	12	
5	34	6	49	4	27	7	46	
8	23	7	14	2	5	
6	33	4	32	2	36	5	41	
1	9	2	2	4	10	7	4	
1	37	7	39	0	40	6	28	8	32	
2	14	8	17	9	13	7	20	
9	36	5	39	2	37	0	44	
2	14	7	6	5	9	9	4	0	3	
5	47	4	43	7	32	1	42	3	44	
0	13	
6	37	8	35	1	27	2	26	
7	21	1	9	6	10	9	17	
1	36	8	45	3	28	5	38	
5	12	2	2	6	24	
6	47	4	42	5	34	2	41	
8	7	
3	46	4	47	8	49	
7	13	3	20	
9	46	8	31	
3	23	4	5	
4	29	2	31	3	48	5	41	
1	3	4	21	
8	47	0	39	2	29	
2	23	9	12	0	11	
6	29	
0	3	2	21	
2	30	0	26	1	31	
2	12	5	7	8	10	
0	35	4	48	1	46	
5	18	9	5	4	12	3	11	2	9	
8	46	1	34	
9	15	8	1	3	2	1	14	0	18	
2	29	
1	8	2	18	6	16	3	6	0	1	
6	47	8	44	3	42	
8	21	6	2	
2	35	5	43	8	33	
4	3	1	15	3	25	8	1	
6	37	0	50	
5	18	8	17	4	14	6	20	
7	32	3	36	5	40	
9	13	4	24	5	17	0	14	
9	33	0	39	2	38	8	43	
5	10	7	1	4	21	9	24	
8	35	
4	5	3	10	
7	35	0	37	9	26	1	34	
6	1	0	15	2	18	4	9	
5	27	9	26	8	45	
7	13	9	14	6	21	8	10	
8	47	6	33	7	29	1	36	0	40	
2	5	5	17	7	10	9	8	
0	47	7	46	
5	11	8	19	2	3	
1	38	
3	12	7	8	
8	33	5	30	9	39	2	49	
4	13	6	4	
4	38	3	29	5	35	9	43	0	36	
2	7	5	16	
6	46	5	39	7	37	
8	9	6	25	0	6	9	4	2	18	
0	45	8	29	4	50	9	26	5	39	
0	11	8	8	2	13	6	22	
1	35	3	36	
3	15	9	21	1	10	2	24	8	5	
2	33	4	37	7	27	8	49	
2	10	3	22	7	7	4	4	8	16	
6	36	3	46	8	35	5	49	
6	8	5	13	1	2	2	3	4	12	
3	34	0	44	4	35	9	39	
0	24	8	21	5	12	1	10	2	23	
4	28	
9	14	6	11	
6	43	1	30	7	47	
7	4	9	17	
6	35	1	26	5	38	8	32	
7	21	3	25	
2	36	
5	7	7	6	9	22	4	16	6	8	
9	36	6	43	5	40	4	49	
7	8	
1	30	
6	5	8	11	7	8	2	9	
8	46	3	42	1	41	
2	7	0	21	9	12	6	25	
9	44	
4	21	9	15	
0	50	2	45	5	46	1	41	9	33	
0	19	
0	44	7	26	8	33	
5	9	9	23	0	15	
1	32	4	31	6	43	
7	11	6	6	0	20	1	9	2	23	
5	46	1	43	8	38	0	47	
3	7	2	15	0	5	
1	47	
0	5	9	9	8	21	6	2	
5	40	6	36	2	32	9	26	
4	17	
1	35	3	49	8	27	
6	6	
3	36	0	48	5	44	8	42	7	47	
4	23	7	1	6	18	8	8	5	16	
3	27	6	33	9	34	5	42	8	26	
8	24	3	18	2	5	
1	50	7	32	6	38	3	39	9	46	
4	5	
2	40	
9	7	7	17	8	22	3	10	6	3	
0	28	8	29	4	45	7	49	6	40	
8	9	4	15	
6	50	2	38	3	34	
5	5	7	15	6	18	1	19	0	24	
2	50	5	30	4	46	8	42	7	39	
4	19	7	17	1	1	3	18	
6	27	2	32	3	26	4	43	
8	9	
1	44	5	26	4	33	
9	5	3	10	8	19	1	3	
2	38	4	27	
0	18	8	4	
0	31	2	44	7	33	9	40	1	42	
4	4	3	14	7	19	0	18	8	25	
5	48	
9	6	2	5	3	4	
8	42	4	36	
4	24	8	8	3	23	
6	37	5	41	0	44	4	40	9	35	
4	17	6	12	9	25	8	16	
2	44	9	50	3	33	5	47	8	30	
2	16	1	1	4	12	5	8	
7	29	4	41	
0	3	9	18	6	15	
7	46	8	31	9	36	
4	20	3	16	6	13	
3	31	5	46	4	36	8	35	2	41	
7	23	3	13	6	2	0	1	5	20	
1	39	5	27	3	38	9	37	6	26	
3	18	6	19	8	11	
6	45	7	50	0	46	
9	2	6	6	3	7	
8	38	0	27	
2	10	6	21	9	19	8	12	7	22	
0	30	7	50	8	49	
2	17	
0	28	
5	3	
4	28	5	27	9	30	8	36	
9	2	5	8	
2	46	0	44	5	27	
7	19	2	5	
3	35	6	38	0	48	
7	13	0	4	
4	43	7	37	3	38	
7	15	8	14	4	19	
6	26	0	50	8	42	1	38	
6	8	
0	26	
4	20	8	9	3	13	1	7	
7	35	
6	25	0	2	
0	32	9	43	
1	3	9	19	0	25	2	22	7	5	
9	45	0	36	7	48	
2	25	
7	43	0	48	1	34	3	37	
1	10	2	25	5	22	
5	43	
8	21	3	19	6	23	0	1	5	6	
7	29	6	30	8	31	0	50	1	43	
9	3	2	19	3	6	1	14	8	1	
7	37	5	33	
9	10	4	8	8	20	0	3	2	18	
1	46	6	32	2	40	
5	4	
2	40	1	41	4	33	6	37	
0	9	6	17	9	16	
3	39	7	50	6	29	4	28	5	32	
3	20	6	14	4	4	8	9	
5	32	9	35	4	44	7	49	
8	25	4	24	
4	48	
1	25	6	18	2	8	
1	40	
5	12	
9	34	0	31	
0	25	6	19	5	13	
6	39	8	44	2	45	
6	7	8	25	5	17	1	5	4	9	
9	30	3	48	4	40	2	26	0	32	
9	19	1	2	4	11	5	25	
7	43	6	38	
7	23	4	1	5	20	
5	40	8	32	
8	11	3	14	
3	29	
6	11	3	7	7	3	9	23	8	21	
2	35	9	41	
7	15	6	3	1	14	9	25	
6	39	9	49	5	45	0	35	8	31	
8	4	
4	47	3	30	2	35	
9	3	
7	31	
2	11	3	16	7	15	9	22	0	10	
1	26	6	39	9	44	5	38	
4	16	2	9	8	10	3	15	
5	36	4	39	3	43	
0	9	1	18	7	6	6	20	9	2	
7	38	9	48	4	29	
3	3	8	6	7	20	
8	41	7	48	
5	15	7	20	3	3	
2	39	7	46	8	35	6	31	0	32	
0	3	
1	38	0	43	8	40	
0	4	
4	39	1	27	
2	3	5	16	
2	32	0	29	4	33	
1	24	3	14	9	25	
7	40	1	34	
0	18	4	14	
2	28	4	44	7	37	0	43	5	38	
6	4	4	7	8	24	0	20	1	14	
0	50	9	36	2	34	
1	2	8	1	
8	35	2	38	4	40	0	37	
9	20	3	9	
5	26	
5	12	9	19	0	17	6	10	4	8	
5	36	1	28	
0	11	5	15	8	14	7	4	3	1	
8	44	
7	16	
6	42	
0	21	7	2	4	18	3	15	2	8	
4	34	3	46	2	39	
6	12	1	7	4	8	9	4	3	1	
8	33	2	48	
9	7	7	5	2	1	3	24	
5	46	4	38	2	50	0	29	
3	4	6	21	2	9	1	1	8	24	
0	39	
8	3	4	16	0	19	2	25	9	13	
0	31	8	33	6	27	
3	5	1	14	4	20	
6	28	2	42	3	33	1	34	
9	1	8	7	1	15	3	8	6	24	
0	43	6	44	1	28	4	40	
5	1	
0	26	6	32	
6	2	3	3	
6	32	3	50	
3	16	7	3	9	23	8	4	2	5	
3	49	2	35	1	26	8	44	9	40	
9	3	1	8	7	24	2	16	0	11	
5	41	0	26	
5	13	7	23	4	17	
2	30	1	35	0	26	7	36	
2	3	8	6	9	1	7	10	0	5	
9	42	1	47	2	49	
8	8	0	12	5	22	
9	39	
6	6	
5	44	4	49	
4	23	8	3	9	10	3	16	
6	43	8	27	3	49	
6	10	
5	49	6	41	0	32	8	43	
4	14	5	17	9	15	8	23	7	6	
6	26	
3	20	
6	28	1	49	9	33	
0	9	5	13	
3	28	
5	25	0	13	7	6	4	9	2	20	
9	45	3	40	6	49	4	33	7	41	
7	21	9	8	
6	42	9	47	5	36	
0	6	
8	37	4	38	7	48	6	41	5	28	
8	13	9	5	
8	28	6	48	9	35	3	45	4	31	
9	23	3	14	7	7	
8	28	6	38	4	29	5	31	
7	19	8	12	3	13	0	8	6	4	
8	29	9	49	
7	13	5	14	1	1	2	22	0	11	
1	35	3	27	
9	10	0	11	7	12	4	14	3	17	
6	39	2	43	9	26	3	34	7	31	
7	23	5	5	3	14	4	2	
3	33	2	49	5	29	6	38	8	41	
2	17	4	10	6	1	7	5	
9	37	7	35	4	48	0	45	2	36	
8	18	9	10	0	9	
3	42	
9	22	1	5	7	17	3	7	2	10	
8	39	

Three processing times per job on each machine
The best scenario
370	782	592	
634	167	275	
338	309	514	
562	749	935	
615	269	320	
452	296	224	
309	203	213	
316	234	90	
506	538	248	
186	161	519	
102	147	213	
257	152	258	
514	596	698	
87	100	57	
509	946	651	
208	81	110	
257	370	566	
219	455	474	
534	529	1177	
678	498	487	
720	1259	669	
186	455	531	
1260	317	1068	
725	444	508	
356	212	507	
401	630	463	
407	183	1047	
676	628	607	
628	761	492	
307	89	204	
624	441	206	
1014	753	474	
565	612	551	
361	500	514	
342	413	503	
91	293	195	
498	612	400	
75	116	93	
200	250	262	
277	507	177	
193	417	416	
763	563	484	
114	89	115	
235	239	786	
385	244	647	
230	256	268	
1236	313	268	
462	391	310	
252	301	439	
487	519	482	
1270	1229	295	
289	111	273	
680	289	489	
168	268	149	
152	340	145	
386	666	538	
457	721	1126	
142	82	137	
685	557	667	
128	266	137	
390	582	574	
497	723	565	
226	390	300	
822	482	877	
438	428	295	
342	348	815	
206	146	104	
972	431	789	
825	262	421	
497	587	474	
713	377	514	
644	634	660	
587	317	386	
278	410	174	
306	591	620	
128	210	95	
416	210	288	
87	186	298	
138	212	116	
626	552	824	
333	182	223	
145	226	286	
185	46	51	
557	358	301	
371	243	87	
176	189	453	
221	154	201	
191	555	313	
102	261	128	
457	357	422	
572	603	361	
865	639	372	
291	950	790	
281	549	359	
232	175	184	
626	1150	542	
115	60	150	
903	530	610	
353	857	585	
165	79	154	
497	257	234	
482	141	538	
299	310	468	
446	833	399	
146	215	216	
617	427	281	
527	656	276	
190	330	88	
613	279	355	
167	147	228	
50	94	121	
598	579	369	
416	352	460	
858	536	640	
499	722	261	
253	495	384	
928	446	868	
342	223	246	
182	381	564	
426	206	507	
138	228	95	
437	110	316	
377	407	504	
222	167	198	
122	181	140	
806	252	867	
673	207	294	
170	227	758	
605	684	613	
704	404	520	
98	119	117	
454	1382	616	
86	53	87	
432	615	720	
383	132	404	
87	366	309	
248	454	468	
144	56	181	
837	612	992	
624	412	384	
1449	1263	972	
445	472	244	
442	745	363	
180	282	64	
95	132	86	
337	542	312	
910	895	536	
534	612	622	
175	214	64	
86	222	332	
265	147	89	
629	381	667	
474	914	779	
156	173	136	
297	387	539	
103	210	94	
311	283	119	
767	485	576	
523	1205	434	
428	346	621	
596	415	517	
315	123	188	
582	865	910	
450	255	356	
504	219	512	
292	304	210	
335	371	166	
1011	886	749	
184	166	64	
391	296	380	
361	415	267	
647	619	264	
74	143	209	
643	626	704	
428	273	315	
626	739	1060	
232	69	170	
143	319	132	
198	366	435	
693	976	1027	
514	819	791	
542	283	485	
973	1013	378	
221	322	752	
197	242	152	
195	346	216	
273	191	78	
58	351	178	
346	175	471	
1327	557	1017	
554	502	685	
1059	326	1210	
353	237	402	
275	1069	566	
652	382	273	
922	1113	559	
213	929	1146	
760	275	137	
631	299	396	
866	326	798	
Most likely scenario
462	1075	716	
861	242	358	
409	325	769	
862	1380	1016	
672	373	483	
498	435	276	
578	263	410	
328	260	144	
511	577	322	
370	268	596	
187	226	404	
276	238	365	
661	715	869	
98	194	87	
710	1094	974	
212	121	141	
323	535	691	
355	548	643	
726	850	1314	
872	969	635	
902	1261	950	
343	637	817	
1382	431	1175	
914	526	913	
371	359	871	
565	1181	618	
471	303	1120	
953	956	701	
902	895	824	
318	120	241	
862	631	362	
1095	1205	477	
1018	1127	758	
558	975	770	
408	531	879	
128	435	280	
559	670	484	
127	230	132	
205	495	315	
343	557	192	
300	677	437	
1077	641	486	
225	147	156	
436	377	828	
439	275	832	
321	309	354	
1552	461	478	
673	449	531	
384	355	490	
641	778	638	
1390	1386	525	
294	133	327	
811	302	678	
218	452	261	
164	374	265	
388	1102	993	
869	1067	1395	
178	155	158	
1079	990	893	
150	362	146	
659	984	879	
563	883	728	
335	420	408	
913	816	996	
824	660	363	
628	529	1159	
213	201	145	
1261	758	818	
960	437	634	
515	740	566	
1391	604	591	
734	699	688	
856	616	593	
377	429	219	
512	655	996	
137	235	96	
463	293	402	
174	257	358	
252	238	207	
790	933	1016	
495	346	301	
265	425	407	
186	80	64	
569	526	358	
504	370	159	
200	297	511	
225	170	232	
298	669	411	
167	288	169	
707	468	683	
840	834	498	
946	807	389	
456	1500	798	
489	970	475	
292	236	264	
1045	1274	908	
126	98	161	
1114	705	1023	
386	1129	887	
283	99	157	
498	441	464	
521	182	598	
508	467	477	
599	856	504	
193	264	403	
817	772	391	
898	959	434	
232	345	142	
719	483	558	
225	159	348	
70	98	186	
1116	912	439	
596	527	479	
1063	989	792	
794	868	508	
436	537	606	
1180	859	962	
397	232	283	
334	635	884	
466	380	734	
166	290	182	
499	163	442	
408	421	778	
261	253	206	
128	217	275	
1289	470	1124	
703	400	315	
325	245	792	
762	910	648	
924	509	982	
124	144	145	
518	1430	692	
152	62	94	
453	674	856	
477	220	443	
145	452	458	
327	661	492	
243	93	195	
845	635	1025	
902	551	554	
1477	1468	1089	
461	497	423	
752	829	547	
293	308	95	
140	144	95	
421	545	462	
1334	1311	1018	
1044	674	682	
202	330	127	
139	275	365	
319	191	177	
913	624	897	
875	1035	898	
293	187	238	
307	407	754	
163	224	146	
486	408	199	
1168	677	1007	
751	1345	482	
849	578	999	
665	694	907	
419	237	198	
711	1059	1057	
501	439	399	
630	438	595	
451	515	310	
391	525	273	
1056	1346	1481	
199	204	71	
713	513	405	
656	577	411	
1255	841	425	
115	225	238	
841	654	908	
456	443	328	
1001	1223	1082	
265	125	172	
279	328	139	
244	726	608	
1227	1116	1165	
561	1053	983	
554	468	715	
1227	1037	552	
384	625	1243	
229	280	221	
368	452	287	
281	357	155	
116	358	232	
573	299	477	
1343	839	1118	
958	902	740	
1127	398	1416	
570	375	616	
482	1093	946	
653	683	369	
955	1191	687	
368	951	1335	
1061	316	262	
716	502	719	
904	487	1047	
The worst scenario
509	1309	862	
1087	355	384	
509	441	997	
1061	1524	1145	
825	552	652	
600	607	372	
683	291	413	
333	320	203	
713	760	396	
505	321	704	
210	233	478	
391	329	377	
987	896	1286	
115	271	128	
802	1172	1298	
303	124	166	
327	622	824	
520	750	793	
731	1201	1847	
875	1329	897	
1139	1318	1148	
432	931	1005	
2010	543	1673	
952	641	1133	
428	362	923	
798	1299	773	
698	340	1255	
1366	1334	797	
1286	1305	1147	
377	154	348	
1139	789	521	
1624	1758	485	
1482	1631	905	
720	1216	902	
564	740	967	
150	591	393	
630	866	690	
181	255	194	
255	713	425	
487	672	198	
320	991	535	
1299	878	653	
292	164	206	
581	529	1208	
553	281	888	
330	331	482	
1975	485	658	
894	553	669	
400	428	587	
763	1154	764	
1654	1516	581	
408	160	441	
1194	452	1012	
261	460	297	
173	458	371	
467	1575	1349	
1016	1432	1787	
187	157	198	
1517	1231	1295	
182	405	206	
805	1185	1146	
628	1035	869	
445	432	547	
1144	988	1429	
1193	904	387	
797	755	1163	
260	293	176	
1427	1034	937	
1168	625	907	
670	999	675	
1691	726	733	
816	864	877	
1240	697	688	
397	504	279	
548	656	1074	
195	316	103	
510	294	600	
216	363	537	
260	267	279	
1142	1354	1095	
496	511	347	
267	520	580	
196	106	88	
786	736	509	
583	504	183	
276	323	559	
330	190	255	
409	996	488	
210	341	237	
829	482	689	
947	1100	565	
1383	849	438	
616	1919	1169	
497	1022	581	
366	258	304	
1394	1824	1278	
146	132	232	
1296	941	1096	
533	1448	910	
327	148	193	
507	511	613	
611	231	753	
633	484	586	
737	1076	520	
206	324	546	
854	1041	552	
1239	1246	625	
257	425	178	
981	543	608	
250	163	491	
73	122	223	
1556	1159	532	
856	730	553	
1434	1234	1022	
837	1213	514	
515	553	780	
1224	1049	1351	
450	256	353	
424	640	1235	
645	570	943	
213	369	197	
609	233	579	
535	507	1098	
262	301	217	
157	242	400	
1764	531	1351	
705	537	446	
359	336	877	
1092	1036	716	
942	742	1360	
168	171	208	
680	1934	728	
224	84	121	
474	692	1180	
622	223	608	
151	664	677	
426	800	591	
291	102	196	
992	708	1100	
938	825	756	
1707	1754	1241	
645	709	634	
789	931	554	
324	309	117	
168	180	127	
614	771	466	
1550	1577	1423	
1265	853	825	
211	358	183	
200	412	384	
472	270	230	
1188	719	1220	
899	1328	1021	
411	215	339	
386	601	767	
172	332	152	
664	470	271	
1481	917	1259	
978	1872	590	
1002	772	1461	
712	800	1112	
560	300	228	
813	1558	1267	
507	592	517	
821	548	824	
478	655	378	
506	765	317	
1584	1997	1938	
258	302	80	
1037	527	439	
742	728	456	
1717	1196	627	
127	255	288	
900	684	1301	
636	527	390	
1370	1612	1430	
301	150	230	
413	474	161	
337	1076	655	
1289	1346	1263	
796	1104	1466	
801	608	796	
1270	1056	744	
536	824	1560	
291	388	226	
551	491	386	
388	398	184	
150	481	335	
658	350	627	
1791	948	1225	
1036	1264	873	
1257	562	1996	
846	532	895	
718	1370	1137	
952	964	539	
985	1713	995	
455	1115	1376	
1445	381	344	
1070	525	784	
1083	530	1087	
