Factories	5	Jobs	100	Machines	2

Total number of component types per job processed by HSPM
7	11	11	12	11	11	6	9	12	8	8	8	6	12	10	11	7	12	5	9	11	8	6	8	11	5	12	8	11	10	7	10	11	8	11	9	9	6	5	8	12	11	6	5	12	5	6	12	8	10	11	6	8	5	9	12	5	11	12	6	5	6	12	9	11	9	8	9	7	6	7	11	10	5	10	6	5	5	6	10	10	8	9	10	10	10	11	6	8	10	7	5	7	12	9	9	8	6	10	11	

Total number of component types per job processed by MFPM
1	2	4	1	1	1	5	2	2	4	2	2	2	5	1	1	2	2	4	2	5	1	5	4	1	2	1	3	4	4	2	4	3	3	3	3	5	4	2	3	2	1	5	3	4	5	1	2	2	3	1	1	1	4	2	5	2	4	2	3	4	2	1	1	1	2	4	1	2	2	5	5	4	5	4	5	1	2	4	1	3	1	4	3	3	1	4	1	1	4	3	5	2	2	3	4	3	5	2	4	

All component type numbers for each job to be processed by HSPM
2	37	17	57	19	48	11	40	10	59	12	60	1	1	
10	35	17	61	5	26	15	58	13	67	11	13	1	1	6	7	18	18	3	49	7	74	
8	32	13	7	2	25	6	36	19	20	9	21	18	65	1	16	15	49	3	62	10	55	
5	72	8	60	0	65	1	27	19	10	15	15	6	61	9	4	3	73	13	40	10	71	18	51	
10	49	8	38	3	58	5	69	6	67	12	42	11	30	4	22	0	56	14	15	9	27	
19	15	16	50	8	34	2	30	12	7	6	6	7	35	10	72	13	65	3	20	17	73	
17	8	8	34	7	57	9	27	5	11	12	59	
3	23	6	40	0	67	16	17	18	59	17	70	7	73	2	14	8	13	
12	5	7	20	6	51	15	52	9	61	14	49	3	11	0	2	1	73	10	36	17	65	16	35	
3	23	14	3	15	32	16	65	18	57	2	17	13	53	9	69	
15	71	17	11	11	22	16	29	12	4	14	43	5	57	3	69	
19	30	6	24	9	31	5	45	18	51	16	21	8	55	13	17	
16	33	15	73	8	5	0	17	14	16	11	27	
8	63	7	64	10	30	1	61	16	57	3	13	2	15	17	38	6	26	18	39	11	27	5	23	
17	56	0	54	12	52	3	38	1	72	9	16	14	25	8	4	18	1	13	19	
13	14	10	49	2	62	19	50	17	57	1	68	9	75	3	17	0	70	4	7	18	24	
14	28	6	55	7	33	5	44	2	48	4	36	9	31	
1	67	15	48	12	59	2	50	18	38	8	13	11	49	7	36	0	12	14	62	9	61	13	35	
8	12	9	49	3	70	2	53	6	18	
11	57	9	33	5	64	1	46	2	5	15	24	17	20	18	58	19	49	
14	61	5	58	0	4	6	9	4	3	15	66	13	59	1	21	18	73	19	69	2	43	
4	8	11	17	15	39	1	45	9	6	12	4	3	37	14	67	
10	53	2	47	8	65	19	34	12	25	5	58	
5	30	2	60	8	34	10	61	0	50	14	27	12	18	13	35	
3	8	9	20	5	9	12	74	1	69	13	62	8	50	10	32	4	15	17	52	0	57	
13	36	12	26	0	13	14	8	4	69	
5	48	8	71	6	36	15	66	13	40	11	9	0	62	1	45	3	60	18	18	9	46	7	17	
9	51	8	40	13	46	15	75	0	53	11	52	2	14	10	23	
5	63	14	20	4	11	12	7	2	3	7	23	17	69	8	26	18	75	10	59	16	24	
0	36	5	15	3	18	7	10	14	60	9	20	15	19	1	22	19	38	8	14	
11	27	17	14	6	63	19	13	12	35	3	53	1	60	
0	51	11	67	7	71	9	3	19	11	15	26	10	14	1	36	5	69	14	56	
12	47	19	37	3	61	10	32	0	65	1	48	16	8	15	6	11	17	6	22	2	72	
13	59	2	70	15	41	12	1	18	49	0	72	11	55	3	15	
0	49	6	20	3	75	19	58	13	54	11	37	5	33	16	25	9	15	2	48	12	62	
19	56	10	4	7	53	2	41	17	59	15	57	9	18	1	55	3	2	
16	5	6	49	15	6	9	35	12	17	8	3	7	1	0	19	19	45	
4	33	16	10	7	51	14	9	8	39	11	12	
11	21	6	48	9	74	0	20	10	46	
17	8	1	53	5	28	14	61	13	25	0	20	3	11	7	4	
8	48	1	52	4	27	7	72	14	8	15	67	0	57	11	3	9	32	10	29	6	30	18	36	
10	61	12	13	6	70	7	42	1	41	16	21	3	16	15	37	2	68	4	33	17	58	
6	61	0	53	17	39	7	21	15	36	2	23	
6	1	14	64	11	74	9	52	8	70	
13	23	2	3	3	44	14	22	6	67	4	46	19	71	17	37	5	2	10	11	12	62	0	66	
4	38	1	44	9	39	16	17	15	8	
12	21	11	66	14	20	17	41	9	60	10	15	
14	10	16	66	19	19	7	73	0	54	9	70	13	38	12	46	10	59	17	64	5	27	4	43	
2	68	3	9	7	17	5	10	15	31	12	49	1	70	13	35	
1	55	12	26	5	9	3	66	2	2	9	24	19	45	10	1	8	61	15	19	
9	19	8	54	3	25	0	55	15	40	10	3	5	56	1	16	7	41	18	36	17	30	
7	65	17	40	11	13	1	39	10	72	9	52	
14	8	0	17	5	60	19	58	9	62	7	31	10	55	3	14	
9	40	8	37	6	20	3	19	10	58	
3	67	13	34	18	35	17	21	1	4	6	57	15	20	19	31	11	69	
4	72	18	21	15	41	6	60	2	27	17	42	3	24	1	7	19	74	8	22	0	56	13	58	
6	68	2	58	12	34	17	52	0	53	
9	33	4	67	17	52	13	24	7	57	16	11	18	69	5	56	3	49	1	2	19	8	
16	30	15	19	7	63	14	35	2	25	12	60	4	70	1	59	19	1	10	69	13	57	8	16	
10	73	19	15	14	11	0	31	15	20	18	57	
19	72	12	12	10	60	16	48	9	42	
17	20	12	32	15	60	7	56	5	18	13	59	
10	10	14	15	17	28	19	33	2	60	6	26	9	9	7	34	5	8	11	69	8	70	0	25	
4	30	8	1	15	71	10	17	3	63	5	38	0	60	17	40	9	68	
13	28	16	14	8	42	1	18	2	63	7	22	0	74	10	8	17	49	11	60	14	67	
4	7	15	60	11	34	12	1	3	29	2	22	14	65	19	49	16	38	
3	35	6	58	17	74	7	55	13	40	8	17	9	22	14	7	
11	31	2	8	14	37	10	53	4	4	8	13	3	26	15	5	6	75	
17	19	18	30	19	42	1	61	12	33	2	14	10	46	
4	67	15	26	13	32	7	61	14	70	10	43	
13	32	17	31	6	39	1	58	8	64	16	75	0	44	
18	44	19	9	13	56	2	13	10	30	9	12	11	35	5	52	4	57	17	19	7	65	
18	50	16	3	4	40	19	6	15	24	3	7	14	10	10	75	11	44	13	55	
7	15	13	19	8	13	18	52	2	47	
15	34	14	42	9	61	12	48	18	68	5	41	19	74	1	28	0	50	16	5	
1	22	16	42	19	56	8	70	11	53	12	59	
0	19	16	23	7	10	13	6	10	66	
8	48	5	30	7	11	6	16	3	72	
9	17	16	30	10	65	15	49	13	51	8	59	
10	4	19	8	11	33	13	11	16	36	6	13	5	56	12	72	9	60	14	75	
7	68	17	72	12	22	8	53	1	42	6	73	10	3	11	6	13	20	18	17	
15	12	17	73	14	71	0	35	11	6	12	19	9	72	18	65	
18	67	9	30	14	51	13	70	7	24	8	55	6	59	2	72	1	54	
17	24	9	67	16	51	1	17	4	71	0	64	3	63	7	53	6	23	10	13	
14	72	3	34	15	33	4	38	2	18	7	51	6	32	19	63	8	47	18	37	
15	8	2	25	19	68	14	6	6	39	18	65	9	42	4	33	3	47	10	57	
14	6	6	72	15	37	10	61	9	41	1	65	0	53	18	66	13	43	19	45	4	39	
13	22	5	64	0	74	10	38	19	66	7	19	
0	54	13	36	9	5	15	20	3	47	5	18	19	9	6	23	
11	68	6	20	7	65	10	52	14	71	13	37	4	64	18	44	8	11	17	12	
1	46	8	47	10	10	3	36	4	38	11	49	18	54	
8	3	6	55	0	54	15	48	12	19	
4	74	5	12	8	43	12	70	19	41	6	45	10	75	
3	40	9	31	10	56	17	42	16	7	13	61	1	30	15	16	11	72	19	74	14	43	18	20	
13	45	10	3	8	66	2	15	12	37	0	23	17	18	4	28	15	41	
14	3	8	27	16	5	11	65	10	20	15	74	13	22	7	19	17	15	
5	3	12	41	19	36	10	1	6	9	9	38	15	74	8	15	
18	8	8	66	9	60	5	29	6	13	12	61	
14	19	19	9	16	10	9	32	5	35	2	38	12	39	11	29	0	50	18	16	
3	63	6	34	19	16	12	6	8	11	1	7	14	3	16	54	11	71	10	21	2	62	

All component type numbers for each job to be processed by MFPM
0	3	
6	19	7	2	
1	22	4	11	3	20	9	12	
6	2	
5	21	
6	10	
5	20	1	24	4	7	2	11	0	25	
7	17	5	7	
2	15	8	16	
1	22	3	3	0	2	8	4	
7	23	4	22	
1	5	6	6	
1	15	2	22	
5	13	3	8	6	19	4	23	2	14	
2	25	
5	19	
2	18	8	14	
4	7	1	18	
0	8	3	15	2	18	4	23	
1	5	4	12	
4	18	9	17	5	11	6	14	2	8	
3	1	
6	3	2	4	1	2	0	24	4	23	
8	7	3	23	9	16	0	10	
1	1	
7	2	2	22	
7	8	
1	5	0	2	7	6	
1	8	3	1	4	17	0	10	
1	23	4	15	9	4	6	10	
3	23	2	22	
4	3	8	10	5	18	1	14	
9	4	5	24	4	8	
3	8	6	9	4	15	
4	14	2	25	8	22	
9	12	8	25	2	22	
2	21	3	15	5	16	1	18	9	10	
9	14	8	13	1	10	5	15	
5	1	6	24	
4	22	2	13	0	25	
0	12	1	2	
2	16	
3	23	2	22	4	1	7	16	8	3	
2	3	0	16	9	18	
6	16	4	14	1	8	5	10	
6	9	5	7	2	22	8	1	9	15	
8	3	
3	9	4	12	
5	13	8	25	
4	10	3	4	1	7	
4	4	
3	18	
1	19	
3	4	9	16	1	14	2	12	
9	11	6	10	
8	5	7	6	6	19	4	24	0	15	
4	12	7	20	
4	12	3	15	9	8	6	18	
2	2	7	19	
0	5	7	13	4	20	
6	15	7	11	0	21	5	1	
5	12	0	1	
5	7	
7	21	
0	16	
4	12	8	13	
7	24	3	16	1	20	6	21	
2	18	
6	22	7	8	
8	6	6	3	
5	18	0	2	9	12	8	5	4	23	
3	14	9	18	4	4	5	1	8	20	
9	8	3	2	5	24	6	22	
8	2	5	24	9	8	4	12	3	1	
8	8	7	17	6	4	0	1	
1	13	3	3	2	7	5	11	9	6	
7	2	
1	19	4	17	
1	10	5	21	7	15	3	8	
5	3	
8	23	3	13	0	11	
4	20	
5	1	0	13	7	20	1	7	
4	25	6	17	3	8	
7	10	1	20	5	15	
8	15	
2	6	5	9	7	11	0	16	
5	8	
3	18	
6	11	7	14	9	23	5	19	
6	23	1	24	2	13	
1	7	9	2	2	15	8	10	5	16	
5	24	0	8	
5	8	1	20	
7	6	2	14	9	15	
4	6	7	12	8	10	1	24	
5	11	4	23	7	5	
2	12	8	18	0	22	1	25	7	23	
5	18	8	9	
8	20	2	15	3	19	9	7	

Three processing times per job on each machine
The best scenario
906	313	
251	250	
163	275	
377	213	
349	318	
145	115	
497	710	
142	167	
991	793	
120	78	
402	997	
424	621	
599	502	
505	418	
668	163	
377	247	
474	636	
696	728	
200	872	
387	251	
650	415	
124	51	
637	757	
245	180	
861	457	
357	538	
100	154	
306	271	
507	471	
387	211	
585	685	
678	479	
657	389	
127	123	
962	780	
98	86	
417	475	
478	466	
264	239	
378	258	
355	628	
123	700	
573	559	
341	460	
246	327	
160	177	
399	707	
1219	552	
616	727	
247	270	
494	516	
375	174	
802	892	
695	922	
481	429	
267	343	
194	466	
345	645	
171	249	
381	249	
644	257	
685	217	
61	86	
238	186	
258	140	
125	196	
451	622	
288	89	
235	454	
947	948	
686	517	
190	406	
118	127	
500	1017	
286	165	
112	469	
195	273	
164	444	
79	54	
240	579	
308	293	
275	197	
439	744	
448	347	
354	480	
285	219	
485	837	
601	259	
313	593	
161	236	
143	177	
574	260	
233	138	
1046	523	
591	471	
250	995	
893	464	
130	513	
704	1200	
1056	304	
Most likely scenario
1197	604	
302	347	
315	441	
554	295	
581	494	
206	133	
522	771	
227	209	
1112	1146	
128	138	
414	1247	
734	623	
629	594	
554	680	
993	260	
482	249	
753	670	
751	1033	
322	891	
642	353	
911	516	
128	70	
808	856	
260	285	
1025	555	
612	606	
119	281	
500	312	
509	650	
415	411	
735	1228	
717	492	
687	515	
187	160	
1230	951	
155	103	
579	676	
494	505	
471	299	
458	416	
465	986	
228	812	
903	831	
605	894	
334	443	
177	209	
594	932	
1300	734	
871	1003	
290	304	
715	872	
429	222	
1048	934	
928	1319	
530	550	
497	407	
251	475	
369	772	
233	332	
468	413	
860	458	
790	417	
110	115	
346	290	
285	248	
147	199	
493	739	
534	152	
440	754	
1028	1020	
719	672	
344	417	
199	183	
519	1172	
436	245	
222	472	
350	429	
226	445	
85	57	
295	669	
399	489	
542	280	
800	1299	
748	520	
507	562	
289	258	
602	1316	
811	360	
379	835	
305	454	
267	255	
638	372	
447	207	
1253	552	
650	489	
362	1010	
1025	548	
188	537	
751	1474	
1057	451	
The worst scenario
1442	747	
427	371	
437	542	
560	321	
769	573	
247	136	
608	881	
303	271	
1567	1422	
156	184	
577	1337	
995	626	
922	787	
791	921	
1403	351	
705	257	
855	834	
788	1434	
428	1313	
650	412	
1091	706	
172	82	
943	1100	
292	353	
1238	784	
905	814	
163	400	
618	353	
697	839	
550	583	
818	1708	
970	512	
705	686	
208	204	
1247	1063	
214	116	
697	983	
571	638	
484	401	
595	463	
607	1152	
255	897	
938	1065	
701	1110	
456	564	
219	291	
752	1396	
1668	975	
1209	1011	
408	328	
931	897	
588	310	
1108	1011	
1242	1425	
777	767	
544	590	
335	708	
534	1079	
256	415	
603	538	
1290	503	
1179	447	
113	131	
512	302	
388	274	
157	270	
556	897	
769	191	
604	979	
1400	1458	
992	967	
513	624	
200	204	
636	1175	
438	259	
239	617	
388	531	
289	469	
99	65	
333	908	
445	533	
630	395	
1148	1694	
963	669	
519	694	
402	345	
655	1665	
1174	402	
472	1188	
409	457	
395	352	
749	432	
572	213	
1318	808	
971	657	
476	1144	
1286	678	
193	610	
1060	1896	
1560	565	
