Factories	4	Jobs	150	Machines	3

Total number of component types per job processed by HSPM
9	9	10	6	9	10	10	11	9	10	6	11	6	6	7	8	9	6	12	6	6	12	10	8	12	5	8	10	6	5	8	8	10	8	11	7	8	6	12	10	5	6	8	9	9	6	12	12	5	10	8	6	9	11	11	8	5	10	7	11	6	6	6	11	12	9	12	8	10	10	7	6	5	6	5	7	8	8	5	7	7	12	9	9	11	6	10	9	6	8	12	9	7	11	11	7	8	6	6	7	6	5	11	5	9	12	12	6	12	12	9	8	7	12	6	7	12	12	6	9	6	6	7	12	9	7	8	6	6	5	8	5	5	8	9	9	8	5	5	7	6	9	8	7	5	11	7	8	11	6	

Total number of component types per job processed by MFPM
3	2	5	5	5	5	3	5	1	1	4	2	1	5	3	4	2	1	5	4	1	1	1	3	5	3	5	4	4	4	2	3	4	5	3	5	3	2	2	3	1	1	1	4	2	4	4	3	3	1	3	4	3	1	1	3	2	5	3	3	1	5	3	2	2	3	2	1	2	4	3	5	1	4	3	5	3	1	3	1	5	5	2	4	4	3	2	2	1	2	4	3	4	4	3	5	4	1	1	1	3	3	5	2	3	4	4	4	4	1	4	5	4	1	4	4	4	4	5	5	3	5	5	4	4	5	5	3	2	2	5	4	4	5	3	5	5	3	2	3	5	3	5	3	2	5	2	4	4	4	3	4	3	4	4	3	2	2	1	3	5	4	3	3	4	5	4	1	3	1	3	1	1	5	1	3	4	4	3	2	2	1	5	3	2	5	4	2	5	4	1	2	3	3	1	2	3	2	1	2	5	1	5	5	3	1	3	2	4	3	1	4	4	3	3	1	2	5	1	2	4	5	2	2	5	2	2	3	4	1	1	5	3	1	1	2	4	5	4	4	5	5	2	3	2	1	1	3	5	4	2	3	5	3	1	2	5	5	5	5	5	3	3	5	1	2	2	1	3	5	4	1	5	2	5	5	3	1	2	3	3	1	3	4	3	3	5	2	3	3	4	5	4	1	3	4	3	1	4	4	

All component type numbers for each job to be processed by HSPM
14	37	16	68	0	66	3	60	8	72	11	40	5	6	1	1	2	13	
5	64	2	18	9	34	14	9	4	55	1	37	12	69	10	26	19	63	
13	29	17	26	16	5	19	21	9	22	4	45	0	72	14	34	1	75	12	63	
6	14	14	71	17	52	12	34	19	49	16	60	
9	44	19	18	4	11	11	1	5	71	12	41	13	23	2	66	14	6	
15	57	8	71	1	24	16	74	13	20	6	35	0	58	17	51	3	66	9	49	
11	24	3	59	7	5	5	21	18	39	8	58	12	46	6	48	13	44	0	35	
8	65	14	33	18	19	13	16	9	18	3	73	6	28	4	14	2	41	5	54	19	68	
17	71	10	65	0	28	9	25	16	72	8	4	18	23	13	75	11	9	
13	3	4	63	2	36	10	39	0	68	14	57	3	29	18	50	17	56	5	73	
16	54	17	48	2	55	1	27	4	36	0	34	
10	49	2	43	15	38	17	36	9	66	5	7	14	21	1	16	4	67	7	27	6	25	
5	69	12	4	17	47	15	65	3	20	2	14	
6	17	14	42	0	15	3	48	13	32	17	44	
5	43	8	57	16	21	2	69	18	34	13	20	19	60	
2	19	4	70	1	50	19	29	3	63	14	48	16	42	10	13	
16	72	5	71	12	32	17	59	4	64	7	9	0	42	11	16	8	49	
15	48	2	13	0	30	11	20	18	44	17	34	
15	20	19	52	10	17	17	47	4	37	9	25	18	3	13	59	14	57	6	65	1	8	12	19	
3	52	5	14	10	24	18	16	15	44	9	31	
0	17	11	59	19	4	1	30	3	69	12	20	
4	26	11	23	14	36	10	13	1	61	16	11	13	33	12	39	15	9	3	75	9	64	8	68	
0	75	15	24	4	15	11	68	14	13	7	29	13	55	8	23	17	59	10	47	
6	57	2	6	8	74	1	52	0	61	13	1	3	64	17	70	
18	19	1	10	15	33	0	36	19	21	13	49	6	12	17	11	4	48	8	66	9	51	7	38	
10	63	6	30	5	3	16	24	15	60	
18	46	14	31	11	51	4	68	2	16	3	66	15	21	19	43	
12	63	8	25	14	23	9	5	18	61	3	27	4	14	19	68	15	11	16	41	
17	22	14	72	4	60	13	34	6	20	7	17	
0	57	1	9	3	56	8	4	15	21	
5	4	12	45	10	21	6	19	8	18	7	61	13	30	1	57	
5	56	19	22	1	44	14	52	0	13	16	43	10	70	7	6	
15	18	4	19	1	68	16	42	14	75	2	74	3	27	13	37	7	44	12	54	
10	50	0	45	11	35	4	43	13	32	16	6	6	39	7	46	
1	58	13	22	10	56	15	30	8	17	6	16	12	57	18	24	0	3	7	5	2	51	
4	47	12	71	0	32	13	52	2	36	7	49	18	14	
14	44	17	27	15	75	9	5	11	69	10	51	2	73	7	74	
6	69	0	21	19	9	2	19	3	15	7	4	
14	64	9	68	8	32	17	51	18	49	7	50	19	6	13	29	10	65	5	60	11	36	0	54	
5	67	16	75	11	73	12	48	18	41	1	23	6	37	13	55	19	39	14	68	
3	28	10	67	12	40	11	36	15	11	
15	50	1	69	18	24	12	35	3	13	13	51	
19	19	14	20	6	14	8	38	3	65	9	21	12	74	18	29	
16	55	9	24	3	12	7	19	15	62	19	58	5	42	14	26	8	13	
1	6	19	38	6	39	0	13	10	17	18	65	8	35	16	34	12	42	
13	67	19	70	5	63	15	3	9	4	4	30	
12	5	19	46	16	34	3	36	2	30	6	69	8	21	0	65	10	56	18	7	9	28	14	67	
12	40	2	72	3	16	19	5	4	65	6	58	13	44	9	38	0	2	18	73	16	24	7	37	
12	65	15	32	9	72	4	37	2	1	
14	13	19	4	18	15	0	5	2	14	11	11	1	71	16	68	7	10	6	73	
19	8	17	72	2	70	5	71	11	63	7	32	10	11	14	22	
16	17	12	48	4	27	2	21	8	23	18	32	
14	72	2	12	0	18	8	61	3	5	9	19	4	40	11	62	12	3	
15	48	7	58	13	69	1	19	0	46	18	8	4	75	16	44	5	52	6	49	9	57	
15	42	18	47	17	12	7	27	19	29	11	72	4	26	8	52	5	70	1	22	10	71	
16	33	12	68	13	66	1	45	19	31	10	54	15	61	0	25	
6	6	15	63	12	39	9	43	2	52	
10	45	19	9	14	26	0	39	15	3	17	16	4	70	8	69	7	36	13	74	
4	43	11	62	17	48	12	6	14	4	2	24	16	59	
10	70	19	3	16	8	14	22	17	59	0	32	8	14	9	34	13	12	4	51	18	48	
14	6	15	13	4	43	1	27	17	19	18	75	
18	68	13	62	15	42	8	40	0	54	12	9	
12	11	5	57	0	22	13	64	2	67	14	51	
8	25	3	58	10	38	15	39	0	19	4	48	11	49	7	66	19	69	12	30	5	59	
11	36	4	7	17	2	0	74	6	28	7	3	2	73	12	70	1	31	14	30	15	38	16	60	
11	18	4	1	17	19	1	46	6	35	5	33	16	17	7	70	12	2	
19	40	8	63	5	60	1	58	7	18	4	5	3	39	9	55	11	6	17	53	18	9	16	67	
11	46	6	45	5	47	18	72	4	34	7	5	2	23	19	42	
7	45	14	15	12	24	17	25	13	44	6	54	3	5	10	46	4	66	0	53	
15	67	17	36	3	24	0	31	11	72	6	42	19	19	7	64	16	37	1	52	
4	55	18	32	10	50	6	51	17	19	16	28	1	56	
9	45	5	31	8	53	16	42	11	60	3	9	
8	34	6	35	18	13	14	28	0	74	
18	47	17	40	15	1	10	69	0	7	14	9	
6	52	14	53	0	49	12	27	19	4	
5	47	2	51	3	13	4	56	14	16	0	49	10	59	
19	47	9	41	4	25	17	36	16	3	10	75	6	30	5	17	
14	4	18	62	12	18	0	42	19	2	13	72	1	38	4	50	
4	25	14	42	13	59	3	11	12	8	
17	49	19	37	12	73	10	36	11	16	18	50	0	31	
2	50	6	13	13	52	9	44	7	49	3	21	4	28	
10	21	11	71	9	60	6	64	17	44	14	75	2	45	1	41	16	6	18	37	12	65	0	26	
8	28	14	46	17	57	1	66	3	16	12	18	15	37	7	50	10	52	
8	54	3	22	19	69	2	50	11	52	10	30	0	57	18	34	6	12	
7	44	4	30	12	5	15	32	1	13	11	14	13	43	10	69	2	40	9	10	6	70	
19	1	13	57	14	52	5	73	16	10	18	66	
12	68	19	72	7	6	2	29	6	66	17	26	5	9	15	4	11	73	8	27	
3	39	12	14	1	3	16	20	7	61	13	18	18	8	8	47	6	40	
17	5	12	20	4	49	0	65	6	44	1	43	
3	1	9	57	10	11	7	44	16	43	13	13	1	31	6	53	
19	47	9	3	7	28	17	5	5	23	1	27	2	42	16	14	13	11	10	55	12	73	8	68	
11	8	2	52	8	36	4	49	16	30	10	58	9	45	1	59	19	10	
14	16	16	56	4	43	11	53	18	74	15	31	13	5	
9	25	3	23	0	2	4	37	5	46	16	29	10	58	11	15	12	55	18	43	13	13	
4	26	11	38	17	60	18	20	2	30	3	69	8	2	12	10	15	37	1	44	5	4	
14	40	16	72	7	27	12	49	1	65	5	30	9	69	
6	50	18	45	5	37	7	71	8	63	3	34	15	43	19	48	
3	16	14	66	11	68	5	2	19	9	9	1	
18	22	19	6	2	20	9	56	4	7	3	51	
0	75	14	55	1	70	4	23	5	37	12	4	13	58	
13	57	11	30	5	55	12	27	16	73	19	16	
6	36	7	50	9	26	12	56	16	57	
12	66	10	51	9	61	18	60	7	9	3	48	6	4	17	42	5	35	4	55	19	5	
2	50	13	28	14	44	7	10	8	74	
14	65	0	2	19	29	1	4	2	57	10	42	15	51	8	46	16	50	
19	34	10	75	4	46	3	45	8	65	18	52	1	38	0	72	5	25	15	8	2	41	7	35	
7	33	15	8	6	1	11	65	5	28	3	62	16	9	13	31	4	52	9	70	8	45	17	72	
16	33	6	13	1	4	17	69	8	19	12	48	
2	28	0	74	17	66	3	15	7	41	6	11	19	20	4	29	15	13	8	64	10	73	5	16	
4	20	18	53	14	62	13	61	8	28	1	44	15	60	6	66	5	70	17	19	10	13	2	74	
10	41	17	56	0	57	7	5	12	51	8	54	4	75	14	18	1	65	
10	8	11	71	19	49	18	20	12	46	6	32	3	36	4	43	
7	28	19	30	16	51	10	60	9	31	3	20	2	38	
14	39	8	23	2	61	6	54	1	32	13	21	3	68	0	73	7	35	9	58	12	45	17	12	
3	69	8	63	11	61	18	4	6	33	14	36	
15	16	12	51	19	15	10	59	0	52	5	23	17	32	
17	74	0	64	1	44	5	35	12	73	2	66	6	40	3	10	13	47	9	58	11	15	14	9	
17	13	4	52	5	46	8	53	14	23	9	26	11	60	13	69	3	47	7	16	10	70	6	9	
16	14	14	29	5	59	13	54	6	62	12	44	
5	33	11	71	17	37	1	21	3	55	16	74	2	28	4	18	9	60	
12	29	9	14	14	74	19	20	11	49	3	69	
5	55	19	50	3	19	13	18	11	9	17	39	
7	56	18	48	11	10	2	55	14	47	19	49	5	59	
19	34	4	4	14	11	5	39	9	55	10	50	7	20	11	29	12	54	1	10	17	19	0	71	
0	24	4	60	17	22	11	72	7	62	10	38	1	58	2	40	19	66	
10	23	12	62	18	61	13	16	5	14	14	44	11	24	
4	19	11	45	3	14	9	67	1	3	14	5	18	73	10	53	
7	69	8	21	16	30	5	36	9	52	2	9	
4	51	7	72	0	58	15	26	17	25	14	7	
14	7	18	75	13	35	2	16	4	5	
0	16	18	34	16	22	3	33	17	19	12	75	1	55	14	37	
5	16	0	46	16	1	6	35	14	70	
8	4	5	39	12	43	17	74	1	30	
4	8	10	3	2	9	0	72	19	45	18	14	15	63	13	41	
11	50	12	49	18	65	13	51	0	68	1	58	5	19	14	33	8	69	
13	23	9	24	5	69	14	4	16	36	2	63	1	16	17	38	8	44	
5	45	2	46	13	33	0	7	19	29	11	62	15	60	17	53	
19	47	8	55	5	36	11	71	14	13	
4	8	5	26	19	9	13	69	9	42	
19	65	14	40	13	19	8	47	5	34	18	9	2	8	
6	16	2	54	1	44	5	10	17	14	12	59	
8	67	4	63	19	39	12	3	1	21	17	32	16	59	10	58	11	12	
8	11	6	28	7	26	17	67	15	13	13	69	16	34	12	30	
9	17	12	13	8	3	7	19	2	42	13	30	19	28	
2	15	3	67	12	73	4	39	11	17	
8	34	19	28	12	17	6	40	5	36	18	65	15	46	0	58	10	9	16	10	7	69	
1	20	10	64	2	73	16	61	9	56	4	48	14	59	
3	5	7	62	0	47	10	63	19	56	9	66	13	14	16	50	
4	32	1	68	2	35	9	21	18	61	19	15	5	65	16	27	6	47	13	36	7	73	
1	40	7	37	16	65	8	5	0	22	17	6	

All component type numbers for each job to be processed by MFPM
2	17	8	23	0	19	
5	34	6	27	
2	19	1	8	9	11	7	24	8	1	
7	44	3	42	0	46	6	37	8	40	
1	12	8	4	7	25	0	16	2	22	
8	49	5	44	1	28	3	27	9	43	
5	25	6	13	7	8	
7	38	2	30	6	33	5	32	8	49	
1	6	
4	26	
8	15	3	13	7	24	6	23	
3	41	6	35	
7	3	
8	39	2	46	0	38	3	27	1	45	
8	19	0	17	2	6	
2	28	4	32	9	26	8	45	
1	12	2	13	
0	36	
8	2	1	14	5	19	6	17	2	1	
2	34	7	44	3	31	5	32	
3	4	
1	32	
8	17	
4	26	5	34	9	31	
5	14	8	9	6	19	2	21	9	2	
0	32	3	37	8	38	
2	22	9	4	6	15	8	13	1	16	
2	48	3	34	6	39	4	49	
9	2	8	4	4	14	3	19	
4	39	6	46	8	41	9	34	
2	9	3	12	
3	45	8	34	5	29	
9	24	1	19	4	1	2	5	
3	47	1	40	5	33	6	29	7	39	
1	5	4	14	9	24	
5	38	4	39	7	35	2	37	3	43	
6	8	7	21	8	22	
1	39	3	48	
0	3	5	10	
8	50	9	42	3	35	
6	2	
5	38	
7	18	
0	47	4	50	2	28	7	32	
8	3	1	11	
1	47	4	32	7	35	0	36	
9	22	5	7	8	24	7	21	
9	33	2	30	1	31	
5	9	9	16	2	23	
5	30	
6	23	9	19	8	12	
2	45	3	29	1	50	8	49	
7	22	8	7	1	25	
5	43	
7	25	
8	28	1	37	0	32	
1	19	6	6	
0	39	7	41	3	47	8	43	2	50	
7	8	0	1	1	21	
7	29	8	38	2	45	
5	17	
8	50	9	34	0	32	5	45	6	46	
1	21	6	23	9	20	
8	42	0	48	
2	1	3	21	
5	37	3	48	8	47	
3	7	6	24	
3	33	
2	19	4	12	
5	42	3	44	8	38	2	39	
1	2	3	14	5	23	
9	39	3	47	8	38	5	40	2	49	
4	10	
3	29	8	50	6	44	5	47	
4	3	5	20	3	13	
9	45	3	46	5	47	1	48	0	28	
2	4	7	1	6	10	
6	34	
5	9	6	4	0	13	
8	28	
3	18	4	11	6	4	5	10	8	6	
7	47	5	40	1	28	0	43	6	32	
2	9	0	19	
2	50	0	39	5	30	6	38	
4	1	1	13	6	22	8	9	
2	32	0	30	8	29	
6	25	4	6	
2	40	4	28	
8	20	
0	37	2	28	
0	20	8	19	6	3	2	13	
9	49	0	50	2	48	
2	13	3	17	0	15	5	10	
9	39	8	40	2	47	7	44	
7	2	0	14	6	12	
9	32	4	47	5	44	0	35	3	38	
8	5	5	2	6	21	2	13	
4	33	
7	7	
2	42	
3	24	1	10	2	20	
9	37	1	28	8	29	
6	25	9	8	0	24	8	3	1	2	
4	38	2	31	
4	23	2	18	9	12	
5	49	0	35	6	28	8	48	
3	17	8	16	0	24	5	15	
8	45	7	43	1	29	5	41	
7	20	8	24	3	23	9	6	
4	26	
5	8	4	5	3	18	9	24	
6	38	9	26	8	28	4	36	1	35	
8	5	2	18	4	6	9	19	
2	48	
7	17	1	7	2	18	8	6	
7	33	5	46	0	36	3	42	
0	4	5	11	2	3	8	18	
3	29	6	32	8	37	0	46	
1	1	6	4	0	5	8	23	3	11	
0	40	8	31	6	28	9	30	4	50	
7	23	6	15	8	21	
5	40	3	32	9	30	1	47	8	49	
4	15	6	4	3	1	2	12	8	14	
1	26	2	29	5	42	9	47	
6	3	5	9	8	17	2	19	
3	41	8	44	4	48	0	43	2	49	
4	20	0	14	9	12	3	6	5	9	
5	46	3	47	6	27	
3	23	8	21	
8	49	6	30	
2	4	0	18	5	5	1	25	7	12	
4	43	9	50	8	47	5	38	
0	25	8	21	5	7	3	4	
9	31	6	42	8	48	4	26	1	30	
3	9	6	1	5	3	
0	45	5	43	6	33	8	30	3	29	
2	6	1	14	4	23	9	2	8	24	
3	26	1	46	2	29	
6	19	2	14	
4	36	1	35	0	45	
5	13	6	19	9	16	3	23	1	20	
1	32	6	47	0	46	
5	5	4	21	2	10	0	6	1	1	
0	39	3	41	7	28	
1	20	0	18	
3	49	6	37	8	32	2	48	5	47	
5	8	4	9	
7	45	6	35	5	48	3	30	
4	16	2	25	6	23	9	21	
2	47	9	43	8	44	7	29	
4	11	0	1	5	16	
8	49	5	28	9	50	2	44	
6	5	1	8	5	11	
8	46	3	38	7	49	6	48	
2	2	6	23	9	3	5	22	
3	36	6	29	0	34	
5	15	1	9	
3	48	2	27	
6	19	
2	29	7	27	5	30	
6	19	3	15	2	20	7	23	5	13	
0	39	9	43	3	26	1	30	
2	22	3	24	8	1	
0	26	3	45	2	38	
2	21	6	18	5	2	7	14	
4	45	9	26	5	47	8	31	3	44	
2	17	4	10	9	14	1	20	
8	26	
7	19	5	4	2	6	
8	31	
2	15	9	17	5	12	
5	30	
1	2	
5	47	6	27	9	49	3	31	8	40	
4	5	
3	41	0	32	7	33	
5	19	0	4	8	1	4	17	
1	45	5	31	6	37	4	39	
0	13	7	15	4	4	
7	36	6	47	
4	5	6	17	
7	30	
3	5	6	19	1	16	8	4	5	14	
0	42	9	40	6	49	
5	21	3	22	
5	42	9	35	2	47	8	28	1	29	
1	8	6	16	5	12	3	21	
3	32	7	39	
7	25	1	18	4	10	3	20	0	19	
7	31	4	32	8	36	5	46	
5	6	
7	38	3	39	
7	14	4	18	8	4	
4	37	3	43	9	46	
8	23	
8	49	2	40	
7	22	1	19	4	4	
4	30	5	49	
5	3	
4	38	3	48	
8	2	2	22	7	10	5	1	4	15	
3	47	
0	7	2	3	6	11	3	18	4	8	
4	36	9	47	6	30	1	42	5	28	
4	22	3	3	2	14	
3	26	
8	6	3	13	4	24	
9	36	2	42	
9	8	4	15	3	23	1	10	
7	39	0	38	9	43	
5	12	
7	27	2	42	0	36	8	41	
9	10	3	14	5	17	4	13	
5	47	0	50	7	33	
7	12	3	19	0	15	
3	34	
2	2	9	11	
1	49	7	29	2	27	6	38	5	48	
1	25	
8	30	1	38	
6	18	7	7	5	13	9	24	
2	39	0	33	3	27	7	38	4	29	
5	14	4	12	
9	28	6	27	
1	22	7	4	8	12	5	1	2	13	
6	44	5	47	
1	8	3	18	
5	34	0	29	4	45	
6	7	7	2	9	5	3	18	
3	30	
0	13	
4	27	6	34	2	44	8	41	9	36	
9	6	1	10	7	3	
0	36	
5	1	
0	38	7	41	
1	12	7	22	3	20	8	10	
0	28	1	36	9	50	7	33	6	49	
6	7	7	18	1	17	0	25	
1	27	5	32	3	46	4	31	
4	8	8	24	3	17	0	19	2	20	
0	31	3	36	1	29	5	50	2	49	
2	17	3	19	
0	37	9	41	2	45	
5	22	8	23	
2	31	
0	20	
9	31	8	49	3	39	
8	25	1	5	9	7	5	22	4	15	
4	42	7	48	2	34	1	43	
0	9	4	25	
2	40	7	27	5	29	
2	2	1	3	9	15	0	19	7	23	
3	38	9	44	7	49	
9	17	
0	33	8	31	
1	10	2	3	6	4	4	24	0	21	
1	41	2	43	5	46	7	34	6	39	
0	8	2	23	1	13	3	10	7	1	
6	45	3	26	5	34	4	27	9	41	
9	13	5	22	6	18	2	16	4	19	
1	39	2	30	6	27	
7	2	0	8	8	9	
7	41	1	35	2	28	0	33	9	44	
9	19	
4	27	2	41	
8	4	9	1	
4	39	
6	22	9	3	8	4	
5	36	6	30	4	27	9	47	1	29	
5	13	3	15	4	9	9	17	
7	46	
8	23	2	13	7	1	3	19	4	11	
8	41	5	31	
8	25	7	20	6	10	5	2	0	8	
2	35	7	48	1	50	5	49	9	32	
4	8	8	1	2	12	
3	39	
8	25	9	18	
9	44	7	41	2	49	
0	3	7	17	3	14	
3	38	
0	24	4	17	1	3	
1	35	3	47	5	49	0	42	
7	9	3	25	4	5	
7	36	4	41	5	50	
8	10	5	19	0	7	2	25	7	23	
3	27	6	46	
7	22	8	5	4	20	
9	40	2	48	3	37	
7	8	3	16	6	4	1	5	
2	30	6	36	7	43	9	50	5	29	
9	7	3	3	2	11	7	9	
6	45	
4	2	6	20	2	10	
5	39	0	42	2	44	4	48	
5	2	1	21	3	12	
8	35	
1	22	0	21	8	6	6	8	
9	39	6	26	5	40	3	37	

Three processing times per job on each machine
The best scenario
17	26	55	
38	83	57	
194	324	272	
251	170	179	
93	60	22	
299	147	233	
32	106	27	
118	66	60	
229	271	225	
149	139	241	
216	228	151	
110	139	129	
46	39	42	
244	111	138	
107	192	120	
230	411	467	
241	259	229	
111	70	71	
194	72	155	
25	23	12	
294	424	144	
332	247	384	
81	257	238	
111	36	146	
52	40	60	
80	187	229	
320	309	197	
200	132	171	
159	137	196	
98	132	174	
159	134	354	
118	26	91	
359	369	350	
128	218	311	
236	96	225	
385	153	212	
71	109	167	
384	163	127	
437	323	313	
280	296	231	
100	130	36	
140	261	132	
276	296	110	
88	99	203	
171	223	179	
206	91	223	
97	202	94	
187	124	417	
125	60	100	
83	113	214	
129	51	80	
106	129	98	
338	328	141	
361	87	294	
34	55	93	
74	76	159	
149	203	265	
53	99	80	
194	212	103	
164	382	175	
94	201	119	
128	99	128	
189	257	112	
126	61	67	
136	138	117	
234	137	83	
159	307	195	
137	125	103	
206	460	332	
71	95	165	
37	55	44	
190	181	256	
437	388	153	
66	75	137	
46	44	42	
113	50	39	
55	49	144	
79	48	45	
228	280	290	
209	387	258	
43	54	86	
136	363	181	
62	83	42	
361	209	235	
69	55	64	
233	287	144	
385	415	309	
292	432	237	
273	295	356	
567	95	134	
400	353	272	
179	98	131	
205	135	205	
375	213	197	
80	30	47	
74	100	48	
79	80	137	
62	180	109	
62	87	73	
59	14	45	
253	153	382	
25	22	44	
178	359	278	
69	55	60	
371	166	317	
165	294	328	
121	143	94	
349	455	290	
173	164	177	
64	26	51	
218	213	243	
49	41	42	
102	305	81	
54	127	54	
81	106	44	
391	303	266	
300	289	346	
132	351	426	
31	127	85	
138	292	136	
227	83	163	
163	100	220	
103	157	37	
52	27	49	
26	30	38	
103	73	109	
243	110	225	
208	287	286	
82	64	55	
258	187	150	
56	50	68	
156	177	123	
31	100	45	
260	207	270	
97	132	138	
387	197	344	
253	188	331	
40	116	104	
106	129	117	
138	426	157	
81	54	153	
92	105	38	
294	492	194	
258	175	325	
175	387	481	
134	78	139	
143	458	146	
128	99	94	
93	74	99	
42	39	22	
Most likely scenario
20	28	63	
60	111	95	
261	356	361	
290	227	252	
98	94	33	
416	151	329	
37	126	49	
132	99	111	
260	291	375	
192	221	242	
342	338	300	
133	157	256	
87	44	65	
294	134	159	
115	235	170	
243	482	478	
343	305	352	
120	90	121	
195	90	170	
43	31	16	
501	516	262	
418	291	404	
108	303	390	
181	65	158	
93	54	63	
115	212	316	
321	340	323	
284	197	326	
170	239	210	
136	170	306	
271	152	367	
126	47	113	
398	478	558	
220	374	381	
454	188	329	
598	270	300	
75	187	174	
531	188	173	
504	446	349	
399	343	296	
118	131	60	
168	273	150	
353	389	131	
150	122	287	
205	228	271	
322	159	234	
156	210	95	
230	208	431	
146	66	106	
153	166	226	
208	66	125	
133	133	151	
339	486	222	
407	170	369	
43	81	96	
103	140	250	
161	204	280	
94	101	87	
276	231	178	
204	395	188	
127	220	125	
256	179	137	
272	323	200	
161	113	71	
177	207	169	
251	189	110	
166	339	214	
229	167	104	
236	553	476	
94	96	247	
67	91	87	
276	331	451	
532	478	178	
122	105	139	
56	45	54	
114	78	58	
81	93	166	
148	76	72	
255	306	357	
241	599	369	
60	58	102	
240	380	183	
74	152	77	
502	230	246	
104	59	119	
430	329	206	
450	513	586	
299	528	353	
317	377	478	
596	186	225	
441	422	435	
223	129	152	
286	182	253	
490	299	365	
109	56	68	
121	104	74	
131	119	167	
71	197	131	
75	97	136	
60	28	61	
397	292	472	
40	41	62	
184	440	371	
78	62	61	
489	304	370	
298	362	402	
178	145	108	
552	617	385	
279	300	235	
93	30	59	
314	279	268	
77	62	62	
178	358	98	
81	221	75	
93	121	70	
521	366	424	
320	333	446	
142	359	498	
62	156	146	
174	428	258	
240	109	270	
182	150	286	
187	170	48	
76	28	95	
43	34	71	
169	87	118	
358	181	228	
233	408	352	
101	87	57	
365	216	214	
72	57	83	
188	207	141	
37	112	53	
358	252	278	
157	153	167	
415	256	553	
392	251	447	
76	135	130	
188	175	193	
204	494	295	
103	89	198	
100	141	42	
556	528	256	
262	323	417	
281	490	530	
267	154	158	
185	564	167	
175	109	127	
109	80	166	
54	51	27	
The worst scenario
26	30	78	
78	136	108	
345	381	460	
291	336	312	
113	96	35	
559	185	368	
39	173	58	
164	115	142	
304	366	452	
235	285	361	
350	362	396	
178	170	347	
126	51	70	
297	176	198	
135	308	186	
291	671	584	
360	318	517	
141	102	153	
197	112	198	
60	41	24	
529	634	346	
529	366	605	
145	378	584	
192	91	212	
138	68	70	
120	214	343	
391	384	447	
345	205	476	
177	290	246	
151	229	370	
395	173	517	
132	58	137	
584	516	817	
324	442	445	
642	205	348	
842	276	320	
96	251	207	
610	281	208	
727	608	473	
580	376	441	
143	179	62	
200	405	182	
442	473	175	
197	136	349	
213	253	343	
430	217	250	
195	254	99	
234	270	562	
195	86	124	
219	204	318	
268	74	183	
187	190	225	
446	530	324	
408	225	539	
52	90	134	
153	163	305	
172	271	310	
139	133	93	
277	244	183	
215	570	259	
151	282	170	
307	206	202	
301	428	202	
202	138	99	
192	225	198	
343	263	158	
230	350	317	
245	206	134	
327	722	529	
95	106	302	
96	97	126	
379	457	599	
589	522	261	
179	106	188	
81	63	58	
128	117	60	
106	96	249	
200	83	103	
295	314	372	
295	820	414	
70	78	125	
285	526	240	
93	228	81	
720	278	282	
129	60	156	
598	414	261	
657	710	853	
418	646	405	
394	512	578	
859	231	284	
472	445	560	
313	137	155	
296	212	326	
645	344	512	
128	72	72	
151	142	91	
139	142	170	
97	223	182	
80	133	141	
61	29	64	
475	326	696	
46	58	90	
208	466	385	
107	88	83	
612	447	517	
365	540	421	
221	206	115	
642	833	514	
329	417	296	
137	40	87	
350	418	342	
85	92	81	
203	453	145	
115	278	79	
119	134	94	
529	388	459	
385	487	537	
157	374	513	
82	178	207	
241	642	344	
284	136	379	
227	171	305	
280	219	58	
81	38	134	
51	44	92	
173	126	161	
433	246	306	
309	469	507	
110	111	70	
424	255	228	
78	73	94	
274	302	170	
52	148	70	
401	300	310	
170	170	221	
536	315	584	
523	292	616	
88	200	148	
278	215	197	
255	579	382	
133	92	242	
107	200	44	
669	687	329	
321	437	431	
330	733	658	
315	213	233	
253	671	228	
201	149	175	
156	106	187	
64	59	36	
