Factories	2	Jobs	50	Machines	3

Total number of component types per job processed by HSPM
6	12	8	9	10	6	7	6	8	12	7	6	11	12	7	10	6	11	5	5	9	12	5	7	5	12	9	9	5	9	6	10	5	5	11	10	7	5	8	5	12	7	12	9	8	11	7	12	9	9	

Total number of component types per job processed by MFPM
1	5	2	3	4	4	3	1	2	2	2	1	3	4	3	3	4	5	2	5	2	4	4	2	4	3	2	3	4	5	4	2	4	4	1	5	3	5	3	5	5	5	4	1	1	4	4	5	5	3	2	1	3	1	5	1	1	2	4	3	4	2	1	3	2	1	5	4	2	4	1	3	5	1	4	5	5	5	4	2	4	2	5	2	3	5	3	5	5	5	4	3	2	4	1	3	4	2	4	3	

All component type numbers for each job to be processed by HSPM
17	58	16	39	18	33	12	48	3	21	7	49	
18	41	1	2	13	13	4	11	2	63	6	50	19	18	15	38	0	12	17	36	12	58	8	61	
16	37	2	66	19	42	8	5	17	14	12	48	5	35	4	9	
7	58	12	1	14	46	8	68	9	73	13	69	2	54	3	65	4	33	
10	14	8	51	6	42	18	48	12	22	19	37	4	47	0	45	2	11	14	69	
4	36	2	67	7	25	8	3	11	37	10	72	
10	73	19	22	12	3	15	50	14	6	1	53	16	51	
11	15	15	5	16	61	10	55	19	42	3	59	
13	36	10	33	18	32	0	64	1	2	6	35	15	54	7	25	
2	21	7	1	10	32	8	75	9	54	1	5	3	66	12	2	0	30	13	62	18	3	14	56	
8	8	4	50	0	57	16	23	12	19	10	62	7	13	
17	8	3	57	16	33	7	20	1	50	18	16	
16	66	1	33	14	11	10	63	11	21	19	68	12	18	9	44	2	16	15	3	8	14	
16	66	10	70	4	39	1	36	2	25	14	33	18	50	19	9	7	12	6	11	0	14	12	27	
7	9	14	8	15	52	11	49	13	11	1	14	16	4	
13	42	11	2	12	45	2	28	8	61	15	5	16	74	3	39	4	37	14	30	
8	65	1	7	0	38	15	31	13	42	7	5	
15	34	12	33	3	11	19	63	6	43	14	56	16	30	4	67	1	31	9	23	5	48	
9	67	3	45	5	2	13	43	15	62	
16	1	9	40	12	7	19	62	18	27	
19	46	7	40	11	53	2	56	1	66	16	71	18	35	0	37	3	6	
17	64	5	54	9	57	15	74	4	16	6	52	16	71	1	17	14	36	13	75	12	50	19	59	
16	48	7	33	18	35	0	71	11	55	
2	35	19	50	15	75	14	36	8	53	5	54	13	19	
2	36	14	58	0	40	1	48	9	64	
2	19	1	12	7	56	13	48	15	16	16	43	17	9	19	54	18	25	3	58	6	6	5	38	
5	47	16	50	19	6	12	30	18	31	15	15	7	75	11	17	13	25	
0	63	3	57	11	65	15	70	14	71	10	38	13	68	6	75	16	23	
4	21	1	28	17	9	16	52	14	56	
3	65	10	48	8	9	5	57	9	55	7	53	16	16	14	63	17	40	
16	41	5	8	8	10	18	17	6	21	11	39	
9	32	15	62	12	63	8	41	17	13	14	20	11	47	5	30	4	38	18	58	
9	54	18	31	10	30	0	10	2	45	
14	49	18	58	15	43	3	45	12	34	
7	58	16	36	11	3	6	33	10	44	19	46	5	68	12	20	3	67	0	21	2	47	
2	27	7	19	4	29	8	53	11	38	6	8	1	18	12	1	19	72	14	22	
6	51	17	11	10	53	12	49	1	36	7	31	14	70	
16	71	7	11	5	17	15	50	10	9	
7	20	8	52	12	5	17	47	6	69	4	60	13	7	3	48	
0	13	2	12	3	29	4	20	14	61	
5	17	17	4	16	19	1	44	2	15	13	68	7	27	14	18	3	66	12	41	11	5	8	8	
2	23	6	52	1	73	14	25	7	27	12	16	11	17	
12	56	1	53	3	46	16	59	19	32	6	26	5	63	9	41	17	30	13	71	10	74	7	51	
2	59	14	3	3	54	8	17	9	44	13	63	5	6	6	66	11	48	
12	45	0	70	2	61	6	3	17	71	15	19	10	55	7	51	
10	64	19	62	4	9	8	13	15	27	3	49	16	75	14	4	12	8	6	30	17	66	
8	67	4	58	19	70	10	16	16	12	14	34	3	33	
1	26	15	59	10	11	7	13	14	72	11	39	6	56	19	42	13	21	16	61	17	3	4	46	
6	36	0	66	15	59	4	60	2	44	19	75	16	73	12	64	7	50	
2	54	8	64	15	71	3	21	12	23	17	32	11	41	1	37	7	6	

All component type numbers for each job to be processed by MFPM
1	13	
0	33	5	26	6	28	9	30	4	38	
7	21	6	16	
1	47	8	49	5	41	
1	6	5	1	8	8	7	12	
7	27	5	38	1	42	8	34	
5	12	3	2	2	6	
2	32	
4	25	2	23	
2	35	0	46	
2	24	4	16	
1	48	
8	6	2	4	0	5	
0	44	6	32	7	43	2	45	
2	7	6	23	0	24	
4	26	1	44	6	47	
3	12	5	2	4	9	2	17	
4	31	6	36	8	27	7	33	3	45	
9	5	8	6	
7	45	8	49	3	37	5	31	0	44	
4	23	1	25	
2	27	6	50	9	29	3	38	
9	15	3	10	1	5	4	2	
8	50	3	45	
4	7	9	13	0	23	7	15	
1	48	4	29	3	35	
1	2	3	6	
7	32	9	35	5	41	
9	3	8	4	2	15	7	5	
0	26	3	44	1	27	4	33	6	41	
8	4	7	24	2	12	3	23	
4	26	9	45	
8	4	7	21	2	11	0	5	
5	34	3	33	0	47	6	49	
4	23	
2	47	3	29	5	26	4	48	9	30	
3	11	8	3	2	16	
7	33	2	29	1	50	6	36	9	34	
5	19	2	4	1	25	
5	38	8	50	2	45	0	40	9	49	
0	13	4	7	1	22	6	14	3	15	
9	41	7	47	8	32	4	34	1	26	
0	17	6	24	4	15	5	4	
0	29	
9	17	
9	39	4	46	1	47	8	34	
7	3	0	11	2	9	3	10	
1	37	3	42	4	39	7	46	5	45	
3	6	8	5	1	19	9	10	2	11	
2	28	0	41	7	36	
0	16	6	8	
1	41	
1	8	2	11	6	22	
5	36	
5	15	8	14	2	9	4	6	7	10	
3	42	
6	17	
7	29	6	46	
2	20	8	25	5	4	9	17	
9	41	0	32	2	45	
1	5	6	16	9	19	8	6	
7	49	8	38	
5	22	
4	39	0	29	6	35	
2	7	7	5	
8	26	
5	24	8	23	3	12	2	9	1	17	
2	27	1	32	4	38	0	46	
5	2	4	24	
3	32	0	40	5	48	1	34	
6	23	
3	36	0	31	8	26	
9	9	6	18	1	8	7	10	0	14	
8	33	
2	15	3	20	0	19	6	16	
0	39	1	34	6	31	5	28	8	29	
5	6	4	8	0	3	8	4	6	16	
2	34	8	27	9	40	3	48	5	35	
6	21	0	13	5	16	3	23	
0	29	6	45	
6	16	9	5	5	8	7	12	
9	39	5	28	
0	3	6	8	4	16	5	11	3	1	
3	27	0	32	
9	18	0	16	5	9	
5	35	3	39	1	46	2	44	9	40	
2	14	6	25	8	10	
1	33	7	28	4	41	5	31	0	44	
1	24	9	18	8	2	0	3	5	11	
3	40	9	47	7	29	5	32	8	36	
6	23	5	3	3	18	0	16	
1	32	3	45	4	48	
4	5	5	22	
6	33	8	31	1	41	0	28	
8	1	
7	40	3	31	6	29	
2	11	3	6	6	25	0	14	
3	47	1	43	
1	21	9	24	5	2	4	12	
8	27	0	34	5	33	

Three processing times per job on each machine
The best scenario
355	952	796	
138	123	158	
571	482	252	
1021	1008	275	
674	359	781	
70	82	239	
201	231	273	
329	681	638	
127	278	399	
465	537	517	
372	473	576	
498	178	269	
252	491	349	
684	397	899	
328	314	819	
201	161	217	
442	636	450	
311	224	134	
356	276	291	
151	209	342	
425	881	483	
487	250	177	
477	782	283	
144	424	378	
93	311	169	
754	843	401	
348	530	411	
329	351	232	
771	670	1309	
719	509	845	
310	346	336	
234	262	131	
429	1172	1021	
97	116	174	
587	350	361	
400	496	498	
309	322	268	
627	375	864	
626	694	354	
145	318	141	
765	521	490	
270	140	100	
405	415	545	
247	710	179	
322	627	683	
551	240	224	
905	604	776	
472	729	199	
784	970	691	
489	385	381	
Most likely scenario
462	1195	1330	
152	215	279	
703	599	404	
1233	1218	350	
891	423	788	
94	92	266	
247	314	443	
362	1111	1208	
218	480	456	
731	1035	701	
532	853	822	
863	266	391	
418	506	459	
817	500	1132	
591	595	849	
351	219	225	
580	832	643	
363	328	158	
648	312	458	
255	366	522	
632	1151	891	
687	463	240	
553	1097	345	
230	447	460	
120	469	173	
957	928	461	
461	753	756	
495	635	397	
1224	773	1386	
1093	829	1029	
380	525	413	
285	521	221	
780	1184	1300	
182	144	175	
604	636	545	
666	890	736	
497	478	403	
706	655	1193	
780	1147	452	
252	616	213	
768	575	950	
311	228	163	
437	823	770	
323	828	335	
444	681	727	
558	431	273	
1042	820	777	
588	731	275	
939	1076	1026	
829	501	518	
The worst scenario
631	1381	1667	
186	292	415	
788	604	471	
1701	1223	412	
924	450	1175	
120	107	386	
287	461	634	
398	1391	1415	
327	543	655	
753	1343	754	
684	1241	1095	
1084	398	401	
561	661	460	
1022	502	1695	
826	718	1075	
507	327	257	
617	1160	666	
387	376	162	
901	399	576	
337	529	777	
706	1372	1027	
906	524	262	
611	1344	492	
271	587	609	
125	656	192	
1315	930	544	
687	762	1030	
557	927	432	
1231	1014	1994	
1236	1243	1202	
447	723	530	
329	561	312	
994	1280	1950	
199	156	225	
893	899	793	
972	1139	1073	
687	669	520	
1033	828	1783	
843	1659	658	
296	766	220	
981	651	1060	
460	293	217	
481	924	1072	
344	917	371	
491	906	755	
816	586	347	
1121	1087	1076	
673	789	312	
1099	1562	1204	
1070	715	713	
