Factories	2	Jobs	150	Machines	3

Total number of component types per job processed by HSPM
6	12	7	10	6	7	9	10	10	12	8	6	8	7	12	10	10	5	9	7	8	12	12	12	5	7	10	9	6	7	6	8	9	6	9	6	10	6	7	9	12	10	7	9	6	11	12	11	11	5	10	12	7	11	10	11	7	8	10	11	8	7	6	7	10	6	12	7	6	7	7	10	6	7	9	12	5	10	7	10	7	7	8	11	9	7	6	9	12	12	8	8	6	8	7	7	10	12	7	5	9	10	8	6	9	12	6	6	5	6	6	12	5	9	11	11	7	10	7	5	6	11	5	9	10	9	7	7	8	6	11	9	12	7	12	12	12	8	6	7	7	6	9	12	5	5	10	5	8	12	

Total number of component types per job processed by MFPM
3	4	4	5	4	3	5	3	4	4	4	3	3	3	2	1	3	1	4	5	2	2	2	2	2	2	4	3	2	1	3	3	3	1	2	1	5	2	4	1	4	4	1	4	3	2	3	4	4	3	1	2	1	1	3	2	5	5	2	3	5	1	2	3	2	5	5	2	1	3	1	1	5	2	1	5	1	4	1	2	3	4	1	5	3	1	3	1	4	2	3	3	2	5	2	3	4	1	4	2	3	5	1	4	4	5	4	5	3	5	4	1	4	4	2	4	1	5	5	4	2	1	4	3	4	3	4	3	4	1	2	5	3	3	3	2	5	1	1	3	5	3	2	3	5	5	3	2	4	5	4	4	2	1	1	5	2	5	5	5	4	3	4	3	5	5	4	5	2	2	1	1	4	5	5	2	5	5	2	3	4	5	3	3	5	4	1	4	4	4	2	1	1	1	3	5	1	5	3	1	5	1	2	1	5	3	3	5	1	4	1	2	1	3	4	1	5	5	1	1	5	4	2	5	3	3	5	4	2	4	5	2	5	1	4	5	2	4	1	1	1	5	2	2	4	4	5	5	1	4	4	2	5	4	2	1	3	5	5	5	4	3	2	4	3	1	3	2	2	1	2	2	1	3	5	5	4	1	2	5	5	1	2	5	5	5	3	4	3	4	4	3	2	3	2	4	3	1	3	3	

All component type numbers for each job to be processed by HSPM
4	20	12	52	18	35	0	71	13	33	19	12	
16	71	0	46	15	10	2	19	5	16	7	4	9	15	10	64	1	45	6	41	13	22	17	27	
15	64	19	8	18	54	0	59	9	74	4	42	17	60	
17	3	8	68	16	7	18	67	6	37	10	21	15	53	3	50	19	49	12	9	
2	43	1	73	17	65	3	30	15	58	18	46	
4	17	1	25	17	36	11	32	9	8	14	65	15	26	
5	55	10	50	2	21	6	4	17	3	3	43	12	58	14	64	11	7	
5	21	4	71	2	37	19	39	7	31	16	12	3	19	13	3	1	73	14	15	
4	18	14	40	2	58	13	26	15	25	8	29	19	9	9	31	12	35	6	7	
8	67	15	70	0	74	1	23	6	33	7	11	4	64	10	36	16	24	12	26	5	53	18	47	
3	2	19	16	7	27	17	74	10	68	11	46	2	12	0	48	
9	8	5	21	10	43	16	14	8	60	18	48	
13	56	1	13	5	38	4	30	9	2	2	72	19	35	0	54	
8	12	19	51	18	9	7	13	4	14	13	58	1	68	
18	50	0	46	9	32	7	33	16	28	1	20	12	66	10	17	4	2	11	31	8	25	6	35	
0	32	5	44	17	47	1	53	2	73	13	27	4	29	18	3	6	56	12	23	
7	16	13	60	8	54	16	74	4	59	17	12	9	48	10	40	3	47	14	63	
4	38	19	69	12	6	5	50	14	40	
18	71	2	59	7	40	0	32	17	57	5	54	11	63	4	70	15	42	
18	71	2	15	14	26	4	12	6	56	5	22	9	19	
8	35	5	8	14	38	10	12	15	10	11	43	2	5	7	34	
9	69	15	49	4	30	8	75	10	52	2	16	5	8	12	65	16	43	14	12	17	48	13	17	
3	22	14	47	15	26	11	36	6	46	13	31	1	39	5	51	12	45	2	52	8	20	10	67	
10	19	7	45	13	29	0	62	12	23	19	24	14	32	18	43	9	57	8	39	6	72	3	60	
17	20	16	52	18	68	1	28	19	2	
10	25	14	8	18	45	12	70	8	41	3	40	19	37	
18	41	11	2	10	24	0	33	2	28	14	3	6	15	16	47	12	37	7	44	
0	13	13	38	8	70	18	41	17	35	3	7	12	17	11	60	10	56	
16	47	13	6	12	49	8	22	5	62	11	35	
10	49	16	40	14	71	0	69	18	56	8	23	7	13	
7	34	9	10	2	61	1	27	14	11	18	40	
12	19	6	30	14	74	1	14	3	4	19	61	10	75	16	66	
13	28	16	57	4	74	0	4	14	33	7	54	8	63	19	12	2	60	
7	8	8	26	19	57	14	1	17	73	13	61	
2	49	1	74	18	64	12	1	5	43	11	41	4	32	10	45	15	24	
16	70	14	11	2	47	1	46	7	28	4	23	
13	52	9	23	2	3	15	59	16	14	6	19	14	63	8	12	11	74	4	6	
15	1	19	8	6	41	7	20	13	31	18	42	
0	51	18	30	10	48	19	28	4	5	6	68	14	9	
16	37	18	46	1	35	3	36	7	22	8	63	2	29	11	30	5	41	
10	56	17	12	16	22	3	39	13	44	12	19	9	13	7	29	4	70	11	8	6	9	19	25	
12	21	5	23	4	51	0	32	16	53	13	57	14	15	9	42	18	30	11	24	
19	75	3	3	15	38	9	7	7	47	16	65	13	49	
5	57	11	18	2	38	10	34	12	27	7	75	17	54	18	73	15	26	
15	24	5	23	18	6	1	67	4	16	2	22	
12	60	9	14	15	24	16	55	0	38	14	30	17	28	6	67	4	2	3	57	7	35	
12	44	0	41	1	65	9	22	7	12	15	37	4	28	11	73	8	39	13	32	6	45	14	3	
8	23	2	70	0	18	9	14	6	54	19	31	7	2	10	51	11	1	4	20	17	46	
1	5	16	41	9	12	6	1	19	56	10	31	17	33	0	21	14	42	4	6	15	34	
7	2	0	32	9	41	4	10	16	18	
7	14	3	66	18	2	13	12	19	17	0	61	8	64	12	72	14	7	6	59	
19	26	3	63	12	30	10	60	0	50	18	6	16	61	4	57	5	21	11	73	15	39	8	22	
19	44	11	64	15	69	4	66	17	16	1	63	0	8	
14	18	7	14	10	63	13	46	6	42	15	72	19	36	3	62	5	58	0	66	11	75	
8	41	3	64	15	6	13	25	7	51	16	60	10	19	9	23	1	38	2	40	
5	64	19	56	17	20	18	26	10	31	9	30	12	42	11	67	0	1	3	45	6	37	
15	52	6	43	11	37	8	5	17	36	0	35	2	57	
1	47	18	50	17	28	9	35	12	49	0	75	4	45	15	67	
15	70	4	51	14	15	0	34	16	30	10	33	2	38	8	62	5	6	6	59	
1	61	18	71	4	30	5	53	13	1	8	22	19	57	9	44	10	55	12	43	7	3	
16	9	11	71	12	75	15	35	7	7	4	38	19	73	2	46	
17	19	11	3	6	8	1	58	7	31	14	16	15	75	
17	59	9	21	7	9	10	68	5	10	0	18	
10	28	17	24	11	63	19	27	14	23	16	13	1	20	
2	41	10	30	12	49	4	36	18	58	19	23	7	67	6	25	13	11	15	1	
8	8	1	3	5	63	18	33	19	32	17	50	
18	8	8	21	2	53	15	50	12	41	1	17	13	65	7	23	19	3	10	61	4	15	9	22	
9	25	5	62	3	54	16	48	4	52	10	11	15	24	
11	18	1	14	9	26	16	22	8	41	10	27	
5	74	2	9	15	17	0	11	18	8	8	16	9	31	
10	56	9	26	6	74	13	51	0	68	7	35	1	22	
6	59	7	10	18	18	2	71	3	66	10	30	13	1	12	28	0	49	4	60	
8	31	5	44	16	8	11	18	6	71	4	50	
3	45	9	21	5	15	15	36	12	51	19	50	17	39	
10	9	11	46	13	50	14	41	2	56	19	54	4	52	0	49	8	14	
13	61	17	42	10	14	3	39	6	69	7	71	9	41	2	35	11	36	0	62	5	21	15	47	
8	74	5	15	3	36	1	52	10	6	
15	34	19	7	7	11	14	56	11	64	2	54	18	67	5	6	3	44	9	30	
7	41	6	45	4	33	13	12	2	23	19	1	0	69	
9	29	5	62	6	34	16	7	1	66	8	19	10	59	15	37	12	12	14	14	
5	68	14	31	1	59	17	7	19	28	7	54	3	4	
13	38	14	10	11	45	0	33	3	30	5	56	6	57	
12	3	8	69	1	56	5	51	15	8	14	16	19	5	4	35	
16	48	19	10	10	54	5	57	7	40	14	9	15	52	8	37	12	53	13	30	9	61	
4	27	19	60	6	5	2	43	8	25	18	57	3	55	14	7	12	65	
9	15	11	5	0	54	10	37	15	50	12	74	18	58	
7	64	18	53	9	32	3	57	14	50	6	61	
8	26	9	27	0	4	2	10	10	33	15	64	16	51	7	74	14	15	
11	44	2	40	3	65	17	7	9	69	12	42	19	4	18	75	5	5	0	20	8	73	4	61	
0	45	12	22	15	46	8	75	5	68	18	62	4	72	14	23	10	35	9	41	11	6	7	55	
17	23	12	17	14	26	16	8	4	65	10	73	0	30	2	11	
17	38	15	30	6	47	13	28	10	56	0	19	3	46	2	65	
0	23	16	43	18	18	19	61	3	51	7	2	
0	55	7	4	1	23	19	15	16	25	6	32	13	56	18	65	
1	75	7	13	16	3	15	24	12	69	9	58	8	43	
8	51	12	25	18	17	16	21	5	33	0	35	17	23	
11	19	16	14	5	50	1	66	9	2	7	44	17	65	12	63	0	70	14	45	
14	5	3	41	10	74	9	34	15	15	12	42	4	38	13	2	7	37	6	40	5	4	2	57	
7	39	6	30	8	49	11	65	3	7	15	51	2	67	
6	15	9	51	8	24	13	50	19	39	
17	7	5	37	18	67	4	36	7	30	11	65	0	1	16	16	13	62	
6	44	17	42	5	33	16	47	19	68	1	25	8	40	18	59	15	50	14	24	
1	27	2	10	4	54	9	37	19	41	6	65	7	31	16	44	
0	35	4	70	13	43	10	61	2	45	9	30	
18	73	4	56	1	16	9	19	16	58	7	70	6	4	11	57	19	1	
19	71	12	35	14	64	7	20	11	15	9	61	4	31	16	46	6	12	10	63	0	8	5	44	
2	66	11	59	19	1	14	52	0	71	8	55	
0	24	11	3	18	12	14	65	6	5	15	18	
5	41	0	75	15	35	8	68	3	46	
19	29	13	50	17	18	7	70	5	68	9	26	
8	47	1	65	10	62	3	2	13	53	11	33	
11	72	19	15	18	30	0	13	7	61	12	58	17	67	8	3	14	29	13	60	4	35	6	49	
1	73	6	15	13	38	12	39	9	33	
6	72	17	54	16	30	10	19	19	20	8	67	11	45	7	63	4	44	
10	73	6	4	19	71	14	22	9	49	0	7	4	33	8	58	3	53	7	36	17	25	
15	5	19	18	1	26	17	27	11	68	0	56	8	14	4	37	16	54	3	49	12	32	
14	41	13	19	2	11	6	42	9	45	0	67	18	60	
16	65	6	2	8	69	13	74	9	33	19	22	12	51	17	50	5	39	0	60	
17	53	14	7	11	58	7	65	13	40	15	23	3	47	
19	6	9	41	13	60	4	18	3	11	
7	59	13	68	17	70	9	46	14	33	2	25	
2	57	1	8	18	9	15	54	6	49	9	10	5	19	8	32	12	29	19	52	14	45	
17	34	11	5	15	26	3	28	12	49	
11	31	18	7	8	10	10	15	3	73	15	40	1	2	17	42	4	26	
15	1	7	70	19	31	0	6	5	12	17	35	10	72	8	62	14	58	11	22	
11	44	4	42	17	52	8	7	2	54	15	26	9	39	10	4	0	45	
5	25	6	74	14	57	3	23	17	68	0	70	19	1	
2	14	12	38	3	33	18	35	14	71	0	28	7	73	
14	38	7	46	2	44	18	29	11	16	15	7	12	10	4	71	
2	33	9	74	10	3	7	45	15	49	8	68	
18	67	7	3	11	18	8	56	4	25	1	9	9	47	12	73	0	44	6	5	14	12	
17	30	2	47	11	66	5	57	16	19	18	23	6	73	4	72	10	27	
1	62	13	40	12	37	15	25	4	39	11	56	7	70	9	21	3	10	5	50	6	75	17	23	
4	34	12	56	19	5	3	27	6	30	10	38	0	60	
12	30	3	29	1	58	10	7	17	59	14	63	19	33	4	42	8	38	6	44	7	35	9	51	
14	59	6	39	3	74	2	48	0	36	8	8	18	38	16	1	11	55	9	63	15	17	1	72	
9	31	2	23	5	67	19	35	0	51	10	66	8	48	4	36	15	49	3	10	6	11	13	56	
9	66	6	67	1	18	2	9	0	65	7	34	14	57	3	38	
2	59	15	52	13	23	0	75	14	7	18	15	
13	67	18	28	5	38	16	75	4	56	9	52	0	70	
11	35	9	67	5	43	12	20	16	15	4	68	19	18	
17	55	3	1	4	22	14	39	5	33	18	3	
12	4	9	65	16	11	19	26	0	58	5	5	15	57	10	14	17	75	
0	46	2	40	17	64	11	19	12	8	6	47	10	16	1	21	19	7	4	55	8	31	15	75	
16	69	1	54	19	6	5	59	14	65	
1	74	8	15	4	1	3	58	6	62	
7	67	3	17	2	66	17	33	5	1	0	60	13	23	18	25	8	9	12	8	
12	73	9	29	4	47	13	32	16	2	
16	27	18	51	10	15	9	34	3	13	7	23	17	37	12	30	
10	56	13	43	19	12	12	27	4	16	8	68	6	10	14	19	15	2	0	59	1	15	16	4	

All component type numbers for each job to be processed by MFPM
2	23	0	24	9	11	
1	39	3	31	6	29	0	41	
7	12	2	25	6	23	5	10	
5	50	8	31	3	41	0	33	9	43	
8	16	3	1	0	9	9	15	
4	33	7	37	2	50	
1	9	5	15	9	10	2	11	8	25	
6	43	3	30	7	44	
6	25	4	21	1	19	9	13	
8	33	3	46	7	37	9	50	
6	23	8	20	3	16	9	6	
8	38	6	35	3	31	
1	22	5	11	8	19	
1	50	7	36	6	40	
8	18	5	23	
0	41	
3	24	1	2	2	13	
5	43	
5	4	8	14	3	13	6	16	
0	27	2	42	4	26	8	32	3	45	
5	12	4	17	
3	41	1	39	
1	24	5	25	
9	49	0	47	
2	9	3	16	
3	40	6	50	
9	21	1	11	8	12	3	17	
4	35	8	29	0	37	
4	13	9	23	
9	32	
4	16	8	1	3	22	
0	34	9	28	4	49	
5	6	2	2	4	7	
1	32	
5	1	9	18	
0	47	
7	3	1	16	6	4	0	5	5	15	
9	49	7	42	
3	16	8	20	6	22	1	7	
0	28	
6	12	5	6	3	21	1	24	
8	37	6	29	1	30	0	27	
2	23	
1	44	2	27	4	31	3	42	
5	6	2	9	9	13	
1	43	6	36	
5	2	4	8	9	25	
8	42	6	31	7	29	9	35	
7	2	8	5	4	18	6	13	
4	35	2	50	8	45	
9	1	
0	37	2	41	
6	1	
3	31	
9	25	5	3	0	2	
0	30	3	38	
0	4	4	21	7	25	2	15	1	17	
9	43	1	26	7	48	5	33	4	35	
3	17	4	22	
8	48	3	43	4	44	
8	18	6	24	5	4	3	2	2	16	
3	29	
7	25	8	19	
7	45	2	49	0	36	
9	2	1	24	
2	32	3	42	8	35	5	33	1	37	
1	12	4	6	2	14	8	5	7	23	
1	32	0	49	
5	12	
9	44	4	46	0	29	
9	4	
9	33	
9	1	0	12	4	22	8	2	7	17	
2	45	4	26	
5	1	
2	28	5	31	4	37	6	44	8	43	
0	17	
3	48	9	37	8	45	0	39	
4	3	
3	27	1	32	
3	10	5	9	0	11	
2	30	4	45	9	31	7	33	
8	17	
3	39	5	32	0	30	4	43	7	36	
9	24	0	9	3	6	
3	32	
5	3	0	8	8	6	
6	26	
7	6	5	23	9	25	1	9	
0	44	2	30	
4	14	7	4	3	19	
3	37	9	39	0	36	
2	18	3	22	
2	33	5	32	9	44	1	42	0	49	
8	12	2	8	
6	34	7	32	2	41	
0	20	1	11	8	17	6	3	
9	31	
4	20	5	17	3	14	8	8	
9	31	7	49	
2	12	9	14	1	22	
7	45	1	29	0	49	6	43	3	38	
8	12	
3	37	0	43	7	42	9	40	
0	12	3	10	9	17	8	6	
8	33	2	36	5	40	3	28	0	26	
3	3	0	17	5	15	8	13	
2	42	7	46	3	45	9	44	8	29	
8	7	7	14	5	17	
5	41	7	37	6	29	4	49	1	33	
8	7	0	12	1	15	3	14	
2	50	
4	12	0	2	6	3	7	7	
0	47	9	32	1	45	7	31	
4	25	8	9	
2	49	7	50	5	40	9	30	
9	23	
1	39	2	32	0	28	7	36	5	30	
1	9	4	6	9	23	2	8	6	25	
4	34	2	42	7	37	6	48	
9	17	0	13	
6	30	
5	23	6	12	9	15	1	13	
7	46	4	32	1	38	
9	25	6	5	0	13	7	3	
7	48	6	49	8	40	
4	8	9	11	3	6	2	16	
0	31	1	26	5	34	
5	16	2	9	4	2	1	25	
5	38	
0	5	9	4	
7	49	6	38	3	32	8	47	9	37	
4	2	7	15	6	6	
0	30	5	44	2	34	
8	6	4	24	5	5	
8	38	5	31	
5	19	9	24	6	8	4	4	8	22	
9	28	
2	11	
3	35	2	37	9	48	
6	11	3	2	2	1	1	19	8	13	
7	26	0	28	1	40	
2	14	3	8	
6	40	3	32	1	31	
6	18	0	12	5	4	7	8	8	11	
0	49	6	34	4	30	2	31	8	40	
9	18	3	15	8	9	
1	40	7	33	
4	20	3	22	2	6	1	16	
8	43	9	35	3	33	1	27	7	48	
0	4	6	20	5	18	1	25	
8	33	6	42	1	29	9	50	
5	22	3	24	
9	42	
1	16	
6	44	1	30	0	48	7	36	8	35	
9	25	1	19	
4	37	0	41	9	43	3	31	5	26	
5	25	6	21	9	15	0	11	3	22	
7	46	2	43	1	29	4	35	8	50	
5	20	9	4	1	8	2	5	
5	34	2	29	6	50	
9	24	6	7	1	4	4	13	
0	47	9	50	4	44	
2	24	8	10	4	25	3	23	5	13	
8	28	1	36	7	44	4	39	2	32	
7	25	8	17	5	3	1	13	
0	44	4	29	2	49	3	31	8	27	
8	3	6	6	
6	45	3	50	
7	1	
8	34	
7	1	4	21	9	16	6	25	
6	46	3	35	8	45	9	48	5	30	
0	1	9	16	5	5	2	24	7	6	
6	46	9	29	
0	6	1	3	3	4	2	2	7	25	
1	28	7	30	0	38	4	35	2	49	
2	18	6	16	
8	26	3	38	7	46	
3	13	5	4	8	7	7	5	
2	32	1	35	6	34	4	50	8	40	
5	5	0	14	3	2	
7	26	6	37	2	45	
0	24	9	6	5	17	2	1	7	16	
2	46	3	35	7	28	8	34	
6	18	
4	38	9	37	1	50	0	49	
1	19	9	16	7	9	8	24	
6	28	4	33	9	48	2	44	
0	12	3	19	
5	49	
4	18	
0	49	
5	11	2	23	1	2	
5	40	0	48	2	50	6	37	4	35	
3	20	
7	46	5	48	1	26	0	44	4	27	
3	3	4	20	1	13	
9	41	
0	17	8	15	3	4	9	7	6	10	
2	32	
0	21	4	18	
2	30	
2	20	0	24	9	11	8	4	4	5	
5	26	4	43	1	27	
2	22	8	2	5	1	
3	33	4	50	6	32	7	38	2	28	
9	6	
0	44	3	28	2	41	9	39	
9	21	
2	27	1	28	
3	4	
7	42	9	44	4	37	
1	11	3	4	5	10	4	20	
0	36	
0	6	6	17	2	7	5	20	8	25	
1	41	8	35	5	48	3	49	4	33	
9	13	
8	48	
4	1	0	21	5	11	3	17	2	13	
4	36	9	37	8	27	5	30	
4	15	9	21	
9	49	1	48	6	32	2	42	7	27	
9	1	7	3	3	23	
9	47	8	43	1	29	
9	24	7	12	1	11	8	10	0	25	
6	37	5	33	8	43	2	27	
6	14	0	24	
1	26	8	31	7	35	5	37	
4	1	0	7	6	11	8	3	3	24	
9	41	5	48	
4	14	7	8	2	23	8	6	1	18	
6	46	
2	6	9	24	8	10	4	8	
6	38	9	42	1	29	7	40	4	46	
5	1	2	7	
5	48	6	34	1	37	2	35	
6	2	
7	30	
8	7	
5	26	9	44	7	34	3	39	4	29	
8	9	4	8	
5	29	8	48	
6	13	9	15	0	3	5	2	
9	41	7	37	3	50	4	32	
5	4	2	6	1	7	0	14	8	5	
1	30	9	47	4	48	8	43	3	44	
8	20	
1	49	3	30	5	50	4	42	
6	7	2	2	3	12	7	15	
3	33	4	42	
0	23	7	18	8	4	3	22	9	13	
4	33	2	43	6	41	3	34	
6	11	5	4	
4	48	
9	6	7	16	0	23	
7	29	6	38	3	30	8	47	5	34	
6	5	3	22	4	2	0	24	7	13	
6	33	1	32	5	50	8	42	2	27	
6	10	0	13	2	15	1	3	
6	28	7	47	5	37	
2	16	9	23	
2	40	0	43	7	38	1	41	
1	6	8	22	0	4	
8	35	
1	13	4	1	3	3	
6	39	7	37	
7	19	4	15	
1	30	
3	1	2	21	
2	32	1	38	
5	24	
6	31	9	42	1	41	
6	7	8	5	3	20	4	16	0	25	
9	48	5	46	3	44	1	34	6	32	
1	20	0	6	3	21	8	14	
5	48	
9	15	1	3	
2	30	5	32	3	34	9	37	0	41	
3	9	7	15	8	3	0	16	4	25	
7	29	
2	21	5	24	
8	43	7	34	9	38	1	45	4	44	
8	1	5	12	7	19	9	11	4	25	
8	30	9	33	7	47	2	41	4	28	
8	15	6	22	4	24	
5	39	2	26	9	48	3	28	
7	3	1	23	9	12	
3	42	4	33	7	28	5	36	
1	7	3	25	7	20	0	14	
3	46	0	42	9	44	
6	24	8	21	
8	35	1	36	3	32	
4	20	7	3	
5	27	2	30	1	42	9	29	
2	16	0	3	6	4	
0	44	
1	5	8	11	4	16	
8	48	1	50	5	37	

Three processing times per job on each machine
The best scenario
143	76	166	
280	203	92	
25	30	25	
183	165	151	
102	101	50	
80	138	206	
179	189	237	
186	78	62	
73	74	262	
53	84	113	
193	296	250	
293	257	70	
463	460	201	
216	231	310	
362	273	221	
109	267	380	
84	49	36	
53	60	27	
104	81	146	
64	172	75	
207	202	488	
423	344	308	
169	73	199	
189	109	189	
226	70	273	
105	239	287	
106	172	184	
277	217	220	
159	367	118	
251	220	82	
208	217	192	
62	181	176	
371	263	298	
150	245	162	
78	49	66	
174	150	223	
172	119	120	
195	161	193	
79	220	281	
317	454	202	
49	110	52	
192	103	86	
74	127	104	
166	206	308	
137	216	133	
387	247	397	
172	125	537	
92	127	111	
43	63	35	
104	90	64	
96	173	71	
236	175	188	
292	275	407	
125	214	208	
334	254	301	
43	183	87	
96	53	100	
138	367	221	
123	401	256	
15	13	23	
82	130	151	
408	252	346	
34	13	38	
247	147	252	
52	25	73	
50	56	74	
157	358	253	
222	471	515	
76	98	64	
428	349	185	
115	311	152	
19	53	43	
115	209	182	
51	110	42	
299	118	295	
103	191	90	
243	132	271	
87	34	89	
55	106	88	
313	202	370	
170	213	245	
352	306	91	
164	198	150	
112	112	54	
32	31	24	
55	18	67	
108	163	119	
227	127	115	
13	21	15	
23	57	15	
47	110	114	
100	209	75	
44	54	32	
188	284	175	
342	321	355	
250	256	268	
170	388	321	
171	202	304	
217	173	266	
211	235	97	
148	334	114	
63	120	124	
373	154	131	
145	121	132	
44	83	61	
332	149	314	
147	70	48	
347	100	112	
264	221	241	
41	66	135	
169	454	99	
120	393	251	
101	206	179	
363	144	219	
17	16	25	
172	212	171	
118	129	158	
337	213	132	
409	171	67	
79	254	159	
34	51	39	
45	35	134	
378	257	281	
121	206	506	
40	38	92	
84	220	346	
36	36	159	
68	46	47	
33	18	18	
251	277	237	
290	216	191	
95	35	64	
93	92	55	
138	168	181	
98	210	164	
297	228	229	
144	346	232	
85	262	102	
112	136	196	
105	46	71	
95	179	86	
85	69	48	
36	48	69	
152	91	159	
310	90	84	
126	187	71	
143	159	110	
278	254	205	
143	97	295	
84	81	47	
Most likely scenario
183	135	308	
284	292	153	
50	31	33	
247	224	252	
129	195	96	
96	145	316	
191	302	342	
192	144	65	
101	103	299	
78	148	210	
209	346	305	
295	376	130	
561	498	247	
322	248	366	
509	364	242	
204	273	444	
127	70	54	
85	68	35	
165	99	163	
81	196	81	
394	263	566	
434	354	511	
201	77	235	
284	195	276	
420	107	427	
183	321	296	
148	221	232	
298	324	398	
209	520	182	
315	311	146	
371	359	235	
81	188	283	
373	431	314	
174	264	273	
90	97	72	
238	239	257	
194	192	132	
285	165	220	
153	395	285	
420	500	231	
78	119	100	
204	197	120	
88	155	206	
209	387	592	
191	227	263	
429	385	428	
315	190	554	
126	137	162	
73	103	70	
119	164	106	
103	177	79	
240	199	212	
390	384	431	
155	216	391	
470	322	332	
69	194	127	
137	105	166	
263	371	279	
149	431	419	
22	18	26	
85	147	221	
420	439	353	
56	25	58	
350	216	372	
58	48	82	
89	84	111	
274	479	469	
378	484	518	
135	121	79	
494	449	311	
168	319	200	
23	58	76	
155	279	286	
81	132	50	
426	156	526	
161	252	140	
273	232	334	
148	64	107	
57	107	114	
359	227	416	
305	233	271	
584	386	174	
216	251	193	
151	163	57	
51	48	29	
58	23	74	
120	174	194	
273	136	143	
23	27	22	
26	63	22	
90	170	169	
147	344	145	
65	101	33	
295	458	270	
355	379	447	
387	408	359	
228	395	412	
233	260	322	
229	246	341	
274	340	192	
212	433	135	
86	149	141	
458	166	133	
148	175	159	
46	88	72	
390	217	378	
230	93	79	
416	189	178	
312	432	270	
66	96	199	
281	465	171	
147	428	275	
102	333	290	
398	162	244	
28	22	30	
240	304	281	
129	152	174	
419	352	219	
447	303	124	
148	328	263	
45	80	42	
66	53	166	
451	510	523	
142	244	510	
46	55	120	
103	278	384	
59	51	209	
117	82	73	
37	32	23	
287	328	294	
382	353	243	
115	45	92	
114	113	98	
212	273	207	
147	262	217	
427	242	252	
200	460	374	
135	320	203	
174	158	243	
125	67	126	
174	184	113	
97	75	74	
57	50	84	
164	136	173	
326	158	90	
207	236	83	
163	161	149	
301	274	278	
210	122	374	
85	102	92	
The worst scenario
222	173	339	
413	428	184	
56	37	35	
276	283	274	
191	231	116	
130	170	367	
271	393	487	
193	193	74	
139	153	380	
99	203	223	
246	409	408	
434	484	143	
698	561	289	
470	319	482	
604	498	268	
265	321	491	
136	97	57	
103	102	49	
173	123	196	
84	280	112	
568	371	787	
637	487	657	
281	90	305	
289	270	387	
483	149	588	
190	393	333	
212	321	334	
404	391	449	
279	775	184	
316	375	165	
493	477	329	
121	277	300	
436	517	332	
223	267	284	
128	145	92	
317	290	319	
201	225	161	
413	196	276	
199	502	301	
626	579	270	
85	155	113	
288	242	127	
131	217	261	
213	575	608	
283	338	312	
585	494	586	
431	195	620	
136	183	230	
89	113	88	
167	188	132	
142	251	99	
276	259	318	
407	397	610	
164	260	583	
566	395	465	
94	277	131	
167	148	226	
342	402	392	
215	471	566	
29	27	39	
127	215	324	
480	440	497	
76	37	63	
390	300	526	
84	60	89	
92	126	121	
400	564	679	
456	628	563	
187	158	112	
556	544	409	
223	449	263	
32	74	100	
218	383	384	
113	170	72	
518	180	584	
202	273	164	
354	257	483	
192	78	124	
80	111	144	
466	334	439	
343	255	325	
696	429	250	
264	321	270	
206	188	75	
74	56	34	
69	34	100	
136	251	208	
363	190	211	
27	40	31	
27	71	32	
114	231	225	
156	434	208	
81	117	34	
382	514	294	
417	417	450	
490	591	470	
283	495	475	
312	356	353	
266	329	372	
317	458	273	
230	475	174	
102	196	150	
680	173	171	
197	251	190	
49	106	80	
424	225	507	
302	101	115	
577	282	257	
442	613	305	
79	108	218	
394	663	205	
162	463	334	
143	368	421	
518	243	285	
37	27	32	
309	404	359	
165	160	239	
590	438	271	
488	443	151	
151	436	340	
66	119	48	
68	76	224	
643	704	674	
209	247	647	
67	62	137	
152	283	516	
81	59	218	
165	122	83	
53	47	29	
409	425	424	
452	364	247	
139	66	105	
118	151	133	
255	389	274	
154	327	298	
429	283	318	
212	498	388	
138	422	229	
198	203	356	
135	78	174	
246	272	119	
110	100	101	
68	62	121	
224	177	183	
427	159	112	
288	272	117	
182	230	153	
398	329	338	
276	173	419	
102	124	102	
