Factories	2	Jobs	150	Machines	3

Total number of component types per job processed by HSPM
10	10	11	7	12	5	7	6	5	12	8	8	5	6	11	11	12	11	8	10	6	8	5	10	9	7	9	12	11	5	12	5	8	8	5	10	10	8	5	8	9	12	10	10	6	9	6	12	10	7	9	8	12	5	12	7	11	6	8	11	9	11	6	10	9	11	8	5	10	8	7	10	11	12	7	6	10	12	8	7	8	12	7	10	7	11	12	8	7	9	5	7	5	6	11	6	5	12	10	8	10	7	7	5	11	12	6	5	8	8	10	6	5	10	8	8	6	12	6	7	5	6	7	9	7	12	10	9	5	10	5	11	10	12	12	8	8	10	7	12	9	12	10	7	10	10	6	9	10	8	

Total number of component types per job processed by MFPM
4	1	3	1	4	5	4	4	4	2	4	1	2	3	5	2	1	3	1	4	5	2	4	5	4	1	2	3	5	1	5	1	3	3	3	3	4	1	5	5	5	3	2	5	5	1	3	2	3	2	4	5	1	4	5	5	4	4	1	3	3	1	3	2	5	1	5	1	2	4	1	3	5	2	5	1	5	4	2	2	3	2	3	3	1	4	5	5	3	3	1	2	1	4	1	3	5	3	4	3	2	1	1	5	4	1	2	2	5	1	5	4	2	4	1	5	2	3	1	3	2	3	2	1	3	4	1	4	2	1	2	5	3	4	2	3	2	5	2	5	1	4	5	1	1	4	2	1	1	1	5	4	3	5	5	2	3	3	2	3	3	4	5	5	2	1	5	5	5	5	1	3	1	5	3	5	1	1	1	5	3	3	4	3	3	2	5	2	4	5	1	5	2	3	3	5	1	5	5	3	5	2	4	4	1	4	5	2	5	3	4	3	5	4	1	1	4	1	4	5	5	2	1	1	1	2	5	1	4	1	2	1	2	3	5	3	2	1	4	2	5	1	5	5	4	2	3	5	5	5	5	2	3	4	5	4	1	4	2	3	3	3	1	3	5	1	3	2	2	1	4	1	2	2	1	2	5	1	3	5	5	5	5	5	3	2	1	5	1	3	1	3	2	3	4	1	4	5	3	5	

All component type numbers for each job to be processed by HSPM
12	44	11	61	2	20	7	73	0	58	5	11	10	37	15	62	18	10	19	40	
6	19	15	62	0	18	5	5	14	65	2	45	13	59	12	30	9	61	3	63	
11	12	5	65	3	20	13	16	0	35	10	50	14	32	7	67	17	72	12	46	16	53	
11	67	1	8	8	70	16	41	19	15	4	17	0	72	
3	75	6	45	12	61	18	6	10	36	2	73	4	72	7	69	11	11	19	55	1	60	5	19	
13	30	7	55	3	75	12	18	2	68	
7	52	12	21	15	29	19	62	6	14	18	15	14	7	
6	26	13	31	7	42	14	71	8	52	15	60	
14	68	13	3	9	12	7	66	19	65	
4	56	9	2	18	33	11	72	1	40	7	45	6	70	10	13	16	67	19	24	3	11	15	27	
14	9	19	72	7	51	13	10	2	8	8	69	1	39	12	47	
9	27	11	7	4	37	16	39	3	4	12	35	2	70	17	41	
19	68	1	1	3	28	4	54	15	4	
10	45	15	54	7	39	19	46	11	14	8	32	
11	67	17	2	5	35	2	1	4	66	15	71	3	57	19	54	14	34	10	9	8	40	
11	56	5	42	6	62	3	9	13	43	2	74	1	15	7	58	16	49	15	22	9	18	
2	7	16	23	8	50	19	9	12	4	1	39	4	42	14	13	18	45	6	8	10	64	17	18	
12	62	1	15	5	42	11	32	13	19	14	31	15	63	2	10	4	60	17	73	19	72	
18	42	3	2	9	37	7	3	2	38	5	46	11	41	12	27	
16	56	5	14	17	30	11	24	7	45	19	47	4	16	2	41	6	63	3	70	
16	73	10	40	3	37	8	74	11	54	12	4	
17	63	10	60	3	36	14	51	2	15	18	68	12	46	19	24	
18	14	15	9	14	60	6	42	16	74	
8	64	11	8	9	66	3	39	16	62	5	21	15	15	7	7	14	54	0	4	
16	36	5	31	4	63	11	50	2	68	0	56	19	43	8	18	10	6	
13	53	0	12	8	44	5	27	15	40	11	29	4	59	
13	18	8	38	10	35	1	29	7	21	18	65	14	39	2	16	6	28	
12	9	6	67	19	60	3	2	10	31	11	7	5	26	13	71	18	38	2	75	7	19	8	73	
7	59	11	46	13	39	5	57	16	40	4	19	6	28	9	72	1	7	12	53	2	45	
10	24	13	54	15	22	17	31	0	33	
8	27	0	26	9	56	2	60	4	42	1	50	7	69	12	9	17	31	5	48	13	13	18	68	
17	11	4	30	8	31	18	61	13	60	
0	2	9	28	13	52	18	6	2	44	15	33	11	67	12	73	
14	43	8	39	7	75	16	28	1	21	10	37	6	68	18	74	
11	67	0	34	8	10	18	62	14	13	
16	73	6	37	5	7	12	6	17	21	2	28	0	39	3	1	19	3	15	20	
8	43	5	19	0	33	3	7	11	70	4	11	17	10	13	13	6	2	12	42	
19	21	10	47	1	69	15	34	14	8	3	3	12	9	18	26	
9	40	6	19	10	59	4	68	19	73	
1	73	8	60	0	41	13	42	17	48	6	26	18	50	11	24	
0	40	18	51	16	3	5	44	6	22	15	47	19	26	13	59	9	15	
4	59	13	63	0	20	16	36	5	1	19	69	12	25	17	26	9	66	11	39	18	62	8	47	
15	60	10	44	0	4	16	26	1	19	3	3	8	8	11	22	4	55	17	28	
12	38	11	3	8	45	9	26	6	51	17	54	5	10	10	2	4	42	1	34	
19	17	14	64	5	40	10	27	9	36	6	75	
0	63	17	23	18	10	10	35	11	15	16	40	12	3	19	21	5	36	
10	48	5	21	3	74	4	2	7	10	17	60	
3	52	14	48	10	17	6	22	15	35	5	12	7	66	12	11	18	73	8	18	16	39	13	54	
17	18	14	33	8	44	9	43	13	31	5	17	10	36	1	72	12	32	7	7	
6	59	17	68	10	4	1	20	19	23	0	31	11	18	
8	7	3	9	19	59	12	24	9	75	13	2	4	51	5	28	1	33	
14	55	19	16	12	40	8	12	18	8	17	67	15	65	10	70	
11	31	8	9	16	16	15	62	4	59	17	58	13	61	12	42	7	67	19	29	9	33	0	56	
13	42	10	7	12	11	5	59	17	28	
8	44	3	23	10	66	11	69	16	16	18	75	12	28	14	60	2	15	9	45	13	52	1	39	
11	63	5	50	6	28	18	35	15	44	12	42	17	68	
12	10	3	66	9	14	4	47	5	53	14	48	0	17	1	73	8	3	19	35	10	62	
0	21	16	68	8	15	6	50	9	36	4	52	
11	10	9	72	17	68	6	18	1	57	19	55	7	37	8	38	
4	23	1	5	2	63	6	27	0	39	16	48	13	49	12	56	19	36	7	68	9	9	
3	50	4	19	8	24	11	51	14	1	2	10	5	20	17	37	12	5	
11	72	6	50	9	23	4	30	8	40	18	15	19	22	7	28	15	32	16	38	1	2	
6	72	14	7	16	35	2	19	15	15	5	13	
7	59	12	14	2	55	19	67	15	9	17	70	8	19	3	33	9	66	5	25	
17	34	11	72	9	7	7	20	16	33	14	2	0	70	3	46	15	18	
8	8	17	34	6	71	3	60	2	68	14	13	1	64	9	9	16	4	15	66	0	47	
9	15	19	48	2	39	5	74	16	61	15	42	3	33	18	11	
3	20	2	34	9	10	18	25	10	2	
6	65	17	26	8	4	7	71	12	42	19	6	0	24	18	70	11	58	4	55	
17	69	5	55	1	73	15	60	9	65	13	36	2	71	19	43	
0	4	18	25	19	69	15	75	13	70	1	19	4	66	
13	69	17	14	8	66	15	18	2	25	1	20	4	55	10	34	16	45	14	43	
1	45	19	35	11	56	16	74	5	29	13	64	6	54	17	46	15	38	14	75	12	20	
7	27	17	52	12	13	14	38	1	50	5	51	19	30	10	43	0	68	15	33	11	37	9	23	
5	19	19	69	8	15	12	16	7	49	6	36	17	9	
8	3	16	19	3	11	14	8	1	61	10	64	
1	27	6	36	8	29	5	40	9	38	14	23	13	71	10	54	17	56	11	12	
12	50	16	35	5	43	1	21	15	40	6	65	0	37	3	39	17	59	8	4	7	32	2	51	
1	59	4	73	8	39	16	57	19	34	0	49	13	51	9	46	
18	43	10	54	15	58	6	29	9	59	19	45	12	8	
4	61	18	59	17	75	2	42	16	27	13	64	3	17	19	20	
4	19	8	62	7	13	1	46	13	26	19	43	14	36	3	6	11	22	10	34	17	67	18	48	
12	4	9	22	10	40	13	56	15	6	7	63	19	43	
8	14	12	9	6	12	16	50	14	72	9	32	19	71	1	33	7	4	18	52	
2	25	16	51	13	47	8	74	17	55	18	4	9	17	
18	19	3	65	1	3	17	37	15	67	14	18	12	45	0	63	9	47	7	50	2	56	
10	71	1	47	2	61	3	38	9	49	16	52	14	33	15	75	12	7	5	43	19	55	7	46	
2	50	10	69	18	44	7	46	19	40	15	15	1	36	8	32	
12	41	14	30	6	9	10	25	18	45	1	39	19	70	
3	4	19	36	8	67	13	11	12	32	4	18	6	72	17	27	2	47	
16	49	1	42	12	59	18	53	7	32	
3	68	2	59	8	47	12	6	4	55	13	4	0	14	
18	37	1	28	15	36	9	70	10	27	
4	10	8	66	0	71	7	7	11	75	16	25	
11	63	16	54	15	4	18	34	12	20	8	6	0	59	1	47	2	2	19	33	13	40	
15	37	0	53	10	32	5	31	6	51	19	65	
10	51	18	52	8	56	16	16	14	40	
10	18	1	6	9	23	12	63	0	74	15	20	11	40	7	16	16	27	17	64	4	5	13	50	
4	25	15	22	9	68	13	52	8	5	16	3	0	21	10	51	19	65	11	27	
15	2	14	72	16	69	2	6	5	23	7	13	1	36	11	74	
18	63	10	28	13	31	5	5	11	41	0	6	1	22	14	10	4	17	17	66	
16	12	4	36	9	46	14	67	13	47	5	23	6	61	
14	10	4	22	19	9	15	57	0	35	6	24	16	1	
14	46	1	15	7	29	17	23	9	9	
14	8	3	57	0	64	19	25	6	70	15	31	4	29	9	48	8	24	7	43	2	3	
1	48	9	75	5	13	11	25	14	58	18	30	16	56	8	12	4	11	13	27	19	26	10	66	
3	68	6	72	1	26	18	35	7	23	2	38	
15	73	0	24	11	54	16	75	2	48	
17	67	1	39	6	72	18	40	11	16	12	56	10	65	15	48	
9	61	5	52	14	47	13	7	11	14	12	35	4	71	8	70	
12	69	15	6	11	55	6	37	14	67	19	65	16	7	4	42	18	59	1	57	
14	37	17	24	9	39	19	33	4	22	7	7	
0	30	14	54	1	20	4	75	17	47	
11	29	0	41	15	5	13	27	10	38	12	23	17	7	3	50	2	36	7	73	
2	60	17	11	16	53	4	20	19	63	3	21	13	68	8	23	
8	75	1	42	18	30	10	58	12	18	15	33	6	39	9	59	
7	6	9	5	15	50	14	9	8	54	11	4	
10	34	11	1	14	23	19	47	18	39	17	54	0	52	13	50	6	24	12	68	4	30	7	35	
10	9	0	65	8	50	7	42	15	54	19	72	
6	60	2	46	13	65	17	74	8	15	1	54	4	3	
10	70	2	12	15	10	16	67	14	5	
11	11	17	30	3	23	13	39	4	5	10	14	
15	15	8	26	2	68	4	64	19	70	12	37	7	19	
8	2	1	35	11	48	3	75	4	12	5	62	17	49	18	51	16	8	
16	55	3	74	17	15	15	50	0	71	1	33	10	65	
10	24	0	43	3	61	9	62	16	41	6	60	8	22	1	37	15	40	2	42	7	75	4	21	
1	3	8	37	17	67	19	46	7	14	11	36	18	48	3	12	9	66	15	70	
19	67	15	29	18	71	7	56	17	57	10	55	14	58	4	33	13	10	
9	42	13	44	12	36	14	27	4	12	
8	27	14	48	12	40	13	38	6	72	7	44	1	1	10	65	4	7	3	66	
11	68	17	19	8	37	3	52	4	7	
12	25	17	72	2	52	18	55	4	39	11	10	10	73	6	7	8	44	5	51	16	46	
1	1	7	61	9	24	16	50	0	51	11	62	8	54	10	29	13	38	5	60	
8	55	4	66	18	29	2	10	14	4	12	9	10	57	16	8	15	58	13	3	0	45	11	42	
10	25	18	7	7	30	15	10	19	54	12	2	5	35	17	63	16	69	2	12	6	51	14	3	
0	4	4	69	14	61	12	11	2	67	1	15	6	58	11	65	
8	55	4	5	2	39	5	65	12	13	7	51	0	15	15	26	
17	23	1	71	18	13	13	67	10	47	12	27	15	28	0	30	19	56	4	35	
14	1	9	38	16	24	5	67	4	53	0	71	3	41	
6	50	9	1	19	71	17	17	14	6	15	24	0	55	13	48	5	44	8	57	12	23	10	66	
9	48	13	12	15	61	10	17	8	59	7	28	0	50	18	57	16	65	
8	20	1	15	15	34	17	4	10	60	2	38	13	12	4	6	18	74	0	41	6	35	14	27	
6	60	18	45	15	51	10	66	4	25	7	42	2	69	14	55	0	33	5	16	
19	32	13	67	10	17	7	24	2	13	11	12	9	27	
2	15	0	16	12	12	17	1	9	38	14	66	5	13	10	57	15	70	18	29	
0	75	10	2	14	19	13	48	9	36	17	54	2	62	1	42	8	12	3	56	
1	50	18	42	7	12	12	60	4	65	19	47	
12	5	11	63	2	14	5	59	18	13	8	27	19	29	6	72	1	70	
14	25	10	33	19	11	17	49	4	63	15	56	6	21	7	38	5	66	12	26	
14	16	2	14	19	60	10	29	15	52	1	70	18	69	9	17	

All component type numbers for each job to be processed by MFPM
5	1	9	11	8	22	3	6	
7	31	
5	24	1	6	7	2	
5	49	
4	16	6	7	8	5	5	11	
2	31	3	40	9	36	4	34	1	43	
6	17	1	4	9	18	7	14	
9	39	5	32	8	50	4	42	
1	23	4	6	0	21	5	2	
7	28	6	41	
0	22	6	10	7	3	2	20	
6	38	
8	1	1	22	
8	27	0	43	4	41	
8	13	4	21	1	22	6	11	7	4	
3	46	7	37	
3	2	
9	43	0	45	8	40	
3	14	
3	39	7	49	5	50	8	42	
0	13	2	4	5	18	9	15	3	23	
6	34	0	45	
4	1	8	5	7	13	9	10	
0	45	4	30	6	29	2	42	3	39	
1	16	5	21	2	20	8	8	
1	42	
7	9	6	12	
6	39	5	44	4	41	
3	8	8	18	1	17	5	23	2	10	
5	30	
5	1	7	10	3	18	0	6	4	21	
1	48	
9	20	5	17	7	19	
3	28	9	44	6	36	
6	25	9	9	2	23	
4	30	6	39	9	46	
6	4	1	5	3	20	9	7	
1	33	
3	25	1	7	5	24	0	21	7	13	
5	31	6	40	3	38	0	46	4	39	
1	11	6	3	8	19	3	5	7	14	
8	30	4	35	6	37	
8	2	4	23	
0	28	2	41	5	42	1	27	6	32	
7	25	9	12	2	9	3	11	6	10	
2	37	
4	7	8	1	6	17	
3	50	7	42	
2	21	6	14	4	17	
6	41	0	40	
3	12	5	9	7	6	6	2	
9	37	2	44	3	45	0	34	8	26	
9	18	
6	42	4	47	8	46	7	48	
3	8	8	9	5	2	0	10	2	14	
9	35	6	39	3	37	1	30	7	28	
1	25	4	24	6	15	5	10	
0	44	2	28	9	36	6	41	
8	25	
5	42	8	31	6	33	
3	10	4	4	9	9	
6	50	
5	6	2	19	9	8	
7	27	2	48	
2	3	4	19	8	22	3	9	7	8	
8	45	
7	1	3	23	5	3	4	14	8	12	
9	40	
5	25	8	7	
0	36	4	42	6	39	3	48	
3	21	
9	38	4	47	1	26	
8	19	1	5	0	22	3	20	9	11	
2	29	5	41	
4	12	3	13	5	19	9	14	2	6	
3	50	
1	5	0	1	7	13	4	21	2	16	
5	32	8	28	1	35	7	42	
0	11	6	25	
4	38	2	32	
0	20	5	10	1	18	
0	35	9	50	
4	11	8	21	3	13	
8	44	3	35	7	40	
9	17	
0	39	8	41	2	42	1	28	
8	15	5	20	1	11	2	17	9	19	
0	49	6	39	9	32	1	34	8	38	
1	7	0	24	8	25	
8	45	9	42	3	38	
4	3	
0	37	3	48	
6	24	
3	28	7	39	0	47	4	33	
9	9	
2	42	8	30	9	28	
9	11	2	8	8	13	1	2	7	18	
3	39	2	36	8	30	
7	20	9	6	0	18	2	19	
8	50	7	34	9	38	
0	18	9	25	
0	27	
3	23	
6	39	4	35	5	26	1	43	0	37	
1	24	6	10	2	21	9	6	
0	41	
5	21	1	8	
2	31	0	38	
9	6	7	22	1	21	0	25	5	3	
0	41	
0	3	6	25	7	23	5	17	8	1	
4	47	3	35	0	34	9	27	
3	2	9	16	
5	34	3	30	9	31	7	36	
7	21	
2	40	5	42	9	46	0	48	3	36	
3	3	0	17	
4	31	3	45	5	27	
7	1	
4	49	0	26	2	37	
2	8	6	20	
2	38	7	32	3	42	
4	20	3	15	
6	42	
1	22	5	8	9	3	
3	40	5	38	4	50	7	48	
7	25	
9	31	4	34	1	42	7	27	
7	7	6	4	
1	37	
2	13	7	18	
8	36	1	44	4	32	6	34	3	28	
3	16	4	18	5	11	
6	29	9	28	3	32	2	42	
4	17	6	6	
4	30	5	32	0	37	
9	18	8	17	
5	42	4	35	6	50	9	39	1	27	
9	12	6	25	
2	31	9	39	1	47	6	32	3	29	
2	5	
5	36	4	34	3	45	2	40	
5	15	8	6	7	14	6	19	0	3	
6	40	
9	10	
8	48	3	36	9	27	4	37	
7	15	2	8	
2	41	
9	3	
0	48	
4	21	9	5	7	3	6	24	3	7	
3	31	8	43	7	29	5	36	
2	20	5	5	6	21	
2	30	4	31	3	47	1	43	8	50	
6	24	2	1	5	18	9	11	3	21	
3	32	2	40	
1	23	6	7	7	8	
2	37	7	29	5	41	
0	24	1	23	
8	40	0	29	5	27	
9	22	0	7	4	11	
4	37	1	30	3	35	6	50	
7	17	3	24	4	18	9	25	0	4	
9	45	6	40	1	26	2	27	7	41	
7	14	5	16	
8	46	
0	6	7	11	2	21	1	18	9	1	
3	47	6	33	7	27	8	32	1	46	
0	13	9	20	6	1	5	14	1	5	
8	38	5	46	4	43	3	33	1	30	
1	16	
8	33	4	41	6	50	
2	5	
4	36	0	42	5	30	7	47	6	28	
9	17	5	24	3	20	
0	30	4	32	5	26	3	35	8	36	
7	1	
5	48	
5	24	
2	50	6	41	1	44	9	36	4	30	
5	17	6	16	3	5	
3	40	2	27	7	29	
6	23	0	17	2	14	5	3	
6	47	4	35	2	30	
1	14	0	16	3	25	
6	46	0	36	
8	2	0	8	3	12	1	10	6	1	
7	39	1	44	
7	22	0	17	1	15	6	18	
9	34	2	37	1	39	0	41	7	45	
5	16	
9	31	3	42	1	40	7	30	4	48	
0	6	6	11	
1	40	4	30	9	31	
9	19	2	20	3	1	
3	31	0	26	9	30	8	42	4	37	
4	5	
7	31	2	38	9	29	1	36	5	33	
3	23	2	14	7	13	5	15	9	4	
4	32	0	45	3	28	
0	3	4	17	3	12	9	22	2	18	
5	35	8	50	
0	14	9	8	4	24	6	3	
5	48	1	46	4	49	3	42	
4	11	
4	33	7	47	2	44	1	35	
7	18	0	15	2	10	4	19	3	11	
9	39	6	33	
1	18	0	22	3	17	9	21	8	8	
1	27	2	44	5	34	
6	16	4	3	2	10	5	18	
5	40	8	31	4	28	
2	8	3	11	0	15	8	23	1	16	
6	45	0	40	8	32	7	27	
4	21	
0	32	
0	24	4	20	5	8	2	3	
8	44	
7	9	3	19	5	24	8	4	
8	42	9	49	6	39	7	38	3	31	
4	20	9	14	7	3	6	18	3	11	
2	30	8	42	
9	18	
0	44	
3	22	
9	33	5	30	
4	13	1	7	9	21	8	3	0	5	
9	44	
6	9	7	20	5	1	2	21	
6	42	
2	24	4	20	
3	26	
7	17	3	14	
3	27	9	44	7	28	
8	25	1	20	4	14	2	3	6	23	
7	39	6	48	3	27	
3	14	7	20	
1	38	
2	24	9	17	1	15	8	19	
7	30	0	46	
8	21	4	3	0	2	3	23	2	1	
2	49	
8	12	2	5	9	20	0	3	7	21	
1	36	0	43	7	30	6	38	8	48	
2	6	9	16	1	11	8	1	
4	33	8	32	
0	5	3	13	4	20	
1	34	9	36	5	27	2	47	8	46	
9	4	3	21	8	20	0	22	6	10	
5	42	3	47	8	38	2	30	4	43	
1	3	6	4	0	11	4	25	7	6	
9	30	6	43	
7	2	8	1	3	21	
6	30	3	28	0	49	5	32	
9	5	6	12	5	21	8	20	1	19	
6	48	5	34	4	33	1	30	
8	15	
7	45	2	32	4	38	9	47	
6	22	5	7	
9	43	8	33	2	37	
6	2	7	19	4	14	
8	35	1	30	5	48	
3	25	
4	46	7	50	1	41	
2	23	6	13	5	5	0	22	4	7	
1	50	
9	4	8	22	2	2	
5	41	9	34	
5	21	2	25	
6	31	
8	20	7	14	6	23	2	17	
2	50	
6	9	0	23	
2	26	6	42	
2	3	
5	27	1	43	
1	16	6	6	5	17	3	4	4	14	
6	33	
7	21	3	10	8	18	
5	29	9	42	7	36	3	26	0	43	
9	1	6	12	5	22	8	14	4	3	
5	43	0	28	4	32	8	37	1	31	
8	22	3	10	4	11	7	8	2	2	
6	42	2	45	9	30	3	29	4	44	
1	4	0	15	7	6	
7	35	0	43	
4	13	
5	44	0	37	1	41	8	46	2	29	
2	21	
6	49	0	36	3	47	
0	22	
5	36	8	50	9	27	
4	17	6	19	
3	43	8	30	5	41	
5	20	1	9	6	19	4	8	
2	28	
1	23	8	17	5	19	7	20	
9	38	8	28	7	26	3	27	0	34	
5	11	8	13	3	19	
9	38	5	33	0	50	4	31	2	49	

Three processing times per job on each machine
The best scenario
509	433	678	
631	663	228	
323	513	214	
439	399	379	
228	342	386	
205	113	146	
993	951	451	
149	112	74	
204	279	446	
322	332	179	
155	104	140	
137	105	101	
314	100	210	
57	170	173	
300	471	609	
100	48	47	
83	196	75	
277	968	224	
701	689	647	
798	193	1133	
381	505	681	
129	344	323	
817	705	545	
1005	584	391	
1123	371	528	
373	716	442	
231	405	370	
375	987	749	
780	1184	266	
262	821	374	
669	508	738	
483	452	753	
238	812	1068	
354	1139	1045	
1078	525	451	
424	1031	829	
772	837	539	
88	150	343	
619	394	484	
148	66	90	
297	374	718	
831	840	698	
480	742	476	
59	62	112	
450	332	391	
93	219	263	
957	901	249	
764	150	366	
322	480	457	
119	327	603	
567	696	246	
428	671	270	
452	431	457	
271	487	603	
516	129	349	
313	120	575	
661	359	468	
367	341	430	
542	849	210	
747	562	624	
223	146	227	
157	263	242	
276	447	530	
182	829	600	
426	708	427	
757	526	509	
598	326	421	
350	158	326	
204	304	203	
844	1290	371	
125	188	108	
403	186	154	
173	201	91	
728	603	737	
792	423	1045	
565	325	333	
385	244	531	
571	338	371	
542	516	438	
667	420	425	
189	176	256	
608	476	543	
142	125	151	
290	217	407	
103	166	123	
223	111	188	
143	78	91	
701	319	613	
507	547	858	
653	477	393	
404	894	439	
204	355	221	
334	431	232	
226	384	140	
578	182	724	
438	753	566	
318	675	210	
302	455	310	
452	624	425	
242	217	360	
387	963	877	
658	443	666	
610	611	906	
531	271	684	
176	527	709	
166	100	174	
297	501	253	
312	600	544	
96	210	132	
322	166	157	
384	103	163	
781	696	474	
329	587	412	
311	304	264	
140	238	383	
112	112	56	
63	84	96	
679	561	733	
1092	843	721	
208	106	69	
503	718	793	
87	304	203	
719	810	385	
239	452	495	
429	375	225	
148	138	236	
423	650	382	
338	155	100	
473	409	244	
154	157	67	
770	946	331	
204	187	297	
423	308	278	
578	550	369	
82	178	149	
442	596	715	
807	746	340	
144	312	65	
243	320	598	
172	584	224	
162	81	104	
182	210	197	
140	106	68	
343	287	251	
491	208	300	
292	151	504	
136	232	143	
146	906	576	
335	473	890	
147	137	148	
Most likely scenario
737	465	1350	
956	797	305	
501	566	349	
587	479	405	
292	544	521	
368	152	244	
1234	1197	733	
272	149	117	
317	324	606	
358	650	214	
256	208	196	
179	148	193	
468	122	303	
105	191	192	
458	512	640	
109	67	53	
110	208	91	
370	977	269	
1083	1035	1037	
1507	384	1346	
761	726	686	
171	431	435	
1390	1069	676	
1111	848	650	
1357	406	600	
444	1012	810	
393	665	409	
621	1089	1336	
789	1287	317	
365	845	685	
991	715	758	
626	692	1111	
428	1105	1211	
462	1459	1132	
1085	552	499	
613	1044	903	
996	1051	746	
140	216	530	
726	502	569	
197	118	161	
494	380	794	
1150	954	1360	
782	1068	800	
60	68	206	
702	536	512	
155	317	283	
1291	988	431	
946	285	667	
336	605	564	
215	589	714	
585	862	309	
473	692	372	
637	443	748	
350	722	627	
569	203	400	
624	178	617	
743	369	483	
503	494	477	
697	1094	394	
945	564	828	
292	262	453	
246	389	355	
480	520	725	
294	926	803	
570	1143	622	
873	928	685	
944	339	444	
418	187	373	
250	434	340	
917	1542	579	
140	212	135	
546	371	166	
174	255	160	
785	989	932	
1017	523	1184	
725	636	420	
415	253	668	
1044	525	531	
600	654	442	
1186	447	621	
233	244	368	
954	934	771	
149	156	162	
295	289	728	
155	194	137	
421	187	189	
200	126	142	
711	327	729	
850	968	970	
933	835	579	
539	954	741	
208	379	294	
506	492	328	
346	480	233	
878	348	817	
543	1420	696	
435	892	312	
448	536	408	
468	667	685	
258	405	544	
390	1510	1480	
682	658	1301	
1074	1027	1188	
916	313	785	
302	732	738	
168	104	200	
413	695	288	
485	708	987	
164	230	208	
490	196	222	
492	176	251	
1366	1265	677	
401	990	456	
463	366	282	
218	240	512	
124	181	61	
88	95	102	
1266	1005	802	
1253	1184	811	
234	124	70	
632	789	855	
112	345	225	
852	1083	655	
374	496	880	
584	425	246	
295	159	461	
479	779	734	
393	165	158	
504	433	266	
286	244	119	
912	1241	557	
299	361	381	
768	352	301	
708	918	674	
152	275	161	
537	726	834	
850	1018	419	
188	375	118	
268	341	756	
241	672	377	
273	117	190	
346	351	376	
182	209	98	
479	292	355	
540	254	316	
376	249	580	
153	268	255	
282	962	628	
638	844	946	
196	245	225	
The worst scenario
925	554	1713	
1345	993	373	
651	628	422	
631	608	466	
318	737	583	
531	171	283	
1579	1640	1051	
404	221	128	
434	393	716	
362	907	259	
274	256	224	
262	200	195	
544	164	436	
124	231	239	
462	549	808	
116	82	58	
130	225	99	
458	1207	341	
1401	1208	1107	
1762	452	1614	
1056	881	703	
189	487	556	
2006	1222	958	
1322	1190	787	
2035	408	806	
594	1325	842	
541	746	610	
808	1393	1802	
1018	1409	474	
472	1014	765	
1035	833	882	
788	780	1135	
595	1522	1682	
525	1769	1135	
1384	643	649	
739	1427	1244	
1028	1476	795	
202	225	636	
771	626	695	
252	169	186	
496	519	1115	
1493	1238	1935	
1024	1316	1114	
67	77	261	
867	786	643	
163	382	294	
1851	1049	572	
1340	414	776	
476	827	690	
249	672	1009	
617	1208	321	
606	778	374	
945	524	943	
439	984	905	
641	288	524	
681	196	904	
864	473	669	
589	528	667	
917	1545	577	
1035	820	1230	
435	381	646	
354	472	512	
525	735	890	
302	1347	875	
602	1592	731	
1182	1343	774	
1167	406	587	
450	272	394	
375	552	452	
992	1615	715	
149	314	169	
734	472	221	
251	282	228	
813	1167	1068	
1129	559	1493	
883	668	518	
586	257	708	
1063	720	675	
827	842	623	
1347	480	849	
254	343	548	
1352	1110	785	
162	205	229	
343	368	807	
208	255	170	
453	221	266	
226	180	192	
717	460	943	
1193	1247	1191	
1266	1087	669	
549	1134	961	
263	391	437	
619	638	396	
445	564	303	
1177	450	1152	
662	2020	964	
621	1327	415	
554	788	506	
695	821	712	
266	464	612	
566	2056	2059	
769	914	1612	
1561	1456	1544	
1353	335	802	
425	863	768	
175	151	265	
425	992	426	
491	1033	1021	
229	233	245	
592	201	324	
503	235	294	
1716	1350	847	
438	1010	594	
599	444	301	
307	292	765	
156	184	89	
104	131	115	
1885	1415	922	
1580	1285	1034	
245	182	86	
734	1132	1090	
116	483	283	
1008	1397	962	
382	711	922	
793	506	270	
299	213	655	
542	946	805	
538	184	178	
673	565	371	
310	356	174	
1015	1704	630	
440	365	528	
846	429	436	
841	1084	870	
183	287	193	
757	948	1086	
944	1178	562	
206	551	155	
363	498	1133	
330	727	397	
299	156	259	
428	358	541	
268	302	141	
710	404	402	
580	302	328	
431	363	589	
163	400	288	
411	1346	787	
663	889	1069	
204	354	240	
