Factories	2	Jobs	150	Machines	3

Total number of component types per job processed by HSPM
7	7	7	7	12	5	5	6	9	5	9	11	8	7	6	6	9	5	12	5	11	7	8	7	10	5	9	7	10	8	12	12	11	10	11	7	5	8	9	12	6	12	9	5	10	8	7	11	10	8	7	6	8	7	6	7	10	5	6	12	5	7	5	12	11	7	7	12	8	6	11	9	10	7	12	6	7	6	9	8	12	9	7	8	11	6	6	9	12	5	9	12	7	7	10	8	8	7	5	5	12	7	11	11	12	7	10	6	8	10	11	5	6	9	5	11	11	12	8	5	8	5	12	6	9	8	11	8	10	9	12	11	10	12	9	11	5	10	12	12	5	11	5	9	9	7	7	7	8	9	

Total number of component types per job processed by MFPM
1	2	1	1	5	4	2	4	5	1	4	1	5	4	4	5	4	4	4	3	5	4	2	4	4	1	5	5	2	4	1	4	1	1	1	5	3	4	1	3	1	4	1	4	1	4	3	2	1	2	3	5	1	1	4	2	3	1	4	2	2	3	2	1	3	3	2	2	2	3	1	4	4	3	5	3	4	3	1	1	3	5	3	1	1	2	3	3	4	3	4	1	2	5	3	2	3	4	1	5	2	3	5	3	5	3	1	1	4	4	5	5	1	4	4	2	3	4	2	5	2	5	2	1	5	3	1	1	1	1	1	4	2	2	2	1	2	5	5	1	1	2	4	1	2	5	2	1	5	3	5	4	1	4	2	2	5	3	3	2	5	3	3	1	4	2	3	4	1	4	5	1	5	3	2	1	5	5	3	3	1	5	4	3	3	2	3	1	3	3	5	1	1	2	5	2	3	4	1	2	1	2	1	5	5	1	5	4	3	3	4	2	4	3	2	3	2	4	5	3	4	4	1	1	5	4	2	4	1	3	3	5	3	2	1	1	5	3	1	1	3	4	5	4	3	4	4	3	3	5	3	3	4	4	4	3	1	4	1	4	3	5	5	4	4	4	5	1	5	4	2	3	5	1	2	4	1	2	1	5	3	1	3	1	3	3	1	4	3	3	5	2	3	5	1	5	2	3	3	2	

All component type numbers for each job to be processed by HSPM
9	48	18	22	14	34	1	69	8	60	11	14	10	7	
9	28	4	24	15	17	17	59	5	32	1	22	6	8	
7	44	14	32	1	14	16	68	19	45	8	47	3	1	
5	15	4	64	3	35	8	7	2	54	14	48	6	73	
15	52	17	5	1	47	2	64	18	20	3	35	8	57	11	13	19	40	14	34	7	9	9	36	
2	46	4	60	14	31	5	70	16	24	
18	72	16	3	19	5	2	16	14	37	
0	10	1	20	17	70	13	72	5	18	16	46	
10	67	5	65	12	41	6	47	2	15	7	68	9	14	14	40	11	56	
3	36	14	5	19	51	17	31	9	13	
4	48	19	54	11	72	7	71	3	29	1	61	6	38	2	43	18	27	
11	32	7	42	6	66	4	49	9	7	0	61	13	43	17	50	19	52	3	38	8	35	
2	12	7	19	17	51	14	50	5	35	1	71	18	1	6	10	
13	10	11	15	5	63	2	8	3	72	6	53	12	5	
8	25	15	55	18	67	11	3	1	50	17	32	
5	44	17	55	7	66	10	12	1	22	19	53	
2	54	9	48	19	22	7	27	8	32	10	25	14	38	6	7	3	36	
17	68	12	43	13	24	10	27	6	64	
6	14	3	23	11	71	12	46	9	58	2	68	18	20	5	24	4	50	10	56	14	54	1	60	
9	2	1	8	3	58	4	3	16	70	
17	20	16	32	9	57	3	27	5	8	10	66	15	29	8	18	2	55	13	58	0	73	
12	71	14	35	15	49	6	5	7	34	8	10	0	56	
3	74	2	45	10	10	16	22	8	18	19	47	18	52	13	24	
18	62	0	50	15	51	8	30	2	56	10	24	12	32	
5	62	6	63	9	59	14	69	12	27	11	65	8	61	15	20	4	68	18	43	
4	24	10	55	1	41	14	11	2	19	
0	45	7	68	11	29	16	39	3	31	6	56	4	15	15	20	18	21	
0	42	17	31	7	16	5	9	1	58	11	59	12	41	
9	63	1	45	5	29	13	54	18	5	0	55	16	6	4	57	7	59	12	24	
0	12	13	68	10	66	7	52	19	16	14	72	17	42	16	21	
12	70	9	49	17	64	0	55	1	30	2	38	10	44	13	69	6	47	18	66	19	9	14	52	
11	17	3	53	15	56	17	36	18	18	0	38	4	2	8	65	12	58	14	52	16	19	5	13	
8	17	0	67	5	26	17	48	10	36	1	69	18	24	3	41	9	59	11	5	19	38	
19	69	6	65	17	16	3	12	4	70	1	9	7	14	0	46	10	15	2	62	
7	45	3	32	11	6	18	7	16	34	5	63	17	49	2	48	13	66	4	8	8	23	
19	1	5	30	1	55	11	9	14	6	10	69	4	40	
3	47	1	46	17	3	7	18	0	22	
1	16	13	32	18	29	17	65	3	23	6	12	5	68	12	72	
5	13	8	70	0	41	6	31	18	71	14	66	1	72	17	51	2	7	
16	57	5	69	11	34	17	17	10	48	6	21	7	14	15	60	1	53	19	31	8	73	13	15	
10	23	15	34	0	65	16	9	5	16	17	19	
18	29	14	14	0	62	11	12	3	75	6	59	10	45	7	24	15	64	5	31	13	15	12	73	
5	65	6	49	13	42	17	4	12	25	10	74	8	3	2	15	18	5	
11	8	14	17	19	6	16	11	18	70	
11	63	15	60	3	15	16	13	8	12	19	49	6	66	10	11	5	30	9	46	
17	52	13	35	10	16	14	7	16	40	6	38	9	39	1	25	
19	13	2	60	15	20	11	22	5	56	4	40	17	71	
16	33	0	12	3	28	12	25	11	55	14	59	1	20	5	32	8	34	13	62	18	35	
7	3	13	75	2	45	5	15	8	23	0	63	3	71	4	24	19	54	9	61	
0	63	14	13	2	8	10	4	8	23	9	57	18	66	3	43	
10	12	4	50	1	75	2	45	9	14	8	33	14	52	
9	20	15	60	0	29	10	26	5	32	16	65	
15	37	12	50	17	13	5	28	19	44	1	62	13	25	2	7	
16	21	11	9	5	12	13	39	10	11	9	10	14	34	
14	31	10	52	11	38	5	58	4	15	1	63	
2	74	3	32	12	48	4	65	7	68	16	24	14	29	
2	46	10	72	17	15	15	10	12	9	4	6	9	75	18	40	11	33	14	50	
5	23	10	1	17	24	16	58	9	12	
11	39	1	1	5	25	7	29	0	68	10	24	
2	7	12	5	17	27	4	65	16	55	7	1	9	69	19	15	15	60	3	61	14	72	6	64	
14	38	4	30	9	43	10	40	1	17	
1	15	14	42	12	14	19	29	4	32	13	33	5	46	
0	37	2	10	16	65	3	22	11	54	
17	67	5	75	19	42	12	61	13	11	4	27	7	64	8	25	11	41	0	68	1	3	6	65	
5	64	12	51	9	16	6	27	0	17	10	48	17	39	3	60	15	20	4	47	16	6	
10	34	9	66	4	75	11	12	2	7	13	70	8	33	
10	43	19	56	6	1	2	62	15	46	5	36	14	27	
11	48	10	70	6	69	12	22	2	61	18	42	17	32	0	19	5	36	16	41	1	68	19	66	
1	19	8	24	17	75	2	67	11	46	9	48	15	4	18	74	
17	62	19	5	0	44	9	63	1	32	5	23	
2	34	16	52	15	40	1	64	18	30	17	60	9	59	4	2	0	18	14	65	19	25	
1	71	7	24	11	6	9	30	5	59	14	37	4	9	6	2	13	5	
2	73	3	43	16	55	17	3	5	23	6	19	18	18	4	69	15	75	8	72	
4	43	0	31	18	33	11	41	8	65	14	64	15	68	
10	40	2	25	13	35	7	59	1	72	16	12	17	30	18	53	12	18	6	32	4	70	0	71	
2	12	5	7	1	40	3	11	17	54	12	70	
16	34	15	20	5	16	1	39	7	7	11	56	6	5	
4	73	6	55	2	12	5	40	11	19	16	20	
12	28	13	4	4	49	16	74	14	55	11	63	9	11	7	10	1	33	
17	13	1	67	3	18	10	60	19	43	13	64	2	6	8	73	
6	7	14	40	13	74	9	15	12	59	16	69	2	23	10	41	1	45	11	20	8	43	3	26	
16	42	6	35	13	11	8	58	7	74	9	32	14	19	1	20	15	50	
12	59	18	13	13	34	4	25	17	41	6	75	14	28	
19	41	17	10	14	75	3	26	8	54	9	69	7	1	15	39	
10	42	5	3	8	14	15	22	18	26	7	39	6	33	3	24	17	12	13	56	9	60	
2	39	7	9	0	23	14	13	19	29	8	71	
12	53	18	25	4	24	5	22	15	21	9	11	
8	74	4	2	6	22	12	44	9	67	11	53	1	35	2	60	17	52	
13	59	16	43	9	75	8	19	6	50	15	62	18	29	2	14	14	1	4	16	11	32	19	44	
18	57	14	36	1	54	16	33	5	50	
3	46	12	5	7	50	0	47	1	36	16	21	19	22	5	25	8	68	
18	9	19	23	9	34	0	57	1	71	4	42	11	40	16	20	7	18	5	41	10	11	13	68	
12	73	1	2	9	43	7	52	11	28	19	27	10	31	
2	36	19	73	4	1	17	39	14	15	18	53	11	68	
1	44	3	40	8	33	12	45	14	3	15	28	10	14	2	71	16	16	7	67	
6	11	3	50	12	59	2	18	17	22	1	38	13	43	9	62	
18	6	16	56	0	39	5	12	15	50	11	4	7	57	9	49	
1	74	6	52	8	22	10	43	7	71	18	16	19	70	
19	46	6	19	0	15	10	68	12	48	
14	53	18	15	6	41	0	8	19	62	
16	16	18	42	17	12	1	65	10	33	15	41	3	69	14	58	9	53	6	30	4	63	19	60	
19	15	4	20	5	68	9	10	3	49	7	36	15	25	
11	10	8	69	10	24	7	70	19	61	17	30	9	60	6	39	16	32	1	17	0	20	
9	39	19	26	15	25	1	64	13	23	0	73	2	8	8	41	6	21	14	60	11	71	
9	33	14	52	8	28	16	32	19	38	1	74	15	50	2	69	5	68	12	37	3	40	10	59	
14	36	4	14	6	27	11	13	18	16	3	19	2	45	
17	61	3	3	16	21	18	39	19	43	6	62	15	69	10	64	9	45	1	56	
13	31	11	15	6	69	10	9	15	50	16	57	
19	17	14	45	12	71	4	32	8	29	18	38	1	68	13	60	
15	11	2	14	0	9	18	60	8	17	17	33	14	40	13	53	11	66	19	21	
18	65	7	75	2	52	16	44	19	9	11	16	3	50	12	71	13	31	6	25	17	45	
18	52	14	12	16	35	4	16	6	41	
17	65	0	27	10	6	16	56	8	61	1	60	
16	50	18	8	17	33	11	26	3	71	2	39	19	20	7	48	10	74	
18	39	12	48	15	29	16	49	2	47	
16	21	1	32	2	18	11	50	5	44	13	35	3	12	12	26	19	1	18	40	15	49	
10	44	9	63	2	30	13	55	14	72	8	61	12	15	5	73	6	29	4	25	0	5	
8	27	12	25	11	21	17	36	16	55	2	58	19	59	3	70	18	35	7	44	0	10	1	13	
18	5	0	71	7	41	12	64	1	4	5	30	6	12	11	60	
7	33	15	23	2	19	10	13	16	5	
13	15	14	48	7	41	9	66	6	47	19	17	16	73	15	64	
4	3	18	39	6	37	11	6	14	48	
5	69	19	50	13	37	7	31	4	41	0	11	9	62	6	72	17	66	11	33	1	22	12	63	
18	73	7	44	2	57	17	60	3	14	5	21	
11	46	6	21	1	19	9	53	2	68	8	15	17	24	12	54	5	48	
12	72	1	24	16	64	6	22	14	31	15	55	8	42	7	61	
0	68	12	41	6	72	16	11	2	75	14	19	5	15	1	3	13	61	10	25	11	64	
10	30	0	27	12	23	17	62	6	66	5	32	2	45	11	57	
12	73	3	30	9	70	13	52	18	26	17	71	5	68	19	5	0	44	16	15	
13	22	12	37	0	16	10	67	1	69	2	34	16	53	15	7	7	60	
15	5	18	20	16	8	6	62	17	47	4	73	1	26	7	39	12	54	8	66	14	2	11	70	
7	65	17	68	19	16	4	33	14	18	10	71	1	72	16	58	8	12	6	55	2	2	
19	28	7	46	6	47	14	30	11	65	0	42	8	48	18	36	5	34	4	71	
14	68	0	29	5	15	6	40	9	64	1	28	13	56	7	70	16	59	2	38	12	58	3	4	
12	19	4	37	18	36	9	30	5	35	10	29	16	27	2	44	0	53	
4	64	1	33	12	12	18	19	5	34	0	35	2	75	9	37	16	22	14	54	17	31	
12	12	2	19	4	29	16	43	19	4	
2	44	0	4	14	6	7	31	1	48	3	40	9	32	15	38	6	37	13	8	
19	63	12	16	2	39	16	40	17	45	15	51	1	24	8	35	0	36	18	37	13	42	10	48	
2	6	6	22	1	34	18	35	13	54	11	27	3	36	16	4	17	75	19	17	12	53	0	43	
0	64	2	10	13	23	3	47	14	66	
2	67	7	23	9	28	5	58	17	35	19	17	15	44	16	48	0	42	11	59	13	39	
1	70	18	29	12	35	11	46	14	28	
17	12	5	10	19	19	16	33	2	1	3	16	7	42	18	7	10	28	
3	53	9	55	16	51	17	11	5	41	4	61	2	52	6	10	10	49	
11	50	12	43	6	68	0	6	3	37	14	7	19	42	
8	36	0	43	3	33	6	59	12	53	4	18	13	60	
10	62	8	46	6	20	19	3	13	21	12	25	16	72	
9	53	19	2	6	26	2	23	1	38	3	42	17	48	4	70	
13	70	4	69	2	4	18	12	15	61	5	22	6	38	10	40	1	54	

All component type numbers for each job to be processed by MFPM
7	23	
6	45	1	44	
8	19	
1	39	
1	6	9	1	2	16	0	4	8	14	
2	30	8	32	7	41	4	50	
9	24	4	10	
4	35	2	41	5	50	1	32	
6	14	9	7	3	10	1	12	8	1	
7	50	
9	12	3	7	2	2	0	9	
1	42	
3	3	8	19	7	4	4	8	9	21	
2	44	1	27	9	38	6	40	
3	6	7	10	0	23	2	20	
8	42	3	39	6	34	1	32	0	40	
7	7	1	10	9	4	6	14	
3	42	0	33	7	27	9	47	
6	14	2	6	0	20	9	16	
6	33	0	35	2	37	
4	9	5	5	3	6	8	3	9	1	
3	45	7	42	2	46	9	47	
8	21	3	19	
9	26	1	45	8	48	5	43	
7	4	6	7	3	9	1	25	
1	34	
5	4	4	10	2	23	9	19	7	12	
5	49	2	34	9	30	6	28	0	26	
4	5	3	13	
2	34	6	38	0	46	7	37	
7	5	
2	44	3	41	9	29	4	32	
4	14	
7	29	
2	20	
2	35	5	31	4	32	9	43	6	46	
1	23	9	12	2	5	
7	28	2	31	9	50	4	29	
0	12	
6	45	3	32	8	29	
5	6	
9	48	4	44	5	42	3	33	
9	10	
6	33	0	30	3	50	8	35	
5	25	
0	28	7	36	3	39	8	43	
4	1	5	2	6	12	
8	31	2	48	
4	18	
0	28	3	38	
3	14	6	17	5	21	
0	34	4	27	8	42	2	33	5	50	
7	23	
6	42	
9	10	7	25	0	2	1	5	
1	41	0	31	
7	17	0	16	4	10	
8	27	
4	19	9	23	7	2	1	1	
1	27	6	26	
3	6	9	25	
3	45	9	26	4	37	
7	19	9	1	
2	26	
6	19	3	23	7	17	
0	37	9	43	1	40	
5	5	4	23	
3	43	0	32	
2	7	4	12	
6	42	7	48	0	44	
7	9	
9	48	7	43	0	30	3	41	
9	20	5	23	8	10	6	24	
4	49	0	34	5	33	
8	9	1	19	3	16	0	18	5	25	
8	33	7	32	1	40	
0	22	1	2	7	23	5	8	
7	36	4	34	5	50	
4	8	
5	30	
8	9	7	5	2	18	
5	48	6	33	4	38	8	28	9	39	
7	5	3	4	1	15	
6	50	
0	15	
9	48	8	33	
9	21	4	3	0	16	
9	47	4	49	1	46	
0	13	8	25	9	17	7	19	
1	50	4	29	9	39	
9	1	2	22	4	16	5	10	
8	38	
0	25	6	3	
2	35	9	28	4	48	1	49	7	26	
9	9	4	22	0	14	
9	45	7	43	
1	16	3	1	8	8	
7	28	5	29	6	47	3	46	
2	21	
5	36	6	43	8	27	4	47	1	28	
1	7	4	23	
5	31	3	40	2	42	
9	21	2	12	1	4	0	23	4	17	
9	40	8	39	6	27	
3	16	0	12	1	23	7	10	4	13	
1	46	5	33	7	38	
9	19	
7	38	
9	16	4	19	0	1	2	4	
4	39	0	34	7	47	1	38	
4	1	7	21	6	10	3	5	0	24	
7	42	0	46	6	48	2	39	1	28	
5	18	
1	48	2	40	6	35	7	32	
0	2	3	7	4	23	2	11	
8	42	2	36	
3	24	0	3	7	18	
3	35	2	41	9	37	6	27	
5	23	4	13	
8	27	7	29	0	44	9	45	1	48	
0	1	3	3	
4	26	8	34	6	31	9	29	7	35	
0	24	4	16	
8	29	
1	6	8	7	7	1	3	14	2	3	
8	46	9	35	2	26	
3	21	
7	49	
2	20	
3	37	
3	13	
7	39	4	32	0	37	5	33	
4	5	0	8	
3	41	4	50	
0	18	1	3	
3	36	
2	18	0	8	
0	39	1	40	7	33	8	43	4	50	
8	7	5	20	1	18	7	11	2	1	
4	43	
2	21	
9	32	2	48	
0	9	5	21	8	22	3	24	
3	37	
1	7	3	6	
9	33	7	28	0	37	6	39	5	26	
6	7	9	6	
1	29	
7	23	4	12	1	11	8	13	3	3	
3	41	7	37	5	34	
7	5	0	3	2	12	5	19	9	7	
4	47	3	35	7	48	2	41	
8	16	
2	26	5	33	0	41	1	28	
7	21	6	22	
0	39	5	46	
9	4	5	1	1	21	7	19	3	2	
2	46	3	34	4	42	
4	6	8	18	1	19	
4	36	1	46	
9	9	4	1	3	2	8	11	0	17	
0	42	7	34	1	39	
8	16	4	23	3	1	
4	31	
3	14	0	17	9	15	6	20	
0	26	9	48	
0	16	3	5	2	20	
9	28	7	30	3	40	5	34	
6	22	
9	44	5	39	4	49	7	32	
7	13	0	10	9	7	2	18	3	17	
4	38	
1	4	4	1	7	18	6	8	2	5	
6	47	3	26	9	34	
1	13	6	16	
7	36	
0	16	9	24	1	20	4	22	5	25	
7	49	8	31	9	47	5	36	6	32	
6	16	5	12	8	23	
5	48	3	41	7	34	
7	25	
5	48	0	27	1	44	9	28	8	29	
1	23	4	10	3	8	8	19	
6	37	4	46	2	45	
4	23	5	12	3	16	
4	41	8	27	
7	22	4	21	6	2	
0	38	
6	7	9	22	3	19	
5	42	7	28	9	36	
7	24	5	16	2	9	4	19	9	2	
9	28	
1	25	
8	37	4	44	
5	20	6	18	3	16	9	5	0	25	
4	41	5	49	
5	6	9	7	0	24	
5	38	7	47	0	30	8	49	
7	7	
3	33	2	32	
1	4	
5	27	0	47	
9	24	
3	26	1	32	8	34	7	43	4	38	
2	12	4	10	6	2	0	11	3	22	
6	42	
2	9	0	25	8	2	7	24	1	3	
7	32	0	36	8	37	6	42	
6	1	9	13	8	7	
1	26	4	31	0	37	
7	19	0	1	2	9	1	21	
5	27	2	40	
2	23	6	22	3	8	5	3	
6	32	9	50	4	35	
5	18	9	21	
1	36	8	44	2	33	
7	13	6	3	
9	44	7	39	0	34	6	29	
0	10	5	3	3	24	1	9	9	11	
4	26	2	49	6	37	
2	9	7	16	0	20	3	21	
0	34	3	32	2	50	6	30	
3	13	
7	29	
3	20	4	8	6	6	1	19	0	13	
3	32	6	48	2	38	9	34	
6	11	7	9	
0	28	9	37	6	34	3	38	
3	1	
7	41	8	44	2	37	
7	6	6	20	8	15	
4	28	8	34	7	45	9	39	1	42	
2	17	3	21	4	12	
1	36	5	27	
8	2	
1	38	
2	1	0	8	5	2	1	24	7	9	
0	26	1	42	7	33	
3	2	
3	50	
5	10	8	8	7	14	
3	45	9	49	0	44	8	28	
4	23	1	12	8	13	3	18	6	9	
7	29	1	47	5	49	2	31	
7	8	5	4	1	6	
2	45	7	35	3	46	8	36	
4	13	8	24	1	7	0	18	
8	38	6	26	5	47	
6	23	4	11	1	20	
6	32	9	35	7	29	0	38	8	49	
0	12	4	25	1	8	
3	47	0	41	6	42	
5	5	8	24	2	20	6	22	
0	26	3	27	4	35	6	28	
7	24	2	20	0	8	1	12	
2	36	9	42	6	29	
2	6	
3	34	7	30	5	36	1	46	
7	22	
8	31	0	27	5	32	2	33	
4	23	5	3	8	7	
2	27	8	47	0	49	3	34	1	46	
1	17	3	1	8	11	6	6	2	24	
4	50	2	47	8	46	6	48	
1	11	9	24	3	9	4	22	
4	48	3	33	7	44	8	30	
9	1	0	21	2	19	7	17	8	3	
8	45	
6	19	1	11	3	15	7	23	0	25	
1	27	0	32	4	26	7	28	
3	7	6	14	
7	31	8	46	6	30	
6	1	0	13	9	5	5	24	8	9	
1	33	
6	14	3	16	
6	40	9	33	8	47	1	36	
8	22	
4	39	3	31	
5	7	
5	38	4	29	8	31	9	40	6	33	
1	5	0	20	3	4	
7	44	
1	6	5	4	8	9	
8	50	
0	21	8	17	5	24	
3	35	5	49	6	43	
9	8	
5	38	7	30	4	32	3	37	
6	10	5	2	3	6	
8	48	4	50	9	33	
9	16	6	10	2	7	0	24	4	14	
6	36	9	37	
6	19	8	21	7	24	
0	26	8	49	9	50	5	41	7	27	
7	14	
3	27	8	35	1	36	2	31	6	50	
8	20	2	9	
5	33	8	43	2	40	
4	5	6	18	0	12	
1	31	2	28	

Three processing times per job on each machine
The best scenario
297	206	403	
277	290	171	
108	111	205	
413	132	241	
430	263	482	
149	89	188	
1302	818	802	
554	426	305	
353	372	877	
258	75	210	
254	1276	332	
174	550	329	
794	608	894	
272	174	351	
206	251	449	
260	257	205	
383	960	473	
308	394	314	
242	779	612	
654	959	510	
231	238	291	
248	353	202	
915	364	924	
624	453	497	
504	492	330	
127	131	248	
542	1250	344	
703	442	574	
85	363	346	
518	562	433	
133	113	212	
285	142	166	
81	201	165	
458	306	625	
1223	883	658	
225	296	111	
302	305	283	
336	474	496	
122	142	155	
211	410	427	
149	369	350	
267	542	569	
765	398	507	
606	1150	1097	
130	81	399	
350	254	222	
121	479	363	
117	179	188	
129	70	193	
161	201	274	
375	292	266	
981	435	1254	
217	760	420	
936	660	161	
977	628	316	
814	951	622	
72	87	217	
113	181	98	
247	337	1111	
368	215	672	
294	204	80	
434	222	274	
661	459	233	
661	552	187	
215	482	437	
276	234	289	
202	180	129	
423	386	739	
193	92	296	
798	402	801	
148	227	463	
453	200	422	
443	204	214	
1124	349	1087	
700	194	499	
217	181	606	
281	627	386	
626	243	598	
270	280	370	
400	572	716	
415	326	363	
293	413	389	
390	395	117	
1044	465	796	
239	923	353	
237	135	260	
236	262	486	
540	428	689	
425	470	790	
173	125	204	
544	637	326	
239	712	228	
526	725	229	
765	562	623	
263	236	284	
259	428	368	
460	279	425	
424	281	589	
685	500	192	
524	509	357	
865	852	816	
292	255	320	
854	1109	419	
158	360	91	
496	472	228	
567	588	383	
353	702	291	
402	237	272	
420	300	427	
342	189	221	
425	272	413	
384	926	521	
218	136	195	
316	506	162	
837	306	309	
143	408	358	
181	112	158	
100	108	91	
153	355	204	
555	191	208	
342	485	210	
137	162	451	
70	144	116	
523	449	377	
242	190	346	
569	263	275	
606	505	413	
1099	229	323	
893	432	928	
682	429	301	
445	432	359	
385	203	473	
602	542	556	
317	349	169	
249	98	149	
367	289	642	
282	393	158	
243	511	486	
905	670	253	
48	85	36	
46	165	80	
241	314	164	
391	261	335	
770	1078	707	
761	918	540	
580	514	530	
338	306	306	
63	181	140	
494	242	122	
737	566	557	
Most likely scenario
475	363	455	
352	308	337	
157	197	216	
544	173	243	
554	283	955	
298	109	291	
1322	932	1124	
846	689	515	
514	705	1095	
316	104	248	
431	1311	398	
309	586	497	
996	891	1062	
318	295	448	
222	354	621	
333	358	269	
573	1009	786	
447	493	325	
443	1197	876	
811	1120	950	
440	373	493	
328	448	277	
1269	452	1196	
1176	536	903	
821	602	429	
179	191	274	
666	1326	525	
770	614	904	
163	369	374	
553	772	676	
166	165	219	
347	244	200	
84	218	205	
619	452	704	
1305	1258	674	
228	461	218	
397	325	358	
555	581	595	
172	254	168	
231	758	564	
280	660	379	
530	585	793	
783	542	965	
763	1507	1275	
210	152	420	
353	402	279	
153	499	440	
225	180	216	
203	102	205	
258	313	309	
512	329	381	
1432	659	1364	
409	911	738	
1042	733	292	
1272	687	410	
1222	1257	1097	
112	167	271	
175	236	121	
397	531	1133	
623	342	817	
345	206	129	
474	396	453	
719	521	454	
812	695	226	
291	792	873	
288	411	378	
208	189	131	
563	757	921	
208	157	314	
975	463	1376	
234	380	587	
639	253	824	
571	229	397	
1503	499	1185	
793	211	514	
310	314	632	
431	730	714	
1038	367	625	
497	322	389	
767	1078	882	
759	370	437	
560	619	561	
433	452	213	
1294	655	1066	
381	1323	514	
442	168	441	
244	314	821	
729	767	708	
814	680	851	
260	150	219	
947	692	364	
307	740	333	
685	893	353	
1158	856	843	
283	319	504	
367	488	469	
728	309	810	
540	374	797	
702	716	263	
675	701	487	
916	946	837	
571	290	334	
1162	1298	707	
278	421	163	
527	505	239	
787	681	546	
395	1371	563	
700	400	365	
482	472	604	
399	297	297	
485	412	512	
563	1401	633	
280	268	259	
425	804	297	
935	344	383	
199	410	399	
294	136	206	
181	119	124	
249	437	252	
624	252	360	
569	552	212	
153	195	493	
88	145	165	
557	669	508	
347	332	610	
670	440	294	
758	723	572	
1322	443	597	
1240	824	1430	
712	573	449	
542	575	504	
619	299	474	
696	853	953	
354	497	178	
355	185	296	
642	373	712	
443	422	201	
289	623	751	
1321	1050	506	
75	134	57	
74	191	91	
344	594	290	
400	283	469	
1237	1427	818	
1152	1382	966	
776	560	585	
413	383	516	
122	207	187	
655	323	194	
1023	612	678	
The worst scenario
501	491	589	
467	315	427	
192	256	234	
717	257	349	
692	303	974	
438	110	322	
1527	1036	1669	
1222	977	732	
605	777	1510	
456	127	289	
540	1347	441	
367	800	634	
1142	984	1418	
409	356	597	
270	512	810	
368	398	279	
820	1191	924	
450	606	444	
511	1480	1246	
1027	1272	1397	
619	468	645	
437	465	344	
1727	453	1218	
1471	747	965	
933	631	588	
211	218	331	
726	1866	691	
951	807	937	
166	469	518	
825	986	841	
192	240	281	
420	360	243	
85	278	220	
776	630	957	
1373	1705	891	
315	691	254	
562	425	514	
707	669	636	
181	295	190	
341	1053	647	
294	782	554	
729	587	1046	
1123	559	1069	
983	1610	1658	
291	157	477	
412	579	281	
175	593	451	
314	247	318	
223	129	301	
372	354	425	
648	382	389	
1858	884	1639	
465	1069	1007	
1462	853	309	
1615	927	451	
1699	1493	1122	
119	239	288	
249	319	133	
542	604	1424	
839	402	1040	
468	267	191	
704	478	538	
972	605	463	
1210	839	300	
425	1108	1026	
306	528	420	
311	201	175	
629	807	1177	
253	158	368	
1262	547	1492	
310	394	703	
896	311	884	
695	286	537	
1946	540	1302	
1130	237	642	
383	389	834	
546	1066	883	
1356	537	680	
715	360	553	
1113	1172	1168	
805	442	459	
724	671	658	
458	509	246	
1397	657	1085	
487	1567	626	
522	250	534	
356	434	887	
814	1042	806	
1210	684	1056	
277	217	259	
1122	812	468	
363	780	441	
786	1335	398	
1552	1259	1154	
420	345	565	
389	524	638	
953	411	1127	
628	378	1104	
1003	1055	382	
825	853	494	
1013	1380	1178	
773	296	369	
1701	1338	975	
321	497	170	
646	675	247	
910	805	554	
452	2015	778	
1036	589	505	
695	643	798	
492	399	367	
694	443	678	
661	1491	661	
344	354	329	
500	876	325	
1143	437	567	
289	540	536	
429	168	271	
244	165	169	
318	637	301	
918	358	483	
830	558	225	
215	213	688	
100	153	207	
706	989	616	
361	368	789	
895	612	406	
919	1059	660	
1823	565	881	
1851	1035	1870	
770	598	499	
781	763	702	
890	418	662	
805	1085	1196	
404	638	191	
394	221	323	
717	384	838	
650	564	301	
327	625	1050	
1837	1179	511	
81	167	76	
104	268	115	
377	868	314	
565	349	566	
1713	1504	1002	
1520	2063	986	
938	596	649	
601	493	637	
144	208	269	
821	405	218	
1260	647	805	
