Factories	7	Jobs	50	Machines	3

Total number of component types per job processed by HSPM
5	7	7	10	5	8	10	11	10	11	6	10	8	11	5	5	10	7	8	7	10	12	12	12	7	10	11	7	7	10	7	9	5	6	7	5	12	9	11	10	5	8	10	9	5	9	7	7	11	11	

Total number of component types per job processed by MFPM
5	5	3	2	2	4	2	3	1	3	1	3	5	3	5	2	5	1	2	4	4	3	2	3	3	3	3	2	3	4	4	3	4	1	4	5	1	4	3	2	1	1	4	1	2	4	4	4	3	1	4	2	3	3	2	4	5	2	5	4	4	3	2	4	3	2	1	4	4	3	5	3	3	3	5	1	4	5	4	3	1	1	5	3	3	4	4	3	1	4	1	2	5	5	4	1	1	3	3	1	

All component type numbers for each job to be processed by HSPM
7	54	0	66	14	2	18	31	19	68	
15	2	19	6	7	12	3	20	5	47	8	19	16	48	
13	48	4	16	14	47	5	55	6	74	9	34	3	31	
18	30	5	53	19	29	13	46	2	23	4	52	17	41	16	15	11	75	7	44	
5	75	4	21	0	67	8	72	2	31	
8	10	13	69	19	26	15	6	17	56	14	43	9	62	18	27	
8	47	12	23	3	4	11	22	0	50	9	69	17	19	18	37	6	42	2	46	
5	68	4	32	3	33	15	59	0	65	18	3	8	43	1	16	11	35	12	60	7	44	
3	57	4	50	19	52	2	63	13	38	5	41	6	20	14	70	12	19	11	67	
8	25	15	26	17	62	19	42	9	34	6	72	14	6	4	49	16	8	11	13	0	56	
14	12	7	38	4	40	16	27	11	36	19	48	
8	34	19	16	12	54	16	71	17	67	2	35	13	12	9	20	14	41	7	49	
16	27	2	2	18	3	19	32	8	15	13	18	4	30	7	8	
7	42	8	59	3	26	19	16	6	10	1	13	2	6	9	23	15	57	18	30	11	55	
8	19	15	32	4	28	6	55	9	2	
12	65	18	10	2	74	15	25	6	52	
4	44	14	9	7	61	0	42	9	8	13	63	1	68	10	73	8	24	18	19	
8	26	5	1	6	73	14	12	16	24	3	46	10	72	
8	54	10	19	12	60	9	16	7	56	16	59	6	68	11	39	
3	48	2	29	6	37	14	5	4	66	15	59	0	7	
3	74	6	66	18	28	13	22	0	45	17	40	10	50	9	25	12	32	14	48	
4	11	16	47	7	18	6	10	13	45	8	38	10	46	9	42	2	57	19	68	5	33	15	56	
10	75	19	64	12	52	14	36	6	68	2	71	11	8	5	26	13	54	18	4	16	3	7	66	
17	75	19	74	10	27	16	32	5	4	8	26	18	60	3	36	12	45	14	58	6	53	2	3	
13	1	17	23	3	27	8	26	15	13	2	47	6	22	
10	58	9	54	18	33	11	53	1	10	17	44	14	36	19	19	2	66	7	8	
8	28	0	7	9	66	14	41	2	27	7	39	12	36	13	2	10	46	16	9	18	45	
2	62	10	56	11	5	15	71	6	44	1	3	9	50	
18	65	4	9	5	30	10	18	11	37	6	24	0	26	
9	20	6	66	18	4	4	75	1	45	2	24	19	1	14	50	7	7	8	34	
0	26	13	36	12	16	2	3	14	43	1	46	16	35	
1	43	19	74	11	30	12	18	15	24	0	48	14	72	9	31	16	26	
19	53	5	23	6	52	8	22	10	2	
19	59	14	14	5	19	8	3	9	75	13	63	
17	75	10	50	11	46	19	35	4	72	7	58	9	65	
9	26	14	47	0	64	1	19	4	29	
12	13	15	32	18	31	1	60	5	42	8	36	10	50	14	37	7	24	19	3	9	27	0	58	
0	62	16	28	2	21	3	36	9	9	12	61	5	2	15	17	11	50	
6	54	12	72	18	32	1	69	17	31	13	61	11	43	4	34	8	5	3	59	5	7	
9	71	12	4	5	2	13	5	7	55	17	42	10	68	6	14	11	6	4	13	
16	69	4	29	10	64	7	68	12	50	
16	70	17	58	15	46	1	26	10	15	0	22	9	60	3	24	
14	12	11	62	5	61	2	74	0	49	12	23	19	42	9	29	4	38	15	72	
2	3	14	27	5	31	8	1	15	65	6	39	7	64	10	69	3	66	
13	45	18	19	15	49	8	53	1	17	
16	25	11	11	5	37	14	34	10	33	4	5	19	17	15	35	2	8	
2	43	5	25	15	38	3	26	4	60	8	70	9	29	
17	38	8	70	11	72	5	63	6	37	12	40	15	17	
10	74	11	42	7	14	17	23	19	44	15	5	8	55	12	66	5	11	3	67	14	18	
13	20	9	56	16	21	11	18	0	19	8	30	10	46	17	62	12	23	18	66	6	8	

All component type numbers for each job to be processed by MFPM
8	22	0	7	3	4	9	20	5	12	
5	28	0	49	3	46	8	39	6	47	
1	6	9	15	0	13	
5	39	3	41	
9	22	2	15	
5	27	7	38	2	34	4	41	
4	17	1	2	
1	29	7	37	5	30	
9	17	
4	28	0	26	3	37	
2	16	
9	50	7	32	0	39	
2	16	4	17	5	14	7	24	0	13	
1	50	9	45	6	31	
7	11	4	4	5	9	9	14	1	5	
6	38	4	42	
5	9	1	13	8	7	9	18	4	10	
8	48	
7	24	4	10	
1	39	5	35	9	31	7	43	
1	8	9	3	0	17	2	24	
7	29	9	38	2	47	
3	16	4	17	
2	49	1	35	4	30	
1	4	6	7	3	3	
7	34	0	32	3	44	
2	14	0	24	9	4	
3	37	1	31	
5	7	6	24	0	13	
2	40	6	26	3	31	7	48	
3	11	0	7	1	25	4	21	
9	40	7	28	1	31	
8	16	1	21	4	6	7	19	
8	48	
3	16	4	1	8	4	7	7	
3	43	1	37	8	31	7	48	9	38	
5	15	
7	29	1	38	9	49	2	40	
5	11	7	7	4	25	
2	47	0	34	
3	20	
5	43	
7	25	4	22	6	16	3	6	
6	49	
9	1	3	18	
4	33	7	36	3	48	6	29	
0	4	8	19	9	13	2	9	
3	40	6	43	4	35	5	38	
2	6	4	17	5	13	
5	27	
4	14	3	25	8	2	0	9	
3	41	5	29	
2	10	7	5	6	9	
7	44	0	30	9	32	
5	9	0	6	
2	47	9	28	1	49	6	43	
3	5	8	17	1	3	2	18	4	2	
8	33	0	42	
3	9	8	12	9	11	6	7	2	10	
9	36	0	26	7	49	3	50	
0	5	4	20	7	23	8	12	
2	26	8	32	4	48	
8	4	2	23	
4	45	7	37	5	50	6	40	
8	4	6	19	5	22	
8	36	0	46	
8	23	
2	27	8	28	4	50	6	38	
2	13	6	25	8	5	1	9	
9	38	0	31	6	37	
9	21	5	15	2	1	7	8	0	4	
0	30	1	46	7	32	
6	21	3	7	9	6	
0	40	1	35	2	46	
9	24	6	11	4	5	5	21	2	17	
7	49	
7	4	9	16	2	3	6	22	
2	43	3	33	6	30	5	42	0	44	
3	9	9	11	5	22	0	13	
5	27	6	37	9	36	
4	17	
3	42	
6	24	2	13	4	6	9	11	0	23	
1	50	2	44	0	28	
9	14	5	7	8	17	
8	28	0	31	4	39	9	33	
7	18	0	5	3	2	8	23	
0	32	5	37	1	42	
2	17	
1	39	3	49	7	35	6	31	
3	24	
1	39	7	48	
7	3	4	10	0	13	8	1	6	7	
2	32	0	42	6	26	5	35	1	41	
1	12	3	13	9	21	2	14	
6	27	
7	22	
9	26	1	42	6	31	
2	5	0	10	7	13	
3	30	

Three processing times per job on each machine
The best scenario
150	257	297	
42	60	14	
77	218	151	
192	172	240	
182	261	164	
47	20	9	
103	132	131	
59	87	98	
46	30	10	
113	153	120	
62	60	63	
140	419	213	
127	166	120	
318	297	118	
218	96	242	
114	188	144	
196	148	211	
181	60	122	
249	102	165	
234	410	161	
163	35	146	
301	294	169	
54	35	52	
179	504	265	
159	130	204	
329	103	197	
74	216	379	
92	185	359	
150	228	87	
152	256	480	
84	95	327	
81	52	176	
21	55	31	
95	68	58	
21	36	19	
328	328	328	
289	287	143	
87	164	203	
222	215	229	
316	340	240	
275	278	264	
64	47	84	
73	69	66	
36	42	23	
42	84	65	
77	66	89	
260	204	72	
166	326	105	
147	157	253	
164	289	159	
Most likely scenario
279	331	490	
62	70	26	
120	337	260	
281	309	243	
189	368	268	
55	39	15	
152	207	222	
99	120	125	
57	35	20	
200	166	145	
100	73	105	
149	516	354	
141	171	181	
605	399	209	
375	149	334	
180	193	187	
203	285	289	
353	101	131	
315	187	257	
354	532	162	
176	55	197	
433	311	264	
81	66	60	
224	563	506	
287	201	256	
388	184	205	
147	236	416	
127	212	456	
229	361	136	
287	287	496	
113	105	421	
105	54	179	
36	80	40	
139	99	67	
32	49	32	
426	479	458	
378	321	245	
93	175	240	
281	262	335	
543	562	368	
391	365	499	
90	53	91	
122	82	123	
45	62	39	
48	136	122	
136	117	160	
336	391	130	
217	371	123	
215	205	268	
322	378	293	
The worst scenario
315	355	677	
80	82	27	
178	455	307	
317	367	319	
193	399	386	
65	58	20	
163	280	306	
121	175	129	
58	42	22	
293	184	182	
129	76	114	
189	610	531	
153	226	252	
772	417	304	
402	203	419	
243	256	279	
217	371	360	
465	113	156	
334	250	294	
391	648	164	
230	57	277	
454	390	289	
89	98	62	
230	600	662	
307	224	295	
444	224	267	
186	248	608	
178	315	681	
291	382	200	
383	315	742	
117	134	524	
136	67	210	
39	93	55	
202	122	99	
48	69	35	
637	484	673	
418	423	366	
128	260	317	
409	391	453	
698	786	437	
475	522	504	
122	77	108	
168	116	129	
51	73	55	
53	159	173	
175	139	199	
375	541	145	
242	508	145	
316	302	292	
418	463	352	
