Factories	3	Jobs	100	Machines	2

Total number of component types per job processed by HSPM
10	12	7	7	10	6	5	9	6	5	9	5	8	10	12	10	7	10	9	5	12	9	11	8	5	6	8	7	7	5	12	12	9	9	8	6	7	8	5	6	12	12	12	10	12	6	7	5	9	6	5	6	12	8	10	8	6	9	5	10	8	11	7	8	8	6	8	10	12	7	12	12	12	5	6	6	11	9	12	12	6	6	11	8	9	10	12	6	6	11	7	9	7	5	7	12	6	11	7	12	

Total number of component types per job processed by MFPM
1	4	2	4	5	1	5	2	4	3	4	4	4	2	3	5	2	1	3	5	4	3	4	2	2	2	1	5	4	1	1	2	1	5	3	5	5	1	4	4	1	1	2	5	4	2	1	1	1	2	5	2	5	2	2	2	4	2	4	5	4	1	5	1	3	2	3	4	3	3	4	3	5	5	1	2	1	3	2	4	4	2	4	1	1	4	2	1	4	2	5	1	3	5	2	5	5	1	5	3	

All component type numbers for each job to be processed by HSPM
15	32	2	40	13	18	9	20	8	42	4	51	7	61	5	4	10	73	16	23	
9	37	5	38	19	59	2	27	16	47	1	21	6	1	17	53	14	65	8	74	12	8	11	33	
10	21	3	64	13	7	14	46	7	48	1	38	2	17	
9	28	4	53	2	6	13	69	12	73	6	55	0	72	
9	72	0	57	18	73	8	50	14	68	2	5	11	9	17	18	12	75	5	11	
7	57	5	16	12	50	15	30	11	26	16	48	
2	35	15	75	17	14	12	54	9	24	
6	13	9	55	19	74	0	34	3	42	8	16	4	7	5	68	14	12	
1	25	0	42	14	49	16	23	8	28	6	43	
2	11	17	53	15	67	13	74	19	49	
17	66	18	37	1	73	14	36	2	8	6	34	7	1	12	38	15	30	
15	11	12	18	6	23	10	74	2	3	
14	23	4	54	12	71	11	7	13	3	3	22	8	56	7	24	
8	46	10	21	5	10	17	2	9	7	11	28	13	18	19	70	16	17	4	54	
14	57	0	75	3	13	9	40	19	69	16	3	2	59	6	62	13	55	15	34	18	31	7	39	
12	66	4	59	5	15	0	60	17	23	15	68	14	19	10	65	2	34	6	46	
3	50	12	48	16	60	19	21	14	30	18	39	7	15	
13	69	19	18	14	7	9	43	12	11	16	32	7	71	1	47	10	67	15	8	
15	56	11	17	3	5	2	42	13	23	6	21	8	67	12	72	16	41	
14	53	7	52	10	49	17	51	8	40	
7	49	19	16	13	30	0	4	3	71	16	20	14	17	12	63	4	72	15	29	6	42	2	21	
4	51	12	1	0	38	14	46	7	9	11	36	8	35	10	57	19	72	
5	74	6	75	8	1	17	17	18	14	12	23	16	3	15	66	10	50	19	71	7	11	
8	39	14	28	10	53	19	61	7	40	2	70	16	29	9	5	
11	75	8	66	19	3	0	73	1	37	
11	13	15	3	8	70	13	35	3	4	14	64	
19	38	10	60	11	50	2	75	14	47	9	31	3	43	18	42	
2	10	7	41	5	12	19	31	10	62	14	53	16	27	
12	56	5	72	7	34	6	63	18	74	17	6	3	40	
16	72	1	52	14	66	2	58	0	43	
8	1	17	60	2	33	15	64	12	9	4	19	9	52	0	35	3	61	7	17	14	29	16	39	
1	69	13	5	19	34	2	42	12	38	0	26	11	39	6	7	16	75	14	23	4	36	5	67	
3	69	6	72	0	12	18	36	16	14	4	18	11	42	7	10	19	37	
9	26	13	12	1	57	10	37	12	5	14	65	15	60	2	44	5	45	
10	70	4	52	12	4	2	46	3	20	15	24	9	68	18	31	
2	12	7	34	9	73	18	17	1	20	8	11	
0	42	11	37	14	4	7	14	8	9	5	43	16	48	
1	14	18	33	12	37	8	8	13	21	2	30	19	12	10	5	
5	45	8	75	18	65	14	51	17	16	
12	59	6	60	18	43	9	17	17	44	14	21	
4	56	7	44	9	8	2	41	14	45	13	5	17	29	18	65	11	27	3	32	19	40	0	68	
10	61	4	5	6	39	16	14	14	37	17	44	2	21	9	55	12	17	13	63	15	1	3	52	
3	22	12	41	9	64	15	66	10	35	2	53	6	60	7	47	8	24	0	45	19	44	18	7	
10	59	17	70	2	21	0	50	9	36	13	1	11	7	16	34	14	14	8	66	
9	14	17	53	14	48	6	61	13	15	19	30	15	37	7	49	10	69	12	74	4	9	0	39	
7	1	18	53	8	73	16	56	11	49	4	16	
4	53	8	9	10	41	2	18	9	13	5	30	19	42	
15	73	11	41	4	52	1	40	3	72	
8	14	2	23	7	66	16	34	9	17	19	67	3	53	17	4	15	37	
1	9	6	30	17	18	15	19	2	37	11	10	
12	12	9	34	14	74	13	5	19	47	
18	7	19	71	0	34	2	8	6	43	15	26	
8	46	5	48	15	26	9	62	18	44	17	10	10	7	11	68	0	17	6	64	13	15	12	69	
7	6	15	5	12	46	19	1	8	16	3	58	10	61	0	48	
8	19	7	56	19	59	9	11	0	2	1	50	12	69	10	24	17	39	13	5	
17	23	1	52	16	11	3	50	5	49	9	57	8	74	18	53	
4	31	5	24	19	61	8	19	16	28	14	18	
18	9	5	52	9	34	4	65	14	27	19	74	8	54	1	33	10	66	
15	51	14	74	12	22	5	35	1	55	
2	23	6	69	17	30	19	13	1	60	15	2	3	31	7	43	10	1	18	12	
12	64	8	42	2	16	1	50	0	49	3	24	9	59	13	48	
11	28	17	43	3	20	5	38	12	37	18	4	19	2	0	46	16	14	4	13	2	62	
18	43	5	39	16	9	7	58	19	48	9	74	13	59	
14	74	12	32	4	5	19	67	18	61	17	10	8	59	13	21	
8	33	16	21	2	26	15	50	7	18	6	73	4	45	18	44	
6	74	2	3	18	13	7	41	10	51	15	47	
4	66	19	1	11	9	5	8	15	35	18	28	8	29	6	54	
12	57	9	50	4	11	6	4	13	47	15	71	11	16	8	55	19	65	0	3	
5	25	1	37	8	34	2	55	7	70	6	56	17	4	15	30	14	18	13	29	4	57	0	3	
18	13	5	26	0	53	15	62	10	27	14	20	7	56	
9	36	15	61	8	38	2	43	5	22	17	37	4	8	14	53	6	50	19	32	7	11	1	41	
2	37	8	74	17	41	5	24	1	22	18	27	13	34	0	9	10	13	9	62	6	4	3	31	
16	53	6	37	15	64	12	71	13	50	4	57	3	56	19	9	0	12	18	67	11	66	17	65	
9	60	6	29	18	4	10	62	15	23	
14	10	12	17	17	39	6	46	16	8	0	63	
11	48	15	50	0	54	7	3	13	72	17	46	
15	73	17	19	9	41	13	56	19	22	14	20	5	67	8	71	0	25	6	1	12	42	
9	47	15	34	12	21	5	38	4	57	1	44	3	18	0	67	2	49	
18	44	3	59	9	42	1	15	14	48	4	72	19	22	16	18	12	13	17	20	2	64	6	2	
6	68	15	8	1	62	19	17	14	73	0	14	7	60	13	26	17	44	11	39	3	12	9	42	
17	63	2	44	9	24	19	36	3	14	10	53	
8	25	3	40	16	20	15	75	0	47	1	49	
15	66	10	20	19	25	8	16	5	15	0	58	17	69	2	57	1	41	14	45	3	5	
1	59	2	60	13	43	9	37	19	50	6	62	11	28	16	24	
19	66	3	45	14	59	9	65	13	58	2	18	11	56	7	9	6	61	
8	7	4	2	6	41	16	66	7	61	13	72	3	45	18	31	2	42	5	11	
3	59	9	25	5	42	1	52	15	21	10	8	7	61	8	43	18	26	12	23	4	6	17	34	
0	63	15	59	12	54	3	57	16	49	10	75	
8	33	12	45	18	29	9	35	10	38	11	59	
14	33	16	5	8	43	12	65	13	71	0	29	2	32	4	10	18	70	3	35	1	60	
14	42	0	10	13	17	11	67	18	6	7	58	12	30	
2	2	17	14	1	70	16	4	19	43	11	24	9	16	3	41	8	26	
8	58	11	13	1	35	0	37	17	22	9	7	15	39	
9	2	10	1	8	31	17	3	18	35	
12	7	4	6	8	49	9	25	19	1	13	43	11	35	
9	16	2	64	4	30	18	65	19	13	12	3	17	45	11	61	3	5	7	62	13	15	1	70	
1	49	3	53	18	18	15	25	16	62	19	36	
13	21	2	48	7	8	5	67	3	60	17	4	16	13	6	41	1	5	14	36	12	37	
7	66	14	73	17	30	10	32	18	49	1	19	5	8	
6	70	7	53	11	15	18	38	15	14	5	51	14	60	17	73	9	64	2	37	16	75	12	23	

All component type numbers for each job to be processed by MFPM
4	19	
0	4	2	6	1	20	8	16	
6	21	3	7	
5	2	6	6	8	15	3	7	
8	3	6	25	5	21	0	12	1	17	
3	21	
5	4	4	8	0	3	2	11	1	2	
5	10	3	7	
1	5	6	23	4	1	8	25	
3	7	4	18	5	4	
5	23	0	25	6	14	8	16	
5	1	8	2	0	25	7	6	
9	3	1	18	0	23	8	24	
5	1	2	14	
5	12	3	20	4	21	
6	19	2	11	8	16	7	10	9	5	
9	5	0	21	
1	11	
1	21	5	3	3	22	
0	25	6	5	1	12	5	3	4	22	
5	1	7	2	3	14	1	17	
0	8	3	19	9	15	
5	5	4	14	2	1	9	2	
7	18	0	5	
4	13	9	25	
2	19	8	4	
6	9	
9	23	7	16	3	11	2	7	8	13	
9	13	0	14	7	10	2	5	
2	20	
4	25	
8	1	1	18	
2	15	
1	17	3	18	2	3	9	4	0	12	
6	23	0	20	2	8	
5	8	4	1	9	20	7	2	6	16	
0	16	2	20	9	18	5	13	1	4	
4	7	
3	23	1	10	2	14	7	22	
7	7	1	3	0	11	3	8	
0	24	
1	4	
8	19	6	23	
7	14	5	24	9	18	6	6	0	9	
8	23	4	17	1	3	9	10	
8	8	3	7	
1	13	
4	1	
2	21	
5	20	6	9	
6	9	9	16	4	22	8	19	2	18	
2	19	4	23	
2	1	1	8	8	22	9	7	7	23	
4	18	6	22	
1	8	3	17	
3	12	5	15	
5	13	9	6	7	9	2	16	
6	5	0	1	
1	6	9	11	7	22	8	13	
6	23	2	16	0	21	4	5	3	13	
6	4	3	25	0	5	2	24	
7	21	
7	12	0	17	6	8	1	15	5	4	
2	17	
4	13	8	22	9	7	
1	10	4	20	
3	20	6	25	7	18	
9	16	5	10	8	12	3	3	
9	8	8	21	4	15	
1	21	0	18	6	2	
9	10	3	11	8	21	2	25	
6	18	0	21	8	1	
1	1	7	19	0	2	9	14	2	6	
5	9	4	12	6	1	8	4	2	11	
2	1	
8	9	2	7	
9	2	
3	24	5	2	7	18	
2	7	0	20	
1	20	2	19	5	17	3	15	
1	4	0	1	2	24	9	3	
5	14	6	6	
0	7	5	4	4	17	2	21	
0	16	
9	10	
9	10	8	5	0	19	2	8	
1	17	6	5	
1	25	
1	11	0	18	7	5	4	6	
6	7	8	22	
2	13	0	17	7	12	3	11	1	8	
6	23	
9	6	4	14	0	15	
7	21	4	16	8	20	2	25	1	13	
9	1	1	4	
3	6	2	11	0	18	5	25	7	5	
0	6	9	11	1	21	3	14	4	9	
8	18	
3	17	9	12	0	13	6	6	8	10	
8	21	7	10	3	25	

Three processing times per job on each machine
The best scenario
57	108	
332	620	
628	226	
402	535	
189	441	
136	84	
307	107	
311	461	
162	528	
303	774	
226	350	
1075	1022	
392	296	
540	519	
696	254	
158	280	
623	358	
348	94	
61	176	
230	397	
802	230	
477	357	
138	196	
116	150	
539	494	
759	131	
130	50	
578	754	
336	281	
198	226	
555	579	
386	220	
709	450	
761	629	
75	134	
268	89	
329	291	
769	328	
821	284	
255	129	
627	302	
752	1101	
355	950	
476	230	
513	796	
242	203	
678	196	
324	471	
815	688	
130	145	
96	101	
527	928	
413	230	
215	350	
224	124	
448	598	
235	852	
332	453	
132	276	
368	805	
372	288	
673	554	
318	344	
380	189	
297	389	
212	290	
326	194	
500	629	
676	993	
316	799	
512	373	
88	369	
117	105	
450	597	
614	490	
585	389	
487	465	
388	147	
144	90	
569	235	
109	76	
163	250	
178	77	
390	613	
493	446	
111	141	
740	481	
335	625	
385	649	
92	97	
118	463	
118	287	
230	324	
197	264	
100	180	
282	321	
111	63	
204	84	
639	675	
321	591	
Most likely scenario
72	133	
552	759	
754	341	
462	560	
360	635	
172	140	
308	119	
383	716	
294	635	
504	997	
431	409	
1283	1298	
737	574	
566	823	
915	396	
173	300	
765	576	
377	118	
83	230	
279	505	
890	366	
635	519	
240	248	
190	203	
653	547	
818	223	
194	75	
778	783	
356	376	
222	234	
709	816	
430	241	
710	685	
839	702	
117	145	
535	159	
355	317	
784	572	
858	504	
357	177	
793	398	
793	1106	
418	1381	
521	365	
774	1367	
437	319	
899	384	
440	685	
1126	1247	
225	222	
114	190	
639	1301	
512	374	
325	485	
427	240	
464	731	
339	1059	
399	495	
177	550	
424	929	
457	380	
754	1037	
542	415	
449	280	
390	525	
272	334	
600	272	
826	869	
817	1079	
343	1278	
573	537	
139	371	
166	207	
692	1143	
848	512	
911	549	
650	852	
431	207	
153	93	
1049	418	
160	147	
215	289	
205	137	
626	793	
575	522	
131	164	
1355	544	
566	763	
565	709	
111	144	
214	523	
166	336	
234	385	
369	456	
136	275	
546	524	
162	78	
222	96	
813	869	
368	666	
The worst scenario
84	147	
620	956	
959	347	
537	615	
534	695	
207	194	
450	128	
470	1010	
374	678	
641	1182	
519	597	
1905	1716	
1048	599	
734	1195	
933	497	
208	338	
889	678	
561	144	
111	253	
336	509	
1013	390	
830	691	
270	285	
225	230	
881	620	
938	256	
250	85	
1075	987	
500	516	
226	291	
719	1197	
442	275	
973	817	
1151	959	
165	187	
650	200	
386	424	
1057	790	
1053	751	
459	201	
1165	536	
1024	1560	
466	1555	
629	404	
1045	1780	
490	471	
1016	414	
444	827	
1270	1512	
253	307	
165	196	
790	1784	
682	464	
378	552	
478	325	
555	777	
419	1112	
421	706	
243	642	
550	1167	
481	454	
979	1295	
799	423	
599	301	
530	663	
328	363	
787	283	
843	1182	
879	1344	
479	1464	
579	608	
156	464	
208	251	
921	1597	
972	682	
1280	571	
806	1121	
624	216	
192	100	
1446	589	
192	187	
262	302	
222	203	
784	880	
850	762	
193	187	
1484	574	
786	1122	
663	990	
126	199	
259	601	
204	423	
312	462	
547	531	
187	412	
586	702	
241	92	
291	119	
1010	1182	
392	690	
