Factories	4	Jobs	200	Machines	2

Total number of component types per job processed by HSPM
10	11	6	12	11	11	10	8	6	12	6	7	9	7	11	12	5	5	10	7	8	5	12	11	8	10	8	9	9	8	8	6	8	8	5	11	9	10	5	11	6	10	10	11	9	6	12	5	5	7	9	5	7	7	12	8	10	10	12	9	12	8	7	6	11	9	7	11	12	10	11	5	5	7	9	9	9	9	11	6	12	10	7	8	8	7	11	7	7	6	9	8	9	7	7	10	9	8	11	11	11	11	5	12	9	11	5	11	7	7	6	7	11	6	11	9	9	12	10	9	5	12	6	6	10	6	9	10	11	10	9	6	8	6	10	10	11	5	5	7	12	9	7	8	10	10	5	6	10	7	7	12	5	12	11	11	5	5	11	7	8	10	9	9	9	11	10	5	11	6	9	7	7	6	6	10	8	7	6	9	5	8	12	10	7	7	8	7	11	11	8	7	10	6	12	5	7	9	6	7	

Total number of component types per job processed by MFPM
3	3	2	4	5	2	4	3	2	4	2	2	3	5	4	3	5	3	2	5	5	2	4	1	5	4	2	4	5	4	5	3	1	5	2	4	4	5	2	3	3	5	4	5	4	1	1	2	1	4	5	1	4	4	1	1	4	2	2	4	5	3	4	2	1	1	3	2	2	2	1	1	1	3	3	3	5	4	5	4	5	4	2	5	1	1	1	1	2	2	1	5	4	3	1	3	1	2	5	4	3	5	1	5	2	5	5	1	4	2	4	4	4	2	4	1	2	3	3	1	3	5	2	5	2	1	5	2	3	5	1	1	3	1	2	4	5	1	1	3	1	3	1	2	2	4	1	4	5	1	2	3	5	3	5	3	1	1	5	2	4	5	5	3	1	5	4	3	2	1	4	4	1	4	3	4	3	5	5	1	2	1	2	4	4	3	3	5	5	3	2	3	1	2	2	1	1	2	4	5	

All component type numbers for each job to be processed by HSPM
2	42	12	12	6	65	1	73	3	9	16	17	18	51	7	30	14	1	9	64	
19	67	11	56	4	41	16	47	2	54	7	6	13	31	15	66	5	71	14	40	9	14	
0	62	10	18	6	32	14	11	4	3	5	58	
15	31	17	45	6	27	18	11	12	25	4	65	14	7	3	73	1	58	11	49	0	47	9	30	
1	31	19	33	4	25	14	64	16	12	9	62	10	34	2	71	5	47	7	19	13	49	
11	6	9	35	15	47	6	10	14	15	16	1	3	56	4	68	19	3	10	40	17	21	
4	35	19	37	14	53	17	13	5	28	11	59	15	73	9	2	8	69	1	58	
17	34	10	28	2	26	7	16	3	45	4	57	18	67	12	27	
5	26	2	46	13	32	4	43	0	45	12	19	
16	45	6	52	7	55	14	39	0	41	5	33	17	51	15	66	1	46	9	28	4	60	18	7	
18	26	15	66	1	54	11	47	10	13	13	43	
18	52	12	28	13	4	1	72	10	51	6	8	14	70	
13	16	18	62	12	49	5	37	17	33	15	12	19	43	0	52	6	24	
14	61	1	6	18	26	6	3	8	27	15	22	10	52	
19	50	17	10	1	11	16	12	15	66	11	17	4	7	6	56	3	9	12	16	7	28	
5	50	18	33	16	30	10	9	8	20	4	55	6	13	17	47	14	56	12	49	0	15	3	60	
10	53	17	67	1	47	8	64	3	15	
7	63	16	29	5	31	19	28	11	6	
18	15	5	30	0	70	12	59	19	44	13	75	4	28	8	49	17	18	16	38	
16	18	0	2	3	9	19	40	18	56	4	45	5	63	
16	27	3	51	18	73	6	36	8	52	15	11	4	61	2	67	
0	32	11	19	2	28	8	74	6	50	
16	30	18	25	6	38	9	57	7	7	4	11	5	28	19	44	8	5	1	65	10	75	17	15	
0	45	5	69	11	74	14	62	16	25	19	61	3	40	9	17	17	75	8	10	12	8	
5	63	8	22	6	41	19	48	9	23	10	24	0	17	18	14	
3	44	16	64	13	42	8	65	0	28	7	30	6	60	4	69	9	1	5	51	
2	31	15	33	9	9	3	43	0	7	5	5	18	55	7	10	
6	38	9	27	19	8	18	31	11	51	2	14	4	16	14	41	7	53	
7	5	16	14	12	23	13	13	3	61	17	17	8	71	6	43	0	70	
10	6	0	63	13	65	2	12	4	68	12	60	14	17	6	62	
13	49	8	25	4	72	2	39	11	48	16	70	10	47	0	6	
1	66	5	41	19	73	4	63	18	31	11	30	
6	13	5	9	16	30	1	35	12	29	7	37	0	54	8	43	
10	40	11	4	4	33	12	60	14	43	16	3	8	8	2	75	
16	24	5	40	6	23	1	44	17	67	
1	32	9	45	16	67	11	9	14	62	2	42	18	48	6	34	13	26	19	50	5	54	
16	35	17	47	5	33	12	69	14	45	7	46	13	40	0	56	4	21	
13	45	10	49	19	74	14	2	16	26	1	16	4	25	18	57	2	46	0	71	
4	44	3	39	2	37	5	41	12	1	
15	48	6	70	19	18	5	74	3	46	18	25	7	55	12	3	8	32	14	7	17	57	
0	66	15	28	7	38	2	23	11	4	1	7	
3	18	9	31	19	67	14	16	16	20	6	5	8	21	10	44	13	66	1	8	
15	35	19	46	10	7	2	21	12	40	7	4	3	25	11	57	0	52	16	53	
2	15	18	63	6	38	16	3	4	12	8	31	1	60	17	22	12	11	15	46	9	27	
7	70	0	57	16	25	9	8	8	48	19	42	12	58	14	47	2	68	
10	59	17	24	7	11	4	34	12	61	0	15	
10	38	1	63	0	31	12	59	4	67	14	13	16	50	15	9	17	68	7	46	9	52	3	73	
2	20	12	28	17	36	15	54	13	49	
5	7	14	6	1	39	2	54	13	32	
17	58	13	62	15	42	1	2	7	60	10	45	19	20	
2	3	19	23	18	48	0	73	17	70	10	67	13	32	8	41	15	47	
16	68	7	35	5	55	14	32	4	54	
18	31	16	25	15	6	5	27	7	19	10	13	12	15	
5	25	0	12	4	41	18	18	16	15	10	26	12	47	
19	37	7	5	15	29	13	19	8	55	0	65	17	21	3	57	6	15	16	64	14	39	1	75	
1	15	7	37	9	58	0	40	14	44	10	64	3	1	12	41	
6	51	7	18	2	36	14	60	12	67	8	6	17	35	4	21	0	71	5	55	
9	35	1	67	17	2	3	48	2	58	8	18	15	3	12	33	11	62	19	50	
11	56	13	51	4	9	6	21	1	19	15	3	16	74	0	57	5	53	14	75	2	63	19	70	
5	54	1	8	15	66	17	6	11	1	10	60	9	46	18	73	14	62	
11	47	19	60	6	4	3	41	17	11	9	8	7	30	14	34	16	22	8	59	10	18	12	39	
11	31	9	22	0	9	6	37	17	60	2	61	1	28	15	65	
16	62	7	51	15	41	5	59	0	68	2	6	6	53	
17	47	2	14	5	15	0	62	6	74	3	18	
12	66	16	68	19	3	6	43	15	45	11	49	18	63	1	18	8	61	13	34	17	13	
13	40	16	33	4	47	0	41	6	51	12	43	19	71	5	8	17	16	
14	42	10	22	12	31	8	63	11	62	9	74	13	60	
8	55	0	75	18	47	14	74	12	11	5	30	11	6	6	33	16	17	3	49	15	26	
16	41	8	73	0	35	18	46	14	47	2	61	4	62	13	55	5	11	7	27	15	75	12	66	
4	32	14	36	11	54	7	14	1	60	8	37	16	3	6	56	19	2	13	34	
1	31	15	25	16	57	19	51	9	9	4	70	17	16	10	5	14	34	3	56	13	38	
3	26	0	42	16	11	8	38	13	71	
12	30	13	49	16	2	6	63	1	75	
2	24	14	32	4	6	18	21	0	72	8	29	17	19	
7	12	15	72	4	39	3	47	0	57	9	20	14	60	5	51	11	41	
11	39	15	9	4	67	16	42	2	70	19	47	1	7	18	69	13	58	
15	1	0	59	1	7	7	62	4	12	19	64	2	75	11	40	17	58	
16	47	2	8	18	33	17	10	10	13	5	31	12	6	15	23	6	53	
14	32	5	35	6	33	16	3	10	73	13	18	19	29	4	44	11	56	0	30	17	16	
17	46	18	25	14	50	4	66	16	51	1	29	
0	51	17	24	8	15	13	19	1	31	3	54	2	20	16	17	14	67	18	34	6	72	4	10	
8	56	18	60	15	54	19	74	4	48	14	66	0	5	13	36	10	72	16	37	
2	65	10	44	5	38	12	42	4	75	7	68	18	43	
10	3	5	70	6	25	19	52	14	19	3	1	15	6	2	23	
9	41	0	28	5	37	14	16	2	20	17	14	18	64	10	51	
15	5	13	64	12	55	10	52	18	33	19	53	16	32	
16	43	0	55	10	31	2	60	12	7	6	58	9	72	19	40	8	18	4	47	17	24	
7	15	0	47	5	23	17	17	2	41	4	63	3	28	
17	34	15	56	5	68	3	10	12	30	7	20	18	12	
18	56	2	72	16	33	12	1	15	63	1	14	
15	54	7	33	13	23	17	21	2	53	8	11	5	70	9	63	19	44	
17	22	1	40	5	48	13	60	16	16	4	63	2	72	7	55	
12	42	7	34	15	11	8	49	9	64	2	27	0	75	13	12	4	50	
4	29	17	12	11	15	18	46	9	45	12	1	7	39	
16	8	14	38	4	22	17	67	18	65	8	70	7	29	
10	56	18	24	16	2	14	54	5	29	15	45	1	73	7	14	8	62	3	40	
6	11	4	20	3	22	1	62	0	34	15	2	2	4	13	52	16	26	
18	13	8	2	6	61	4	15	16	73	2	28	17	21	11	51	
16	7	0	18	1	58	2	23	14	8	3	37	4	52	18	34	15	31	6	72	17	28	
4	45	12	16	14	59	2	75	18	10	9	54	3	2	11	33	10	71	8	4	17	13	
0	28	18	2	17	30	7	52	3	9	4	65	16	21	1	71	13	13	5	23	12	16	
0	49	11	53	15	68	6	21	10	13	14	29	13	61	8	24	17	7	12	54	2	28	
19	45	0	39	13	21	14	19	10	16	
14	40	2	72	16	22	6	68	11	48	4	42	12	73	9	16	15	36	17	23	19	12	0	64	
17	30	18	68	19	70	3	6	10	56	6	9	13	58	9	12	1	33	
3	36	16	22	18	29	2	7	1	44	5	34	15	26	11	31	6	68	17	32	13	12	
10	66	12	55	8	51	19	27	11	28	
3	21	9	41	5	55	11	48	0	61	7	38	19	63	10	57	8	29	6	60	17	2	
0	53	6	38	14	40	11	28	9	46	7	30	19	37	
10	3	12	14	17	15	2	74	16	45	15	35	18	32	
10	17	6	16	8	4	4	7	14	35	16	13	
17	47	14	37	18	19	19	43	9	40	4	24	0	1	
15	29	6	23	18	44	12	46	19	66	0	60	8	48	7	13	1	28	2	61	4	53	
8	30	0	40	17	24	2	21	10	56	3	17	
17	33	13	20	9	2	18	12	5	28	19	34	3	43	7	64	2	46	10	8	12	50	
2	18	17	21	4	11	12	13	14	12	3	48	18	31	6	56	5	44	
9	62	17	64	0	32	12	22	16	38	6	31	2	3	4	57	5	27	
19	26	0	53	15	30	8	43	5	60	12	3	9	15	7	6	18	64	3	55	13	44	6	16	
19	24	14	37	15	63	5	39	3	74	1	44	16	71	9	21	2	73	7	55	
16	70	6	30	5	27	4	7	11	53	10	22	0	25	9	57	2	15	
17	34	18	54	12	17	4	11	19	51	
0	38	19	7	15	45	12	21	5	63	17	26	2	62	4	67	10	32	16	37	8	12	7	22	
1	28	13	68	6	1	16	9	0	49	10	43	
9	40	19	39	18	65	14	36	10	6	13	25	
15	13	16	64	19	52	0	53	3	68	9	30	17	72	7	39	11	32	6	11	
4	75	15	63	17	54	7	42	13	65	1	16	
9	63	17	58	10	48	8	56	1	12	14	70	5	35	2	27	6	71	
6	3	12	50	13	68	3	45	4	34	7	6	10	15	0	22	15	31	9	20	
9	36	17	53	1	24	16	66	6	70	5	43	4	62	11	52	7	75	12	45	10	10	
0	32	17	29	8	49	14	54	15	53	19	17	2	69	3	75	16	26	18	51	
9	40	5	59	18	41	1	47	10	71	8	68	7	18	6	60	13	4	
1	55	6	74	15	17	14	25	8	61	10	3	
7	34	2	56	1	17	9	29	19	43	14	71	4	21	10	10	
15	18	1	49	16	20	13	66	4	73	11	8	
19	6	6	24	18	38	15	12	12	39	16	59	7	69	9	26	13	55	5	8	
14	71	11	20	15	15	4	60	16	62	3	42	19	49	6	23	1	24	10	52	
14	4	6	41	11	64	9	58	1	2	10	19	8	3	0	17	12	24	2	46	17	51	
7	26	0	68	13	1	16	40	1	22	
12	69	15	33	0	59	9	70	16	56	
7	54	2	32	13	34	3	18	5	6	0	52	10	11	
6	8	18	61	5	4	8	68	7	39	9	44	17	69	1	5	3	25	10	67	19	15	4	23	
12	60	3	68	5	57	4	25	6	58	18	50	10	46	9	53	1	47	
5	38	18	74	10	62	12	32	7	13	13	44	16	69	
13	17	12	47	17	12	19	72	18	53	3	44	6	7	2	4	
7	33	15	59	8	6	19	75	4	41	11	40	0	54	5	27	17	66	6	37	
10	49	17	74	2	1	3	28	15	13	19	60	9	45	8	39	18	38	5	14	
9	57	15	21	7	20	0	25	3	71	
18	66	14	59	15	15	9	68	13	10	3	53	
9	41	5	37	0	31	14	72	15	44	1	48	18	34	6	40	8	15	2	58	
17	68	18	34	9	22	7	21	5	75	15	46	10	31	
1	56	17	15	6	29	15	50	14	48	18	17	2	23	
10	52	12	75	6	56	7	54	17	30	2	59	18	57	8	45	13	10	11	17	3	3	9	26	
17	65	16	48	4	28	0	45	6	50	
2	26	14	23	1	63	12	46	5	70	13	50	0	64	11	31	18	44	7	33	8	1	4	62	
16	10	9	45	11	61	17	68	10	5	6	58	2	11	14	51	3	33	5	22	13	53	
16	63	1	32	9	18	2	59	17	3	6	9	0	40	8	16	5	57	13	24	14	67	
4	56	6	19	1	27	0	33	2	15	
1	74	0	64	3	4	17	73	14	32	
8	56	19	58	12	45	14	60	9	2	1	36	2	61	17	64	16	11	3	73	6	25	
19	19	5	15	11	50	12	21	2	64	7	7	0	30	
12	47	13	74	4	21	1	7	6	68	5	29	3	28	16	53	
1	41	4	67	16	12	13	8	6	56	0	60	15	65	9	53	19	68	5	73	
2	50	16	75	6	6	9	41	11	36	18	40	5	37	1	11	0	59	
10	72	17	11	9	10	4	33	8	39	1	7	2	71	18	58	7	61	
19	62	14	11	7	54	12	33	1	8	6	66	11	43	2	6	17	27	
8	53	19	67	7	68	18	66	6	63	1	46	2	21	10	59	12	75	3	72	0	17	
18	73	5	66	4	18	12	12	19	35	10	13	0	48	1	52	17	26	14	29	
7	7	4	21	14	8	12	5	6	14	
16	71	2	11	10	59	0	10	12	62	9	33	18	48	13	66	15	25	5	40	8	34	
18	54	16	69	6	41	2	67	8	52	7	75	
11	31	9	42	1	61	16	3	8	34	18	75	5	70	19	32	14	66	
16	42	8	7	2	67	13	74	12	13	5	62	3	1	
11	27	2	55	16	52	5	43	9	40	17	28	18	37	
10	47	4	24	15	6	9	68	13	48	14	58	
7	1	2	39	12	60	1	41	15	8	16	32	
9	40	16	51	19	23	13	28	7	21	6	75	4	33	14	37	10	38	12	52	
9	30	7	29	2	9	10	49	3	18	8	6	12	47	6	36	
10	38	4	63	17	39	7	7	1	31	8	30	6	60	
3	42	7	68	15	13	1	39	6	14	2	37	
7	50	16	12	13	22	19	27	15	9	11	41	0	66	4	73	6	43	
13	58	12	52	18	12	4	2	17	23	
14	16	4	48	8	57	10	8	5	70	3	64	15	2	7	42	
13	24	11	65	10	75	17	66	7	45	4	68	5	19	19	61	18	15	8	16	9	33	3	32	
12	7	13	6	0	35	3	51	2	44	5	21	10	23	7	39	15	53	6	70	
16	7	13	47	4	36	15	28	7	71	11	19	1	50	
11	69	8	39	17	13	4	50	0	10	1	20	9	17	
13	42	5	75	10	25	1	3	0	55	15	56	12	33	14	59	
7	57	2	15	6	7	16	60	5	16	14	25	8	19	
16	53	14	71	10	62	2	30	0	10	11	54	6	48	5	12	17	69	3	65	18	32	
19	61	9	40	10	1	2	22	18	70	8	57	4	52	6	62	11	18	16	54	14	50	
17	13	2	53	8	30	3	58	7	50	0	54	14	71	19	44	
11	3	7	49	12	33	9	53	0	14	1	26	5	28	
12	48	4	39	15	28	19	66	16	3	7	58	14	17	17	38	2	1	13	69	
2	55	10	27	3	56	15	47	7	16	12	54	
13	2	11	64	7	6	14	3	12	57	15	32	10	73	1	43	6	50	2	53	19	34	9	75	
6	67	18	33	14	53	16	61	17	14	
10	23	0	34	5	56	6	32	12	39	19	7	2	17	
9	61	10	9	15	37	16	8	2	14	17	24	13	73	6	71	12	53	
6	24	9	70	1	66	12	28	10	59	17	62	
18	35	19	44	8	51	9	53	12	74	16	36	3	9	

All component type numbers for each job to be processed by MFPM
0	12	9	13	2	14	
2	6	0	15	7	23	
0	20	9	3	
3	3	2	7	0	24	4	6	
8	21	4	23	0	12	1	16	6	11	
6	10	3	25	
9	15	0	16	2	19	8	23	
9	12	4	1	1	25	
1	15	0	24	
6	7	9	13	3	1	8	25	
0	23	9	13	
3	22	0	15	
7	1	6	11	3	2	
6	5	0	12	9	7	1	23	3	17	
8	18	3	21	6	12	1	8	
3	4	7	11	6	16	
0	15	3	18	5	9	9	24	6	6	
9	18	2	24	4	4	
5	16	1	6	
7	15	0	8	4	25	3	23	1	11	
2	4	1	7	0	1	7	17	8	6	
7	4	2	11	
3	23	0	19	5	7	4	13	
7	24	
0	1	6	13	4	7	1	4	3	24	
7	1	2	12	9	6	6	4	
7	2	2	3	
7	23	3	6	8	12	9	17	
9	16	8	6	3	1	2	19	4	8	
8	23	4	25	0	3	2	9	
0	1	3	18	7	22	9	2	4	16	
5	15	2	18	7	9	
0	13	
5	22	2	16	4	9	0	4	7	21	
6	11	1	1	
9	15	5	7	4	22	1	23	
3	22	6	17	4	11	8	6	
4	18	8	21	7	25	0	12	6	7	
3	19	9	4	
7	25	9	8	3	20	
0	23	4	12	1	6	
2	16	0	15	5	10	9	25	4	19	
8	11	7	2	6	7	1	18	
4	3	1	8	8	24	9	6	5	17	
6	19	9	15	7	1	3	21	
3	25	
1	3	
5	18	8	13	
5	21	
8	9	3	16	7	5	6	19	
9	15	6	8	3	13	1	2	2	21	
1	14	
6	13	9	1	1	10	8	14	
3	24	4	25	8	20	7	15	
1	7	
6	14	
5	19	7	16	9	7	4	17	
3	9	2	18	
2	11	4	8	
5	11	2	7	6	16	7	12	
0	24	7	14	2	11	8	1	4	12	
3	5	4	18	7	3	
1	25	5	9	7	10	6	24	
8	23	1	19	
4	17	
8	22	
0	2	4	13	3	15	
5	2	7	10	
5	2	4	16	
5	20	0	3	
2	6	
2	7	
4	12	
4	10	1	2	9	8	
7	23	2	9	0	6	
9	11	5	6	4	2	
5	1	1	14	6	4	3	23	7	13	
0	22	2	20	7	14	5	17	
9	1	0	13	6	8	2	20	5	18	
7	21	4	10	9	6	0	15	
2	14	9	13	3	4	8	8	6	5	
1	11	2	16	6	19	5	21	
6	9	3	19	
5	17	9	2	1	18	3	13	2	11	
6	17	
1	1	
6	22	
8	16	
1	21	2	19	
0	11	9	14	
1	21	
8	2	2	25	1	21	3	3	0	12	
2	21	7	16	1	1	4	4	
1	18	0	24	3	15	
5	4	
6	6	5	12	1	11	
9	7	
6	12	8	9	
6	14	5	8	8	12	4	5	2	6	
6	18	9	6	3	5	8	13	
1	10	2	2	9	6	
5	13	8	18	3	25	9	23	6	6	
3	6	
7	21	8	16	2	11	1	2	3	7	
3	20	7	17	
6	15	3	6	1	12	7	8	5	24	
3	14	2	6	4	25	7	19	8	1	
4	1	
2	21	1	25	5	8	4	15	
9	19	6	11	
9	10	3	24	1	3	7	21	
5	18	6	14	9	23	8	15	
8	9	0	14	5	11	1	19	
2	17	4	15	
7	23	5	24	4	9	9	17	
5	3	
1	12	9	15	
7	10	1	5	3	15	
2	21	6	7	4	16	
4	24	
9	4	5	21	1	25	
6	8	8	7	7	20	4	4	0	5	
6	4	7	15	
0	15	4	13	3	18	6	9	9	7	
1	22	4	6	
4	7	
1	9	9	25	6	2	3	17	2	1	
6	2	1	21	
5	18	3	25	2	20	
8	5	9	8	7	4	6	18	2	13	
6	22	
7	4	
2	22	4	2	0	3	
3	20	
3	3	9	14	
6	15	0	12	4	24	3	4	
0	5	1	15	7	12	9	24	6	6	
6	12	
4	20	
6	17	2	7	9	12	
3	20	
4	15	6	8	9	6	
5	13	
6	14	7	18	
7	15	6	24	
3	6	7	7	1	5	0	21	
9	8	
8	13	4	9	3	25	5	21	
8	9	5	19	4	17	2	22	6	2	
2	23	
6	12	9	14	
1	20	6	21	4	6	
6	2	5	11	9	4	8	15	0	20	
7	19	1	1	3	18	
9	9	3	1	5	24	2	19	6	6	
2	25	3	20	5	2	
8	18	
8	6	
3	13	4	23	0	24	6	4	8	17	
8	20	4	2	
9	14	4	10	7	7	0	22	
8	13	7	19	6	23	3	17	0	1	
5	20	0	4	1	15	3	9	7	17	
9	8	1	22	4	3	
9	16	
6	25	8	20	3	22	7	7	0	6	
0	3	4	22	9	19	3	21	
3	15	5	20	8	4	
4	24	8	11	
4	19	
7	2	6	20	4	23	0	15	
0	22	9	16	3	20	2	4	
8	15	
9	6	3	12	1	19	7	18	
2	4	9	6	7	11	
0	1	7	25	3	6	5	14	
2	25	6	13	0	15	
6	8	4	3	8	15	3	12	0	17	
0	13	7	12	8	6	4	16	3	1	
6	23	
3	6	2	10	
7	7	
1	19	3	23	
2	22	0	10	1	7	8	25	
2	24	8	11	4	14	5	25	
0	9	3	21	7	22	
8	5	5	24	0	19	
7	16	1	6	4	1	0	21	9	18	
0	6	3	19	2	9	8	25	7	12	
9	9	6	8	0	18	
8	3	5	2	
2	8	1	2	3	16	
7	11	
6	8	9	23	
3	1	0	14	
5	10	
4	6	
2	25	9	7	
8	20	1	16	6	22	9	23	
5	19	7	18	6	14	2	12	8	8	

Three processing times per job on each machine
The best scenario
329	150	
36	56	
40	42	
218	279	
88	35	
115	85	
56	164	
45	78	
388	237	
140	91	
106	28	
479	428	
263	114	
325	118	
67	168	
149	203	
215	193	
316	294	
135	109	
163	262	
114	178	
213	135	
191	196	
116	133	
98	125	
58	102	
46	61	
170	177	
55	170	
16	41	
115	95	
77	68	
319	340	
132	71	
400	141	
216	165	
76	40	
50	44	
183	95	
33	121	
49	82	
235	263	
77	68	
76	72	
14	19	
262	204	
292	298	
242	333	
110	360	
297	227	
141	170	
157	166	
228	138	
60	44	
83	186	
228	249	
358	318	
30	44	
243	144	
150	160	
71	117	
48	61	
128	75	
150	181	
240	265	
92	37	
272	207	
164	117	
104	50	
86	291	
350	171	
317	336	
100	212	
135	125	
143	87	
164	167	
99	123	
316	242	
75	103	
91	91	
180	164	
479	146	
90	84	
113	370	
68	57	
138	202	
127	116	
78	63	
25	166	
74	128	
40	50	
268	179	
38	26	
247	265	
67	101	
270	363	
282	147	
19	55	
235	214	
156	173	
197	167	
77	133	
102	75	
141	191	
161	216	
63	44	
233	191	
179	429	
427	256	
178	248	
268	154	
32	37	
156	354	
178	167	
238	193	
479	348	
181	130	
138	146	
76	17	
108	122	
61	65	
271	181	
90	40	
84	233	
47	46	
129	86	
91	129	
134	227	
199	94	
94	287	
129	92	
249	235	
94	67	
29	70	
122	96	
73	73	
29	39	
243	373	
266	200	
135	112	
251	191	
232	176	
79	96	
456	76	
71	54	
104	248	
244	177	
144	282	
470	323	
129	129	
37	91	
130	289	
152	139	
151	102	
388	277	
382	407	
198	205	
269	80	
24	15	
305	254	
58	201	
224	365	
219	50	
329	192	
91	42	
154	251	
320	281	
141	170	
60	55	
246	142	
19	33	
397	408	
195	273	
94	176	
233	260	
103	277	
35	51	
213	428	
120	395	
331	104	
381	264	
20	50	
52	38	
57	95	
134	223	
93	247	
15	22	
85	130	
51	34	
200	152	
101	131	
175	276	
93	163	
179	137	
349	114	
79	90	
83	109	
69	28	
182	241	
124	145	
Most likely scenario
373	236	
71	69	
41	48	
339	315	
115	49	
198	95	
109	197	
56	96	
431	260	
190	130	
115	49	
607	574	
415	136	
371	132	
78	220	
163	314	
303	330	
345	395	
173	139	
272	313	
146	327	
394	194	
347	321	
163	193	
147	169	
99	103	
64	72	
251	221	
100	287	
29	53	
183	163	
119	99	
390	376	
141	115	
576	197	
281	175	
79	56	
87	86	
270	152	
52	158	
64	90	
376	301	
98	132	
110	112	
21	29	
369	233	
397	477	
302	437	
165	417	
314	326	
193	236	
177	242	
384	214	
63	79	
165	189	
292	336	
509	416	
45	52	
325	177	
262	229	
86	150	
49	68	
166	114	
156	194	
274	460	
107	62	
290	226	
198	127	
105	57	
135	450	
353	299	
364	366	
146	384	
155	182	
184	124	
237	199	
116	150	
388	265	
102	134	
96	139	
187	198	
558	185	
150	122	
217	376	
95	83	
220	330	
172	194	
130	79	
46	187	
83	211	
44	55	
457	235	
74	44	
322	292	
71	113	
448	517	
539	186	
22	59	
251	226	
279	248	
215	220	
108	151	
188	116	
261	195	
219	361	
106	49	
391	234	
314	433	
501	367	
297	384	
461	217	
64	68	
168	479	
196	180	
245	238	
506	490	
219	219	
209	147	
78	31	
119	140	
70	73	
326	340	
102	47	
133	270	
54	70	
229	107	
105	142	
234	403	
271	161	
165	289	
242	141	
304	270	
143	85	
55	88	
243	133	
102	85	
42	54	
351	422	
304	206	
173	213	
381	364	
312	198	
121	142	
474	141	
81	64	
145	282	
438	291	
216	512	
521	481	
138	228	
64	122	
197	341	
166	270	
162	131	
517	424	
408	477	
245	224	
270	94	
29	25	
327	281	
64	225	
342	366	
227	64	
355	371	
100	57	
286	282	
353	282	
239	196	
67	57	
385	237	
28	51	
484	499	
200	346	
145	251	
334	377	
123	401	
55	60	
278	445	
178	414	
390	154	
402	271	
38	77	
81	64	
96	113	
165	381	
135	351	
21	31	
170	146	
83	38	
233	230	
137	187	
201	281	
108	233	
315	211	
407	130	
122	112	
114	194	
111	42	
251	280	
149	166	
The worst scenario
497	309	
84	83	
58	54	
451	437	
158	54	
257	133	
156	206	
59	100	
599	373	
266	179	
164	60	
802	704	
490	176	
487	168	
112	239	
172	419	
399	462	
424	548	
227	140	
399	316	
204	328	
537	234	
463	393	
164	284	
160	196	
125	111	
83	98	
328	304	
150	296	
39	72	
202	192	
136	139	
566	542	
159	170	
828	241	
376	249	
92	60	
124	118	
391	159	
58	224	
89	127	
435	347	
119	193	
163	159	
26	34	
523	341	
402	535	
412	455	
191	511	
376	421	
194	317	
260	280	
452	233	
75	104	
181	199	
321	366	
618	526	
58	56	
483	243	
350	332	
123	173	
66	100	
202	142	
157	231	
383	508	
114	82	
375	312	
293	182	
134	59	
155	518	
417	353	
496	497	
218	554	
232	264	
203	129	
289	273	
156	219	
521	377	
107	143	
142	191	
240	286	
750	245	
222	163	
265	504	
103	120	
221	339	
220	264	
186	82	
56	210	
86	244	
51	60	
615	330	
87	61	
370	374	
103	154	
670	706	
692	253	
33	69	
352	274	
409	252	
277	311	
154	176	
234	127	
289	237	
259	443	
109	68	
450	284	
375	611	
537	388	
435	454	
662	324	
76	102	
242	495	
197	215	
305	306	
564	496	
304	242	
270	148	
117	32	
146	207	
86	96	
478	412	
150	59	
169	320	
79	77	
303	118	
143	190	
289	489	
295	239	
246	433	
252	200	
456	320	
206	127	
81	101	
257	179	
111	100	
48	63	
486	459	
375	275	
222	268	
535	409	
322	296	
135	169	
549	201	
83	84	
205	329	
452	414	
238	643	
621	692	
144	293	
71	160	
238	416	
202	382	
179	176	
565	459	
588	495	
297	297	
352	127	
30	28	
435	346	
65	275	
447	485	
296	76	
431	448	
129	80	
414	395	
492	390	
275	224	
69	70	
389	317	
34	76	
552	646	
276	372	
208	254	
476	547	
141	473	
61	79	
409	517	
259	509	
521	191	
581	313	
50	103	
98	95	
106	162	
178	545	
153	520	
24	45	
212	167	
115	52	
314	324	
193	253	
254	418	
131	271	
361	300	
530	161	
176	131	
128	215	
148	52	
283	387	
187	234	
