Factories	7	Jobs	100	Machines	3

Total number of component types per job processed by HSPM
6	6	9	9	9	11	5	11	10	11	7	9	9	5	9	8	5	12	10	9	11	5	11	8	11	11	8	9	11	5	8	12	8	5	6	11	10	5	9	8	8	6	8	12	12	9	10	6	8	9	5	9	8	8	5	10	10	9	8	8	12	6	8	12	5	11	9	11	7	10	11	9	11	9	9	9	5	9	11	11	9	8	10	12	7	9	10	12	11	11	5	12	8	7	5	6	6	6	9	10	

Total number of component types per job processed by MFPM
4	5	2	4	4	2	2	4	1	3	2	1	3	5	2	4	5	3	4	2	2	1	2	4	5	5	3	1	1	3	1	1	5	1	4	2	5	2	1	1	5	4	4	4	3	3	3	1	2	2	5	2	5	2	2	4	4	4	4	5	2	1	3	5	1	3	1	2	3	1	4	3	1	2	1	1	5	3	1	3	2	4	5	3	5	1	2	5	4	5	4	1	2	1	5	5	1	1	5	2	1	1	4	4	5	3	1	1	5	3	1	5	4	5	1	5	3	3	5	4	3	1	2	1	5	1	5	2	5	4	4	2	3	5	2	4	5	2	1	3	3	5	4	1	3	1	1	5	4	3	1	4	2	1	4	1	1	4	1	3	2	3	2	1	4	5	1	4	5	2	3	3	4	4	1	4	5	1	1	1	3	4	5	5	4	2	4	1	4	4	4	5	4	1	5	5	1	2	5	3	

All component type numbers for each job to be processed by HSPM
16	34	6	67	18	12	4	21	19	2	8	49	
8	34	9	69	12	65	10	42	2	67	16	39	
15	25	19	32	10	8	0	22	5	60	16	30	2	69	14	7	1	38	
5	57	3	58	7	23	1	62	2	10	14	44	4	3	16	25	12	28	
13	63	6	40	12	51	16	14	19	2	9	9	4	54	8	73	7	62	
1	28	16	44	10	2	11	30	17	20	8	57	19	74	15	27	0	15	12	59	14	67	
12	33	14	2	7	75	6	41	13	29	
9	68	6	69	1	41	17	11	13	66	7	13	19	36	16	38	14	34	11	28	0	70	
15	56	13	42	10	33	5	39	19	9	3	7	11	28	0	35	2	1	18	53	
0	66	13	5	19	27	8	17	7	34	6	62	1	38	4	25	9	48	17	13	12	64	
17	68	14	53	9	12	3	38	1	5	12	42	2	25	
19	7	8	65	16	27	3	37	10	71	13	22	0	43	5	48	1	16	
4	13	2	5	19	20	18	49	17	57	14	63	7	15	12	12	10	68	
8	36	2	34	16	61	17	32	19	33	
18	38	2	31	5	75	19	29	3	2	13	12	6	32	14	30	16	15	
4	51	2	14	10	73	14	49	3	30	19	70	16	56	8	11	
13	75	6	54	14	33	16	43	7	20	
6	61	19	31	1	3	8	35	7	65	15	12	12	39	5	24	9	1	0	41	16	30	10	17	
11	45	6	61	17	75	0	13	3	1	18	11	19	60	9	8	13	46	2	25	
3	57	19	44	1	10	11	66	0	5	18	69	16	37	9	11	7	7	
15	20	3	43	1	21	2	67	7	46	5	51	8	35	13	27	14	52	4	26	10	9	
0	54	12	35	3	66	8	14	16	49	
12	54	17	62	10	25	3	24	11	15	14	5	16	39	15	72	9	7	18	30	6	1	
12	39	10	68	13	22	18	45	9	73	6	12	15	48	17	6	
10	41	14	12	12	60	0	5	6	7	18	52	17	33	15	59	16	22	19	18	3	51	
4	31	5	64	10	51	7	53	9	8	16	26	6	38	15	47	13	17	18	52	19	61	
14	4	2	50	8	66	0	9	18	63	19	53	10	51	7	65	
14	47	10	46	7	13	1	21	3	17	18	63	9	24	8	68	15	56	
2	75	9	47	6	7	8	66	0	13	3	11	5	36	19	43	17	62	11	50	18	32	
11	71	15	34	1	4	17	17	3	24	
3	14	1	28	14	16	17	4	8	6	7	62	19	70	5	32	
8	9	1	49	16	42	10	58	13	50	4	66	18	33	15	40	9	59	12	7	17	41	6	70	
3	9	4	75	2	23	13	6	12	21	14	51	18	35	11	62	
5	61	12	33	14	1	16	45	11	21	
9	37	3	13	17	61	15	62	8	26	7	33	
5	54	8	27	3	20	15	24	19	21	13	33	4	49	7	45	17	59	6	70	16	46	
12	3	0	5	3	30	2	56	5	38	18	13	13	65	19	44	4	8	15	7	
4	57	5	53	13	49	7	27	6	25	
4	22	12	74	18	63	19	34	6	51	16	58	13	17	17	60	7	20	
19	75	18	46	16	73	12	68	1	56	14	53	6	15	7	16	
3	56	1	33	4	67	17	50	9	75	14	63	2	61	0	10	
18	66	15	40	3	69	9	21	13	70	19	11	
9	20	14	42	12	6	15	48	0	46	8	54	13	5	16	17	
17	2	11	72	7	45	19	4	9	68	3	23	14	3	16	37	10	66	15	64	4	46	2	71	
3	61	11	45	7	73	0	26	1	11	9	10	19	44	4	59	12	43	5	54	16	1	8	75	
4	5	13	7	11	32	12	34	10	57	8	64	1	35	17	60	2	21	
15	34	3	38	8	16	13	40	19	8	10	1	9	47	5	26	12	32	17	53	
13	50	15	25	6	34	11	64	3	63	4	67	
18	2	17	45	15	71	13	26	19	38	2	53	12	5	1	27	
18	52	9	58	11	17	5	63	3	64	14	15	12	57	6	47	0	48	
3	12	1	21	13	18	4	72	6	20	
4	15	2	49	5	67	3	56	10	60	14	39	11	7	16	61	15	4	
14	21	11	48	9	14	4	70	8	6	19	54	18	69	15	30	
3	58	6	73	17	30	0	62	19	10	11	40	10	53	4	54	
19	10	10	4	8	70	6	17	7	63	
17	32	6	50	0	22	2	3	11	55	3	74	7	29	13	61	16	11	14	4	
0	43	10	57	1	13	13	61	2	49	16	32	6	19	3	70	11	67	18	37	
17	56	15	42	11	23	18	7	7	54	4	24	8	58	12	67	5	26	
0	69	10	46	18	10	17	63	6	20	15	27	3	49	12	72	
14	15	2	35	18	19	13	10	19	7	1	8	12	53	8	54	
7	47	11	59	18	64	2	28	19	23	1	40	6	55	15	38	16	12	3	33	0	1	13	63	
16	21	1	3	0	1	9	62	6	33	4	29	
18	58	5	18	10	54	12	59	11	22	14	34	17	66	19	69	
5	55	15	28	17	38	11	41	1	56	13	61	10	66	4	19	9	21	0	30	19	35	14	49	
10	38	12	41	0	45	15	28	8	20	
10	2	12	35	7	64	17	8	19	3	11	57	1	13	18	20	6	17	2	11	9	46	
12	35	5	71	13	53	19	52	3	51	10	50	7	32	8	18	6	38	
11	15	18	54	6	46	14	53	1	31	12	59	4	73	19	47	15	2	10	17	2	13	
4	20	10	45	19	41	3	2	9	68	5	61	17	52	
14	19	5	75	9	69	18	28	1	30	15	74	8	65	6	14	12	33	2	51	
12	9	16	67	13	1	1	55	11	35	17	2	14	21	7	32	15	20	4	68	18	56	
3	65	14	50	5	38	6	58	18	67	4	68	7	35	19	28	10	7	
13	69	4	15	8	64	1	39	0	41	7	67	15	72	5	59	12	47	2	4	19	42	
1	66	0	53	12	15	16	62	6	10	2	39	13	3	18	37	9	38	
13	25	2	70	14	24	8	3	10	31	12	26	9	16	17	17	0	49	
2	30	13	74	19	58	3	28	10	38	1	17	5	2	11	50	7	43	
3	10	8	13	2	6	17	68	19	52	
11	54	12	2	15	43	19	52	6	46	7	29	5	57	16	25	17	27	
13	66	3	14	5	2	17	31	15	69	4	5	9	51	14	6	7	63	11	23	2	60	
1	28	16	55	0	36	7	10	2	73	18	23	8	4	19	16	12	66	3	18	17	24	
8	69	11	19	1	70	6	3	10	27	16	2	19	68	12	1	15	74	
9	5	3	36	13	15	12	52	0	2	6	19	14	48	7	66	
1	14	12	31	19	46	5	47	6	29	9	67	15	33	13	35	4	37	8	4	
14	60	15	16	3	35	10	12	19	33	8	29	17	37	7	55	18	42	0	72	5	30	16	5	
16	4	6	73	7	1	11	32	3	28	8	12	12	62	
2	2	8	69	6	19	3	38	11	5	15	54	13	46	1	16	19	61	
2	24	12	11	14	65	3	66	19	73	13	63	1	3	8	33	5	9	4	47	
6	1	11	46	10	59	14	2	13	53	15	9	1	41	0	72	12	16	16	50	8	3	4	66	
3	30	0	55	5	12	11	2	7	47	8	11	2	3	10	67	1	8	16	66	17	15	
8	70	7	71	10	41	0	38	12	65	19	49	18	20	14	63	1	24	5	30	3	55	
18	5	7	22	16	48	17	72	11	47	
6	59	3	51	10	29	11	38	7	20	2	57	19	18	4	36	12	9	17	53	13	26	18	13	
1	22	16	54	13	70	11	9	2	65	17	40	3	53	5	18	
19	31	5	71	10	16	17	23	2	66	18	52	14	20	
11	74	17	46	3	14	13	55	19	68	
3	18	18	37	0	29	12	66	6	57	10	45	
11	55	2	24	4	7	10	64	1	26	9	22	
8	1	2	48	18	59	14	16	4	32	7	46	
17	69	7	28	18	56	8	49	2	1	13	10	19	7	16	58	12	52	
8	16	9	43	2	38	3	58	1	21	7	69	17	52	4	28	15	50	10	8	

All component type numbers for each job to be processed by MFPM
1	14	4	21	3	18	2	4	
7	27	2	32	3	38	8	43	5	26	
4	25	1	8	
8	27	0	36	5	38	3	35	
6	20	9	14	7	7	4	12	
0	34	6	49	
6	7	9	8	
4	40	7	48	9	44	1	34	
0	24	
6	31	9	27	5	30	
1	9	9	24	
4	46	
7	18	8	20	4	22	
3	35	6	37	1	42	5	34	4	36	
0	2	6	4	
4	42	1	37	9	47	0	43	
6	3	2	13	4	21	3	4	0	9	
2	26	1	37	6	31	
9	14	7	25	4	22	8	10	
9	35	5	28	
6	19	0	5	
9	37	
7	5	5	6	
1	35	9	29	2	36	6	42	
7	22	2	5	9	17	5	23	8	19	
8	48	7	33	5	45	1	44	9	29	
1	25	6	20	0	6	
3	29	
3	10	
3	47	5	48	0	32	
9	12	
7	31	
6	2	5	4	8	8	9	12	3	16	
9	40	
8	4	3	13	6	21	1	18	
4	30	9	40	
8	7	4	19	0	20	6	12	2	18	
6	33	4	42	
0	15	
8	36	
8	18	6	17	9	8	3	23	0	4	
7	30	4	38	1	39	2	46	
0	19	7	16	9	13	2	17	
5	27	0	47	4	48	8	28	
3	11	1	14	0	18	
5	33	4	48	7	37	
9	18	2	20	7	25	
1	30	
0	8	1	9	
7	50	8	35	
3	16	5	2	6	8	0	4	4	15	
9	47	6	44	
3	1	8	21	9	3	1	14	0	9	
1	40	5	38	
7	22	9	7	
2	29	7	43	9	33	1	45	
5	5	2	8	0	24	8	4	
9	33	8	39	3	50	7	40	
5	13	1	8	2	14	3	15	
7	29	1	28	0	50	8	48	5	30	
4	5	5	11	
5	36	
9	4	5	7	8	5	
1	32	0	29	4	47	3	42	2	37	
8	11	
5	27	4	35	0	38	
3	2	
9	29	3	47	
8	18	1	23	2	10	
0	41	
6	16	2	11	9	24	7	10	
0	41	5	28	2	44	
1	24	
0	29	4	33	
1	6	
2	38	
7	12	9	1	1	20	4	5	5	13	
4	31	3	46	1	36	
6	23	
5	33	9	44	8	42	
5	24	7	12	
3	34	7	30	8	35	4	29	
9	8	2	3	1	10	8	4	4	7	
7	42	8	50	0	29	
4	23	7	8	6	9	0	6	5	22	
9	40	
2	4	8	3	
8	42	1	30	3	31	4	40	6	41	
1	19	7	15	9	1	3	7	
7	42	3	47	1	39	6	32	5	49	
6	3	9	15	7	22	4	19	
6	34	
1	7	4	3	
4	36	
0	15	3	10	8	13	7	25	9	2	
1	28	9	36	7	45	8	40	3	50	
8	21	
5	28	
0	13	5	1	6	12	9	11	1	3	
5	47	0	44	
8	5	
9	34	
5	24	7	18	8	3	3	9	
3	42	2	35	0	30	7	49	
6	7	8	16	9	20	3	21	1	6	
7	40	2	35	9	41	
4	15	
0	49	
9	3	7	19	1	9	3	1	6	16	
9	27	8	33	0	26	
1	21	
5	37	6	36	2	27	7	50	0	49	
2	25	9	22	6	13	0	15	
5	45	1	36	0	38	9	44	8	50	
4	2	
2	42	7	43	5	47	8	32	0	48	
0	2	4	21	1	19	
9	46	7	37	6	40	
3	24	2	19	4	12	5	4	7	13	
9	49	3	34	8	40	2	31	
9	20	2	4	8	6	
9	31	
0	4	8	20	
3	45	
1	4	8	13	2	12	7	2	4	17	
8	47	
0	10	9	6	8	2	4	3	5	23	
7	45	2	40	
4	8	9	20	5	15	2	22	0	21	
4	42	1	38	3	50	8	46	
5	3	3	2	2	17	4	16	
2	45	1	28	
3	14	8	8	1	7	
1	40	7	35	0	49	4	38	3	44	
9	22	5	18	
7	47	4	49	2	36	9	28	
6	23	5	16	7	24	9	6	8	9	
8	27	2	39	
1	14	
7	30	0	27	1	48	
8	5	2	10	4	23	
1	40	4	44	7	36	2	30	9	45	
2	11	0	9	5	22	3	16	
9	50	
2	15	0	18	3	19	
2	28	
5	20	
0	37	9	46	3	40	2	30	4	43	
1	11	9	16	5	18	7	22	
1	43	8	30	6	36	
9	3	
6	40	4	30	7	44	8	45	
8	7	1	17	
0	33	
1	21	3	16	8	20	5	24	
7	48	
0	10	
2	48	3	42	7	31	5	39	
2	9	
9	29	8	34	7	27	
2	10	9	18	
7	34	4	49	1	36	
5	5	1	1	
0	32	
2	15	0	14	4	18	1	21	
7	35	4	26	6	29	8	39	0	43	
6	22	
5	26	9	34	8	36	1	43	
7	13	9	23	1	17	6	14	8	18	
2	50	6	47	
0	17	6	10	3	9	
0	38	1	31	2	47	
1	13	6	18	3	1	2	15	
5	44	6	26	9	38	7	28	
6	15	
1	34	8	30	6	36	5	33	
1	24	4	25	6	17	8	12	0	22	
1	31	
6	25	
5	37	
3	6	8	21	6	18	
4	34	5	36	2	49	6	35	
8	3	3	10	4	12	6	16	5	18	
8	42	6	36	2	34	9	27	7	38	
1	16	9	13	7	21	0	4	
7	30	9	48	
6	17	9	3	2	14	0	12	
0	43	
5	25	8	12	2	21	6	11	
1	36	6	44	5	37	7	31	
0	14	3	13	9	17	2	8	
8	29	9	26	5	43	6	39	1	31	
7	12	4	6	9	20	0	21	
6	45	
1	16	3	22	6	9	7	13	8	2	
3	46	0	49	7	43	5	34	6	28	
9	19	
2	30	1	36	
0	19	7	20	5	11	6	1	4	3	
2	30	3	45	0	35	

Three processing times per job on each machine
The best scenario
122	133	136	
121	76	93	
168	232	252	
574	238	134	
134	93	122	
227	360	233	
256	94	68	
98	141	86	
77	59	107	
90	82	185	
67	72	146	
34	43	44	
127	94	217	
224	458	284	
164	158	421	
158	129	77	
315	110	286	
259	180	185	
323	428	105	
250	541	376	
26	28	39	
105	250	154	
18	26	50	
111	44	33	
447	160	275	
78	29	53	
114	480	419	
72	103	33	
369	384	351	
260	218	105	
207	133	169	
54	64	83	
166	118	107	
46	20	13	
112	86	70	
114	57	171	
114	188	370	
85	138	137	
246	352	171	
298	419	150	
145	172	239	
208	144	107	
191	235	76	
187	126	75	
248	70	131	
97	100	243	
185	237	135	
83	61	84	
156	182	265	
91	170	67	
148	161	75	
102	63	142	
185	85	102	
400	105	139	
128	215	156	
74	192	274	
398	297	180	
203	60	201	
67	191	143	
112	324	229	
72	141	169	
308	131	109	
144	92	218	
36	72	62	
140	282	105	
75	175	113	
156	73	203	
271	346	217	
154	227	367	
340	257	260	
15	35	34	
61	87	19	
118	69	213	
164	222	164	
96	82	134	
138	251	109	
208	117	76	
57	23	91	
88	37	100	
40	53	68	
238	58	227	
146	94	38	
180	161	61	
12	28	51	
95	127	124	
109	32	101	
118	72	44	
156	38	76	
29	26	31	
36	40	25	
119	173	140	
346	117	232	
78	70	82	
238	376	399	
99	27	58	
36	37	65	
66	41	60	
36	52	115	
105	129	65	
88	143	135	
Most likely scenario
243	142	250	
183	135	153	
198	306	264	
624	341	219	
187	113	230	
383	629	277	
299	116	88	
113	209	170	
79	106	116	
171	150	263	
73	110	162	
38	54	83	
189	132	300	
349	467	389	
278	219	437	
163	177	101	
448	141	324	
269	308	272	
482	576	154	
282	604	508	
27	37	50	
182	278	291	
29	39	68	
218	73	57	
464	210	543	
98	30	93	
195	482	422	
113	120	50	
430	405	445	
267	304	164	
361	192	196	
97	90	92	
330	168	211	
57	27	15	
139	104	77	
168	102	178	
181	254	413	
104	240	166	
416	571	211	
544	431	191	
179	325	257	
325	168	142	
202	345	103	
223	208	99	
301	106	222	
153	110	295	
317	273	146	
94	68	132	
247	329	437	
96	182	101	
153	164	129	
178	79	174	
219	116	179	
452	117	259	
230	279	158	
110	304	346	
561	465	298	
217	78	215	
94	213	154	
136	343	372	
82	157	191	
492	246	141	
273	96	260	
47	88	76	
198	499	162	
126	230	165	
189	104	205	
408	379	232	
258	287	449	
498	306	283	
21	36	51	
65	111	36	
139	105	307	
186	352	219	
149	99	161	
216	287	202	
209	218	93	
104	44	96	
91	40	106	
54	76	110	
291	103	285	
176	170	50	
231	203	108	
22	43	52	
97	186	197	
150	63	169	
131	141	81	
187	49	116	
42	43	61	
51	77	47	
146	183	212	
415	138	445	
117	94	107	
282	423	407	
102	39	71	
55	41	70	
82	58	98	
42	91	124	
118	222	114	
102	157	148	
The worst scenario
348	170	291	
188	158	208	
244	431	315	
841	503	228	
192	143	330	
428	880	359	
436	120	118	
164	277	224	
82	155	124	
173	177	370	
76	143	179	
41	64	93	
256	198	412	
469	563	539	
409	309	439	
241	252	122	
631	158	340	
389	337	349	
646	673	218	
359	689	559	
38	46	69	
259	293	387	
42	56	85	
280	99	69	
470	226	807	
108	42	139	
245	539	593	
143	149	59	
475	448	627	
363	433	241	
403	249	209	
113	130	138	
449	238	276	
74	40	18	
150	150	105	
170	133	188	
258	287	608	
143	304	183	
554	658	278	
697	642	213	
236	447	338	
436	221	157	
290	418	149	
306	264	115	
353	135	303	
167	121	350	
331	304	183	
133	74	167	
281	450	614	
101	266	134	
202	171	175	
267	100	204	
237	148	200	
551	135	352	
336	295	214	
139	424	365	
785	682	447	
323	106	253	
123	291	167	
145	427	498	
111	167	257	
632	247	158	
387	111	389	
51	107	114	
226	511	205	
168	273	216	
279	117	236	
544	388	262	
362	385	519	
674	307	351	
22	50	53	
89	137	53	
168	120	453	
231	395	264	
217	120	198	
293	353	224	
222	285	98	
136	61	128	
136	56	155	
59	93	158	
415	104	330	
208	239	54	
251	204	113	
24	55	68	
137	197	244	
225	86	207	
136	174	112	
237	60	168	
44	52	66	
74	92	66	
185	271	249	
501	189	648	
134	117	122	
371	471	464	
110	58	106	
76	52	74	
123	87	121	
57	121	184	
156	312	115	
132	181	195	
