Factories	5	Jobs	100	Machines	2

Total number of component types per job processed by HSPM
8	5	8	7	5	7	7	7	11	10	10	6	12	5	6	8	5	6	9	9	8	7	8	6	5	7	9	7	10	10	10	7	5	11	9	7	7	9	5	8	11	7	5	7	7	9	8	6	11	12	12	9	8	5	11	7	11	5	11	10	9	11	5	7	5	10	9	9	8	12	7	11	8	8	9	6	12	8	7	10	7	6	11	8	12	8	7	7	9	9	11	5	6	10	11	9	7	9	8	7	

Total number of component types per job processed by MFPM
3	3	3	5	3	3	2	5	3	5	3	1	3	5	5	1	5	4	4	5	4	3	3	4	4	5	1	3	4	4	1	1	3	4	1	1	1	2	5	5	4	3	2	3	3	1	2	2	3	3	4	5	5	1	5	2	1	2	3	2	2	3	1	3	2	4	3	5	1	4	4	1	3	2	3	5	1	3	4	1	2	2	2	2	3	2	4	4	1	5	3	2	2	3	5	3	1	5	5	3	

All component type numbers for each job to be processed by HSPM
1	51	4	18	5	3	11	52	6	58	7	27	17	55	13	50	
8	37	11	74	12	58	14	18	2	24	
4	30	2	47	7	58	19	63	17	66	18	40	10	24	1	69	
18	20	1	10	15	57	8	42	19	58	10	66	14	9	
4	34	2	40	18	23	13	42	14	3	
0	6	5	34	11	5	10	53	18	16	15	75	17	48	
1	19	12	65	0	11	7	67	10	72	14	48	9	6	
15	63	19	66	5	41	12	65	14	5	7	2	17	49	
18	8	10	6	9	59	6	4	12	75	0	70	4	74	17	13	1	34	8	11	5	49	
14	71	7	29	15	15	9	22	2	2	10	60	17	39	0	10	19	75	3	47	
19	20	10	8	13	52	5	46	0	43	2	34	18	66	8	51	11	2	3	5	
6	6	1	62	11	39	3	41	10	44	13	21	
16	7	18	2	19	60	12	11	7	38	1	10	8	1	2	53	9	49	6	68	4	74	0	36	
7	53	6	55	14	27	19	46	16	50	
7	65	4	17	5	8	0	20	3	72	13	50	
12	15	15	74	10	43	11	8	14	9	7	32	2	63	4	13	
4	7	1	38	10	34	9	9	7	31	
8	42	18	38	3	73	16	39	2	50	1	27	
0	65	18	49	19	75	3	7	9	69	1	45	15	3	2	1	10	9	
7	11	5	48	0	36	1	20	13	51	15	52	6	72	10	37	19	58	
10	8	11	23	9	9	4	30	1	40	19	14	16	3	3	21	
7	55	13	45	12	41	5	75	0	5	8	24	19	35	
2	57	0	66	4	54	11	22	16	28	10	21	8	61	19	34	
4	67	15	39	1	11	7	18	8	72	17	1	
14	63	4	65	11	9	2	14	17	36	
7	7	9	63	4	20	12	34	18	1	15	36	11	47	
0	55	5	11	14	43	18	57	13	9	12	10	2	65	11	52	8	3	
19	41	11	45	17	9	12	56	4	69	9	35	18	25	
15	24	13	72	4	57	16	66	7	33	1	18	10	6	18	13	17	23	12	17	
3	3	6	9	2	24	16	44	19	75	14	1	10	18	8	62	5	41	0	52	
4	9	11	41	2	36	14	11	7	32	8	61	13	68	18	23	19	45	12	48	
12	23	19	68	1	47	2	29	7	4	14	58	6	37	
19	72	11	46	12	47	9	30	13	19	
6	9	3	28	16	30	5	10	0	49	4	66	11	16	15	20	1	18	12	3	14	35	
5	3	16	2	17	17	7	44	15	53	13	50	19	37	1	19	12	73	
15	25	1	48	7	75	13	57	4	58	12	21	6	72	
8	10	11	66	18	61	5	12	4	37	6	31	13	50	
11	36	8	50	7	39	9	22	1	46	14	31	17	12	10	59	0	60	
15	38	3	12	19	61	18	69	13	15	
17	37	7	14	2	2	6	9	16	57	4	5	9	29	13	36	
2	46	18	67	0	53	15	68	8	42	6	18	19	28	1	31	17	51	13	49	12	74	
6	22	9	11	16	27	10	38	0	32	5	30	14	13	
16	61	11	58	19	37	7	13	18	16	
19	58	9	61	15	71	6	32	1	40	14	12	12	56	
16	8	4	55	18	57	0	10	13	53	6	19	11	70	
18	29	14	68	2	3	19	63	10	54	1	36	4	22	0	74	9	62	
4	39	13	52	16	45	11	25	17	54	19	16	18	33	0	4	
7	35	1	59	4	52	18	28	14	67	5	3	
10	35	4	46	1	59	2	72	7	7	9	64	11	32	3	25	14	67	17	71	12	58	
10	58	7	17	2	1	0	68	17	5	3	25	5	12	19	45	12	56	9	67	18	4	14	62	
0	56	9	39	10	22	13	5	5	65	4	58	18	54	14	16	6	3	8	31	19	4	17	75	
9	55	13	60	15	50	3	31	8	69	7	38	18	57	5	17	2	62	
13	8	17	4	19	9	12	38	7	71	2	47	16	20	1	7	
19	12	2	9	1	59	0	3	6	65	
9	56	11	31	19	7	8	19	6	59	15	6	1	72	5	41	7	17	14	37	18	63	
11	30	17	71	6	25	16	52	10	12	19	37	12	74	
19	43	4	68	12	23	15	75	8	63	2	33	16	57	3	5	5	3	7	69	18	20	
1	27	12	18	6	60	16	59	17	34	
6	46	13	14	1	8	15	51	3	23	16	70	0	62	19	72	14	28	18	2	5	20	
14	16	11	3	9	69	18	54	6	19	17	2	1	24	4	46	5	40	12	30	
12	61	3	59	11	11	1	15	18	39	10	21	15	49	0	18	14	38	
14	5	19	52	9	36	7	61	18	40	1	46	5	56	13	54	0	55	15	17	6	34	
5	33	16	75	14	31	2	61	3	11	
16	38	7	60	2	16	8	62	10	59	18	48	13	7	
0	39	12	51	1	11	5	57	2	74	
14	46	18	72	0	27	12	18	9	8	16	16	3	19	15	73	11	51	13	23	
12	30	15	75	5	55	4	53	17	6	7	19	13	23	1	70	8	56	
16	45	6	55	9	4	1	64	14	59	5	66	4	15	17	11	7	52	
4	16	2	29	18	72	15	33	14	36	1	55	11	69	16	28	
17	69	1	23	5	42	0	9	3	4	14	1	16	72	7	20	13	38	12	74	2	35	18	5	
15	3	11	21	5	4	13	33	3	7	19	10	10	23	
18	75	3	8	17	12	6	17	8	44	0	47	12	10	16	31	1	64	5	7	9	34	
13	33	17	75	6	26	16	66	8	16	18	28	11	55	10	22	
5	33	13	60	0	26	14	41	9	67	6	1	16	51	18	75	
5	48	14	75	18	54	12	69	17	16	8	4	7	36	2	9	3	50	
7	45	16	25	8	9	14	22	12	40	18	57	
13	6	11	8	3	25	7	73	6	40	18	33	10	12	15	7	16	50	17	41	19	2	0	70	
13	45	10	6	18	72	14	24	12	65	6	7	16	44	1	48	
10	54	13	39	3	33	6	16	18	18	7	51	12	29	
1	11	10	64	11	68	7	19	3	46	9	32	12	4	17	66	2	14	18	21	
15	33	10	6	3	10	1	59	18	25	7	12	9	21	
17	54	5	47	13	36	1	23	16	64	18	13	
16	18	3	14	9	55	8	38	4	45	6	58	1	16	14	17	0	42	17	51	19	7	
7	31	16	58	1	10	3	53	2	74	5	35	12	52	9	8	
18	68	17	18	4	3	12	16	3	50	1	9	6	21	13	63	0	17	19	39	9	29	10	23	
14	1	16	2	18	73	12	5	11	41	13	43	1	65	7	55	
17	20	6	66	1	47	11	41	14	46	16	64	3	72	
19	73	7	9	12	58	1	14	6	70	14	26	10	16	
3	28	7	46	12	34	14	11	9	26	17	42	6	38	19	24	0	53	
9	67	4	33	17	70	6	60	10	56	12	10	0	59	11	27	5	69	
12	23	16	28	7	36	13	4	4	14	5	50	17	42	14	72	2	63	15	71	8	32	
16	34	9	50	15	44	6	49	0	10	
14	68	9	49	1	27	2	29	13	14	10	32	
6	71	19	64	8	43	3	19	0	39	11	20	16	42	1	58	18	54	15	66	
19	71	15	46	14	59	2	32	12	39	7	22	3	18	9	47	0	30	4	70	16	37	
12	41	8	6	4	4	5	12	9	65	2	69	11	71	3	30	6	64	
13	58	1	31	7	61	3	64	16	55	5	10	12	75	
13	48	16	4	11	15	17	49	7	37	10	6	8	12	19	19	1	74	
3	34	8	46	10	49	13	35	6	5	7	11	0	12	18	51	
16	19	11	27	5	59	9	58	1	14	4	31	3	64	

All component type numbers for each job to be processed by MFPM
9	3	5	23	6	17	
3	22	8	23	1	18	
0	1	2	10	4	23	
4	13	7	5	8	11	5	15	2	3	
5	10	8	14	7	18	
4	16	7	5	2	23	
7	22	3	21	
7	5	3	15	5	3	2	11	1	9	
5	25	7	22	4	20	
2	22	0	10	9	5	5	12	4	17	
9	16	1	7	0	4	
7	20	
4	11	2	10	6	24	
0	22	6	14	5	1	3	19	7	8	
1	5	8	3	4	18	3	14	2	25	
0	4	
3	11	5	16	1	14	2	13	9	19	
5	13	8	15	7	5	6	3	
8	11	4	20	1	5	3	4	
0	18	6	11	4	3	9	10	2	5	
4	19	1	25	0	11	6	14	
2	2	9	11	7	3	
8	3	9	20	2	5	
6	7	0	14	3	20	7	2	
7	12	8	17	3	21	2	13	
3	18	5	14	1	15	4	21	9	20	
0	23	
8	25	3	18	6	6	
9	16	3	17	2	9	5	11	
5	5	2	8	9	17	1	16	
5	20	
0	6	
6	11	8	20	0	15	
6	19	0	3	5	6	3	25	
2	20	
6	21	
1	14	
4	13	3	21	
7	19	2	22	8	10	5	6	4	4	
5	11	9	15	6	3	1	14	2	24	
4	25	6	9	0	24	2	1	
7	24	5	19	9	6	
0	20	1	22	
1	14	7	25	8	13	
3	3	5	7	0	17	
6	11	
6	24	9	17	
5	8	8	13	
8	18	6	13	3	8	
8	22	3	14	2	5	
7	16	2	19	3	9	1	1	
9	6	7	4	6	22	3	25	2	19	
4	11	7	6	6	16	2	25	3	14	
6	1	
0	24	2	25	7	1	6	8	1	12	
2	21	5	10	
7	23	
0	6	4	4	
7	9	8	7	6	11	
0	22	2	23	
7	11	1	2	
9	13	4	9	5	5	
8	23	
4	25	5	15	2	24	
4	3	0	7	
6	11	9	7	8	24	0	12	
9	20	1	17	3	14	
2	24	4	4	8	10	1	22	6	7	
1	7	
2	14	1	17	9	4	6	24	
5	18	2	23	3	2	7	19	
5	11	
3	14	8	23	6	6	
8	16	3	9	
6	4	7	5	0	16	
7	18	0	5	4	24	1	19	6	7	
6	15	
8	8	7	14	2	6	
7	3	9	8	5	12	6	25	
6	5	
7	10	0	24	
7	9	2	11	
9	13	0	6	
1	4	7	25	
7	16	2	24	1	17	
8	4	9	5	
4	1	7	22	1	17	2	16	
3	16	9	23	0	8	5	25	
6	16	
8	1	7	23	2	16	4	5	0	19	
7	6	4	14	1	10	
4	8	3	13	
3	4	4	19	
3	19	9	1	4	23	
8	16	9	13	3	25	0	20	5	15	
4	17	5	25	6	8	
4	4	
4	24	5	18	3	22	8	23	2	11	
3	22	5	10	9	11	2	17	6	6	
0	1	9	20	7	16	

Three processing times per job on each machine
The best scenario
428	359	
622	1222	
404	148	
484	477	
197	283	
733	432	
303	640	
458	860	
363	212	
294	116	
1067	868	
276	329	
792	556	
169	70	
167	478	
816	559	
513	713	
361	957	
903	364	
86	155	
236	259	
609	691	
210	249	
220	427	
846	589	
716	294	
569	300	
500	434	
1327	635	
490	291	
496	866	
404	493	
318	431	
251	574	
154	84	
539	654	
99	157	
542	197	
95	192	
177	483	
91	392	
618	276	
327	199	
161	150	
94	128	
268	1266	
429	324	
181	184	
600	1009	
325	297	
148	225	
182	522	
131	163	
136	476	
204	812	
290	239	
73	74	
735	956	
998	1177	
973	642	
213	191	
527	494	
213	677	
358	185	
205	158	
719	261	
714	649	
140	141	
449	236	
564	279	
341	284	
423	183	
204	350	
260	162	
740	1120	
274	227	
534	871	
213	88	
520	865	
517	750	
198	391	
154	117	
757	385	
1068	913	
150	56	
198	531	
600	735	
309	186	
701	430	
234	644	
1252	526	
150	179	
271	228	
252	299	
313	829	
426	488	
838	198	
157	149	
405	292	
946	706	
Most likely scenario
517	389	
955	1336	
463	242	
672	623	
273	361	
759	805	
518	897	
763	1107	
383	344	
323	168	
1093	1172	
355	376	
845	778	
217	91	
210	517	
1075	656	
679	809	
366	1026	
917	704	
164	221	
289	466	
960	794	
268	390	
358	452	
1109	1148	
885	442	
798	433	
585	479	
1406	1215	
609	436	
948	974	
640	903	
326	621	
385	629	
208	130	
633	754	
122	208	
631	320	
155	267	
344	491	
144	555	
671	318	
415	341	
188	168	
151	183	
388	1467	
622	375	
207	237	
1171	1204	
348	540	
157	232	
363	762	
194	171	
252	533	
381	1020	
520	366	
135	106	
883	1030	
1202	1261	
1442	780	
229	337	
750	794	
291	723	
412	256	
218	265	
898	327	
928	675	
147	173	
564	250	
753	381	
443	546	
549	299	
303	446	
520	169	
1382	1221	
431	332	
572	1073	
369	101	
793	1304	
917	893	
303	512	
156	176	
863	650	
1201	1102	
153	74	
306	595	
645	939	
402	199	
1138	513	
348	678	
1291	719	
271	230	
512	281	
331	489	
525	996	
728	610	
957	324	
169	199	
670	514	
1288	1150	
The worst scenario
623	491	
1268	1980	
671	264	
946	637	
393	467	
1021	926	
591	1211	
922	1450	
456	406	
405	190	
1452	1246	
476	455	
1110	1028	
220	109	
275	638	
1245	926	
793	1148	
517	1229	
1348	748	
202	240	
314	694	
1346	1118	
400	534	
413	626	
1276	1312	
1204	507	
1131	489	
672	548	
1670	1674	
726	636	
1065	1064	
895	1104	
448	674	
540	733	
223	176	
937	1080	
159	229	
894	351	
213	360	
435	537	
196	719	
991	412	
526	405	
278	221	
188	228	
404	2045	
750	441	
219	306	
1530	1602	
491	732	
160	306	
493	852	
264	183	
276	569	
557	1435	
681	389	
182	141	
1031	1090	
1639	1554	
1886	852	
308	379	
975	826	
344	726	
506	280	
225	365	
1157	467	
1301	710	
149	195	
715	275	
799	545	
549	715	
649	302	
305	603	
753	170	
1470	1473	
537	464	
657	1173	
528	111	
1125	1411	
1334	980	
396	709	
216	219	
997	777	
1459	1522	
157	98	
439	791	
661	965	
407	227	
1590	580	
460	839	
1910	765	
310	258	
705	413	
484	520	
636	1034	
732	726	
1233	344	
179	229	
825	581	
1684	1393	
