Factories	3	Jobs	100	Machines	3

Total number of component types per job processed by HSPM
8	11	8	9	12	10	11	11	12	10	10	10	12	9	10	7	5	6	12	8	5	6	7	12	5	8	11	9	11	8	12	9	9	10	11	5	6	8	11	8	12	5	10	7	10	10	7	7	10	8	11	7	5	8	11	8	6	8	5	11	12	7	8	9	12	10	9	9	7	8	12	5	8	11	7	6	8	8	5	10	5	9	10	10	8	8	10	9	7	7	7	10	11	6	11	9	10	5	10	5	

Total number of component types per job processed by MFPM
5	2	2	5	2	3	2	3	3	2	5	2	1	1	1	3	1	3	5	1	1	5	1	3	2	1	3	3	3	4	3	4	3	4	1	2	1	4	4	5	2	3	3	3	1	4	5	5	3	2	5	1	4	2	3	2	1	2	5	2	4	5	3	4	2	5	3	1	4	5	5	3	1	3	3	2	5	1	5	3	2	3	5	4	5	2	1	4	2	2	5	3	1	5	5	4	4	3	5	5	1	1	1	3	3	2	4	2	5	3	1	2	5	1	2	5	4	4	2	5	2	1	1	5	4	4	2	3	2	5	5	4	4	5	2	1	4	5	2	2	2	1	5	4	3	1	1	4	4	4	1	3	3	5	5	2	5	3	3	4	3	1	4	1	5	5	2	4	4	3	4	5	3	1	1	5	5	1	4	5	4	4	2	4	5	5	1	3	1	5	2	2	2	5	2	3	1	1	2	5	

All component type numbers for each job to be processed by HSPM
2	53	19	75	7	32	15	30	4	5	1	31	5	2	13	11	
14	17	0	42	6	73	1	57	18	47	2	65	12	9	4	7	13	5	7	38	11	37	
2	36	5	50	17	10	18	65	8	24	4	26	9	22	1	69	
12	63	13	9	0	16	5	11	11	35	3	31	18	26	19	43	10	64	
18	23	6	74	19	62	0	61	8	51	15	64	11	15	13	18	10	48	5	40	17	65	1	50	
13	58	5	52	9	64	0	60	4	23	2	3	16	7	6	2	15	22	14	45	
14	10	7	5	11	56	1	18	15	35	9	33	18	21	8	15	12	24	17	55	4	20	
2	51	13	11	15	22	1	67	8	33	12	60	7	31	0	25	14	73	17	54	10	64	
9	5	2	28	19	24	1	49	16	46	11	53	13	75	0	45	6	21	7	2	17	44	8	35	
18	20	1	44	3	36	19	27	9	58	17	37	6	68	2	75	5	5	14	48	
5	22	4	31	14	72	17	16	2	57	9	29	0	34	16	26	19	69	10	75	
18	36	5	72	15	30	13	67	10	44	2	58	3	18	0	29	6	74	11	46	
11	5	19	39	8	59	16	46	7	15	10	67	2	73	17	54	5	50	4	41	18	48	6	8	
2	8	11	24	16	7	6	47	4	13	3	9	7	26	5	60	17	2	
3	37	1	41	16	40	17	25	13	49	15	23	8	8	12	45	7	26	10	54	
17	28	10	6	3	10	18	4	9	18	13	22	15	67	
7	8	12	48	0	12	13	32	15	11	
15	68	14	6	12	4	1	59	4	50	6	40	
5	66	18	7	9	45	4	67	13	18	12	32	8	16	10	60	19	53	15	50	2	52	6	3	
17	24	11	26	19	69	7	63	14	64	1	17	4	31	2	13	
4	26	14	14	5	47	16	41	15	60	
12	11	3	4	13	74	5	59	9	45	4	67	
5	22	17	24	4	74	6	56	7	47	3	33	9	46	
10	2	6	41	12	3	2	58	5	73	8	40	1	9	17	49	18	5	13	46	19	26	16	30	
11	4	8	63	15	51	14	56	6	53	
4	72	8	3	12	42	7	68	10	4	13	14	3	33	14	43	
17	11	14	34	19	61	3	44	1	30	8	60	7	37	2	3	10	14	18	65	16	23	
6	58	0	66	7	44	9	74	2	3	16	70	17	43	4	14	18	69	
18	48	6	6	11	61	4	1	5	2	2	33	15	56	3	49	7	11	17	53	16	70	
11	7	15	40	1	12	17	64	4	2	9	18	12	32	5	27	
18	14	2	32	15	52	16	60	7	68	1	7	4	9	9	24	19	75	12	56	10	17	3	58	
5	52	4	74	17	12	1	51	6	11	14	66	0	59	15	34	12	35	
19	41	9	53	16	10	3	51	17	7	14	47	1	25	8	27	15	12	
0	48	11	66	18	53	3	54	12	16	15	58	6	74	8	75	4	18	10	5	
7	2	14	15	9	10	18	34	1	1	17	71	5	72	19	36	13	52	11	66	3	41	
16	30	13	73	3	19	15	27	1	67	
9	66	14	3	15	55	10	48	0	72	17	61	
8	26	17	34	6	8	7	12	16	73	13	72	3	55	0	49	
7	11	11	64	13	13	16	62	12	3	3	32	9	25	4	21	0	4	5	30	18	48	
6	21	18	8	12	14	0	55	2	40	13	49	8	33	15	9	
15	18	16	68	2	24	7	40	8	50	10	70	14	44	4	73	13	69	11	43	19	1	1	21	
14	30	18	26	17	22	13	21	15	27	
14	61	15	46	1	34	12	37	16	31	3	5	13	68	2	66	18	55	17	32	
6	41	11	40	9	64	10	15	13	4	19	22	3	75	
11	33	9	7	14	72	16	21	12	40	6	73	18	54	10	29	2	71	4	11	
12	75	7	4	14	37	17	23	13	65	1	24	18	7	9	68	2	71	10	36	
2	69	4	66	11	31	15	67	14	54	7	45	9	52	
2	25	17	19	9	71	11	60	19	3	12	32	16	40	
4	5	10	10	8	41	9	13	12	22	7	21	1	64	6	36	15	34	16	62	
3	38	0	52	10	58	9	42	14	64	16	13	19	69	15	49	
13	40	11	13	14	66	9	39	7	65	2	53	10	20	1	58	16	55	8	50	3	17	
12	32	2	19	11	57	5	63	6	1	19	2	16	20	
0	42	6	43	4	61	15	29	8	1	
1	28	8	3	19	61	12	59	16	14	15	55	18	19	0	63	
8	1	12	63	9	6	5	35	11	74	0	44	3	14	10	40	2	49	6	17	1	69	
10	46	0	23	6	20	19	19	2	52	14	60	13	37	1	58	
13	71	12	15	10	74	5	48	9	65	18	5	
15	45	10	18	14	71	4	6	6	46	19	12	18	39	5	37	
18	50	7	53	14	34	1	24	17	49	
2	7	6	12	11	71	19	52	15	63	7	69	5	6	0	45	9	48	1	5	4	49	
7	9	10	60	18	16	9	40	8	43	2	62	13	35	15	18	1	2	14	33	6	19	3	26	
1	8	0	43	4	1	2	67	7	9	8	68	18	28	
17	8	8	51	7	40	1	7	4	39	3	20	11	54	0	71	
7	73	17	71	9	74	14	12	3	56	1	20	6	17	18	50	11	61	
13	69	2	7	17	12	16	61	0	31	5	58	18	63	19	66	3	35	12	14	7	65	6	56	
6	57	3	30	7	6	13	2	10	56	18	36	16	60	2	32	4	45	17	59	
3	58	12	67	13	74	1	4	8	2	19	73	5	22	2	37	0	18	
12	31	2	24	3	33	8	18	18	74	0	48	6	30	17	34	11	64	
9	37	11	33	4	68	7	12	17	14	0	20	14	64	
3	64	18	57	4	29	1	58	6	32	11	53	17	11	9	41	
17	58	5	37	0	1	12	24	18	19	8	51	3	27	13	32	19	50	9	46	2	6	14	40	
7	7	3	1	6	56	16	32	9	37	
19	50	17	40	9	16	16	67	10	36	13	30	14	11	12	73	
17	28	11	25	15	70	19	69	3	33	12	38	14	22	7	23	16	11	2	68	13	65	
14	43	11	34	1	64	15	48	12	24	6	56	13	16	
19	53	16	73	11	16	9	13	15	26	10	24	
11	44	3	2	18	22	16	21	4	58	10	56	9	31	17	55	
5	56	10	42	19	45	14	31	9	26	18	3	8	62	7	60	
0	68	18	40	8	8	3	9	12	60	
19	38	6	75	5	15	8	18	18	42	15	47	13	21	14	74	1	29	2	32	
19	42	6	23	17	71	5	56	0	59	
14	2	11	57	19	67	16	46	13	58	2	59	6	6	8	29	1	50	
7	57	2	36	9	75	16	18	0	49	10	53	15	32	6	74	1	33	17	2	
5	11	13	43	12	71	16	13	18	68	17	30	10	10	11	63	1	25	9	58	
8	48	14	68	16	53	6	56	10	5	1	20	9	74	0	72	
5	19	1	40	9	60	11	75	4	62	7	31	19	23	0	36	
10	12	5	73	12	38	14	53	4	58	18	51	17	39	19	4	3	67	7	55	
4	19	1	62	14	20	18	26	5	57	11	10	17	45	7	41	12	69	
16	38	6	40	14	68	5	67	11	58	18	42	7	32	
15	23	0	43	19	15	16	36	7	6	2	75	4	71	
7	39	8	24	2	62	9	30	13	58	6	56	1	6	
8	10	1	66	10	32	0	44	6	55	14	48	11	24	13	37	5	1	3	49	
8	33	12	5	10	57	15	23	19	9	6	48	1	62	14	44	0	10	13	11	16	38	
2	5	4	63	18	54	14	68	10	35	5	44	
5	54	3	9	14	21	6	55	11	27	2	7	12	65	15	59	10	28	18	11	13	61	
14	32	11	67	15	54	6	63	12	74	1	2	10	16	5	69	9	47	
6	16	19	14	16	43	7	64	14	46	3	69	2	28	17	35	18	36	11	70	
9	20	11	39	3	67	2	74	18	35	
15	32	5	26	0	73	18	65	12	25	7	34	19	21	10	50	17	39	4	10	
14	26	15	6	3	49	2	42	18	35	

All component type numbers for each job to be processed by MFPM
0	9	7	23	6	16	5	24	8	10	
8	39	7	43	
5	23	1	24	
0	39	1	40	9	28	6	44	7	36	
6	23	9	18	
8	27	5	39	2	31	
8	24	5	3	
9	44	0	43	7	39	
5	2	3	11	8	25	
5	36	6	26	
2	6	8	12	3	15	5	9	6	17	
4	27	9	39	
5	20	
5	27	
2	11	
0	44	1	34	3	35	
0	7	
9	37	3	46	2	39	
7	16	6	1	8	19	4	25	5	2	
5	34	
6	1	
9	40	1	29	0	50	6	46	2	27	
4	25	
2	35	4	50	8	32	
7	21	5	23	
5	48	
0	20	5	9	8	3	
9	50	7	26	4	46	
1	1	9	22	2	20	
0	40	8	27	7	35	9	34	
2	5	5	2	0	13	
8	32	9	35	0	40	1	28	
6	22	2	16	0	10	
6	48	4	46	1	37	5	40	
9	7	
4	48	6	40	
9	2	
5	38	9	35	1	29	0	44	
7	9	5	10	8	19	2	14	
2	30	6	39	4	37	1	27	8	31	
2	8	5	6	
1	31	6	32	2	46	
8	10	6	4	5	24	
8	36	2	47	1	30	
0	23	
9	36	7	39	0	46	3	26	
0	3	2	1	9	9	3	10	8	6	
8	48	0	31	2	49	7	29	3	39	
1	6	5	7	2	1	
8	48	0	26	
2	17	3	4	5	21	6	2	0	10	
3	43	
7	25	1	13	3	16	5	23	
6	41	1	33	
2	21	8	4	3	20	
0	27	4	48	
0	22	
6	38	9	45	
6	24	2	22	8	16	5	10	3	4	
7	41	1	43	
9	12	4	15	5	7	1	2	
8	49	7	37	1	45	0	50	4	28	
5	15	6	21	1	25	
7	29	4	46	5	48	2	40	
3	10	9	23	
7	29	9	36	0	46	8	48	2	43	
3	20	7	25	4	19	
0	37	
1	15	8	25	4	18	9	14	
3	44	7	36	9	37	2	28	4	40	
5	9	8	16	7	23	3	6	4	25	
6	46	3	48	4	34	
7	14	
1	29	8	31	0	27	
4	25	7	1	2	13	
4	46	9	30	
5	15	8	1	4	12	3	19	9	20	
4	44	
6	18	9	12	4	6	2	15	7	25	
0	31	2	36	5	27	
1	19	4	10	
3	29	0	41	2	26	
0	22	9	15	6	7	8	23	1	24	
0	35	7	43	9	28	2	50	
0	3	5	20	6	24	3	12	2	2	
5	33	2	27	
7	5	
6	36	0	42	9	34	4	49	
4	23	5	17	
9	40	5	46	
0	10	7	17	8	7	1	11	5	20	
8	37	4	43	0	42	
1	7	
3	44	9	39	6	47	1	38	8	37	
4	6	5	19	3	25	2	9	8	13	
2	28	4	49	3	31	7	43	
7	5	4	13	5	17	6	6	
5	45	2	30	7	40	
5	17	0	9	3	7	6	23	8	24	
5	43	1	46	6	47	8	32	9	49	
7	13	
2	42	
2	14	
5	47	7	38	0	39	
4	25	3	6	2	3	
0	33	8	47	
6	3	7	16	1	5	4	18	
2	32	1	30	
4	21	2	24	3	13	9	11	1	19	
9	49	5	32	3	47	
8	24	
2	39	7	41	
1	13	7	16	8	3	0	14	6	9	
6	35	
7	19	0	3	
0	48	7	40	3	46	5	43	1	27	
3	15	4	8	8	6	6	24	
3	36	2	43	8	27	0	26	
8	5	4	7	
9	36	0	50	6	31	1	47	2	29	
2	22	4	3	
1	49	
8	6	
3	35	4	28	9	46	5	34	7	27	
9	15	1	13	5	12	8	24	
7	38	5	31	8	39	6	27	
4	25	6	7	
7	35	6	32	2	26	
6	2	8	11	
9	27	1	30	8	38	7	49	5	36	
1	25	6	18	0	14	8	17	2	1	
0	31	9	37	5	26	4	33	
0	7	9	4	4	22	3	15	
4	27	3	50	8	32	5	49	2	28	
9	24	3	18	
7	28	
4	4	6	8	5	13	3	21	
5	38	3	39	1	49	7	42	2	41	
3	12	6	16	
1	46	6	45	
3	13	4	4	
5	29	
1	14	0	2	5	4	3	16	9	25	
3	41	7	39	5	32	8	43	
5	16	2	12	6	21	
6	31	
1	2	
7	28	0	31	3	27	9	49	
1	18	9	17	8	8	4	22	
5	39	2	46	9	38	6	41	
8	12	
1	39	7	42	4	50	
1	18	3	4	0	14	
2	29	4	33	8	38	3	37	7	41	
4	3	0	22	5	4	3	14	6	21	
2	30	3	48	
1	15	5	20	2	5	3	11	6	22	
9	36	5	27	7	50	
4	18	1	5	3	10	
8	26	3	30	0	49	6	35	
5	4	1	14	4	20	
9	33	
2	23	7	2	9	16	3	12	
0	45	
7	1	9	22	4	16	1	23	6	2	
4	45	2	43	9	39	7	49	6	46	
0	16	1	20	
8	32	6	47	9	33	4	44	
0	10	7	1	1	6	5	17	
2	42	8	29	9	33	
0	21	9	4	8	3	7	15	
8	42	9	33	5	31	0	29	7	46	
2	15	9	1	5	10	
5	32	
2	14	
6	40	9	38	3	33	0	32	1	48	
9	8	4	16	2	9	8	2	1	20	
0	49	
1	13	5	20	3	3	7	24	
0	48	4	39	1	35	8	44	3	32	
0	13	9	8	5	22	1	7	
7	31	6	46	9	26	0	30	
2	11	6	1	
7	37	9	45	4	43	0	26	
1	7	5	9	9	4	6	10	3	23	
8	35	4	46	2	27	7	29	6	28	
4	7	
2	28	0	36	9	35	
4	25	
6	30	7	41	3	32	1	34	9	47	
7	5	8	4	
6	44	0	32	
5	18	8	22	
8	33	6	34	0	30	9	48	3	42	
6	23	1	17	
5	32	2	35	6	39	
5	1	
4	29	
5	8	2	6	
1	31	9	45	6	28	4	43	0	47	

Three processing times per job on each machine
The best scenario
151	140	144	
220	233	120	
51	85	80	
339	128	267	
286	152	289	
58	14	31	
235	106	351	
23	16	26	
37	34	44	
135	431	312	
80	72	47	
285	473	246	
72	24	28	
29	35	13	
234	245	307	
58	48	88	
147	209	83	
50	62	83	
123	97	54	
461	132	475	
39	97	77	
94	129	95	
28	30	28	
306	165	131	
40	19	73	
63	70	64	
331	408	121	
86	64	35	
104	99	64	
102	136	128	
144	188	53	
102	93	74	
38	152	216	
260	120	389	
86	47	29	
260	386	239	
99	137	133	
332	240	355	
226	179	115	
324	143	91	
108	191	372	
35	30	62	
156	103	230	
38	26	30	
193	199	199	
182	85	112	
255	164	210	
119	426	361	
223	71	57	
90	119	89	
312	223	413	
162	145	124	
216	201	190	
99	105	57	
215	149	120	
186	107	191	
277	249	286	
65	176	223	
142	34	129	
122	60	47	
76	137	96	
297	75	247	
560	103	328	
83	196	197	
98	211	320	
109	194	251	
117	130	257	
30	26	29	
82	307	216	
281	89	185	
46	54	23	
180	114	50	
119	165	140	
234	263	285	
153	63	134	
71	124	129	
56	151	147	
247	248	82	
48	20	25	
45	19	32	
120	220	236	
82	65	59	
20	31	59	
92	278	320	
377	292	122	
53	123	111	
319	96	197	
264	200	432	
95	171	130	
380	336	350	
187	106	101	
74	76	131	
155	166	95	
289	233	203	
170	263	163	
134	501	331	
30	63	87	
111	382	322	
90	37	52	
155	393	195	
Most likely scenario
154	218	246	
297	264	148	
79	91	81	
372	143	328	
347	247	306	
80	27	61	
344	177	373	
36	27	35	
46	35	48	
211	473	412	
102	89	73	
532	499	443	
80	43	38	
41	48	20	
430	479	313	
94	96	94	
238	304	115	
97	68	101	
184	129	102	
491	175	508	
66	98	129	
113	149	125	
48	41	30	
406	266	223	
57	30	77	
79	84	82	
462	432	237	
103	65	37	
129	178	99	
129	253	140	
228	242	101	
136	127	116	
76	172	241	
314	146	408	
102	58	39	
330	447	459	
165	175	219	
388	424	384	
411	230	216	
419	186	153	
157	192	423	
70	35	97	
268	128	267	
45	37	52	
245	229	302	
204	94	131	
402	272	337	
150	483	396	
230	118	109	
107	156	92	
373	426	521	
169	206	231	
403	370	342	
114	111	69	
302	240	143	
205	114	346	
323	313	289	
117	249	301	
167	51	162	
166	99	77	
94	155	130	
316	102	258	
562	182	401	
121	352	385	
126	276	431	
141	225	291	
185	134	327	
39	27	39	
112	371	303	
392	138	368	
87	58	43	
199	199	93	
142	238	211	
387	401	326	
158	124	137	
126	171	198	
78	184	166	
275	334	147	
60	36	38	
57	34	49	
141	226	266	
83	69	71	
22	57	79	
134	400	356	
383	345	226	
68	239	218	
342	102	210	
414	347	472	
137	207	227	
389	371	488	
189	139	194	
109	89	142	
228	192	164	
385	345	400	
288	345	214	
212	506	353	
58	92	154	
134	487	442	
124	67	55	
232	431	216	
The worst scenario
207	315	287	
401	329	185	
99	126	117	
503	177	367	
367	361	367	
98	40	80	
475	194	505	
37	33	49	
58	38	66	
212	492	467	
104	94	107	
666	637	448	
104	62	52	
60	65	25	
444	656	321	
103	113	116	
255	380	164	
108	78	151	
185	146	109	
686	197	649	
98	100	151	
142	209	129	
66	58	42	
579	386	298	
85	41	105	
108	124	106	
469	599	333	
151	81	44	
152	265	116	
165	298	199	
254	353	147	
182	174	148	
96	192	326	
423	201	457	
144	69	50	
488	528	680	
236	200	257	
393	525	437	
612	274	317	
606	245	160	
171	264	572	
82	44	120	
357	158	308	
56	45	61	
314	287	409	
242	133	178	
544	325	402	
192	509	464	
248	158	149	
141	211	105	
421	502	623	
234	223	345	
572	382	478	
123	165	81	
431	345	172	
256	159	415	
450	332	401	
143	368	371	
185	74	192	
236	132	101	
137	204	195	
365	146	300	
695	254	409	
152	396	536	
161	318	533	
146	258	380	
247	185	487	
48	32	51	
162	459	342	
446	190	432	
112	76	46	
228	233	103	
192	282	246	
471	528	333	
189	131	164	
167	255	257	
91	260	215	
297	398	156	
61	49	51	
84	37	60	
183	253	327	
119	82	88	
32	72	117	
142	529	517	
424	426	258	
81	274	327	
372	106	230	
431	482	506	
194	239	234	
488	506	522	
230	153	251	
140	95	175	
230	220	207	
479	496	551	
343	474	271	
275	564	527	
74	108	203	
188	721	520	
131	80	76	
340	604	246	
