Factories	5	Jobs	100	Machines	2

Total number of component types per job processed by HSPM
12	12	10	9	10	11	5	12	10	11	9	6	6	5	7	11	9	11	8	7	9	9	12	10	5	9	5	12	11	6	5	11	6	11	7	10	6	12	5	12	8	5	6	10	8	10	10	10	12	7	8	9	11	9	7	9	5	12	12	6	5	7	5	5	12	5	11	7	8	5	5	5	5	12	10	12	10	9	7	11	7	10	11	10	6	5	6	5	8	9	9	9	9	6	10	7	7	10	6	7	

Total number of component types per job processed by MFPM
1	1	1	4	3	2	1	3	3	5	3	5	2	4	4	4	4	3	2	3	2	3	3	3	1	1	5	3	2	4	2	2	5	1	3	3	3	3	4	1	1	4	3	5	5	2	5	1	5	2	4	2	3	3	3	2	5	1	4	2	2	3	1	3	5	4	1	2	3	1	4	3	5	4	4	4	5	4	4	5	1	2	4	2	2	2	1	1	2	3	5	1	2	2	3	2	4	4	2	4	

All component type numbers for each job to be processed by HSPM
14	29	18	63	8	35	11	41	1	47	5	40	12	44	2	19	10	28	16	71	3	13	15	38	
7	16	4	37	18	9	17	69	0	17	12	43	13	67	9	64	5	8	15	39	14	60	1	63	
8	63	10	19	0	35	12	24	2	51	17	23	16	14	19	3	15	13	9	62	
10	71	3	61	14	18	16	65	5	14	17	4	7	60	0	3	13	51	
5	21	15	37	6	19	7	9	3	11	1	57	10	49	2	44	4	10	9	60	
0	20	16	15	10	36	17	35	2	75	3	66	12	47	13	46	18	11	11	17	9	19	
17	50	7	65	10	4	16	19	3	47	
9	52	7	18	10	42	17	36	5	38	12	8	1	55	6	62	4	37	8	2	16	26	2	54	
1	67	3	56	16	11	11	29	5	34	0	54	12	70	8	2	6	72	2	19	
16	56	13	16	6	3	1	37	3	44	9	75	7	14	18	47	11	31	10	45	5	34	
13	48	12	4	4	70	15	19	14	15	19	67	18	53	3	72	17	7	
4	50	18	54	0	75	14	42	1	59	8	26	
17	26	11	68	5	44	14	54	7	39	8	33	
5	36	6	22	11	67	7	55	8	33	
2	5	5	34	13	12	19	29	6	10	15	39	9	61	
4	36	14	41	15	26	7	22	10	73	9	69	5	57	19	16	18	46	17	28	13	1	
5	40	10	13	14	9	15	47	0	53	17	19	13	39	7	36	18	66	
10	55	6	32	11	13	0	64	7	14	4	34	8	17	14	75	13	11	19	40	17	43	
4	74	18	71	11	31	13	43	0	64	8	62	16	56	2	47	
15	56	19	17	5	5	1	19	13	63	14	46	17	75	
5	68	0	6	8	11	13	25	14	15	10	1	16	73	12	19	1	17	
14	55	3	8	9	26	1	46	6	70	12	7	0	34	7	75	19	4	
19	17	0	41	8	38	17	54	3	75	16	3	14	15	4	19	15	59	9	18	2	67	11	37	
16	58	7	66	14	72	10	13	4	53	2	74	8	14	9	68	12	4	13	26	
3	49	0	9	6	14	1	56	5	2	
13	40	4	74	2	63	19	68	12	73	11	35	9	46	14	61	8	60	
5	26	15	71	12	74	10	20	6	2	
8	44	19	29	5	30	11	35	9	20	15	71	17	47	4	12	10	34	0	17	6	51	16	62	
4	62	7	17	9	51	10	32	8	54	17	20	3	41	1	36	18	64	5	12	2	29	
3	52	8	62	9	7	7	71	6	44	16	51	
1	17	5	6	4	65	6	28	0	21	
18	48	2	36	7	19	8	50	0	65	13	44	14	49	12	24	16	56	5	38	6	57	
17	35	2	60	1	25	19	7	15	5	8	4	
11	45	18	70	16	28	15	40	12	24	1	43	19	32	3	56	7	4	5	53	2	58	
7	51	17	71	19	52	14	70	16	22	5	42	6	57	
17	34	11	10	8	55	14	49	7	22	12	54	19	13	9	59	6	50	5	41	
19	45	18	53	9	44	12	51	6	62	10	6	
13	69	9	59	14	49	0	5	15	60	7	12	4	51	18	23	1	27	11	67	12	53	3	9	
7	48	6	59	12	60	8	16	1	73	
2	39	10	74	13	31	3	32	19	53	11	64	0	52	5	27	8	8	18	59	1	46	4	69	
18	44	12	61	11	71	19	67	8	9	9	23	13	65	15	47	
7	39	17	35	1	38	15	25	18	56	
19	22	7	17	6	58	0	40	18	67	2	59	
2	65	14	48	5	31	15	70	6	12	13	5	9	28	8	4	3	64	17	53	
3	35	17	44	8	23	13	19	4	60	2	32	5	52	9	14	
14	54	3	17	5	70	7	68	9	21	17	2	18	51	13	45	12	72	0	9	
5	52	11	20	9	46	14	6	18	33	6	66	0	12	17	68	16	40	7	11	
1	62	16	49	6	3	10	53	18	31	0	61	4	56	7	20	14	33	19	22	
4	65	18	8	1	44	15	41	3	37	10	16	13	52	8	54	14	66	9	31	17	25	6	48	
14	45	10	21	15	12	5	48	12	14	6	71	13	59	
2	33	5	32	1	37	8	18	11	59	13	69	9	28	17	71	
4	53	15	8	14	48	11	45	0	73	17	62	12	60	16	63	10	28	
13	17	8	22	0	71	2	48	3	2	12	66	9	59	18	10	7	25	6	55	5	63	
2	69	17	53	1	16	0	54	8	57	10	72	11	42	14	49	5	7	
17	15	15	28	12	53	14	4	16	45	7	17	0	74	
15	20	8	28	0	69	14	29	17	16	19	41	9	38	6	47	7	21	
0	17	19	8	9	9	11	52	16	56	
8	65	3	49	4	20	19	17	1	50	7	44	10	37	16	54	0	70	6	15	12	9	15	26	
8	75	6	4	14	40	15	39	5	28	0	8	12	42	18	25	11	37	4	44	17	54	19	30	
3	30	13	73	17	8	15	55	9	19	6	68	
4	6	13	69	3	4	5	43	19	32	
11	69	3	33	14	40	15	23	16	59	13	73	18	6	
5	9	17	19	4	22	9	41	0	71	
19	31	7	28	4	66	9	16	2	8	
15	34	10	2	4	22	14	33	0	18	19	14	8	9	9	23	12	66	13	48	18	68	16	40	
2	8	3	70	19	25	8	29	11	54	
17	67	19	66	8	61	6	7	15	22	13	25	9	3	5	59	2	21	4	62	11	5	
12	43	4	55	3	11	15	21	6	17	16	15	1	4	
4	28	9	9	15	75	3	30	16	24	2	5	18	60	1	3	
15	32	8	11	4	74	13	2	1	75	
0	63	14	74	15	21	1	66	2	37	
2	74	13	62	7	56	10	51	6	49	
13	2	9	12	10	20	14	39	7	36	
18	13	3	17	5	38	17	1	0	64	15	73	4	36	8	16	12	57	11	44	10	61	9	26	
8	45	1	3	3	50	4	4	9	63	16	5	12	18	14	36	10	22	19	39	
2	74	15	52	13	62	9	10	7	63	3	40	0	70	16	36	19	23	14	53	17	48	11	18	
11	18	5	33	4	19	0	66	12	28	13	37	8	41	15	29	9	30	17	1	
5	54	0	53	11	35	9	63	14	13	8	57	4	51	2	65	19	75	
2	58	12	28	11	22	13	37	18	20	3	38	19	63	
19	61	9	4	8	1	10	48	1	37	15	50	4	13	13	40	12	59	6	58	3	62	
10	16	16	26	5	74	11	70	7	29	12	35	4	11	
14	68	11	27	10	51	6	73	3	19	2	54	19	46	4	9	9	56	8	5	
1	19	15	48	3	74	12	5	6	69	10	1	18	75	8	23	4	61	7	9	13	12	
18	1	19	66	1	34	9	4	6	10	2	35	11	69	8	7	12	49	4	75	
4	42	11	21	17	5	7	44	12	22	5	25	
19	5	17	10	14	21	15	31	9	74	
4	57	5	11	18	28	17	62	6	66	15	61	
9	4	0	3	14	9	12	42	10	52	
15	31	13	5	1	68	14	40	8	75	12	53	4	42	6	16	
12	25	3	32	18	12	10	6	16	13	15	71	8	49	13	73	6	58	
0	25	2	3	7	42	10	16	11	28	4	58	1	12	15	7	16	23	
1	56	19	70	6	71	9	67	2	72	10	20	3	30	7	32	15	5	
4	71	3	74	19	1	6	68	12	63	9	25	5	13	14	34	7	44	
16	6	10	65	19	60	18	30	8	27	7	29	
14	60	12	40	7	9	5	62	18	14	11	33	8	6	6	11	3	19	1	44	
16	9	9	61	11	67	17	39	10	2	14	51	1	28	
19	21	6	25	14	40	12	41	13	34	18	7	9	48	
5	57	16	70	17	67	4	50	10	43	0	26	2	38	18	25	11	37	9	65	
15	52	2	42	1	25	11	56	6	9	19	67	
7	21	11	5	17	64	15	55	12	50	18	22	2	26	

All component type numbers for each job to be processed by MFPM
0	11	
9	19	
0	20	
6	5	5	6	0	24	3	19	
5	19	2	11	1	13	
2	7	1	20	
8	1	
8	6	4	24	3	18	
8	13	0	7	7	22	
7	22	9	15	2	8	4	20	5	9	
1	23	6	10	4	21	
3	14	5	16	9	10	7	7	6	24	
2	13	5	5	
3	2	1	6	5	11	7	16	
0	8	1	20	4	23	5	22	
9	17	2	19	3	5	5	25	
0	19	4	14	9	12	1	13	
2	2	4	4	8	3	
4	9	9	23	
3	6	4	14	5	1	
8	16	9	1	
7	1	0	2	3	4	
9	16	8	9	3	17	
0	4	1	2	2	15	
5	2	
6	6	
7	11	1	12	2	13	8	17	5	9	
0	23	3	14	1	11	
4	15	9	12	
9	8	3	11	5	17	6	19	
2	17	9	10	
3	3	6	5	
4	18	3	19	8	15	1	10	2	13	
9	15	
8	16	1	22	4	8	
1	13	5	4	4	3	
5	12	7	3	0	8	
1	21	9	15	3	18	
2	21	8	20	5	10	6	22	
6	7	
2	13	
3	6	4	10	1	25	5	5	
9	8	5	16	2	9	
8	6	2	17	1	18	6	15	0	9	
0	14	1	1	5	3	2	17	6	25	
3	5	7	18	
8	17	0	8	6	24	3	23	9	20	
6	25	
7	18	2	23	9	8	0	19	3	5	
4	4	8	16	
9	9	4	3	2	5	8	22	
0	22	4	7	
1	25	5	7	8	3	
5	17	6	22	7	23	
7	7	9	6	0	8	
2	11	1	20	
2	24	4	22	3	4	5	9	8	11	
0	15	
8	4	0	5	2	12	1	15	
6	16	2	22	
2	18	5	11	
7	7	5	3	4	4	
7	18	
0	15	1	24	5	5	
8	21	2	17	4	4	3	24	0	22	
4	18	1	25	3	15	5	2	
9	25	
1	12	2	6	
0	6	5	23	3	15	
2	2	
9	17	8	18	4	24	5	22	
6	5	7	20	4	21	
1	6	5	9	7	17	3	21	0	22	
5	10	1	7	6	20	9	1	
3	22	1	16	2	25	8	20	
2	9	1	23	3	14	5	25	
2	14	6	11	0	17	5	16	4	22	
9	4	2	12	6	11	3	3	
2	25	7	16	5	4	9	22	
8	25	2	9	5	20	0	15	1	24	
3	5	
7	21	9	9	
1	20	0	21	8	12	7	14	
8	24	0	22	
9	3	4	9	
7	25	0	14	
9	5	
7	11	
1	2	8	7	
5	6	1	24	3	14	
6	20	8	4	7	12	2	17	0	8	
3	24	
9	2	8	11	
9	15	2	16	
8	14	9	15	0	13	
9	5	8	8	
2	6	0	13	9	2	3	17	
2	24	8	13	0	5	3	9	
3	5	9	7	
4	22	1	16	2	23	9	8	

Three processing times per job on each machine
The best scenario
334	213	
164	240	
143	229	
21	41	
84	52	
232	294	
118	43	
114	111	
190	200	
87	232	
122	207	
33	41	
120	189	
227	102	
184	235	
70	115	
169	121	
82	92	
37	21	
268	230	
99	57	
66	49	
53	92	
30	30	
144	92	
201	85	
298	104	
135	90	
150	108	
62	128	
207	252	
77	339	
237	251	
271	150	
304	124	
207	273	
287	119	
143	130	
38	34	
103	125	
53	59	
175	88	
118	158	
42	110	
65	150	
155	203	
192	43	
23	23	
313	252	
83	86	
227	131	
152	129	
43	69	
306	319	
107	154	
290	67	
105	49	
164	329	
22	34	
116	119	
52	38	
79	162	
211	68	
275	228	
100	26	
137	121	
54	72	
294	71	
84	58	
187	296	
44	137	
268	375	
138	412	
82	75	
205	216	
77	145	
463	196	
398	200	
110	65	
144	291	
120	123	
199	116	
137	141	
290	246	
97	154	
50	39	
175	371	
417	394	
57	41	
68	217	
90	71	
54	40	
45	31	
349	191	
158	75	
113	63	
69	159	
108	179	
149	223	
317	187	
Most likely scenario
394	240	
286	275	
238	391	
23	53	
141	53	
407	466	
174	56	
159	201	
236	350	
100	238	
131	330	
40	51	
188	295	
246	147	
292	287	
75	157	
206	153	
89	183	
52	28	
276	345	
131	76	
108	86	
73	134	
47	36	
212	162	
214	131	
373	176	
154	130	
164	196	
107	205	
316	347	
121	410	
317	355	
294	249	
462	136	
245	279	
384	137	
278	131	
49	44	
154	187	
74	106	
246	98	
147	245	
70	149	
107	190	
157	312	
263	68	
25	26	
389	444	
142	99	
304	158	
286	199	
79	103	
445	370	
198	216	
475	120	
110	86	
259	362	
42	37	
133	163	
58	62	
96	168	
223	69	
329	297	
116	36	
162	196	
59	96	
325	94	
118	89	
283	364	
71	155	
465	394	
242	473	
99	98	
320	262	
89	158	
514	293	
443	213	
118	95	
176	369	
191	221	
297	228	
250	182	
380	459	
131	209	
68	52	
193	482	
504	397	
78	42	
70	282	
91	78	
68	72	
56	57	
373	213	
165	91	
158	111	
105	186	
139	269	
251	242	
398	188	
The worst scenario
544	263	
335	379	
253	533	
26	63	
200	69	
523	509	
243	57	
195	283	
267	462	
108	299	
196	422	
56	72	
203	392	
314	149	
320	416	
99	227	
275	163	
104	202	
77	42	
347	444	
163	96	
114	102	
75	158	
63	52	
231	228	
276	182	
449	244	
158	185	
214	278	
108	273	
463	504	
165	516	
401	518	
408	373	
545	186	
358	374	
452	184	
347	162	
67	49	
227	208	
111	124	
287	115	
150	315	
98	150	
137	277	
216	375	
327	71	
29	34	
459	462	
159	145	
423	208	
346	295	
115	111	
578	402	
242	258	
526	149	
153	116	
326	525	
52	47	
154	214	
64	92	
128	169	
265	73	
346	316	
173	50	
166	209	
64	104	
353	98	
163	108	
285	484	
99	222	
626	553	
347	674	
100	112	
388	349	
126	202	
692	386	
476	234	
137	125	
235	511	
268	266	
387	342	
368	197	
531	552	
164	240	
95	64	
286	488	
575	439	
96	61	
83	405	
102	110	
77	80	
78	67	
548	229	
214	119	
183	118	
133	217	
160	355	
368	353	
565	221	
