Factories	2	Jobs	200	Machines	3

Total number of component types per job processed by HSPM
7	10	7	6	10	5	9	11	8	7	8	11	5	7	5	8	12	6	5	7	8	8	12	9	12	11	9	10	8	9	10	7	5	9	10	11	12	11	7	11	9	11	9	12	6	5	9	9	5	10	6	9	5	10	5	8	10	11	10	12	6	8	10	11	12	5	11	11	6	10	6	11	5	7	12	8	10	7	7	10	11	8	10	9	8	10	12	9	6	5	8	6	11	8	8	12	11	7	12	5	11	5	6	9	12	11	8	9	11	7	8	5	6	8	10	7	9	8	6	7	9	12	12	7	9	9	5	10	12	7	12	9	10	10	5	7	6	6	5	6	7	11	11	8	6	9	5	11	7	6	5	7	12	6	5	9	6	10	8	5	5	12	12	7	10	9	5	11	11	8	12	7	7	11	8	5	10	12	11	5	11	10	8	10	5	11	11	11	11	11	10	5	7	6	10	7	12	11	6	7	

Total number of component types per job processed by MFPM
5	2	1	5	5	4	2	4	4	4	1	5	1	3	5	3	1	5	5	3	4	4	4	3	1	1	1	3	2	3	2	5	2	2	4	2	5	2	2	2	3	3	1	3	1	3	2	3	5	1	3	4	5	3	4	4	5	2	4	2	5	3	1	1	1	4	5	2	1	3	1	1	5	4	2	1	1	2	2	1	1	1	1	4	5	5	2	4	1	2	4	5	3	3	2	5	5	5	2	2	5	3	1	3	5	2	1	5	2	4	2	3	4	3	3	1	3	5	1	4	1	4	2	2	4	2	3	2	3	4	4	5	5	5	4	3	5	3	2	1	3	2	4	3	2	5	3	1	5	4	2	5	4	1	2	4	1	5	2	2	4	1	2	4	4	3	2	1	5	3	5	4	1	2	1	5	1	2	4	4	1	1	2	1	1	2	5	4	1	2	2	3	4	5	3	4	3	5	5	2	3	2	4	1	2	3	1	5	5	1	2	1	4	5	3	5	3	1	3	1	2	3	2	2	3	2	3	4	3	5	1	2	5	4	2	3	4	3	5	5	5	4	3	2	3	4	5	2	5	1	4	3	5	5	1	3	1	4	4	1	4	5	2	4	4	5	5	2	1	3	1	3	1	3	3	1	4	2	3	5	3	5	4	1	4	5	5	2	5	4	1	4	4	5	4	3	5	4	2	4	2	3	4	5	5	5	5	2	1	3	3	1	3	4	1	5	5	4	5	3	3	4	3	5	4	5	5	2	4	5	4	5	1	4	3	5	2	1	1	3	4	2	5	5	5	2	5	3	4	4	5	3	4	5	3	3	4	1	3	1	3	5	3	1	5	4	1	4	4	4	1	4	2	2	2	3	3	4	5	2	1	3	2	3	5	3	3	1	5	3	4	3	2	3	3	1	5	2	2	4	

All component type numbers for each job to be processed by HSPM
13	13	5	35	3	43	2	17	18	53	8	60	17	47	
14	72	8	23	3	9	10	67	11	1	4	19	1	70	5	66	0	44	12	18	
11	75	7	22	6	20	10	1	19	3	8	67	17	55	
6	39	7	65	11	19	3	14	0	28	5	35	
16	63	14	14	5	10	17	5	10	56	19	57	18	43	15	41	11	71	6	65	
19	6	0	15	17	19	7	49	13	1	
7	42	18	53	11	48	9	14	1	69	14	28	2	2	5	15	0	56	
14	27	5	32	12	20	1	34	8	38	6	61	13	63	3	72	18	33	19	71	16	28	
10	67	7	68	17	12	3	13	16	22	18	38	13	4	15	17	
15	16	0	50	11	35	19	42	9	18	7	19	6	2	
7	14	2	53	10	34	14	31	8	45	19	64	3	20	9	67	
12	6	14	49	18	67	13	44	19	35	5	63	2	28	4	38	15	57	17	62	16	69	
4	29	14	17	1	61	10	2	5	60	
4	63	10	22	18	13	19	60	2	21	15	17	3	68	
0	24	17	50	6	31	16	27	9	58	
12	75	18	24	1	22	13	32	15	50	2	14	0	69	5	2	
5	71	12	27	16	36	2	3	10	5	11	25	4	4	19	2	14	39	17	54	8	9	0	24	
14	15	10	29	6	13	3	57	18	23	8	36	
4	53	1	33	18	49	13	19	16	5	
14	59	2	31	16	55	19	25	0	5	5	58	11	17	
10	18	18	26	19	53	4	67	9	54	7	40	13	12	1	30	
13	46	15	2	7	49	10	59	8	29	12	75	2	6	17	54	
3	37	2	6	15	17	4	40	12	50	1	34	9	46	6	65	13	70	16	71	0	56	5	29	
0	60	8	31	17	73	14	52	3	1	18	22	4	24	7	15	5	14	
3	15	17	24	19	9	4	4	2	39	6	57	5	51	10	71	12	43	0	30	16	42	13	68	
9	35	18	18	2	2	10	3	12	16	4	4	0	44	17	42	6	71	15	66	19	38	
15	3	17	42	9	43	10	14	0	65	5	13	11	68	1	36	19	49	
6	2	0	62	18	36	17	8	10	30	7	34	1	13	19	3	12	28	14	40	
4	23	15	1	12	59	14	47	10	35	19	29	17	60	3	11	
12	45	10	1	1	15	9	54	11	34	14	62	3	12	18	63	13	16	
16	44	19	46	10	70	18	40	4	11	12	31	0	14	3	41	9	23	8	33	
19	31	10	57	0	28	15	61	18	69	4	73	6	52	
17	60	14	67	18	22	4	32	13	69	
15	71	17	2	0	7	18	21	6	54	10	17	14	75	9	55	8	70	
0	50	16	26	12	44	11	72	17	68	9	16	18	40	3	17	4	13	13	38	
12	70	7	38	19	59	8	6	14	60	1	45	18	65	2	39	9	68	17	31	4	33	
0	50	13	70	17	74	5	2	15	68	7	26	11	62	18	43	9	12	16	23	2	42	4	3	
12	54	6	28	11	50	15	46	17	2	4	8	16	5	13	68	7	1	5	52	10	33	
10	58	19	51	4	74	16	26	17	6	12	48	7	73	
10	47	19	55	11	43	5	26	0	6	14	40	2	10	1	72	6	71	13	50	18	62	
0	49	9	2	16	38	19	37	13	32	17	47	4	68	18	46	12	16	
18	72	6	22	4	74	11	64	7	47	3	26	8	39	15	43	17	35	0	14	10	63	
6	5	17	22	3	56	18	67	0	41	7	45	2	13	10	35	19	32	
4	39	6	16	2	71	10	46	17	48	8	37	12	13	19	31	15	33	16	73	18	28	5	10	
2	35	10	10	17	8	14	24	15	69	19	52	
17	8	18	12	3	47	14	34	10	38	
8	28	7	8	4	3	17	62	12	31	2	21	6	49	9	40	16	38	
9	71	14	9	10	14	4	68	3	37	18	3	13	34	11	15	0	46	
4	4	6	7	16	36	5	3	7	55	
8	50	1	3	17	1	3	52	11	58	4	25	5	30	15	64	12	62	16	15	
2	65	18	21	3	74	15	53	12	48	9	55	
13	56	9	6	15	63	0	20	11	45	7	21	10	16	5	33	18	25	
5	46	3	53	8	12	12	65	14	61	
18	73	5	75	13	12	0	20	15	64	4	1	6	40	14	62	11	68	17	55	
13	25	5	60	3	21	18	75	11	45	
17	39	12	19	15	67	5	42	9	2	4	27	19	17	1	75	
9	26	18	37	0	34	7	68	2	41	12	51	1	39	17	66	14	28	6	61	
18	47	3	28	7	36	8	46	1	35	11	72	16	59	19	24	13	15	5	29	15	68	
18	18	10	64	14	40	12	3	7	9	17	56	2	74	3	1	16	46	1	6	
14	58	12	71	15	42	6	5	13	61	17	56	7	26	1	27	18	21	0	55	16	11	4	65	
7	66	5	75	17	71	14	17	6	24	9	27	
7	49	14	63	9	12	10	10	17	25	3	56	15	55	0	72	
4	61	5	26	3	33	16	19	15	70	10	1	12	39	1	30	6	29	11	50	
19	75	14	67	17	2	6	29	4	68	1	28	3	46	12	42	16	36	5	51	13	30	
4	2	3	45	2	42	10	59	0	58	8	25	18	75	13	18	15	62	9	52	7	7	16	72	
16	32	18	66	9	67	4	65	19	20	
4	39	11	50	10	56	12	45	2	70	5	74	17	46	13	49	3	27	0	31	7	6	
10	57	2	45	5	36	6	59	13	69	4	14	8	20	19	10	15	35	17	43	11	34	
13	44	5	40	9	26	10	11	4	8	1	42	
3	71	4	3	1	31	16	49	2	7	14	8	18	63	15	2	13	33	0	22	
4	19	13	4	6	61	0	38	17	42	3	60	
16	56	4	28	11	52	6	72	17	24	9	32	12	7	19	50	3	60	2	33	14	59	
12	38	17	33	7	17	19	7	1	58	
15	18	16	35	13	70	14	49	4	74	10	65	8	63	
6	36	9	5	7	57	4	35	12	37	15	26	2	46	13	16	18	60	8	45	0	61	1	30	
18	22	12	7	4	35	14	47	9	62	5	12	1	23	0	2	
15	28	3	11	5	16	0	58	8	36	9	27	18	73	11	25	19	29	10	18	
8	64	19	14	6	65	11	2	3	3	9	20	2	66	
11	31	9	60	17	67	8	13	2	6	6	23	3	21	
16	56	1	4	11	40	14	53	8	65	6	33	3	43	17	70	15	74	2	55	
8	34	18	53	13	59	17	41	19	66	9	67	5	43	0	62	2	22	14	63	12	68	
0	18	14	72	1	45	17	7	8	4	10	36	2	40	4	30	
19	8	18	5	15	43	9	31	14	65	11	73	12	38	16	52	17	4	7	1	
11	27	9	54	2	22	14	18	6	31	18	40	5	60	13	52	0	75	
3	61	10	62	9	59	7	69	1	52	11	8	5	30	19	71	
14	50	12	54	2	19	7	45	5	8	6	10	18	1	1	51	3	32	13	13	
18	19	0	7	17	75	3	39	10	12	19	74	6	43	15	25	8	23	7	62	12	61	11	56	
1	48	19	39	10	7	12	34	8	46	11	53	7	11	13	20	14	25	
4	73	7	51	18	38	9	28	5	11	11	44	
4	53	8	66	17	75	7	13	2	50	
18	59	17	22	16	63	0	21	15	66	2	10	5	20	11	56	
5	50	18	2	9	70	0	18	16	69	2	8	
4	65	10	75	15	58	17	46	13	52	2	16	1	60	3	67	12	66	18	70	19	42	
8	56	5	38	9	19	13	36	1	17	2	20	6	54	18	15	
3	34	5	1	13	28	6	23	9	11	2	27	11	10	10	8	
19	11	13	5	1	67	7	6	10	48	17	72	9	74	12	60	8	40	2	51	6	17	3	25	
3	39	4	61	15	65	12	66	18	11	2	26	13	5	14	28	9	14	0	4	10	29	
19	37	18	64	12	5	2	28	0	18	3	51	11	19	
13	48	17	3	4	63	0	44	5	17	6	73	8	23	14	18	7	13	18	75	9	41	2	28	
19	28	9	7	8	25	5	36	1	11	
10	10	6	61	1	33	4	68	8	43	18	18	12	45	13	72	19	6	14	42	3	14	
5	40	10	27	0	29	18	1	8	3	
5	20	11	22	2	48	16	58	10	59	3	30	
7	20	10	39	2	12	1	69	16	55	14	56	9	8	11	11	19	32	
19	31	4	35	10	49	1	39	9	72	12	18	18	2	17	64	2	15	5	69	7	26	16	63	
17	45	9	14	8	8	12	25	2	21	18	73	13	40	6	53	15	50	19	67	1	54	
19	72	12	71	14	40	11	24	16	54	18	42	9	30	8	13	
10	49	7	14	1	16	17	21	4	47	15	2	14	68	9	31	12	9	
13	50	5	30	12	33	3	42	15	15	9	21	7	22	8	63	14	29	0	5	4	75	
18	35	11	64	3	13	8	21	14	74	13	60	1	2	
16	70	5	10	11	23	1	11	8	14	10	55	13	50	14	44	
3	21	15	18	8	35	7	11	10	67	
10	37	1	61	12	19	9	70	5	41	18	31	
12	18	17	10	18	36	5	50	4	65	19	74	9	49	0	12	
14	41	12	31	6	34	10	6	1	1	9	44	4	29	17	54	19	2	11	16	
17	63	11	23	19	13	7	27	8	69	13	28	0	25	
4	64	5	4	15	34	19	13	14	44	16	54	8	24	1	15	0	21	
7	5	15	49	1	53	18	45	10	28	19	24	9	50	12	62	
10	35	4	58	19	34	5	72	9	5	15	17	
2	68	9	19	10	67	5	9	14	52	6	7	18	46	
19	34	1	46	9	16	12	21	11	57	18	75	16	71	14	45	8	66	
4	45	0	36	12	35	1	31	8	18	3	7	10	1	17	32	9	38	15	58	11	70	2	33	
3	7	17	42	10	27	2	68	1	45	6	66	18	41	14	58	9	29	11	57	13	20	0	49	
12	29	4	7	3	32	16	63	17	17	10	1	15	6	
17	5	7	19	1	75	19	52	6	13	4	55	2	28	16	50	9	47	
6	70	7	11	3	4	2	67	1	62	18	20	17	48	15	34	14	52	
7	11	14	21	12	12	5	53	3	37	
13	22	10	7	12	66	15	54	0	24	7	41	5	42	4	21	14	5	9	12	
9	30	5	52	12	15	10	12	19	1	0	32	11	60	14	10	4	20	18	23	1	66	6	63	
18	29	1	21	13	25	17	24	7	42	14	34	2	8	
15	33	9	10	5	37	1	35	10	73	12	14	6	59	14	71	8	45	0	67	19	50	18	52	
12	74	9	51	6	23	10	19	2	70	8	73	19	18	11	57	13	39	
1	46	17	71	0	4	16	20	2	23	11	16	8	54	10	17	6	15	3	13	
16	44	4	50	5	40	7	57	6	70	2	52	8	13	10	51	14	55	17	63	
6	17	12	15	18	75	16	33	13	56	
12	69	4	33	14	48	2	56	13	65	9	44	7	61	
11	1	17	9	19	71	16	31	15	12	7	20	
3	10	15	74	7	21	12	40	9	31	6	59	
10	4	3	75	17	13	7	5	6	16	
2	71	14	55	4	38	8	13	7	24	12	60	
7	19	16	73	6	53	8	43	0	75	2	69	15	7	
18	8	2	14	4	52	12	31	6	25	3	9	5	24	13	38	17	13	14	58	7	15	
14	22	17	23	15	9	16	15	4	32	12	50	8	66	7	13	2	52	5	55	10	63	
0	46	2	2	16	8	13	7	8	29	12	42	10	65	11	45	
16	25	10	3	7	73	11	46	2	70	8	38	
0	63	8	54	10	75	12	38	2	33	4	41	5	7	9	56	11	71	
18	23	6	13	0	44	4	73	9	3	
6	60	5	64	7	31	14	48	12	14	4	46	0	23	15	39	2	9	16	32	1	63	
3	22	7	25	17	45	16	44	8	39	19	34	11	65	
0	58	14	49	7	48	1	51	4	47	2	25	
10	22	13	64	11	42	14	20	15	16	
17	57	11	37	9	27	19	48	6	9	4	36	3	24	
0	71	14	12	7	75	9	16	19	59	12	64	17	30	1	26	5	68	13	17	6	32	15	21	
18	72	13	50	0	70	14	2	7	36	19	55	
14	18	12	21	7	75	15	23	9	58	
0	47	19	15	16	56	15	38	11	32	6	23	18	28	17	71	4	66	
0	70	18	52	1	3	16	39	4	25	15	19	
4	75	17	27	2	64	14	8	13	14	7	41	16	30	19	11	3	58	12	15	
0	37	9	62	19	61	11	33	8	63	10	40	4	46	7	36	
17	70	2	63	19	67	11	22	7	16	
15	15	10	58	8	63	3	16	5	28	
15	24	10	66	5	56	18	61	3	45	2	43	9	34	12	49	19	18	14	35	6	74	16	23	
13	46	4	59	12	13	17	2	19	64	1	72	15	75	5	52	10	22	3	44	2	60	0	49	
4	21	12	42	18	27	15	57	6	12	0	47	13	34	
19	63	15	52	11	25	4	43	8	69	0	61	9	65	2	12	5	13	17	50	
14	38	11	69	0	33	1	62	18	41	8	43	2	1	17	50	7	9	
4	17	5	16	18	39	7	42	12	37	
9	28	5	9	18	57	6	49	2	4	0	36	10	32	13	46	16	71	15	7	3	37	
4	52	7	28	3	31	1	3	8	45	14	73	9	57	11	11	12	72	15	74	19	43	
15	30	3	39	7	64	13	31	6	36	9	12	5	57	14	24	
8	60	14	15	15	6	13	14	10	25	1	16	18	19	9	64	17	37	4	43	5	49	16	75	
1	2	11	9	10	4	12	64	16	56	0	72	2	60	
5	53	0	60	3	21	12	62	16	9	6	59	15	67	
10	14	18	5	11	31	12	69	0	65	19	49	6	50	5	42	4	68	2	36	14	9	
1	29	8	14	4	34	14	27	13	15	12	58	15	35	9	59	
18	34	5	64	12	39	9	30	4	32	
1	34	8	53	5	32	6	63	0	43	3	20	15	13	7	21	12	60	13	30	
10	70	9	44	0	74	2	68	5	35	17	7	3	64	19	40	7	13	1	41	12	29	13	26	
12	31	8	23	9	1	13	75	1	6	18	15	5	55	6	26	3	74	2	67	14	50	
7	22	18	36	4	50	19	28	3	74	
3	12	4	1	6	2	15	32	0	21	1	70	5	75	19	25	10	64	18	42	16	14	
3	9	12	6	16	12	15	67	9	65	18	43	14	57	7	51	5	54	2	71	
12	62	17	46	5	59	1	7	19	47	13	1	10	72	14	34	
3	1	10	56	14	14	18	24	2	61	0	52	11	57	6	15	4	29	19	68	
10	34	4	56	5	38	11	10	18	15	
8	45	18	52	0	13	4	48	7	72	16	64	3	66	5	67	15	58	10	39	13	35	
3	4	7	13	9	75	18	64	4	25	19	47	1	36	14	50	2	66	15	6	5	72	
7	9	1	1	3	74	2	59	15	37	17	52	18	4	10	20	12	41	16	63	9	67	
6	63	12	36	10	43	16	30	3	4	13	34	8	66	9	24	15	26	14	22	19	62	
14	71	19	37	4	31	6	29	18	53	5	2	15	49	9	26	12	70	7	69	10	43	
8	47	9	41	11	65	17	71	19	40	4	60	18	6	16	9	1	57	10	55	
17	38	8	35	6	72	11	73	5	33	
15	64	9	31	12	23	17	41	3	1	2	18	19	42	
13	3	8	53	15	14	16	20	10	63	6	70	
9	53	6	63	14	48	5	65	15	38	19	34	0	46	13	41	16	43	2	3	
17	67	16	6	10	9	18	32	5	43	1	11	15	19	
19	1	2	35	14	42	17	29	18	45	5	43	10	68	7	50	0	34	11	40	9	32	16	23	
9	66	12	21	16	26	8	38	0	23	10	58	2	75	4	61	1	70	15	51	6	33	
1	61	19	3	10	29	15	24	17	46	8	68	
3	65	13	47	12	6	4	63	5	4	6	67	7	53	

All component type numbers for each job to be processed by MFPM
2	16	7	23	8	15	5	5	1	21	
7	40	8	41	
1	5	
3	32	2	36	7	46	1	33	9	48	
2	16	9	11	7	23	0	7	3	10	
5	34	0	28	3	40	6	39	
4	13	3	8	
0	26	1	37	5	39	7	38	
7	5	5	1	4	14	0	6	
6	27	5	49	1	44	4	50	
2	21	
2	48	3	49	8	27	5	43	4	31	
5	5	
7	29	6	41	2	46	
4	3	8	8	1	25	3	15	2	22	
3	44	0	27	5	42	
6	18	
8	40	2	49	5	45	3	48	9	47	
4	6	1	4	6	23	3	8	5	21	
3	48	4	31	7	42	
2	1	3	19	7	25	5	3	
4	34	8	31	7	47	5	43	
3	22	0	1	7	8	4	19	
1	29	0	45	9	43	
1	5	
5	40	
9	14	
8	45	5	30	4	50	
2	25	4	17	
0	28	8	50	2	27	
3	6	2	17	
9	38	4	48	3	50	8	49	1	41	
5	23	2	21	
0	34	1	40	
0	21	7	23	9	12	3	11	
9	48	1	37	
8	14	1	5	0	19	9	16	7	7	
6	46	2	47	
3	9	1	17	
6	43	0	31	
8	6	0	12	5	14	
5	30	2	27	9	35	
7	2	
0	35	7	43	6	26	
3	11	
3	40	4	42	0	28	
3	12	6	21	
8	49	0	31	1	35	
5	10	8	15	7	17	3	7	2	11	
5	41	
3	18	8	19	7	20	
2	39	7	29	9	49	3	36	
3	21	4	14	0	7	2	15	6	24	
9	27	0	30	4	28	
2	8	6	11	4	17	3	19	
5	33	1	47	3	26	6	30	
0	25	3	22	9	3	5	20	6	14	
8	32	4	40	
3	15	9	9	5	14	6	23	
6	32	1	35	
2	9	7	23	9	1	4	24	0	3	
5	31	9	33	7	43	
7	2	
2	40	
9	17	
1	30	5	50	9	40	6	26	
6	20	9	24	7	5	8	1	0	8	
6	45	9	34	
3	12	
2	26	8	40	3	43	
1	11	
4	36	
8	7	7	16	6	12	4	22	3	3	
4	47	9	26	6	34	8	35	
8	11	5	21	
1	40	
8	10	
9	40	6	33	
5	1	6	18	
5	43	
4	2	
0	44	
5	17	
3	47	4	50	7	28	0	33	
3	15	2	11	9	8	0	20	1	13	
5	45	3	40	9	29	6	41	8	33	
3	15	4	19	
7	31	6	28	0	50	1	35	
5	18	
2	39	3	46	
7	24	2	21	0	23	3	5	
3	27	8	47	6	34	7	28	9	32	
0	12	2	6	8	19	
8	40	0	38	6	47	
6	10	9	11	
3	26	8	47	4	39	5	42	0	36	
1	4	4	22	3	17	5	5	6	9	
9	44	4	49	7	32	2	34	5	35	
1	16	5	19	
0	48	8	46	
1	1	7	6	5	20	4	22	3	21	
4	48	7	26	6	31	
2	12	
8	33	4	36	5	40	
2	14	1	16	7	8	3	6	0	1	
7	45	4	48	
1	11	
2	29	3	47	6	44	0	49	4	31	
9	22	6	2	
1	45	6	37	4	29	8	39	
9	21	5	22	
6	43	4	29	8	49	
0	19	8	8	7	13	1	25	
7	46	3	39	6	41	
2	4	3	10	9	19	
0	27	
6	10	3	20	2	3	
0	35	7	39	2	40	3	43	9	44	
0	6	
1	26	2	48	8	36	5	37	
1	12	
2	45	3	38	0	35	7	40	
3	15	2	12	
6	28	2	42	
9	20	4	11	8	3	5	15	
4	28	2	30	
2	16	5	4	6	2	
6	33	3	34	
1	12	4	9	2	8	
6	41	5	43	0	47	4	38	
6	18	3	12	9	24	4	17	
9	31	4	36	2	35	6	40	8	43	
3	1	9	13	7	7	4	19	2	25	
0	37	1	34	8	44	9	43	3	35	
7	17	5	16	0	6	1	1	
5	39	2	31	1	40	
8	13	4	22	9	1	0	17	1	19	
9	40	4	46	2	42	
5	18	4	2	
6	36	
9	25	1	24	6	3	
4	35	0	29	
8	24	2	9	4	21	1	6	
3	46	7	27	2	39	
5	23	0	9	
4	29	8	31	7	28	0	27	3	38	
3	8	4	13	2	3	
6	29	
9	6	2	8	7	18	5	22	8	24	
5	50	8	38	9	40	7	32	
0	12	6	8	
0	26	6	39	2	46	7	43	1	50	
3	15	7	23	5	12	1	10	
4	50	
0	8	5	21	
8	48	2	30	5	38	4	37	
2	24	
0	31	7	43	4	37	1	47	9	46	
7	23	6	22	
8	33	1	36	
0	6	8	19	9	5	6	17	
9	31	
4	13	1	3	
8	50	0	32	3	36	4	29	
5	12	8	22	7	5	2	16	
5	39	3	34	2	31	
4	23	5	14	
8	46	
5	25	4	6	8	15	6	24	2	17	
2	47	0	45	7	43	
0	15	3	9	1	24	8	22	7	19	
5	45	2	33	9	32	4	29	
5	2	
0	30	8	41	
1	19	
7	31	5	33	6	30	8	43	0	28	
4	23	
5	34	0	48	
9	22	8	5	4	13	1	4	
6	50	4	47	9	40	5	44	
9	23	
8	32	
6	9	0	24	
1	30	
0	20	
5	43	2	39	
7	8	3	13	2	19	4	22	9	20	
0	46	5	30	6	41	4	42	
8	12	
1	32	4	48	
8	3	5	8	
8	45	6	46	2	40	
5	21	0	9	3	5	9	17	
9	41	4	29	8	50	1	33	3	35	
1	5	2	4	6	20	
4	36	5	44	2	34	8	32	
8	23	3	17	0	9	
4	36	7	50	1	27	8	30	5	42	
5	17	6	5	9	6	7	7	2	25	
9	27	2	32	
7	15	8	16	2	22	
8	28	0	38	
7	6	3	12	5	15	9	25	
9	41	
8	17	4	9	
6	33	5	29	0	49	
6	1	
5	43	2	46	9	49	4	34	0	47	
5	12	7	17	2	15	9	25	6	16	
4	41	
0	9	4	2	
0	40	
3	13	9	3	6	24	5	1	
9	48	6	38	4	28	8	43	0	30	
2	8	0	2	8	22	
1	50	0	34	3	42	7	48	4	46	
8	16	5	12	7	6	
2	38	
0	20	6	8	5	6	
7	27	
8	2	5	9	
8	44	6	39	1	26	
9	18	3	7	
9	46	1	33	
3	6	8	13	2	10	
4	38	6	39	
1	16	5	9	3	11	
7	34	5	27	4	39	2	41	
3	19	8	25	9	7	
8	31	7	43	9	47	5	33	1	27	
7	17	
5	45	6	34	
8	22	1	14	2	12	9	4	3	15	
6	39	4	45	7	32	1	34	
7	4	4	16	
9	35	2	41	3	50	
1	6	0	22	2	10	4	12	
0	33	6	48	8	39	
2	6	1	8	3	22	9	13	4	3	
2	34	1	48	3	40	6	29	9	47	
5	20	9	19	4	23	0	16	3	14	
0	41	7	33	5	49	9	39	
6	23	0	13	4	10	
1	36	0	31	
2	9	7	10	5	16	
5	47	3	39	1	45	6	30	
5	10	3	5	7	12	8	23	9	25	
8	27	1	31	
8	1	0	15	3	8	5	25	2	10	
3	40	
9	23	7	2	5	21	3	4	
2	41	5	48	1	37	
3	15	2	7	0	21	6	2	1	13	
6	29	4	27	0	45	2	37	7	33	
2	23	
0	35	7	42	4	47	
3	25	
9	48	1	31	8	43	0	47	
4	25	2	10	5	11	7	2	
7	31	
0	19	8	15	9	6	1	23	
5	47	8	49	6	45	4	29	1	31	
3	19	2	17	
6	39	3	42	1	43	8	44	
9	13	4	12	5	17	1	25	
0	48	3	37	1	32	6	40	7	31	
8	11	6	20	3	1	1	12	5	13	
9	35	3	43	
3	10	
0	36	6	39	8	40	
1	6	
2	32	9	28	7	40	
4	11	
9	45	6	43	0	37	
5	24	2	16	8	7	
5	37	
9	17	4	5	2	19	3	21	
2	49	1	28	
1	5	3	12	6	21	
3	44	7	42	8	49	0	46	2	29	
1	6	3	19	8	20	
6	39	2	50	7	35	9	48	8	36	
3	4	8	19	2	9	1	14	
6	42	
7	10	6	19	0	16	9	20	
7	33	1	27	9	30	8	42	6	41	
0	13	5	8	1	16	4	23	2	4	
8	44	2	42	
8	8	1	25	9	2	6	15	0	23	
1	43	7	30	0	28	8	31	
3	1	
7	32	1	48	8	49	0	28	
9	4	5	8	3	6	7	11	
9	32	8	49	6	40	7	34	1	43	
0	16	5	17	2	3	1	9	
5	27	0	34	8	41	
7	10	4	19	3	4	0	12	8	7	
5	31	3	40	0	26	8	39	
1	19	4	25	
5	33	6	37	7	49	1	39	
3	22	9	23	
9	36	1	29	3	45	
1	4	8	2	9	12	3	11	
3	45	9	48	6	46	0	34	4	35	
6	8	8	3	0	18	4	16	9	1	
3	41	4	28	2	37	6	47	7	29	
4	25	0	8	9	11	8	4	5	19	
6	49	7	29	
1	7	
2	42	8	27	4	44	
3	10	2	25	4	5	
7	45	
0	17	5	6	8	5	
3	26	1	48	9	46	6	31	
4	3	
2	27	1	48	7	41	6	32	0	28	
1	21	4	11	9	22	3	15	2	3	
2	42	9	35	1	30	6	37	
1	17	0	11	9	15	4	12	7	5	
6	40	3	31	5	29	
9	8	6	17	4	14	
0	39	9	30	6	29	1	49	
7	4	6	19	5	2	
9	47	4	37	2	44	7	34	5	27	
1	15	8	13	2	18	3	22	
7	48	3	31	6	34	2	27	8	49	
5	7	6	17	9	3	1	5	0	22	
1	39	9	30	
6	11	4	13	8	17	7	22	
4	37	7	36	1	50	0	30	2	49	
3	18	9	12	4	8	2	9	
5	35	4	38	8	27	1	30	6	33	
0	14	
9	48	7	33	5	39	4	44	
3	1	9	6	0	9	
2	48	6	50	7	30	8	37	5	39	
2	23	1	13	
7	45	
8	16	
8	43	9	46	6	37	
8	19	3	15	2	4	9	11	
7	28	5	42	
4	25	6	5	1	24	2	15	3	16	
2	35	8	39	4	26	0	40	3	49	
0	25	9	10	1	19	8	6	7	13	
3	29	0	50	
7	8	0	24	1	2	3	7	8	20	
1	27	3	28	0	32	
1	19	3	4	7	11	8	9	
8	29	5	36	4	32	3	39	
7	8	6	17	0	7	2	24	4	5	
7	30	2	33	6	45	
8	17	6	14	7	2	3	3	
1	34	9	31	8	46	7	43	2	39	
8	5	9	22	0	12	
4	41	6	48	1	47	
4	3	5	8	0	17	1	10	
1	36	
1	16	7	7	5	3	
4	41	
4	9	0	24	3	17	
4	38	0	49	2	26	6	36	5	45	
3	8	8	21	4	13	
6	34	
9	4	8	25	6	11	0	18	3	6	
0	28	3	45	7	48	9	41	
8	17	
5	48	4	50	3	34	9	45	
2	20	1	18	5	8	0	17	
9	39	4	29	2	46	8	37	
6	7	
1	44	9	28	4	41	3	32	
2	16	7	15	
2	27	0	36	
0	10	3	1	
0	47	4	27	8	37	
4	21	2	5	5	10	
3	49	6	33	2	40	5	34	
6	9	3	3	9	13	7	2	5	18	
2	43	6	37	
8	14	
3	36	1	40	7	48	
1	21	9	16	
7	49	4	50	6	43	
3	5	6	23	4	14	1	7	7	24	
5	39	2	43	7	37	
9	8	0	6	2	15	
5	50	
9	21	2	12	3	5	4	6	5	23	
1	50	0	45	7	43	
2	25	8	15	7	3	4	10	
3	49	5	27	8	35	
6	10	0	16	
0	27	2	50	6	32	
2	6	6	23	5	5	
3	26	
8	14	9	10	6	24	0	3	1	21	
9	50	1	49	
7	12	1	5	
2	42	6	43	1	46	9	39	

Three processing times per job on each machine
The best scenario
403	598	286	
507	183	342	
230	858	370	
678	384	307	
338	409	532	
222	145	64	
404	972	872	
323	357	203	
1093	864	624	
135	129	57	
580	472	551	
1324	624	582	
207	352	225	
674	849	408	
439	752	1002	
1167	447	453	
97	139	332	
381	459	297	
377	406	763	
716	285	968	
357	987	800	
730	209	800	
156	126	127	
605	912	630	
1142	515	974	
845	1351	809	
406	459	1003	
909	544	743	
459	280	741	
695	1224	425	
484	164	111	
388	455	475	
399	310	717	
330	409	662	
791	238	616	
181	60	81	
579	324	490	
385	211	193	
1387	793	282	
348	81	149	
182	272	189	
287	213	242	
876	926	336	
291	98	225	
160	141	213	
485	220	248	
445	299	1098	
205	255	444	
477	730	294	
94	37	112	
854	466	357	
573	475	630	
559	992	560	
756	397	735	
591	1062	536	
1118	479	338	
749	826	288	
289	330	664	
324	436	346	
450	144	176	
321	131	558	
834	465	630	
87	170	205	
286	79	174	
280	127	384	
284	618	372	
493	374	384	
311	582	169	
633	381	645	
642	554	501	
676	613	627	
279	304	752	
192	253	174	
211	605	485	
127	77	257	
335	796	511	
844	1235	601	
434	691	502	
52	146	153	
159	437	366	
540	814	745	
171	148	246	
50	116	223	
562	819	505	
132	184	170	
406	714	1002	
1299	741	882	
374	417	495	
212	216	222	
209	543	362	
1007	922	541	
637	387	622	
122	99	127	
157	79	65	
194	348	177	
427	261	311	
924	268	340	
325	253	434	
540	151	205	
304	235	374	
724	975	679	
381	552	819	
79	113	80	
626	1088	415	
680	652	142	
1207	334	934	
338	193	308	
94	284	132	
399	386	719	
64	103	124	
857	984	614	
585	504	650	
281	680	211	
332	527	718	
491	359	520	
208	441	482	
180	287	206	
638	852	802	
691	655	917	
651	603	742	
400	402	1155	
266	357	644	
217	167	181	
458	543	239	
440	242	213	
160	210	195	
502	321	632	
460	283	411	
414	255	373	
455	500	243	
854	230	629	
355	348	608	
806	1238	912	
442	306	166	
498	243	543	
234	1288	514	
554	205	601	
319	909	997	
194	248	115	
296	229	140	
684	651	528	
917	247	939	
531	361	727	
489	221	373	
150	193	72	
333	209	180	
161	617	266	
300	222	130	
478	121	307	
254	288	191	
80	72	47	
819	437	607	
226	158	269	
272	394	201	
594	255	255	
258	313	384	
790	952	447	
135	443	328	
85	130	231	
457	119	262	
83	34	57	
323	233	938	
202	671	388	
167	169	168	
561	693	916	
544	787	729	
654	925	851	
1050	564	805	
171	139	513	
93	65	155	
493	224	378	
147	303	138	
316	522	469	
322	91	124	
509	861	205	
298	533	473	
147	607	437	
303	864	852	
283	257	520	
884	207	333	
528	985	428	
185	276	158	
162	553	534	
600	485	687	
226	187	351	
699	199	501	
1368	355	812	
287	286	1158	
228	452	532	
1223	281	829	
418	201	275	
154	118	68	
264	380	163	
122	109	115	
76	192	74	
320	370	556	
576	375	396	
552	432	829	
837	871	902	
204	172	316	
Most likely scenario
661	719	451	
868	260	489	
319	982	680	
868	666	520	
416	609	618	
257	228	111	
514	1176	1150	
419	456	212	
1359	981	676	
184	156	90	
918	611	828	
1425	822	657	
252	364	244	
1013	1050	473	
635	1324	1143	
1509	773	881	
130	210	467	
419	556	321	
577	707	938	
899	474	1095	
476	1014	981	
898	359	1250	
220	152	151	
711	924	776	
1200	665	1094	
1267	1360	1043	
640	474	1196	
965	708	853	
745	514	1080	
1144	1376	545	
575	177	179	
411	522	781	
685	396	803	
333	428	733	
1027	412	764	
270	76	96	
611	584	544	
543	294	327	
1438	991	415	
363	131	167	
194	440	310	
454	403	345	
1187	1272	480	
460	194	292	
172	275	260	
589	437	400	
748	526	1338	
341	415	533	
525	891	417	
106	64	157	
1066	731	492	
766	698	1233	
963	1162	564	
1104	464	1457	
970	1119	702	
1132	668	646	
1153	1286	553	
424	607	733	
507	797	589	
512	145	273	
383	188	603	
912	919	904	
105	222	314	
502	156	226	
409	182	412	
501	629	468	
556	633	517	
579	636	180	
932	759	943	
655	897	767	
774	822	1028	
379	606	974	
283	353	290	
298	698	549	
147	121	278	
473	925	971	
1145	1546	844	
784	1145	929	
84	276	267	
288	469	414	
649	1083	787	
218	269	263	
97	210	314	
610	968	710	
180	259	281	
477	911	1356	
1341	849	899	
714	558	759	
278	375	242	
276	927	690	
1186	1126	586	
660	630	633	
240	117	148	
207	131	115	
265	543	271	
723	479	385	
1147	317	397	
364	303	576	
905	283	290	
381	389	528	
1055	988	1300	
487	746	941	
130	199	85	
1116	1251	654	
830	964	268	
1288	420	1150	
435	307	427	
186	392	153	
446	396	855	
102	174	241	
893	1096	740	
604	604	657	
336	687	355	
464	532	861	
530	660	979	
380	768	834	
209	307	293	
795	902	919	
1339	1058	1417	
951	871	783	
459	486	1279	
448	617	733	
253	315	201	
605	619	406	
454	262	223	
201	215	278	
563	360	902	
857	460	739	
573	315	483	
569	642	328	
954	273	674	
367	444	773	
1124	1382	958	
502	577	255	
959	350	606	
371	1382	637	
568	316	768	
446	914	1031	
234	461	167	
329	366	213	
902	725	609	
1282	457	1270	
595	376	915	
524	438	674	
213	214	85	
337	280	355	
169	621	271	
453	364	255	
559	144	526	
316	437	225	
81	97	80	
1042	469	863	
256	198	353	
500	725	262	
847	273	320	
330	416	425	
1010	1169	507	
227	522	552	
151	214	301	
715	213	507	
106	58	102	
471	360	1030	
257	687	439	
194	216	333	
579	1158	1311	
643	955	764	
872	935	1291	
1184	743	844	
260	214	537	
106	111	219	
691	258	484	
165	316	240	
507	910	564	
380	126	181	
737	1035	272	
572	689	556	
272	701	529	
347	1094	920	
350	358	635	
1078	275	501	
684	1239	786	
295	308	211	
257	624	647	
619	939	1112	
315	330	363	
867	358	719	
1388	523	1457	
528	523	1463	
258	531	646	
1515	489	1444	
634	322	476	
172	141	123	
323	397	249	
222	121	179	
128	198	83	
443	573	715	
884	722	588	
723	607	890	
890	1166	1129	
217	284	416	
The worst scenario
784	798	469	
959	264	492	
331	1182	781	
1038	845	540	
531	857	755	
366	335	144	
534	1723	1644	
474	511	217	
1492	1291	737	
205	198	114	
1154	864	1068	
1495	956	787	
296	464	309	
1065	1454	638	
951	1493	1399	
1642	1014	1054	
147	239	606	
557	778	469	
842	843	1161	
1335	586	1565	
560	1273	1339	
1155	363	1275	
222	223	202	
1005	1138	837	
1698	742	1412	
1367	1874	1230	
911	553	1211	
979	1049	886	
769	549	1198	
1417	1919	756	
757	204	223	
582	699	1056	
903	407	1130	
462	504	1064	
1287	458	1090	
309	94	140	
788	585	656	
636	299	406	
1796	1165	524	
467	152	220	
258	597	457	
544	517	372	
1451	1609	501	
636	198	312	
186	308	298	
852	586	555	
1115	569	1836	
493	574	567	
704	1255	487	
135	78	160	
1385	972	702	
916	915	1550	
1307	1245	743	
1427	603	2068	
1040	1586	1024	
1371	721	775	
1358	1436	748	
551	677	926	
515	967	616	
540	185	349	
480	220	830	
985	1076	998	
120	324	372	
597	215	231	
575	200	604	
622	772	572	
699	946	727	
773	793	193	
1315	1113	1152	
743	989	817	
1049	1202	1208	
560	870	1005	
415	469	328	
400	899	797	
197	181	376	
556	1376	1096	
1480	1659	907	
948	1654	941	
120	370	307	
412	675	593	
909	1484	1149	
248	308	317	
123	259	331	
793	1188	942	
242	284	349	
591	1176	1820	
1761	1019	1072	
970	809	1102	
305	397	359	
382	1075	1018	
1221	1303	868	
935	634	792	
315	144	194	
251	162	138	
273	634	365	
842	707	519	
1361	464	573	
470	369	822	
1178	368	363	
538	572	697	
1158	1389	1647	
690	844	1260	
192	214	101	
1295	1868	788	
1129	1218	277	
1751	577	1586	
487	370	495	
244	411	173	
622	500	1170	
116	176	271	
1093	1642	1086	
873	730	939	
407	979	418	
643	687	1162	
757	958	1237	
500	896	924	
268	335	404	
975	1342	1237	
1876	1357	1945	
1121	909	1091	
585	592	1906	
481	915	1073	
286	444	230	
874	904	474	
630	339	231	
224	309	406	
590	380	1131	
913	682	881	
616	452	717	
766	953	357	
961	326	927	
494	608	890	
1657	1734	1166	
639	640	367	
1275	408	878	
465	1451	756	
732	325	952	
582	1086	1337	
258	472	197	
489	396	287	
1163	994	912	
1571	590	1447	
840	405	1127	
763	490	744	
297	310	103	
399	417	388	
189	771	392	
607	368	295	
824	194	671	
393	627	288	
116	140	86	
1415	508	1264	
258	286	410	
745	1059	365	
1234	400	376	
333	485	578	
1493	1648	626	
229	738	730	
180	233	386	
1014	314	671	
149	62	109	
579	363	1040	
291	782	518	
221	220	430	
638	1396	1606	
856	1193	876	
1025	942	1857	
1352	858	913	
363	218	656	
114	144	245	
752	262	502	
194	456	290	
687	1257	700	
516	151	197	
785	1071	301	
814	955	580	
403	719	607	
452	1527	1175	
488	471	716	
1533	374	600	
862	1246	787	
386	337	251	
268	670	896	
780	1197	1547	
418	344	441	
1034	422	768	
2075	669	1491	
762	560	1658	
318	759	681	
2039	580	1984	
680	448	562	
188	183	178	
453	516	317	
254	153	183	
151	211	116	
529	772	984	
994	1025	646	
793	871	1029	
1191	1406	1342	
247	392	508	
