Factories	3	Jobs	50	Machines	2

Total number of component types per job processed by HSPM
8	6	6	5	12	11	5	12	8	10	7	9	10	7	9	10	11	5	9	5	5	11	9	8	8	10	7	11	7	6	8	11	6	11	7	8	7	10	8	8	5	12	10	5	8	6	12	5	11	5	

Total number of component types per job processed by MFPM
5	2	4	1	4	1	3	5	4	1	3	5	1	5	1	5	4	1	2	5	4	4	3	3	2	3	3	4	2	2	4	2	2	1	2	5	3	5	3	5	3	1	1	4	1	4	4	4	2	2	

All component type numbers for each job to be processed by HSPM
1	42	6	11	13	21	0	52	3	64	12	60	5	47	10	55	
10	46	1	23	16	21	13	51	15	6	5	71	
19	37	6	33	17	19	11	11	14	69	8	7	
6	61	5	1	19	55	2	50	7	18	
7	55	15	18	8	47	1	44	14	1	13	34	16	35	19	25	6	60	9	29	12	20	18	66	
8	40	1	64	6	53	16	49	13	41	4	36	7	1	17	72	15	58	0	9	12	65	
2	57	3	56	15	7	8	12	18	71	
8	1	1	30	6	54	9	44	18	66	2	55	10	62	17	9	12	29	3	36	5	61	19	25	
13	74	10	75	14	44	1	65	9	24	15	56	8	14	6	12	
10	58	6	7	5	33	14	20	4	19	8	66	0	45	13	12	3	64	19	53	
3	9	9	10	10	1	16	56	8	69	4	43	1	42	
15	71	9	1	18	47	11	21	13	15	19	11	8	28	2	18	5	44	
19	34	15	65	13	38	6	12	16	73	14	45	4	44	11	40	10	14	7	70	
18	5	9	43	5	29	12	23	7	26	14	65	11	10	
4	51	18	49	0	52	8	14	11	33	7	20	16	19	13	40	2	67	
7	41	19	15	18	50	5	64	15	19	13	9	14	48	4	22	17	6	12	52	
10	45	2	54	13	70	5	63	9	55	15	20	14	3	1	32	0	43	19	10	6	7	
0	45	6	52	3	3	2	16	19	30	
11	48	6	24	10	4	2	53	1	25	15	19	0	12	18	69	14	14	
0	13	8	31	14	23	1	15	10	40	
15	44	17	11	3	62	19	12	8	54	
6	45	9	39	13	14	1	74	0	47	18	68	7	55	5	19	2	67	19	41	12	18	
15	48	6	66	7	46	1	57	9	28	14	69	10	8	5	71	16	58	
10	26	14	70	17	61	7	20	8	34	13	35	9	24	19	46	
3	1	17	72	13	57	1	38	12	34	6	39	18	47	16	71	
3	11	18	52	4	49	1	2	17	71	6	34	11	17	9	1	15	22	8	24	
7	49	9	25	1	32	0	55	18	48	16	4	14	1	
1	45	16	55	9	12	3	21	4	15	10	70	5	46	17	32	19	72	7	59	14	23	
16	37	5	31	15	58	7	41	18	74	8	63	9	12	
6	25	11	31	16	46	10	4	8	69	0	68	
13	21	4	65	17	30	8	14	1	4	11	75	5	29	14	60	
4	29	11	39	13	35	5	71	7	9	19	7	1	59	3	51	0	70	9	38	10	44	
11	64	10	27	9	37	14	44	4	3	16	11	
1	2	17	25	7	26	13	34	12	63	16	51	5	7	11	9	15	19	3	3	0	70	
9	20	10	72	14	43	15	71	7	11	3	50	19	56	
5	53	13	45	0	12	15	65	19	37	6	4	9	29	17	51	
19	46	1	64	7	65	11	54	10	70	5	27	17	43	
9	43	11	59	4	65	0	31	12	53	18	29	10	35	17	73	16	20	19	69	
8	68	19	66	7	61	12	50	4	49	11	43	13	70	9	30	
5	1	6	16	17	3	4	58	8	12	16	45	12	41	10	14	
19	46	6	45	15	75	0	35	12	40	
4	24	11	41	12	7	1	37	14	39	10	59	8	40	2	36	6	9	5	16	13	25	19	3	
1	70	10	60	4	6	12	36	19	2	9	50	2	58	3	73	18	30	17	9	
16	18	15	28	19	23	10	44	1	25	
7	18	3	49	10	12	11	30	5	37	6	48	4	21	1	54	
18	72	1	17	15	41	7	6	9	65	16	12	
3	71	4	70	16	11	0	55	8	32	12	31	6	4	2	3	19	14	9	41	10	36	15	51	
18	51	5	31	12	71	7	41	8	36	
7	26	12	25	2	37	11	58	8	50	13	39	15	23	6	4	16	62	5	45	17	70	
17	3	14	25	4	67	15	51	19	41	

All component type numbers for each job to be processed by MFPM
0	5	3	13	5	18	1	3	9	19	
8	4	5	5	
5	9	2	8	6	22	4	18	
4	4	
7	18	8	4	4	23	6	12	
6	8	
2	24	5	12	8	10	
6	21	0	13	9	18	7	8	3	14	
4	7	2	24	5	4	3	10	
2	17	
6	19	8	13	3	5	
7	16	8	12	0	23	9	21	5	4	
9	8	
1	4	5	12	8	19	3	16	2	10	
2	6	
8	13	0	7	3	3	1	11	4	23	
6	7	1	24	3	17	4	5	
9	2	
1	3	2	20	
9	5	1	13	7	10	6	6	0	1	
2	6	1	3	5	2	7	22	
9	6	3	20	6	2	1	1	
6	12	0	4	4	14	
1	11	7	23	9	25	
9	21	8	9	
4	21	1	16	2	5	
6	7	0	21	7	6	
6	3	1	24	3	13	0	25	
8	8	1	23	
9	2	6	18	
0	12	9	4	6	16	7	7	
4	5	3	21	
3	12	2	1	
7	17	
0	11	8	12	
5	1	7	18	4	9	2	11	9	2	
2	23	5	4	3	8	
9	14	7	8	5	6	1	3	2	16	
4	10	0	16	7	6	
5	24	0	6	1	22	2	25	8	19	
1	23	6	6	3	2	
8	23	
5	23	
3	1	7	6	0	17	6	5	
9	17	
1	5	0	17	5	12	4	6	
6	18	9	21	5	2	3	6	
4	13	5	2	9	19	1	6	
6	11	2	8	
5	9	3	20	

Three processing times per job on each machine
The best scenario
322	502	
480	215	
172	103	
197	397	
421	768	
723	1036	
812	924	
293	483	
163	161	
465	1039	
174	467	
118	41	
167	100	
276	297	
435	506	
549	408	
547	923	
465	692	
56	145	
399	416	
526	699	
77	179	
296	180	
215	553	
144	213	
96	374	
336	240	
207	296	
190	318	
142	207	
426	327	
240	120	
119	282	
364	304	
543	294	
554	391	
800	939	
129	132	
381	584	
789	494	
486	278	
72	91	
593	145	
346	467	
405	539	
1011	388	
548	514	
485	463	
316	467	
235	190	
Most likely scenario
460	528	
552	349	
191	170	
315	416	
633	1023	
746	1192	
843	1124	
458	790	
170	226	
703	1159	
228	491	
138	74	
227	175	
337	349	
753	911	
825	536	
762	928	
803	756	
97	173	
610	618	
766	983	
142	254	
442	307	
397	699	
170	227	
162	385	
531	472	
288	381	
280	403	
260	346	
428	453	
310	235	
209	353	
705	493	
554	410	
658	473	
911	1003	
203	180	
650	945	
891	940	
515	294	
106	127	
647	255	
407	523	
564	637	
1263	597	
602	522	
773	706	
406	584	
328	316	
The worst scenario
610	578	
574	424	
244	250	
471	445	
760	1118	
941	1395	
1022	1595	
466	1074	
205	265	
992	1373	
246	670	
143	99	
243	177	
438	413	
794	987	
1130	566	
873	1153	
1136	1110	
138	202	
762	684	
1019	1285	
180	303	
626	435	
499	730	
241	282	
184	465	
533	660	
367	435	
306	581	
287	442	
483	500	
396	252	
283	394	
742	576	
757	445	
818	505	
917	1015	
296	209	
958	1124	
1075	1123	
603	318	
134	146	
759	379	
428	576	
648	894	
1509	808	
901	655	
908	923	
543	610	
398	376	
