Factories	7	Jobs	200	Machines	3

Total number of component types per job processed by HSPM
5	6	12	9	5	11	7	7	5	5	10	6	8	5	12	7	6	7	12	5	5	11	12	5	9	5	12	6	9	7	12	10	12	5	8	12	12	10	11	10	10	10	6	12	11	7	8	5	10	8	10	10	5	6	11	9	12	9	10	12	7	11	10	6	7	11	11	5	8	5	6	8	5	7	9	11	5	7	12	9	5	11	11	9	6	9	5	12	8	9	12	6	6	8	6	11	12	6	11	5	7	10	8	11	5	12	12	11	5	11	9	10	7	9	5	11	6	11	9	7	5	5	10	5	9	6	6	11	5	8	9	11	11	11	9	8	10	9	7	11	11	5	7	9	9	8	9	8	7	5	9	10	12	6	12	8	5	5	12	11	10	7	5	7	12	6	9	10	12	7	9	11	8	12	6	6	10	10	7	7	9	5	11	12	12	10	9	8	12	5	6	6	9	5	7	11	8	5	8	7	

Total number of component types per job processed by MFPM
2	3	2	5	2	1	2	4	5	5	4	3	5	1	2	3	3	3	1	1	1	4	3	2	4	2	2	5	3	1	2	3	5	3	2	2	5	2	5	3	3	2	1	5	3	3	3	2	4	5	3	4	1	2	1	5	5	5	2	3	2	3	3	1	3	1	4	3	5	1	2	3	4	4	2	5	4	4	1	3	5	3	3	1	5	3	1	4	3	4	1	5	3	5	1	2	5	3	4	1	5	1	1	2	5	1	2	3	4	3	1	3	1	1	5	5	2	3	1	5	5	5	5	2	1	5	5	5	5	5	1	5	5	1	2	5	5	1	5	2	1	5	3	1	3	3	2	4	2	3	4	1	4	5	5	5	1	3	5	4	1	2	5	4	5	2	5	2	2	5	5	2	1	3	2	5	4	1	1	2	5	2	2	1	2	3	4	3	1	2	4	3	3	4	3	2	1	4	2	3	2	4	2	5	5	2	2	1	1	2	1	3	4	5	5	1	3	5	5	2	2	3	3	4	2	2	4	5	5	5	1	4	1	3	4	5	2	4	1	1	4	3	5	2	4	5	3	3	2	2	5	2	2	2	1	4	5	1	4	2	1	3	5	3	2	1	3	1	3	4	5	3	2	1	3	1	3	3	1	2	2	2	3	5	1	3	5	5	1	2	1	1	3	5	4	1	2	2	3	2	2	3	1	4	3	5	5	5	4	3	2	1	3	3	4	4	1	3	3	4	4	1	3	1	2	1	3	3	4	1	1	1	3	3	4	2	3	3	1	2	3	2	3	3	3	4	4	3	1	3	1	3	2	3	4	5	3	5	3	3	2	4	1	5	3	4	1	3	4	4	3	3	5	3	4	4	2	3	5	5	4	5	2	1	3	3	3	2	3	1	3	3	1	1	1	1	3	1	3	3	

All component type numbers for each job to be processed by HSPM
2	2	12	32	13	1	17	60	1	63	
12	39	5	1	3	71	19	44	16	35	11	5	
18	14	9	42	4	17	8	71	7	30	1	41	14	33	17	52	3	36	15	59	0	68	16	67	
13	64	7	38	0	65	2	26	3	36	17	31	5	57	8	67	11	44	
7	52	18	68	12	34	14	66	3	36	
0	32	10	30	12	61	16	16	7	10	19	56	6	21	15	2	3	20	5	46	2	38	
13	20	16	11	7	14	4	29	14	43	8	12	11	56	
11	38	0	2	4	26	9	67	7	74	10	60	15	64	
16	73	4	48	12	58	11	36	14	43	
18	69	11	2	2	56	1	50	12	46	
17	13	11	42	3	46	15	24	16	23	6	11	8	36	2	45	9	19	0	34	
14	55	0	7	13	14	5	20	16	4	7	61	
16	48	17	62	10	39	3	38	6	54	7	36	8	7	0	4	
5	45	0	69	4	67	8	70	3	19	
14	18	8	19	1	69	6	58	16	74	17	8	3	47	11	62	4	72	19	7	7	41	12	54	
5	37	12	32	18	70	16	2	3	44	15	14	17	13	
5	66	18	47	9	73	2	33	1	34	8	52	
14	59	15	39	3	48	1	2	10	43	2	7	18	10	
16	35	0	42	1	34	11	74	7	15	19	6	12	10	10	51	8	43	18	17	14	27	2	1	
18	19	9	27	2	3	5	45	13	70	
13	72	5	17	4	62	8	46	18	22	
4	32	1	23	7	36	12	2	8	70	17	54	2	49	5	21	6	52	19	37	13	74	
19	68	6	27	3	16	1	74	12	44	17	50	16	52	2	3	11	58	9	14	13	10	8	6	
1	32	7	10	18	54	19	25	12	58	
6	25	17	38	15	27	1	20	14	55	19	40	5	32	8	71	4	15	
5	8	18	9	7	50	4	18	1	64	
8	70	2	13	11	43	17	56	18	33	3	20	5	21	13	7	0	60	9	12	10	25	19	36	
13	25	16	13	14	61	8	17	11	67	7	44	
4	9	12	1	8	75	6	7	11	19	3	65	5	52	10	57	15	3	
14	29	9	49	13	2	17	51	10	5	4	63	3	15	
2	33	10	66	8	62	0	11	13	49	3	15	6	10	1	34	7	37	9	52	15	45	18	13	
8	12	19	42	4	36	7	25	18	4	15	28	1	46	0	3	14	22	10	26	
12	57	10	1	15	69	2	37	9	67	13	74	17	47	11	71	5	31	18	35	16	32	6	10	
17	22	6	27	19	67	3	20	4	68	
6	19	16	20	17	33	12	18	5	28	14	42	7	49	8	67	
1	7	8	67	16	3	5	44	0	65	18	27	14	56	11	62	9	48	12	9	15	61	10	28	
17	74	19	6	10	27	1	57	7	14	14	65	4	28	6	41	0	42	18	37	9	32	2	15	
17	54	16	26	8	62	13	16	19	20	7	63	18	12	14	46	2	53	1	33	
3	64	13	39	19	52	14	16	1	18	2	20	10	17	12	45	16	21	4	11	18	67	
1	7	3	27	2	72	8	64	19	62	14	59	0	24	11	70	6	25	18	20	
8	25	15	39	18	5	5	13	2	27	13	75	14	18	11	60	0	58	19	30	
15	44	4	8	16	30	14	28	7	55	5	74	3	15	18	75	11	48	1	63	
0	8	17	36	16	2	2	53	18	62	5	7	
16	43	8	40	19	55	10	37	12	70	6	45	9	20	7	21	13	31	1	39	2	69	15	53	
10	29	6	56	12	38	5	70	9	43	11	37	3	18	15	33	1	14	7	39	8	73	
1	46	17	29	0	23	13	25	8	59	15	36	11	38	
4	51	10	60	14	11	7	41	1	28	2	31	0	24	13	50	
12	39	17	8	15	22	7	16	6	14	
11	53	0	45	17	58	10	2	15	65	13	32	5	49	1	51	3	4	9	12	
1	33	14	27	0	30	6	49	8	46	7	71	19	2	16	6	
10	34	8	54	6	31	4	51	2	26	12	68	18	71	14	64	0	13	7	58	
13	32	0	53	9	27	19	50	18	25	1	12	15	1	6	9	5	16	16	19	
11	4	3	58	12	67	15	62	4	19	
17	53	11	16	7	21	6	75	4	15	19	4	
15	16	19	42	16	57	5	44	13	48	1	23	2	73	7	56	17	46	8	67	3	14	
18	69	8	72	0	46	5	42	1	24	11	5	14	74	4	66	15	49	
15	52	12	5	19	65	1	9	5	57	7	49	6	24	17	3	10	41	13	29	14	53	3	33	
15	34	5	70	0	57	16	67	7	44	11	59	18	41	3	58	9	52	
8	49	2	56	13	24	4	38	16	44	15	57	3	39	7	10	14	48	10	73	
0	31	8	64	12	26	19	42	13	15	17	41	1	69	10	47	4	46	5	10	7	7	15	60	
18	4	7	19	12	5	6	64	3	71	19	40	0	16	
9	70	18	11	11	66	2	55	10	1	16	29	19	26	12	54	5	37	15	41	3	39	
17	55	10	44	9	51	1	32	12	37	11	63	7	41	14	73	3	43	19	5	
15	64	7	21	18	28	8	13	4	23	19	26	
12	30	14	3	3	57	18	25	8	33	4	16	6	43	
14	65	5	39	3	58	0	18	17	4	18	29	4	26	2	63	1	54	12	40	11	71	
18	49	9	73	16	31	7	67	2	64	10	48	4	28	11	57	5	3	19	18	15	9	
3	13	11	73	9	29	4	35	0	47	
13	65	16	43	12	67	7	19	17	28	5	7	2	69	0	3	
5	13	2	12	9	17	6	5	14	14	
4	16	6	4	15	50	12	38	8	1	17	6	
9	68	4	8	1	28	2	26	12	32	14	55	17	34	8	60	
5	75	11	31	10	57	2	63	16	11	
17	42	19	47	5	55	13	9	11	4	8	73	4	61	
19	37	8	4	18	44	2	13	9	43	12	49	0	46	14	27	5	19	
15	28	3	12	13	55	17	5	0	16	11	54	9	63	18	68	19	40	16	62	1	69	
15	35	6	42	3	3	18	59	10	70	
3	37	5	62	16	18	11	54	13	57	19	33	4	24	
12	1	16	45	2	26	6	23	3	73	8	47	15	31	18	66	19	8	11	43	1	6	0	13	
9	68	2	66	13	41	11	3	5	47	15	19	4	48	6	22	8	25	
12	73	16	68	13	12	9	7	1	66	
10	3	9	59	1	9	0	10	14	25	16	60	3	34	12	61	11	55	17	48	7	58	
12	18	17	51	16	37	9	61	7	75	6	60	0	73	15	27	5	68	8	8	10	10	
6	13	7	72	19	7	3	67	1	50	9	21	13	23	18	60	2	48	
0	5	11	33	5	46	18	67	7	55	3	49	
5	67	0	21	18	40	8	37	16	56	3	19	12	42	13	62	9	22	
17	74	5	47	10	39	8	33	13	64	
14	16	18	39	10	34	1	6	16	15	7	68	6	50	12	73	2	2	15	25	5	60	0	31	
16	40	12	41	1	62	15	71	17	50	11	66	3	11	6	23	
12	47	5	72	10	37	2	35	19	53	13	69	14	40	18	27	0	34	
9	44	3	32	17	41	2	48	5	46	1	40	14	33	19	71	0	39	10	25	13	2	7	56	
9	18	7	45	5	30	19	4	16	12	17	54	
5	40	1	10	10	14	8	17	3	66	17	13	
1	70	15	33	2	60	3	37	8	8	5	41	19	16	4	21	
17	13	3	64	12	52	14	44	1	38	8	61	
16	55	9	27	11	20	14	33	7	65	17	4	2	28	0	9	1	8	8	51	6	1	
16	9	1	64	19	43	7	35	15	7	18	8	9	54	6	19	11	1	12	69	2	61	4	28	
7	63	12	69	10	58	14	24	6	47	0	61	
12	8	9	66	19	19	14	24	8	3	3	75	16	37	1	69	0	12	15	63	11	20	
14	39	8	22	1	40	18	45	13	9	
4	16	14	43	1	12	12	9	15	2	6	29	5	75	
3	34	10	6	11	51	9	22	8	70	2	67	15	69	12	21	6	24	19	48	
16	73	2	33	3	24	0	54	10	70	11	15	17	28	1	18	
3	33	13	50	8	22	15	11	5	6	9	59	12	28	16	39	17	15	7	66	1	31	
0	29	13	44	5	37	6	23	18	32	
4	50	11	45	10	8	12	67	14	20	1	46	15	63	13	72	3	61	18	14	0	4	6	16	
4	6	8	75	6	21	1	30	18	39	2	31	13	7	3	65	15	49	7	28	11	4	9	19	
2	20	11	2	3	67	4	57	9	9	13	61	17	69	19	26	16	66	10	40	0	38	
3	18	18	5	19	75	9	60	7	53	
12	21	14	43	17	28	8	55	3	7	5	26	2	67	4	49	9	47	1	59	19	39	
6	46	8	13	10	23	16	47	19	1	17	70	2	22	5	32	13	71	
2	28	5	10	10	65	15	9	19	41	14	54	9	43	12	45	7	51	1	2	
0	12	3	72	18	58	15	6	2	18	19	36	17	47	
9	41	1	38	8	72	15	75	11	2	3	23	7	37	14	57	13	52	
13	23	11	11	5	16	12	45	9	49	
19	60	7	8	6	72	16	7	8	10	3	31	1	4	4	37	2	29	5	30	12	36	
14	2	3	71	16	62	19	38	8	46	0	36	
17	39	5	51	0	71	8	58	16	31	6	75	14	26	18	43	19	45	9	30	13	7	
15	12	18	56	11	57	16	63	12	51	1	72	14	22	17	2	6	44	
6	67	14	46	17	61	18	57	8	2	9	70	4	53	
2	43	18	3	3	56	11	13	6	61	
14	56	7	49	18	19	2	26	6	12	
8	35	1	32	11	52	6	28	2	5	9	61	7	13	0	37	13	40	4	66	
6	59	14	30	12	56	7	21	19	32	
10	47	15	63	1	61	12	42	17	44	3	64	6	29	14	70	18	39	
2	37	13	19	8	38	6	70	0	51	14	55	
14	70	4	12	6	18	9	71	5	21	1	11	
6	62	15	64	8	54	13	48	11	63	3	41	0	40	14	7	12	52	17	32	7	30	
9	17	1	15	15	14	11	37	3	62	
1	63	0	60	19	22	14	45	11	58	5	34	16	32	18	16	
8	35	1	49	12	66	14	20	2	43	18	48	13	40	4	37	3	57	
11	41	17	59	14	71	13	14	0	11	5	2	9	62	15	21	12	28	8	67	4	16	
10	44	18	29	14	24	1	4	17	68	12	16	9	10	19	8	11	19	8	74	13	54	
14	4	6	61	5	11	19	55	4	34	16	15	1	44	7	25	2	29	11	9	18	49	
5	42	4	63	13	52	0	8	11	15	15	12	6	48	12	32	17	17	
19	54	18	52	10	28	16	33	1	63	3	24	4	75	7	23	
8	72	11	51	9	42	12	1	17	15	13	7	18	6	16	13	15	11	19	53	
13	27	15	8	1	6	12	60	11	74	10	3	3	19	0	29	6	67	
0	75	8	8	9	14	13	4	3	3	19	50	18	12	
19	15	12	20	8	4	7	41	4	75	0	45	3	57	13	30	9	69	5	52	14	19	
12	22	1	45	10	49	9	19	19	47	7	63	2	44	8	65	5	66	3	2	6	36	
4	10	14	8	9	54	18	73	17	19	
13	20	11	23	4	41	16	45	18	49	19	31	1	21	
2	69	3	5	12	18	9	7	13	55	6	16	1	37	18	29	8	31	
11	59	19	6	0	28	16	47	4	7	1	38	15	35	5	15	12	49	
6	3	18	52	16	5	14	48	12	18	5	75	11	28	1	74	
11	29	14	46	6	32	16	38	7	6	18	41	0	33	3	44	10	16	
16	13	1	59	18	25	15	58	3	63	11	22	13	71	2	55	
18	69	6	38	7	63	1	27	0	3	11	29	2	2	
11	41	9	54	7	44	1	21	4	23	
18	24	6	9	3	54	1	41	7	18	10	30	17	57	5	39	9	42	
18	57	12	20	13	3	3	26	10	50	6	64	14	66	17	25	2	43	0	54	
9	4	18	36	3	58	19	74	7	38	12	1	17	18	0	72	15	49	8	20	16	31	6	61	
5	45	19	35	15	31	17	50	13	30	6	75	
14	39	18	71	3	8	5	22	0	72	19	70	9	30	13	68	12	37	7	69	4	75	16	1	
4	33	8	32	3	21	1	1	9	72	10	9	13	28	12	56	
0	45	9	21	15	64	8	57	13	69	
18	25	1	52	6	66	0	2	11	47	
5	45	11	53	15	11	9	4	8	42	10	3	3	56	16	33	12	59	18	69	2	37	1	66	
10	28	5	65	16	16	11	25	13	36	9	68	2	20	4	49	6	47	7	55	15	73	
18	58	3	46	7	48	12	24	4	33	14	62	17	1	1	67	5	19	2	72	
18	39	10	57	3	54	0	55	1	73	6	46	8	5	
1	74	4	65	16	1	10	67	0	7	
10	22	11	7	13	44	19	70	7	37	5	1	6	28	
14	7	18	21	9	56	7	68	8	8	16	46	15	67	0	61	12	40	19	51	5	1	13	31	
11	38	1	72	0	34	10	51	17	11	9	65	
2	8	16	9	5	36	4	42	17	31	1	51	6	1	19	25	12	23	
4	16	12	48	10	42	13	22	17	68	16	25	14	40	9	71	3	54	15	23	
12	41	6	45	14	32	13	65	17	68	11	62	2	44	16	20	1	47	0	17	3	43	15	42	
12	29	13	69	0	43	11	3	10	14	15	31	5	45	
0	22	7	48	5	3	3	23	16	50	13	13	18	66	11	63	4	10	
7	59	2	9	9	25	0	30	16	65	19	75	4	37	13	22	5	23	1	27	14	74	
18	25	7	73	5	27	1	54	16	20	11	37	9	16	10	75	
5	21	13	41	17	16	12	67	8	47	1	66	16	38	4	3	7	27	11	18	14	39	18	52	
16	75	14	57	15	23	1	60	19	27	13	5	
1	5	19	14	3	40	16	69	18	36	10	19	
10	23	15	14	7	6	5	15	3	64	2	31	18	28	8	33	14	46	17	24	
19	73	16	40	12	23	3	17	4	61	11	49	10	3	14	62	18	39	7	33	
15	56	1	20	11	45	3	42	4	44	9	57	5	2	
0	63	10	21	6	29	11	34	12	40	19	8	8	59	
4	38	2	44	0	33	17	51	3	24	7	15	16	57	10	41	12	58	
19	4	14	20	5	40	1	17	0	58	
3	14	14	18	12	47	13	16	15	68	9	63	17	66	10	40	16	27	18	39	11	62	
5	21	14	63	8	33	12	51	19	47	10	25	3	60	0	12	17	39	15	62	11	49	16	18	
17	5	6	41	5	74	4	53	18	58	14	14	9	72	13	12	15	54	3	2	10	23	19	71	
18	58	6	32	14	16	4	72	7	57	15	31	3	3	13	53	8	41	19	37	
2	1	7	26	4	71	10	21	11	15	14	72	12	55	9	38	5	20	
19	48	5	16	10	3	13	58	17	18	15	22	11	14	18	73	
0	74	14	55	1	53	16	51	7	21	3	69	11	38	12	17	9	35	10	9	13	28	5	44	
10	8	13	30	19	42	9	25	14	72	
9	49	0	56	3	54	15	48	17	25	5	47	
19	64	12	50	16	70	9	22	14	24	4	9	
9	30	7	15	0	12	4	66	12	44	5	48	19	71	3	70	18	4	
6	56	3	65	1	26	14	21	15	75	
11	41	13	58	19	64	10	2	8	48	15	60	16	65	
17	15	11	11	0	7	5	69	9	30	3	12	10	27	4	62	1	75	14	13	13	20	
15	42	2	5	16	68	17	10	6	39	12	22	19	50	0	52	
1	52	8	24	15	70	3	45	18	54	
3	67	5	66	19	40	1	52	10	54	15	73	7	43	6	44	
19	48	18	9	0	67	13	58	15	15	1	54	3	6	

All component type numbers for each job to be processed by MFPM
3	9	4	18	
0	38	7	34	1	45	
0	1	5	16	
7	50	2	42	3	40	8	44	9	29	
4	21	1	2	
8	33	
6	1	7	3	
1	36	3	49	5	41	8	46	
8	17	7	15	1	10	5	11	6	8	
6	38	2	31	3	50	5	43	4	42	
8	2	0	6	2	14	9	7	
4	46	3	34	2	42	
3	8	2	15	6	20	1	7	9	24	
4	45	
7	22	0	15	
8	30	9	45	4	37	
8	13	2	17	6	19	
1	28	9	43	8	46	
2	18	
4	32	
3	8	
9	29	3	36	5	46	0	49	
3	1	2	10	7	24	
0	41	5	50	
2	3	8	4	6	23	3	21	
0	47	2	33	
5	1	4	11	
0	30	4	29	5	39	9	50	1	36	
7	11	6	25	5	10	
3	33	
6	18	4	17	
6	28	5	27	1	33	
1	1	5	8	3	10	4	22	8	2	
2	36	0	38	4	47	
3	17	5	5	
6	27	4	31	
2	7	1	16	8	4	5	19	3	24	
4	31	9	34	
9	24	0	1	5	10	6	8	8	14	
4	39	3	33	1	40	
3	3	2	21	1	24	
6	43	2	39	
0	7	
6	35	2	30	0	41	1	29	8	27	
4	8	1	12	0	17	
7	37	9	29	3	33	
2	11	0	24	7	23	
4	42	3	31	
6	1	9	13	0	3	2	17	
6	28	7	32	5	39	2	48	9	30	
1	11	0	19	9	24	
4	30	9	50	8	35	7	33	
3	16	
8	28	6	48	
2	17	
1	26	7	41	3	32	2	38	4	50	
3	22	9	13	1	18	2	14	0	23	
6	48	0	38	8	36	5	28	4	35	
8	23	4	15	
5	27	7	38	8	46	
2	3	3	14	
1	37	7	36	4	47	
8	3	4	22	9	6	
6	31	
7	20	9	23	0	13	
3	30	
6	8	9	23	0	17	1	13	
5	38	2	26	6	44	
1	25	4	6	6	11	5	20	0	7	
3	33	
8	23	2	25	
0	37	4	39	1	49	
5	14	6	3	1	4	4	2	
8	44	1	28	5	45	0	46	
0	18	2	23	
7	49	1	41	5	44	3	29	9	38	
9	25	0	24	3	20	6	9	
3	29	4	28	6	40	5	50	
1	24	
0	45	4	48	2	38	
4	15	9	14	8	17	3	7	6	3	
5	33	9	40	8	43	
0	5	9	16	5	7	
6	27	
6	25	5	8	1	14	2	17	9	2	
5	31	8	37	7	50	
2	22	
0	26	9	41	2	31	7	39	
8	15	2	18	4	7	
4	40	9	38	1	32	7	36	
2	10	
0	44	8	36	2	42	5	31	4	46	
5	7	9	1	8	23	
6	33	7	50	9	38	5	31	2	40	
0	6	
3	50	0	48	
1	19	3	24	8	7	5	16	7	17	
8	45	3	28	4	36	
5	2	9	15	1	13	3	11	
8	33	
1	12	8	10	6	21	3	9	9	19	
3	39	
6	17	
9	39	0	46	
1	20	0	15	4	18	2	16	7	1	
9	46	
8	24	0	5	
9	50	2	48	4	34	
9	12	3	2	0	22	6	5	
2	31	9	45	5	30	
5	8	
9	37	0	49	4	39	
0	12	
0	41	
6	13	1	14	8	2	2	24	7	10	
9	32	7	28	0	38	4	35	8	44	
1	15	9	19	
6	48	4	38	0	37	
4	6	
1	37	6	38	5	28	4	36	0	42	
8	25	5	20	4	22	7	3	9	14	
9	48	7	28	0	40	5	26	2	43	
2	11	1	13	8	23	4	15	0	20	
3	30	9	40	
2	20	
4	48	0	34	1	37	9	35	7	49	
6	14	3	8	4	13	0	22	1	20	
0	49	4	36	7	48	3	47	9	39	
0	15	2	3	1	7	7	18	6	21	
4	26	1	43	7	35	6	27	5	44	
8	9	
2	31	0	45	7	29	4	34	1	40	
6	20	0	19	1	24	5	17	3	3	
3	33	
9	12	4	2	
0	31	2	36	1	28	6	37	5	35	
8	14	9	13	6	8	4	23	5	2	
3	34	
8	22	6	18	7	1	1	12	2	9	
4	43	3	26	
4	5	
1	35	8	31	7	45	2	48	5	50	
4	15	8	11	6	6	
0	47	
4	15	0	5	8	24	
1	31	9	35	7	37	
1	4	8	10	
5	30	7	32	9	28	4	45	
5	8	6	14	
4	33	5	36	8	50	
7	17	8	3	3	18	0	5	
5	37	
4	22	6	8	2	13	8	10	
6	40	9	50	4	35	2	33	8	28	
8	3	2	6	5	14	9	5	3	16	
6	37	0	33	4	38	2	49	5	45	
1	8	
3	30	5	37	6	29	
0	21	9	15	6	18	3	19	8	25	
2	30	6	34	0	45	4	37	
1	17	
2	38	8	29	
0	21	6	13	8	11	5	23	1	14	
1	34	9	44	6	45	3	35	
5	4	0	19	7	7	4	22	1	16	
4	28	8	48	
7	16	2	23	9	2	0	6	8	12	
8	29	0	47	
2	22	6	16	
0	29	9	50	2	44	5	30	1	35	
1	6	7	8	3	20	9	1	5	18	
2	49	9	31	
3	11	
6	33	7	45	3	46	
6	1	1	7	
4	43	9	40	0	32	5	46	8	49	
5	12	6	22	4	16	1	24	
0	44	
1	18	
5	40	7	28	
7	5	4	20	9	25	0	16	6	13	
8	31	2	36	
1	22	3	10	
5	43	
1	11	6	20	
0	30	6	40	5	49	
1	18	5	13	9	20	8	8	
7	48	8	43	9	40	
9	23	
2	34	1	38	
0	9	3	4	5	7	1	1	
3	42	4	49	1	43	
3	24	0	22	7	4	
6	31	5	47	2	50	7	30	
5	18	6	15	9	7	
5	39	0	41	
7	16	
9	29	6	50	8	33	2	35	
4	10	6	23	
8	44	1	34	2	28	
1	6	9	13	
3	44	5	26	4	36	9	31	
2	20	8	3	
9	36	6	34	4	50	2	38	7	27	
8	16	2	4	6	24	3	11	5	15	
5	29	2	43	
5	15	2	25	
6	40	
3	17	
9	33	5	28	
2	14	
3	32	9	33	8	28	
9	9	7	1	8	25	6	8	
8	47	6	27	0	42	2	43	4	46	
0	4	4	16	8	9	3	8	2	21	
1	29	
1	14	7	15	8	12	
7	31	0	48	9	26	1	34	3	32	
5	14	8	20	3	2	2	23	4	8	
6	39	1	47	
4	7	2	22	
9	31	3	28	4	30	
6	17	4	24	7	12	
8	42	4	28	3	40	1	33	
5	17	0	6	
2	39	7	28	
7	24	6	22	9	19	2	16	
7	37	5	39	3	44	1	45	9	33	
5	25	8	14	9	23	7	18	4	5	
8	31	1	30	7	43	2	47	6	33	
0	20	
9	37	0	30	8	27	5	35	
1	11	
7	36	9	49	5	27	
0	19	4	25	8	14	2	17	
1	28	5	30	8	37	4	34	9	33	
9	5	5	19	
3	41	1	31	5	26	9	35	
3	2	
8	36	
9	6	7	9	0	18	5	3	
1	42	3	39	9	30	
7	11	5	19	2	10	6	13	0	22	
1	46	0	38	
9	24	3	9	2	25	6	2	
9	46	4	39	7	26	3	40	8	29	
2	21	9	20	3	22	
1	43	3	33	5	45	
9	5	8	25	
6	46	4	32	
4	11	6	1	5	18	8	8	2	20	
9	41	2	43	
6	19	1	23	
0	42	7	26	
4	20	
8	33	5	29	3	30	1	48	
6	15	2	25	9	24	3	4	8	5	
6	45	
1	15	2	3	4	24	8	12	
1	50	6	49	
5	15	
5	32	6	33	7	45	
3	20	4	5	8	25	5	15	9	18	
9	37	2	44	5	46	
9	15	0	12	
7	37	
0	2	8	22	2	5	
9	26	
7	14	9	12	8	18	
9	36	5	38	6	39	3	37	
8	21	7	14	9	4	0	6	2	16	
0	30	9	39	3	27	
1	15	4	7	
3	29	
7	14	8	12	1	18	
4	38	
6	1	3	10	0	14	
3	48	7	43	0	42	
8	5	
0	38	8	42	
9	25	4	1	
5	29	0	34	
9	12	8	5	4	17	
7	50	3	40	0	38	8	46	5	42	
7	21	
7	26	9	35	1	30	
0	19	6	8	5	2	1	9	4	5	
0	31	8	49	1	48	6	43	3	44	
8	13	
6	47	1	32	
9	24	
5	33	
7	15	2	24	4	10	
3	33	8	34	1	35	9	27	4	44	
3	7	9	10	8	16	0	17	
2	50	
4	3	8	8	
0	37	3	28	
1	13	9	12	7	23	
3	44	2	33	
0	24	3	17	
7	50	1	29	4	32	
8	17	
1	47	9	36	8	45	5	34	
6	5	0	23	3	13	
0	47	1	46	7	37	4	28	8	29	
7	5	3	1	2	7	6	11	0	6	
9	26	3	27	8	33	5	39	4	36	
4	25	2	10	3	17	9	11	
1	38	8	48	2	39	
0	20	8	22	
0	33	
2	4	1	13	3	11	
9	43	4	36	7	42	
3	20	9	15	6	13	5	12	
8	29	4	32	2	33	5	46	
9	10	
2	37	5	29	0	34	
7	24	3	22	8	7	
1	41	5	31	7	39	9	40	
1	16	3	23	8	22	9	3	
2	50	
6	16	4	3	1	24	
4	31	
3	23	7	14	
3	48	
6	14	2	10	8	1	
1	35	7	27	2	43	
4	11	6	14	5	18	3	25	
5	33	
7	15	
0	37	
6	24	9	13	3	21	
0	37	3	39	8	50	
0	24	8	11	7	7	4	8	
3	42	2	44	
6	24	3	4	8	14	
1	32	6	40	7	46	
0	10	
2	27	3	42	
3	6	6	2	1	9	
3	29	7	37	
8	15	0	22	7	8	
6	32	4	27	1	39	
2	16	1	2	5	14	
4	47	6	39	9	30	7	38	
8	8	6	19	7	16	0	14	
0	48	6	30	5	42	
1	19	
1	27	9	34	7	30	
0	17	
5	27	6	26	1	50	
1	7	8	17	
6	30	9	26	3	28	
5	2	0	24	4	12	6	10	
1	45	0	38	2	27	9	36	3	48	
9	23	4	3	8	19	
5	33	4	37	0	28	2	29	3	38	
9	12	3	21	0	15	
6	47	4	49	3	44	
4	10	0	11	
8	42	9	47	0	35	6	50	
3	2	
3	38	2	42	1	48	6	28	7	36	
8	17	4	19	0	2	
1	26	5	41	2	40	3	35	
0	8	
8	26	7	34	5	38	
1	9	6	16	3	20	9	14	
1	36	0	29	6	26	8	34	
6	1	8	8	9	24	
6	32	4	34	0	42	
1	21	9	23	5	22	0	4	8	15	
8	26	7	31	6	50	
1	7	6	4	0	2	4	9	
0	32	9	36	2	35	6	48	
0	21	2	9	
9	28	1	34	7	38	
5	8	9	14	2	11	7	18	4	13	
5	44	2	27	8	48	6	50	7	40	
7	14	2	23	3	11	0	8	
8	29	9	35	6	30	0	31	1	32	
4	3	6	25	
5	27	
1	11	6	25	5	2	
0	34	6	46	2	33	
2	4	1	2	4	15	
5	36	7	29	
1	5	8	22	3	17	
9	41	
2	22	5	4	3	12	
6	30	2	26	3	29	
4	4	
6	40	
4	7	
7	48	
4	19	1	4	9	10	
5	28	
4	5	7	18	1	15	
4	37	6	33	2	40	

Three processing times per job on each machine
The best scenario
381	269	210	
821	586	309	
429	350	245	
185	537	257	
459	459	704	
1201	931	327	
225	104	240	
604	445	721	
608	332	434	
251	213	132	
395	232	292	
117	179	203	
640	713	219	
746	497	336	
287	804	288	
200	352	339	
166	98	178	
234	292	294	
363	771	199	
308	216	325	
265	917	254	
221	87	53	
346	486	309	
422	515	493	
422	672	533	
528	268	872	
226	225	385	
346	525	332	
205	333	449	
153	687	178	
1188	899	355	
90	114	153	
122	409	173	
136	293	137	
108	143	133	
930	980	655	
375	697	814	
379	305	299	
469	629	178	
823	827	460	
368	206	139	
319	327	294	
473	629	427	
1158	749	614	
251	425	282	
142	158	138	
339	272	391	
255	466	313	
359	608	477	
599	382	328	
392	312	374	
226	168	312	
364	112	285	
204	353	202	
347	487	230	
1244	701	853	
428	160	353	
1040	555	676	
43	128	111	
419	697	528	
739	1283	470	
222	764	466	
533	415	785	
420	471	430	
457	539	288	
424	756	277	
427	476	735	
71	249	323	
153	215	365	
490	363	604	
275	756	416	
1054	726	439	
598	526	440	
599	305	654	
275	225	214	
825	689	265	
86	85	66	
484	335	424	
505	911	464	
612	192	501	
304	534	862	
200	150	195	
362	116	344	
500	355	267	
284	263	465	
338	420	213	
243	331	223	
268	171	148	
153	99	224	
362	294	445	
629	331	1030	
783	353	832	
1004	313	414	
166	322	78	
137	270	100	
465	790	1150	
204	315	213	
370	325	426	
128	131	314	
516	378	356	
416	180	612	
120	111	199	
161	200	316	
664	565	357	
601	366	602	
326	270	381	
261	158	330	
709	575	546	
401	460	549	
521	687	271	
280	426	236	
247	537	541	
1204	1209	343	
244	337	162	
988	486	372	
144	198	99	
1151	651	393	
867	589	556	
553	480	463	
391	275	255	
221	195	309	
272	433	170	
1128	720	960	
62	65	119	
917	480	699	
397	168	416	
465	411	243	
667	615	678	
187	546	302	
344	755	709	
485	625	647	
418	272	696	
466	209	344	
135	157	126	
667	310	1004	
595	195	213	
194	205	145	
897	891	832	
558	315	169	
847	493	842	
274	278	195	
423	339	205	
575	443	220	
598	362	869	
248	258	179	
283	455	104	
123	178	129	
630	1244	349	
608	535	447	
511	458	870	
536	685	354	
146	325	488	
60	151	119	
336	428	688	
438	891	752	
595	384	538	
706	733	313	
215	222	88	
322	341	433	
120	206	548	
384	627	573	
429	316	262	
1025	1466	1143	
78	135	91	
301	282	405	
658	255	312	
652	436	321	
390	299	560	
674	933	684	
149	295	434	
425	874	685	
257	544	271	
1172	998	776	
221	297	364	
278	489	242	
131	194	42	
237	646	470	
766	958	338	
249	651	373	
408	685	787	
1114	569	1077	
495	791	684	
353	490	116	
503	475	420	
1032	600	697	
257	211	118	
868	995	409	
351	385	735	
1249	618	1534	
263	525	293	
121	131	232	
855	372	645	
181	782	262	
433	355	205	
170	293	197	
50	40	111	
513	542	963	
332	356	189	
281	166	67	
662	843	769	
Most likely scenario
382	372	301	
1040	1043	395	
461	450	369	
190	651	433	
588	751	878	
1404	1247	429	
381	175	261	
702	455	816	
1149	448	571	
396	421	159	
439	339	476	
164	280	394	
1234	780	407	
1391	560	587	
464	866	370	
212	502	361	
171	111	182	
272	427	383	
445	862	291	
312	329	605	
324	1127	487	
270	149	78	
482	690	469	
480	519	901	
634	1237	1061	
887	318	1177	
338	378	594	
483	856	575	
247	350	552	
239	811	291	
1206	1103	367	
144	148	226	
176	455	208	
219	518	191	
131	152	193	
999	1148	738	
406	934	872	
473	369	360	
790	799	323	
873	844	628	
375	370	229	
428	339	408	
630	660	516	
1523	1397	1028	
433	583	313	
163	210	218	
340	288	670	
266	505	328	
490	671	576	
904	529	442	
444	466	435	
268	283	489	
427	140	451	
379	549	304	
438	933	418	
1313	707	909	
475	274	456	
1205	852	1282	
80	194	168	
428	746	811	
1199	1480	513	
376	1094	630	
561	574	1037	
572	769	492	
905	1033	301	
683	1041	414	
765	580	790	
130	276	406	
168	336	484	
495	466	698	
321	822	457	
1170	936	544	
898	548	722	
740	324	1071	
432	265	373	
985	1078	374	
133	138	124	
488	437	456	
893	1215	630	
892	345	958	
484	785	1320	
313	290	213	
487	211	432	
510	560	469	
325	415	588	
395	608	258	
366	463	377	
276	264	159	
232	170	346	
480	336	542	
852	506	1267	
952	619	939	
1009	431	736	
205	348	130	
196	339	124	
527	1238	1383	
353	512	253	
384	500	487	
139	149	349	
781	464	380	
817	316	867	
137	220	204	
164	219	320	
1103	864	586	
858	659	1169	
478	385	572	
513	206	334	
754	821	763	
518	767	553	
579	763	361	
295	541	408	
309	671	947	
1233	1262	455	
254	409	201	
1006	674	457	
287	231	129	
1291	1145	718	
1427	1015	1017	
906	707	700	
402	465	454	
311	291	321	
463	539	180	
1162	892	1040	
98	86	123	
998	813	766	
529	222	427	
855	611	289	
845	854	728	
264	559	416	
452	1047	965	
896	910	668	
599	318	817	
729	307	541	
208	283	233	
863	364	1093	
706	212	338	
213	228	167	
1093	981	1421	
630	577	251	
900	619	924	
470	469	255	
478	496	216	
746	785	425	
765	372	913	
251	366	198	
389	469	117	
170	183	134	
1049	1245	568	
930	832	460	
870	497	921	
881	1272	417	
184	410	639	
84	202	171	
487	521	808	
744	913	1030	
831	672	687	
1351	1177	531	
260	238	161	
337	521	502	
205	248	563	
668	690	963	
809	430	425	
1254	1514	1194	
147	260	155	
463	322	767	
690	474	318	
901	734	365	
623	477	783	
1139	1127	1059	
287	470	438	
762	1212	1317	
462	980	406	
1233	1016	795	
369	331	556	
469	906	378	
159	245	68	
342	712	602	
1023	1270	633	
270	725	554	
580	999	962	
1137	891	1262	
546	873	895	
577	570	215	
757	818	536	
1069	763	963	
320	323	163	
1070	1238	625	
472	418	960	
1434	988	1542	
435	537	384	
187	172	386	
1392	605	970	
274	813	267	
461	374	338	
185	548	389	
58	72	113	
865	553	1082	
431	491	285	
306	172	131	
678	1095	847	
The worst scenario
425	501	353	
1449	1365	495	
646	577	531	
237	942	469	
735	830	1187	
1760	1336	611	
424	190	294	
801	571	1149	
1239	499	736	
573	630	177	
489	483	566	
226	291	450	
1245	1067	421	
1400	567	825	
666	1128	508	
246	510	362	
241	117	265	
408	429	460	
521	937	427	
364	339	635	
399	1217	697	
326	156	81	
672	844	661	
590	573	985	
762	1361	1270	
1233	429	1503	
438	470	603	
626	1060	753	
335	388	680	
292	967	324	
1665	1396	540	
172	173	289	
198	497	298	
309	521	272	
140	225	241	
1298	1326	1022	
557	1086	1112	
649	516	419	
884	943	382	
1156	1045	837	
491	461	329	
625	381	545	
745	848	763	
1647	1514	1183	
595	639	322	
204	266	274	
367	424	941	
317	657	343	
515	909	708	
1010	726	581	
513	609	478	
375	383	508	
495	208	524	
494	732	421	
450	1132	507	
1688	981	974	
483	377	630	
1555	1119	1665	
112	250	236	
480	775	1098	
1339	2156	712	
390	1185	778	
631	806	1254	
682	958	526	
1143	1525	352	
836	1174	430	
909	810	887	
157	408	552	
233	448	692	
674	605	770	
441	1203	494	
1281	1272	702	
916	759	1044	
996	349	1105	
439	334	377	
1387	1134	556	
182	186	134	
537	637	507	
901	1474	884	
1094	417	1184	
667	933	1347	
339	366	236	
715	300	439	
553	736	579	
384	564	605	
495	899	264	
539	549	538	
407	339	232	
335	230	461	
652	427	636	
1105	621	1709	
1277	785	1273	
1484	499	988	
274	376	138	
244	471	134	
665	1829	1413	
447	606	265	
543	602	646	
140	221	362	
1170	470	563	
870	469	1004	
174	222	263	
238	313	327	
1371	997	630	
872	792	1555	
683	567	716	
662	244	446	
869	981	775	
580	942	585	
777	918	535	
426	668	497	
396	840	1063	
1729	1554	600	
300	466	254	
1377	742	609	
417	256	149	
1919	1452	1021	
1588	1334	1414	
1121	1055	818	
558	610	568	
366	352	365	
484	738	265	
1539	1059	1247	
104	93	179	
1410	907	946	
741	300	442	
1013	699	391	
1140	1175	761	
312	605	588	
597	1184	1158	
1333	950	740	
798	356	963	
1034	382	568	
249	322	321	
1005	435	1370	
1045	281	367	
296	309	238	
1619	1266	1830	
819	740	291	
1071	818	1045	
528	606	369	
578	584	306	
942	1020	426	
842	482	1035	
284	383	256	
451	597	167	
224	204	147	
1067	1684	822	
958	1189	554	
1104	605	1122	
1000	1335	565	
235	521	784	
124	295	211	
604	683	1199	
942	1055	1130	
901	975	899	
1703	1330	737	
384	355	208	
395	649	515	
212	335	812	
751	1007	1366	
1015	595	611	
1303	2063	1637	
153	336	198	
468	346	1049	
950	525	463	
1082	871	421	
901	650	1010	
1182	1586	1459	
315	645	459	
765	1301	1887	
680	1155	407	
1538	1324	957	
549	460	700	
678	1216	424	
162	287	87	
429	989	753	
1080	1522	763	
357	827	633	
864	1154	1436	
1319	1292	1442	
675	1060	1261	
830	615	227	
815	1062	770	
1318	1022	1159	
375	380	212	
1555	1588	630	
694	533	1319	
1978	1380	2092	
643	762	443	
264	245	396	
1717	613	1287	
337	1004	311	
509	430	357	
252	812	404	
85	81	152	
1188	829	1589	
482	535	318	
409	223	153	
991	1585	1160	
