Factories	6	Jobs	150	Machines	2

Total number of component types per job processed by HSPM
5	12	6	10	10	10	10	7	10	11	7	5	10	6	11	11	10	11	6	9	12	5	8	7	12	8	12	5	6	11	11	5	12	7	12	6	7	10	10	11	9	5	6	11	9	12	7	10	6	7	8	8	7	12	9	9	10	8	8	5	11	6	9	8	7	7	11	12	10	11	6	5	6	6	10	5	6	6	9	10	10	12	8	5	11	9	9	12	9	11	5	11	10	9	8	6	6	11	6	10	9	5	5	5	9	6	10	10	9	11	8	9	5	9	6	7	7	12	9	10	10	9	10	8	12	11	9	9	9	12	10	9	5	9	7	11	10	12	6	10	12	12	12	9	9	7	10	6	5	11	

Total number of component types per job processed by MFPM
2	3	1	4	1	3	5	3	4	3	5	1	1	5	3	4	1	5	1	1	4	4	4	5	3	5	4	2	3	1	5	5	2	3	3	2	2	2	3	2	5	1	2	1	4	3	3	1	3	3	3	3	2	4	5	3	4	1	1	4	1	1	1	1	5	5	2	2	3	1	4	5	5	4	1	3	1	1	4	1	3	1	3	4	1	1	5	5	3	4	5	3	4	5	4	2	1	3	2	3	5	2	5	2	3	5	3	1	1	3	1	2	5	3	3	5	2	1	2	3	5	3	4	5	4	4	2	3	4	5	4	4	4	2	1	4	3	1	3	2	4	4	3	1	4	4	2	4	5	4	

All component type numbers for each job to be processed by HSPM
6	48	12	28	0	23	11	25	2	65	
1	71	13	10	17	75	8	19	19	21	15	30	2	7	7	65	16	51	6	64	11	41	0	35	
16	60	13	55	0	43	3	26	15	23	10	15	
13	68	4	4	1	65	10	32	0	38	7	27	5	56	6	61	17	30	3	5	
19	19	0	75	6	74	7	30	18	17	9	58	16	39	15	13	13	61	14	26	
11	70	8	42	13	12	2	46	4	9	10	29	1	63	9	17	7	8	19	25	
17	31	12	75	14	65	18	39	9	63	1	66	13	49	2	35	15	15	16	27	
12	57	6	3	16	65	19	66	1	10	0	24	9	17	
18	3	7	2	10	50	0	12	2	25	16	53	11	46	19	42	5	31	8	39	
2	46	5	52	8	61	7	38	10	64	6	27	14	7	16	43	11	42	12	30	9	34	
11	64	2	46	3	27	0	6	19	50	6	67	14	2	
11	13	4	23	2	43	14	21	8	44	
3	7	2	49	9	65	7	46	1	20	17	67	10	25	8	61	4	12	6	44	
13	60	9	37	1	12	8	57	15	3	18	40	
19	13	11	41	10	53	12	28	1	66	18	75	5	20	15	26	14	51	17	3	3	16	
18	1	10	33	2	66	6	43	5	63	4	74	11	24	0	28	8	65	12	42	17	12	
0	3	7	51	16	16	11	34	6	28	5	72	4	40	18	6	9	55	10	19	
15	37	0	5	8	25	14	59	19	55	11	63	5	27	4	35	12	12	10	65	18	13	
6	40	13	30	19	71	3	49	7	45	2	37	
9	41	19	8	2	22	4	53	16	72	18	32	5	20	10	65	13	26	
19	15	6	73	5	69	18	26	7	14	8	24	9	13	10	12	4	71	17	54	0	38	15	9	
13	67	5	47	10	68	4	18	8	43	
7	52	5	14	4	67	2	41	15	40	11	33	8	66	16	8	
4	74	3	3	5	7	0	58	8	12	16	25	11	75	
8	23	1	30	18	55	6	46	13	5	10	8	0	66	3	3	17	74	15	39	11	37	7	2	
3	43	2	67	6	59	11	15	0	37	8	22	7	71	18	34	
6	8	13	39	9	11	10	62	3	41	18	47	19	1	14	16	1	53	7	14	0	70	12	69	
17	30	11	39	14	51	5	14	19	61	
15	46	6	51	17	57	11	11	1	34	8	6	
3	53	7	26	5	29	14	22	9	64	12	48	0	50	18	43	17	14	6	11	8	24	
12	62	0	24	10	34	6	48	4	41	8	54	15	67	17	59	13	22	18	14	14	15	
4	33	18	25	5	40	15	56	14	59	
14	22	16	23	4	63	15	19	0	2	7	66	18	9	3	58	19	43	9	56	11	21	10	33	
5	37	12	27	14	74	15	41	11	30	2	39	7	49	
12	8	19	65	1	42	7	64	10	45	17	35	13	70	6	52	4	44	15	21	5	41	9	33	
18	24	0	3	15	27	14	35	13	66	9	51	
9	49	18	22	3	26	16	24	7	44	2	72	8	64	
12	21	1	53	15	13	10	50	3	4	16	14	9	27	5	40	13	75	11	36	
18	70	1	44	3	71	0	43	17	24	15	17	10	12	14	48	6	46	12	65	
19	55	14	38	0	35	7	36	16	48	1	18	18	8	6	19	12	3	4	31	2	65	
2	30	9	72	0	3	19	57	1	60	15	27	5	43	12	4	18	31	
19	23	14	59	2	61	15	72	11	33	
8	51	19	65	14	19	7	30	2	72	16	44	
16	62	8	42	4	13	0	56	10	17	17	54	9	37	7	5	18	47	12	36	13	43	
4	27	8	19	16	65	9	54	1	48	12	29	19	60	17	7	10	33	
6	31	16	57	12	72	13	17	8	24	3	65	19	48	1	53	11	21	10	7	14	45	0	66	
15	64	10	45	5	65	18	29	11	8	1	6	7	54	
12	41	7	51	6	13	1	59	18	31	15	10	11	9	3	20	14	32	16	48	
18	28	0	13	16	46	1	47	5	43	15	42	
8	3	1	44	7	45	9	50	17	26	2	75	18	9	
8	6	5	14	2	49	17	20	9	31	7	54	6	73	18	32	
13	36	5	37	1	63	11	33	16	6	2	43	9	48	0	51	
15	42	12	24	6	1	13	63	0	40	16	28	14	5	
5	16	14	25	7	36	4	32	19	30	15	22	12	17	10	1	2	19	1	71	11	38	0	21	
2	11	9	62	5	43	4	73	7	63	6	14	12	19	1	51	16	2	
18	62	6	18	17	5	9	65	1	33	13	48	10	13	8	42	19	58	
5	50	18	40	11	31	3	42	16	29	12	75	15	26	2	11	17	48	10	45	
16	46	13	18	7	36	18	68	0	49	10	75	6	57	17	74	
3	19	16	10	10	50	1	46	9	68	11	25	4	58	5	17	
0	10	17	49	7	63	13	17	18	1	
1	37	6	64	17	15	3	2	13	30	15	31	8	63	11	12	4	29	5	7	12	22	
9	62	8	3	6	54	15	26	19	15	11	44	
14	23	7	37	5	51	17	49	12	6	13	59	2	25	9	32	18	30	
0	24	2	59	3	68	14	38	8	28	6	31	9	49	11	46	
7	7	9	22	11	23	16	59	17	5	1	61	10	25	
12	47	11	44	17	11	18	50	14	3	4	65	9	32	
5	54	11	41	16	19	1	42	18	14	2	2	10	59	15	63	14	45	9	30	4	24	
12	73	5	9	2	51	18	31	0	40	16	66	3	63	13	42	8	58	17	14	1	71	10	35	
4	9	12	69	6	59	9	47	15	19	18	34	13	68	7	7	2	22	14	48	
11	16	14	2	5	37	19	36	1	49	16	55	15	3	12	68	3	75	18	43	8	45	
5	28	2	40	19	13	4	66	15	68	1	60	
18	8	1	57	11	75	12	62	14	11	
1	58	11	56	15	4	5	16	10	20	13	59	
3	37	13	25	17	42	4	66	12	20	6	29	
14	3	11	39	3	48	16	55	10	44	5	58	7	67	17	63	18	5	4	41	
2	1	7	16	9	54	19	11	8	55	
2	43	6	49	13	29	10	59	16	5	18	42	
14	66	10	32	2	60	17	6	6	65	0	56	
19	45	8	46	2	40	1	14	11	3	16	42	17	66	4	37	6	49	
7	50	18	64	1	53	0	70	16	40	4	30	3	47	11	66	15	68	9	8	
17	71	6	67	2	62	11	45	8	21	10	75	13	47	12	28	14	29	3	6	
14	54	1	14	4	52	2	6	17	68	8	72	19	49	11	55	9	37	12	59	6	48	3	17	
7	48	18	34	3	23	11	19	19	7	13	4	16	58	9	9	
12	57	6	67	17	23	4	34	10	1	
12	39	14	55	11	56	5	12	10	10	15	27	18	47	3	59	19	54	9	6	16	11	
4	5	0	28	10	10	11	64	7	72	1	66	2	39	19	44	5	42	
1	28	18	45	6	16	3	74	2	27	5	2	12	34	19	40	17	55	
11	22	4	7	0	18	12	24	6	70	7	73	5	39	13	34	16	62	19	44	3	51	18	40	
18	64	0	12	5	58	6	34	19	30	2	4	10	1	7	50	8	75	
4	6	13	53	6	11	7	61	15	8	0	45	5	59	1	60	19	47	16	72	12	24	
9	36	2	38	0	43	16	11	13	73	
1	18	15	10	12	65	10	8	3	40	17	75	18	59	11	37	8	66	7	32	14	24	
0	29	12	56	13	45	15	68	5	64	11	43	2	26	17	25	19	55	14	31	
18	41	10	63	14	58	17	74	11	5	13	6	1	66	8	52	12	18	
4	5	14	41	19	20	11	11	12	21	13	58	8	53	1	27	
6	65	0	59	5	43	15	38	3	57	11	66	
6	10	10	44	15	5	11	54	1	26	12	17	
14	62	8	73	9	25	6	30	1	32	3	38	0	31	10	66	19	54	13	52	4	53	
15	45	10	40	19	7	16	3	6	73	8	70	
15	3	14	13	7	32	6	21	11	30	10	38	17	56	5	48	13	16	19	33	
19	13	16	42	17	4	10	60	5	67	6	70	9	20	18	25	2	21	
13	36	11	73	7	2	2	66	17	50	
14	31	18	55	0	62	15	27	9	56	
4	72	17	48	1	13	3	49	5	54	
15	5	9	31	13	38	2	14	5	64	19	2	16	51	0	7	4	24	
9	6	19	9	13	43	14	55	3	45	15	29	
3	31	12	29	19	71	4	10	15	70	14	67	8	15	0	58	11	11	9	74	
10	23	5	5	8	29	6	15	3	33	18	35	7	36	2	51	4	75	16	7	
8	36	3	33	9	24	15	50	14	49	5	25	13	45	17	75	0	2	
0	5	19	48	2	37	4	63	9	45	7	4	5	51	14	72	13	8	16	65	11	32	
12	17	0	39	1	70	17	50	7	52	19	38	13	74	15	20	
18	73	7	55	16	59	8	71	1	23	19	42	14	32	13	1	2	19	
5	73	10	3	0	58	8	40	19	14	
13	8	11	47	1	75	15	67	5	54	8	2	16	26	19	56	18	21	
0	67	2	20	18	75	15	39	11	47	16	5	
6	75	19	59	11	25	8	34	15	40	5	17	16	72	
4	25	3	67	19	29	8	31	1	51	14	50	18	1	
13	5	8	60	3	20	18	44	4	54	11	18	19	29	15	31	14	30	9	73	16	7	0	46	
11	49	0	74	15	2	12	57	17	50	1	24	6	17	9	12	13	28	
10	12	16	55	14	58	19	21	13	39	18	57	3	15	2	1	1	42	17	66	
13	50	17	66	16	39	11	20	19	55	0	1	6	47	7	69	2	46	9	12	
1	35	4	69	5	13	13	20	8	43	10	17	2	46	18	11	16	40	
4	9	11	21	13	55	6	22	0	32	5	30	19	60	17	62	18	59	8	19	
18	75	13	30	19	74	2	17	8	39	1	72	7	25	5	57	
12	49	7	11	4	13	11	4	19	56	3	33	0	14	18	46	15	7	8	62	5	37	17	59	
5	32	16	55	11	34	1	48	0	37	8	45	19	33	18	47	17	61	4	27	7	11	
16	44	9	54	15	70	14	50	12	62	11	26	4	20	3	59	10	60	
3	70	10	29	17	1	15	74	0	46	6	68	13	30	14	75	19	12	
15	3	6	68	14	46	8	53	10	31	12	41	0	73	13	64	2	28	
14	6	11	65	19	57	17	11	7	24	10	70	8	19	4	28	15	43	0	8	12	26	18	25	
4	7	19	10	0	47	7	37	6	43	18	41	11	50	5	42	1	5	2	51	
9	22	1	60	7	18	2	32	12	40	0	66	14	63	16	27	17	12	
6	44	8	69	0	46	2	70	7	18	
9	48	7	46	0	20	16	9	18	8	4	12	10	42	15	29	13	47	
8	32	2	70	14	17	4	71	11	27	5	45	7	14	
14	7	13	15	16	37	9	43	4	14	10	3	18	64	17	73	0	16	19	51	2	39	
17	75	11	31	12	67	7	8	19	11	9	1	18	50	15	55	13	58	2	30	
18	34	19	58	8	42	7	57	11	3	9	40	16	24	4	47	17	31	15	38	2	74	0	70	
12	31	18	45	10	61	7	4	2	16	1	53	
2	57	9	10	3	38	7	12	5	65	12	23	14	2	8	45	18	7	1	51	
10	41	17	2	8	74	4	15	18	33	15	28	12	13	9	47	14	14	13	3	6	57	16	1	
10	56	5	70	17	69	18	29	19	39	6	49	16	27	0	12	14	41	8	66	3	50	9	60	
6	62	11	28	16	16	0	48	8	60	14	54	3	23	18	20	12	5	19	8	1	13	4	57	
7	13	11	27	8	11	10	48	9	58	15	46	13	57	18	34	1	2	
9	32	14	26	17	12	15	6	18	61	6	23	5	35	0	25	13	65	
13	6	14	8	9	38	10	63	2	23	0	69	3	53	
2	73	10	37	19	71	4	43	7	69	17	7	16	34	12	51	1	74	3	63	
7	32	18	12	9	2	4	53	10	57	3	67	
2	36	8	22	13	28	6	52	5	63	
3	66	5	67	1	75	11	38	4	33	0	60	16	34	7	5	18	6	15	22	6	14	

All component type numbers for each job to be processed by MFPM
3	15	8	3	
8	8	4	19	7	4	
0	12	
5	6	2	9	8	20	4	16	
0	21	
8	6	3	3	2	5	
1	14	6	9	2	21	9	1	7	18	
9	19	5	11	0	21	
2	11	5	15	8	4	6	16	
9	25	1	19	2	1	
4	16	1	2	3	1	8	12	2	22	
5	5	
5	18	
2	5	5	20	9	2	1	22	6	7	
8	6	4	18	7	7	
3	2	5	10	9	1	8	23	
8	9	
1	10	6	21	9	8	7	7	5	13	
0	7	
9	2	
9	10	5	6	3	18	0	17	
5	21	6	7	1	22	9	19	
4	20	9	23	2	25	0	7	
6	8	8	7	0	11	4	24	9	13	
8	3	5	5	4	9	
1	11	0	18	8	25	2	22	4	15	
6	6	7	12	8	18	9	20	
4	8	6	3	
8	13	2	20	0	3	
2	11	
3	17	6	16	5	18	1	14	9	7	
6	21	2	15	9	8	0	5	5	7	
3	17	9	12	
7	14	9	1	5	13	
4	19	5	16	3	10	
8	18	1	15	
8	11	2	23	
3	14	7	20	
5	13	3	1	0	6	
4	18	8	7	
1	6	3	15	0	18	4	25	5	23	
1	22	
7	12	1	13	
6	13	
7	12	9	15	1	22	0	5	
7	5	9	13	4	16	
1	8	0	13	6	16	
8	13	
6	6	0	5	8	11	
5	23	7	24	0	19	
6	21	3	9	8	1	
8	25	9	17	4	24	
0	14	5	17	
3	17	8	21	4	9	0	5	
6	7	4	22	0	25	9	16	3	9	
3	14	8	7	5	25	
4	17	3	23	0	22	9	11	
1	9	
9	10	
7	3	6	25	0	15	9	23	
1	20	
0	3	
8	2	
9	12	
0	10	6	14	4	17	7	24	8	23	
3	18	7	17	9	15	5	12	0	6	
3	1	1	12	
9	8	2	25	
7	4	5	3	3	20	
1	8	
2	2	8	8	0	6	5	1	
7	4	9	9	0	12	4	17	2	19	
0	14	3	16	8	25	4	2	6	6	
8	12	3	18	9	7	4	11	
6	18	
8	19	4	1	9	6	
8	13	
7	3	
9	13	3	21	0	5	5	19	
2	23	
0	20	2	6	6	8	
0	23	
2	2	6	15	1	24	
1	10	4	21	6	14	7	13	
1	24	
5	20	
2	22	3	25	9	2	0	5	5	1	
3	10	9	1	5	25	8	19	4	9	
4	14	3	10	6	4	
0	9	1	3	8	15	9	21	
4	17	8	11	9	24	1	6	3	9	
9	7	3	17	8	3	
1	23	0	25	6	22	3	10	
5	9	4	10	6	5	3	15	1	16	
4	20	2	22	1	4	8	17	
8	16	7	11	
6	22	
9	5	5	11	8	7	
0	10	9	23	
7	24	9	12	6	9	
6	8	9	9	4	24	1	12	0	5	
5	11	9	20	
9	8	2	16	8	6	0	22	4	17	
7	22	9	18	
2	17	4	14	5	3	
8	7	0	10	2	15	4	21	7	2	
1	18	9	13	6	9	
4	8	
3	23	
6	4	8	15	9	16	
5	2	
0	15	9	13	
1	12	3	2	6	24	8	1	5	19	
4	10	5	13	9	17	
7	23	6	4	1	1	
8	19	5	8	6	9	2	10	0	21	
3	11	5	6	
1	22	
8	15	5	11	
2	2	6	10	1	5	
2	9	9	25	7	20	8	7	5	3	
6	23	8	4	0	10	
7	19	3	6	5	25	1	11	
3	1	1	17	0	12	2	20	9	16	
2	19	4	16	0	15	5	12	
3	11	8	21	1	2	7	13	
8	22	6	10	
3	17	5	23	9	15	
8	10	9	16	5	14	6	12	
6	13	0	25	1	5	2	21	5	4	
5	23	2	13	7	1	0	22	
8	4	5	1	7	5	6	18	
0	4	5	22	2	24	6	16	
0	24	7	17	
1	12	
5	13	2	20	0	3	7	6	
4	7	8	5	2	9	
3	7	
7	23	8	22	0	21	
6	8	1	14	
9	2	3	10	4	20	6	18	
2	7	8	2	4	25	3	20	
7	18	4	25	3	11	
6	11	
8	6	7	13	0	10	1	11	
2	25	3	5	4	21	0	7	
6	15	7	23	
1	9	2	12	0	13	5	21	
1	10	7	19	2	21	6	18	5	6	
9	2	2	15	1	16	6	22	

Three processing times per job on each machine
The best scenario
175	181	
213	108	
297	256	
163	176	
319	248	
217	411	
134	54	
210	140	
205	97	
161	209	
202	271	
264	375	
100	78	
83	61	
24	34	
30	25	
440	87	
170	192	
67	63	
112	50	
59	76	
143	76	
172	293	
388	214	
68	21	
28	36	
69	119	
195	168	
157	103	
152	115	
118	86	
438	194	
196	126	
369	240	
238	484	
45	78	
63	202	
30	35	
40	112	
235	246	
65	114	
56	103	
35	43	
296	237	
212	176	
323	286	
222	172	
250	453	
343	146	
339	157	
301	328	
60	52	
314	580	
17	55	
148	143	
79	99	
36	41	
444	218	
295	172	
99	122	
39	56	
119	390	
140	56	
64	224	
444	357	
63	108	
243	201	
281	278	
146	167	
257	391	
148	213	
234	265	
157	100	
155	162	
249	413	
37	23	
43	74	
285	91	
36	39	
56	85	
209	148	
249	307	
354	470	
380	210	
132	152	
11	36	
185	123	
170	157	
164	406	
47	61	
216	157	
64	51	
67	369	
364	140	
54	78	
133	107	
221	352	
125	283	
58	196	
112	65	
23	34	
199	334	
422	89	
68	135	
222	202	
108	157	
34	112	
92	151	
163	309	
118	54	
322	196	
99	239	
306	108	
225	219	
325	480	
35	57	
31	53	
316	403	
176	222	
193	106	
64	83	
62	67	
56	100	
357	434	
98	71	
77	124	
407	189	
139	267	
170	374	
45	72	
106	102	
40	69	
409	419	
176	223	
410	151	
104	204	
197	157	
121	159	
134	157	
88	132	
90	66	
216	320	
39	25	
462	172	
61	61	
84	65	
93	80	
237	88	
169	165	
210	142	
Most likely scenario
236	210	
217	126	
340	382	
210	315	
364	271	
381	473	
174	95	
308	264	
363	133	
221	256	
393	274	
351	470	
131	97	
110	76	
42	39	
38	39	
459	171	
314	286	
83	88	
136	69	
79	79	
150	145	
288	394	
424	290	
133	38	
37	59	
125	164	
310	300	
303	163	
231	148	
120	125	
455	355	
206	153	
553	253	
303	508	
68	97	
90	288	
31	48	
60	133	
288	260	
97	202	
84	205	
43	77	
487	470	
275	231	
436	326	
237	287	
394	518	
363	179	
427	189	
323	437	
106	98	
592	583	
31	61	
216	164	
132	132	
48	82	
563	285	
350	264	
141	208	
41	69	
221	460	
181	57	
114	288	
539	432	
72	152	
437	314	
349	331	
156	300	
486	408	
254	308	
314	315	
185	118	
184	260	
480	511	
58	45	
68	146	
420	119	
53	65	
67	167	
294	171	
414	554	
489	478	
491	251	
254	273	
16	46	
219	175	
272	276	
259	475	
68	65	
311	185	
81	80	
129	458	
378	280	
83	92	
180	161	
404	361	
226	363	
106	221	
141	89	
39	37	
223	432	
477	164	
131	142	
303	228	
158	218	
68	182	
105	158	
263	580	
138	59	
339	367	
127	296	
318	133	
297	332	
554	503	
57	77	
41	60	
376	563	
198	326	
225	197	
73	157	
70	97	
96	144	
566	493	
109	135	
147	238	
467	278	
224	312	
288	473	
51	114	
129	117	
45	84	
479	464	
260	416	
447	173	
158	383	
383	306	
151	305	
217	290	
98	133	
177	130	
397	441	
51	50	
513	333	
110	107	
94	70	
121	131	
317	163	
209	169	
241	166	
The worst scenario
255	292	
294	144	
444	483	
252	342	
482	395	
571	600	
238	113	
396	282	
510	169	
327	346	
423	279	
478	519	
150	103	
130	103	
62	41	
42	41	
545	179	
449	356	
109	106	
183	82	
105	102	
221	177	
431	491	
537	409	
191	40	
45	65	
141	173	
449	354	
453	189	
285	203	
145	175	
651	356	
255	174	
823	320	
386	672	
76	107	
105	354	
32	49	
89	142	
331	272	
108	265	
120	295	
51	98	
720	562	
408	304	
641	368	
327	409	
551	581	
536	240	
617	263	
424	608	
131	133	
833	603	
40	81	
234	198	
198	150	
70	117	
594	392	
516	315	
155	287	
59	96	
227	468	
201	85	
169	376	
806	474	
95	211	
454	426	
424	339	
230	397	
515	544	
319	447	
470	459	
187	152	
232	380	
597	522	
63	59	
85	194	
530	154	
64	71	
71	196	
327	179	
570	742	
671	688	
494	370	
349	363	
18	66	
251	236	
314	387	
261	517	
101	83	
338	231	
97	109	
136	581	
449	365	
92	101	
186	235	
480	490	
324	466	
125	319	
211	132	
57	38	
265	622	
703	170	
192	184	
392	254	
167	325	
101	216	
157	167	
328	584	
147	85	
496	386	
185	302	
336	158	
437	349	
628	623	
75	80	
52	82	
424	812	
255	377	
293	224	
75	221	
78	119	
119	154	
754	700	
137	180	
177	335	
581	301	
291	396	
382	491	
69	123	
168	173	
47	86	
535	656	
309	469	
623	222	
196	432	
474	459	
196	436	
283	375	
104	176	
245	163	
502	491	
66	57	
598	357	
145	136	
124	76	
136	143	
338	209	
234	209	
314	196	
