Factories	5	Jobs	200	Machines	2

Total number of component types per job processed by HSPM
12	12	8	7	10	10	12	5	12	9	12	5	11	6	10	11	5	12	5	6	5	9	9	12	9	11	10	6	12	7	9	6	5	11	5	6	9	10	6	11	5	8	7	10	6	6	10	10	12	9	8	10	12	6	8	12	5	9	8	10	5	6	10	7	5	7	9	10	10	8	5	7	6	7	10	6	7	7	7	8	5	7	6	7	10	7	7	5	5	11	11	8	7	11	6	12	10	9	11	10	7	5	6	8	7	6	6	9	12	9	10	6	9	7	6	12	7	10	6	8	9	8	10	9	10	12	10	5	6	9	12	6	6	8	12	6	8	12	11	9	7	12	11	11	6	9	9	10	11	8	12	12	10	10	6	11	6	10	9	8	7	7	11	7	9	11	5	10	10	11	8	8	6	7	9	7	6	12	7	7	6	9	10	9	6	7	6	8	12	5	8	7	7	10	9	12	7	12	9	11	

Total number of component types per job processed by MFPM
5	4	4	2	5	5	1	1	1	2	3	5	4	3	4	1	5	1	1	5	5	4	2	1	3	3	1	3	5	3	3	1	5	2	4	1	3	3	4	3	4	5	4	5	2	5	3	4	4	5	1	1	3	4	4	1	2	2	4	4	3	1	2	4	3	5	1	3	3	5	4	5	3	2	4	1	2	2	2	1	4	4	1	4	4	1	3	3	5	2	4	4	3	3	3	1	4	1	4	2	1	5	4	2	3	5	2	2	3	2	2	3	4	3	1	2	1	2	3	4	2	5	3	1	1	3	4	3	1	2	1	5	4	1	4	5	1	3	1	4	4	4	5	3	5	3	3	5	5	1	4	2	2	3	5	2	1	3	5	5	1	5	1	3	5	1	4	5	2	3	1	1	1	3	2	5	5	3	3	1	5	3	5	5	1	3	5	4	1	3	2	3	1	2	4	3	4	2	4	5	

All component type numbers for each job to be processed by HSPM
14	61	8	23	2	39	17	52	4	28	19	57	5	46	9	67	7	33	13	49	3	48	16	32	
0	6	2	60	1	62	19	74	8	72	7	32	11	50	17	17	9	66	4	38	5	69	3	4	
17	73	18	54	19	44	16	1	14	22	0	62	15	57	1	33	
19	19	4	34	5	5	10	46	7	69	0	42	18	41	
13	55	11	43	10	44	19	35	12	5	3	21	9	16	7	63	15	54	5	57	
2	45	1	69	6	22	17	47	19	27	14	43	15	3	7	14	10	67	13	10	
2	39	18	5	5	68	6	45	0	2	12	4	14	41	3	31	19	13	4	10	1	67	11	18	
10	23	9	50	4	48	5	32	15	52	
13	61	11	5	9	47	7	71	4	37	5	69	0	63	12	6	15	8	10	16	6	59	8	57	
2	42	14	2	8	17	3	70	11	48	17	47	7	13	18	21	1	60	
18	6	15	18	13	67	19	9	12	59	1	2	17	31	9	24	5	1	2	7	10	22	16	52	
16	43	13	18	0	69	17	41	12	19	
19	60	11	23	10	5	14	46	3	70	6	24	4	31	2	51	17	38	18	39	15	71	
6	10	14	24	10	26	11	57	17	42	8	3	
1	72	13	65	10	41	5	9	15	3	4	34	6	62	12	59	0	39	7	7	
5	44	3	13	1	67	8	62	11	50	2	23	10	18	14	53	18	7	17	38	13	29	
0	53	7	43	6	44	18	11	14	41	
14	39	13	40	16	29	2	36	7	17	1	13	9	8	12	69	18	35	11	66	4	16	15	15	
6	21	17	32	1	71	14	37	16	12	
13	54	7	40	8	5	10	6	14	10	18	15	
4	8	0	24	11	62	14	39	19	75	
19	55	10	25	0	4	18	42	16	66	7	24	6	28	8	69	5	2	
0	44	3	14	7	71	16	60	5	36	1	17	11	46	14	10	2	67	
17	60	7	18	14	46	5	72	0	29	16	40	10	16	18	30	6	37	15	27	13	32	11	66	
0	16	12	23	8	14	4	47	13	20	14	58	19	70	18	51	6	9	
12	37	10	9	0	62	2	11	1	66	8	75	4	19	15	4	14	52	9	32	7	73	
2	27	17	63	6	58	8	65	13	73	10	51	15	43	18	48	19	10	14	53	
7	74	1	58	15	25	11	24	6	2	12	65	
4	58	2	41	19	15	0	5	18	65	7	14	6	30	9	6	14	53	12	40	1	55	5	62	
10	74	14	39	4	67	13	51	9	40	15	68	1	46	
12	4	10	44	18	5	17	71	14	54	19	70	5	33	16	65	0	7	
15	67	9	21	14	4	5	38	8	13	10	27	
19	63	3	20	1	43	13	34	8	54	
3	41	11	72	18	35	9	18	4	3	8	69	0	17	7	49	16	19	10	31	2	43	
13	25	14	56	16	4	4	26	15	22	
19	19	10	29	17	37	9	56	0	65	18	59	
3	6	5	20	16	53	1	38	15	29	11	8	4	14	13	37	9	17	
19	7	13	34	6	21	18	29	12	30	17	26	14	37	15	53	16	4	10	58	
7	51	14	54	1	57	6	47	12	8	8	61	
19	63	6	71	15	75	18	4	4	49	17	3	13	45	11	16	8	57	5	18	0	6	
16	22	13	13	14	73	8	14	19	57	
5	70	3	59	8	16	4	31	15	60	1	30	13	27	14	2	
13	44	3	48	19	56	0	11	15	43	18	54	7	55	
0	14	18	10	15	56	12	51	16	7	4	17	6	12	11	15	7	57	19	38	
2	56	3	69	11	39	7	16	9	4	16	34	
9	33	11	52	12	36	4	1	3	60	8	54	
10	35	7	62	5	49	17	59	9	1	18	3	3	11	6	67	19	20	11	40	
5	29	14	24	17	30	10	9	0	15	12	23	8	3	13	32	7	57	3	19	
5	62	12	4	11	34	10	60	0	45	13	75	7	68	16	15	19	53	6	28	3	51	8	13	
8	25	15	8	1	74	10	50	6	39	14	75	19	5	11	48	16	58	
14	1	12	67	18	56	2	62	16	3	0	44	4	22	15	14	
10	1	8	74	7	51	3	33	13	20	18	46	16	2	15	21	2	19	4	12	
15	34	11	47	14	62	0	68	10	60	1	17	5	7	19	24	13	61	17	15	9	31	16	3	
15	51	1	33	4	55	13	35	18	3	12	23	
13	12	11	31	16	39	2	55	6	25	17	72	4	38	1	30	
1	11	13	53	3	65	18	67	2	48	5	37	16	7	15	33	17	20	8	12	9	75	14	47	
2	48	16	20	12	5	0	65	1	2	
0	42	12	71	8	68	15	7	14	21	13	46	16	50	5	33	3	39	
13	3	17	49	5	57	11	46	10	22	14	48	18	19	15	35	
12	18	8	65	1	73	5	28	17	50	14	24	9	52	18	33	7	71	0	46	
9	37	1	71	13	49	14	68	6	36	
15	53	5	16	7	37	9	70	3	54	6	8	
2	75	16	48	3	8	4	3	14	41	13	13	6	28	10	12	19	6	1	64	
15	38	17	50	8	47	14	8	9	54	10	4	7	32	
11	74	3	3	2	12	6	58	5	49	
15	74	7	9	14	28	9	17	13	73	19	38	6	66	
15	21	0	25	6	74	11	14	18	26	5	52	8	56	12	7	7	12	
5	11	15	1	6	12	7	69	13	52	11	30	12	13	16	22	17	35	9	17	
11	57	6	21	15	59	19	41	10	10	14	26	0	14	4	29	8	50	2	18	
19	51	17	73	15	47	12	71	3	48	4	10	0	15	6	70	
2	40	11	21	16	13	6	58	10	37	
16	5	12	34	1	30	9	37	18	64	6	68	17	32	
9	74	0	5	8	23	2	11	12	43	11	26	
18	13	17	7	10	15	19	75	12	73	16	19	13	57	
19	6	16	53	6	17	9	3	4	41	13	36	7	61	14	58	11	15	3	47	
19	26	0	17	9	7	15	49	2	27	11	24	
2	34	12	56	10	70	18	52	16	42	13	37	17	1	
15	20	0	65	9	24	11	68	18	2	1	40	13	69	
6	57	10	62	8	42	7	47	0	66	14	8	16	64	
2	60	8	25	5	44	12	39	7	9	14	32	13	41	4	38	
14	47	4	40	1	63	10	52	3	31	
17	63	5	71	14	7	2	21	15	33	19	68	4	16	
3	30	2	33	19	49	9	45	13	57	7	6	
16	42	9	5	10	65	4	18	1	62	6	55	15	74	
9	61	7	71	6	22	15	59	17	55	18	39	3	72	4	13	10	21	1	58	
11	30	2	66	6	50	4	54	10	60	19	32	16	73	
3	49	2	43	12	42	15	2	1	65	4	45	17	7	
6	6	12	4	0	46	13	30	2	32	
17	2	9	55	10	26	19	21	14	60	
12	27	2	24	4	23	17	41	8	55	3	50	5	48	7	26	16	2	19	9	9	59	
19	39	16	33	15	75	0	61	10	71	9	65	1	26	18	29	7	70	2	49	6	14	
16	48	7	56	18	8	0	18	1	11	9	6	8	15	3	27	
19	4	18	56	13	60	0	30	6	32	4	50	8	55	
11	45	13	70	0	12	1	39	7	2	16	29	2	74	17	9	6	33	19	37	4	7	
7	61	16	55	10	30	18	26	8	33	9	29	
14	46	18	18	13	54	4	69	9	29	5	4	3	40	15	67	7	34	1	58	12	66	11	36	
7	46	1	6	5	38	14	15	10	4	8	7	4	67	13	29	15	11	6	39	
15	63	8	55	5	38	16	31	12	66	10	48	0	32	6	11	14	45	
1	26	14	65	9	71	0	46	4	1	13	68	12	52	16	75	6	72	5	47	3	42	
15	21	12	60	1	42	10	6	18	7	4	65	11	47	2	35	16	53	5	23	
4	14	14	57	3	60	12	10	2	75	17	55	16	43	
8	31	6	49	10	38	18	1	7	52	
11	25	4	58	7	67	10	72	0	24	18	42	
17	34	19	38	15	64	7	35	18	24	5	28	4	44	9	2	
14	41	13	45	6	43	16	54	1	51	19	59	18	32	
10	11	12	16	16	8	9	61	17	74	5	55	
15	62	18	36	19	74	5	29	8	21	4	4	
15	51	9	69	6	30	5	13	10	38	3	12	14	6	17	48	7	53	
16	11	9	1	11	65	19	54	14	18	12	71	17	66	13	64	8	32	2	50	3	44	5	26	
5	24	14	13	11	74	0	41	3	30	9	67	15	27	13	10	7	36	
5	65	3	14	11	17	14	55	19	9	12	59	13	60	9	34	10	57	1	48	
13	55	14	61	6	39	8	6	2	29	3	40	
4	3	3	55	19	34	1	11	5	13	7	33	18	63	9	32	16	59	
16	12	7	3	6	1	5	46	17	68	13	42	12	47	
17	70	19	3	5	65	7	72	8	30	2	13	
1	39	10	53	15	46	3	1	9	16	5	40	13	73	0	71	12	70	8	19	6	34	16	50	
6	2	17	45	3	20	5	65	15	27	13	34	0	55	
16	37	9	47	5	14	17	42	2	50	19	75	11	61	4	52	10	62	0	67	
19	45	13	3	6	54	4	74	3	51	17	18	
2	13	19	74	1	48	4	5	0	56	13	35	15	45	3	3	
5	61	13	75	2	57	4	58	9	50	0	48	1	37	18	30	15	19	
12	52	6	70	13	43	9	25	0	18	19	23	5	35	2	8	
5	11	2	6	6	35	11	23	4	55	18	28	1	15	8	51	0	46	16	49	
19	10	2	33	10	72	0	3	7	40	6	67	1	75	17	8	16	19	
7	6	16	20	0	51	11	18	6	54	9	16	18	64	14	24	13	72	3	5	
13	7	2	69	12	47	17	36	1	1	11	57	6	50	18	55	10	33	5	20	15	9	3	45	
3	66	18	19	5	55	17	39	19	17	11	26	10	3	0	15	2	9	14	31	
7	38	6	9	10	31	4	21	3	2	
11	32	6	5	13	35	2	45	0	51	17	53	
12	65	9	11	4	30	2	71	16	51	6	17	5	3	0	25	3	32	
8	58	14	45	15	67	12	44	9	12	18	75	10	3	16	6	3	56	7	9	13	61	11	43	
10	37	11	30	16	9	2	40	5	39	18	3	
0	19	6	39	1	2	8	16	5	46	4	40	
0	2	12	57	15	7	16	55	19	46	6	70	5	52	9	69	
7	44	8	60	18	22	3	33	13	26	11	42	4	73	19	39	15	24	14	45	10	41	12	51	
5	75	17	37	2	1	19	26	3	46	8	16	
10	60	14	30	5	64	11	3	9	56	7	45	8	39	16	2	
11	72	13	1	1	9	15	20	2	31	14	15	4	58	10	23	18	7	3	50	5	32	7	52	
9	2	16	38	6	64	17	17	18	11	2	43	3	48	13	73	19	45	0	4	15	26	
5	19	9	73	8	42	2	22	18	37	15	13	16	23	14	56	7	67	
13	27	10	46	9	18	1	41	7	1	17	47	8	10	
13	68	15	43	19	7	17	54	1	6	8	13	7	63	2	11	4	17	11	49	5	19	14	57	
6	52	5	2	1	6	13	46	14	58	3	5	16	27	7	47	4	13	18	19	8	54	
0	37	9	45	7	41	10	54	8	44	6	69	17	19	2	17	5	51	11	25	4	15	
0	3	19	57	15	5	11	24	4	69	9	19	
14	45	10	40	11	63	3	51	12	30	13	25	8	72	0	34	19	16	
6	67	14	50	19	55	2	46	8	40	16	19	3	48	13	25	4	65	
18	66	12	34	8	44	19	4	2	8	9	9	7	70	4	68	1	20	15	39	
16	1	17	72	9	70	3	32	5	20	10	53	1	19	18	35	8	55	7	71	15	30	
6	8	18	16	13	32	4	47	16	49	11	19	17	46	8	35	
19	25	10	13	13	67	14	60	4	50	17	55	0	37	2	57	7	1	9	61	1	66	3	24	
13	29	15	7	18	11	19	8	17	63	12	74	1	14	6	51	10	61	14	28	3	70	7	45	
16	58	18	65	5	57	2	26	9	73	15	31	1	8	3	69	14	23	11	75	
2	52	17	31	19	58	4	39	15	23	11	65	13	17	5	66	16	6	8	35	
14	47	17	65	8	33	5	37	13	30	0	46	
7	31	18	64	10	29	14	16	0	63	16	36	3	47	4	60	8	50	19	12	2	19	
6	26	18	37	12	40	17	22	2	8	4	14	
2	52	16	30	12	49	17	40	1	63	13	18	3	7	19	54	8	74	14	55	
10	23	6	2	13	44	9	7	15	55	1	57	19	4	16	19	3	1	
13	26	7	40	2	72	9	13	1	42	16	71	0	18	19	8	
3	13	7	41	8	11	18	34	19	18	13	20	12	69	
6	38	0	15	7	61	11	23	2	29	14	52	15	71	
4	63	5	44	12	52	2	61	17	30	7	14	18	47	11	43	1	34	8	31	9	71	
4	60	14	61	18	14	3	59	16	41	0	15	7	21	
17	1	16	17	0	13	9	50	12	30	6	25	11	31	4	23	8	6	
8	39	3	74	0	51	12	47	5	41	13	14	2	12	19	25	1	15	18	73	17	6	
15	41	12	5	19	58	6	60	3	44	
1	75	2	14	7	25	16	53	12	27	9	9	18	48	19	60	10	44	13	34	
13	2	10	24	19	10	5	41	8	19	2	25	12	43	11	73	7	28	15	60	
6	32	7	56	5	58	9	35	16	15	17	31	3	16	18	1	8	54	15	36	19	13	
1	10	17	49	9	65	15	26	6	27	8	17	18	29	13	13	
15	52	10	55	2	53	3	72	5	15	7	73	19	11	6	71	
0	37	6	8	2	53	14	11	11	23	4	60	
13	73	17	2	14	32	10	17	12	35	2	71	18	36	
2	14	1	48	7	66	10	56	19	58	6	34	9	2	5	71	17	37	
11	17	6	68	9	56	5	51	12	13	17	69	4	59	
17	49	7	69	13	67	4	39	19	6	1	16	
19	38	16	66	4	51	7	52	6	54	1	25	10	21	17	3	3	29	14	10	8	40	12	1	
9	60	11	15	10	41	17	3	19	44	3	34	16	35	
0	40	14	30	2	4	9	14	3	58	16	55	6	28	
17	39	16	8	0	44	18	75	7	7	6	70	
7	51	8	67	16	22	1	54	4	1	9	4	3	9	14	12	11	30	
9	63	10	39	12	21	16	44	18	72	14	5	6	23	13	34	5	73	2	8	
8	52	1	60	16	19	14	28	7	62	18	39	19	63	9	71	15	11	
0	19	11	73	14	7	4	74	16	43	19	49	
19	39	5	45	6	36	9	31	8	15	7	54	2	71	
14	47	7	66	10	70	13	68	11	67	19	23	
2	66	5	57	15	41	10	6	12	12	18	73	13	52	6	21	
8	20	0	34	10	66	6	16	11	62	15	17	2	42	13	30	16	60	4	3	12	69	5	37	
6	36	5	29	16	42	3	57	2	2	
6	15	17	40	3	58	1	66	8	74	11	55	16	20	10	32	
12	43	5	48	13	20	16	6	10	47	19	58	0	55	
18	7	10	52	4	73	14	1	11	48	16	12	13	4	
10	36	0	2	1	9	11	25	5	52	17	29	9	18	4	11	12	60	8	33	
19	26	9	62	18	75	12	19	1	16	3	5	14	12	7	21	2	32	
1	50	8	37	4	4	19	2	12	1	2	71	13	14	10	11	6	66	17	38	3	75	9	6	
4	5	19	40	15	42	13	75	3	74	11	50	10	36	
10	36	12	31	14	27	11	67	7	14	0	12	1	16	13	4	9	34	16	44	8	50	4	62	
14	7	13	30	0	33	19	23	4	5	18	11	12	4	7	61	10	17	
9	61	17	74	4	27	8	15	10	54	5	47	3	65	14	35	7	41	12	68	19	33	

All component type numbers for each job to be processed by MFPM
0	23	4	22	5	12	3	21	1	6	
2	16	0	9	3	7	9	10	
9	17	7	15	6	1	3	16	
8	2	0	8	
6	11	3	14	7	17	1	19	0	23	
8	17	3	20	1	8	0	15	9	23	
2	11	
0	6	
4	20	
3	16	1	1	
5	2	7	9	9	7	
8	24	3	14	1	9	4	21	7	13	
5	10	1	13	4	11	6	15	
3	1	5	23	7	2	
8	15	1	5	5	3	0	7	
1	1	
2	10	5	5	8	21	9	18	7	24	
5	5	
4	23	
6	6	0	4	9	15	4	11	5	2	
1	2	7	4	8	23	0	8	3	3	
2	3	0	15	8	22	4	16	
6	21	8	12	
3	12	
9	3	7	7	0	10	
4	18	5	20	2	7	
3	14	
0	18	8	24	5	10	
2	17	4	10	5	25	6	18	9	12	
7	2	1	15	2	7	
5	1	4	21	9	12	
9	13	
4	13	3	21	7	19	5	12	9	8	
0	25	6	14	
6	25	5	17	7	15	0	12	
3	8	
3	25	1	20	6	12	
9	10	2	12	1	17	
7	4	8	14	2	7	1	1	
1	4	6	8	5	16	
9	16	2	14	7	10	8	3	
8	21	2	1	9	25	5	10	3	15	
8	7	7	24	3	17	5	5	
6	18	9	3	2	12	4	19	8	22	
6	16	9	2	
6	22	3	9	8	17	9	6	1	23	
9	2	0	17	1	5	
0	13	4	23	2	20	3	5	
1	22	9	14	2	21	6	12	
8	17	4	4	1	8	3	24	9	16	
4	23	
4	15	
6	2	3	14	5	18	
0	7	9	21	7	14	1	5	
0	25	6	10	3	16	5	3	
4	7	
0	18	7	11	
7	21	6	17	
7	22	2	9	8	5	1	13	
9	14	1	2	5	25	6	6	
5	14	9	2	4	23	
8	12	
1	16	5	4	
8	21	7	19	4	13	5	7	
1	9	0	11	4	18	
9	7	2	14	8	5	5	3	4	22	
9	13	
5	20	3	1	4	17	
3	6	2	1	4	17	
7	8	6	18	4	20	5	2	8	14	
8	10	4	19	1	23	6	11	
9	15	5	5	1	1	7	13	8	19	
0	2	3	8	8	11	
0	4	3	13	
3	8	5	12	0	9	9	23	
2	7	
0	15	4	8	
3	1	8	17	
2	4	3	25	
9	6	
1	16	9	7	3	19	6	18	
2	20	7	21	6	3	9	10	
4	17	
3	23	6	22	2	2	0	16	
8	14	2	21	3	10	1	25	
0	7	
9	16	4	1	7	7	
3	12	7	4	9	23	
2	18	8	8	7	24	0	25	6	10	
0	3	2	22	
2	25	8	2	4	15	0	5	
5	16	4	22	6	9	8	14	
5	23	3	14	2	17	
8	25	3	9	5	20	
5	25	1	13	6	17	
0	16	
6	7	3	23	0	24	4	5	
2	19	
5	20	1	8	8	17	9	12	
5	7	1	3	
7	25	
3	15	6	20	8	7	9	24	2	22	
1	3	4	8	3	16	5	6	
0	7	3	6	
9	6	8	3	3	15	
8	2	2	25	9	11	6	3	7	5	
7	12	4	9	
1	2	7	9	
7	11	1	22	5	12	
0	13	8	22	
8	13	5	21	
7	5	0	6	4	14	
2	9	8	21	9	11	4	18	
1	11	5	9	4	6	
9	22	
2	21	1	18	
9	3	
1	8	3	16	
8	23	6	18	4	25	
6	6	2	24	8	8	1	14	
3	12	0	4	
6	16	8	13	7	5	9	24	4	23	
5	10	3	23	7	9	
5	14	
1	10	
5	18	8	23	7	25	
7	10	5	24	3	23	6	9	
7	10	6	5	5	8	
0	11	
9	20	0	18	
6	21	
4	1	6	4	7	13	2	6	8	11	
3	10	9	13	1	16	5	7	
8	16	
8	23	3	2	7	8	1	20	
9	20	6	10	8	8	1	12	3	19	
1	18	
0	16	3	24	9	4	
6	14	
8	15	3	4	2	12	4	13	
9	18	1	6	2	2	0	22	
4	9	7	24	1	16	6	14	
3	13	7	2	2	8	5	12	4	5	
6	10	8	15	0	18	
4	18	3	24	9	14	1	6	6	20	
2	8	6	13	7	17	
1	5	3	15	2	22	
1	17	6	24	7	23	8	6	3	21	
7	2	8	20	6	25	0	16	2	10	
6	13	
2	5	5	11	4	16	8	15	
1	19	8	15	
3	10	0	3	
6	4	4	6	2	9	
8	21	3	13	1	24	7	15	5	9	
6	20	9	10	
1	17	
1	25	0	15	6	24	
8	19	5	15	0	12	6	24	3	9	
9	8	7	17	1	18	2	6	5	10	
9	10	
5	12	7	8	6	13	3	18	0	15	
6	7	
4	6	3	18	7	20	
7	9	9	10	5	8	6	2	8	13	
6	2	
2	17	8	22	1	11	0	12	
0	12	9	3	2	24	3	2	5	9	
1	19	3	8	
0	18	7	20	9	19	
6	14	
4	5	
0	19	
7	3	2	17	4	25	
1	17	9	18	
9	22	0	3	8	6	4	20	7	7	
7	12	3	22	8	10	0	13	1	15	
5	1	4	7	1	21	
0	3	1	11	3	6	
7	17	
7	24	0	7	4	22	6	11	8	3	
3	19	1	2	4	10	
8	25	0	20	3	6	2	3	9	18	
3	24	1	13	5	11	4	3	6	15	
5	1	
2	4	9	7	3	8	
7	18	8	20	0	12	4	15	6	17	
7	12	3	7	1	10	2	19	
2	5	
8	1	4	3	3	7	
9	4	1	13	
5	14	0	2	3	17	
8	17	
9	9	2	16	
5	3	8	10	4	19	9	15	
1	12	6	13	3	11	
6	5	3	1	4	15	7	7	
7	25	6	21	
5	20	6	3	3	24	2	10	
7	6	6	20	0	9	8	13	3	11	

Three processing times per job on each machine
The best scenario
148	109	
159	481	
156	345	
706	644	
699	426	
374	250	
353	658	
237	162	
750	551	
215	622	
349	628	
198	293	
967	388	
724	409	
36	67	
170	101	
106	57	
624	388	
351	344	
512	373	
463	440	
202	176	
234	232	
175	418	
1080	534	
254	519	
902	414	
706	389	
128	209	
1312	336	
47	147	
194	256	
873	755	
214	592	
470	357	
595	208	
108	268	
666	610	
581	498	
552	237	
272	293	
158	206	
290	340	
232	292	
265	477	
414	781	
248	709	
1122	427	
627	937	
232	279	
290	126	
63	108	
118	58	
197	631	
721	336	
290	429	
954	617	
211	239	
264	462	
913	936	
34	52	
1487	231	
304	490	
133	62	
82	198	
827	611	
361	559	
306	184	
1141	728	
74	109	
201	831	
653	387	
401	425	
94	90	
1000	698	
138	244	
409	120	
209	187	
240	180	
536	470	
932	408	
310	528	
296	475	
449	825	
123	48	
399	123	
271	537	
305	1357	
244	128	
132	76	
790	587	
328	449	
225	108	
211	263	
784	254	
196	230	
180	274	
1464	356	
329	1093	
462	414	
344	208	
275	269	
348	599	
827	207	
523	145	
219	529	
253	400	
305	637	
681	1189	
699	743	
756	494	
300	1051	
295	193	
151	71	
508	395	
115	226	
107	161	
778	1285	
99	134	
582	926	
920	529	
129	377	
366	840	
93	140	
347	269	
204	81	
749	323	
581	326	
762	590	
482	791	
101	294	
83	343	
445	392	
237	320	
163	213	
446	714	
236	1102	
993	440	
284	156	
411	588	
354	504	
114	257	
426	589	
366	145	
507	458	
491	326	
421	784	
142	307	
167	197	
887	146	
280	281	
136	338	
150	74	
659	566	
96	53	
362	390	
221	376	
317	155	
570	306	
480	881	
898	613	
316	182	
278	267	
309	348	
63	275	
228	407	
402	867	
191	319	
287	821	
466	211	
239	139	
159	352	
187	363	
158	351	
290	357	
1020	669	
196	158	
208	489	
442	174	
281	174	
117	210	
94	195	
783	342	
474	647	
201	220	
843	215	
194	197	
210	299	
609	930	
481	427	
1216	1116	
474	741	
443	167	
489	1276	
777	796	
750	669	
27	60	
473	169	
412	652	
92	86	
Most likely scenario
227	174	
253	767	
209	393	
1277	848	
1327	478	
446	470	
600	692	
353	218	
971	983	
373	860	
539	1214	
351	562	
1100	406	
748	758	
52	68	
291	137	
152	60	
982	421	
418	643	
569	689	
498	564	
207	291	
273	315	
294	485	
1224	775	
490	864	
961	446	
780	684	
147	280	
1322	525	
91	197	
238	366	
1233	763	
380	980	
493	497	
986	368	
173	425	
891	654	
800	634	
881	438	
520	345	
261	294	
531	564	
417	566	
515	663	
708	1476	
344	1023	
1541	495	
894	940	
312	388	
558	222	
93	119	
193	90	
250	831	
750	410	
499	669	
985	808	
286	244	
487	485	
1309	1006	
62	87	
1545	424	
368	597	
167	105	
109	236	
1290	662	
392	637	
478	308	
1203	927	
116	126	
346	920	
744	407	
599	465	
167	159	
1130	1165	
168	252	
469	167	
259	197	
268	321	
545	492	
953	518	
540	914	
577	533	
804	829	
147	72	
540	238	
511	562	
519	1401	
410	173	
158	130	
1111	889	
384	494	
244	117	
229	396	
1062	379	
213	295	
249	353	
1476	416	
535	1379	
685	575	
367	226	
387	353	
556	612	
883	344	
812	229	
336	987	
310	448	
333	717	
1099	1200	
834	1043	
788	651	
515	1131	
362	219	
224	125	
658	591	
163	342	
195	184	
1128	1317	
189	187	
771	1002	
1156	736	
132	418	
488	1236	
94	183	
436	387	
285	122	
867	396	
699	393	
820	634	
941	1110	
200	303	
113	349	
472	437	
426	505	
312	237	
717	1013	
287	1164	
1307	647	
434	217	
713	594	
473	598	
188	345	
637	667	
409	284	
515	461	
652	493	
650	852	
229	337	
254	265	
1051	288	
399	509	
145	474	
192	90	
735	916	
109	89	
686	735	
294	632	
433	193	
850	581	
719	1206	
1279	1161	
352	228	
449	392	
358	521	
105	295	
444	714	
424	1488	
296	433	
412	833	
841	275	
363	228	
240	383	
232	371	
182	604	
399	376	
1270	945	
201	160	
320	562	
664	341	
486	247	
184	222	
110	215	
1217	597	
727	751	
255	237	
907	276	
305	336	
306	327	
900	1310	
563	515	
1271	1193	
525	971	
540	303	
785	1436	
916	960	
894	1284	
45	96	
700	213	
428	812	
112	118	
The worst scenario
271	212	
361	868	
267	546	
1672	1225	
1942	677	
561	643	
861	720	
486	219	
1259	1402	
487	971	
711	1758	
397	765	
1183	512	
975	857	
63	96	
364	190	
223	72	
1199	568	
576	768	
690	837	
686	793	
287	363	
356	344	
415	531	
1520	983	
702	905	
985	523	
932	866	
219	299	
1684	670	
121	198	
265	449	
1337	951	
570	1030	
515	699	
1096	536	
180	595	
1058	734	
1047	651	
973	554	
595	470	
285	406	
737	722	
581	672	
619	741	
724	1674	
455	1320	
1608	581	
1330	1161	
342	575	
579	282	
105	178	
275	100	
292	1213	
1100	509	
577	676	
1227	1064	
315	348	
724	544	
1601	1170	
72	113	
2147	531	
446	778	
205	153	
134	311	
1887	679	
466	841	
632	357	
1598	1286	
131	162	
440	1063	
998	553	
624	619	
215	218	
1651	1742	
190	376	
526	202	
283	245	
288	369	
597	563	
1256	609	
754	1112	
766	541	
853	1206	
206	74	
615	320	
734	775	
619	2033	
490	176	
169	179	
1475	1118	
434	604	
324	173	
335	480	
1112	477	
235	404	
287	428	
2053	587	
709	1545	
692	643	
548	329	
565	476	
774	724	
1039	487	
903	287	
418	1305	
335	641	
473	1030	
1489	1602	
1137	1394	
1058	909	
741	1403	
503	300	
226	143	
900	692	
211	506	
197	211	
1186	1408	
267	206	
780	1300	
1379	996	
154	613	
705	1478	
126	252	
468	558	
344	161	
1107	450	
910	507	
1018	822	
1033	1475	
231	391	
154	408	
556	578	
505	635	
446	348	
895	1357	
421	1252	
1869	945	
593	295	
753	604	
636	876	
246	346	
691	717	
501	371	
545	493	
653	562	
820	1030	
264	492	
289	271	
1528	296	
526	633	
173	652	
275	106	
1024	1125	
133	115	
811	970	
441	895	
506	285	
925	634	
843	1555	
1798	1700	
499	247	
660	523	
421	544	
126	395	
655	844	
601	1772	
436	539	
586	958	
1069	389	
537	251	
336	454	
305	390	
259	741	
407	545	
1304	1214	
269	222	
379	720	
734	507	
648	363	
235	226	
124	241	
1374	855	
977	965	
280	323	
1009	361	
361	395	
398	487	
1131	1450	
781	717	
1341	1591	
610	1238	
613	320	
984	1642	
967	1104	
898	1831	
57	142	
1044	243	
436	1006	
167	172	
