Factories	6	Jobs	150	Machines	2

Total number of component types per job processed by HSPM
11	12	11	11	8	11	9	10	10	6	11	5	9	8	12	6	8	5	9	11	12	12	5	12	10	11	6	8	6	12	7	10	10	7	7	10	12	7	10	9	11	9	7	5	11	10	10	6	6	9	11	8	6	5	6	10	8	8	12	6	11	12	10	11	10	5	9	7	6	7	6	8	8	9	11	5	5	11	5	8	10	12	7	7	10	7	7	11	6	6	7	9	12	7	7	7	12	6	9	9	7	12	5	5	8	7	6	12	7	10	5	10	12	6	5	7	9	8	6	7	11	5	6	7	10	12	5	9	7	11	7	10	6	5	7	10	12	10	10	11	10	7	10	5	11	7	5	10	10	10	

Total number of component types per job processed by MFPM
3	2	2	1	1	4	5	5	4	5	1	3	5	5	2	2	2	2	2	4	5	2	3	1	4	4	3	4	3	2	1	3	3	3	2	1	4	4	5	1	2	4	2	5	1	3	1	2	1	2	3	2	3	1	2	3	4	5	1	3	1	2	5	5	4	4	3	2	1	1	1	4	3	3	1	1	5	4	2	4	2	5	4	3	2	2	2	2	3	5	1	3	3	1	5	2	5	4	1	5	4	5	4	4	2	5	1	2	3	2	2	2	1	4	5	4	4	5	4	2	2	2	5	3	1	1	1	3	4	1	4	3	2	2	5	2	5	3	2	5	2	1	2	2	5	5	4	4	3	1	

All component type numbers for each job to be processed by HSPM
8	17	2	20	4	64	19	39	5	57	16	14	14	12	15	75	6	21	10	52	17	54	
19	47	2	33	4	67	11	68	6	57	18	43	7	18	13	46	14	73	9	75	1	44	5	23	
4	26	15	8	19	57	7	15	2	58	13	41	5	4	8	27	0	10	16	9	3	2	
5	63	19	75	11	15	1	26	15	37	13	69	17	35	10	8	12	54	7	50	2	18	
16	73	9	48	19	26	14	60	12	11	1	51	17	75	3	54	
9	17	4	65	15	72	10	18	5	52	12	31	7	43	14	23	19	37	18	8	6	29	
8	35	18	37	17	10	10	41	2	54	13	51	7	48	14	24	15	75	
17	64	12	59	5	72	15	19	9	4	4	6	16	7	10	71	11	58	14	24	
15	11	10	48	5	7	0	63	9	20	14	14	4	73	12	21	11	1	8	54	
10	50	7	41	16	11	5	37	8	31	2	24	
16	63	3	35	2	8	13	6	17	68	6	49	0	24	14	37	7	36	9	55	4	44	
15	38	9	15	17	37	1	61	4	16	
3	55	8	69	5	54	13	12	16	58	6	70	12	28	10	23	2	18	
16	66	0	71	4	63	18	37	2	74	12	72	19	7	8	58	
10	5	4	39	0	62	14	54	18	41	6	16	19	70	16	3	12	75	1	26	8	21	7	44	
6	1	1	67	19	37	9	44	5	48	15	54	
6	66	11	19	5	25	13	7	17	3	18	73	1	38	0	55	
8	13	7	29	10	75	14	4	17	21	
19	29	13	53	3	56	10	18	6	65	12	17	16	27	14	12	0	47	
7	50	13	47	9	23	14	37	15	72	0	22	2	32	6	17	12	31	3	40	19	34	
14	16	16	41	8	19	6	25	2	49	12	12	10	54	7	21	1	10	3	66	0	69	4	64	
19	21	5	20	14	58	6	57	3	2	12	14	7	23	11	63	8	33	1	53	4	36	13	56	
1	21	16	35	18	45	4	46	3	49	
11	66	6	60	4	37	12	10	15	23	19	44	16	74	10	28	1	22	5	56	8	14	9	36	
8	11	1	45	5	16	17	36	12	61	9	53	18	3	0	35	3	31	14	14	
17	28	15	58	7	65	2	30	1	50	10	16	0	72	19	42	16	49	8	7	12	36	
4	16	18	7	12	59	19	55	15	6	5	19	
14	11	2	9	4	18	3	38	17	28	12	75	10	45	15	65	
7	64	14	47	13	62	3	48	11	13	2	60	
16	53	17	10	12	51	18	40	9	26	2	5	10	61	15	38	11	37	5	23	3	42	14	50	
16	37	15	60	0	72	9	57	3	42	6	11	4	51	
14	22	16	1	3	58	19	49	17	43	1	66	18	60	8	52	4	65	5	3	
10	22	1	40	11	28	9	62	19	5	8	58	2	55	12	26	0	73	15	66	
17	60	2	42	7	68	6	57	0	63	5	5	12	33	
1	44	11	19	8	55	15	50	5	48	9	73	6	6	
13	46	8	70	11	52	14	60	18	66	6	30	15	53	2	6	0	11	1	9	
1	43	11	47	19	59	12	52	18	24	2	53	9	26	4	61	5	16	16	2	6	62	8	74	
16	53	14	59	9	29	3	69	5	63	8	14	17	50	
17	49	9	16	12	30	6	46	15	37	18	10	2	64	13	35	16	61	11	59	
4	73	10	29	7	34	14	10	11	52	5	55	15	17	0	37	2	20	
5	38	12	62	8	23	9	26	19	54	2	14	16	66	0	50	17	21	14	46	11	11	
19	57	0	7	14	42	8	19	4	44	9	22	7	17	10	43	2	62	
7	62	14	64	4	2	9	69	3	39	11	32	15	11	
13	70	18	44	12	12	14	51	15	52	
1	43	16	9	5	24	7	20	12	73	18	37	2	18	17	35	13	36	15	59	8	10	
10	46	8	61	15	13	13	48	16	49	19	57	6	74	1	55	11	5	2	9	
19	36	16	49	6	69	5	63	2	42	11	25	4	62	3	21	7	34	0	4	
7	66	2	2	0	74	6	51	13	60	14	29	
3	28	7	30	5	68	15	2	11	12	16	51	
17	38	19	59	4	5	16	8	12	17	8	14	5	37	1	24	9	66	
18	68	14	41	7	10	5	31	9	3	1	65	15	36	2	1	19	67	6	70	8	18	
4	68	16	1	12	52	0	50	2	18	7	64	13	10	6	63	
4	67	17	11	3	37	10	27	5	48	12	61	
3	30	14	18	17	6	15	31	10	34	
5	29	16	56	12	45	3	38	17	64	7	13	
6	10	1	39	4	12	14	66	18	42	17	47	16	23	9	55	3	29	10	46	
11	14	18	35	7	29	1	61	3	70	14	41	2	22	12	53	
4	22	13	24	5	46	18	53	19	69	10	35	0	3	9	66	
19	20	12	43	16	64	7	52	3	36	6	2	11	40	18	16	5	34	14	74	13	1	1	56	
19	20	1	38	15	42	9	11	10	48	13	56	
5	73	14	69	11	60	2	27	18	30	1	67	4	37	9	75	16	34	17	70	13	43	
11	18	16	58	10	59	0	47	4	9	12	68	14	23	2	13	15	24	7	64	1	28	3	48	
8	52	4	13	10	43	1	61	5	48	7	14	6	3	13	49	3	68	19	9	
1	27	4	36	19	55	16	71	7	63	8	54	15	51	9	69	12	15	14	61	0	70	
8	51	13	17	17	75	5	50	9	58	7	68	2	10	3	64	4	66	15	52	
3	5	11	11	7	70	15	69	2	75	
5	38	7	29	2	4	13	11	18	23	11	53	19	27	16	6	0	36	
14	70	18	45	1	9	11	65	9	64	8	2	6	12	
2	66	15	26	17	51	14	57	3	59	0	43	
3	15	16	74	11	8	6	3	14	5	0	69	8	36	
11	56	18	30	14	66	17	64	19	61	12	72	
1	19	7	40	6	24	13	15	4	36	15	28	3	34	8	30	
1	6	17	27	14	17	3	13	7	64	9	7	13	43	12	63	
5	52	2	2	9	48	18	63	10	35	8	46	6	58	4	71	19	38	
4	74	1	66	19	12	18	71	7	44	11	37	8	42	15	54	2	15	6	70	17	39	
14	62	13	60	10	2	1	59	8	63	
17	72	1	73	10	58	7	61	2	43	
8	26	3	18	15	9	10	48	11	29	4	14	19	51	6	73	7	70	2	6	18	41	
11	72	0	50	10	9	1	53	18	22	
14	10	6	75	15	33	5	25	19	70	8	18	1	21	9	13	
12	61	10	3	0	66	14	72	7	45	18	43	2	35	3	13	9	15	6	56	
12	34	14	61	0	17	5	52	1	45	18	2	8	54	6	71	13	51	15	59	2	44	4	70	
6	70	12	46	0	47	10	60	4	4	1	64	13	12	
13	48	11	11	7	60	19	4	14	29	0	44	9	21	
7	54	11	34	5	2	18	45	17	61	13	48	4	11	19	70	1	36	15	21	
16	58	15	11	11	67	4	55	8	6	2	71	5	43	
14	3	16	28	17	12	11	2	6	50	9	49	4	57	
17	61	0	25	19	62	5	54	7	7	12	27	11	67	4	16	13	8	14	14	18	11	
8	5	11	62	9	22	7	51	18	43	5	24	
2	33	17	57	18	44	9	51	15	69	11	5	
7	41	5	28	18	60	15	46	16	63	19	47	14	25	
7	40	0	48	4	21	18	55	13	64	19	22	8	29	14	36	6	19	
11	75	3	68	17	71	14	40	18	60	9	50	7	42	19	12	8	47	10	51	13	67	16	17	
18	53	15	12	0	61	6	62	1	29	11	34	5	74	
7	33	9	53	3	46	17	43	10	45	5	44	6	47	
7	42	12	20	13	21	3	8	11	48	8	19	0	1	
5	6	19	7	7	39	9	27	6	16	1	62	16	54	12	12	8	58	2	70	0	26	15	36	
1	59	17	47	14	9	19	6	15	34	18	21	
4	69	7	31	15	23	10	58	8	74	2	41	3	46	6	4	1	20	
9	32	4	1	11	4	6	22	12	72	0	40	10	25	14	27	19	51	
2	23	5	20	19	62	4	15	15	44	9	64	10	8	
8	66	12	74	1	43	6	45	10	38	11	56	9	22	13	53	19	51	7	29	14	60	5	24	
10	75	3	43	13	33	16	35	14	61	
6	40	7	56	9	53	13	1	1	14	
12	24	3	46	19	10	1	2	14	23	2	19	16	74	4	42	
16	3	19	22	8	48	4	51	18	10	11	20	14	28	
5	9	4	26	0	72	6	54	18	61	19	35	
17	46	6	63	2	13	12	39	14	60	4	49	10	10	8	40	0	36	11	31	15	1	5	71	
19	12	9	46	6	30	10	37	4	64	1	59	18	47	
4	52	16	3	12	28	3	42	13	30	15	37	19	43	14	29	7	72	10	18	
5	71	3	39	16	73	15	11	1	13	
3	65	1	74	16	22	13	16	6	11	9	21	12	49	18	56	10	41	0	40	
8	27	6	22	7	2	11	60	12	51	14	13	2	75	10	3	19	18	9	74	18	7	5	65	
7	25	19	2	18	60	0	69	13	11	8	46	
1	68	19	23	9	63	17	74	13	66	
16	43	1	24	2	35	4	33	7	48	18	25	9	59	
14	16	9	27	2	5	4	32	8	34	17	22	1	57	13	26	12	65	
3	41	1	35	19	20	12	66	5	44	14	9	13	18	10	56	
17	52	19	63	9	41	5	58	10	32	11	14	
18	17	16	24	8	65	6	61	15	51	2	59	7	21	
10	58	1	32	19	53	17	26	6	28	16	71	0	38	7	42	4	73	3	25	8	24	
0	1	2	38	3	35	7	48	18	73	
2	58	15	33	8	27	14	65	1	54	11	44	
12	69	8	28	18	42	19	21	14	40	13	63	1	65	
4	12	16	65	5	36	11	64	1	22	19	63	13	9	17	75	9	4	8	71	
9	27	5	42	7	56	1	7	6	65	11	1	14	59	2	66	4	5	19	32	0	3	17	16	
13	75	14	25	0	51	4	66	15	53	
3	1	17	34	14	75	15	6	6	2	7	41	13	52	9	9	1	54	
14	25	3	32	18	21	4	55	12	46	5	47	2	62	
19	52	7	56	14	59	5	74	1	66	16	53	13	50	9	65	0	49	6	21	8	75	
15	25	17	46	7	68	14	26	4	44	11	45	3	36	
2	45	14	72	19	22	3	40	15	6	1	70	9	32	11	5	8	34	16	46	
13	36	9	12	11	15	10	13	0	41	18	70	
14	20	10	36	13	41	19	21	17	8	
1	19	0	66	7	58	18	3	17	70	4	59	9	11	
13	13	0	62	18	67	4	12	17	22	3	9	16	55	10	70	9	35	15	45	
3	23	17	68	16	14	0	6	9	32	4	28	10	51	1	33	11	22	15	55	7	31	5	29	
5	26	15	7	19	38	0	23	16	33	18	4	9	32	17	25	4	71	13	61	
8	68	5	51	2	2	9	38	4	18	0	25	17	6	18	71	13	46	11	41	
10	5	15	18	7	65	16	23	3	37	8	35	6	53	13	63	5	66	17	64	9	29	
2	37	9	16	11	50	18	61	3	43	15	13	0	29	6	12	17	17	7	62	
2	35	16	27	17	65	9	46	15	31	13	38	10	43	
8	28	17	46	18	18	19	15	16	40	10	39	2	29	3	31	13	69	1	14	
1	18	18	35	6	36	3	8	13	54	
1	44	4	68	9	29	10	22	2	45	17	4	18	25	0	16	14	60	15	47	7	21	
6	16	18	47	16	25	0	37	3	41	17	46	13	14	
7	38	4	34	3	48	6	66	14	71	
5	64	1	32	14	25	9	12	10	39	15	67	6	43	2	7	19	8	8	50	
12	43	18	60	10	11	16	24	0	64	13	5	4	45	9	54	17	67	3	51	
14	36	15	55	19	13	10	9	17	11	2	34	4	25	6	45	16	42	3	46	

All component type numbers for each job to be processed by MFPM
8	6	3	21	1	13	
7	7	6	19	
6	5	2	17	
7	10	
6	5	
3	15	2	8	5	24	7	23	
5	23	0	20	6	8	1	24	3	16	
1	4	2	3	9	11	3	13	5	25	
8	16	7	4	4	14	9	25	
0	19	8	14	9	15	6	17	5	3	
4	8	
7	10	1	4	2	12	
7	18	0	19	2	24	6	20	4	9	
4	3	0	4	9	22	7	25	8	14	
9	16	3	14	
0	6	5	4	
6	18	8	10	
5	11	9	4	
6	16	0	10	
4	24	0	14	2	16	6	15	
2	15	1	16	3	9	5	8	6	2	
9	17	2	23	
8	23	7	7	9	6	
8	20	
0	19	3	16	8	13	2	7	
9	6	5	15	4	19	2	23	
3	6	7	3	6	24	
5	8	6	6	9	15	1	25	
1	12	9	24	7	4	
6	5	4	21	
6	18	
4	14	2	16	6	6	
9	9	7	2	0	10	
0	17	4	21	2	5	
5	24	1	6	
8	16	
4	18	8	25	2	22	6	8	
8	1	1	13	2	16	3	22	
6	5	4	3	5	11	7	25	9	10	
0	15	
1	21	2	4	
5	10	4	7	6	1	7	20	
9	7	8	23	
5	20	8	24	9	3	2	9	0	18	
8	9	
9	15	1	2	4	11	
1	24	
2	3	0	12	
0	23	
2	3	9	9	
6	10	9	7	2	17	
4	1	3	4	
6	24	5	25	8	21	
8	23	
9	18	1	19	
5	19	6	24	4	7	
8	16	5	2	4	23	3	9	
4	25	0	4	7	18	3	15	8	3	
2	7	
0	18	4	11	9	21	
3	18	
8	12	0	11	
2	10	0	16	9	6	8	18	3	19	
3	14	0	18	4	17	6	16	1	8	
3	19	4	14	7	22	5	20	
4	4	1	1	3	15	6	11	
8	6	3	16	5	3	
2	6	9	19	
8	23	
5	1	
9	20	
8	8	9	5	5	18	2	12	
1	21	2	5	3	1	
4	23	8	2	2	9	
0	15	
8	8	
9	13	8	15	7	1	2	6	1	23	
5	4	2	19	7	17	3	11	
5	20	8	15	
8	22	6	8	1	20	3	19	
6	10	9	8	
1	12	3	19	0	1	9	8	7	9	
4	12	2	2	5	8	8	1	
0	10	1	4	3	8	
5	6	6	13	
0	19	3	7	
0	22	5	20	
3	24	0	11	
2	4	1	21	3	17	
6	12	7	4	9	14	4	18	2	7	
1	4	
2	18	0	5	7	4	
0	5	3	21	5	16	
7	9	
2	10	0	9	6	25	9	6	8	3	
4	2	9	14	
2	17	4	9	1	18	6	25	0	11	
6	16	9	12	8	20	0	15	
2	17	
2	21	3	20	8	11	4	12	1	6	
0	4	2	9	8	5	3	23	
6	2	4	11	5	14	8	3	1	9	
2	22	3	10	9	23	6	8	
7	21	6	4	9	24	4	2	
4	21	7	10	
3	7	0	8	1	18	5	22	8	11	
6	7	
4	7	2	25	
8	20	4	5	7	12	
1	14	7	25	
8	10	3	22	
5	4	6	12	
5	20	
6	9	4	17	7	23	8	6	
9	14	0	16	3	25	2	9	1	5	
6	18	9	19	5	6	3	7	
7	22	8	25	6	3	2	21	
7	17	9	19	2	24	8	16	5	20	
5	8	9	7	0	4	8	25	
7	20	4	4	
6	6	4	17	
6	15	3	1	
7	2	3	11	1	3	4	10	5	19	
2	4	9	15	5	23	
8	14	
6	17	
4	15	
4	10	1	16	9	14	
9	11	3	12	8	25	2	6	
4	13	
2	2	3	14	1	4	7	7	
9	20	0	9	6	8	
1	4	0	23	
0	3	7	22	
4	5	3	3	0	10	9	6	2	15	
5	7	1	18	
6	23	4	14	3	3	7	21	8	1	
4	24	7	2	5	6	
3	16	7	10	
9	24	3	1	0	17	8	18	1	13	
8	20	2	6	
3	3	
6	15	9	11	
2	14	9	7	
7	10	8	1	3	19	5	23	6	24	
8	9	5	21	7	13	2	10	9	7	
9	8	5	5	6	10	4	13	
3	16	7	4	8	20	6	1	
1	20	7	11	5	24	
6	9	

Three processing times per job on each machine
The best scenario
161	55	
89	84	
211	575	
877	873	
122	54	
98	34	
481	1082	
405	681	
162	166	
740	462	
100	243	
115	167	
452	435	
184	213	
420	316	
564	236	
736	663	
318	306	
240	147	
378	213	
361	208	
144	292	
246	339	
434	328	
735	692	
77	120	
727	654	
223	972	
117	216	
313	288	
863	969	
363	233	
183	237	
405	206	
334	532	
817	638	
765	974	
266	1064	
430	376	
464	237	
58	150	
247	768	
195	273	
260	492	
249	726	
223	129	
182	336	
484	209	
225	144	
249	264	
228	179	
254	500	
379	696	
148	222	
485	445	
896	381	
116	124	
335	215	
457	160	
194	308	
566	462	
867	319	
685	125	
616	686	
338	439	
675	733	
820	447	
722	403	
364	336	
480	528	
912	263	
754	253	
483	850	
718	1123	
117	212	
536	552	
162	112	
138	132	
466	904	
541	672	
472	529	
296	238	
243	904	
376	446	
591	635	
370	325	
369	1238	
296	904	
441	286	
320	869	
197	369	
219	861	
852	125	
143	190	
509	996	
367	203	
460	393	
323	272	
336	968	
490	647	
1335	859	
300	257	
788	726	
402	453	
111	39	
627	274	
194	211	
419	730	
244	251	
200	219	
273	356	
486	347	
209	256	
194	205	
919	582	
370	688	
562	534	
143	116	
802	629	
925	581	
156	270	
460	646	
567	645	
884	265	
601	960	
617	816	
441	662	
353	347	
941	744	
446	632	
899	408	
859	438	
156	76	
497	417	
190	559	
337	168	
119	139	
256	252	
949	847	
1239	678	
465	416	
557	679	
362	232	
154	166	
55	165	
201	118	
123	207	
1101	367	
135	96	
167	135	
Most likely scenario
321	92	
109	114	
329	785	
1345	1370	
141	74	
109	57	
926	1244	
645	907	
223	191	
964	520	
164	415	
153	201	
682	461	
198	369	
713	475	
743	454	
834	1009	
501	405	
341	219	
629	240	
424	361	
211	328	
380	503	
446	538	
975	770	
93	149	
755	1128	
326	1087	
153	234	
371	507	
1018	1490	
390	271	
309	397	
691	249	
398	770	
836	760	
789	1206	
341	1333	
584	697	
484	245	
116	206	
366	788	
284	316	
286	566	
358	1106	
321	233	
310	379	
618	251	
364	160	
267	272	
267	191	
375	538	
713	855	
238	331	
561	656	
1267	408	
173	161	
547	290	
522	181	
235	521	
570	636	
902	464	
709	240	
750	870	
419	744	
1262	989	
1077	792	
967	686	
695	413	
545	846	
1380	521	
998	284	
525	896	
960	1426	
217	303	
548	638	
299	161	
209	144	
778	915	
988	1000	
903	625	
348	319	
330	1260	
498	532	
737	908	
494	589	
382	1297	
485	1035	
612	522	
370	881	
331	492	
433	893	
884	249	
191	373	
1008	1295	
409	296	
474	397	
405	503	
475	1164	
974	1074	
1356	952	
309	456	
1387	805	
638	786	
129	47	
1084	451	
261	322	
641	774	
404	404	
279	311	
522	504	
798	526	
212	277	
233	323	
1067	1116	
685	968	
662	656	
280	225	
895	871	
1203	595	
174	295	
680	801	
620	805	
1263	419	
1044	1132	
1199	1034	
657	838	
465	432	
1076	1046	
584	1094	
1224	585	
887	528	
177	85	
512	449	
281	1017	
443	293	
198	223	
292	457	
1189	1034	
1362	827	
661	688	
1039	743	
377	318	
249	230	
86	223	
238	233	
228	262	
1153	383	
223	121	
172	168	
The worst scenario
424	131	
149	155	
401	990	
1464	1762	
193	98	
122	73	
1366	1556	
874	1129	
226	270	
1372	721	
218	506	
179	233	
796	544	
222	515	
855	694	
916	665	
1153	1184	
532	605	
408	296	
846	261	
439	523	
243	417	
532	748	
620	592	
1036	1137	
126	154	
987	1191	
432	1352	
166	270	
532	556	
1510	1671	
533	396	
445	466	
920	366	
592	797	
1016	1067	
1002	1781	
356	1652	
626	770	
692	349	
137	209	
382	879	
408	374	
313	717	
397	1566	
446	258	
449	522	
855	320	
522	220	
395	395	
275	215	
429	767	
1057	1009	
289	438	
666	885	
1592	424	
211	201	
775	394	
678	225	
333	754	
835	759	
1023	542	
891	295	
906	1203	
479	1057	
1733	1027	
1477	938	
1413	954	
769	600	
753	1096	
1792	566	
1247	384	
657	1204	
1130	2014	
277	358	
620	754	
340	218	
282	168	
911	955	
1291	1262	
1281	835	
448	323	
483	1693	
521	664	
958	1095	
677	667	
516	1597	
638	1420	
707	570	
440	1276	
408	636	
604	1151	
1172	332	
236	379	
1322	1834	
492	352	
609	545	
517	705	
630	1267	
1413	1250	
1858	999	
425	584	
1465	1076	
918	982	
156	70	
1416	635	
285	432	
771	1112	
576	582	
340	417	
621	688	
974	647	
262	345	
253	383	
1179	1358	
959	1128	
704	800	
298	252	
1073	907	
1428	625	
234	353	
850	973	
883	1149	
1323	531	
1350	1431	
1572	1083	
968	1201	
594	619	
1245	1296	
747	1109	
1474	674	
1097	642	
259	110	
715	558	
344	1115	
456	307	
215	257	
322	644	
1324	1246	
1682	1167	
873	704	
1101	1028	
529	433	
348	249	
126	260	
332	312	
269	388	
1378	492	
257	122	
207	184	
