Factories	3	Jobs	200	Machines	2

Total number of component types per job processed by HSPM
8	6	11	12	12	6	6	10	7	11	7	7	7	9	9	8	12	11	5	7	7	8	6	8	6	5	11	11	8	11	10	11	12	10	11	6	7	5	11	6	5	8	10	8	7	8	7	10	6	11	10	10	7	8	10	5	8	7	8	6	10	11	12	7	7	7	7	12	5	8	9	6	12	9	11	6	5	12	7	11	12	8	7	5	7	6	12	11	7	9	8	10	6	5	5	6	9	6	7	6	9	12	8	11	5	6	11	10	10	5	11	11	5	10	12	8	8	11	10	9	11	10	10	7	5	6	5	8	12	6	12	12	9	11	8	5	7	5	9	12	5	9	10	9	10	10	10	10	9	6	6	9	5	10	5	7	7	8	5	5	5	7	12	5	5	12	9	12	11	8	12	11	7	10	11	6	10	7	7	5	11	7	7	9	5	10	11	9	11	10	11	5	7	10	9	10	6	7	11	8	

Total number of component types per job processed by MFPM
1	2	1	1	5	4	3	4	3	4	2	2	5	2	3	4	1	2	3	1	1	1	4	2	2	5	1	2	1	2	2	1	1	3	3	4	2	4	2	5	2	5	1	5	3	5	4	2	4	5	2	2	4	2	2	2	3	3	2	5	1	4	2	3	1	4	2	2	1	2	3	5	2	5	2	3	4	4	1	5	5	3	3	1	4	2	4	4	4	3	2	4	5	2	4	1	3	5	1	4	5	1	5	2	5	4	1	2	5	5	4	3	1	1	2	1	1	2	4	1	3	3	1	4	3	2	3	1	5	4	2	1	4	2	5	4	2	3	5	2	3	1	3	3	2	4	4	5	2	1	5	1	1	2	2	4	5	1	2	2	1	1	4	2	4	4	3	2	3	2	4	4	1	4	4	1	1	3	5	3	1	2	1	4	5	3	1	1	2	2	1	1	5	5	2	3	1	3	5	4	

All component type numbers for each job to be processed by HSPM
0	64	10	24	17	75	11	20	1	37	9	30	14	59	3	15	
2	15	11	43	14	19	8	22	4	65	19	63	
9	41	13	9	2	14	8	47	18	53	17	50	12	57	11	59	7	63	4	66	19	36	
6	40	3	47	2	70	9	35	1	31	8	32	16	12	11	41	15	54	10	71	18	38	0	57	
8	27	1	5	12	63	6	29	18	22	0	72	2	14	13	49	19	70	11	9	4	59	14	65	
3	26	17	25	10	63	12	14	18	27	6	9	
19	20	9	32	18	12	14	65	10	41	12	16	
17	25	5	64	3	62	14	54	9	72	10	63	2	26	8	24	18	15	13	5	
4	33	11	7	0	21	1	42	9	16	19	4	18	54	
6	9	16	73	3	32	9	51	5	44	2	5	10	59	11	11	0	40	12	7	18	75	
5	45	10	14	2	21	11	62	8	64	17	39	0	34	
13	4	17	17	1	36	7	1	18	65	19	69	0	48	
11	56	18	17	2	12	8	14	5	62	4	45	10	61	
0	73	2	60	4	56	10	75	1	22	12	18	15	13	7	33	11	47	
13	20	11	4	14	61	1	27	9	7	19	59	6	56	0	16	7	75	
4	37	7	27	0	18	12	65	17	61	14	70	19	45	10	71	
0	63	8	52	16	73	19	55	17	14	5	75	11	23	2	25	6	48	13	19	12	45	15	4	
12	18	11	33	17	69	3	30	10	10	16	45	18	52	15	64	5	20	14	38	7	49	
11	61	4	72	3	45	14	53	13	7	
16	1	19	31	15	41	1	18	14	7	4	2	11	23	
19	32	3	44	17	60	14	41	11	42	0	29	18	56	
6	39	14	59	15	35	12	57	19	53	5	25	3	41	18	5	
19	65	11	18	7	12	3	68	14	21	5	2	
5	31	8	27	7	68	4	20	17	61	9	53	0	37	14	41	
13	29	17	32	12	9	16	51	5	30	18	2	
14	37	6	11	18	29	3	63	19	7	
0	2	8	75	5	27	18	22	17	11	6	73	10	36	15	57	13	1	11	19	14	18	
5	3	17	74	7	57	11	50	16	26	10	7	3	25	14	31	2	49	19	72	8	68	
13	15	8	17	15	50	17	47	18	56	1	19	14	16	6	18	
11	37	8	64	18	40	9	39	12	53	2	34	6	16	7	22	14	15	5	42	4	73	
8	38	9	43	3	71	1	68	2	10	19	47	7	64	16	4	0	40	12	33	
8	11	13	32	6	63	0	66	15	12	17	57	2	61	1	55	16	71	9	72	3	8	
12	13	10	37	13	3	19	15	15	71	1	69	11	26	14	73	4	31	17	4	0	1	16	75	
8	33	12	22	14	53	7	47	15	25	2	5	4	9	10	52	17	24	16	30	
1	37	8	58	12	2	2	53	7	45	11	23	0	34	13	29	14	72	16	39	17	67	
4	28	12	3	11	12	16	39	8	22	17	34	
1	65	11	73	10	26	19	42	9	29	17	25	8	45	
18	44	0	58	14	25	2	11	19	31	
6	24	2	64	13	73	11	52	10	69	19	74	3	20	9	11	5	63	14	54	8	48	
8	72	3	49	1	23	19	65	0	12	14	1	
9	39	18	20	6	7	15	19	11	3	
15	8	19	51	10	59	2	67	17	62	14	70	5	9	4	65	
5	58	14	26	4	72	18	45	19	1	12	16	8	4	9	11	0	51	16	28	
3	41	15	63	5	43	18	39	6	54	4	47	13	70	0	19	
14	72	17	32	16	18	19	75	18	31	4	34	1	52	
15	7	19	65	9	39	5	14	14	43	10	18	6	11	3	30	
19	54	4	39	0	36	3	30	8	4	13	7	6	63	
12	4	14	55	8	51	5	24	10	47	3	2	7	52	0	41	4	12	2	19	
8	1	9	7	2	12	3	29	4	34	7	52	
0	56	16	68	3	1	2	16	17	70	10	6	5	63	6	48	14	45	18	50	15	30	
0	55	12	39	1	28	8	57	14	71	3	41	2	20	5	35	15	19	11	69	
4	10	5	13	0	72	18	42	6	43	8	9	19	75	17	60	10	17	11	67	
13	71	7	7	0	27	11	73	6	75	8	5	4	36	
0	72	6	38	14	71	1	30	12	64	5	41	10	34	7	29	
10	41	13	53	8	28	4	42	1	67	14	68	7	2	3	62	5	34	2	36	
4	42	1	60	18	19	0	70	11	68	
11	73	13	28	16	66	6	35	17	54	0	55	1	30	7	14	
19	40	12	75	18	58	13	54	10	50	6	51	3	22	
12	5	11	28	3	71	18	60	9	10	10	13	6	7	17	21	
17	75	13	8	8	74	15	61	0	47	18	13	
8	75	3	55	15	73	10	27	13	17	14	5	12	18	17	65	11	22	6	3	
3	6	13	42	12	50	11	14	7	47	16	65	1	53	10	12	8	19	5	8	9	73	
18	75	1	11	10	28	19	27	12	21	6	69	13	45	3	17	2	63	16	32	14	60	15	36	
7	20	14	51	13	57	9	8	4	17	8	31	18	45	
19	3	18	54	8	74	2	44	17	36	1	30	12	24	
13	71	14	41	19	14	10	22	11	7	15	54	0	1	
6	29	3	31	8	49	0	66	2	33	18	61	9	56	
2	62	18	55	15	57	9	23	0	9	4	49	17	34	14	45	19	38	7	12	16	59	12	68	
16	43	1	46	12	50	13	7	18	47	
11	68	13	13	15	28	17	29	4	50	6	18	8	64	9	12	
6	12	9	46	0	47	14	18	12	69	10	22	16	44	11	24	17	28	
0	13	11	20	6	58	14	44	2	25	7	68	
11	27	6	16	2	72	0	33	16	3	1	60	3	11	9	70	5	30	12	67	10	69	4	61	
6	19	8	20	13	72	3	33	17	22	15	60	10	43	16	32	9	58	
8	20	12	31	13	22	0	18	10	75	9	40	11	52	19	44	6	25	4	71	1	61	
8	24	3	72	0	40	19	6	7	45	5	29	
10	1	6	23	17	48	9	43	12	15	
19	57	0	41	15	51	2	53	1	47	9	37	11	10	5	70	16	9	6	35	18	72	3	69	
9	70	11	61	13	11	6	37	0	74	4	45	8	10	
10	41	19	44	18	26	8	6	11	10	17	40	12	50	13	38	3	17	1	35	14	55	
18	54	8	47	19	43	16	26	6	44	12	9	17	49	1	25	15	30	7	55	4	73	13	20	
19	42	18	20	5	32	14	28	4	54	10	65	11	60	1	55	
18	54	16	75	11	34	15	39	5	71	1	66	17	56	
16	52	17	6	15	20	12	15	19	2	
13	46	4	6	19	26	9	2	10	41	17	60	11	51	
12	29	13	71	19	61	17	2	8	43	18	69	
5	2	3	57	13	68	11	37	8	46	18	47	10	65	1	64	15	28	14	52	12	32	6	26	
6	4	12	73	4	67	11	52	15	9	9	72	17	53	0	74	14	50	1	56	2	70	
7	58	4	5	19	73	16	52	15	8	17	19	9	51	
18	40	16	27	10	15	9	63	13	21	12	54	7	56	2	59	5	55	
3	26	12	44	6	68	11	11	16	53	7	69	10	46	5	1	
6	3	19	5	7	25	16	36	13	26	10	8	0	17	18	54	5	29	17	57	
10	32	4	17	16	56	1	44	9	47	7	35	
3	1	11	4	9	37	12	75	5	69	
10	38	8	21	12	64	16	71	14	2	
15	56	19	9	11	22	12	44	5	71	18	55	
8	36	6	11	2	34	5	54	13	25	7	43	10	64	11	56	14	20	
1	66	0	37	5	22	7	71	3	11	15	7	
10	13	3	52	6	62	5	15	14	14	18	23	16	6	
7	28	12	73	19	52	2	74	8	59	17	64	
3	61	1	48	7	26	8	17	17	34	13	36	16	75	10	46	9	30	
12	45	9	28	11	38	0	64	5	1	13	20	4	36	2	57	10	72	14	15	15	59	3	65	
19	24	13	50	8	1	18	56	2	30	7	20	3	52	11	53	
15	14	2	73	3	36	7	30	16	53	19	7	10	55	11	44	5	19	8	2	18	71	
6	69	9	24	15	22	4	63	5	43	
19	62	13	36	6	42	10	10	14	9	7	49	
5	31	15	48	12	68	1	34	7	53	16	11	2	63	10	55	11	66	3	29	4	24	
14	58	17	14	15	53	3	23	4	39	6	15	0	1	5	63	19	42	1	59	
16	19	4	58	12	69	0	45	10	9	11	32	7	59	1	1	15	21	2	53	
10	63	4	15	14	53	5	54	1	62	
10	31	15	28	7	38	18	44	12	23	19	29	6	36	17	21	9	14	14	27	16	67	
7	51	1	11	13	36	0	46	8	74	11	73	19	12	10	49	15	21	12	1	3	8	
17	33	8	26	18	61	4	37	6	44	
5	7	16	9	0	10	19	48	1	8	13	51	10	75	11	57	8	23	3	66	
13	43	15	68	5	17	3	51	16	26	14	69	2	66	12	67	10	32	6	70	0	63	17	8	
7	59	12	17	13	37	2	16	8	24	18	26	6	41	10	61	
14	25	9	14	19	30	11	48	4	65	17	69	18	4	8	11	
7	63	3	59	4	45	15	1	16	23	10	61	14	12	6	74	0	27	12	51	11	3	
3	57	1	39	0	28	11	38	18	41	12	19	2	17	16	25	15	52	6	34	
12	37	13	42	8	45	11	28	16	4	19	47	14	35	10	24	6	60	
11	72	13	38	19	43	12	66	4	24	8	55	10	75	2	50	15	57	0	7	9	65	
10	32	7	57	6	39	3	45	17	50	5	40	2	1	15	37	0	75	14	68	
17	38	13	1	2	71	11	12	12	31	15	4	19	34	1	20	8	65	9	73	
17	17	12	35	14	47	13	12	10	71	11	48	2	43	
13	46	5	39	16	3	15	29	4	65	
12	41	4	75	0	22	8	8	18	21	7	7	
12	30	13	28	1	74	14	18	5	66	
12	25	8	72	15	70	7	29	6	49	0	57	13	33	2	44	
7	30	19	29	18	74	8	59	2	72	12	65	5	16	17	60	10	73	13	63	9	68	0	55	
3	70	17	69	7	50	8	48	4	42	14	40	
5	66	3	64	7	44	14	70	6	35	9	4	13	2	10	12	2	69	12	8	11	52	15	21	
17	11	5	43	18	22	10	64	9	67	4	71	6	65	3	2	15	54	16	35	13	15	2	34	
19	60	1	12	14	4	4	30	17	49	3	25	13	7	5	6	9	69	
13	70	7	24	14	56	5	43	9	75	18	55	4	53	11	3	19	65	8	45	16	52	
1	66	8	32	10	43	16	22	11	55	5	70	13	6	0	48	
17	41	3	36	2	75	18	67	16	47	
0	75	2	41	8	57	12	60	16	33	18	7	15	21	
11	14	2	8	5	11	4	31	3	73	
16	67	7	7	2	53	15	66	19	23	9	13	11	16	5	68	0	74	
12	25	9	73	18	14	11	65	8	55	1	46	16	62	0	67	15	9	17	10	14	47	2	72	
19	68	4	3	18	42	7	71	16	44	
18	65	5	40	19	43	2	9	7	34	0	10	17	15	11	59	13	7	
19	35	15	46	1	48	13	75	10	34	3	50	8	1	4	65	9	49	14	7	
12	6	14	25	19	3	16	9	17	11	5	20	15	43	13	70	1	53	
12	75	16	15	1	66	2	24	10	33	18	72	7	58	11	71	17	60	13	40	
6	73	19	64	4	2	14	51	10	27	15	39	5	45	12	15	8	7	1	56	
11	67	9	9	13	20	3	25	7	31	1	6	15	29	14	32	17	37	10	13	
13	61	8	73	3	48	12	68	14	37	15	74	2	39	18	54	1	4	7	24	
5	23	11	14	16	8	13	12	8	35	19	36	12	74	0	7	15	17	
2	35	18	33	1	41	8	71	11	22	17	74	
18	73	8	35	10	5	9	72	12	41	16	7	
13	23	9	10	8	53	18	17	11	62	6	18	12	30	4	13	15	14	
6	28	4	59	1	17	18	23	9	21	
10	71	2	46	11	44	15	36	4	32	3	42	14	27	6	25	1	62	0	33	
1	33	2	10	7	38	10	49	4	55	
16	2	13	24	10	20	2	13	5	48	7	50	8	45	
3	40	2	63	19	52	18	18	10	24	6	3	9	67	
12	21	3	73	8	69	18	66	7	53	16	16	10	56	17	43	
6	2	17	72	15	68	0	36	7	40	
6	15	7	19	13	53	10	45	17	66	
8	72	10	2	5	47	15	34	17	38	
10	28	3	44	16	70	19	45	17	20	14	30	11	9	
10	2	0	50	12	53	15	6	5	64	17	24	13	26	8	34	3	22	4	20	2	57	9	17	
15	52	10	71	14	50	4	65	0	21	
10	54	19	34	13	25	15	14	6	72	
12	39	0	22	15	19	6	62	18	1	5	44	1	28	8	42	9	31	10	74	2	23	14	14	
6	1	16	42	12	41	7	65	4	15	13	9	17	6	5	2	1	20	
19	2	15	69	11	35	7	30	16	50	10	33	6	43	1	19	13	29	12	52	17	72	8	73	
7	23	13	29	6	15	1	35	3	26	11	51	16	36	2	13	9	60	14	2	0	6	
14	26	18	27	16	5	0	53	4	58	9	3	11	46	5	71	
10	34	3	60	9	46	13	56	14	5	15	11	4	7	5	59	16	61	8	73	7	21	1	8	
9	72	12	1	10	68	5	69	19	54	7	18	0	43	11	3	3	21	17	12	4	28	
1	20	4	42	2	54	10	51	7	44	13	53	8	7	
5	3	1	2	2	17	3	55	15	63	9	18	18	31	14	71	10	75	11	60	
13	58	11	2	0	53	6	44	7	55	14	40	8	16	5	7	18	69	19	31	4	4	
17	31	18	72	12	9	9	32	7	61	11	56	
6	8	2	11	0	61	18	4	7	67	10	37	3	66	5	65	15	60	16	48	
15	33	2	5	4	61	3	2	12	8	5	69	14	10	
4	56	0	10	17	69	3	2	1	38	14	27	13	26	
17	69	11	18	3	24	9	54	18	46	
16	71	10	62	12	9	17	29	19	58	4	21	9	55	18	64	11	49	1	18	3	47	
8	7	1	4	6	58	7	31	0	8	5	50	10	66	
10	10	11	27	19	74	18	3	3	65	9	9	14	44	
16	18	10	65	18	45	6	12	7	60	15	33	17	35	11	26	0	32	
5	36	14	55	16	45	18	16	2	43	
3	9	17	51	11	47	4	42	7	58	14	46	19	1	10	21	6	35	15	26	
12	36	1	28	16	17	15	1	0	57	18	47	6	14	11	48	5	18	8	65	19	42	
17	26	4	29	11	16	2	42	18	28	5	72	16	41	15	66	6	22	
5	62	11	18	9	68	7	33	18	24	0	64	3	71	4	55	19	30	14	48	16	56	
10	1	2	37	18	30	8	23	16	73	12	36	14	18	9	60	1	67	6	13	
3	12	12	63	10	67	16	17	14	10	0	25	17	48	15	75	18	33	4	31	7	19	
17	54	18	58	1	41	14	33	5	74	
13	53	5	32	6	56	8	38	17	57	19	31	2	34	
3	50	1	4	15	31	10	29	6	73	16	52	0	42	11	61	9	68	13	28	
17	72	5	47	16	11	15	74	0	71	2	29	18	24	19	7	14	56	
16	8	12	30	6	72	1	15	4	31	13	20	9	21	15	62	7	73	11	48	
5	52	16	12	17	67	10	42	14	56	9	49	
11	46	13	11	15	53	5	39	4	59	8	17	3	41	
0	48	15	47	11	9	16	19	6	37	19	61	12	44	7	50	18	64	13	5	8	27	
15	46	10	47	6	56	16	52	1	28	9	32	2	4	18	48	

All component type numbers for each job to be processed by MFPM
6	17	
6	8	1	3	
0	7	
6	4	
6	12	1	3	2	1	8	6	4	23	
1	14	4	24	0	22	6	21	
1	24	9	18	5	16	
5	19	6	8	2	6	3	24	
2	13	8	11	5	21	
9	21	5	24	8	18	6	16	
3	22	2	5	
8	13	7	23	
4	11	5	8	1	10	2	5	9	7	
3	9	6	7	
2	12	8	20	0	22	
7	25	4	23	3	19	8	3	
9	5	
3	25	7	11	
9	5	3	19	4	2	
7	3	
2	17	
2	12	
1	15	7	22	6	8	9	14	
2	11	0	17	
3	10	2	19	
1	20	8	21	2	15	9	8	7	1	
0	25	
1	14	0	10	
3	24	
6	5	1	6	
3	14	4	2	
5	3	
7	12	
8	22	9	8	1	17	
0	13	5	19	1	10	
3	16	4	13	8	9	2	18	
9	4	3	24	
4	23	9	24	1	12	7	7	
6	25	5	12	
0	25	8	8	7	21	9	20	2	11	
3	17	7	20	
2	13	0	6	9	23	7	25	5	12	
3	24	
7	5	4	20	8	25	3	13	5	1	
0	17	4	24	5	21	
0	3	9	5	5	8	8	18	1	20	
0	5	3	13	4	15	1	9	
3	15	1	16	
8	18	3	11	0	5	6	9	
8	10	9	2	0	11	1	18	4	8	
4	5	1	7	
1	20	5	5	
8	9	1	12	0	4	5	7	
0	25	2	7	
6	17	2	7	
4	21	9	18	
3	20	6	6	8	12	
8	24	1	16	4	7	
5	18	2	7	
0	8	6	19	8	7	1	21	5	17	
3	17	
5	10	1	6	4	21	7	25	
7	18	4	11	
5	2	6	13	0	11	
1	6	
0	15	8	23	2	13	6	7	
7	15	2	2	
3	4	2	1	
0	15	
0	1	4	11	
5	14	1	5	8	10	
3	12	9	13	7	1	8	21	2	6	
2	23	8	12	
6	5	1	1	4	19	3	20	7	2	
9	19	4	16	
1	25	5	17	7	2	
2	17	8	6	6	15	5	11	
0	12	3	6	4	16	7	11	
0	8	
8	7	3	14	5	2	4	19	9	1	
9	7	5	23	3	18	6	4	2	6	
1	17	9	4	4	21	
9	18	0	19	2	11	
5	13	
8	12	1	25	0	16	6	14	
1	16	3	23	
1	2	2	11	8	3	7	8	
0	21	2	14	5	13	9	6	
4	6	9	5	6	9	7	19	
6	16	7	10	3	3	
2	3	5	9	
0	10	5	5	2	7	8	6	
0	3	9	16	7	12	8	4	4	15	
2	12	0	25	
6	4	1	22	5	23	4	16	
0	10	
1	7	6	14	0	6	
5	8	7	4	6	11	1	10	9	24	
1	19	
7	4	0	22	1	25	5	10	
6	18	9	21	8	24	7	2	2	20	
7	11	
1	4	6	9	9	8	2	11	7	17	
2	4	3	22	
0	20	4	16	5	6	8	24	6	13	
3	3	8	9	9	23	7	19	
8	10	
5	3	3	1	
6	20	7	24	2	4	1	12	3	8	
1	15	9	19	6	6	3	10	5	1	
3	20	0	11	6	19	2	3	
5	5	3	16	1	4	
0	13	
3	4	
4	16	6	9	
0	2	
8	7	
6	20	5	16	
7	13	3	6	9	11	1	7	
5	4	
6	6	3	21	0	14	
4	19	3	9	6	10	
4	5	
8	17	3	3	6	7	4	25	
5	3	8	8	1	20	
5	22	8	14	
5	16	9	1	3	4	
1	25	
7	9	4	24	2	6	9	2	8	8	
2	9	7	11	1	12	6	3	
2	5	5	18	
3	24	
9	6	2	11	3	18	8	5	
6	4	0	5	
1	14	4	1	3	15	5	18	6	16	
9	15	8	2	1	25	5	3	
5	14	0	10	
2	7	8	9	7	25	
8	7	6	25	3	8	2	2	4	6	
0	4	5	3	
9	2	5	4	4	16	
8	11	
0	8	6	5	8	17	
8	12	9	8	3	22	
9	9	5	11	
9	24	2	18	4	17	3	6	
5	17	0	22	1	12	3	24	
3	6	5	1	6	14	0	11	8	16	
2	2	5	21	
0	6	
7	8	1	6	3	3	6	5	0	25	
3	9	
4	7	
0	25	7	4	
7	10	3	15	
6	5	0	9	3	7	5	3	
1	24	6	21	7	18	4	17	8	2	
4	1	
8	24	5	16	
2	21	6	25	
1	6	
4	6	
5	5	9	2	2	10	6	15	
1	19	4	11	
7	4	1	14	3	16	5	12	
2	22	6	11	8	21	1	20	
0	16	5	5	9	6	
5	18	4	14	
6	12	2	7	5	4	
0	13	4	15	
5	2	7	9	6	8	9	7	
2	7	5	3	1	10	9	18	
4	9	
3	25	5	20	6	1	8	11	
1	7	5	13	6	20	9	14	
6	7	
2	21	
4	15	8	4	7	9	
0	24	5	2	4	22	3	11	2	13	
8	19	6	14	3	16	
8	2	
1	11	3	3	
1	15	
9	7	2	5	4	20	7	24	
1	20	8	22	5	7	3	11	6	23	
3	1	0	21	5	23	
0	17	
3	1	
3	23	9	24	
9	12	0	11	
5	21	
5	3	
7	5	6	14	4	4	8	2	5	20	
8	5	9	9	7	13	4	20	0	22	
7	8	4	7	
2	4	4	2	5	8	
9	22	
6	24	4	8	7	14	
5	21	4	11	2	14	0	25	7	16	
6	20	5	18	9	23	0	25	

Three processing times per job on each machine
The best scenario
106	90	
115	135	
84	181	
30	12	
81	234	
91	91	
16	11	
213	171	
99	122	
103	143	
212	187	
253	295	
150	105	
276	125	
57	69	
24	46	
343	74	
79	161	
84	82	
288	450	
224	63	
155	200	
299	223	
194	432	
313	359	
126	45	
279	101	
122	208	
119	141	
225	156	
146	264	
76	42	
34	17	
244	354	
111	55	
250	283	
89	145	
278	135	
67	87	
40	54	
428	357	
293	156	
368	179	
70	48	
156	83	
250	200	
29	28	
161	139	
72	67	
375	142	
48	30	
19	58	
194	434	
36	43	
57	180	
58	42	
240	114	
80	57	
247	169	
65	117	
120	89	
221	186	
95	75	
177	316	
204	117	
69	229	
86	58	
30	25	
29	36	
226	120	
206	225	
183	348	
197	80	
247	122	
257	243	
423	101	
77	49	
37	76	
88	139	
151	99	
70	108	
259	102	
140	96	
34	23	
63	52	
196	173	
61	76	
178	129	
82	39	
421	232	
191	67	
95	375	
46	14	
137	189	
119	92	
45	21	
127	152	
143	114	
244	116	
46	58	
55	237	
254	94	
156	66	
51	26	
485	240	
181	282	
101	193	
101	98	
93	287	
367	213	
178	236	
127	157	
343	168	
420	419	
46	153	
54	26	
210	175	
66	43	
186	209	
110	232	
86	163	
255	124	
50	20	
51	14	
256	145	
173	170	
115	47	
175	131	
36	154	
22	20	
200	242	
129	169	
97	342	
120	238	
56	40	
73	76	
46	32	
341	215	
366	229	
16	64	
303	225	
35	43	
79	95	
78	153	
152	168	
184	52	
45	46	
67	42	
208	238	
359	415	
187	164	
239	72	
152	133	
285	191	
142	202	
80	70	
191	138	
354	80	
339	279	
246	195	
56	133	
67	61	
34	57	
70	121	
204	249	
195	220	
159	213	
262	378	
178	190	
221	204	
86	133	
114	172	
59	102	
63	60	
226	135	
144	118	
42	26	
34	79	
313	244	
89	341	
199	230	
391	129	
39	110	
31	41	
192	98	
59	32	
344	199	
33	68	
45	65	
211	215	
101	84	
148	305	
233	132	
36	97	
188	167	
311	298	
281	125	
357	422	
149	94	
304	68	
Most likely scenario
112	102	
136	141	
168	207	
47	22	
133	292	
121	174	
20	20	
238	265	
137	146	
127	231	
350	260	
325	343	
253	125	
285	158	
68	129	
41	78	
477	127	
95	240	
109	138	
531	466	
238	123	
211	237	
373	304	
213	460	
448	398	
148	81	
494	137	
169	386	
160	259	
378	262	
277	265	
85	50	
45	21	
254	357	
157	103	
425	309	
176	157	
486	231	
104	156	
41	58	
456	439	
315	263	
452	284	
82	86	
288	120	
312	239	
33	42	
307	228	
127	73	
402	184	
49	31	
37	68	
233	458	
72	50	
91	216	
88	48	
300	182	
99	102	
334	329	
104	158	
128	147	
241	261	
98	127	
188	319	
225	169	
132	258	
135	81	
51	42	
30	38	
249	236	
303	292	
294	418	
268	109	
251	239	
477	355	
437	146	
103	54	
74	92	
127	256	
164	117	
74	123	
378	137	
215	115	
42	46	
87	90	
199	292	
89	85	
244	227	
104	59	
490	439	
241	105	
143	424	
73	23	
253	222	
142	146	
59	24	
178	230	
188	214	
261	140	
59	65	
106	378	
362	116	
168	91	
53	34	
544	320	
207	288	
104	250	
197	143	
131	373	
507	301	
219	290	
238	213	
533	199	
438	500	
47	166	
86	37	
400	321	
116	59	
218	339	
151	273	
142	278	
279	196	
74	28	
57	25	
279	224	
248	171	
117	93	
177	223	
70	179	
43	22	
305	368	
215	179	
185	350	
121	286	
109	59	
111	129	
83	63	
496	243	
401	347	
23	83	
342	296	
49	56	
128	153	
148	166	
156	175	
255	97	
80	63	
73	71	
305	253	
403	456	
198	201	
282	83	
202	134	
383	241	
162	236	
121	134	
322	273	
362	149	
356	413	
286	273	
88	219	
112	113	
60	67	
109	163	
236	323	
302	276	
164	267	
398	395	
279	205	
308	302	
121	185	
197	264	
104	199	
126	111	
335	168	
150	200	
62	30	
62	88	
332	305	
121	444	
244	328	
492	212	
63	120	
49	63	
330	166	
73	37	
416	254	
58	89	
46	81	
324	220	
115	106	
153	438	
236	147	
41	102	
192	250	
393	398	
398	147	
417	508	
150	177	
332	136	
The worst scenario
163	116	
189	198	
201	278	
66	24	
140	422	
149	219	
23	25	
327	297	
197	148	
143	326	
402	341	
337	421	
297	170	
379	237	
71	184	
51	89	
631	155	
105	277	
147	196	
722	699	
288	144	
236	252	
505	446	
238	489	
449	485	
220	116	
723	171	
176	522	
203	352	
528	290	
379	270	
127	60	
63	29	
257	428	
217	152	
462	414	
256	206	
497	278	
137	188	
50	62	
587	461	
390	362	
585	303	
123	118	
423	170	
323	333	
43	63	
425	253	
155	108	
506	188	
64	39	
53	96	
267	480	
107	72	
98	224	
118	71	
342	189	
126	132	
473	421	
138	176	
133	177	
306	279	
107	142	
239	330	
262	199	
183	355	
176	105	
57	59	
33	39	
268	252	
402	342	
299	433	
288	161	
280	307	
655	386	
606	197	
105	79	
96	110	
176	338	
201	160	
81	131	
527	154	
257	126	
60	63	
130	109	
233	399	
106	113	
246	248	
127	78	
530	584	
335	143	
159	512	
88	31	
348	223	
158	202	
82	26	
225	284	
270	312	
335	210	
76	67	
155	559	
433	119	
238	119	
67	42	
672	446	
232	321	
142	338	
255	185	
173	401	
669	441	
277	394	
276	221	
702	210	
587	748	
68	212	
122	47	
437	367	
126	76	
304	376	
222	326	
183	377	
306	252	
84	33	
73	35	
381	307	
338	228	
133	131	
243	331	
77	223	
58	23	
338	401	
254	230	
237	454	
123	412	
153	74	
145	192	
98	79	
731	342	
598	360	
25	94	
469	386	
71	77	
133	199	
213	221	
228	177	
272	143	
86	85	
102	102	
411	260	
495	620	
228	279	
309	91	
287	186	
474	312	
190	259	
151	157	
474	392	
402	159	
387	607	
390	317	
103	318	
156	152	
76	74	
148	191	
274	481	
352	292	
169	302	
402	434	
381	252	
393	350	
157	246	
292	344	
127	231	
151	165	
364	196	
225	250	
64	38	
77	110	
362	353	
157	454	
351	416	
717	264	
65	152	
68	64	
485	196	
86	42	
458	278	
73	128	
69	120	
326	273	
166	126	
166	551	
297	209	
47	124	
240	322	
498	504	
519	214	
588	732	
202	212	
405	161	
