Factories	4	Jobs	50	Machines	3

Total number of component types per job processed by HSPM
6	7	5	9	6	6	10	10	5	5	10	8	12	9	12	12	12	9	9	10	7	11	9	6	8	8	11	9	5	5	12	12	12	11	10	12	12	10	9	7	5	10	6	6	11	10	10	11	7	12	

Total number of component types per job processed by MFPM
4	4	5	3	3	1	5	3	3	3	1	1	3	3	4	5	2	1	3	1	5	4	4	4	2	1	4	3	2	2	2	5	4	2	3	2	4	4	5	2	5	4	5	1	1	2	3	4	2	3	4	5	1	3	2	1	2	4	1	5	4	3	2	2	2	3	1	5	4	3	4	3	1	2	3	2	3	5	3	2	4	5	3	5	2	4	3	1	1	3	2	5	3	2	4	4	2	1	4	2	

All component type numbers for each job to be processed by HSPM
18	9	11	10	0	37	14	68	17	73	19	5	
17	75	7	26	15	57	5	45	0	49	11	32	19	67	
3	1	18	8	9	5	0	18	13	58	
19	70	14	67	15	18	4	54	13	44	10	6	2	57	8	19	12	58	
14	5	5	62	16	1	3	50	9	7	1	71	
13	7	17	57	8	35	11	4	1	22	0	61	
12	60	5	35	17	20	8	3	16	19	1	38	19	24	11	1	7	4	15	53	
10	9	17	64	5	11	13	25	15	56	8	65	0	23	9	71	12	60	11	72	
11	30	12	49	1	39	15	40	14	68	
3	11	15	29	12	1	18	43	9	42	
0	39	12	69	16	46	13	33	10	59	18	71	14	61	15	23	7	62	2	65	
12	8	6	1	17	48	7	63	5	20	3	13	8	18	19	61	
10	3	0	55	5	39	4	49	18	22	6	27	2	56	11	6	12	18	8	11	15	25	1	44	
2	39	9	41	8	62	1	37	5	66	6	4	16	42	14	34	10	58	
3	25	1	73	15	40	5	55	16	75	18	18	6	38	13	46	7	50	14	59	10	31	0	21	
12	29	8	50	18	56	13	40	4	3	16	69	3	10	1	72	7	18	0	24	5	16	11	52	
10	18	1	73	8	4	7	32	4	42	2	1	9	65	3	64	12	27	14	22	19	49	0	16	
10	53	5	2	13	45	2	68	16	24	1	10	4	11	15	23	6	66	
4	70	8	25	2	31	17	72	18	55	19	56	1	34	7	75	3	1	
17	62	4	64	9	31	2	51	7	69	8	3	3	56	14	9	12	63	10	67	
10	41	4	54	17	34	12	29	6	42	14	32	11	58	
13	44	0	75	17	41	8	71	7	66	5	55	6	72	18	40	2	10	4	60	14	15	
15	44	3	3	13	56	2	42	18	51	14	47	10	73	12	9	8	72	
14	50	19	51	16	20	0	60	1	46	6	39	
17	54	13	45	6	14	11	66	3	20	8	62	16	56	5	43	
11	44	6	74	16	19	2	72	9	62	12	53	17	61	5	3	
12	2	2	66	4	6	11	55	14	74	0	8	5	75	18	35	9	49	19	21	1	18	
7	45	8	55	2	70	9	36	12	46	4	38	17	42	11	51	18	6	
12	9	7	4	10	61	3	63	6	1	
15	45	16	53	13	28	8	31	1	20	
1	34	18	54	8	70	7	38	14	15	13	35	2	24	4	42	0	67	6	17	17	37	5	9	
3	21	9	20	0	41	14	5	19	14	16	50	8	37	10	7	13	64	15	52	2	66	6	55	
13	47	12	53	5	34	14	74	6	60	16	23	18	30	3	25	0	27	15	35	9	36	2	66	
13	4	4	34	12	2	3	53	10	30	2	49	9	74	18	64	15	29	17	26	6	3	
2	23	0	48	4	52	7	21	13	39	10	70	6	5	3	73	11	35	9	4	
9	73	18	67	17	20	19	1	2	74	7	3	4	66	5	48	14	2	16	51	6	58	3	60	
18	57	16	32	0	29	13	20	17	46	14	54	8	64	5	14	10	61	3	10	12	27	4	38	
15	41	16	67	8	59	10	73	9	35	6	58	12	75	0	2	18	48	19	11	
18	61	10	35	15	58	6	40	13	15	12	39	5	33	9	36	16	10	
8	45	13	70	2	65	16	58	17	64	0	41	3	48	
16	19	14	55	6	31	18	20	17	3	
4	46	19	12	14	64	7	58	6	48	3	29	5	28	2	60	10	20	0	2	
19	21	13	54	17	8	14	28	15	63	4	58	
15	56	10	59	4	21	3	22	1	50	18	24	
2	32	6	39	8	72	9	25	0	28	5	23	3	66	7	2	10	68	18	37	4	44	
10	54	8	17	2	11	15	32	7	2	9	8	19	23	0	31	18	65	1	12	
19	8	1	25	3	19	18	65	7	66	2	15	9	4	12	37	6	7	5	57	
16	15	15	27	6	18	5	19	9	10	1	33	12	63	11	39	18	67	14	70	2	1	
3	50	15	42	16	35	2	13	6	25	12	56	9	40	
14	49	9	66	10	68	17	11	0	38	4	29	7	6	5	10	16	44	11	36	2	65	15	50	

All component type numbers for each job to be processed by MFPM
7	22	3	19	6	3	9	12	
3	42	2	45	9	43	0	40	
0	3	2	16	3	1	6	24	9	12	
1	26	6	30	7	48	
5	12	2	19	7	25	
5	47	
9	6	8	23	0	24	3	9	2	3	
2	36	5	32	3	47	
7	3	2	10	0	11	
5	42	3	43	4	30	
6	4	
1	32	
3	17	4	12	9	11	
2	34	5	47	0	35	
7	10	8	15	9	2	4	19	
1	42	8	32	5	30	2	36	9	48	
9	5	6	18	
7	44	
1	16	5	22	6	13	
6	39	
6	12	1	17	4	1	3	19	7	4	
8	28	3	41	7	30	2	27	
2	18	3	6	7	5	1	22	
6	32	0	48	4	35	5	46	
4	4	9	14	
1	38	
4	14	6	8	1	9	9	6	
1	39	0	26	3	44	
0	1	6	22	
3	43	5	46	
1	5	9	23	
2	44	7	46	3	40	0	50	4	29	
5	20	4	24	2	8	3	13	
5	31	1	33	
7	13	5	12	0	4	
9	35	0	41	
2	16	8	13	1	2	3	12	
7	40	1	28	8	37	4	46	
5	9	7	12	9	18	8	22	4	5	
0	30	4	41	
0	14	4	23	9	7	8	4	2	19	
4	26	6	44	1	50	0	47	
1	12	3	13	9	5	0	3	6	15	
6	43	
3	22	
3	34	4	44	
3	12	4	7	9	25	
6	34	3	45	1	37	9	50	
5	12	4	17	
5	48	3	27	0	39	
3	18	7	15	8	13	2	10	
0	37	9	27	3	40	5	47	4	42	
5	20	
7	40	0	35	2	41	
6	6	7	10	
9	33	
8	14	2	23	
9	50	0	26	7	43	8	33	
8	11	
3	49	5	34	7	35	0	29	8	50	
2	9	4	13	7	1	3	23	
8	31	6	36	0	44	
5	1	9	16	
1	48	4	35	
6	24	2	21	
5	39	4	40	8	42	
5	22	
7	32	2	34	3	31	0	45	5	47	
8	16	3	23	1	14	4	10	
3	39	5	50	8	37	
9	22	7	23	1	12	2	7	
0	30	7	48	2	26	
1	5	
3	32	5	35	
1	8	7	22	5	16	
2	50	3	41	
8	20	6	12	2	15	
6	44	3	49	1	26	2	31	8	37	
9	17	8	20	3	19	
7	45	9	29	
6	21	5	10	3	13	8	18	
3	38	8	30	1	42	7	44	6	46	
8	5	2	22	0	23	
3	44	9	50	5	35	8	28	1	40	
0	10	9	2	
2	39	5	36	0	40	3	50	
8	23	9	6	2	24	
6	41	
4	16	
8	29	0	38	3	50	
9	15	5	1	
7	27	2	39	5	40	0	37	1	45	
8	10	3	23	7	22	
2	44	6	50	
6	19	3	15	9	13	8	22	
4	37	5	28	7	33	2	41	
1	19	2	1	
5	36	
9	21	1	1	6	4	3	7	
1	49	9	48	

Three processing times per job on each machine
The best scenario
554	275	519	
258	754	508	
249	282	333	
898	435	603	
85	132	150	
624	734	604	
314	398	416	
216	293	621	
475	462	304	
282	398	442	
811	620	725	
241	475	488	
1290	433	1190	
588	561	846	
553	566	516	
1004	473	806	
393	555	460	
723	766	676	
83	51	169	
503	324	332	
77	143	176	
304	269	326	
802	655	824	
343	401	401	
173	321	92	
157	266	279	
330	200	387	
568	395	169	
422	237	573	
283	160	144	
355	348	314	
298	463	298	
518	295	328	
121	86	75	
326	599	332	
252	110	485	
280	886	498	
195	653	444	
637	280	582	
355	222	112	
61	123	142	
284	192	231	
117	204	200	
145	239	202	
742	1031	457	
482	560	442	
447	373	648	
110	154	152	
171	173	146	
110	131	231	
Most likely scenario
894	548	546	
282	765	713	
315	449	350	
945	581	979	
135	139	295	
916	1363	857	
455	454	685	
235	429	674	
579	802	454	
435	548	495	
1013	894	816	
381	908	967	
1424	703	1209	
675	593	1027	
892	625	726	
1064	503	942	
493	610	520	
1129	897	982	
165	85	243	
668	354	649	
140	185	224	
556	506	486	
1053	731	1242	
378	458	717	
214	349	125	
227	272	369	
361	294	470	
656	639	315	
645	472	589	
450	174	205	
504	411	437	
308	587	343	
1008	515	474	
147	103	123	
330	763	398	
345	220	514	
400	1416	732	
309	714	518	
670	542	648	
466	373	154	
111	166	155	
414	319	420	
204	301	207	
195	303	381	
774	1114	509	
840	685	877	
706	449	885	
199	286	189	
201	220	157	
180	158	282	
The worst scenario
994	650	780	
379	783	821	
342	462	451	
1315	704	1231	
139	167	296	
976	1909	1195	
494	670	907	
291	579	714	
622	1046	638	
617	807	654	
1406	1016	1059	
555	1095	1241	
1695	739	1668	
854	888	1145	
1248	719	865	
1555	639	1254	
547	892	535	
1623	1050	997	
200	127	287	
920	423	698	
188	251	232	
799	686	535	
1484	926	1531	
441	557	912	
298	382	145	
339	320	523	
424	332	658	
812	753	400	
718	624	715	
611	230	240	
621	461	500	
315	836	481	
1366	610	696	
159	137	141	
438	860	525	
495	300	660	
572	1427	821	
419	740	763	
984	588	684	
662	451	216	
120	248	184	
485	392	485	
275	360	263	
248	338	480	
796	1472	547	
1079	723	1176	
1018	573	1149	
223	391	282	
267	267	177	
242	165	339	
