Factories	2	Jobs	50	Machines	2

Total number of component types per job processed by HSPM
11	8	7	5	5	12	7	8	8	7	8	10	5	10	12	12	11	12	10	9	9	8	12	9	9	8	12	12	5	9	10	10	6	6	9	8	11	10	11	6	7	8	10	7	6	5	9	8	9	8	

Total number of component types per job processed by MFPM
5	4	3	3	3	2	5	5	3	3	4	2	1	3	1	5	1	5	1	2	2	4	2	1	2	3	3	4	5	4	5	3	3	1	4	4	2	2	4	2	1	2	3	3	4	5	5	4	5	2	

All component type numbers for each job to be processed by HSPM
16	42	4	16	13	71	18	48	10	39	9	70	19	41	15	24	7	22	1	23	14	25	
11	54	15	55	18	11	9	27	1	45	6	30	8	33	7	47	
8	27	13	50	15	14	11	44	7	55	5	51	19	24	
14	21	19	65	4	26	12	15	6	68	
0	2	1	41	14	59	9	3	15	15	
11	19	7	65	8	3	18	4	13	17	9	21	14	8	2	68	19	35	10	63	15	2	6	44	
8	61	7	13	19	48	16	45	18	31	3	8	5	30	
12	68	7	19	14	72	4	40	0	11	10	50	18	69	2	17	
12	17	4	12	11	66	7	39	10	18	16	13	2	61	19	51	
12	39	7	46	11	47	19	29	0	28	3	16	1	56	
15	30	10	34	9	36	11	61	12	2	19	45	16	72	17	63	
14	68	3	37	11	41	10	32	0	48	6	14	4	69	13	27	7	4	19	53	
5	22	3	59	6	15	14	50	11	64	
13	66	1	3	6	31	18	75	4	23	12	71	16	43	9	36	11	22	5	5	
1	49	13	66	9	14	8	19	14	11	2	4	0	43	7	72	15	24	3	21	10	38	5	61	
8	8	3	6	1	15	13	70	7	29	0	34	11	3	16	56	10	7	17	26	5	44	2	64	
19	37	10	46	14	31	2	50	18	26	1	7	16	23	3	27	11	34	5	54	17	40	
17	21	5	53	6	8	15	43	2	52	8	48	12	18	13	33	7	75	16	38	18	24	4	63	
9	27	15	38	14	34	17	52	12	8	6	47	2	6	3	48	16	57	18	59	
7	19	17	9	2	52	8	61	9	35	0	34	18	64	3	48	10	75	
10	24	15	42	18	21	1	19	4	10	7	57	5	2	2	18	12	48	
14	61	16	5	19	59	17	55	13	71	11	24	15	46	8	54	
15	46	12	4	6	38	5	27	10	59	11	35	18	9	14	40	7	11	4	5	1	13	17	61	
0	37	5	56	1	4	19	33	12	16	10	18	16	58	3	8	14	11	
8	61	16	25	6	60	11	45	14	48	7	38	3	13	4	59	9	19	
14	20	13	10	17	48	3	61	7	71	19	37	10	18	4	69	
7	75	0	17	17	25	2	32	13	61	8	35	5	26	3	16	12	72	15	57	14	39	9	53	
12	39	19	16	15	20	4	52	6	73	17	49	7	64	16	7	10	58	9	74	2	10	8	36	
2	36	17	6	5	66	7	14	18	59	
5	75	8	21	16	64	4	3	13	4	15	29	17	44	7	60	18	51	
1	37	9	23	18	36	17	57	8	71	3	2	14	54	2	25	5	38	16	9	
11	40	12	23	15	9	16	61	5	56	18	25	13	33	1	6	19	4	14	35	
14	54	10	30	16	33	17	34	0	46	19	36	
5	73	14	41	1	48	2	75	16	52	7	24	
19	9	17	46	8	19	12	27	7	1	10	47	18	66	3	20	16	62	
7	4	18	27	2	20	9	18	3	21	13	56	15	39	11	41	
11	15	3	44	13	36	7	56	12	29	10	18	2	9	0	45	16	55	5	50	18	65	
2	34	9	51	19	44	14	31	5	56	3	33	17	66	1	10	8	16	13	46	
18	7	7	11	2	38	14	6	0	73	13	55	4	44	15	4	11	53	8	71	1	26	
3	3	14	68	18	12	15	67	10	59	5	70	
14	16	5	50	19	74	6	58	7	38	12	51	17	27	
16	40	19	31	4	73	12	48	8	50	10	51	5	28	2	15	
9	58	7	50	19	75	3	25	2	36	10	49	4	64	0	57	1	11	14	6	
15	32	13	18	9	5	16	60	2	58	7	63	8	47	
8	38	1	52	7	19	6	69	5	33	13	20	
0	31	13	7	17	12	1	36	19	29	
4	27	13	10	5	11	1	48	10	72	12	15	9	7	14	8	3	43	
5	39	14	25	10	27	12	60	11	43	1	10	2	8	17	54	
19	71	17	66	4	32	1	15	8	14	18	51	7	9	14	37	10	54	
19	26	13	42	14	4	9	11	16	72	15	22	10	29	4	20	

All component type numbers for each job to be processed by MFPM
5	4	0	22	9	12	8	10	4	2	
1	21	0	24	7	2	6	19	
7	15	6	5	2	14	
3	8	2	7	5	13	
1	7	9	25	5	16	
2	15	7	4	
4	19	0	24	7	7	9	9	2	18	
3	6	5	15	0	4	8	8	7	23	
4	6	2	14	9	19	
7	24	0	4	6	18	
9	7	7	1	0	10	1	16	
6	9	8	24	
0	12	
3	24	5	19	0	17	
1	12	
4	16	9	15	6	6	5	14	1	7	
7	22	
4	15	9	9	8	2	1	19	6	18	
4	6	
0	20	5	3	
6	5	7	1	
2	2	6	3	0	18	1	14	
8	14	4	3	
8	8	
1	15	0	9	
1	1	0	6	9	4	
3	19	2	16	1	2	
1	4	2	19	6	20	5	25	
8	9	7	6	9	13	1	21	6	2	
8	21	7	23	6	5	1	19	
3	14	1	1	0	23	6	4	9	18	
3	6	5	25	0	11	
5	5	9	12	4	8	
0	25	
4	13	8	21	5	25	7	15	
8	5	6	18	4	8	0	7	
2	3	8	18	
1	23	7	6	
3	18	6	16	2	6	4	20	
0	15	2	5	
3	4	
4	3	6	12	
6	9	8	18	4	20	
4	3	8	4	3	17	
9	9	8	2	6	8	4	11	
0	25	3	22	8	20	4	5	5	18	
7	14	2	1	5	17	8	25	1	8	
1	14	3	25	9	4	0	10	
5	15	7	3	6	4	4	13	8	20	
3	22	2	4	

Three processing times per job on each machine
The best scenario
613	758	
338	336	
97	211	
1141	824	
447	628	
140	468	
260	622	
1033	1060	
347	390	
541	526	
180	653	
749	622	
518	610	
132	209	
142	169	
609	796	
796	336	
1132	294	
72	97	
423	906	
340	541	
194	405	
611	236	
210	729	
156	469	
223	184	
422	439	
229	125	
112	57	
71	69	
297	859	
477	497	
249	429	
359	408	
439	338	
659	647	
1142	649	
450	1053	
488	217	
75	166	
416	287	
550	311	
150	100	
1311	389	
414	355	
569	1162	
873	374	
652	353	
241	382	
428	630	
Most likely scenario
770	765	
409	551	
194	251	
1358	1385	
615	825	
269	609	
459	971	
1063	1247	
557	469	
920	842	
331	671	
914	793	
920	758	
195	245	
199	217	
821	910	
832	362	
1370	564	
121	109	
772	1185	
443	649	
247	714	
956	308	
408	859	
291	722	
233	219	
461	850	
346	164	
168	87	
91	91	
420	896	
660	822	
263	680	
689	790	
705	661	
981	1215	
1162	789	
522	1410	
652	423	
82	195	
636	361	
837	580	
212	128	
1370	753	
610	465	
696	1372	
1336	457	
701	633	
345	505	
552	709	
The worst scenario
1087	974	
610	696	
206	293	
1531	1837	
649	1004	
336	731	
566	1115	
1559	1260	
686	661	
1034	1024	
372	936	
1264	1157	
1204	1006	
235	299	
206	239	
1014	1341	
1174	464	
1714	732	
137	115	
819	1771	
479	676	
347	851	
1347	320	
435	1285	
411	946	
273	312	
590	918	
499	206	
226	128	
116	97	
531	1205	
918	863	
343	752	
706	796	
824	868	
1154	1703	
1419	885	
587	2053	
803	501	
84	209	
699	392	
900	797	
312	131	
1776	1052	
793	653	
844	1885	
1536	659	
716	754	
487	724	
667	901	
