Factories	7	Jobs	50	Machines	3

Total number of component types per job processed by HSPM
9	10	5	5	6	5	8	6	10	10	7	9	5	5	11	7	12	5	12	9	6	12	6	8	10	8	12	9	7	10	9	10	11	5	5	6	8	9	12	7	12	8	6	5	8	8	10	9	11	11	

Total number of component types per job processed by MFPM
5	3	5	4	4	4	2	1	1	4	4	2	2	2	3	2	1	3	3	1	4	4	1	1	5	3	1	1	3	2	3	4	3	3	4	1	4	3	5	3	2	3	4	3	2	3	3	4	3	2	3	1	5	1	1	1	3	1	5	4	4	1	3	4	3	2	5	4	3	2	3	2	5	3	1	4	1	2	3	5	1	5	3	2	4	5	1	1	4	5	5	2	1	2	2	1	3	4	4	4	

All component type numbers for each job to be processed by HSPM
7	39	2	2	1	38	5	21	15	47	12	53	10	7	8	9	16	27	
19	74	1	73	10	38	8	17	3	21	15	13	14	53	2	62	11	14	13	41	
15	58	17	27	19	11	9	1	2	31	
15	21	0	43	12	32	9	18	10	63	
8	51	15	22	0	37	17	11	2	39	12	60	
12	53	1	33	4	25	6	55	16	14	
16	1	11	47	5	17	15	70	10	9	9	34	3	63	17	69	
9	61	17	24	1	36	7	65	2	50	8	30	
12	6	3	34	13	65	2	17	9	35	4	26	15	44	11	3	7	72	5	23	
10	32	18	13	11	74	14	36	0	52	1	65	16	26	17	1	19	10	3	37	
14	61	2	38	1	69	19	52	13	17	18	30	15	71	
12	6	2	10	16	42	17	13	1	74	13	72	9	66	3	73	11	8	
13	21	9	19	19	68	1	45	6	1	
16	29	17	8	2	63	15	6	3	32	
1	9	2	38	5	2	13	43	18	12	0	3	14	74	8	11	10	47	16	18	17	15	
9	10	19	12	17	20	13	47	3	63	6	15	12	56	
15	17	3	50	14	8	19	65	18	63	8	58	10	1	12	18	11	5	13	29	2	7	0	9	
8	3	5	49	6	36	12	2	17	50	
6	1	15	30	17	38	12	59	9	27	3	46	19	2	14	71	18	18	11	36	5	53	1	72	
15	24	18	21	6	5	10	51	16	6	11	56	17	22	5	1	7	48	
5	42	16	28	14	52	2	11	8	34	13	16	
15	65	16	72	18	53	12	41	10	16	5	27	3	45	2	54	6	48	13	52	9	2	1	47	
14	70	5	50	17	30	16	37	1	21	0	64	
18	37	4	35	7	70	2	41	8	10	17	31	12	38	0	62	
9	37	6	14	8	18	15	34	18	43	5	49	10	40	16	31	3	35	1	52	
8	3	11	19	3	26	18	71	19	33	10	23	1	67	9	7	
17	17	3	6	16	38	11	12	15	26	13	35	18	10	6	28	12	21	4	29	2	34	7	71	
11	52	13	58	7	66	16	8	12	19	10	45	9	69	3	38	19	22	
2	51	6	40	10	62	14	75	5	10	16	18	8	54	
18	18	4	63	17	65	6	62	8	30	3	9	12	1	7	41	0	12	14	22	
1	33	8	25	15	75	12	43	0	53	14	27	19	32	13	4	9	67	
12	8	17	45	16	11	14	9	1	5	8	53	6	59	11	75	5	58	13	71	
16	43	8	73	19	4	9	60	17	69	0	27	12	42	5	68	1	34	18	20	15	24	
1	38	11	46	10	56	18	63	0	28	
17	38	3	29	11	69	7	65	2	63	
12	64	5	28	15	33	13	20	4	48	6	49	
17	36	10	46	16	16	4	45	19	50	13	62	8	67	12	3	
10	15	17	34	16	3	9	30	3	75	8	73	11	67	0	27	6	29	
1	6	2	62	12	15	18	11	8	18	10	53	16	13	11	49	3	73	0	63	7	39	17	48	
2	7	13	9	6	72	10	44	15	39	8	13	11	31	
12	69	11	61	5	6	8	43	9	14	19	24	6	21	14	35	16	12	15	59	4	26	13	50	
11	27	13	74	0	13	8	47	5	51	10	44	2	8	19	58	
18	55	14	42	8	60	16	69	3	26	19	23	
3	15	11	47	5	45	0	67	4	34	
11	54	2	32	6	30	0	43	12	46	13	59	9	2	3	28	
0	71	12	32	2	20	16	29	14	74	6	51	4	57	17	18	
7	73	19	7	2	23	14	58	8	18	12	64	5	21	10	38	15	74	13	29	
8	46	3	22	18	34	6	41	19	18	11	35	9	9	7	30	2	1	
15	56	6	42	12	58	3	7	16	65	13	62	7	46	18	38	2	74	4	44	8	26	
18	70	8	37	9	26	6	2	15	22	14	49	19	56	10	18	0	28	1	9	7	32	

All component type numbers for each job to be processed by MFPM
5	5	9	2	7	9	8	22	4	10	
3	34	0	27	8	26	
0	16	9	2	8	23	6	3	4	21	
3	36	4	45	2	43	5	32	
6	25	3	18	7	5	0	6	
0	30	6	41	5	29	4	49	
6	13	4	2	
3	33	
0	3	
2	46	9	41	8	35	4	47	
9	6	2	1	1	16	6	20	
3	40	6	32	
5	5	4	23	
3	30	5	39	
8	25	0	2	5	23	
2	35	6	29	
2	6	
3	30	6	43	8	28	
2	12	4	3	1	6	
3	38	
1	16	6	18	9	2	2	7	
4	37	8	36	5	26	7	33	
1	9	
7	49	
9	19	3	12	5	8	0	17	7	13	
3	45	4	35	2	29	
8	9	
8	47	
7	19	8	23	9	5	
7	28	3	49	
1	14	3	8	7	13	
0	39	8	32	7	27	1	48	
3	20	1	8	2	17	
7	30	4	33	2	36	
4	9	5	11	3	12	1	5	
1	27	
3	15	0	21	4	13	5	18	
8	31	5	33	7	27	
9	19	0	7	6	25	2	23	7	11	
3	44	6	35	1	27	
9	6	4	9	
2	46	5	41	4	35	
0	25	8	19	6	22	7	8	
1	42	5	37	9	36	
7	25	5	14	
2	49	3	37	8	31	
7	11	4	3	2	18	
8	47	2	31	7	36	4	32	
4	10	2	16	0	11	
0	46	4	26	
0	4	9	2	8	24	
6	45	
6	12	8	7	4	20	3	21	9	6	
0	40	
9	20	
0	34	
9	6	7	3	6	12	
9	31	
9	18	5	24	7	3	1	6	2	17	
9	30	1	44	7	48	3	41	
3	14	5	10	6	5	8	19	
8	35	
5	12	0	8	2	22	
7	29	8	26	6	36	3	50	
1	24	5	8	6	4	
5	50	3	26	
0	7	2	9	4	16	3	2	8	6	
9	37	4	48	5	32	0	47	
3	20	9	10	2	21	
0	38	1	43	
6	9	1	5	2	3	
3	44	2	50	
3	7	0	20	8	25	6	21	2	1	
0	46	9	27	3	26	
7	10	
0	43	4	28	7	31	5	50	
1	14	
9	28	5	46	
2	1	9	7	5	20	
1	48	0	26	3	36	9	37	7	46	
0	17	
4	44	9	26	5	46	3	43	2	38	
7	11	6	5	4	2	
2	44	6	27	
1	10	3	17	0	20	7	22	
3	27	2	38	8	30	6	35	9	42	
1	16	
5	43	
0	20	4	19	2	3	6	18	
8	39	0	41	5	37	7	27	1	33	
9	15	3	11	8	7	1	9	5	1	
6	41	7	28	
2	18	
9	42	8	40	
8	18	9	17	
0	28	
1	6	0	14	4	11	
3	36	5	41	2	46	1	27	
5	23	3	8	9	14	4	15	
9	47	1	35	5	34	8	28	

Three processing times per job on each machine
The best scenario
848	894	966	
767	751	717	
821	318	264	
1273	747	1345	
273	667	353	
499	393	337	
177	255	102	
50	175	47	
240	385	482	
371	597	861	
132	474	251	
220	598	165	
200	92	111	
750	827	457	
617	601	871	
719	178	592	
448	527	204	
140	177	267	
373	319	277	
443	220	235	
424	479	387	
533	335	891	
409	617	773	
220	79	182	
95	120	272	
371	214	350	
588	230	370	
140	110	130	
295	457	309	
155	63	194	
958	926	609	
492	236	328	
380	1018	257	
642	238	535	
852	1014	799	
549	155	287	
432	177	298	
121	127	365	
411	294	360	
652	376	276	
144	240	199	
436	135	367	
210	351	253	
178	318	223	
1061	381	781	
306	576	249	
204	178	301	
382	112	414	
534	207	739	
478	529	359	
Most likely scenario
1020	963	1218	
918	888	1167	
1101	461	370	
1297	796	1380	
279	976	589	
507	541	610	
337	261	179	
68	200	72	
315	564	499	
430	1074	1058	
158	543	285	
406	671	228	
207	154	117	
935	960	820	
806	991	1541	
810	249	661	
519	952	407	
150	339	292	
483	377	458	
491	425	365	
810	510	679	
1041	427	947	
471	802	1066	
273	135	281	
140	179	308	
545	425	546	
591	389	471	
177	154	193	
402	692	403	
161	124	242	
991	955	780	
583	312	340	
742	1124	425	
1219	375	860	
1491	1152	869	
735	234	332	
579	199	493	
213	213	621	
791	392	420	
776	611	374	
190	317	312	
643	207	563	
263	622	269	
313	431	420	
1163	613	1320	
334	716	461	
295	192	311	
422	160	483	
808	328	780	
627	559	500	
The worst scenario
1374	1164	1595	
1171	1308	1567	
1270	514	430	
1710	975	1590	
362	1196	847	
682	578	696	
362	385	228	
85	253	83	
333	809	691	
641	1581	1222	
229	556	385	
500	745	283	
214	223	158	
1196	1317	972	
1019	1117	1835	
1052	300	948	
773	1224	492	
160	380	369	
649	516	522	
728	584	439	
933	762	943	
1369	468	987	
668	969	1343	
343	167	418	
178	244	350	
669	619	647	
851	449	498	
204	199	215	
488	867	545	
170	157	335	
1372	1407	903	
843	355	396	
1024	1448	556	
1336	462	1237	
1644	1560	1209	
1009	251	333	
715	293	555	
319	266	898	
1077	501	448	
1033	612	388	
207	319	466	
780	302	806	
358	787	397	
323	578	553	
1411	756	1596	
463	784	577	
425	213	391	
473	235	699	
977	467	1097	
840	756	667	
