Factories	5	Jobs	100	Machines	2

Total number of component types per job processed by HSPM
11	9	6	11	5	12	10	7	11	11	7	8	7	12	5	9	10	5	7	12	8	10	9	8	10	8	12	12	11	11	8	5	8	5	10	6	10	8	6	8	6	6	7	7	6	7	12	8	9	11	5	8	9	8	7	7	12	6	11	5	5	9	6	11	11	7	5	5	10	11	7	6	8	9	7	12	11	11	10	6	10	11	6	12	9	9	12	6	9	8	7	8	7	12	5	12	12	7	6	8	

Total number of component types per job processed by MFPM
2	1	5	4	5	2	3	2	2	1	2	4	2	1	4	2	2	1	1	5	2	5	3	4	2	2	4	2	2	1	3	3	2	2	2	2	5	4	1	5	4	4	3	1	2	4	4	3	1	4	2	2	2	1	4	2	4	4	2	3	4	3	3	2	5	4	5	4	4	3	2	3	3	2	3	4	5	1	2	1	1	3	1	2	5	1	4	2	4	1	4	2	2	5	2	1	3	2	4	1	

All component type numbers for each job to be processed by HSPM
8	48	9	6	12	19	14	36	16	69	2	27	15	41	3	30	1	65	13	15	7	74	
4	42	8	47	9	24	17	35	0	43	10	30	5	72	6	31	18	63	
11	7	6	68	12	32	8	41	4	48	10	69	
0	26	1	38	6	50	15	42	12	20	10	68	16	37	7	54	2	59	5	73	13	72	
16	71	1	31	19	62	8	14	14	70	
18	18	3	29	2	50	9	64	12	19	17	47	5	36	14	28	1	34	7	54	15	15	19	67	
0	29	13	52	8	66	1	67	15	25	3	43	12	68	11	34	7	2	14	3	
19	40	18	48	13	41	0	46	3	62	17	12	16	10	
12	56	10	4	14	65	7	11	0	52	1	19	5	51	8	63	6	73	15	47	13	57	
12	71	2	1	7	50	4	25	13	40	10	26	0	27	9	20	18	49	3	2	14	43	
19	16	11	60	12	62	10	18	1	51	7	6	13	8	
9	61	18	21	1	40	14	39	2	34	4	33	12	38	15	45	
2	64	3	26	15	55	14	11	19	22	0	6	18	24	
1	25	10	67	9	16	19	66	3	32	12	44	5	49	2	72	7	62	6	28	15	2	14	34	
16	68	10	70	15	46	18	16	7	71	
19	61	14	39	13	46	7	44	11	32	4	40	8	33	6	59	0	8	
19	62	11	45	6	3	18	30	1	73	12	53	16	5	10	19	7	36	8	44	
18	3	6	33	4	4	15	50	2	39	
18	70	9	13	6	47	0	50	7	3	12	18	13	51	
7	57	12	18	11	7	14	5	18	28	8	11	2	32	5	72	10	1	13	3	0	59	3	33	
13	52	8	71	9	23	5	69	18	74	0	19	10	27	15	37	
0	13	8	12	12	47	1	32	9	37	6	43	15	30	16	36	18	21	11	10	
6	63	15	40	14	23	11	49	0	51	18	14	9	66	13	5	16	25	
8	53	6	50	14	5	15	52	0	74	11	27	2	6	13	55	
13	14	9	27	11	21	16	63	10	39	1	1	12	46	7	41	4	52	18	7	
11	50	8	38	3	72	19	68	15	61	9	42	17	25	16	52	
13	44	7	28	15	34	2	15	19	53	18	49	4	62	9	70	10	41	16	6	17	13	12	18	
12	16	16	54	13	8	9	73	17	4	3	19	1	59	18	61	2	39	5	62	15	20	8	1	
0	73	10	13	9	14	7	68	8	21	12	49	17	70	6	75	4	59	15	24	2	50	
12	10	6	44	16	26	5	65	15	18	19	66	2	28	14	24	1	34	13	53	17	19	
2	42	15	43	7	47	9	36	10	64	3	13	12	23	5	17	
5	34	9	24	2	46	8	35	3	18	
17	24	3	47	4	34	1	38	9	60	0	57	19	40	5	70	
5	61	8	21	15	54	14	55	11	66	
11	69	19	64	1	73	17	33	2	18	6	46	7	5	15	54	10	11	4	48	
13	9	17	55	14	49	19	27	6	74	0	36	
4	11	8	37	16	73	9	41	19	7	7	46	1	54	13	27	17	12	2	56	
4	67	7	16	5	75	9	3	10	66	15	46	19	54	0	47	
19	10	10	54	17	61	16	42	4	23	15	14	
9	14	5	12	11	20	18	46	7	21	2	71	6	30	16	58	
11	44	12	62	18	15	19	8	4	52	16	29	
11	38	14	37	8	32	9	52	16	71	6	75	
7	40	11	56	18	71	19	34	10	64	1	42	13	12	
9	75	3	41	15	23	6	5	14	4	19	43	17	71	
4	11	14	31	8	65	17	39	11	73	7	40	
18	8	9	15	1	65	12	44	10	5	16	4	5	6	
13	16	15	37	3	13	1	33	8	29	7	58	9	57	19	32	6	15	17	73	11	20	2	25	
19	24	17	75	7	19	10	7	4	64	11	53	6	31	0	27	
4	5	19	54	12	12	14	1	13	7	3	41	10	55	5	42	6	58	
19	59	11	34	5	23	6	37	1	46	0	68	4	9	18	63	9	43	7	35	8	39	
9	50	3	44	2	42	4	17	14	66	
3	64	11	10	19	55	4	24	6	39	15	62	0	43	5	51	
1	68	13	31	16	16	6	15	12	70	19	19	4	71	0	34	7	10	
7	62	0	21	11	61	1	55	19	53	13	13	12	27	8	10	
15	73	10	5	14	63	1	66	11	7	16	10	13	16	
19	63	13	18	17	25	11	66	4	44	3	53	14	35	
12	14	1	10	2	15	19	4	11	17	10	16	3	6	14	31	13	70	17	48	8	26	5	67	
10	64	11	37	18	24	0	58	13	26	12	75	
16	25	6	64	0	50	19	29	18	18	14	22	1	34	12	70	17	58	5	54	11	37	
0	17	9	57	14	31	13	34	19	68	
4	31	16	14	3	12	11	56	7	22	
17	36	16	48	14	49	0	9	13	15	3	53	10	27	2	61	18	7	
16	65	14	50	7	7	18	10	8	56	12	40	
5	10	18	19	17	52	7	24	3	46	1	64	8	18	4	75	6	50	11	51	10	68	
9	16	17	15	4	43	13	57	1	44	12	47	18	46	7	22	10	56	0	11	6	17	
8	75	1	11	18	45	9	51	5	8	16	60	11	9	
3	42	5	29	15	17	14	43	17	23	
14	45	2	26	10	34	13	68	16	58	
0	20	15	2	2	51	6	27	16	19	11	8	17	9	1	44	12	54	4	36	
9	6	18	34	16	18	7	41	10	39	19	43	0	11	11	56	2	74	4	17	1	15	
0	46	5	37	15	69	4	8	10	17	3	6	12	75	
10	58	5	73	15	14	2	23	13	34	16	51	
8	43	1	60	12	28	2	4	16	52	13	25	6	51	5	71	
2	35	4	66	0	67	10	19	1	51	11	42	12	72	16	1	18	68	
0	66	16	39	6	18	7	65	17	34	13	12	19	40	
5	46	13	72	10	37	9	40	8	4	11	31	19	51	17	75	15	35	0	33	7	54	16	62	
2	7	8	56	14	31	12	62	15	53	13	58	0	3	10	46	6	43	7	68	9	15	
15	47	6	33	5	31	9	73	16	75	0	10	13	12	1	61	11	65	8	9	7	37	
8	35	5	40	7	44	16	72	6	49	4	37	9	47	19	39	2	7	3	56	
17	67	15	74	19	19	3	61	13	58	8	75	
10	43	13	28	15	75	2	32	18	61	7	25	14	74	16	21	8	15	12	3	
17	70	4	63	19	46	16	7	0	48	10	66	14	25	15	13	6	5	8	38	18	12	
13	58	11	35	10	64	2	44	7	42	18	71	
13	17	2	25	5	44	11	38	19	50	8	73	9	19	10	47	7	28	6	70	12	62	15	4	
6	50	17	4	11	19	14	34	9	7	5	21	4	9	10	20	16	59	
7	24	2	34	18	72	0	64	10	36	1	3	13	28	17	30	8	7	
5	75	4	69	14	51	19	43	6	67	12	11	15	71	11	61	18	54	1	35	16	70	17	60	
16	52	14	8	10	46	0	42	11	53	15	15	
13	30	3	26	14	2	16	7	19	68	1	8	0	56	12	55	15	51	
11	28	6	75	5	53	16	66	4	50	8	39	10	62	18	57	
19	39	9	58	10	28	11	7	15	2	1	18	18	22	
17	67	0	1	5	69	6	42	15	63	9	45	1	36	7	43	
4	43	5	50	18	22	7	33	12	56	3	62	13	40	
18	18	13	58	17	25	6	44	3	10	12	43	1	51	16	59	15	50	10	32	14	56	8	42	
2	24	5	36	0	74	15	4	17	49	
8	43	1	60	3	35	16	21	17	25	5	67	18	74	15	32	11	41	10	5	2	50	7	75	
3	23	8	34	17	61	11	28	0	75	1	30	18	2	2	62	5	22	13	47	7	25	10	38	
5	23	9	25	6	38	14	29	18	1	10	34	19	44	
3	57	13	7	7	36	10	72	16	68	17	67	
6	54	2	74	1	55	17	17	4	30	3	34	8	21	16	50	

All component type numbers for each job to be processed by MFPM
4	22	8	10	
5	15	
8	10	0	22	4	4	5	21	1	13	
7	13	8	15	3	17	1	4	
2	22	4	6	3	17	9	23	6	3	
0	14	8	2	
1	2	8	14	3	1	
3	13	9	17	
1	4	5	24	
2	18	
0	1	7	21	
3	10	6	21	0	16	7	12	
6	15	8	14	
4	13	
3	25	4	3	9	15	8	9	
3	1	0	11	
5	15	9	20	
3	1	
9	7	
4	23	0	10	6	6	9	8	1	12	
1	3	0	17	
7	23	0	21	9	7	2	22	5	13	
1	5	3	2	9	20	
7	19	8	16	9	20	0	7	
4	4	9	11	
5	13	8	7	
3	14	4	17	2	11	8	15	
2	10	1	7	
9	10	6	21	
9	5	
8	19	6	21	7	10	
0	18	8	23	2	25	
1	12	3	13	
0	12	1	9	
1	15	3	9	
7	18	6	3	
3	1	9	9	8	19	1	21	5	12	
2	15	7	5	5	3	4	22	
5	3	
3	13	7	2	8	14	2	12	9	15	
7	2	2	22	4	19	8	8	
6	19	5	25	1	20	8	11	
8	14	3	6	5	16	
4	24	
7	12	1	25	
2	25	0	1	8	11	1	15	
2	13	6	24	8	9	0	11	
6	15	2	9	5	24	
1	3	
1	25	0	7	9	9	2	11	
2	1	1	16	
6	21	3	12	
6	7	8	3	
7	15	
8	5	3	21	5	1	9	17	
5	25	6	2	
8	6	0	15	3	14	7	24	
1	20	8	14	7	23	4	22	
0	14	2	4	
3	22	5	13	8	11	
5	1	8	9	4	22	3	12	
6	17	5	4	7	10	
2	23	1	14	0	10	
1	24	4	4	
0	23	2	21	5	3	9	8	4	19	
2	15	7	24	0	2	3	22	
0	19	4	11	6	9	5	1	9	8	
0	8	5	5	8	18	1	9	
3	20	5	9	4	22	1	12	
4	1	7	3	5	10	
1	23	2	4	
5	15	4	17	7	25	
9	9	8	4	5	24	
3	10	0	12	
9	24	8	23	3	19	
4	8	8	22	7	16	6	19	
8	11	7	6	1	7	2	9	6	5	
9	21	
3	3	6	6	
6	3	
5	13	
6	19	0	24	8	17	
7	21	
5	20	8	5	
0	9	6	7	4	4	3	6	8	19	
9	12	
3	11	5	13	7	20	4	10	
6	13	5	3	
2	23	8	4	3	11	5	16	
2	15	
4	14	3	23	0	9	6	15	
4	16	6	17	
4	16	0	24	
8	10	6	2	3	12	2	20	9	3	
2	12	4	24	
1	24	
0	20	5	9	3	12	
6	5	8	17	
6	20	1	14	0	6	4	15	
5	2	

Three processing times per job on each machine
The best scenario
404	693	
278	784	
288	291	
103	122	
676	520	
376	549	
275	285	
86	262	
430	1102	
122	286	
372	150	
338	390	
83	95	
190	225	
108	362	
616	1372	
342	392	
790	426	
447	385	
192	549	
84	155	
141	89	
288	370	
592	359	
409	432	
558	488	
334	203	
1157	514	
244	311	
760	257	
704	598	
838	871	
219	307	
197	159	
858	485	
210	60	
435	352	
220	103	
424	269	
750	899	
659	426	
851	574	
131	167	
257	196	
953	988	
576	357	
282	163	
217	259	
548	856	
120	111	
684	1040	
246	452	
365	255	
831	223	
180	337	
325	292	
222	584	
345	322	
559	903	
344	395	
83	108	
542	740	
1059	834	
202	65	
202	73	
157	266	
106	306	
925	746	
179	248	
485	922	
971	566	
111	177	
722	397	
266	280	
51	244	
162	443	
470	415	
429	857	
223	723	
561	559	
441	152	
138	41	
261	457	
72	46	
700	661	
359	365	
506	353	
182	218	
302	572	
238	84	
500	214	
495	131	
85	267	
220	336	
226	142	
67	60	
549	971	
405	848	
107	92	
226	483	
Most likely scenario
430	1017	
298	958	
568	352	
170	168	
792	740	
478	653	
347	292	
118	264	
793	1203	
227	368	
415	193	
382	408	
90	167	
287	389	
189	414	
870	1378	
561	589	
874	516	
531	634	
343	786	
140	188	
257	178	
323	389	
833	427	
643	530	
1061	813	
444	223	
1226	966	
409	394	
848	298	
1098	849	
1193	1310	
226	319	
233	236	
918	486	
258	75	
445	616	
239	125	
481	366	
824	995	
1019	589	
1329	1032	
173	234	
287	285	
972	1126	
932	429	
451	307	
340	395	
944	1067	
208	113	
1166	1314	
393	479	
503	435	
879	247	
304	442	
484	408	
265	588	
648	595	
580	966	
496	735	
138	149	
901	906	
1265	1115	
278	117	
314	129	
264	331	
162	404	
1217	1414	
191	450	
487	1029	
1160	802	
213	330	
868	423	
393	444	
83	292	
271	545	
509	733	
763	1016	
383	758	
655	799	
453	199	
166	78	
319	553	
95	83	
1006	845	
666	474	
607	491	
228	290	
349	734	
305	96	
583	274	
500	249	
161	494	
378	476	
327	252	
132	110	
794	1205	
441	1068	
183	116	
386	532	
The worst scenario
490	1437	
397	1252	
646	383	
225	189	
868	877	
647	788	
437	311	
157	289	
910	1295	
333	455	
590	252	
567	427	
126	175	
415	469	
242	486	
1148	2053	
746	823	
1092	673	
789	868	
492	1030	
173	253	
303	239	
467	473	
1190	476	
651	785	
1294	1108	
605	300	
1385	1055	
506	501	
962	307	
1276	986	
1733	1925	
339	474	
315	327	
1374	601	
336	86	
563	863	
259	130	
652	412	
1216	1207	
1436	789	
1516	1084	
253	289	
393	336	
1030	1275	
1152	600	
591	311	
460	541	
1274	1233	
303	163	
1343	1491	
574	498	
737	584	
1058	287	
309	503	
588	481	
390	696	
750	765	
783	1418	
535	825	
142	200	
1238	990	
1515	1156	
363	161	
346	176	
394	374	
236	415	
1824	1579	
276	569	
619	1231	
1388	880	
275	363	
1023	569	
528	508	
118	404	
352	721	
697	787	
1060	1360	
463	942	
909	1007	
556	277	
206	88	
397	559	
108	94	
1334	1159	
770	530	
828	719	
238	291	
487	817	
451	103	
624	292	
586	305	
162	665	
555	668	
360	298	
152	137	
809	1700	
512	1533	
211	141	
493	547	
