Factories	2	Jobs	50	Machines	2

Total number of component types per job processed by HSPM
5	10	5	9	6	8	8	5	12	5	10	8	5	12	12	9	5	12	5	9	8	6	9	8	9	5	9	6	11	6	10	5	6	8	10	5	5	5	8	8	5	9	12	8	8	11	7	5	11	10	

Total number of component types per job processed by MFPM
5	1	5	3	3	4	4	4	4	1	5	2	4	4	5	3	3	5	3	1	3	2	4	5	2	5	2	5	2	2	1	1	4	2	2	4	5	2	3	2	1	2	1	2	3	5	2	2	1	4	

All component type numbers for each job to be processed by HSPM
1	2	12	13	7	30	18	3	17	33	
2	11	0	10	7	12	16	41	13	3	17	46	4	56	6	19	5	75	15	27	
1	57	5	32	15	11	0	10	17	21	
8	45	15	17	2	21	1	58	13	47	18	70	19	49	0	59	12	66	
12	10	13	53	16	65	2	56	5	28	9	5	
11	25	0	49	4	31	14	14	7	27	1	60	15	70	12	69	
15	74	6	42	7	69	0	54	10	59	14	56	16	75	9	63	
16	60	19	69	11	45	6	2	7	27	
7	72	0	8	10	58	2	47	12	37	19	10	5	21	3	24	18	32	15	35	11	55	1	51	
12	56	11	72	19	70	14	12	13	10	
13	70	11	65	2	64	19	23	1	39	6	68	15	27	16	36	12	67	14	17	
15	33	2	49	5	68	4	10	9	46	7	43	16	18	19	71	
1	35	3	28	11	57	18	4	8	61	
10	75	17	6	5	65	9	60	11	25	15	54	12	33	6	18	19	67	13	56	4	61	18	7	
1	25	7	7	8	12	11	21	10	70	19	30	16	59	17	26	12	34	0	52	18	61	15	2	
3	26	11	39	5	33	13	46	12	60	14	30	0	31	7	41	15	72	
6	40	0	1	4	23	11	9	10	48	
3	75	14	21	18	52	12	17	6	56	8	2	1	58	19	54	4	6	10	44	13	9	9	25	
14	18	18	12	11	64	10	2	7	27	
2	13	0	23	7	8	14	39	3	65	4	59	12	70	9	21	17	51	
13	31	18	57	17	9	9	40	5	12	4	47	1	26	6	51	
11	33	7	66	10	51	4	65	16	54	14	36	
18	42	7	9	1	41	15	26	5	45	8	66	13	55	4	35	2	23	
5	49	2	23	12	46	19	43	6	62	13	10	16	26	15	16	
11	41	12	45	16	64	15	6	13	30	2	69	19	58	0	31	4	43	
6	28	7	45	9	41	0	26	3	54	
17	71	10	35	18	65	4	20	1	16	9	36	2	23	12	13	13	68	
1	44	17	17	16	54	4	25	14	46	5	10	
13	13	17	20	3	6	2	21	16	28	11	74	8	63	14	61	1	48	12	9	6	19	
3	54	13	43	11	66	5	38	2	2	15	39	
4	54	14	34	6	47	5	26	3	16	0	5	12	43	16	29	13	60	2	55	
19	59	14	16	2	63	10	70	13	9	
15	51	2	38	1	22	19	23	14	20	18	73	
16	61	10	1	15	43	3	52	1	58	18	10	19	9	9	31	
19	36	0	60	18	65	17	20	16	46	14	63	2	19	3	50	11	52	1	42	
17	32	8	23	9	16	18	36	13	52	
13	29	2	1	1	27	5	60	14	42	
8	6	7	41	17	11	2	9	9	37	
11	9	7	69	19	68	15	33	3	65	12	26	14	11	10	67	
15	75	3	49	1	59	10	64	2	7	9	25	16	24	11	46	
6	21	10	53	9	44	4	31	2	72	
11	17	12	35	0	64	4	27	18	32	16	3	15	75	14	22	9	46	
10	13	1	72	11	35	5	17	4	37	16	25	3	27	6	30	9	23	7	26	12	67	0	64	
18	59	17	39	5	56	16	40	6	66	0	65	2	18	11	69	
19	32	5	42	15	1	6	20	10	38	14	45	16	12	9	37	
14	29	8	32	7	53	12	57	1	40	17	38	2	18	10	70	13	56	3	48	6	6	
5	18	18	48	15	16	0	64	3	41	7	55	4	12	
12	20	2	23	14	37	4	47	15	2	
9	61	0	35	11	22	1	38	4	20	16	24	8	43	10	59	2	69	14	36	13	73	
0	65	15	58	16	41	5	56	9	57	6	67	4	22	1	9	14	39	7	13	

All component type numbers for each job to be processed by MFPM
4	19	0	6	1	18	5	5	8	8	
3	23	
1	17	5	10	4	24	0	15	7	11	
9	18	5	24	8	6	
3	19	8	17	7	14	
4	13	8	23	5	7	3	5	
6	18	9	4	1	11	7	19	
4	12	1	24	9	5	6	2	
9	18	7	5	2	11	6	4	
7	25	
7	15	3	20	0	19	5	11	1	22	
2	12	4	10	
7	20	0	6	9	11	3	8	
9	1	6	12	4	2	8	19	
3	20	5	25	8	23	2	14	4	5	
8	10	5	3	3	14	
2	4	9	11	5	13	
0	10	9	24	8	8	7	2	2	11	
5	11	8	10	1	7	
0	8	
3	19	7	10	2	23	
0	7	8	21	
8	17	3	21	7	20	1	18	
4	24	7	11	8	18	2	2	9	9	
0	14	8	11	
8	21	2	22	5	6	1	20	6	8	
3	21	0	25	
1	16	6	18	5	4	4	2	7	7	
6	7	7	24	
1	16	7	13	
1	17	
3	7	
4	14	5	10	6	24	7	7	
2	11	9	22	
6	1	3	24	
0	12	5	15	8	5	4	7	
9	24	2	12	7	2	8	9	3	16	
3	20	8	9	
7	9	8	17	0	19	
7	5	3	22	
6	1	
0	10	8	22	
0	6	
7	6	3	21	
3	10	0	2	6	23	
0	16	4	2	6	3	3	6	2	5	
7	13	2	3	
7	14	6	20	
3	2	
0	16	5	14	8	20	1	25	

Three processing times per job on each machine
The best scenario
286	295	
650	590	
426	343	
567	687	
755	320	
179	277	
502	879	
1164	680	
264	518	
249	430	
653	337	
726	536	
464	153	
619	353	
684	194	
334	279	
257	453	
103	165	
462	200	
234	437	
307	268	
167	621	
327	206	
484	585	
720	841	
327	759	
57	106	
420	993	
584	558	
699	610	
303	196	
267	639	
980	1327	
278	498	
466	767	
172	349	
607	200	
725	886	
468	1088	
279	285	
106	59	
658	519	
201	270	
84	185	
266	1102	
167	220	
673	544	
172	136	
185	243	
182	192	
Most likely scenario
389	328	
663	741	
557	488	
940	794	
1139	428	
195	429	
736	899	
1287	777	
411	652	
306	633	
1227	404	
1076	608	
493	198	
991	373	
958	372	
460	501	
411	780	
160	220	
485	310	
415	676	
511	360	
223	667	
452	262	
672	858	
766	942	
458	1395	
89	120	
459	1119	
711	780	
829	805	
358	327	
294	693	
1078	1344	
309	928	
921	1048	
311	382	
1073	380	
1011	985	
934	1542	
308	474	
168	66	
1142	881	
392	452	
105	210	
394	1295	
176	305	
755	782	
201	227	
351	251	
208	361	
The worst scenario
545	427	
764	1062	
594	527	
1220	901	
1145	523	
245	533	
801	954	
1653	874	
608	727	
434	842	
1772	458	
1501	889	
545	266	
1229	464	
1311	391	
572	684	
594	866	
209	254	
590	313	
537	813	
729	490	
328	708	
625	308	
1005	1005	
1112	1037	
461	2074	
127	162	
555	1453	
1011	819	
983	1170	
429	428	
409	926	
1191	1677	
427	1113	
1212	1061	
354	525	
1298	412	
1150	1465	
1133	1723	
312	689	
226	96	
1536	1118	
460	671	
131	263	
557	1460	
191	347	
1108	1099	
297	279	
456	374	
281	427	
