Factories	2	Jobs	200	Machines	3

Total number of component types per job processed by HSPM
6	10	9	5	8	7	10	11	6	5	10	11	7	6	6	9	8	5	12	7	8	10	6	12	6	7	8	12	8	9	5	11	5	9	6	5	5	11	5	7	7	6	7	11	11	5	8	7	9	6	12	8	10	9	11	6	6	11	12	7	5	12	5	8	10	5	10	9	12	6	12	9	7	7	12	9	11	5	8	5	12	8	5	9	10	11	6	9	9	11	12	12	11	11	7	9	5	7	12	9	7	8	7	7	8	8	10	6	9	6	6	11	9	12	10	11	9	7	10	5	9	7	9	11	11	7	11	12	5	7	12	6	5	9	5	11	8	9	8	10	12	8	9	7	8	10	8	5	8	6	5	11	12	6	11	12	11	9	8	12	12	5	11	7	6	8	7	12	9	9	7	11	12	10	10	11	8	10	10	7	5	8	7	10	12	10	9	8	5	7	6	6	9	9	9	5	10	7	12	11	

Total number of component types per job processed by MFPM
2	2	4	3	1	4	1	5	1	2	4	2	4	2	4	1	2	2	3	1	1	4	4	3	4	4	1	1	4	5	4	1	4	5	1	2	4	5	1	4	5	3	4	1	5	5	5	1	3	3	1	3	2	2	1	5	3	3	5	2	5	5	1	3	5	2	3	4	1	5	2	5	2	2	4	3	2	2	2	3	1	3	1	4	5	5	3	1	4	5	2	2	1	4	1	2	1	2	2	3	2	2	1	4	3	4	4	5	3	4	4	3	1	5	4	2	1	2	4	2	5	3	2	5	3	5	5	3	3	4	3	3	2	2	3	5	5	1	1	4	1	1	1	2	2	3	4	3	3	3	3	2	4	4	2	2	5	4	1	5	2	5	3	1	2	3	4	1	4	5	3	1	4	5	2	5	5	2	1	3	1	2	5	3	3	2	5	4	4	1	4	5	1	2	5	4	3	1	5	5	2	4	1	5	4	1	2	2	1	2	3	2	4	3	5	2	3	2	1	3	2	1	1	2	3	2	5	1	1	1	3	4	5	1	1	5	5	3	5	1	1	2	2	2	4	2	1	1	5	1	3	3	1	3	2	5	2	1	1	5	5	4	4	1	1	3	2	3	1	2	4	5	2	4	3	2	1	2	2	3	4	3	1	3	1	1	1	5	3	1	5	4	1	3	2	1	4	4	2	3	4	4	5	3	4	1	1	2	1	5	2	4	1	2	5	5	2	5	2	5	4	3	4	2	4	5	5	4	4	4	5	2	4	1	2	3	1	3	1	4	3	1	5	2	5	1	4	4	1	4	2	5	2	1	4	4	5	2	4	2	3	3	4	1	1	2	2	1	3	3	1	3	1	3	5	1	5	3	2	4	1	2	5	1	2	4	4	4	1	2	4	4	5	5	1	3	3	5	3	2	

All component type numbers for each job to be processed by HSPM
0	25	4	48	17	40	19	61	13	6	10	65	
12	38	6	27	8	50	2	28	13	29	4	55	17	30	10	46	3	64	5	70	
1	11	12	16	15	42	3	55	8	71	19	72	13	54	4	30	16	15	
6	43	16	54	18	74	17	38	14	3	
4	65	7	52	18	26	3	7	8	11	17	25	2	41	1	5	
17	59	8	18	16	6	1	38	11	70	0	12	7	57	
0	43	16	51	19	46	13	34	18	10	14	14	3	9	11	19	12	70	7	67	
9	75	1	49	4	53	5	3	19	24	11	58	13	4	2	7	15	26	7	30	3	41	
4	20	14	55	8	70	5	7	6	12	15	9	
11	16	18	53	15	58	2	5	16	54	
16	2	2	73	10	60	3	72	5	35	13	42	19	65	17	44	8	7	1	63	
15	24	19	12	2	15	11	17	9	19	14	69	1	28	6	59	12	33	17	8	5	4	
14	18	3	42	4	7	8	11	5	6	2	2	10	66	
0	33	3	53	9	72	11	50	14	49	6	60	
4	67	3	19	2	6	12	29	14	65	17	54	
18	6	3	7	16	57	9	47	5	64	15	23	6	2	1	31	13	60	
8	39	15	44	2	69	1	11	3	72	19	47	10	6	7	37	
1	61	15	44	5	56	11	32	16	7	
18	38	8	62	14	33	2	8	13	17	1	14	0	25	15	71	9	41	7	12	4	4	5	26	
8	36	0	69	10	22	18	75	11	8	3	18	19	2	
10	53	14	56	18	13	17	24	9	37	4	68	8	60	12	8	
11	4	10	6	13	15	5	49	18	71	9	3	1	7	7	20	17	46	4	74	
2	18	1	68	10	58	13	16	6	67	14	21	
16	29	3	28	12	53	13	58	10	56	7	19	19	22	18	13	15	12	9	10	11	51	17	47	
6	14	7	50	9	58	18	66	19	64	2	47	
0	6	8	38	7	17	4	67	18	58	19	29	16	4	
12	73	10	57	4	18	18	34	8	62	17	53	16	38	2	64	
18	34	4	58	9	71	3	50	1	70	13	66	19	69	5	63	12	3	0	39	14	6	15	10	
18	21	10	41	12	35	19	48	11	10	7	29	5	70	6	9	
8	68	12	29	7	22	3	36	15	4	6	57	10	8	2	40	17	1	
16	47	6	9	17	27	11	28	4	26	
4	8	7	9	9	40	1	4	11	53	16	1	17	21	18	3	2	75	15	26	19	20	
10	67	5	43	7	34	4	15	11	65	
17	72	13	22	7	27	6	41	12	60	11	40	5	14	19	10	18	20	
14	12	11	6	4	55	12	70	18	5	5	45	
12	65	10	54	8	41	15	11	0	26	
8	60	16	18	4	49	7	6	0	71	
7	63	6	25	11	36	0	6	13	14	9	26	1	21	12	4	4	66	14	55	8	61	
5	36	10	12	17	11	18	64	1	70	
1	2	2	35	11	42	8	25	19	67	15	54	9	61	
4	41	6	70	1	46	11	10	17	27	5	14	10	7	
2	50	7	42	9	31	1	23	14	46	8	6	
16	62	14	4	4	58	11	2	6	7	8	27	3	13	
13	5	3	57	11	61	12	64	8	21	10	67	15	34	18	49	4	14	17	56	14	36	
19	8	16	25	6	24	3	30	12	34	15	74	10	5	9	69	5	53	0	15	7	17	
1	2	5	13	7	27	11	21	15	55	
11	69	19	3	18	9	5	26	6	16	14	32	3	33	17	37	
19	47	11	32	16	68	1	70	3	57	12	60	4	40	
5	2	19	34	12	16	1	43	2	47	17	21	7	59	16	56	4	63	
3	70	13	24	17	74	4	21	8	22	1	69	
12	56	6	41	18	62	11	66	7	75	2	18	15	50	8	2	17	73	5	34	4	45	13	74	
16	53	9	54	14	19	8	5	5	1	15	33	1	47	11	8	
19	59	9	44	14	40	16	51	17	74	18	4	3	2	13	34	6	8	4	11	
13	67	3	28	12	7	9	37	8	70	14	43	2	4	5	55	17	12	
0	72	14	6	3	34	12	31	9	13	7	61	2	51	13	73	19	44	10	43	16	32	
5	27	15	55	7	7	11	6	1	33	10	52	
2	35	7	5	1	7	3	62	0	45	9	43	
16	28	19	51	2	23	0	10	3	4	14	56	17	9	11	74	12	41	13	54	4	64	
8	22	15	51	7	27	11	46	14	59	2	38	6	63	5	30	4	42	3	44	10	39	16	33	
1	13	15	72	12	10	0	55	11	71	7	64	9	69	
19	5	4	41	2	36	17	54	11	14	
15	52	7	5	0	33	10	19	2	68	4	31	13	59	9	43	1	20	16	65	8	37	11	49	
2	35	6	48	19	61	1	51	18	17	
5	61	16	8	3	13	9	17	18	26	4	56	1	57	0	59	
16	4	18	48	19	26	3	58	12	24	15	45	14	9	7	67	9	6	10	56	
14	3	7	19	2	17	15	16	12	65	
14	71	9	16	3	1	1	31	12	50	13	72	7	64	0	43	19	8	15	25	
4	57	10	2	13	60	14	25	16	39	11	44	12	46	5	61	15	48	
5	4	2	2	4	29	18	31	19	75	8	68	14	17	11	30	15	41	12	63	7	33	16	3	
5	17	12	7	13	42	7	27	17	41	0	30	
19	58	11	66	7	68	10	8	6	28	9	37	3	19	2	2	8	57	14	18	16	73	12	33	
9	34	5	75	0	18	19	60	12	13	7	66	3	59	15	24	14	46	
3	35	10	59	13	40	5	69	0	51	18	45	19	21	
16	35	6	47	13	64	15	39	11	63	9	21	14	70	
9	48	10	20	2	49	11	34	6	53	8	54	16	72	14	57	17	33	13	64	5	55	3	36	
16	42	11	13	13	32	8	43	3	4	5	5	0	27	6	59	18	12	
14	19	19	29	18	39	9	68	0	62	4	73	8	5	5	34	16	47	2	9	7	22	
0	54	7	7	19	15	12	52	3	74	
3	23	7	13	1	22	12	10	2	39	17	69	13	31	0	60	
11	25	4	40	15	1	18	64	17	75	
8	70	9	59	6	65	18	53	4	24	5	56	12	22	17	18	10	43	13	57	19	41	11	54	
8	66	18	28	2	60	15	31	11	63	3	49	17	74	19	41	
7	74	9	60	1	41	17	67	2	38	
14	39	17	45	0	26	6	60	9	71	2	18	10	8	18	9	13	68	
13	18	15	69	9	35	3	57	0	11	11	9	17	67	16	43	10	3	2	38	
1	42	19	10	0	39	7	55	12	2	10	44	3	68	8	50	15	71	6	59	9	61	
4	5	11	68	9	27	2	25	7	21	1	9	
1	21	7	13	14	1	17	62	15	40	0	55	10	26	11	72	6	17	
13	58	19	16	1	75	16	15	8	64	0	6	7	23	18	41	12	44	
2	41	14	43	10	8	3	18	11	58	18	5	13	47	4	14	0	60	15	9	16	71	
5	30	19	56	13	73	14	9	3	49	0	71	2	27	4	57	6	21	7	44	11	74	12	69	
4	62	1	57	18	58	10	14	13	2	12	7	9	21	8	70	16	1	7	74	11	72	2	61	
6	73	11	43	17	75	19	58	12	51	0	39	13	12	8	23	18	1	10	17	1	61	
15	72	14	54	9	37	10	11	16	31	3	73	11	42	19	68	18	7	4	32	6	30	
15	31	19	67	13	8	1	72	7	26	8	52	5	55	
11	47	17	29	2	13	15	34	10	53	9	69	3	23	4	3	0	4	
7	68	16	2	1	20	14	73	12	7	
2	55	16	54	13	71	12	26	11	37	19	68	15	8	
7	46	10	54	9	28	0	62	3	45	16	9	1	7	5	33	11	11	8	37	17	39	13	52	
15	2	6	53	1	17	7	8	9	64	18	50	19	27	16	30	13	60	
2	44	4	54	10	47	18	31	5	70	0	13	6	61	
8	12	0	36	4	52	5	59	6	74	9	67	13	35	17	5	
8	31	1	7	2	6	6	5	19	23	9	69	0	45	
17	27	10	62	8	64	15	8	5	42	2	26	13	37	
16	24	6	39	7	17	4	38	9	21	3	35	0	10	1	51	
18	21	2	23	10	26	13	53	8	62	16	42	0	57	3	56	
4	51	7	46	9	50	12	41	17	57	15	21	8	11	5	37	3	13	11	66	
6	29	2	8	9	11	13	37	0	9	11	7	
8	31	9	13	7	16	1	32	17	72	18	22	13	39	5	67	4	1	
15	25	11	37	12	41	7	7	17	16	16	38	
0	13	3	46	6	30	2	50	11	57	14	10	
7	32	0	51	14	3	17	11	9	74	13	8	11	35	3	64	19	39	1	37	10	57	
9	37	8	29	14	69	4	55	2	12	5	27	12	72	19	45	1	35	
0	60	18	38	6	9	16	34	15	75	12	63	13	36	1	20	3	27	17	17	8	43	5	44	
7	64	5	15	13	4	17	34	0	3	11	57	2	49	14	7	3	48	18	19	
14	73	12	58	18	51	17	64	2	36	3	49	13	15	10	12	11	70	6	41	19	74	
16	27	15	34	10	22	19	8	12	32	3	44	18	30	7	21	4	46	
0	27	5	75	9	54	6	13	2	62	16	73	15	45	
9	15	17	4	14	27	13	3	16	2	11	52	5	20	4	32	18	73	15	6	
4	49	0	42	18	16	7	35	19	6	
5	19	11	64	9	69	2	61	13	68	6	36	10	27	0	17	7	22	
8	72	17	37	7	1	2	15	15	42	1	16	18	60	
15	35	17	67	2	18	18	10	7	40	5	28	8	61	4	11	14	1	
4	30	1	59	3	46	18	1	12	58	13	13	2	50	11	64	17	62	15	23	10	53	
2	65	18	15	16	62	5	3	6	55	11	73	0	12	15	39	12	61	19	54	14	2	
8	73	1	48	18	66	0	47	2	56	3	70	9	39	
0	68	11	32	18	62	16	5	10	72	1	31	5	34	12	66	9	41	19	58	8	60	
3	2	8	9	18	49	19	40	2	3	5	4	6	44	0	36	10	72	13	32	12	31	14	23	
10	72	5	19	9	46	17	56	14	55	
8	3	4	38	0	73	11	60	3	7	19	66	17	4	
0	52	8	48	4	26	16	14	17	1	7	3	10	10	11	69	2	21	14	57	9	61	12	59	
14	39	1	1	9	21	16	62	10	50	13	47	
7	41	2	71	10	75	15	21	1	73	
12	16	3	3	10	62	19	33	0	20	16	49	11	22	2	46	13	73	
0	72	1	42	9	59	17	10	15	47	
10	32	0	13	6	4	9	36	17	67	15	73	7	48	12	53	8	16	11	12	3	62	
17	60	7	25	18	66	12	35	13	29	16	16	19	58	15	73	
2	61	17	19	8	15	16	69	0	16	6	18	14	67	15	35	3	28	
4	61	2	66	16	62	3	28	11	56	18	19	0	23	9	54	
11	73	1	20	10	33	12	67	14	50	4	48	17	1	18	37	19	10	13	8	
13	14	14	56	19	10	0	64	3	38	4	1	17	47	5	59	2	30	15	53	12	58	16	66	
16	16	11	29	9	30	8	57	14	11	4	28	1	53	5	68	
11	40	2	5	7	10	3	46	4	7	9	22	1	75	17	55	10	4	
6	74	5	31	9	64	10	5	8	69	17	14	16	8	
10	47	12	57	8	7	2	60	0	54	19	38	1	16	5	44	
5	56	13	57	12	39	7	43	19	72	8	21	2	68	10	6	9	41	14	33	
3	62	18	22	19	30	10	13	12	40	0	48	14	58	5	5	
9	60	1	13	11	10	16	3	6	54	
12	71	13	39	5	63	3	66	17	15	15	58	0	74	9	23	
18	52	0	36	17	29	8	22	11	17	9	62	
4	21	11	63	14	9	18	17	0	41	
14	50	6	37	2	34	1	23	5	66	18	47	10	63	3	48	12	46	16	69	11	72	
18	42	5	41	10	27	4	46	8	17	12	8	1	7	3	33	9	32	2	30	0	15	13	37	
7	64	16	18	3	42	15	32	14	21	4	74	
2	20	6	34	5	1	13	68	19	52	9	53	8	73	1	26	4	31	12	3	7	33	
5	41	10	39	16	20	11	74	1	45	6	30	12	22	19	26	9	70	0	44	14	55	2	72	
1	6	8	16	17	11	5	10	18	5	3	34	13	52	9	46	16	29	11	44	10	58	
9	59	16	57	1	28	7	13	3	52	0	19	4	66	6	10	8	20	
0	24	2	61	3	19	16	75	4	51	12	65	8	52	13	40	
11	35	9	51	14	65	13	74	17	72	15	7	8	75	5	47	4	36	19	66	2	45	16	20	
15	61	0	55	17	59	5	30	6	35	13	24	18	31	2	50	16	23	8	62	4	41	7	32	
10	2	12	65	3	27	2	36	18	54	
10	51	9	3	6	64	18	10	11	66	4	27	5	23	16	57	3	62	12	61	7	11	
4	55	2	54	9	2	5	32	18	19	7	58	13	16	
3	14	15	67	2	28	18	72	13	70	16	61	
18	17	10	51	4	13	7	47	9	27	17	68	12	70	1	52	
4	41	1	31	5	10	16	57	7	13	3	75	9	58	
19	39	10	27	2	7	3	36	14	49	8	25	7	50	9	73	6	55	4	57	5	8	18	53	
10	57	2	66	1	33	14	62	3	69	9	37	6	41	11	74	5	28	
13	72	10	59	1	13	7	69	11	61	5	54	4	42	15	6	12	43	
8	60	19	4	5	1	10	47	11	45	7	53	1	32	
4	12	15	74	9	47	5	33	1	51	16	53	2	58	19	8	6	39	17	7	8	48	
6	54	10	10	11	8	9	74	2	28	19	47	17	63	12	17	3	16	15	7	14	32	8	11	
10	51	16	9	4	54	0	39	19	5	7	20	15	17	8	31	1	24	6	2	
9	31	14	52	17	40	13	38	2	56	16	26	18	4	8	14	5	1	0	37	
18	34	12	43	17	28	19	11	9	73	14	68	2	59	0	44	13	13	10	33	11	26	
16	6	13	14	19	53	6	66	5	40	9	34	8	3	7	25	
5	60	13	3	11	16	6	48	8	52	12	5	17	26	7	12	0	66	15	38	
16	6	11	73	5	35	18	15	14	64	6	46	3	12	9	49	19	19	17	40	
10	67	15	30	6	6	12	3	14	70	0	27	18	14	
16	69	6	10	0	33	3	21	2	54	
0	65	14	63	11	69	7	75	17	35	4	6	9	70	18	18	
14	74	13	6	5	57	7	38	3	52	19	51	17	25	
9	2	8	70	14	37	11	39	0	56	4	35	1	68	19	41	2	16	13	4	
13	12	5	11	6	40	4	39	8	37	11	27	1	45	12	65	10	19	2	20	16	67	18	63	
10	58	5	17	6	51	4	21	7	43	11	34	0	30	19	67	1	13	16	52	
14	69	4	1	13	45	18	7	3	20	17	3	11	59	9	38	19	8	
13	27	19	11	0	69	17	63	16	37	15	15	7	31	5	56	
13	33	17	32	15	25	10	35	18	60	
0	37	11	20	15	32	16	75	2	51	18	18	3	64	
6	30	14	16	18	24	4	31	1	51	2	32	
19	26	4	46	7	32	6	62	3	43	2	12	
10	28	2	60	5	12	16	1	12	63	18	14	4	9	15	10	9	31	
3	59	12	46	8	26	13	24	15	42	1	16	2	15	10	51	5	10	
10	45	15	67	5	32	17	34	1	28	0	25	6	68	3	75	11	71	
2	75	19	70	16	6	7	55	18	1	
17	32	16	45	2	49	13	22	18	3	8	1	5	65	15	60	12	13	0	54	
6	57	11	21	2	39	3	45	8	17	0	53	1	20	
0	9	1	48	18	64	14	47	4	8	12	33	19	28	5	54	7	26	17	27	10	60	16	10	
0	55	2	21	4	5	10	49	19	36	6	17	3	8	11	28	9	46	17	43	16	15	

All component type numbers for each job to be processed by MFPM
0	3	8	13	
5	43	0	27	
1	10	8	5	3	15	7	3	
4	39	5	29	9	40	
9	23	
2	31	9	27	0	40	1	45	
7	10	
5	45	8	37	7	46	9	39	0	33	
2	1	
1	29	7	36	
7	21	0	19	5	7	2	8	
9	44	2	35	
5	4	9	17	2	7	7	24	
2	27	3	50	
9	4	0	21	5	22	3	17	
4	41	
4	5	9	21	
7	50	5	48	
2	19	6	18	1	22	
9	36	
6	22	
4	44	6	47	3	35	8	49	
9	11	5	21	0	1	6	24	
6	28	2	47	0	34	
9	17	7	5	1	25	3	15	
3	26	6	37	2	49	7	44	
8	17	
4	49	
5	24	0	12	3	2	1	19	
5	37	6	27	3	46	1	38	0	50	
3	2	9	10	1	13	7	23	
8	28	
3	5	4	21	7	11	9	16	
5	44	6	42	4	38	8	28	1	48	
9	8	
1	26	5	47	
3	5	4	20	6	11	8	15	
2	50	0	48	7	30	9	43	3	41	
7	12	
7	27	9	43	3	39	2	45	
4	11	0	3	1	14	2	2	3	15	
4	26	3	31	7	35	
8	17	9	8	7	12	1	16	
7	29	
7	3	6	23	3	2	4	8	9	21	
2	30	9	42	8	39	6	34	5	43	
9	17	5	6	6	20	2	12	1	4	
4	38	
4	20	5	8	8	18	
6	40	2	47	3	32	
6	25	
5	27	8	34	0	35	
5	24	6	22	
7	29	1	37	
1	23	
3	39	6	32	4	49	2	35	5	37	
5	7	3	8	8	13	
6	35	9	48	1	39	
0	11	6	18	9	21	3	13	8	12	
0	48	7	37	
7	12	0	22	5	7	6	24	8	10	
8	50	3	44	7	34	4	38	6	29	
5	19	
0	28	7	41	4	47	
9	25	1	10	8	15	5	1	0	3	
6	41	8	34	
7	1	5	17	4	3	
5	27	4	50	2	31	9	29	
7	8	
6	32	9	28	3	43	5	35	0	40	
8	1	6	14	
0	50	4	40	8	27	5	48	2	49	
4	15	8	14	
3	50	7	44	
5	22	6	23	9	5	3	3	
9	44	5	46	0	30	
7	1	9	25	
4	33	0	26	
5	22	7	21	
6	29	9	36	8	33	
3	4	
1	27	5	40	9	33	
4	5	
1	45	5	50	2	49	8	44	
7	18	1	15	0	8	8	16	6	20	
5	47	3	26	9	49	6	33	8	50	
8	9	4	21	7	20	
6	37	
1	14	7	20	5	24	3	15	
9	32	3	49	6	28	0	30	2	44	
6	5	5	4	
7	38	2	27	
4	11	
1	26	9	43	3	38	0	35	
1	10	
2	38	4	37	
3	1	
3	49	1	34	
4	11	6	21	
6	40	0	41	5	44	
4	19	7	18	
2	43	6	44	
2	16	
0	41	9	46	1	27	2	44	
9	6	2	10	3	3	
9	30	6	39	4	42	1	46	
6	23	7	6	0	19	2	24	
1	37	2	40	6	38	4	48	7	39	
7	10	9	12	0	17	
2	43	9	35	8	41	0	34	
8	15	1	8	9	22	5	23	
3	35	9	26	5	49	
7	11	
2	30	9	41	1	36	6	40	3	38	
1	3	4	18	3	11	8	9	
0	36	5	43	
7	11	
6	27	3	44	
6	21	5	9	0	22	3	4	
4	39	3	45	
1	23	9	8	6	19	8	6	3	18	
0	43	6	50	2	40	
0	9	9	12	
6	40	4	30	3	39	7	35	0	46	
7	7	8	20	9	14	
4	48	9	44	8	42	0	27	6	33	
5	25	3	11	4	18	9	21	1	5	
2	50	9	30	7	35	
3	17	5	2	1	20	
9	33	2	50	5	29	3	31	
9	17	0	19	5	23	
9	43	4	37	6	34	
7	25	6	6	
7	48	1	49	
2	19	8	14	9	11	
0	45	4	32	5	34	3	41	7	40	
0	18	4	12	3	16	8	17	7	22	
6	34	
2	20	
0	29	7	46	2	31	5	47	
9	8	
3	45	
8	7	
3	50	9	43	
7	23	9	25	
0	47	3	27	1	50	
3	13	0	25	5	24	2	12	
8	38	3	34	2	28	
3	12	7	5	4	24	
5	43	2	37	0	44	
1	23	4	9	0	4	
5	30	9	40	
4	6	7	18	9	21	2	25	
3	26	5	44	6	49	1	36	
8	1	7	9	
8	35	3	50	
2	15	0	24	6	2	4	20	9	18	
9	29	2	33	1	47	6	38	
7	4	
3	40	0	43	7	29	4	48	2	35	
3	8	7	5	
5	29	2	27	1	33	8	32	9	40	
9	17	6	15	1	6	
1	42	
3	2	4	8	
0	47	2	28	3	43	
2	7	0	17	4	16	7	1	
2	33	
1	16	0	11	9	6	4	19	
6	28	1	43	0	35	3	49	9	33	
4	4	1	16	5	6	
2	37	
9	15	6	17	8	9	0	21	
0	30	2	42	9	45	4	28	8	38	
6	12	7	14	
0	28	8	47	4	26	6	38	2	29	
1	12	9	9	3	17	7	20	4	15	
2	33	9	34	
9	22	
5	42	4	46	3	41	
0	18	
4	36	6	35	
6	5	3	11	7	22	4	10	9	12	
4	31	8	36	3	41	
2	19	0	4	9	15	
8	30	9	42	
3	14	8	2	1	20	9	9	6	19	
8	36	4	47	0	49	1	42	
9	14	1	18	8	3	5	4	
4	28	
4	23	8	11	7	5	9	7	
6	34	1	36	5	43	3	40	9	30	
7	3	
1	45	7	37	
8	12	0	17	4	2	1	5	6	6	
4	36	5	49	1	32	2	47	
0	12	1	24	5	5	
5	48	
0	3	8	25	7	8	1	15	9	17	
5	35	9	44	3	41	0	43	4	39	
6	25	1	6	
8	28	0	38	9	34	1	49	
4	14	
3	26	0	49	6	34	2	35	8	41	
7	17	6	8	1	12	2	2	
0	29	
0	14	2	6	
5	28	6	48	
7	12	
7	44	0	49	
0	5	3	18	9	20	
3	43	7	36	
5	1	7	17	8	19	0	12	
7	36	8	38	5	49	
7	24	5	19	2	3	6	4	8	21	
9	26	4	40	
3	11	1	12	9	1	
2	29	0	47	
2	11	
7	35	1	37	2	31	
3	12	1	18	
4	40	
9	20	
3	34	9	32	
4	2	1	19	9	15	
4	47	1	37	
2	3	0	11	9	15	8	24	5	7	
0	44	
4	1	
9	45	
1	20	0	4	8	8	
3	36	6	40	4	27	9	45	
6	8	2	6	0	23	5	12	7	21	
8	27	
4	13	
9	49	4	34	8	36	0	42	2	29	
6	18	2	21	0	4	4	15	3	5	
5	37	7	36	4	47	
2	13	7	7	6	1	9	12	4	10	
3	38	
7	16	
4	34	7	31	
9	25	0	13	
6	31	7	50	
6	22	9	4	1	19	3	9	
9	47	5	37	
4	4	
7	34	
2	23	8	13	0	25	4	18	9	20	
2	27	
1	20	5	3	2	19	
7	32	9	50	4	33	
5	16	
0	35	9	26	4	45	
7	7	9	19	
5	35	6	44	9	28	2	32	3	38	
8	6	5	16	
8	27	
7	2	
7	32	1	27	2	42	9	28	5	37	
0	2	5	12	3	4	8	21	6	14	
8	47	5	27	1	41	0	36	
4	25	2	11	3	1	9	8	
6	38	
4	8	
3	34	6	39	1	26	
7	4	4	15	
7	44	8	35	4	29	
8	5	
6	30	5	44	
6	7	4	19	8	16	9	8	
7	45	3	50	5	27	1	29	0	26	
3	10	4	22	
7	32	8	41	3	36	0	27	
0	2	4	20	1	11	
2	37	7	48	
4	1	
1	47	8	48	
8	6	1	14	
2	28	4	34	5	32	
8	19	7	23	9	1	6	24	
1	39	7	35	0	36	
8	10	
5	43	8	50	6	41	
9	18	
2	32	
5	16	
6	26	1	47	5	41	7	38	9	37	
2	8	9	12	8	17	
1	26	
2	11	4	25	0	16	5	23	3	3	
3	27	4	49	9	33	8	47	
1	22	
9	49	5	50	0	45	
2	11	0	15	
3	40	
9	22	0	20	3	10	6	24	
4	38	2	30	6	34	3	47	
6	5	7	9	
8	49	2	27	7	38	
1	20	6	1	2	19	9	6	
4	33	9	37	0	39	7	26	
0	1	9	5	1	2	6	22	3	14	
1	44	8	33	9	42	
7	23	6	5	9	19	3	21	
6	38	
6	9	
2	49	1	29	
4	14	
3	39	4	42	1	38	5	29	0	32	
8	4	9	17	
9	43	1	48	4	41	2	46	
5	17	
9	33	2	46	
6	5	4	24	8	4	5	9	7	15	
3	43	4	44	5	46	8	37	2	29	
0	9	3	25	
5	37	9	30	4	42	2	29	6	26	
2	13	9	12	
4	44	9	37	0	27	3	38	7	42	
4	9	5	17	8	24	1	18	
4	29	8	43	6	46	
0	5	5	21	9	22	3	19	
2	29	6	40	
7	13	3	12	1	17	8	5	
9	36	3	31	2	35	6	34	5	47	
0	25	6	18	1	15	5	24	3	11	
1	41	7	35	9	26	8	31	
5	11	9	1	0	14	4	21	
9	29	5	42	3	34	0	27	
5	20	6	17	7	5	8	10	3	18	
4	31	5	38	
9	13	3	22	1	20	7	6	
4	28	
9	11	6	8	
5	46	3	27	1	43	
7	8	
4	43	3	28	1	45	
5	15	
3	32	2	37	7	48	9	47	
5	13	1	3	6	21	
8	31	
7	15	6	6	3	12	4	19	5	17	
5	47	0	43	
2	22	0	6	1	15	7	25	8	17	
7	41	
2	18	0	20	7	23	8	16	
8	45	9	26	4	36	0	27	
6	10	
0	34	3	31	4	43	5	37	
2	7	4	5	
2	41	4	36	3	42	1	35	8	27	
1	12	9	3	
2	31	
7	11	6	13	2	14	3	23	
3	37	9	41	5	50	4	47	
2	3	8	22	5	19	3	16	6	2	
6	38	7	27	
9	1	7	15	0	22	6	16	
7	43	4	36	
1	14	9	25	7	7	
3	28	9	38	5	46	
5	10	0	9	4	16	3	8	
5	39	
5	10	
7	47	0	40	
8	5	3	1	
8	27	
4	17	2	2	9	12	
4	30	1	28	3	34	
8	6	
1	40	4	36	8	46	
9	23	
4	40	2	34	7	28	
9	3	3	5	0	6	8	12	2	15	
8	31	
2	25	0	11	8	7	7	6	9	20	
4	27	1	50	0	41	
9	23	3	24	
0	43	9	41	5	27	8	46	
6	25	
3	33	8	43	
5	18	1	23	2	6	6	2	8	12	
6	43	
3	6	2	15	
7	44	4	46	0	26	3	34	
7	14	2	6	3	15	9	20	
5	28	0	39	6	43	9	42	
2	12	
8	48	1	44	
4	16	7	2	2	15	6	25	
7	34	8	29	4	43	9	36	
5	23	4	22	9	24	6	17	2	14	
6	34	9	37	4	29	2	45	1	32	
8	5	
7	49	1	42	4	45	
8	23	7	7	0	2	
6	36	8	33	5	30	0	49	4	41	
6	14	0	21	1	22	
9	32	1	46	

Three processing times per job on each machine
The best scenario
608	682	705	
98	145	310	
664	851	285	
122	479	200	
351	345	430	
1409	1006	1010	
98	59	43	
453	943	176	
291	725	236	
336	195	459	
922	387	497	
577	316	397	
323	164	151	
494	652	536	
314	362	235	
1176	1121	313	
769	172	323	
633	225	483	
48	71	71	
282	101	272	
466	361	914	
407	812	470	
106	214	145	
495	525	409	
153	209	233	
597	430	213	
160	208	265	
184	70	303	
676	196	261	
101	186	89	
336	545	529	
83	120	149	
344	159	695	
129	341	465	
784	307	531	
582	1144	1083	
502	1093	394	
110	100	125	
890	616	767	
191	78	56	
668	479	697	
532	474	283	
255	112	303	
387	333	345	
1177	1097	851	
153	347	119	
438	346	745	
607	375	475	
505	598	380	
583	815	314	
108	240	225	
586	521	160	
293	223	390	
131	239	216	
301	551	359	
655	1116	472	
648	567	510	
367	479	389	
156	157	98	
983	505	764	
64	95	33	
750	490	256	
329	622	191	
155	648	174	
196	233	189	
756	655	418	
368	828	741	
206	581	765	
434	220	476	
156	276	98	
225	202	270	
575	324	506	
175	60	58	
667	718	762	
153	108	215	
140	302	53	
1128	878	901	
118	100	92	
330	292	328	
730	850	604	
906	342	545	
72	66	86	
388	198	366	
66	127	68	
236	375	250	
571	229	395	
381	613	460	
323	843	749	
476	471	500	
980	648	331	
294	316	167	
187	612	361	
651	899	306	
559	746	511	
874	1102	693	
183	106	403	
645	384	484	
321	510	456	
348	423	208	
189	490	275	
155	217	164	
681	681	1122	
561	504	977	
63	128	58	
394	569	329	
779	770	522	
997	1099	873	
389	726	453	
528	523	885	
65	131	236	
869	836	380	
427	924	676	
765	250	358	
322	264	698	
1072	671	1057	
183	253	356	
163	132	108	
116	111	86	
260	200	203	
737	270	485	
594	558	187	
300	513	354	
513	347	871	
110	81	50	
276	264	398	
209	111	183	
793	598	237	
492	728	455	
327	443	304	
309	558	927	
184	163	571	
468	417	421	
429	541	216	
535	594	339	
292	225	241	
90	376	210	
89	173	420	
758	638	564	
128	188	127	
153	133	533	
910	677	432	
73	150	112	
336	386	788	
1280	613	541	
173	90	52	
259	248	209	
157	286	167	
224	160	87	
884	534	304	
198	351	220	
1087	1101	618	
611	332	645	
202	257	701	
101	71	164	
156	190	128	
462	715	647	
832	498	935	
301	693	612	
252	402	177	
182	686	412	
336	332	309	
228	489	314	
527	1431	356	
60	143	136	
895	195	500	
426	881	494	
214	400	596	
406	203	342	
813	222	919	
350	362	124	
691	617	191	
106	91	81	
621	276	248	
129	99	154	
355	576	145	
422	508	344	
111	97	161	
192	156	234	
645	422	186	
548	739	737	
155	114	169	
431	233	750	
272	314	656	
90	63	114	
70	167	122	
319	512	460	
422	347	692	
120	92	207	
319	274	276	
378	438	153	
414	203	263	
391	266	278	
139	181	144	
212	148	402	
470	255	377	
93	100	292	
560	299	654	
404	499	407	
323	435	312	
1128	386	461	
Most likely scenario
844	822	716	
144	184	332	
1182	1385	509	
145	488	244	
661	690	526	
1430	1388	1503	
124	71	49	
740	1108	289	
566	742	454	
355	295	508	
977	565	552	
670	391	584	
433	235	172	
650	723	543	
347	388	379	
1411	1301	405	
888	311	366	
705	366	822	
56	77	73	
369	111	295	
597	413	1255	
584	958	731	
118	231	173	
534	763	557	
241	286	298	
712	635	375	
223	296	284	
192	118	311	
816	247	294	
149	361	148	
525	997	568	
103	121	152	
502	278	901	
253	431	478	
821	513	640	
1054	1216	1247	
940	1184	457	
187	161	127	
1298	1009	1342	
200	89	73	
850	513	770	
736	565	549	
435	200	474	
552	618	592	
1240	1270	887	
215	440	133	
869	639	749	
643	494	541	
618	810	445	
859	820	625	
211	405	228	
710	733	275	
306	358	499	
221	294	258	
365	728	411	
748	1316	540	
1169	955	736	
483	543	483	
250	213	164	
1046	776	843	
118	170	66	
1008	692	343	
580	839	272	
227	771	201	
277	312	240	
819	843	624	
409	998	1065	
272	627	882	
831	412	614	
299	305	185	
274	217	453	
618	391	553	
188	111	74	
1204	848	1085	
267	203	283	
259	365	90	
1283	1024	939	
120	139	110	
440	384	425	
1011	1386	1009	
1067	410	665	
126	80	140	
653	348	392	
77	133	85	
401	627	407	
823	374	543	
510	775	532	
461	947	962	
515	513	631	
1085	1094	421	
354	375	226	
267	665	465	
704	971	583	
809	872	553	
993	1197	848	
298	173	514	
1289	430	846	
403	511	532	
691	496	224	
327	515	317	
225	233	183	
732	1075	1268	
868	648	1025	
82	151	75	
470	724	463	
787	907	775	
999	1193	1018	
541	799	503	
597	858	1482	
93	203	283	
1446	1497	483	
583	1038	1109	
1047	435	510	
496	344	765	
1105	1277	1167	
348	317	498	
205	175	188	
160	117	138	
300	360	252	
1087	463	837	
1075	955	297	
440	675	494	
773	509	1301	
116	141	96	
283	392	627	
248	139	239	
1344	881	371	
724	748	585	
432	614	444	
389	706	993	
357	212	747	
562	813	592	
766	739	264	
1009	1148	611	
407	428	286	
175	551	318	
151	325	600	
922	659	754	
158	266	141	
254	198	655	
1012	828	542	
132	198	153	
455	656	849	
1342	664	854	
257	168	94	
279	260	315	
181	431	304	
419	211	154	
914	855	416	
207	412	298	
1168	1122	907	
1092	473	773	
314	385	1103	
132	88	322	
247	250	192	
691	1239	1287	
1441	522	1488	
413	716	972	
329	539	258	
341	741	530	
379	415	380	
248	595	390	
805	1446	637	
74	173	180	
1084	369	864	
715	1242	983	
356	701	903	
469	252	454	
969	351	1265	
363	410	204	
1373	1148	370	
167	165	99	
789	362	295	
223	174	187	
582	658	206	
563	803	449	
115	100	308	
327	244	393	
689	489	226	
888	783	1061	
200	145	219	
463	372	1082	
454	548	926	
96	117	136	
104	278	202	
490	619	710	
581	426	752	
134	132	246	
408	423	435	
590	755	275	
555	346	364	
563	335	501	
170	251	206	
398	213	599	
674	276	404	
174	159	358	
1119	598	963	
466	518	485	
470	457	455	
1223	647	917	
The worst scenario
1096	1197	987	
206	202	359	
1655	2061	612	
192	626	353	
908	991	652	
1939	1531	1598	
170	103	70	
823	1598	313	
767	973	671	
356	390	634	
1203	833	688	
769	489	826	
513	324	232	
837	826	774	
435	473	563	
1825	1859	535	
1188	415	532	
834	403	1192	
73	106	81	
451	132	414	
739	602	1741	
693	1091	865	
147	295	221	
704	869	562	
329	392	402	
1057	843	472	
288	382	349	
271	147	346	
1078	265	297	
200	426	218	
583	1036	788	
139	157	207	
729	393	962	
265	507	580	
852	638	682	
1178	1653	1710	
1300	1255	568	
259	163	144	
1825	1128	1743	
227	105	96	
1065	673	864	
1002	740	809	
475	219	652	
622	770	721	
1491	1519	947	
250	631	139	
1013	809	973	
800	628	779	
923	1047	597	
1129	1146	768	
302	458	326	
766	847	318	
443	529	659	
255	371	373	
384	840	604	
1085	1364	631	
1619	1275	867	
563	710	530	
261	223	242	
1192	847	865	
175	201	69	
1455	759	506	
746	1017	376	
323	923	222	
350	459	305	
1068	1259	890	
503	1423	1143	
363	706	1037	
1049	496	842	
313	406	229	
380	271	651	
643	541	695	
236	123	95	
1628	910	1392	
322	213	349	
335	456	94	
1326	1212	981	
161	143	133	
575	515	499	
1114	1446	1397	
1503	582	737	
138	103	141	
775	438	486	
108	193	119	
518	863	534	
1029	530	786	
631	908	589	
511	1010	1261	
768	739	838	
1163	1542	508	
503	404	293	
336	690	667	
1028	1032	719	
995	1183	817	
1301	1738	853	
445	257	643	
1745	568	1155	
472	662	691	
935	664	297	
383	559	385	
297	333	222	
1039	1253	1515	
962	846	1469	
91	218	102	
664	987	588	
809	1355	993	
1436	1474	1228	
641	808	509	
763	989	1980	
126	279	333	
1635	1816	674	
621	1167	1268	
1065	556	646	
617	418	1014	
1263	1433	1427	
360	463	711	
255	253	281	
217	135	204	
444	410	341	
1202	483	952	
1166	1425	428	
465	711	654	
1059	734	1310	
128	151	117	
337	553	789	
289	143	357	
1733	939	452	
788	852	769	
441	765	445	
445	1029	1261	
404	229	770	
842	1029	608	
820	1006	300	
1326	1371	797	
414	531	302	
235	684	321	
209	403	701	
1130	962	837	
204	305	156	
284	213	779	
1171	854	809	
160	250	195	
512	754	874	
1663	694	960	
347	237	108	
362	275	446	
188	540	447	
569	235	206	
1105	992	465	
291	602	344	
1555	1267	1043	
1611	655	1019	
383	399	1438	
183	124	433	
343	321	248	
829	1800	1611	
2153	527	1779	
580	1044	1282	
418	599	356	
470	869	784	
494	562	398	
265	852	434	
874	1886	757	
102	252	235	
1456	481	910	
777	1529	1059	
437	706	1104	
490	296	634	
1273	478	1589	
443	472	276	
1444	1492	414	
172	175	141	
1045	484	392	
286	201	205	
604	971	288	
663	944	655	
125	101	369	
344	339	560	
927	649	244	
996	1050	1213	
256	180	234	
470	472	1294	
488	726	961	
124	129	181	
123	381	227	
709	621	806	
782	561	921	
153	166	312	
499	444	641	
658	824	310	
557	363	484	
621	486	606	
254	351	244	
415	305	864	
721	347	459	
231	236	439	
1598	877	1269	
499	712	664	
600	577	531	
1276	746	1286	
