Factories	7	Jobs	100	Machines	3

Total number of component types per job processed by HSPM
11	8	9	9	12	6	8	10	5	11	6	5	8	5	11	9	10	8	9	6	6	9	12	8	10	9	5	8	9	12	11	12	9	10	11	8	5	6	9	12	5	5	8	7	12	10	6	5	11	8	12	6	5	6	12	7	11	10	11	12	8	7	10	6	7	9	7	9	12	11	9	10	8	7	5	7	9	6	10	7	9	8	12	12	6	6	7	6	10	5	9	10	12	6	5	10	7	5	5	7	

Total number of component types per job processed by MFPM
3	4	4	3	3	1	4	5	3	1	2	3	3	4	5	2	5	4	4	2	4	1	1	2	2	3	2	5	3	2	3	3	2	1	5	3	3	2	4	2	4	2	3	4	1	2	3	5	2	1	4	3	1	2	5	5	1	5	3	5	4	5	2	4	4	1	3	5	4	2	3	5	4	4	2	3	2	5	3	3	5	3	4	4	5	2	4	5	3	4	4	4	1	1	3	1	1	5	2	1	3	5	5	3	2	3	4	2	2	2	1	2	1	4	4	4	2	2	3	4	1	3	3	2	1	1	2	1	4	4	2	1	1	1	3	3	2	3	4	1	5	5	3	4	5	5	3	2	4	4	1	4	1	2	1	1	5	2	1	3	1	3	3	1	1	2	5	4	4	2	1	1	5	1	3	2	5	4	4	4	1	4	5	3	2	2	5	5	4	4	5	1	4	1	4	3	2	5	1	3	

All component type numbers for each job to be processed by HSPM
2	37	0	33	17	29	8	30	14	13	5	43	3	45	16	31	1	25	18	42	4	26	
4	62	6	69	0	33	5	40	14	73	10	22	15	48	8	53	
17	42	2	66	14	11	16	49	1	46	7	25	0	27	6	2	8	26	
1	2	4	16	6	67	9	47	10	17	12	3	5	62	3	58	7	8	
12	39	16	26	4	53	10	14	1	74	2	62	15	15	5	8	6	11	7	19	11	72	3	22	
13	33	4	56	3	66	14	16	7	58	17	31	
5	38	11	69	8	27	18	68	4	14	14	44	16	72	1	73	
7	61	8	73	14	22	12	25	11	71	10	43	4	60	18	49	13	46	0	62	
6	60	4	6	13	5	2	1	8	33	
12	62	19	2	7	23	5	43	14	65	8	25	3	11	16	5	13	40	11	45	15	75	
10	66	0	45	11	52	8	9	5	5	1	51	
15	66	1	62	13	18	0	53	6	35	
15	66	16	41	9	5	1	65	19	62	3	63	2	1	13	22	
9	60	19	67	1	37	2	33	15	64	
0	21	9	41	1	43	5	75	12	31	17	12	6	11	4	59	19	5	11	52	8	45	
19	25	10	45	2	27	3	46	6	44	13	52	4	61	17	75	14	6	
15	32	12	75	8	15	17	26	7	3	14	67	10	49	19	5	6	58	2	74	
7	21	8	73	1	66	13	10	16	72	10	53	5	31	2	42	
14	46	1	49	19	24	4	36	17	1	6	41	9	29	12	38	10	57	
10	6	2	2	8	66	13	3	11	75	17	19	
18	9	3	8	11	57	12	21	0	52	13	60	
6	66	12	48	7	5	3	10	13	33	10	21	18	17	5	63	16	58	
14	48	16	42	6	54	13	38	19	37	8	21	0	10	7	15	15	61	9	71	2	53	10	43	
13	59	7	20	18	47	10	23	0	35	6	19	19	45	12	32	
15	49	17	6	3	24	5	53	10	69	14	63	18	57	13	9	19	61	16	7	
19	6	0	22	8	20	12	3	10	73	2	56	6	19	17	65	18	14	
17	25	15	37	18	14	2	5	3	57	
17	15	11	11	7	28	10	60	3	22	4	12	5	18	2	65	
1	44	3	71	15	6	18	67	4	9	13	10	5	36	11	32	17	1	
17	9	5	49	18	39	8	30	6	40	19	19	0	64	1	37	11	47	14	75	13	72	10	38	
16	26	7	60	19	28	2	53	1	10	10	24	8	27	15	43	13	5	17	1	6	30	
9	60	14	44	12	64	4	62	1	48	2	66	5	69	13	7	16	5	8	23	10	31	6	14	
19	21	2	22	4	70	3	26	9	23	17	17	16	50	8	53	10	8	
13	74	10	69	5	42	9	2	3	67	12	30	7	31	11	8	0	60	15	57	
10	32	12	58	11	26	6	50	3	3	8	48	16	68	13	45	7	14	1	75	18	4	
6	4	5	15	11	17	15	11	10	44	1	55	2	39	12	5	
1	23	7	7	0	55	19	20	10	27	
16	60	18	22	19	73	13	41	14	68	10	29	
7	69	16	24	3	32	8	33	17	37	1	31	2	55	13	41	11	74	
8	29	10	38	2	20	7	44	1	21	3	51	14	31	12	67	9	33	5	39	16	16	19	41	
2	33	7	42	1	22	18	75	9	48	
11	54	16	51	8	3	5	17	7	63	
13	34	7	71	6	75	16	43	4	67	9	41	0	46	15	39	
12	69	5	51	16	19	14	71	17	9	19	61	0	53	
15	37	19	52	14	3	12	21	8	74	1	24	0	8	10	42	9	2	11	33	4	15	17	41	
16	43	5	42	1	3	18	47	17	44	0	7	9	63	10	31	19	12	14	2	
6	14	17	56	10	58	11	29	15	68	13	55	
8	55	9	8	16	5	0	33	6	50	
17	37	16	7	2	22	7	6	3	41	8	2	4	46	15	35	19	28	14	58	1	34	
15	61	13	1	7	37	10	41	3	58	2	19	5	9	16	15	
18	61	1	38	13	46	19	22	12	23	11	5	0	53	15	68	8	12	17	42	6	37	2	54	
3	44	1	66	13	24	11	28	2	75	10	17	
12	51	14	72	7	64	5	38	0	53	
11	59	6	46	14	61	13	55	8	24	2	29	
9	41	11	29	15	70	10	36	7	30	12	50	2	62	8	40	3	49	0	69	17	1	19	59	
17	13	12	45	18	73	16	51	14	70	1	7	4	3	
4	18	0	30	6	31	9	52	16	42	5	51	14	58	15	26	2	3	10	73	17	74	
3	14	17	51	5	42	0	17	11	69	1	67	6	58	9	55	15	61	2	45	
10	2	16	29	9	49	5	73	2	15	18	74	4	34	3	65	17	13	7	33	0	7	
13	13	7	71	9	41	8	74	16	48	11	42	18	55	15	3	2	68	0	63	19	73	6	70	
15	73	8	47	9	23	2	39	12	42	19	55	7	6	17	61	
11	14	8	57	16	13	12	40	15	19	18	4	0	63	
11	20	13	55	7	4	6	58	3	54	4	34	18	70	9	10	2	23	17	24	
17	6	19	15	14	17	8	24	10	21	16	29	
6	10	4	46	7	56	8	71	13	33	3	69	5	29	
0	26	19	65	7	41	10	43	6	53	14	59	12	63	3	36	8	7	
1	18	15	70	11	74	9	22	3	54	5	3	19	16	
16	46	13	22	14	23	10	60	2	44	19	16	11	36	1	17	6	28	
10	60	2	32	17	7	16	3	3	71	18	24	14	4	15	22	19	39	4	40	13	17	5	28	
8	29	6	47	1	33	14	69	4	5	13	23	19	66	16	59	15	13	11	51	0	70	
7	9	15	36	10	40	13	75	11	68	8	13	12	18	1	1	3	65	
10	56	13	1	6	12	11	15	18	17	19	68	15	36	3	19	7	65	2	31	
16	33	11	24	19	19	2	42	10	35	5	12	0	21	9	23	
1	27	5	1	15	45	19	5	14	17	10	66	18	60	
2	40	10	35	5	11	3	55	11	46	
14	63	2	4	6	56	0	46	16	73	9	49	5	10	
11	22	7	70	16	29	5	7	12	57	19	26	14	63	4	2	0	72	
17	67	16	45	5	27	2	70	12	38	10	41	
13	18	8	19	17	17	1	45	11	55	9	34	0	32	10	54	19	38	15	39	
19	5	9	3	10	22	13	13	2	72	8	59	1	8	
1	34	7	69	16	30	18	68	6	65	2	15	5	45	11	54	3	40	
18	16	17	58	6	75	11	6	5	8	15	56	3	73	1	68	
18	15	2	9	8	12	1	59	11	61	3	53	14	10	4	55	17	75	15	8	10	60	6	71	
9	16	17	15	8	42	13	39	4	70	3	26	18	64	19	51	2	38	14	17	11	69	7	36	
12	23	11	29	0	3	9	62	5	20	2	31	
14	57	13	29	18	1	11	73	6	7	0	37	
19	27	7	52	6	23	13	2	1	29	17	69	12	49	
3	18	10	23	4	46	1	17	14	10	16	56	
11	50	6	20	16	68	12	7	7	22	13	46	4	74	5	48	15	52	10	28	
14	49	6	58	19	13	0	21	4	74	
3	21	1	15	11	3	9	48	2	35	19	26	8	30	14	66	0	20	
15	48	0	13	19	63	17	16	7	12	6	62	10	30	2	23	11	52	12	29	
2	71	15	12	0	46	3	40	19	61	13	34	12	60	11	4	7	8	14	51	4	2	5	56	
3	21	10	39	18	49	2	31	19	20	11	47	
19	72	1	49	16	50	12	71	3	3	
1	62	13	43	12	58	3	54	6	71	9	21	10	70	11	28	17	41	19	19	
11	72	5	22	4	61	1	48	14	13	0	69	10	44	
17	53	12	17	18	22	0	11	19	8	
8	7	4	30	9	64	11	70	7	2	
0	27	14	28	16	40	8	65	15	56	2	63	6	53	

All component type numbers for each job to be processed by MFPM
5	7	1	6	6	3	
7	45	4	30	8	36	5	39	
6	5	9	3	3	21	7	23	
0	32	1	38	8	34	
2	13	0	12	1	20	
7	46	
5	4	1	19	9	1	7	18	
9	41	1	42	6	37	0	45	8	50	
3	15	4	4	0	1	
9	45	
4	13	8	2	
2	46	3	31	0	33	
0	19	5	18	4	23	
4	29	7	35	6	33	3	50	
3	15	2	20	6	23	5	6	8	7	
0	47	9	49	
1	19	2	22	9	7	3	1	4	13	
0	48	5	38	3	26	4	45	
7	3	0	18	3	7	1	9	
2	30	5	35	
1	23	9	10	7	21	2	3	
0	33	
0	25	
4	46	0	38	
0	13	3	3	
4	30	1	29	3	46	
0	11	1	21	
1	31	3	37	7	27	9	44	2	33	
7	19	5	4	0	5	
9	50	2	34	
3	1	6	13	1	20	
4	28	2	33	8	40	
3	11	6	20	
6	35	
3	15	9	24	2	16	1	2	8	7	
4	31	9	33	3	49	
5	24	4	10	0	11	
4	34	5	27	
2	24	3	20	5	11	4	19	
5	41	9	34	
0	25	9	12	2	16	6	18	
1	28	9	40	
2	15	6	8	1	22	
0	45	3	32	5	38	6	31	
2	8	
1	29	2	28	
0	13	4	21	1	1	
8	30	4	34	5	35	6	32	1	40	
2	15	1	16	
8	33	
0	3	5	4	2	2	9	7	
1	35	2	43	0	27	
0	19	
4	45	6	46	
5	17	1	16	0	2	9	21	4	22	
6	43	0	49	9	32	3	33	2	27	
3	22	
2	42	0	44	8	27	9	50	3	35	
5	9	8	25	3	16	
7	32	0	37	2	48	3	27	6	36	
0	11	3	18	8	7	4	24	
2	44	8	31	6	29	0	38	5	47	
4	1	9	18	
6	29	3	43	5	26	4	27	
1	5	3	18	4	10	9	25	
0	44	
7	3	4	10	5	20	
3	45	1	31	8	35	7	43	6	30	
2	21	1	1	6	6	3	10	
3	26	6	40	
1	16	4	13	0	11	
4	26	5	42	9	41	0	30	6	45	
2	23	3	9	0	4	5	8	
5	30	7	42	9	34	2	28	
8	8	5	5	
6	50	4	41	1	38	
8	3	7	13	
4	29	2	50	5	41	7	37	3	36	
9	14	2	24	4	16	
9	36	1	47	8	32	
2	18	1	23	7	12	9	13	6	22	
0	36	3	26	2	41	
8	6	6	4	0	8	5	21	
6	42	3	47	2	36	8	30	
9	19	7	20	4	17	5	4	1	14	
9	42	1	43	
0	6	1	22	2	4	6	2	
4	45	8	37	7	48	1	34	3	47	
7	4	8	23	1	18	
0	47	9	34	8	41	1	30	
7	23	5	16	6	12	4	11	
3	36	8	28	0	41	2	34	
7	17	
4	29	
0	13	6	7	7	6	
5	44	
4	23	
0	26	2	44	8	33	7	30	5	32	
6	11	0	4	
8	43	
4	14	6	12	5	25	
7	38	6	45	8	26	9	49	1	35	
0	14	8	9	1	18	3	4	6	2	
8	42	4	39	0	47	
6	12	0	17	
5	31	8	35	9	29	
9	24	7	18	3	23	8	17	
4	35	6	50	
2	11	3	1	
1	39	3	40	
1	23	
9	45	2	30	
3	23	
6	40	9	34	0	29	1	39	
0	8	4	3	3	6	9	13	
9	32	7	29	8	35	2	45	
5	20	4	6	
7	37	0	40	
5	24	9	3	4	22	
2	48	8	26	1	43	3	27	
9	1	
7	28	6	34	4	29	
1	16	3	17	6	7	
6	29	4	49	
6	20	
1	30	
1	13	8	8	
7	39	
0	23	6	22	4	5	3	13	
4	34	3	42	0	38	7	31	
6	8	3	19	
2	35	
6	25	
8	49	
6	19	5	18	7	25	
5	47	9	34	7	40	
2	13	4	1	
1	49	2	31	4	36	
9	12	3	17	5	11	4	15	
9	26	
0	7	7	5	9	18	4	20	2	14	
3	40	7	27	6	47	9	39	8	30	
1	18	7	2	9	13	
7	41	6	39	1	49	4	35	
9	4	0	9	4	17	2	7	7	19	
0	42	4	47	8	32	1	39	7	27	
7	19	5	15	9	2	
5	47	9	38	
4	16	3	20	8	7	7	4	
9	34	2	29	0	33	5	50	
7	13	
4	36	5	26	1	39	0	43	
5	11	
8	36	2	29	
0	9	
5	26	
4	20	3	13	6	18	7	9	9	12	
3	40	9	43	
4	12	
2	35	1	45	3	49	
8	25	
7	27	6	49	4	29	
6	10	9	12	0	14	
9	36	
1	12	
2	37	3	48	
6	10	1	5	9	20	5	13	0	3	
0	28	4	43	1	40	5	48	
3	22	5	21	9	15	4	2	
7	36	0	47	
3	12	
1	47	
4	15	2	7	6	8	9	14	3	25	
8	45	
4	24	2	22	6	20	
8	44	0	47	
9	6	8	7	0	9	3	14	5	5	
1	44	2	45	7	31	6	35	
3	21	8	20	5	9	0	2	
2	27	1	50	9	40	4	35	
2	3	
9	44	0	27	5	43	6	50	
8	22	6	21	4	9	5	8	2	4	
9	39	7	49	2	48	
7	24	1	4	
1	42	0	35	
5	4	7	20	8	11	0	1	3	18	
5	41	4	47	3	26	1	50	2	29	
9	22	8	24	3	1	5	3	
2	36	4	40	9	50	6	47	
4	25	8	1	0	24	2	19	9	14	
3	50	
1	14	3	25	5	7	4	10	
9	41	
0	10	8	15	5	2	1	23	
0	42	6	48	8	41	
2	21	6	12	
2	30	4	28	9	38	0	29	1	31	
2	13	
1	32	6	37	7	35	

Three processing times per job on each machine
The best scenario
787	658	925	
620	382	259	
173	224	243	
488	421	125	
67	182	97	
327	212	225	
359	345	457	
243	143	485	
896	457	1043	
334	258	398	
326	1031	258	
51	90	141	
337	375	194	
422	510	109	
724	757	762	
68	131	132	
132	305	278	
263	242	225	
498	301	841	
1059	749	387	
431	452	697	
754	317	297	
895	571	709	
751	504	1062	
622	583	388	
231	151	327	
920	1053	595	
166	704	444	
176	209	102	
425	506	501	
390	328	505	
829	818	911	
500	105	331	
317	480	422	
271	304	432	
561	1353	825	
412	509	250	
107	123	156	
160	43	130	
330	858	349	
107	208	239	
342	408	574	
147	486	392	
215	481	566	
235	99	99	
794	615	597	
849	423	647	
162	202	78	
813	576	1042	
96	217	211	
146	62	123	
88	231	204	
381	559	723	
852	563	270	
304	84	154	
231	269	477	
136	398	358	
392	303	289	
209	342	102	
846	1080	564	
681	490	563	
696	506	196	
202	150	38	
496	434	701	
459	346	200	
830	405	915	
77	227	86	
336	204	132	
842	929	400	
437	344	383	
362	227	236	
381	169	289	
231	510	340	
131	279	194	
269	481	187	
119	57	125	
226	556	791	
324	194	388	
1227	759	636	
362	168	245	
171	199	408	
132	583	347	
618	464	221	
651	533	558	
395	291	396	
83	88	139	
709	622	865	
799	381	571	
296	476	349	
816	290	478	
113	78	232	
156	407	373	
345	452	839	
236	222	124	
1062	841	251	
200	301	367	
418	761	502	
695	164	515	
196	761	246	
245	731	350	
Most likely scenario
1018	994	1175	
657	694	338	
266	261	269	
683	774	247	
118	331	117	
328	397	340	
478	419	696	
285	266	539	
1247	810	1414	
507	469	621	
403	1082	452	
72	119	181	
518	500	312	
531	533	197	
1147	979	987	
107	169	240	
171	327	354	
327	437	258	
929	437	937	
1183	810	630	
532	645	1232	
960	463	552	
909	823	871	
902	666	1090	
1180	914	754	
272	170	360	
1161	1227	816	
261	913	886	
178	212	123	
507	683	635	
563	615	783	
1117	914	1144	
501	188	375	
456	579	707	
430	351	658	
850	1494	853	
625	839	403	
202	147	211	
240	79	170	
422	1087	383	
118	210	250	
490	642	779	
225	677	419	
282	678	684	
243	116	103	
923	870	1035	
1006	816	819	
267	224	88	
992	1118	1207	
143	382	409	
168	66	203	
135	239	271	
393	641	881	
1498	706	463	
356	90	195	
276	483	577	
261	658	492	
500	396	392	
393	380	131	
851	1511	733	
983	597	640	
720	580	328	
222	226	61	
694	470	1128	
491	640	218	
874	633	984	
145	241	139	
416	238	255	
1304	993	765	
459	652	642	
473	285	366	
721	284	482	
274	563	475	
186	344	275	
441	554	319	
222	99	140	
386	864	807	
390	343	470	
1228	1451	833	
678	271	296	
193	207	561	
256	863	433	
765	565	400	
1083	643	1082	
535	566	441	
136	126	188	
904	757	1113	
871	568	771	
558	503	685	
1066	392	946	
208	131	256	
212	521	428	
582	874	1121	
284	224	205	
1132	1123	489	
393	497	384	
807	1126	538	
761	269	868	
266	767	397	
268	742	524	
The worst scenario
1056	1069	1413	
732	829	421	
352	389	357	
882	1129	335	
154	351	138	
420	561	386	
634	592	750	
359	342	807	
1789	969	1714	
576	602	733	
511	1410	667	
99	139	249	
634	582	410	
795	557	260	
1220	1301	1431	
147	200	269	
229	336	374	
434	604	318	
1371	461	1289	
1708	1029	757	
654	743	1582	
1362	621	647	
1057	1216	1133	
975	934	1575	
1705	1059	1008	
280	187	466	
1333	1385	1141	
284	1012	1004	
211	284	140	
646	709	830	
642	796	843	
1536	1297	1466	
618	263	458	
633	670	828	
643	514	796	
1269	1911	1215	
756	1255	589	
221	165	213	
293	107	181	
617	1325	543	
119	279	364	
660	798	945	
315	810	538	
305	957	858	
313	143	128	
1253	1160	1320	
1319	834	842	
326	260	116	
1049	1119	1428	
185	488	522	
201	96	205	
141	285	320	
412	929	1258	
2163	763	666	
384	123	277	
318	712	851	
358	871	693	
611	437	529	
412	546	185	
968	1518	860	
1181	774	863	
1066	747	421	
243	231	77	
758	513	1403	
638	892	236	
1002	647	1442	
191	299	196	
474	310	259	
1814	1138	996	
683	931	888	
512	327	459	
823	289	501	
344	623	664	
266	403	277	
443	705	325	
324	104	157	
555	942	1015	
560	347	621	
1313	1899	1019	
977	321	405	
196	250	675	
371	955	635	
929	800	401	
1106	682	1604	
720	690	562	
149	166	268	
1353	1055	1118	
927	629	1125	
686	638	1005	
1586	393	1299	
288	176	359	
294	667	432	
732	1288	1247	
419	280	261	
1394	1260	544	
485	734	398	
1057	1264	539	
970	318	1261	
390	984	509	
352	1107	587	
