Factories	6	Jobs	200	Machines	2

Total number of component types per job processed by HSPM
6	8	12	5	5	9	11	12	7	10	8	8	6	12	12	8	6	12	5	6	9	11	5	11	12	11	8	11	10	12	6	11	8	5	5	8	9	7	11	9	11	6	10	8	10	9	5	5	11	5	10	12	12	5	9	8	10	5	12	8	10	6	6	8	12	12	9	11	5	7	11	8	12	7	9	11	7	11	7	5	7	12	6	6	10	5	7	10	7	6	8	10	7	10	12	5	10	5	7	6	7	10	11	8	9	11	12	7	6	10	11	9	9	9	9	5	11	5	10	10	5	8	12	11	9	6	8	9	10	8	8	10	9	8	10	9	9	12	12	6	6	6	8	8	9	11	10	7	7	11	8	7	11	9	9	10	8	11	9	5	12	12	12	6	10	8	8	12	6	8	8	7	6	7	7	10	7	11	10	7	6	8	9	9	9	10	7	7	12	9	7	8	8	10	10	10	9	12	6	8	

Total number of component types per job processed by MFPM
3	3	4	2	1	4	1	4	4	4	1	3	1	2	4	5	1	2	2	3	4	3	5	1	1	5	2	3	3	1	4	1	3	1	5	2	1	5	1	4	2	4	2	2	2	3	4	2	1	3	1	1	2	3	3	1	2	5	5	2	2	5	5	2	4	4	5	2	3	4	4	5	2	2	2	5	3	3	5	3	3	1	1	5	1	5	1	3	4	3	3	2	5	1	4	3	5	1	2	2	1	5	2	4	1	4	3	2	2	2	1	2	1	3	3	5	2	2	4	3	3	4	3	1	3	5	5	5	4	1	3	1	5	5	4	3	2	1	1	4	4	4	4	3	3	4	3	2	4	1	3	5	4	2	3	3	2	1	5	5	1	2	5	4	4	2	3	1	4	1	1	3	3	1	2	2	4	4	5	1	2	5	2	5	2	3	5	1	3	5	1	1	2	4	3	3	5	3	2	5	

All component type numbers for each job to be processed by HSPM
10	37	8	54	7	30	6	36	14	45	11	24	
13	61	15	4	9	50	8	34	4	70	0	27	19	28	1	24	
7	69	1	36	16	33	2	41	14	30	17	59	15	64	12	58	4	57	0	3	18	53	3	13	
9	8	4	37	2	10	15	3	6	60	
16	44	18	37	0	13	2	14	13	15	
17	44	18	27	10	10	19	75	4	22	2	29	11	12	12	14	14	15	
10	38	6	32	1	13	4	63	13	10	14	40	3	17	15	31	19	39	5	56	11	60	
15	8	9	14	13	2	2	36	0	16	3	29	12	24	17	59	8	44	5	69	16	49	4	70	
14	32	6	49	8	36	19	26	5	13	12	47	13	67	
12	6	0	35	17	15	18	43	13	33	1	66	19	18	16	3	6	40	9	57	
7	27	10	52	18	46	2	48	14	63	17	53	13	37	0	23	
6	53	0	4	5	68	9	50	3	41	17	19	19	24	8	1	
14	43	10	60	8	9	0	28	5	69	4	15	
3	32	11	13	7	57	16	1	15	68	6	67	2	73	8	61	0	21	1	37	14	62	13	10	
17	58	3	42	4	23	1	48	11	74	18	14	5	49	2	41	13	67	10	73	7	29	14	60	
6	71	16	15	13	51	4	66	0	11	5	24	11	5	7	31	
15	72	7	21	4	6	9	63	8	53	12	18	
7	47	11	23	18	24	0	60	12	20	5	53	8	32	14	52	4	16	1	41	2	13	17	65	
8	33	14	53	12	69	1	42	19	17	
15	19	7	24	17	75	6	50	10	14	12	35	
12	5	3	71	9	67	18	72	17	15	10	63	13	1	6	56	8	11	
16	73	10	29	5	3	19	50	8	66	15	55	18	53	13	51	7	45	11	41	2	65	
14	55	15	1	17	62	2	54	4	69	
11	69	3	63	18	26	9	16	15	67	1	49	6	32	17	54	8	43	5	17	4	35	
10	48	11	73	15	38	18	41	19	23	5	21	12	49	8	11	6	35	17	60	13	59	4	31	
5	69	17	55	2	74	1	44	13	46	15	37	18	67	6	11	7	2	16	18	14	33	
3	29	15	47	14	51	16	9	0	43	10	54	11	34	19	15	
15	18	11	8	19	71	10	36	12	51	16	70	7	65	13	47	4	66	2	43	8	40	
10	4	6	26	1	38	17	44	2	1	8	70	19	65	12	47	13	29	15	58	
16	54	19	18	10	61	14	16	4	37	5	74	11	11	7	14	3	75	8	58	0	44	6	55	
13	15	5	22	3	27	10	6	14	37	8	69	
16	41	3	9	11	26	1	38	0	70	8	52	2	23	18	57	9	33	5	24	7	65	
11	47	10	69	4	27	13	40	16	15	19	24	15	43	3	75	
8	64	19	25	12	3	4	1	14	30	
10	67	16	58	1	73	12	24	8	49	
12	62	13	74	17	10	18	44	1	71	2	67	10	32	9	64	
11	68	0	64	5	19	18	56	15	63	13	38	14	20	2	53	6	72	
9	24	5	47	13	43	11	20	14	6	2	44	19	28	
10	38	13	44	15	27	11	68	8	56	5	41	19	2	17	50	12	14	14	36	16	47	
1	65	0	34	9	44	13	31	4	13	14	17	7	6	11	52	6	40	
10	72	3	31	17	67	12	19	7	60	4	35	5	26	8	1	2	69	0	16	13	45	
11	30	9	24	0	33	15	49	16	34	18	55	
1	16	10	58	14	22	0	75	12	66	19	50	18	67	16	28	4	4	8	32	
16	34	9	15	13	20	19	49	10	38	6	8	5	31	3	14	
9	17	13	10	10	69	16	39	18	55	6	73	5	24	2	75	19	72	0	52	
6	29	14	28	13	53	11	10	8	11	3	62	1	70	9	32	0	4	
7	15	14	27	18	56	5	26	19	29	
0	38	5	72	19	7	14	28	3	33	
12	21	10	3	2	49	15	30	9	42	4	4	8	41	7	31	3	24	18	45	16	19	
4	43	0	23	5	4	19	74	6	10	
7	57	11	53	16	1	13	18	12	20	17	75	1	60	6	49	4	29	3	54	
1	15	2	6	11	74	18	70	15	36	10	47	17	4	6	63	13	56	3	20	5	34	9	31	
5	28	2	4	0	16	1	45	12	25	7	60	8	37	17	29	9	17	13	64	4	12	11	9	
8	59	18	37	10	27	3	42	7	35	
4	41	13	33	10	66	8	65	16	7	3	75	14	45	15	26	1	37	
2	59	13	30	3	24	14	7	12	27	5	66	7	9	17	13	
15	6	10	22	3	55	4	1	1	5	8	29	6	51	7	42	14	20	13	60	
19	69	15	56	9	42	10	45	5	49	
12	52	0	21	16	40	17	67	10	47	5	71	1	15	7	36	3	61	13	8	19	3	8	35	
11	30	3	71	8	22	13	55	6	7	14	25	9	41	10	28	
13	57	3	2	14	27	7	40	19	1	10	73	6	50	9	53	4	64	17	71	
3	39	8	41	4	54	10	32	0	29	16	48	
18	11	9	69	11	16	19	48	14	4	3	17	
0	38	10	46	11	17	8	48	14	40	6	9	12	6	19	24	
2	54	14	66	5	67	16	19	15	48	0	41	3	21	19	5	10	8	9	22	4	60	17	49	
14	59	6	41	11	73	5	70	10	55	4	61	16	8	0	72	15	6	9	18	17	54	7	31	
5	59	15	24	0	27	13	74	19	33	14	38	17	7	18	46	1	30	
5	37	18	30	10	74	2	41	14	61	12	52	17	27	8	6	4	54	19	1	1	46	
14	58	9	51	0	10	13	25	12	52	
19	57	4	38	12	61	8	54	5	60	13	5	14	3	
3	48	13	66	1	58	2	70	4	61	19	37	6	38	0	41	12	8	15	14	17	9	
2	20	14	8	18	62	13	34	8	31	0	16	16	48	11	52	
8	66	12	51	16	37	14	47	2	30	6	55	9	25	17	52	19	11	13	17	11	26	5	13	
18	68	2	66	4	26	0	9	12	27	17	7	8	3	
0	18	6	55	2	1	15	15	11	74	3	29	18	42	17	13	19	60	
11	24	1	43	8	21	19	40	5	2	17	22	0	45	10	69	13	68	6	65	16	17	
14	11	3	52	12	9	0	35	19	16	17	64	11	23	
19	8	16	19	14	63	8	36	6	14	15	61	5	28	13	44	17	24	2	12	12	42	
17	21	2	27	19	49	12	10	6	55	15	46	4	60	
16	26	3	12	14	70	18	1	7	39	
6	8	16	60	19	40	18	25	14	5	4	2	13	43	
5	52	17	46	1	20	16	35	9	71	2	13	18	59	4	31	7	63	12	21	8	18	15	25	
9	5	0	17	16	4	15	40	19	34	7	75	
13	2	14	49	9	16	1	29	5	9	15	45	
8	73	3	22	17	60	15	6	5	63	10	62	11	31	0	55	13	68	9	8	
8	5	17	48	15	69	18	51	2	41	
7	40	2	24	4	47	16	59	1	71	6	57	3	56	
14	6	10	11	1	45	17	40	8	9	7	64	12	4	18	35	13	34	15	18	
12	28	6	25	1	12	15	64	13	72	18	41	17	18	
18	64	15	25	10	36	3	53	2	30	19	50	
5	1	10	20	18	10	14	65	4	74	13	4	15	39	12	30	
17	42	8	30	6	26	0	32	18	28	16	2	14	63	3	56	15	60	11	20	
15	26	0	69	11	55	10	35	1	38	6	9	2	28	
8	39	7	27	16	50	18	52	2	57	3	5	9	46	4	4	14	67	6	7	
16	64	15	55	19	5	9	23	8	71	17	51	12	32	0	22	2	14	6	39	14	4	18	11	
19	48	5	75	15	17	2	45	3	1	
2	15	13	73	17	41	10	12	9	75	7	47	1	33	6	6	3	43	18	53	
2	8	8	37	11	5	4	75	15	58	
18	30	5	51	11	50	0	39	7	37	8	58	14	13	
6	17	7	71	16	26	12	28	9	15	4	58	
0	31	9	32	6	17	14	34	13	67	19	23	11	9	
18	56	2	66	4	40	7	42	0	38	19	15	12	75	16	50	6	22	8	14	
10	26	8	5	1	9	6	21	12	36	16	37	18	40	9	58	5	47	7	35	2	14	
13	61	6	74	1	43	18	47	8	55	11	7	19	70	12	36	
11	24	19	41	10	62	8	36	12	32	4	73	13	14	0	17	18	31	
19	41	18	17	8	44	13	9	17	16	1	61	0	27	10	63	5	8	9	25	14	60	
14	65	9	61	6	71	16	10	19	58	11	70	0	25	15	1	10	64	8	32	3	2	5	8	
12	36	13	46	19	28	10	41	17	43	8	21	1	17	
16	32	9	74	8	63	14	70	0	38	4	72	
9	1	12	14	7	31	16	6	8	53	13	62	10	66	19	22	17	4	1	70	
8	26	0	31	1	73	11	4	17	56	13	68	2	39	16	70	3	55	14	7	10	36	
19	18	5	66	14	55	7	39	0	25	4	41	3	64	12	7	11	26	
11	57	3	52	12	53	17	56	10	39	16	59	5	14	2	69	6	22	
0	48	9	3	7	28	8	30	16	32	3	44	4	55	10	40	11	69	
10	33	0	32	9	13	3	39	4	69	19	23	2	26	14	19	11	48	
10	12	5	45	8	33	9	61	12	32	
1	33	14	41	7	31	19	62	6	34	16	73	15	37	10	51	13	21	8	32	5	72	
18	62	14	12	10	68	16	10	0	54	
2	68	12	29	17	31	16	67	15	17	6	57	10	39	0	61	4	42	3	28	
4	8	2	70	17	30	3	13	0	52	12	42	5	16	8	31	10	38	13	37	
13	20	10	68	4	36	11	33	12	30	
14	16	10	61	0	50	17	44	19	37	9	53	5	4	2	20	
19	67	18	5	1	44	10	28	7	37	12	34	6	27	15	6	13	13	3	58	11	60	17	8	
14	69	3	24	18	26	19	60	13	12	10	34	0	61	6	22	15	57	2	10	17	68	
3	20	19	48	2	59	4	33	1	25	12	34	7	7	0	31	5	63	
3	52	8	24	14	31	12	19	6	33	7	14	
5	71	2	53	14	21	6	11	1	70	12	59	7	42	3	72	
7	23	18	61	11	56	0	48	5	71	19	50	3	22	6	2	13	65	
9	55	0	17	12	58	19	10	3	31	17	11	5	40	6	49	8	75	14	63	
16	14	14	15	4	42	11	35	6	56	10	60	18	22	7	75	
8	47	5	40	0	63	18	8	7	31	9	49	2	11	13	22	
5	2	11	19	8	74	2	61	7	11	9	8	19	24	4	30	1	70	14	35	
0	67	16	38	9	52	7	2	13	42	5	73	10	24	14	19	15	26	
14	65	3	4	15	18	13	10	4	49	12	44	11	28	18	25	
12	55	17	75	18	28	14	20	8	3	5	7	0	58	7	9	15	45	4	27	
12	54	10	24	15	17	6	28	16	19	3	37	8	30	4	35	18	55	
15	54	17	42	13	64	1	9	2	62	14	70	5	25	3	53	6	50	
18	16	1	11	11	31	3	63	10	61	16	46	12	9	7	37	15	35	9	28	17	65	5	26	
13	65	15	15	2	56	5	28	3	49	17	71	18	8	11	25	7	27	19	42	8	13	9	46	
1	4	17	67	14	39	19	12	4	5	15	26	
18	72	13	59	7	64	16	57	10	22	2	34	
1	57	5	26	16	56	17	43	8	54	6	30	
3	54	11	21	9	1	2	18	15	66	6	29	8	43	1	49	
7	23	13	40	2	35	11	56	17	9	0	2	3	27	10	47	
15	59	16	38	17	49	19	44	12	13	2	75	6	32	18	12	1	5	
1	39	4	13	3	51	18	22	16	1	7	17	0	50	5	72	12	58	2	61	19	19	
13	33	5	64	17	60	16	17	1	68	19	12	8	58	18	4	14	22	7	57	
0	72	10	42	9	73	5	28	19	54	7	63	13	20	
13	15	6	17	17	32	3	1	5	3	16	9	12	49	
19	39	13	52	1	34	17	8	2	36	6	9	18	54	12	70	5	73	10	56	0	24	
12	3	8	27	15	64	1	22	3	63	19	1	4	30	18	10	
12	49	2	29	4	26	1	45	10	32	14	41	6	34	
3	43	1	60	0	69	18	57	12	33	19	12	14	21	15	10	17	29	11	5	2	15	
4	33	18	66	8	35	7	15	16	72	5	22	2	19	13	41	15	2	
14	21	5	62	4	72	7	44	3	56	2	13	13	61	1	28	16	15	
16	56	1	41	9	14	10	62	15	46	3	32	11	17	12	72	8	40	18	29	
16	53	9	16	6	59	1	31	5	19	15	33	7	72	13	64	
7	63	18	48	19	39	5	22	14	59	0	58	2	70	15	5	10	28	12	51	16	74	
2	70	1	26	3	13	11	68	17	25	12	6	14	52	18	42	0	33	
1	25	2	39	16	55	7	18	17	42	
18	2	0	62	13	35	5	56	9	71	14	14	15	1	16	5	19	48	4	73	17	22	12	30	
9	4	17	9	16	54	3	63	15	40	5	67	10	62	12	31	8	41	2	1	19	25	0	68	
4	7	3	4	9	75	18	31	10	21	12	1	16	45	13	64	17	65	6	25	5	49	19	36	
19	56	18	32	1	70	4	29	12	50	13	7	
13	43	5	47	3	32	14	58	0	55	15	64	4	22	2	50	8	48	18	34	
15	68	7	28	0	56	2	41	16	67	1	12	5	64	6	70	
14	1	11	32	13	46	5	7	19	20	3	6	17	2	4	58	
19	69	9	4	10	27	2	9	8	50	4	58	13	12	3	52	16	60	6	10	15	32	17	30	
18	19	16	31	11	65	3	34	15	52	2	44	
12	7	2	37	15	52	0	10	9	17	16	69	5	14	8	65	
2	48	9	21	0	50	18	7	12	3	7	73	10	15	8	33	
19	45	18	62	6	72	2	29	15	19	17	10	13	25	
9	36	2	63	4	34	8	51	12	21	19	73	
19	44	15	16	14	27	11	39	6	47	13	1	10	51	
16	49	11	71	0	5	7	10	13	13	12	34	1	56	
5	55	9	33	13	34	1	2	19	18	10	23	11	57	18	73	2	4	16	70	
3	66	19	39	6	10	11	24	8	62	2	57	10	72	
9	38	8	3	13	25	1	17	10	10	4	2	17	15	12	39	15	54	5	65	6	56	
5	68	10	16	6	31	1	3	3	20	19	56	12	53	7	44	11	42	15	46	
7	29	5	60	18	65	15	75	0	59	17	3	4	21	
18	14	7	60	1	64	15	35	4	38	14	61	
7	47	19	71	13	55	3	70	2	40	5	50	1	62	14	73	
10	54	0	68	8	45	1	14	15	72	14	37	11	64	6	62	17	30	
10	20	1	43	7	32	16	49	14	4	15	59	0	56	6	46	17	25	
14	56	11	42	18	13	15	6	9	9	5	41	17	45	4	44	3	31	
16	56	18	29	15	40	8	13	11	75	2	74	6	30	7	53	10	28	1	58	
4	69	5	28	2	62	14	23	0	74	11	71	7	21	
3	72	8	74	9	20	11	48	0	63	13	10	15	5	
15	41	6	52	17	17	16	53	1	47	8	15	12	3	10	30	14	70	3	42	13	62	0	36	
11	2	4	42	6	36	19	14	3	49	10	55	13	22	9	52	7	60	
0	39	9	31	8	71	17	28	14	53	6	9	2	75	
7	43	14	54	0	57	1	63	19	61	3	20	17	52	15	24	
9	61	7	1	13	14	0	66	2	60	11	71	10	59	16	63	
2	25	5	75	13	55	7	65	18	19	4	31	0	70	11	12	17	62	9	35	
11	21	3	37	4	50	1	38	19	65	5	29	8	68	0	49	6	36	13	24	
7	70	13	41	9	44	18	19	17	35	10	42	6	43	4	5	16	33	8	68	
5	53	14	26	4	23	2	31	6	54	8	9	9	69	11	71	13	7	
4	42	7	27	19	15	5	72	16	36	6	33	17	11	10	62	13	34	15	64	8	37	0	5	
17	9	2	45	14	40	4	36	9	6	8	25	
6	32	16	14	1	22	9	17	15	6	10	44	0	39	12	20	

All component type numbers for each job to be processed by MFPM
1	24	0	11	5	15	
7	1	4	24	5	7	
8	22	0	2	4	15	9	9	
4	10	7	13	
7	1	
5	23	4	1	1	13	0	25	
8	21	
8	5	3	24	5	4	2	12	
2	23	5	12	1	14	3	4	
8	24	9	6	7	23	4	17	
0	3	
7	7	4	17	9	21	
0	4	
2	8	4	15	
5	4	4	8	6	25	2	5	
6	24	9	22	1	10	2	8	3	4	
0	12	
6	10	9	9	
1	3	8	16	
2	5	9	17	8	14	
2	17	5	15	1	16	0	5	
4	18	8	6	5	19	
4	8	0	13	7	22	9	6	3	2	
2	1	
1	18	
2	20	5	3	6	4	4	13	3	8	
6	15	0	7	
3	9	6	15	2	21	
2	8	9	11	5	17	
1	16	
1	12	5	24	8	15	7	2	
3	13	
6	1	1	18	3	3	
2	6	
5	24	9	19	1	21	0	11	2	2	
4	6	3	23	
6	9	
1	11	4	15	3	8	9	23	6	14	
7	19	
2	7	1	16	3	2	9	4	
8	23	2	25	
8	6	0	17	6	24	5	16	
5	10	2	2	
2	23	4	14	
9	15	2	22	
0	5	7	6	8	19	
4	3	8	20	0	11	1	17	
0	16	9	1	
8	2	
0	1	2	3	4	17	
5	1	
0	19	
6	23	7	4	
8	14	0	23	3	8	
9	10	4	16	1	19	
9	16	
2	6	0	5	
5	11	1	20	0	10	9	3	6	23	
8	11	0	2	7	1	1	14	2	7	
1	24	7	9	
1	14	7	4	
2	9	6	19	5	3	4	4	0	20	
9	13	5	3	7	7	6	23	0	4	
4	20	6	25	
7	18	6	4	9	9	3	23	
7	25	3	13	6	9	9	19	
3	12	1	20	5	6	7	4	2	15	
9	4	8	17	
0	20	2	1	8	2	
6	2	3	1	1	15	2	11	
0	4	9	19	6	1	3	5	
8	22	9	4	2	16	1	17	7	12	
0	6	5	1	
5	22	9	15	
5	20	2	23	
4	21	6	18	0	5	2	20	5	24	
7	21	5	13	2	6	
5	15	1	25	0	21	
8	23	2	18	4	8	0	12	6	24	
2	15	1	7	4	3	
6	4	4	6	0	3	
1	11	
0	6	
4	13	1	21	2	19	5	18	8	11	
1	14	
2	4	1	15	0	12	5	9	7	22	
3	20	
4	15	6	11	1	9	
6	2	3	7	0	12	2	17	
3	9	7	22	9	2	
4	14	3	11	9	19	
7	2	2	6	
3	14	9	4	7	7	1	18	2	12	
3	9	
0	2	2	8	7	22	1	19	
6	4	3	23	2	15	
5	4	1	20	6	6	7	12	0	9	
5	24	
0	1	7	5	
1	6	9	5	
9	12	
1	24	6	21	2	20	7	2	0	13	
4	23	2	18	
1	12	0	1	9	24	8	2	
5	9	
8	19	3	22	9	14	0	8	
7	3	2	21	5	6	
3	15	4	7	
9	11	5	15	
8	22	3	1	
8	24	
5	17	1	18	
5	17	
7	19	0	4	1	12	
3	22	0	3	6	19	
0	9	8	7	4	20	5	10	2	5	
0	22	1	6	
2	3	9	13	
7	2	9	16	4	20	6	10	
7	19	2	14	6	9	
8	19	0	5	9	23	
4	12	2	7	3	20	6	5	
2	8	6	13	4	10	
8	18	
8	18	5	13	9	19	
6	11	0	17	9	6	4	2	8	22	
2	22	1	8	4	5	8	4	5	9	
2	16	1	13	7	21	8	22	9	23	
0	12	6	3	1	2	4	17	
3	19	
9	8	1	7	2	3	
8	16	
6	24	8	2	2	10	3	7	7	13	
3	7	2	20	1	1	5	8	4	22	
9	4	0	12	6	17	4	14	
9	10	1	15	2	2	
5	2	1	19	
1	4	
8	19	
7	9	2	8	8	11	9	21	
9	20	0	22	4	11	7	13	
8	10	0	14	3	7	5	9	
3	17	5	21	2	8	7	22	
1	20	3	11	8	22	
8	18	4	14	2	7	
9	6	7	21	2	16	4	20	
6	23	2	12	8	19	
7	1	3	23	
0	14	9	17	4	3	8	5	
2	11	
4	9	1	4	2	24	
8	23	9	22	1	5	5	6	6	17	
6	16	4	23	2	12	8	3	
6	25	4	11	
5	2	7	17	0	7	
3	20	2	17	6	6	
7	22	9	1	
0	4	
3	8	5	10	2	4	4	16	1	2	
7	10	8	20	3	6	9	24	4	9	
2	5	
4	17	0	3	
6	24	9	19	0	14	5	18	3	9	
3	17	6	13	0	15	2	2	
1	18	6	23	2	10	7	12	
3	6	5	16	
9	12	5	11	3	7	
5	4	
2	11	4	8	5	24	8	22	
4	18	
0	12	
5	22	9	2	3	20	
8	16	6	22	3	14	
1	7	
4	13	7	25	
9	11	3	16	
8	2	9	15	5	24	7	8	
8	23	1	24	9	18	4	16	
5	11	7	16	9	2	3	1	4	14	
0	22	
5	15	0	7	
3	20	8	21	7	24	2	1	1	19	
6	10	9	24	
0	9	5	23	6	17	1	19	8	14	
5	25	3	14	
6	19	3	15	8	16	
6	4	4	10	5	18	8	19	1	6	
5	23	
7	11	9	23	8	5	
4	11	1	2	3	17	2	4	7	9	
8	17	
6	15	
4	5	3	19	
9	5	8	4	5	16	1	2	
5	2	4	22	6	25	
3	5	5	12	7	18	
8	11	1	9	7	13	4	23	3	2	
1	5	2	24	0	9	
5	9	7	3	
2	3	3	6	9	12	4	24	6	8	

Three processing times per job on each machine
The best scenario
276	157	
246	205	
213	124	
339	307	
620	424	
542	794	
481	265	
357	456	
194	221	
505	531	
273	516	
409	245	
440	393	
763	425	
297	343	
285	555	
370	780	
553	568	
312	182	
686	752	
275	222	
826	358	
85	167	
54	78	
349	491	
478	493	
679	333	
138	93	
79	156	
825	821	
317	306	
1000	798	
462	297	
159	96	
417	325	
304	637	
420	346	
507	359	
806	548	
819	661	
254	1462	
234	609	
282	91	
340	428	
109	318	
994	447	
633	203	
363	215	
371	343	
521	127	
816	1132	
69	91	
701	382	
144	215	
477	626	
144	172	
324	296	
289	714	
164	318	
209	100	
234	616	
985	497	
199	268	
87	89	
247	206	
141	70	
447	529	
790	822	
430	413	
86	141	
89	107	
180	378	
490	897	
297	448	
142	236	
138	53	
297	200	
631	1224	
641	1016	
74	208	
667	645	
333	128	
322	156	
386	447	
284	1120	
198	223	
181	128	
603	141	
573	363	
194	95	
297	87	
125	189	
146	148	
767	443	
80	239	
548	593	
237	426	
152	382	
122	271	
303	589	
598	254	
197	342	
400	360	
355	728	
635	722	
237	220	
96	84	
1166	765	
206	281	
139	93	
510	217	
490	310	
679	897	
915	574	
222	45	
767	992	
332	368	
265	210	
366	666	
251	197	
1145	447	
250	325	
510	341	
1024	716	
164	148	
129	197	
766	401	
251	670	
182	103	
329	323	
380	303	
334	520	
393	614	
738	1119	
533	721	
742	237	
773	850	
263	1102	
197	231	
892	297	
283	332	
165	165	
180	106	
380	208	
378	467	
132	128	
950	470	
767	216	
447	253	
687	800	
490	552	
388	1087	
440	402	
1032	208	
43	163	
187	173	
542	533	
166	99	
153	189	
835	984	
992	744	
469	974	
366	614	
711	1209	
833	359	
76	71	
201	209	
508	182	
220	411	
128	446	
42	75	
193	360	
98	80	
661	416	
698	849	
171	82	
207	268	
1273	763	
1166	1015	
590	946	
1389	281	
160	93	
403	277	
397	330	
87	100	
661	963	
242	436	
754	1155	
329	387	
896	511	
160	139	
603	415	
161	139	
256	205	
187	201	
329	547	
434	423	
165	159	
248	291	
428	642	
Most likely scenario
520	287	
252	332	
319	206	
509	523	
812	575	
875	1001	
724	494	
617	537	
238	280	
981	726	
283	552	
437	279	
705	718	
1094	775	
437	394	
324	646	
383	961	
633	654	
424	344	
1291	972	
446	249	
1201	582	
135	204	
100	112	
431	812	
593	697	
780	367	
148	137	
118	288	
974	1029	
319	355	
1094	929	
488	414	
180	124	
536	492	
424	678	
824	349	
612	711	
1264	862	
882	1085	
407	1504	
242	721	
370	160	
365	592	
152	383	
1314	806	
957	380	
390	397	
713	683	
650	195	
891	1287	
124	160	
806	499	
169	319	
564	1030	
287	202	
373	482	
439	923	
190	363	
341	160	
424	828	
1176	511	
258	328	
171	127	
398	292	
142	103	
554	675	
1359	1156	
441	431	
150	151	
165	152	
297	391	
863	968	
365	451	
164	259	
171	56	
480	241	
1198	1343	
1163	1315	
139	255	
773	647	
393	224	
356	287	
754	834	
355	1299	
324	229	
271	192	
618	205	
737	511	
273	136	
330	128	
134	224	
272	174	
1195	490	
134	334	
565	747	
426	512	
278	584	
180	372	
493	595	
627	444	
272	407	
523	501	
418	779	
732	838	
472	414	
188	94	
1242	1418	
337	301	
148	122	
645	248	
680	546	
923	942	
994	783	
227	76	
1259	1377	
621	384	
399	260	
436	771	
294	233	
1235	754	
333	337	
855	505	
1141	1175	
293	175	
150	263	
782	618	
382	1071	
253	181	
351	389	
403	426	
412	796	
412	857	
1109	1212	
810	1212	
761	328	
929	1197	
404	1443	
211	456	
997	418	
487	351	
244	168	
207	143	
547	316	
555	929	
210	206	
1037	502	
830	290	
459	434	
1258	987	
809	584	
648	1301	
584	601	
1146	291	
76	202	
191	257	
632	719	
213	113	
195	322	
989	1105	
1006	905	
587	1052	
656	1088	
1376	1442	
866	628	
148	101	
346	212	
513	253	
417	560	
206	703	
53	95	
376	458	
147	89	
861	599	
756	1056	
207	112	
235	324	
1396	888	
1427	1421	
932	1216	
1430	355	
168	142	
543	528	
571	602	
167	157	
822	1341	
316	664	
949	1312	
418	391	
1107	771	
225	213	
615	632	
315	250	
337	295	
298	339	
440	567	
676	780	
249	267	
479	499	
662	937	
The worst scenario
588	411	
373	366	
365	264	
696	610	
924	630	
892	1179	
830	580	
621	760	
325	284	
1359	995	
415	786	
475	352	
948	807	
1349	1153	
592	444	
341	855	
481	1397	
854	872	
469	403	
1342	980	
582	302	
1447	846	
153	233	
126	113	
484	968	
861	758	
1099	526	
165	172	
143	321	
1067	1092	
450	375	
1605	1379	
688	509	
210	139	
751	648	
476	809	
929	437	
664	812	
1800	985	
1312	1156	
576	1741	
335	1076	
519	194	
479	803	
199	467	
1882	1120	
990	506	
451	563	
715	781	
861	244	
1248	1759	
170	213	
1205	600	
249	348	
711	1182	
417	228	
407	593	
500	1142	
284	413	
456	167	
513	1001	
1359	745	
293	363	
185	154	
554	367	
152	145	
632	950	
1746	1422	
579	612	
174	195	
230	194	
436	450	
1029	1348	
434	559	
169	351	
239	83	
528	242	
1413	1602	
1308	1696	
172	352	
806	897	
476	324	
527	306	
843	1115	
452	1471	
342	316	
359	278	
926	245	
743	663	
280	148	
420	138	
138	311	
355	253	
1262	660	
148	340	
815	1101	
548	688	
362	727	
215	437	
613	615	
880	640	
302	428	
608	621	
602	1005	
738	1140	
531	566	
231	106	
1533	1439	
445	402	
194	160	
729	279	
773	745	
927	1413	
1152	1015	
329	110	
1289	1936	
895	396	
459	368	
453	853	
436	309	
1333	983	
451	451	
1021	578	
1224	1310	
399	257	
201	310	
1065	793	
495	1361	
318	253	
366	423	
577	576	
592	1007	
545	1269	
1434	1673	
1196	1670	
1139	335	
1259	1388	
473	1484	
268	534	
1188	542	
707	465	
332	183	
215	166	
741	453	
701	1064	
280	291	
1359	692	
945	402	
660	635	
1501	1130	
875	617	
678	1752	
817	611	
1306	325	
90	257	
263	340	
829	722	
317	154	
239	395	
1446	1125	
1046	942	
670	1122	
812	1091	
2010	1955	
1140	766	
179	140	
437	218	
692	287	
529	568	
239	914	
75	110	
402	558	
154	100	
871	864	
887	1204	
214	160	
278	392	
1961	1099	
1580	1732	
962	1718	
1547	360	
206	159	
647	754	
736	854	
241	186	
1154	1584	
317	940	
1088	1680	
592	571	
1592	971	
320	220	
667	870	
462	304	
368	442	
365	469	
474	768	
741	1120	
312	323	
646	717	
972	1109	
