Factories	6	Jobs	100	Machines	2

Total number of component types per job processed by HSPM
5	5	5	7	5	6	11	10	12	9	12	10	8	7	5	5	7	5	10	11	12	12	8	8	8	5	12	10	10	12	12	12	10	12	5	11	10	12	5	6	6	9	10	11	6	12	10	7	9	5	12	6	12	8	7	5	12	7	10	11	8	8	12	7	11	9	5	6	8	9	12	12	6	8	10	5	6	9	6	12	11	7	11	12	10	7	8	5	10	5	6	10	5	9	7	8	7	10	12	9	

Total number of component types per job processed by MFPM
1	5	4	1	1	4	3	2	1	2	3	1	5	5	4	3	4	3	5	4	5	1	3	2	1	4	1	2	4	2	1	3	3	1	3	4	5	5	4	2	1	4	2	3	4	2	4	2	3	3	4	1	1	2	5	2	4	5	1	4	2	4	4	2	5	4	3	2	1	2	3	4	5	4	5	5	4	2	2	4	4	1	3	2	4	4	1	4	1	2	2	4	3	1	1	4	3	1	5	5	

All component type numbers for each job to be processed by HSPM
4	27	16	65	11	63	2	17	6	31	
0	50	6	47	3	71	16	29	10	2	
11	35	3	23	13	66	8	72	0	17	
2	17	15	71	11	10	14	53	6	56	17	35	13	3	
7	27	6	64	18	47	16	8	0	71	
12	36	14	33	10	17	4	44	1	40	7	53	
19	4	8	29	11	34	16	13	15	35	5	5	12	40	7	19	9	65	3	30	14	62	
13	32	17	1	0	54	3	49	10	42	1	5	8	59	9	15	14	48	7	39	
4	15	14	51	16	40	2	26	18	42	9	27	19	23	11	74	3	49	10	36	15	60	6	29	
15	35	9	38	13	73	10	36	17	11	16	42	18	27	1	47	14	67	
12	1	3	44	18	32	8	63	19	73	1	48	16	20	0	10	6	39	17	65	13	7	7	19	
14	7	5	32	4	11	6	43	18	44	10	29	8	69	19	52	12	4	11	34	
2	6	15	73	11	36	18	48	8	5	0	64	12	70	14	49	
3	53	6	8	15	65	0	75	1	28	2	22	13	16	
19	23	4	32	15	5	3	61	2	20	
12	4	6	48	10	43	1	64	19	28	
10	11	18	70	0	29	17	50	9	34	12	73	3	58	
16	22	6	68	19	38	4	10	17	57	
16	24	13	55	4	64	6	15	18	51	12	19	0	30	19	21	3	62	8	6	
19	18	0	11	15	51	11	75	12	66	3	27	14	53	6	21	13	9	2	2	16	49	
9	66	2	22	17	69	18	33	13	73	4	62	6	60	12	10	8	61	16	47	19	12	1	44	
13	60	5	7	11	18	4	12	9	47	0	20	14	71	15	72	17	35	10	58	7	39	12	41	
17	17	18	12	0	73	15	50	5	46	8	15	14	22	3	1	
19	24	14	28	0	40	9	67	1	25	13	55	4	23	7	8	
9	32	6	15	19	24	7	75	10	40	15	4	5	52	2	35	
11	35	14	3	9	27	15	43	19	1	
11	34	10	54	19	38	15	19	6	61	14	58	1	2	0	27	5	6	4	49	12	56	8	17	
19	39	10	67	17	14	1	3	18	23	14	64	0	34	13	12	12	10	16	40	
2	25	14	21	19	38	9	20	11	8	8	57	4	31	10	12	18	23	12	2	
15	37	14	3	16	26	6	16	12	65	2	55	7	24	0	15	18	30	4	58	17	56	9	51	
9	9	8	13	16	72	15	47	2	3	14	43	5	65	0	69	3	5	7	61	6	20	1	40	
6	53	14	51	11	9	4	56	16	37	19	59	2	16	1	2	3	52	18	15	9	6	15	10	
7	43	5	64	13	2	4	74	0	44	8	32	1	27	3	71	6	28	14	52	
2	6	11	2	5	50	8	5	7	13	16	45	12	24	17	1	3	8	9	54	10	27	6	18	
11	30	8	11	12	70	18	4	1	24	
17	46	10	36	15	68	19	65	3	10	8	51	13	57	0	3	9	75	2	27	7	49	
15	7	19	22	18	57	6	73	11	48	7	21	1	64	4	16	16	5	5	40	
6	34	5	58	12	15	1	55	9	46	10	59	4	24	17	70	3	10	7	8	19	26	2	30	
9	69	8	29	18	19	15	13	5	45	
18	10	8	42	7	59	4	48	14	52	6	63	
16	9	2	38	5	34	18	18	11	19	7	16	
10	18	5	22	3	35	19	14	9	33	7	67	2	61	16	11	13	45	
10	59	16	61	19	30	7	32	9	65	0	36	11	71	17	12	18	64	12	18	
13	49	1	1	17	22	15	2	10	34	0	37	16	13	18	48	7	44	3	38	11	6	
7	10	1	30	15	29	5	50	8	48	12	34	
3	52	6	33	15	5	7	73	2	65	1	18	12	58	0	2	14	3	4	36	16	29	13	27	
15	48	0	5	6	55	13	32	9	62	2	3	7	21	1	50	18	38	8	56	
4	53	9	19	19	31	2	30	7	60	15	64	11	25	
0	66	2	50	6	9	8	51	3	61	9	64	16	49	14	26	11	68	
18	9	9	44	1	37	3	42	4	62	
11	60	1	9	10	26	4	42	16	69	2	6	8	7	5	5	9	30	13	37	15	47	7	1	
6	2	10	70	11	44	12	9	7	47	5	50	
0	1	6	59	14	57	13	12	18	38	3	68	12	6	5	37	16	66	2	22	8	32	9	29	
11	28	19	54	7	25	14	34	3	60	5	62	17	29	0	22	
19	4	18	14	9	40	6	45	1	2	8	75	16	24	
4	35	14	69	9	45	2	48	16	30	
16	60	13	15	14	13	3	57	1	24	18	32	4	75	5	50	19	30	7	17	12	3	11	18	
0	61	1	63	17	10	16	1	6	52	13	34	3	5	
1	72	14	5	18	58	4	35	9	64	16	14	6	70	0	24	10	48	2	4	
10	18	4	26	2	46	15	74	0	62	16	16	19	59	8	35	5	64	6	20	9	23	
16	46	1	18	3	51	10	70	2	35	6	74	12	1	9	2	
8	37	0	22	17	3	4	69	6	55	12	5	7	13	13	56	
6	10	12	17	11	15	10	61	1	53	5	19	15	25	14	74	17	29	3	13	4	3	16	62	
10	20	14	73	8	8	19	5	4	46	13	33	12	31	
13	11	5	56	14	6	9	1	7	65	1	43	12	5	16	8	8	50	18	26	0	41	
19	46	2	31	3	63	14	19	0	47	10	5	11	54	8	67	7	26	
1	75	13	15	8	9	6	53	2	60	
7	42	19	72	0	38	3	26	11	55	14	74	
19	74	17	64	12	68	3	36	7	40	9	50	11	28	4	63	
1	19	12	13	6	11	11	69	3	25	17	8	18	44	19	63	0	27	
1	14	17	24	2	38	8	66	7	1	4	36	6	39	14	17	19	42	5	53	15	64	13	41	
15	26	16	73	8	49	6	20	5	47	2	10	12	27	19	33	1	28	7	75	4	50	13	58	
6	38	2	55	12	33	16	1	15	21	7	20	
19	53	6	24	7	34	0	38	13	19	10	55	11	16	12	10	
9	23	5	36	15	55	11	2	10	50	4	34	7	22	19	38	0	69	1	75	
1	9	10	47	14	61	5	3	9	22	
18	6	3	15	2	13	11	21	1	47	7	55	
0	27	16	43	4	36	8	16	5	9	15	46	11	1	18	17	9	67	
17	18	10	41	1	75	2	28	12	59	13	8	
8	25	13	21	9	67	16	24	3	42	12	6	4	3	14	30	5	73	7	50	6	41	10	15	
5	8	4	60	17	13	15	57	11	16	18	61	9	62	13	41	14	3	8	64	1	19	
9	33	11	20	2	19	13	13	0	60	1	75	6	63	
0	54	8	21	5	60	13	58	4	27	3	17	1	73	10	15	14	53	2	7	9	59	
19	11	2	15	12	59	4	17	0	5	1	66	11	28	18	36	6	8	10	44	3	9	5	51	
2	62	1	52	6	37	13	12	14	8	4	61	10	66	0	2	16	55	3	26	
14	43	0	35	1	1	7	4	10	3	2	32	9	49	
4	44	10	27	13	11	7	75	8	72	11	16	12	21	2	8	
15	74	0	33	7	5	14	23	5	16	
15	57	14	47	19	8	11	74	12	36	4	55	9	67	13	30	5	42	10	6	
19	73	6	31	12	60	0	18	7	17	
6	70	14	72	3	16	12	7	5	58	15	33	
18	49	10	8	4	71	7	13	15	31	3	25	14	27	9	75	8	69	1	55	
6	33	0	28	5	46	10	37	11	56	
1	16	2	67	14	66	0	57	9	5	7	7	4	28	17	4	12	29	
7	60	12	45	5	69	10	30	16	40	0	28	15	33	
18	57	17	39	8	3	12	12	19	10	0	16	9	29	10	22	
8	71	19	18	13	16	16	29	7	4	1	68	0	23	
4	44	13	74	7	69	9	48	12	8	18	67	8	52	16	62	19	54	17	46	
0	59	19	1	17	56	7	2	15	4	6	5	11	45	12	26	1	19	13	75	9	74	14	70	
9	23	11	28	0	64	7	46	12	40	8	72	15	4	2	57	4	33	

All component type numbers for each job to be processed by MFPM
2	3	
4	12	6	19	3	9	0	10	8	7	
2	9	5	7	8	8	0	22	
2	6	
7	18	
4	25	6	13	9	12	5	6	
7	12	0	11	4	20	
9	2	1	4	
8	6	
9	17	8	24	
7	10	5	14	3	18	
4	25	
2	15	7	17	1	13	9	10	3	8	
2	22	0	6	9	1	1	21	5	19	
4	6	1	22	9	16	7	15	
3	7	0	2	4	15	
4	12	3	15	5	4	6	14	
7	6	6	25	4	12	
8	8	0	11	7	19	6	7	9	6	
9	18	5	6	3	14	1	11	
9	5	5	12	4	2	1	15	6	11	
5	6	
0	4	8	2	6	3	
5	22	0	8	
1	25	
8	11	3	7	6	9	5	16	
2	21	
3	13	1	14	
6	17	4	15	1	2	0	11	
8	3	1	12	
0	17	
1	24	0	12	3	17	
0	23	2	18	8	6	
7	8	
9	19	0	5	5	25	
9	1	7	22	0	11	3	3	
9	25	3	2	7	4	8	7	0	9	
3	13	4	15	1	8	7	2	6	23	
2	7	3	14	0	12	6	22	
5	23	3	25	
9	3	
8	7	6	23	2	2	0	5	
6	6	3	21	
7	4	4	17	0	9	
8	5	4	4	0	9	1	8	
0	23	3	7	
9	4	1	22	3	12	7	1	
0	3	4	1	
5	21	4	22	0	25	
2	2	7	13	5	11	
1	11	5	18	8	12	9	14	
8	9	
8	9	
3	14	8	2	
3	11	9	5	2	19	4	1	6	24	
0	12	5	10	
1	12	8	19	2	21	6	25	
1	5	2	23	3	13	4	1	7	17	
0	24	
7	4	3	18	8	13	0	23	
8	7	0	21	
7	16	2	8	5	20	1	22	
9	15	0	5	1	21	3	25	
2	2	9	25	
8	21	3	9	5	10	2	22	0	12	
7	9	6	22	1	14	9	24	
1	12	7	3	4	18	
6	8	7	25	
3	6	
1	17	8	16	
7	15	8	20	2	17	
8	1	4	17	9	16	6	11	
3	4	6	17	4	25	2	21	8	9	
1	21	9	4	6	11	3	13	
8	6	2	9	3	14	0	12	4	8	
8	13	2	10	0	15	4	5	1	6	
3	14	8	10	5	1	4	17	
6	21	4	19	
2	9	5	21	
8	2	1	5	5	1	9	18	
5	11	6	24	4	5	7	25	
7	14	
1	23	4	5	3	10	
0	3	5	16	
7	16	1	6	3	3	0	25	
6	2	4	18	3	10	0	5	
3	24	
4	3	6	21	5	5	2	7	
6	25	
5	6	8	15	
1	6	7	15	
4	15	7	5	5	6	2	1	
9	24	7	3	2	11	
5	18	
5	10	
1	23	6	10	5	9	9	13	
4	18	2	13	7	3	
5	19	
4	12	3	7	1	3	9	11	7	22	
7	23	1	6	9	14	8	22	2	19	

Three processing times per job on each machine
The best scenario
522	826	
104	117	
184	174	
262	714	
115	120	
317	604	
634	258	
265	349	
859	598	
159	1129	
172	52	
141	129	
430	714	
580	393	
169	182	
370	160	
1155	525	
69	81	
457	712	
891	261	
1054	367	
148	85	
421	821	
344	210	
193	298	
901	1138	
177	324	
154	173	
448	268	
487	282	
244	377	
126	241	
323	272	
46	115	
229	406	
1169	774	
268	142	
640	278	
182	158	
313	76	
339	426	
311	734	
937	990	
166	204	
260	488	
553	570	
566	679	
373	237	
1158	365	
394	346	
44	81	
95	150	
324	397	
673	590	
475	486	
163	103	
683	477	
524	416	
159	291	
346	64	
220	375	
546	202	
319	394	
608	747	
129	176	
158	104	
208	398	
178	236	
255	363	
381	861	
123	43	
984	364	
230	275	
393	129	
164	239	
372	654	
354	479	
587	269	
423	222	
215	358	
118	105	
425	593	
927	976	
371	573	
77	167	
331	177	
1056	357	
391	375	
134	118	
553	1022	
384	254	
207	345	
108	324	
141	213	
664	399	
321	208	
50	228	
250	443	
579	430	
350	577	
Most likely scenario
551	1014	
161	118	
207	247	
376	749	
193	132	
586	1080	
712	415	
476	375	
1093	984	
299	1187	
180	78	
243	158	
744	746	
614	463	
318	200	
416	227	
1224	585	
86	141	
473	1128	
1057	401	
1179	411	
192	118	
818	998	
480	384	
224	514	
1453	1434	
289	357	
219	346	
525	437	
710	359	
260	425	
218	263	
527	467	
67	139	
353	468	
1323	800	
289	151	
879	501	
235	210	
332	147	
396	621	
562	740	
1126	1551	
297	328	
303	838	
817	802	
636	1026	
405	415	
1331	379	
476	532	
55	155	
157	179	
353	439	
680	901	
666	488	
179	181	
1035	653	
712	798	
284	538	
354	123	
307	690	
746	337	
622	538	
787	989	
149	210	
165	140	
304	483	
346	412	
337	559	
392	1076	
135	82	
1020	507	
318	323	
405	253	
237	428	
681	776	
578	515	
697	478	
466	329	
345	583	
143	195	
488	1038	
1087	1037	
557	711	
127	240	
617	265	
1134	491	
516	388	
226	122	
887	1297	
405	338	
235	378	
168	515	
205	215	
712	656	
372	264	
84	240	
278	537	
673	584	
646	770	
The worst scenario
676	1181	
200	138	
245	305	
497	1045	
195	161	
772	1148	
784	569	
657	510	
1147	1102	
368	1404	
225	92	
260	207	
889	771	
868	648	
418	266	
465	297	
1252	703	
104	152	
682	1288	
1233	448	
1479	554	
201	169	
904	1039	
562	388	
325	746	
1731	1971	
355	446	
258	429	
774	590	
877	476	
275	546	
301	270	
734	493	
98	181	
441	667	
1771	1192	
429	186	
928	548	
252	230	
417	212	
413	834	
633	1035	
1322	1707	
410	332	
454	1151	
891	1014	
925	1485	
546	460	
1676	476	
549	612	
62	205	
190	263	
389	506	
879	1306	
843	582	
217	256	
1376	740	
923	983	
319	704	
517	127	
390	760	
1056	483	
891	752	
1074	1243	
161	291	
210	172	
308	647	
503	453	
380	701	
574	1293	
153	106	
1079	618	
364	337	
454	255	
321	556	
790	1104	
778	605	
1039	501	
574	360	
374	650	
183	266	
598	1163	
1274	1381	
830	763	
185	243	
673	309	
1238	556	
705	524	
286	154	
909	1339	
497	341	
238	452	
220	705	
270	252	
915	961	
493	360	
86	289	
381	616	
946	599	
826	1143	
