Factories	7	Jobs	150	Machines	3

Total number of component types per job processed by HSPM
11	6	7	12	5	12	6	12	11	5	5	12	12	8	6	8	9	7	6	11	12	8	9	6	7	5	8	7	7	5	12	5	11	12	8	11	8	9	10	11	7	7	10	5	9	7	6	8	9	11	5	8	11	5	11	9	12	9	12	11	10	9	12	6	5	8	6	8	7	9	12	5	8	9	7	6	12	10	7	5	9	9	5	7	11	10	7	11	10	10	12	11	8	6	9	9	11	10	11	12	10	12	5	10	6	11	12	7	6	10	9	7	7	9	7	9	11	6	7	6	10	7	8	8	7	11	10	5	5	10	5	6	9	11	5	11	9	5	9	10	5	7	12	8	5	11	11	6	12	8	

Total number of component types per job processed by MFPM
3	2	4	2	2	3	1	5	4	5	2	3	4	1	4	5	5	1	4	1	2	1	4	2	2	5	1	1	3	2	3	3	1	1	1	5	3	3	3	5	5	1	5	1	5	1	3	2	2	3	1	3	1	2	1	4	3	1	5	5	3	1	2	4	3	2	2	1	5	2	5	3	3	1	3	5	2	5	3	3	1	1	5	3	2	3	1	4	1	1	1	4	4	2	5	5	2	2	4	5	1	3	4	2	2	1	1	5	2	1	5	5	4	2	1	2	3	4	5	3	1	1	5	2	3	3	2	2	4	5	5	4	2	1	3	2	5	2	5	3	4	2	3	1	5	2	4	3	5	4	1	2	5	4	3	1	1	2	2	3	2	2	5	4	1	5	3	5	2	4	1	3	4	2	1	4	3	4	3	4	2	2	3	4	5	2	2	1	5	5	4	3	3	4	1	2	5	4	1	2	3	4	4	4	2	5	2	1	1	2	3	5	4	5	5	2	2	4	1	1	2	3	5	4	3	2	2	5	1	2	2	5	1	5	4	3	3	1	4	3	2	3	1	1	4	1	4	3	3	1	2	1	5	2	4	2	5	3	3	5	5	4	3	2	3	4	4	3	3	3	3	1	3	2	5	4	3	1	5	5	2	1	5	5	2	3	5	1	2	4	2	5	2	2	1	2	4	4	3	2	

All component type numbers for each job to be processed by HSPM
3	13	14	71	19	18	1	12	17	46	11	48	13	19	6	28	15	6	0	41	8	17	
10	8	0	3	12	44	5	58	3	59	6	28	
17	43	3	3	6	65	14	29	18	66	16	68	19	53	
14	47	2	60	1	32	16	22	7	34	4	31	15	56	18	26	6	70	3	45	0	14	17	1	
4	6	0	40	8	38	5	19	2	35	
5	23	12	18	19	62	1	57	14	30	9	24	8	70	16	51	3	28	0	32	2	1	18	54	
3	35	0	16	1	45	13	29	12	37	15	4	
5	2	13	19	9	37	15	50	6	63	0	47	2	74	7	8	14	33	12	61	3	57	1	44	
16	42	14	40	17	62	13	21	5	35	9	46	2	29	3	31	0	6	11	7	1	48	
15	51	16	29	7	23	4	11	13	72	
18	70	9	42	12	16	8	30	11	68	
12	12	10	73	2	33	19	51	11	30	15	34	7	15	18	75	14	44	8	8	5	26	13	39	
4	39	13	64	16	51	7	61	15	43	10	19	12	70	19	36	17	24	3	50	11	33	0	10	
5	57	14	3	3	18	10	40	16	24	2	69	0	38	18	46	
3	34	17	41	2	40	9	52	10	46	12	2	
2	43	19	71	16	74	0	1	3	3	17	27	8	51	15	21	
16	7	17	70	13	16	18	27	7	55	0	8	4	68	14	31	15	28	
2	6	0	42	6	21	7	68	4	14	16	23	11	36	
0	54	12	18	1	21	2	20	17	24	18	38	
8	53	6	36	12	15	16	30	17	7	19	51	9	10	11	4	14	69	15	68	10	28	
17	47	13	36	10	67	11	26	5	55	15	38	12	28	4	12	7	29	8	74	9	52	6	64	
3	40	14	12	1	55	5	32	2	31	11	65	8	23	16	46	
13	9	2	52	5	29	1	38	9	73	4	36	14	56	17	44	15	62	
9	19	6	46	13	53	12	9	18	16	10	54	
15	52	12	29	6	69	17	28	2	16	10	39	11	71	
19	61	3	33	5	59	6	58	1	69	
2	40	0	72	15	25	10	38	12	31	19	1	6	11	17	75	
9	25	4	10	18	50	19	73	7	4	16	60	0	19	
12	24	2	34	0	56	7	48	10	53	3	10	19	44	
10	9	9	41	16	29	2	26	5	48	
5	67	6	72	0	70	9	2	2	23	4	11	15	41	7	34	16	32	1	62	11	18	3	65	
0	64	15	6	16	30	13	65	4	26	
5	73	11	44	14	40	6	34	15	56	2	35	1	67	17	26	10	14	13	64	0	18	
10	73	7	35	8	18	6	72	15	34	16	30	0	46	2	69	11	51	5	47	4	12	14	8	
6	23	4	26	13	15	17	24	15	56	14	14	0	51	8	8	
18	56	3	34	2	8	1	22	9	23	0	45	14	54	12	53	19	1	4	57	11	52	
7	47	17	16	9	26	3	69	8	67	5	18	6	53	4	29	
15	3	13	20	3	17	12	27	9	57	16	28	11	63	14	25	6	69	
0	73	11	38	19	31	17	9	13	62	4	45	7	72	9	57	1	53	2	8	
9	15	11	20	15	41	17	75	13	62	7	13	14	70	5	60	16	32	12	73	8	33	
5	42	17	46	14	38	11	2	15	14	6	8	16	51	
17	58	16	46	9	27	11	6	10	71	12	42	15	63	
10	69	8	14	3	25	14	22	9	52	6	29	17	74	19	46	0	36	2	49	
19	11	2	42	3	75	9	12	13	45	
14	42	16	71	15	27	12	31	4	66	10	46	6	26	11	1	2	23	
15	22	14	1	12	62	17	69	7	2	13	57	10	44	
6	68	9	69	3	29	18	23	11	17	2	63	
15	56	17	21	4	40	8	16	10	3	0	42	19	25	5	47	
3	28	19	25	2	47	9	37	15	35	6	71	10	26	7	39	13	22	
9	28	18	65	16	41	17	75	12	61	14	46	1	5	2	72	4	57	6	9	0	62	
10	72	4	38	16	68	2	6	0	52	
9	7	10	47	11	74	0	16	14	21	13	29	19	63	2	56	
1	13	12	69	4	25	6	27	18	48	11	5	17	57	0	72	14	1	8	19	19	40	
18	67	19	68	13	39	15	16	9	42	
0	38	3	40	15	50	14	1	5	10	16	67	8	12	11	13	10	35	13	75	9	46	
18	14	6	28	13	57	11	10	2	44	12	70	0	4	7	24	4	59	
13	10	9	68	0	61	4	6	7	45	10	32	3	72	16	40	11	64	17	21	19	3	2	1	
15	65	19	75	0	45	17	36	5	74	18	52	4	70	10	10	14	37	
16	46	7	73	3	45	18	31	6	48	19	63	11	58	15	39	0	37	4	29	8	75	13	9	
17	5	2	72	10	37	6	53	14	16	7	6	9	66	16	48	0	43	8	7	12	12	
17	55	12	73	19	44	0	42	3	5	14	64	7	67	9	36	16	22	1	17	
16	54	2	8	7	26	13	20	4	24	19	18	17	28	10	29	5	32	
17	32	0	4	19	70	18	51	11	15	5	3	8	28	4	30	10	38	7	60	2	27	14	2	
1	24	18	27	12	48	4	31	19	5	7	35	
11	19	5	61	15	72	4	51	13	2	
8	47	7	45	14	29	12	37	10	42	3	36	6	2	0	75	
8	1	10	5	6	6	15	43	11	52	18	38	
5	53	13	65	6	41	17	67	4	51	9	33	0	66	8	44	
2	17	9	44	4	20	3	13	11	27	6	22	14	34	
13	74	0	68	4	7	15	61	10	64	2	75	5	21	7	37	17	20	
4	44	10	71	13	29	11	1	1	43	12	28	2	67	3	8	5	75	0	52	18	55	14	54	
1	61	18	74	6	35	4	67	0	66	
4	30	0	32	19	52	14	41	8	75	2	71	5	13	16	55	
3	10	14	23	9	39	5	31	18	45	4	49	13	40	6	46	10	59	
4	32	0	53	10	31	12	40	3	63	7	9	2	69	
0	45	3	43	14	41	5	1	1	50	8	56	
14	12	17	62	3	11	12	48	4	15	6	60	10	70	18	71	8	45	15	50	1	61	7	38	
0	55	1	29	19	34	14	75	7	70	15	48	16	5	8	26	9	63	2	16	
2	39	12	50	18	12	16	2	7	74	17	55	19	56	
3	62	14	21	2	37	15	50	11	6	
0	31	9	38	15	69	19	56	17	50	11	33	13	61	5	34	7	49	
5	52	1	45	18	72	0	58	14	22	12	12	8	59	2	54	9	60	
5	43	14	68	11	71	0	35	13	22	
8	18	7	31	6	61	17	32	18	24	2	23	10	58	
4	4	12	51	7	53	15	74	6	70	17	3	11	41	10	62	16	39	14	5	1	36	
6	9	8	10	3	41	5	26	18	61	14	35	7	44	0	73	1	47	10	40	
8	1	16	54	1	6	0	13	17	19	5	36	10	25	
8	55	14	67	5	33	12	49	3	66	6	52	15	61	9	24	18	72	17	16	16	48	
16	60	0	54	19	59	18	68	15	73	4	5	8	28	6	33	12	67	1	48	
1	39	17	47	16	6	18	41	14	63	10	66	12	5	6	65	0	11	19	48	
3	57	11	71	17	73	15	13	5	42	13	45	16	47	14	32	7	27	0	33	4	12	19	66	
5	66	6	62	1	7	14	42	12	71	13	73	17	20	15	22	3	28	7	59	18	1	
12	39	2	22	10	63	5	16	15	47	9	53	19	49	4	21	
19	14	7	47	3	40	14	12	4	16	11	32	
17	19	15	4	12	45	16	54	5	35	0	58	6	55	7	43	3	29	
19	20	15	53	18	2	7	12	16	40	6	15	3	18	2	68	11	41	
6	4	8	60	4	48	9	9	5	50	7	22	14	57	13	1	16	45	18	41	15	46	
6	63	18	58	13	48	1	44	9	50	17	33	5	42	19	11	2	43	14	7	
3	46	18	25	0	19	5	12	9	28	19	69	16	73	13	34	17	13	1	72	15	18	
15	61	4	52	6	33	17	10	16	44	5	64	18	7	13	56	19	41	9	75	10	72	2	66	
4	55	8	39	7	5	12	46	14	6	11	31	1	75	16	49	2	10	18	7	
16	62	3	47	13	13	12	25	17	65	7	8	11	32	15	72	2	17	18	67	14	10	19	28	
10	71	0	9	17	55	2	28	14	68	
8	7	13	29	0	45	7	11	15	69	6	24	9	68	11	60	2	31	10	8	
11	63	16	59	0	29	1	72	19	48	4	64	
12	12	3	23	18	59	0	6	6	65	11	47	2	32	4	75	16	29	19	3	9	18	
10	7	18	15	1	51	11	20	2	2	19	22	13	59	5	57	8	60	17	71	6	14	14	74	
17	35	9	61	6	10	14	13	0	71	4	72	5	6	
10	38	3	12	4	26	16	55	17	62	1	61	
3	4	2	30	1	55	10	6	18	27	17	60	19	53	14	71	4	13	11	9	
1	1	0	52	6	25	9	6	10	42	19	33	14	53	5	61	15	19	
10	56	12	54	6	65	14	45	17	57	13	24	3	73	
5	41	18	20	7	36	14	28	8	34	9	61	15	26	
16	12	8	31	9	69	10	38	17	56	5	47	3	22	14	70	1	73	
6	38	8	41	18	10	1	54	4	13	16	67	9	52	
5	57	17	11	9	71	7	51	4	50	1	28	11	19	3	49	15	1	
10	49	8	65	18	73	16	19	5	5	12	33	4	59	9	72	1	48	3	50	7	35	
10	33	3	47	2	24	16	40	19	27	9	62	
9	26	13	19	11	30	3	18	5	25	17	74	10	66	
14	11	13	34	8	38	4	54	10	7	0	30	
15	24	5	1	7	15	14	16	18	31	6	18	13	48	12	47	16	34	11	62	
19	64	4	52	6	28	9	36	13	18	11	5	12	24	
15	65	17	30	6	24	9	31	0	2	11	10	3	55	1	28	
8	11	10	49	17	39	0	6	14	50	2	15	3	52	18	68	
8	43	17	33	3	21	18	6	6	72	5	62	1	12	
15	53	3	45	8	5	2	48	5	19	9	58	19	9	6	16	4	34	7	51	12	57	
4	73	19	70	9	24	3	37	11	20	14	68	12	32	1	72	13	6	2	27	
15	28	18	11	1	64	10	54	16	38	
2	21	9	48	8	33	13	22	10	63	
6	26	7	60	14	6	16	70	0	14	2	53	3	4	13	11	15	63	4	29	
17	34	15	64	9	65	14	37	19	18	
4	56	19	17	3	68	11	7	16	18	15	67	
3	12	16	19	1	48	13	35	19	10	14	40	11	13	4	15	17	52	
11	37	4	63	14	38	16	28	2	69	0	70	8	17	9	41	7	12	19	14	6	6	
9	67	3	15	7	30	19	62	4	40	
7	55	6	58	13	6	15	62	3	49	5	30	1	22	9	68	8	4	19	69	4	41	
15	39	7	35	16	44	18	51	12	8	6	66	17	4	2	63	1	26	
9	11	17	70	15	6	5	32	16	56	
6	37	10	28	15	52	3	21	14	3	1	31	5	18	18	42	0	13	
18	72	4	75	10	48	5	46	13	8	9	54	11	53	2	10	0	51	15	60	
16	31	12	51	7	62	4	70	17	25	
10	35	8	69	7	4	9	44	3	5	16	53	17	63	
10	13	7	68	1	8	0	36	14	51	19	32	2	69	9	12	18	7	15	52	13	62	5	71	
3	13	18	67	16	15	17	10	2	18	11	2	12	22	1	24	
1	54	14	42	15	15	3	1	5	45	
2	54	4	11	18	33	6	40	0	22	5	27	8	6	1	55	9	49	13	12	19	47	
4	37	14	2	16	21	15	69	10	53	18	56	3	29	6	34	11	15	17	11	8	55	
19	3	14	9	2	44	10	55	9	54	6	71	
8	35	19	33	16	8	17	31	0	6	4	29	13	63	9	45	3	60	6	11	5	28	18	7	
3	11	17	21	10	23	12	72	9	73	15	45	2	40	19	18	

All component type numbers for each job to be processed by MFPM
4	7	8	15	7	9	
3	44	0	34	
9	9	6	2	2	25	5	23	
9	29	1	38	
3	13	2	24	
4	48	8	30	0	35	
2	3	
6	45	9	41	4	50	7	33	1	42	
0	10	5	6	4	2	2	16	
2	26	8	50	5	34	3	45	9	27	
1	13	3	15	
0	26	9	29	6	44	
8	24	2	10	3	18	1	5	
1	31	
9	10	3	25	2	15	5	22	
3	33	0	26	7	49	1	44	4	43	
6	1	1	9	0	22	7	12	8	4	
3	47	
9	15	3	21	0	11	7	25	
7	36	
2	23	6	24	
0	37	
6	7	2	21	8	10	5	11	
1	45	0	37	
6	1	8	11	
1	36	3	31	6	33	9	29	8	46	
7	1	
7	30	
5	3	7	5	8	21	
2	42	7	46	
1	15	7	16	5	10	
7	42	1	45	2	46	
9	24	
1	40	
5	20	
4	37	0	40	7	28	2	35	3	50	
7	22	0	6	1	12	
5	46	8	45	0	31	
2	15	0	23	1	5	
0	42	6	27	4	33	5	34	1	44	
4	25	1	21	2	14	0	3	8	17	
1	33	
1	24	2	15	8	17	5	19	9	9	
4	46	
5	13	2	21	7	4	0	15	6	14	
8	26	
2	8	9	20	7	19	
1	30	2	46	
6	6	9	12	
1	28	2	41	5	32	
5	18	
9	31	8	35	4	34	
2	1	
7	33	4	27	
9	21	
7	37	9	49	0	47	6	32	
4	18	6	8	3	7	
5	47	
4	14	3	22	6	10	2	18	5	8	
2	39	5	43	3	26	0	28	4	33	
8	9	5	7	7	23	
2	38	
8	16	4	19	
8	32	3	35	2	27	7	50	
2	15	9	2	5	4	
0	26	1	32	
0	15	3	4	
2	45	
6	12	7	6	8	19	1	2	3	11	
2	28	7	43	
6	19	9	10	8	11	4	22	0	18	
5	26	2	28	9	36	
3	1	9	23	5	25	
2	35	
1	18	0	25	6	9	
1	27	8	29	3	33	2	39	6	42	
3	12	6	14	
1	31	4	35	0	47	3	28	2	32	
5	22	6	20	4	7	
8	41	1	39	5	30	
9	14	
6	37	
4	15	2	9	1	2	9	13	7	19	
2	37	1	39	6	48	
1	5	3	24	
5	49	2	34	0	44	
6	16	
5	31	4	26	7	47	9	27	
0	22	
1	46	
9	21	
0	46	8	32	1	36	9	42	
1	20	9	11	6	14	7	8	
3	30	4	45	
9	2	2	6	8	8	7	9	3	16	
4	36	7	29	2	37	6	27	8	34	
5	24	8	1	
3	47	5	36	
4	9	5	3	8	21	0	4	
4	42	3	33	1	41	0	26	7	48	
8	12	
6	40	7	38	4	27	
5	1	7	19	0	4	2	13	
7	30	2	31	
3	1	2	14	
1	43	
3	15	
8	50	9	45	2	46	0	47	5	28	
6	7	8	20	
2	28	
5	19	2	14	1	3	0	12	4	25	
6	45	0	33	2	28	8	29	1	44	
9	1	1	17	4	6	6	21	
6	26	4	40	
9	25	
9	50	1	40	
6	9	0	21	8	5	
1	36	0	32	4	34	5	41	
7	14	3	23	2	2	0	11	4	21	
8	49	1	46	7	36	
6	6	
1	35	
4	18	2	7	0	8	8	22	9	19	
6	26	3	40	
3	21	2	16	1	7	
8	43	0	45	1	34	
2	25	1	13	
1	29	0	46	
5	2	4	6	2	25	3	1	
2	37	6	29	4	28	5	26	1	49	
9	10	0	20	4	9	1	15	5	13	
6	47	2	30	4	31	1	33	
4	23	5	8	
4	44	
9	15	1	21	3	5	
9	49	7	45	
7	11	6	5	1	8	4	3	2	20	
3	33	6	46	
0	2	2	11	6	24	7	8	8	10	
3	46	8	28	0	32	
3	1	8	21	5	11	6	2	
7	46	1	26	
6	19	3	23	5	21	
1	36	
5	7	8	20	4	21	6	22	3	25	
9	48	2	45	
0	25	9	23	5	17	3	12	
5	29	3	48	2	41	
6	8	8	3	4	22	9	2	1	12	
6	34	7	27	1	50	0	38	
5	6	
1	40	8	45	
4	16	3	13	1	15	9	8	5	12	
4	34	9	37	1	26	3	48	
0	9	5	16	7	23	
6	38	
8	11	
6	37	8	33	
4	4	9	1	
7	26	3	37	2	35	
4	15	0	1	
2	34	0	43	
5	16	9	3	1	11	0	14	2	6	
6	29	2	35	8	48	7	26	
7	16	
9	46	5	39	0	33	7	36	1	29	
8	22	0	20	2	8	
9	49	1	45	5	33	7	32	6	35	
2	16	1	3	
7	40	3	43	0	42	9	48	
1	15	
9	46	6	31	1	38	
2	10	4	21	8	5	0	17	
2	26	1	41	
7	20	
5	38	9	37	3	39	6	28	
7	5	3	1	4	18	
2	47	8	28	0	49	5	33	
2	12	1	23	6	17	
3	29	9	44	8	30	6	28	
6	7	3	24	
5	29	3	43	
3	5	8	20	6	17	
3	46	4	38	0	29	8	36	
8	5	5	6	3	14	4	19	9	17	
7	37	0	43	
0	25	8	14	
6	30	
3	23	5	5	9	13	4	10	6	2	
5	45	4	44	0	27	8	47	2	43	
3	24	8	9	2	23	5	16	
8	44	5	42	2	39	
9	18	1	25	8	14	
2	32	5	48	3	28	0	41	
2	4	
6	37	8	39	
5	14	1	7	8	4	6	8	3	10	
4	35	2	33	7	28	0	41	
4	2	
4	27	9	47	
3	20	2	17	9	6	
5	39	6	36	9	38	4	46	
8	9	0	14	3	17	5	15	
3	39	6	29	0	35	8	45	
4	24	6	23	
9	38	0	30	3	42	6	49	8	27	
5	16	4	4	
5	39	
3	24	
8	31	2	44	
4	8	1	14	0	4	
7	40	2	39	6	45	5	42	1	41	
6	8	7	23	5	20	2	11	
9	27	4	28	0	48	1	37	3	49	
4	16	9	19	2	12	6	14	7	1	
3	27	5	29	
1	25	6	12	
7	32	2	43	9	36	4	29	
9	14	
2	40	
6	9	2	13	
3	30	6	49	1	50	
6	3	4	22	0	5	8	23	9	10	
3	38	7	28	5	41	6	32	
6	5	7	21	3	15	
5	40	3	37	
3	22	1	4	
3	26	0	41	2	33	7	31	1	45	
3	17	
7	32	9	47	
0	2	1	4	
4	37	8	50	9	36	1	42	0	32	
1	2	
1	42	9	49	5	35	8	47	4	36	
5	4	9	5	4	12	2	24	
5	34	3	35	2	45	
1	18	9	4	7	8	
2	40	
0	9	3	14	9	23	8	18	
3	39	5	42	8	35	
2	12	7	21	
1	27	0	34	5	29	
5	18	
2	34	
2	2	3	6	7	7	0	21	
3	45	
7	1	9	2	6	18	4	15	
6	44	4	40	8	28	
3	9	1	6	2	2	
6	44	
6	6	0	12	
2	41	
9	1	4	9	3	18	7	3	8	4	
1	47	3	31	
9	7	5	20	3	22	7	14	
1	49	7	41	
6	5	1	25	0	23	8	22	9	1	
9	28	8	45	0	27	
7	12	3	9	5	3	
7	47	8	26	4	34	6	33	5	45	
6	6	4	18	9	5	3	25	0	21	
7	44	3	35	5	37	6	45	
9	24	7	17	4	18	
6	37	1	48	
0	18	2	9	3	15	
7	41	8	26	1	42	2	44	
5	11	9	13	7	21	2	22	
5	32	0	31	3	43	
9	19	2	12	8	9	
0	46	9	33	8	38	
6	17	2	24	8	20	
4	32	
0	19	2	18	5	22	
8	44	9	27	
8	17	7	24	3	25	6	23	2	18	
2	27	9	44	3	46	6	33	
2	7	6	6	0	18	
4	44	
5	16	3	11	6	9	7	21	1	18	
5	44	7	46	8	35	9	27	4	26	
5	8	3	21	
3	48	
4	25	9	12	6	19	1	23	8	6	
2	40	7	31	1	46	0	36	6	37	
6	4	3	18	
1	26	2	50	4	34	
4	25	7	4	0	7	2	14	5	1	
7	41	
2	10	6	11	
4	39	2	37	8	46	5	26	
7	1	2	6	
5	30	3	44	2	28	9	43	1	50	
9	18	8	24	
7	37	1	47	
2	25	
4	50	2	30	
5	6	0	7	6	17	1	22	
4	35	3	36	6	39	1	32	
2	21	1	15	6	2	
4	26	6	29	

Three processing times per job on each machine
The best scenario
72	118	82	
163	44	120	
84	79	180	
116	257	193	
113	219	97	
313	281	110	
81	43	83	
133	88	140	
39	45	106	
95	107	241	
133	145	108	
67	48	56	
123	277	108	
55	55	70	
315	167	198	
126	59	81	
238	224	113	
389	212	98	
311	263	350	
267	263	196	
150	200	374	
145	87	211	
335	250	396	
134	241	236	
172	177	130	
89	467	336	
152	202	124	
427	435	274	
211	236	166	
317	215	296	
221	168	371	
87	216	105	
279	303	264	
155	150	276	
53	53	56	
164	338	122	
33	46	33	
350	97	140	
145	216	67	
162	254	154	
129	150	95	
274	146	128	
58	38	47	
151	119	262	
33	36	13	
250	165	302	
130	78	128	
125	126	258	
102	240	189	
93	77	85	
89	164	120	
25	32	76	
111	49	81	
136	360	288	
54	35	22	
51	72	31	
432	237	245	
152	122	65	
104	42	60	
60	99	101	
91	91	69	
100	94	88	
77	106	65	
83	70	38	
201	96	128	
144	75	97	
95	58	50	
42	60	71	
126	216	115	
29	54	26	
62	35	106	
349	268	387	
42	36	80	
44	66	88	
142	181	174	
122	49	44	
107	113	71	
302	288	118	
370	170	254	
132	147	350	
167	113	218	
212	65	106	
167	47	73	
47	69	43	
349	186	258	
124	323	89	
85	128	157	
76	69	60	
365	154	151	
89	35	36	
430	190	302	
120	23	84	
46	87	104	
29	25	27	
96	298	140	
161	172	213	
288	492	358	
68	118	85	
43	39	31	
416	366	475	
94	93	49	
28	33	23	
386	121	168	
51	86	59	
145	165	263	
46	48	36	
229	350	262	
19	29	55	
360	269	207	
139	194	455	
67	116	165	
170	136	119	
97	44	75	
148	216	295	
100	101	222	
164	140	469	
78	118	228	
50	59	62	
303	337	335	
328	519	299	
204	285	184	
62	148	57	
120	92	73	
255	329	191	
38	40	48	
185	154	212	
45	113	89	
223	467	233	
144	161	57	
97	198	88	
255	286	333	
66	242	109	
274	396	149	
91	27	122	
255	398	131	
165	92	149	
154	122	346	
270	183	154	
119	289	341	
43	53	157	
152	205	115	
158	388	241	
132	116	174	
87	68	153	
140	106	112	
407	106	103	
85	242	173	
127	125	186	
213	139	139	
160	194	107	
Most likely scenario
112	197	145	
202	88	128	
88	154	250	
144	417	384	
117	239	104	
315	549	143	
121	86	124	
171	138	273	
52	80	111	
182	174	275	
242	192	113	
86	74	85	
157	442	179	
77	64	74	
376	171	376	
152	95	97	
239	292	145	
391	220	178	
504	318	415	
273	285	306	
238	326	486	
210	98	243	
521	415	432	
142	356	350	
255	240	179	
153	516	412	
190	271	142	
513	551	370	
310	251	255	
504	218	428	
239	180	415	
103	284	173	
439	362	279	
287	165	278	
63	66	80	
193	382	233	
39	55	47	
456	130	210	
247	261	72	
253	338	244	
156	249	113	
367	202	202	
105	63	60	
212	146	471	
50	68	21	
462	326	548	
204	123	173	
132	127	368	
182	247	311	
141	114	143	
121	215	181	
45	36	106	
176	86	138	
204	408	341	
100	44	44	
60	73	45	
475	318	401	
175	139	94	
116	56	103	
84	183	165	
130	121	125	
112	103	103	
127	150	108	
120	86	73	
355	136	163	
188	100	112	
104	83	70	
64	79	120	
163	241	121	
47	56	50	
121	66	110	
512	515	390	
49	43	81	
72	121	93	
166	194	187	
135	93	69	
138	145	100	
509	546	175	
460	218	292	
190	159	364	
274	116	261	
249	122	174	
238	91	109	
81	89	66	
465	205	373	
132	395	120	
134	235	293	
85	97	86	
454	248	288	
170	58	64	
540	320	511	
128	46	104	
62	150	180	
38	42	36	
191	393	237	
225	234	252	
343	515	457	
122	159	134	
54	47	46	
536	413	503	
101	121	82	
48	41	33	
513	144	207	
73	163	79	
271	273	331	
61	55	39	
376	488	476	
23	51	57	
429	345	342	
263	255	473	
119	150	172	
173	181	156	
103	61	77	
288	263	322	
185	139	265	
228	176	575	
129	219	233	
98	85	117	
314	454	404	
573	561	414	
303	363	205	
98	168	59	
121	156	138	
273	342	215	
48	58	59	
222	181	261	
49	146	166	
268	560	288	
177	199	71	
144	205	95	
267	327	346	
116	245	162	
427	558	201	
171	50	141	
362	569	262	
205	184	210	
262	172	559	
290	217	189	
216	363	585	
68	66	160	
198	328	169	
258	453	359	
226	117	201	
98	98	179	
275	147	221	
421	175	129	
151	340	245	
203	162	265	
380	157	194	
207	331	164	
The worst scenario
125	234	153	
303	114	130	
108	208	360	
162	482	564	
136	316	119	
410	632	198	
162	107	180	
215	161	400	
68	97	146	
262	199	362	
329	276	146	
112	93	121	
159	654	233	
79	90	79	
395	225	395	
195	134	101	
293	350	202	
521	287	225	
605	474	535	
406	295	342	
280	451	496	
266	113	350	
759	508	638	
150	472	391	
259	287	217	
213	539	475	
232	406	166	
643	678	429	
452	270	340	
688	255	513	
284	181	606	
148	420	215	
560	477	335	
342	228	284	
68	76	118	
275	530	267	
53	61	50	
559	157	293	
251	359	87	
359	460	275	
211	337	133	
426	274	225	
136	69	74	
292	179	646	
64	69	30	
492	381	614	
270	133	244	
185	156	379	
216	284	363	
194	154	194	
147	284	220	
63	37	159	
205	111	195	
269	439	431	
143	66	66	
73	74	62	
506	414	460	
198	207	134	
123	79	135	
100	194	181	
138	132	155	
113	134	104	
190	190	113	
124	115	75	
419	138	204	
228	101	123	
117	121	101	
88	93	163	
168	275	168	
68	80	73	
138	83	116	
566	628	509	
55	62	116	
92	129	123	
223	220	203	
161	133	101	
166	181	101	
515	613	230	
611	262	324	
284	183	370	
302	140	351	
367	153	205	
285	93	148	
117	116	84	
606	217	539	
156	421	155	
192	239	413	
95	144	103	
464	347	385	
248	60	73	
669	389	722	
179	63	145	
87	198	248	
42	52	39	
208	570	352	
230	244	288	
352	709	461	
155	195	161	
61	68	56	
573	557	688	
129	142	91	
62	51	39	
747	198	305	
87	164	98	
320	334	365	
83	80	55	
523	546	693	
29	62	61	
552	457	463	
330	340	675	
129	165	258	
204	269	218	
113	76	83	
427	312	380	
245	185	356	
281	234	609	
161	259	239	
122	116	151	
379	589	528	
593	829	555	
338	451	296	
119	240	86	
126	231	149	
391	411	275	
68	79	68	
301	233	280	
59	185	175	
277	634	350	
252	294	80	
148	211	99	
292	356	516	
130	291	234	
628	765	210	
252	51	177	
422	775	310	
270	243	262	
276	199	686	
411	303	219	
258	470	731	
77	94	224	
232	335	239	
314	670	502	
330	162	223	
105	125	247	
301	164	299	
611	243	155	
221	365	262	
274	171	340	
507	168	225	
240	403	203	
