Factories	3	Jobs	200	Machines	3

Total number of component types per job processed by HSPM
11	7	5	9	9	6	10	12	7	6	10	5	9	5	9	9	7	7	12	11	5	10	11	12	6	8	5	10	12	12	8	7	11	8	9	11	7	7	9	5	11	7	9	6	11	9	7	6	12	11	9	11	10	5	9	7	11	12	10	9	11	12	10	7	6	9	9	11	5	7	9	11	11	8	6	6	7	6	7	11	8	10	6	12	12	12	5	12	9	12	9	12	7	9	11	12	5	8	12	8	11	7	9	8	8	10	8	5	6	5	10	9	11	11	10	7	9	7	12	11	8	10	9	10	9	12	10	5	6	6	11	10	9	7	11	12	11	5	8	12	6	6	8	7	5	8	5	10	10	6	9	12	8	12	11	11	10	5	8	10	11	10	5	9	8	6	12	5	11	8	6	10	9	9	8	6	6	7	8	7	7	9	10	8	9	11	6	8	8	12	12	12	11	6	11	6	6	6	6	5	

Total number of component types per job processed by MFPM
1	3	5	3	4	4	2	4	3	1	1	2	5	1	5	5	4	5	4	3	2	3	5	3	3	1	3	5	4	1	4	2	5	2	3	3	2	4	4	1	4	5	4	1	1	3	5	2	5	2	3	5	1	3	4	1	5	2	4	3	2	4	4	3	3	2	1	4	1	5	5	1	2	5	4	2	1	2	4	3	2	3	3	2	1	2	3	5	4	5	5	3	5	5	3	4	4	2	4	4	1	3	3	4	4	4	3	4	4	2	2	3	5	1	3	4	5	4	4	5	1	4	1	5	1	5	1	4	2	1	3	1	5	4	2	2	5	5	5	2	1	2	3	5	3	5	3	4	3	1	1	4	4	5	5	4	1	4	4	5	2	5	2	3	3	4	1	4	1	4	1	5	1	2	1	1	3	3	1	2	5	1	2	4	1	5	3	4	2	2	5	2	2	5	4	5	2	1	1	3	1	1	3	1	3	1	2	5	1	4	5	5	5	4	4	1	1	1	1	1	4	5	3	1	5	5	2	3	1	5	3	4	3	4	2	4	4	3	1	5	4	3	3	1	1	5	4	4	4	1	2	5	4	5	4	4	5	5	2	2	4	2	4	4	3	2	2	5	5	5	2	2	5	2	1	5	5	3	5	2	1	4	1	2	1	5	2	2	4	2	5	2	2	4	1	4	1	4	5	2	4	4	1	2	3	5	1	1	5	4	1	1	4	5	4	5	5	1	2	3	3	5	3	5	5	1	1	3	3	1	5	2	3	5	1	5	5	2	1	2	4	1	2	2	2	3	2	2	5	5	2	4	4	3	3	2	1	4	2	4	1	3	5	5	5	2	3	5	5	5	3	2	1	1	3	1	4	4	1	1	2	5	4	4	3	5	4	1	3	2	5	4	5	5	2	1	5	1	3	2	

All component type numbers for each job to be processed by HSPM
18	65	15	21	3	48	16	70	11	68	13	23	10	40	14	1	8	36	7	31	1	41	
12	15	8	58	16	43	7	1	13	73	3	14	2	4	
5	71	3	45	2	6	10	14	7	21	
5	50	17	55	18	46	4	31	16	37	14	53	7	38	11	71	6	23	
10	10	15	50	14	19	11	4	6	72	16	66	12	54	3	9	0	65	
13	24	5	51	4	23	19	33	7	10	10	34	
1	48	8	74	13	29	0	32	12	15	9	34	14	22	3	69	18	24	11	26	
10	42	0	29	11	3	6	28	19	38	1	16	5	36	12	66	7	54	18	55	17	70	14	14	
7	14	19	53	12	43	9	17	18	59	3	55	11	13	
19	34	1	50	13	31	12	5	2	44	9	7	
17	50	2	45	4	17	15	4	10	54	5	61	19	49	1	67	0	47	16	32	
13	21	3	73	7	44	6	63	8	43	
10	72	9	46	7	3	3	54	17	53	4	58	6	19	1	18	13	68	
0	11	15	18	5	10	13	49	10	8	
6	59	19	52	18	22	10	46	5	69	15	70	17	41	13	56	3	74	
8	41	10	31	13	53	3	29	0	11	14	56	17	32	1	36	5	16	
19	35	3	45	4	41	11	21	5	25	16	37	8	47	
5	71	10	63	16	62	3	35	14	66	19	8	6	69	
18	16	19	13	9	34	8	64	5	22	13	50	6	41	17	23	1	62	15	9	2	69	3	40	
9	32	16	64	12	57	11	52	0	11	15	1	8	39	18	14	1	24	7	2	2	25	
13	25	11	1	4	2	6	69	12	42	
8	37	6	28	16	27	15	56	17	67	10	10	18	62	13	19	1	60	12	55	
5	60	4	23	17	53	12	69	8	29	16	55	2	21	15	5	13	57	18	46	1	66	
19	59	13	22	15	24	17	32	14	2	5	15	8	44	9	50	16	31	12	17	3	61	4	1	
12	43	9	40	16	64	18	66	14	8	7	71	
10	54	16	74	13	66	9	26	19	22	18	16	1	18	11	47	
10	3	19	43	6	33	0	55	5	63	
13	61	7	58	0	34	19	39	16	28	11	15	14	73	10	56	4	53	8	41	
2	32	1	22	11	49	8	8	7	37	13	73	3	33	9	58	10	19	0	29	6	74	5	41	
9	31	6	36	8	55	1	8	17	12	11	59	12	7	2	71	14	42	16	1	5	32	18	57	
3	66	16	15	0	34	14	41	8	6	11	59	19	52	6	30	
2	54	1	21	9	70	17	43	7	25	14	8	13	71	
11	56	5	33	7	65	19	25	9	36	13	13	8	8	18	48	14	43	10	47	15	74	
6	55	8	46	17	20	19	30	14	36	4	66	1	53	3	11	
0	18	11	45	2	36	15	3	13	66	4	68	1	26	12	54	14	64	
17	48	14	9	0	21	8	12	13	72	11	38	19	31	7	28	4	43	1	15	18	40	
2	31	0	60	8	21	10	33	14	11	15	49	4	69	
11	46	8	45	14	16	13	75	7	62	15	56	3	52	
0	71	1	55	2	2	6	11	10	12	3	41	7	42	11	74	13	1	
12	56	18	18	10	13	14	57	4	49	
3	62	11	7	19	15	1	23	13	1	2	65	8	27	15	72	10	71	4	8	18	36	
9	40	2	23	15	20	7	4	13	26	5	45	10	6	
9	33	12	67	6	18	1	15	17	46	14	8	2	54	15	36	19	9	
15	19	19	68	10	62	18	59	12	26	1	46	
0	22	19	46	8	41	3	14	11	25	17	47	4	50	6	55	13	42	12	12	16	70	
8	1	7	52	12	66	14	6	4	10	9	13	0	26	1	33	2	60	
0	37	3	36	16	10	11	6	2	24	15	64	17	44	
16	30	10	73	12	33	4	19	18	47	17	48	
19	32	3	25	14	6	5	16	4	56	9	44	6	12	15	52	13	50	0	62	12	49	18	71	
15	45	11	69	1	33	9	38	13	17	14	74	2	13	17	8	4	18	19	9	10	39	
11	28	19	69	4	36	10	14	12	29	8	57	14	22	9	12	6	72	
0	7	13	17	2	53	12	52	1	37	8	35	17	21	19	75	4	71	18	15	5	69	
9	32	14	63	2	54	1	36	16	23	13	75	8	66	0	9	17	64	6	17	
2	18	9	39	16	26	4	43	15	61	
16	25	0	26	7	63	12	3	11	48	2	55	5	50	13	69	1	45	
6	34	13	73	17	70	16	62	8	13	0	56	3	9	
3	15	14	45	12	24	2	44	17	31	11	63	6	59	10	43	7	26	18	58	19	55	
2	37	10	26	8	28	11	61	17	53	13	20	14	43	0	48	4	32	3	34	6	14	19	57	
1	6	4	66	16	37	14	60	12	20	5	68	2	45	15	9	8	52	13	17	
15	65	16	26	3	25	12	14	4	18	18	34	7	2	5	15	17	64	
14	24	19	61	13	4	17	69	4	50	8	71	0	45	11	23	12	42	18	14	3	2	
6	42	7	17	11	8	1	12	18	1	16	46	0	7	15	31	17	60	4	26	8	68	13	43	
5	27	18	4	17	23	9	41	15	73	19	35	4	70	0	74	1	44	11	67	
12	58	4	48	0	9	10	29	17	5	2	70	5	36	
0	17	12	37	6	4	4	49	14	59	18	35	
6	51	4	13	2	68	8	25	18	43	10	75	3	2	13	35	7	63	
15	75	9	55	3	52	18	56	10	9	8	43	11	28	0	69	1	33	
7	74	9	8	10	24	6	28	16	30	17	64	13	60	12	49	4	65	1	59	0	62	
4	38	12	47	16	51	6	10	1	41	
12	73	14	17	5	31	17	64	19	34	16	59	0	6	
11	6	16	61	15	29	14	68	8	66	13	63	5	5	12	20	19	74	
0	56	4	15	7	4	9	28	18	43	10	1	1	44	2	64	6	30	13	5	5	74	
1	20	18	26	10	18	19	29	0	30	11	70	14	71	2	42	9	31	5	62	4	48	
10	56	3	60	8	48	12	18	19	7	17	66	16	39	9	62	
9	40	2	7	18	62	15	38	16	20	13	35	
18	12	13	72	19	45	3	34	5	38	4	30	
5	34	17	45	2	13	0	60	15	63	3	33	14	62	
15	40	0	62	8	11	19	23	10	65	12	68	
13	37	11	40	18	62	3	9	15	33	10	41	19	31	
8	24	17	61	9	27	15	32	14	74	18	56	12	40	0	48	3	3	7	59	16	26	
9	6	17	35	5	14	16	38	19	46	14	16	0	5	18	29	
0	55	9	72	10	1	19	67	6	19	2	42	1	24	7	66	17	44	3	35	
13	22	18	39	3	11	8	53	17	42	0	56	
6	49	0	15	2	63	1	66	4	28	14	61	17	35	10	14	13	13	18	26	15	21	3	74	
13	24	7	33	19	36	4	45	0	35	2	34	17	48	3	46	1	60	14	22	6	49	10	27	
14	36	1	17	8	39	4	4	9	29	12	45	7	58	15	70	18	27	10	33	5	49	2	64	
6	8	16	66	11	22	14	62	13	54	
12	59	0	61	16	64	17	49	13	10	15	55	2	36	5	51	3	28	4	20	14	74	1	72	
15	8	12	34	17	66	5	50	3	9	1	59	19	72	6	2	18	17	
3	15	9	27	7	8	5	66	14	74	17	28	0	32	10	40	2	69	18	2	12	73	6	39	
13	52	1	36	0	65	18	74	6	68	12	19	16	27	5	38	17	20	
9	69	2	58	19	70	4	42	17	9	6	38	8	74	11	52	15	59	12	14	13	60	5	68	
13	65	8	57	5	11	12	54	11	46	1	49	10	53	
13	60	8	3	6	23	4	1	18	49	19	55	9	35	0	68	17	40	
16	44	7	33	11	6	4	74	15	4	10	60	8	51	3	26	19	32	1	68	17	55	
8	7	12	55	16	23	1	48	18	16	7	30	6	22	17	29	4	12	5	21	13	54	3	47	
17	37	2	53	13	69	1	35	3	47	
18	37	11	47	2	64	14	11	8	23	13	17	6	4	1	66	
12	48	19	56	10	35	4	43	14	23	8	41	7	40	6	65	1	32	18	11	16	45	0	34	
9	5	15	60	3	4	17	69	8	11	1	24	14	50	12	38	
15	1	5	67	9	58	3	2	18	44	0	29	7	62	2	7	1	12	14	56	19	59	
9	46	0	27	7	6	4	58	17	60	11	23	5	67	
18	14	11	71	17	47	1	42	2	1	15	60	19	69	14	12	3	62	
0	50	10	13	2	11	17	33	8	41	19	64	13	31	1	71	
17	49	4	27	16	9	11	45	10	35	7	72	14	7	9	59	
0	1	2	59	12	17	9	48	8	58	3	75	19	51	10	44	11	5	15	12	
4	41	13	36	10	4	1	7	17	70	12	28	8	48	7	19	
1	9	13	36	16	60	11	29	8	24	
13	64	16	11	8	57	6	56	12	54	5	42	
18	33	7	17	6	66	16	72	3	7	
9	60	0	23	4	72	7	44	5	65	19	30	17	38	8	50	3	45	1	11	
15	53	17	6	12	41	14	26	16	17	19	57	10	1	7	34	18	42	
2	38	19	59	12	51	16	9	0	31	8	62	15	19	6	2	13	14	9	47	7	20	
15	29	2	1	4	68	11	67	5	16	10	9	19	31	12	17	16	27	6	13	1	51	
14	6	18	44	13	66	11	7	2	69	3	68	4	11	5	37	8	49	1	54	
19	41	14	60	13	34	4	56	16	45	5	24	3	71	
12	27	8	4	6	55	11	19	1	15	7	68	13	31	5	45	9	18	
15	12	13	27	19	74	0	28	8	42	12	16	16	13	
4	39	18	62	8	74	3	18	17	54	7	43	15	21	9	11	19	23	13	42	10	4	0	6	
18	34	12	62	4	19	16	25	1	12	0	42	9	65	7	44	2	43	5	56	13	50	
15	47	8	2	1	29	5	15	12	48	11	35	0	56	2	16	
7	17	0	6	19	69	4	70	10	67	17	22	15	36	13	19	2	55	18	45	
7	46	16	7	6	13	17	24	10	12	0	68	18	70	19	57	15	50	
9	38	8	25	15	17	11	52	16	11	4	63	3	58	18	26	19	2	14	61	
13	70	19	23	18	32	17	7	14	44	15	52	4	4	7	31	8	53	
19	12	14	45	10	52	2	27	0	54	16	62	9	29	18	3	12	36	5	51	1	25	4	5	
1	29	2	1	14	18	16	63	9	64	12	33	0	49	17	50	18	71	15	20	
9	59	1	47	3	19	2	40	7	27	
2	6	14	23	19	25	3	67	10	1	1	11	
13	62	17	60	7	64	8	48	5	11	12	38	
9	36	4	51	6	11	1	26	11	35	15	12	2	32	5	54	10	61	19	45	16	47	
7	62	12	14	15	3	2	72	0	2	14	71	9	35	11	56	13	1	4	15	
6	46	15	70	9	51	12	38	5	34	7	14	3	45	11	53	14	61	
7	44	4	27	19	63	16	1	9	35	5	61	2	46	
14	14	10	39	4	15	9	27	15	3	5	17	2	73	11	48	6	50	8	20	16	44	
9	63	12	73	6	39	3	8	15	55	1	25	8	31	16	21	11	1	14	4	17	68	7	26	
8	26	6	52	16	48	9	40	17	28	3	42	12	50	4	16	5	10	15	19	0	39	
1	31	13	57	16	23	2	59	4	54	
10	61	0	2	13	1	11	28	9	69	6	16	1	25	14	10	
0	69	5	3	12	62	17	15	13	48	3	18	15	19	10	49	19	11	11	71	7	60	18	34	
18	65	8	57	7	52	17	6	13	5	11	19	
9	69	5	44	17	73	16	19	3	72	0	50	
19	25	14	45	9	23	12	8	15	30	3	46	8	1	0	3	
4	5	2	36	11	11	15	14	9	45	13	59	0	31	
6	2	14	47	16	34	12	67	17	4	
9	16	17	49	13	59	10	61	5	12	18	39	3	4	19	28	
10	55	11	17	2	23	5	66	9	50	
19	10	6	70	7	57	3	36	17	20	14	37	5	45	9	44	1	16	18	66	
16	14	15	54	7	57	4	72	14	10	2	34	5	13	6	42	19	19	0	60	
4	16	2	19	16	64	12	70	1	27	15	61	
5	7	2	11	14	42	16	71	3	19	18	2	6	39	4	37	17	26	
7	18	11	41	5	26	15	55	10	68	1	59	12	5	14	3	19	14	0	16	2	74	17	12	
10	9	17	7	2	18	14	37	11	44	19	25	16	39	4	4	
18	59	5	30	14	56	15	70	6	35	12	64	17	48	0	53	9	51	11	8	16	16	19	40	
15	22	13	24	19	14	5	36	16	47	7	26	6	2	12	17	9	21	11	1	14	8	
13	66	5	19	1	25	19	4	10	31	18	14	15	70	2	33	17	71	9	17	7	74	
2	5	16	74	6	57	15	37	10	44	17	41	18	71	8	38	14	55	3	3	
15	72	3	57	14	17	18	18	16	23	
2	73	4	11	1	53	9	39	7	25	10	48	5	37	11	36	
8	71	9	62	1	72	12	56	3	45	4	57	10	39	13	70	11	54	17	26	
8	1	17	75	11	29	19	65	15	73	10	46	2	37	9	26	13	61	0	68	6	4	
19	8	17	32	15	70	0	12	16	21	8	62	18	55	4	73	5	15	9	35	
3	44	8	22	18	61	19	5	6	11	
4	21	0	9	8	62	5	52	16	15	3	5	12	18	18	33	7	23	
9	61	6	38	5	10	16	5	17	9	18	37	12	72	0	26	
18	70	11	43	17	62	9	40	7	36	6	10	
8	67	11	8	16	48	19	25	1	45	4	29	6	73	12	54	5	40	14	3	7	56	10	53	
5	20	18	54	4	13	8	68	16	12	
15	57	3	72	16	32	8	44	18	49	10	66	5	43	11	4	12	12	19	19	9	39	
1	52	0	48	12	2	7	22	18	61	19	60	8	26	10	16	
15	73	9	55	8	2	19	16	3	58	16	28	
8	2	16	55	11	70	14	57	15	25	19	18	5	61	1	53	6	28	2	46	
0	69	18	73	8	66	17	25	6	13	13	21	7	45	2	55	19	16	
14	10	17	28	19	34	1	19	6	72	0	12	4	25	12	18	13	57	
17	49	12	6	15	8	18	45	2	9	4	61	5	60	8	30	
1	52	2	14	19	13	11	51	6	47	12	68	
6	61	19	22	9	74	8	60	17	64	4	14	
0	35	1	27	11	7	6	65	16	70	5	42	10	11	
0	45	7	62	6	14	16	37	13	68	17	24	18	15	14	53	
4	50	2	20	16	74	17	12	15	17	14	47	1	10	
15	2	8	32	6	52	1	21	5	47	13	40	16	74	
6	13	16	2	15	73	12	69	14	24	8	48	13	75	11	35	0	10	
8	20	0	29	3	46	9	33	12	34	17	14	7	51	4	26	19	75	10	49	
18	45	17	15	6	5	10	19	3	13	7	14	0	75	4	10	
19	13	18	55	7	71	1	51	5	17	17	7	14	49	0	25	2	21	
11	67	16	33	17	45	7	21	15	61	4	41	6	55	12	19	19	34	5	69	10	53	
9	2	10	58	1	35	0	3	17	29	12	46	
5	40	19	71	1	4	8	23	0	28	14	32	18	16	9	24	
11	7	17	74	19	51	13	10	1	42	18	43	10	54	6	72	
9	49	3	6	10	8	8	24	4	50	12	15	14	10	17	42	6	31	18	7	15	58	7	34	
18	53	5	43	17	6	6	11	15	42	10	29	1	58	7	34	11	74	14	73	4	70	12	9	
4	49	11	22	16	9	1	44	6	12	13	30	3	48	8	23	14	65	18	2	7	10	5	58	
4	14	1	36	7	20	15	67	14	15	8	16	2	48	11	65	3	38	16	53	18	26	
2	35	4	40	13	70	17	60	6	41	7	43	
19	47	8	31	3	29	6	37	13	28	5	53	18	64	2	50	1	45	15	5	7	52	
0	75	12	49	7	38	9	11	15	67	2	4	
3	5	18	13	17	52	7	33	6	7	1	64	
2	31	11	62	18	19	5	16	14	57	16	50	
1	33	19	27	6	21	17	24	10	25	3	49	
8	33	7	52	6	13	17	25	11	6	

All component type numbers for each job to be processed by MFPM
9	18	
6	26	5	35	1	43	
3	10	6	12	4	24	2	21	0	22	
9	37	0	47	4	28	
3	2	0	3	7	1	4	22	
2	41	0	42	1	40	3	47	
6	14	3	1	
8	49	4	31	1	26	9	27	
9	2	5	7	0	12	
8	37	
4	4	
4	35	5	42	
8	17	4	7	5	10	6	12	2	6	
6	37	
3	2	4	25	0	11	5	12	7	21	
5	43	9	36	1	41	3	39	2	45	
6	13	3	18	8	11	7	17	
2	45	3	31	5	46	8	49	7	43	
9	14	3	21	7	20	2	22	
0	43	8	34	5	35	
3	5	2	23	
4	37	3	32	5	48	
3	5	9	1	7	6	5	14	4	15	
7	27	6	44	1	48	
1	24	7	7	6	21	
9	46	
5	19	4	3	8	1	
1	32	2	42	6	41	0	50	4	45	
0	12	6	4	7	13	5	17	
8	42	
9	13	1	1	2	14	8	25	
6	31	4	33	
1	22	2	25	3	10	0	9	5	17	
7	33	4	42	
5	9	1	10	4	22	
4	46	0	34	8	36	
7	1	4	24	
3	33	0	30	6	40	8	27	
2	6	3	23	7	22	1	3	
2	35	
5	12	8	24	3	20	9	13	
0	40	9	50	2	45	4	41	1	35	
2	3	3	2	4	23	0	19	
3	34	
8	25	
2	41	3	32	6	30	
3	4	0	18	8	6	9	16	1	21	
4	26	1	31	
8	12	1	3	6	8	4	9	3	20	
6	43	4	26	
7	3	0	7	9	11	
8	46	2	29	4	36	6	48	3	44	
4	9	
7	42	1	26	3	49	
5	9	8	6	4	1	0	5	
9	36	
2	7	3	9	9	19	7	3	4	24	
7	38	2	31	
2	3	9	18	7	25	4	17	
8	37	7	26	3	48	
7	13	1	12	
7	36	8	38	9	48	4	34	
6	14	7	16	5	11	1	9	
4	34	8	41	3	43	
8	11	2	4	6	2	
0	29	3	38	
9	1	
1	35	9	32	7	40	8	39	
9	20	
2	32	0	43	5	34	7	46	3	38	
2	11	5	6	9	8	0	24	4	2	
8	36	
4	13	2	5	
0	33	9	35	2	45	8	38	6	41	
0	21	2	7	8	13	3	23	
3	48	7	26	
4	15	
6	40	3	45	
5	7	8	8	3	19	0	12	
3	30	7	44	5	27	
6	17	1	12	
2	27	5	36	1	45	
9	20	0	19	2	7	
2	38	9	30	
2	16	
3	41	2	48	
7	1	3	3	5	6	
0	47	4	29	7	46	3	36	8	37	
1	6	5	17	9	16	6	2	
0	40	8	46	2	32	7	48	3	28	
0	14	6	22	3	9	2	5	7	6	
6	44	8	43	2	46	
7	25	4	23	3	8	0	19	2	4	
7	31	5	49	3	30	6	34	4	50	
5	2	9	21	8	11	
4	43	5	49	9	34	2	47	
4	10	9	20	0	21	2	19	
4	39	6	27	
1	14	4	22	3	6	7	18	
5	34	0	31	3	29	4	35	
1	22	
9	45	4	32	0	42	
5	14	7	4	9	5	
5	32	7	42	6	41	8	36	
5	19	8	10	7	6	4	24	
7	45	2	43	4	50	3	49	
3	14	5	4	1	5	
6	32	3	50	7	40	5	44	
1	3	4	14	7	8	3	5	
3	40	1	26	
6	23	2	14	
7	42	6	43	8	34	
5	14	3	15	9	10	7	13	4	5	
9	28	
8	8	6	25	9	22	
4	26	8	32	1	28	7	46	
6	2	9	16	2	19	3	10	5	5	
1	41	0	45	7	32	9	33	
6	2	7	22	4	14	9	24	
2	34	9	31	6	28	0	39	1	30	
9	13	
8	28	4	44	1	34	3	37	
4	21	
4	41	6	39	5	26	9	50	8	45	
0	16	
8	31	0	36	5	28	4	33	3	34	
4	8	
4	33	5	44	3	45	0	43	
6	22	7	1	
0	30	
3	23	7	8	8	21	
6	40	
3	4	2	25	0	24	8	1	1	17	
3	31	1	30	2	49	7	37	
8	1	2	15	
7	38	9	46	
5	12	4	9	3	20	6	14	1	25	
5	34	4	39	1	26	9	48	3	50	
6	11	2	6	7	22	0	9	5	24	
5	46	4	48	
3	23	
2	39	4	49	
9	3	2	20	8	8	
9	35	5	26	0	32	6	34	3	43	
8	11	1	21	2	9	
2	39	0	41	6	26	3	42	1	50	
6	10	1	20	7	1	
7	40	9	35	8	29	3	31	
5	21	9	7	0	1	
0	49	
4	24	
3	34	8	28	4	38	1	32	
8	19	0	23	7	24	2	15	
9	26	1	33	5	30	6	40	3	46	
1	24	8	3	9	7	2	19	4	14	
9	34	0	41	2	43	6	49	
4	10	
7	29	5	37	4	40	1	33	
0	13	6	5	5	19	3	16	
5	26	4	38	2	49	6	27	3	29	
1	24	3	6	
5	33	2	37	8	39	1	49	0	47	
6	18	3	25	
7	32	2	35	8	50	
3	12	4	19	5	14	
1	34	0	26	6	44	8	37	
9	23	
2	38	9	44	4	27	6	26	
2	7	
4	34	6	49	3	38	8	43	
0	6	
2	31	4	46	6	26	9	43	3	37	
6	5	
6	48	7	33	
4	2	
3	40	
4	18	3	9	5	19	
1	46	5	37	9	34	
3	24	
3	31	5	50	
5	24	1	22	9	7	2	11	0	5	
2	36	
3	9	8	24	
5	37	6	42	0	35	1	38	
8	18	
4	48	5	28	2	38	9	32	8	47	
6	18	3	3	0	8	
4	48	2	27	0	36	1	28	
3	1	6	12	
0	38	4	49	
7	21	5	23	9	4	4	1	3	15	
5	31	8	43	
1	23	3	10	
8	49	9	46	5	29	7	26	3	40	
3	5	5	20	2	24	8	18	
9	35	6	42	7	38	0	30	1	48	
6	5	5	18	
4	45	
7	20	
9	50	5	40	0	28	
9	3	
8	37	
7	3	9	1	3	22	
8	41	
3	1	5	16	9	18	
9	39	
4	14	7	13	
1	50	5	31	8	46	4	32	2	29	
0	14	
6	44	0	32	1	49	8	38	
9	20	7	11	0	18	4	4	3	21	
8	43	3	44	9	29	0	35	4	27	
3	23	4	9	2	7	1	15	7	12	
3	49	9	39	7	28	5	37	
1	4	5	19	7	16	9	23	
0	36	
4	15	
2	41	
5	20	
5	49	
4	9	3	3	2	23	9	17	
4	46	0	44	7	39	1	50	2	41	
5	5	4	8	3	13	
9	41	
3	24	8	5	1	11	7	13	4	17	
6	32	4	30	5	48	7	37	2	26	
9	1	2	9	
4	26	8	32	3	48	
0	3	
6	48	2	35	0	44	1	30	8	36	
5	10	9	15	3	6	
0	41	6	33	1	43	9	28	
3	24	0	4	2	12	
0	39	4	38	3	31	1	37	
0	4	4	11	
7	34	0	31	1	47	6	41	
9	2	0	12	7	18	5	20	
1	38	2	42	7	37	
8	6	
8	33	4	31	2	46	0	28	6	26	
1	18	7	10	9	17	6	15	
5	27	8	50	6	42	
7	22	3	4	9	7	
7	42	
8	14	
9	33	5	39	4	43	3	30	0	31	
7	8	2	24	3	5	5	14	
0	49	4	34	9	28	8	37	
1	7	5	5	4	16	2	23	
3	33	
1	21	6	20	
8	27	9	32	6	45	3	28	4	41	
9	10	0	22	6	13	8	4	
1	43	7	44	0	45	5	34	2	26	
0	15	1	2	3	7	5	17	
3	34	8	28	6	38	7	42	
0	3	6	12	3	23	1	24	2	4	
9	38	4	45	8	47	2	50	6	28	
6	2	3	21	
1	31	4	43	
6	3	4	4	0	18	7	16	
4	37	0	48	
2	3	9	11	8	4	6	7	
3	49	8	32	5	40	1	48	
8	5	2	24	1	3	
4	33	7	39	
6	4	8	11	
1	44	6	29	7	45	8	35	5	39	
3	1	0	16	9	25	2	14	7	19	
0	26	2	48	4	45	8	34	3	40	
0	5	6	15	
0	47	4	49	
8	4	7	25	9	24	3	23	4	3	
2	41	7	30	
1	11	
4	49	5	29	8	37	3	47	2	42	
0	9	3	17	5	4	1	3	9	25	
4	40	2	29	9	34	
4	21	6	17	7	20	5	16	2	14	
9	29	1	40	
8	22	
2	48	4	41	5	31	7	33	
5	22	
7	28	8	44	
9	14	
3	46	1	38	8	43	9	34	6	48	
7	5	0	17	
4	27	5	26	
2	21	1	12	8	25	6	13	
2	28	7	30	
5	24	4	16	6	5	0	2	2	4	
1	28	7	33	
2	9	1	21	
4	29	8	44	6	42	5	39	
3	5	
7	31	0	42	2	40	6	44	
5	15	
3	40	0	37	7	33	4	38	
6	7	0	12	4	21	9	3	5	8	
2	34	5	49	
0	21	2	6	8	5	9	14	
1	30	0	40	8	44	3	45	
6	18	
7	47	9	30	
1	23	8	1	7	25	
3	29	5	27	9	42	2	31	1	49	
4	8	
9	30	
6	17	3	7	2	25	7	16	8	20	
8	40	0	28	4	26	1	48	
2	1	
5	36	
8	6	2	16	6	15	9	1	
1	32	7	50	5	30	9	27	6	37	
4	4	7	10	8	25	3	24	
2	30	3	29	1	48	4	35	7	39	
7	18	6	11	0	16	8	22	2	9	
9	38	
7	17	3	11	
0	47	7	34	4	30	
4	25	9	9	7	13	
9	46	7	50	1	42	6	43	4	44	
2	9	6	12	0	6	
4	36	2	34	8	48	0	32	6	30	
4	7	3	23	1	12	5	24	9	19	
2	31	
9	5	
0	39	4	35	7	34	
2	24	1	19	5	4	
9	31	
4	2	9	15	8	1	5	13	3	20	
9	40	5	42	
1	23	9	4	0	22	
2	49	8	44	5	27	1	34	9	50	
7	14	
8	43	0	41	3	50	2	30	6	29	
2	8	1	25	7	14	4	2	9	24	
9	38	1	42	
1	22	
3	50	8	36	
7	22	6	10	0	16	3	18	
1	48	
2	3	4	13	
2	30	8	42	
5	6	2	21	
7	35	4	50	8	32	
2	17	8	22	
6	34	3	26	
9	7	6	6	0	18	5	2	7	8	
3	34	4	45	7	50	5	44	8	26	
6	7	4	5	
3	35	6	28	0	45	5	41	
4	16	0	24	8	20	9	12	
6	28	0	32	7	45	
0	3	1	7	5	24	
6	38	8	43	
5	12	
6	47	9	39	8	48	3	33	
5	13	4	1	
9	35	5	37	3	40	6	28	
6	21	
0	36	1	44	8	30	
1	18	9	13	5	17	6	15	4	10	
0	34	2	30	6	38	5	44	4	35	
5	18	3	23	9	14	6	3	4	5	
7	41	0	37	
8	4	9	15	4	10	
6	40	4	46	8	50	0	45	7	38	
4	18	8	5	9	4	2	1	7	2	
9	29	0	38	4	46	8	31	7	37	
7	24	0	11	2	19	
4	31	2	28	
0	24	
4	37	
6	4	8	16	9	13	
2	27	
7	4	5	12	0	25	2	16	
4	36	1	46	5	27	0	28	
0	15	
9	46	
0	12	5	14	
0	26	6	46	3	49	7	44	4	35	
9	22	5	4	0	24	3	20	
8	41	9	33	5	37	4	48	
3	10	1	11	0	3	
4	34	8	48	3	36	1	42	7	41	
9	19	3	23	6	8	0	6	
3	42	
9	20	6	8	0	22	
8	39	9	35	
9	2	6	8	1	7	4	21	3	5	
5	47	0	32	6	48	4	41	
3	24	7	2	6	16	9	1	2	8	
8	38	4	46	3	28	6	43	1	40	
0	14	1	20	
0	33	
3	5	9	13	1	8	7	2	6	23	
3	48	
2	17	9	11	6	15	
4	36	1	27	

Three processing times per job on each machine
The best scenario
554	379	199	
253	402	217	
108	90	98	
945	807	561	
502	519	700	
249	552	453	
212	189	46	
279	187	525	
340	677	609	
597	724	956	
325	504	598	
102	130	339	
484	459	292	
249	265	169	
234	355	261	
515	193	762	
537	709	541	
256	277	366	
541	395	705	
661	285	873	
345	433	794	
236	381	586	
184	126	370	
326	955	656	
501	401	511	
1251	502	683	
222	171	390	
453	338	405	
817	165	469	
724	517	258	
437	716	363	
754	639	302	
114	225	127	
306	459	397	
420	227	578	
205	495	523	
782	1247	817	
117	220	240	
644	416	667	
1437	1041	375	
317	135	84	
575	1095	223	
138	127	145	
281	445	254	
373	417	260	
221	348	274	
1165	507	682	
266	403	420	
136	85	184	
346	1024	270	
243	494	230	
56	52	40	
98	107	251	
229	665	279	
356	238	147	
156	247	222	
221	767	615	
280	183	114	
85	99	146	
300	198	490	
573	706	841	
521	673	221	
220	262	364	
404	226	235	
182	145	163	
279	126	305	
382	813	715	
288	299	858	
287	327	279	
385	772	361	
340	226	329	
567	392	609	
344	447	351	
578	621	568	
398	268	241	
595	629	316	
427	701	718	
365	1006	1014	
443	357	353	
462	723	385	
240	279	536	
179	606	319	
268	620	785	
463	147	290	
161	429	629	
127	312	248	
273	1205	254	
289	256	309	
284	405	1027	
61	83	72	
803	832	347	
134	220	75	
496	248	496	
326	419	768	
121	109	79	
288	269	786	
206	118	148	
814	324	958	
350	748	321	
749	258	658	
118	258	233	
62	105	183	
140	62	201	
369	184	397	
329	153	151	
148	521	218	
134	151	508	
833	690	318	
295	367	228	
52	84	85	
571	472	637	
605	192	537	
714	726	514	
197	412	296	
479	276	187	
243	246	130	
388	243	158	
252	132	516	
419	309	145	
152	98	131	
223	921	660	
460	612	410	
112	332	186	
400	557	363	
298	355	196	
936	350	210	
220	438	276	
660	769	704	
867	141	401	
472	263	144	
723	472	758	
66	71	34	
157	71	125	
109	43	149	
716	652	1163	
293	881	821	
285	177	297	
141	110	109	
92	143	28	
129	156	189	
835	278	777	
685	267	430	
121	218	240	
816	655	208	
214	313	402	
292	208	331	
90	287	130	
199	303	290	
42	59	62	
258	413	354	
64	104	179	
669	401	229	
90	201	83	
234	250	162	
296	276	291	
88	310	273	
941	772	271	
475	539	827	
380	228	90	
116	177	177	
43	68	117	
249	187	140	
819	756	360	
198	106	108	
939	816	727	
446	925	212	
486	353	455	
588	318	321	
145	368	453	
738	561	321	
176	143	314	
356	474	281	
674	459	709	
571	228	512	
161	66	78	
885	1178	706	
263	392	183	
260	665	511	
827	641	631	
616	271	448	
507	312	213	
460	394	457	
64	56	44	
522	357	607	
93	151	170	
238	642	582	
271	204	459	
47	120	109	
698	487	1007	
416	859	553	
541	762	581	
1130	679	253	
437	1017	276	
152	69	141	
191	190	374	
272	357	318	
354	352	382	
1304	568	844	
522	807	943	
234	358	675	
Most likely scenario
606	471	260	
288	489	293	
168	149	160	
1085	1148	562	
665	830	972	
375	1056	486	
227	204	71	
282	250	707	
577	900	651	
706	800	1191	
417	806	721	
115	176	341	
663	491	354	
359	319	292	
445	677	415	
986	375	1175	
699	729	547	
397	342	547	
593	460	940	
1044	548	964	
665	628	821	
381	719	687	
200	135	419	
383	1085	900	
655	602	578	
1340	885	1017	
414	273	480	
777	355	407	
1066	301	897	
1234	737	440	
859	754	678	
870	1107	407	
156	295	171	
375	642	682	
562	373	771	
240	637	700	
1327	1425	1343	
128	260	288	
699	443	680	
1446	1258	582	
335	140	92	
802	1138	400	
184	167	187	
374	449	413	
705	645	507	
357	364	395	
1169	628	732	
494	685	622	
175	114	226	
553	1133	367	
271	778	355	
77	85	77	
175	141	437	
299	843	396	
365	333	221	
289	296	322	
442	776	795	
441	288	138	
105	148	182	
488	318	701	
584	740	915	
611	872	377	
233	298	369	
444	371	334	
217	229	292	
381	132	435	
547	1079	717	
328	543	941	
380	624	293	
557	1082	523	
524	319	489	
594	652	899	
668	507	497	
588	655	745	
529	316	472	
677	978	403	
550	741	905	
368	1068	1069	
757	585	400	
572	821	649	
245	397	550	
326	623	498	
370	886	799	
522	150	491	
288	437	861	
142	314	267	
475	1274	408	
443	475	593	
364	483	1150	
66	90	92	
1121	884	472	
187	225	87	
586	474	707	
540	510	800	
210	145	94	
489	402	803	
354	158	173	
1238	436	1189	
668	826	623	
902	419	932	
130	474	462	
106	205	307	
163	71	264	
426	248	436	
605	197	285	
247	688	328	
210	250	570	
1066	1166	625	
361	414	272	
99	91	101	
645	718	711	
658	333	645	
1070	794	657	
390	430	381	
592	310	277	
426	294	142	
477	396	283	
355	200	617	
710	592	278	
229	174	233	
298	1074	785	
650	1221	547	
210	335	292	
449	843	550	
358	422	202	
1033	380	343	
413	625	325	
1101	1024	938	
891	278	745	
477	363	250	
1296	913	875	
122	137	68	
253	141	168	
110	86	206	
987	669	1503	
341	1257	1075	
445	245	427	
149	166	192	
110	196	56	
240	191	321	
1088	550	1159	
771	492	790	
194	230	356	
1068	673	334	
357	324	412	
525	319	581	
118	296	211	
201	322	385	
74	86	101	
331	457	393	
71	138	242	
744	714	308	
109	268	107	
403	483	272	
512	360	411	
141	352	412	
1001	852	531	
572	857	995	
414	283	168	
175	213	217	
73	99	174	
359	320	184	
941	938	639	
292	195	187	
1046	1200	812	
749	968	419	
723	658	814	
1055	600	617	
222	638	638	
761	836	611	
275	185	415	
434	655	286	
717	816	720	
587	316	606	
180	88	125	
1024	1368	1099	
463	480	319	
414	692	573	
1020	659	1184	
655	305	541	
581	354	409	
556	752	847	
77	70	58	
778	534	760	
166	228	223	
452	939	955	
296	364	557	
70	166	178	
724	662	1183	
549	960	674	
793	1013	830	
1214	814	382	
588	1172	427	
197	131	223	
200	314	449	
322	539	343	
455	479	435	
1350	995	1344	
588	963	1093	
262	421	854	
The worst scenario
712	530	282	
365	600	386	
227	155	218	
1231	1358	819	
802	1067	1057	
448	1392	526	
231	292	75	
312	312	888	
843	1161	692	
1039	1126	1733	
529	989	771	
167	186	417	
744	515	526	
479	374	294	
536	942	502	
1130	424	1617	
761	913	569	
510	506	817	
686	506	952	
1069	776	1363	
829	715	912	
417	899	698	
214	154	477	
506	1116	1255	
906	845	633	
1805	915	1279	
535	337	601	
1052	373	473	
1560	391	906	
1395	1067	493	
1137	1098	900	
1000	1242	447	
219	307	179	
515	846	967	
623	408	821	
258	657	991	
1938	1768	1639	
147	295	359	
1046	582	874	
1736	1479	728	
447	195	132	
868	1476	492	
270	212	199	
389	669	521	
835	890	750	
405	533	583	
1353	749	937	
548	891	640	
262	133	243	
696	1405	446	
312	800	369	
81	88	96	
225	209	653	
331	1051	517	
485	348	272	
342	426	476	
459	1029	845	
561	348	146	
113	181	265	
516	324	897	
851	1016	1135	
798	1160	455	
265	429	465	
583	533	347	
246	275	427	
520	136	530	
710	1087	1014	
333	587	946	
518	715	416	
759	1190	558	
769	472	494	
876	887	1136	
832	750	676	
648	733	799	
643	337	510	
968	1120	480	
598	854	1028	
452	1550	1077	
946	707	488	
583	963	932	
250	487	684	
357	780	581	
402	1135	1176	
707	200	546	
393	477	863	
176	468	272	
681	1441	582	
572	576	676	
461	506	1538	
93	93	133	
1534	950	493	
209	293	100	
663	608	1009	
635	636	831	
270	192	113	
606	594	1067	
442	165	258	
1255	543	1481	
791	1134	900	
1278	546	942	
176	497	520	
117	250	411	
224	92	395	
429	340	624	
805	231	380	
300	864	340	
234	352	708	
1353	1676	758	
365	591	306	
137	96	120	
917	1058	1039	
701	407	721	
1430	796	784	
446	554	507	
863	404	409	
546	326	166	
478	588	377	
454	214	774	
968	750	348	
257	217	324	
321	1370	1022	
820	1718	694	
290	383	408	
642	1096	644	
364	496	215	
1283	515	386	
414	815	363	
1431	1342	1110	
1239	319	978	
567	432	305	
1807	1115	1229	
126	163	89	
266	171	195	
157	117	241	
988	856	2039	
485	1347	1241	
524	352	448	
165	182	269	
162	276	74	
360	244	374	
1609	752	1275	
906	550	800	
200	310	375	
1379	850	489	
499	452	588	
624	461	847	
126	402	229	
295	417	440	
96	123	104	
479	549	399	
99	144	354	
757	957	411	
124	361	128	
521	504	321	
515	521	603	
144	428	462	
1414	1237	742	
629	1277	1195	
617	350	203	
257	298	292	
81	144	181	
436	464	264	
1127	1315	867	
303	250	191	
1400	1513	873	
976	1131	423	
1074	827	1017	
1213	816	771	
227	656	667	
934	1210	752	
336	263	621	
617	905	367	
891	1034	994	
683	343	887	
210	109	163	
1252	1406	1123	
582	697	325	
525	818	714	
1167	756	1229	
693	424	655	
612	516	486	
596	762	1230	
103	79	75	
967	631	785	
222	294	318	
515	950	990	
360	538	813	
86	222	216	
1066	805	1697	
754	1346	746	
1144	1454	1031	
1771	1018	473	
843	1232	529	
269	164	283	
296	390	652	
405	659	348	
663	484	490	
1411	1287	1886	
650	1139	1603	
342	556	1268	
