Factories	3	Jobs	150	Machines	2

Total number of component types per job processed by HSPM
12	9	8	8	12	9	5	10	11	11	10	5	5	5	12	10	6	12	10	12	5	10	10	11	9	7	10	8	9	5	9	10	7	9	7	8	12	7	10	8	10	5	10	8	5	11	8	11	12	8	10	6	7	9	10	11	9	6	9	5	8	5	6	6	11	12	11	6	11	9	9	5	12	12	10	10	6	7	8	12	8	12	5	9	12	8	10	6	9	6	12	7	12	8	11	7	8	10	5	10	8	7	11	8	11	8	10	5	8	9	5	7	9	6	9	7	12	7	9	12	7	8	11	12	5	12	10	5	7	11	5	11	12	9	9	10	12	9	10	7	9	10	8	10	8	9	7	6	6	6	

Total number of component types per job processed by MFPM
5	5	1	3	3	2	3	1	1	2	2	4	5	1	4	5	2	3	3	5	1	1	5	2	3	2	5	4	2	3	5	4	2	2	1	3	1	4	2	3	2	4	4	1	2	2	4	4	3	5	5	3	5	4	2	2	5	4	1	4	2	4	5	3	4	3	1	5	2	5	2	3	5	1	4	3	1	5	1	2	1	2	1	5	1	2	5	3	3	3	3	4	1	2	1	3	1	2	1	3	5	1	5	5	2	1	4	3	5	5	1	2	5	3	1	4	1	5	2	5	2	2	1	5	4	1	1	1	5	4	5	2	5	2	3	4	5	5	1	2	4	3	4	2	4	3	5	2	3	5	

All component type numbers for each job to be processed by HSPM
0	5	8	14	11	71	3	75	17	22	2	28	15	7	13	45	12	25	19	31	5	6	6	35	
0	10	14	38	8	25	16	42	5	45	10	22	9	68	2	58	17	64	
5	47	18	74	14	21	1	20	6	39	8	13	17	65	7	31	
16	17	3	7	1	59	13	26	14	24	12	32	7	61	4	49	
9	40	11	70	18	57	14	59	4	10	17	43	5	60	3	44	12	58	19	38	15	61	16	54	
8	14	11	35	13	15	17	31	5	37	6	28	7	56	9	66	4	26	
19	21	8	43	12	67	9	28	2	41	
12	58	16	3	7	31	14	43	4	23	18	45	2	37	6	18	17	42	8	24	
3	62	7	20	6	60	0	32	19	6	13	55	18	75	9	64	8	12	4	74	14	67	
9	16	6	62	4	50	12	22	18	12	11	38	3	27	16	37	0	6	8	52	17	20	
12	66	6	49	4	51	3	71	19	52	16	5	1	25	0	58	17	57	15	69	
17	2	6	4	9	26	10	1	8	36	
13	37	4	2	1	22	7	55	6	3	
17	36	8	56	4	71	11	5	12	38	
11	33	5	62	15	63	18	24	17	44	13	19	2	75	10	58	8	49	6	13	16	38	0	55	
14	75	15	48	17	70	4	35	11	26	7	3	3	14	5	53	0	21	19	58	
4	19	2	2	13	29	19	68	5	74	15	71	
11	31	6	48	15	72	14	40	17	13	5	21	12	51	8	56	19	65	2	33	9	35	0	57	
19	47	6	17	16	71	5	6	0	38	10	29	11	1	4	64	3	25	7	32	
9	10	7	42	6	40	14	69	4	41	3	50	16	39	0	55	11	7	1	2	5	11	15	19	
10	70	4	51	14	35	11	30	12	55	
13	32	18	6	6	68	3	9	2	5	17	55	16	62	1	33	10	42	4	39	
3	43	18	37	8	20	12	36	14	22	16	49	9	44	4	69	7	52	0	67	
15	26	13	14	18	6	14	17	17	48	6	34	8	13	12	49	0	21	3	44	16	63	
9	4	5	17	0	66	10	6	13	40	11	5	4	63	2	48	1	35	
6	59	4	11	7	18	3	75	8	17	16	31	9	22	
8	67	5	25	12	11	9	42	14	52	2	59	15	56	11	66	6	8	1	40	
13	46	14	74	16	71	8	13	4	9	17	27	5	40	1	6	
1	65	12	40	5	42	14	8	15	41	4	13	9	7	10	20	11	17	
8	19	11	32	0	74	17	25	5	67	
18	72	9	39	17	57	0	19	16	56	5	26	6	41	15	53	19	23	
5	59	14	46	19	64	15	24	2	2	4	41	6	45	16	18	11	37	9	52	
9	5	17	30	7	37	6	24	0	55	12	34	3	73	
10	44	6	25	4	17	8	68	18	62	17	63	0	49	3	37	19	15	
17	28	10	69	16	38	19	15	1	32	14	4	12	10	
1	24	7	9	3	31	17	46	8	65	19	1	14	52	2	66	
9	72	1	19	10	47	17	53	16	45	8	67	6	2	5	38	3	75	15	11	0	36	12	28	
10	15	16	46	14	75	9	11	3	1	6	66	4	45	
17	59	5	24	19	19	4	54	7	40	14	50	18	2	11	55	0	36	10	35	
17	27	5	29	4	38	9	51	2	18	7	19	19	23	13	12	
2	64	16	39	17	71	6	9	10	55	3	38	8	66	14	11	7	44	11	59	
11	57	3	73	19	19	1	56	13	12	
0	23	16	66	4	17	2	65	5	18	13	62	18	37	11	8	9	75	15	33	
18	38	11	69	4	46	10	10	7	16	0	35	16	17	19	36	
7	65	8	56	19	41	17	53	18	75	
3	69	10	22	13	73	7	18	6	75	19	49	5	32	11	3	2	17	8	7	16	6	
13	10	7	68	11	15	19	44	8	13	4	26	14	24	0	37	
9	33	17	28	5	40	15	58	19	57	8	24	6	62	18	32	4	20	16	45	14	64	
15	40	14	10	8	60	11	29	17	9	1	1	12	2	13	25	5	11	4	55	6	69	0	59	
9	31	7	50	17	44	12	42	0	22	8	53	11	71	14	23	
13	4	19	38	10	27	12	69	16	33	9	15	2	39	14	54	6	22	8	12	
15	28	9	67	6	4	1	69	3	73	0	36	
10	28	13	5	15	51	5	68	14	22	7	33	17	9	
10	68	19	10	4	6	0	32	8	41	1	3	2	45	12	46	6	36	
7	9	9	64	13	75	3	48	4	11	11	30	18	12	15	31	6	29	17	71	
1	72	19	21	9	68	0	8	13	63	3	67	7	37	17	65	18	32	4	14	2	16	
3	11	5	45	8	61	4	73	10	23	18	47	13	15	14	3	9	8	
2	72	19	65	9	30	16	34	1	12	18	69	
15	33	12	52	19	44	18	8	7	61	6	49	14	56	4	36	0	13	
1	39	2	24	9	18	19	49	17	34	
15	20	12	65	3	67	10	25	7	45	14	21	5	49	18	36	
10	41	16	21	4	38	1	12	2	7	
11	39	15	48	2	52	5	10	1	21	3	29	
0	64	6	75	1	17	18	18	14	42	12	58	
15	72	4	61	0	71	5	42	9	35	17	23	1	56	16	21	8	32	14	40	19	20	
4	64	1	54	6	42	7	6	19	13	12	47	15	57	5	72	16	45	11	60	17	38	13	7	
7	67	19	3	3	23	13	65	16	30	1	56	11	61	0	63	17	43	15	48	12	60	
3	25	12	24	0	39	16	69	10	63	7	46	
15	67	1	68	10	74	14	50	2	46	12	5	4	49	8	28	9	24	3	37	18	11	
1	44	14	32	12	30	10	52	18	67	8	71	19	27	7	62	17	74	
11	23	3	5	13	64	16	55	19	27	5	44	15	56	4	12	9	26	
9	59	18	64	13	61	0	57	8	42	
10	66	7	32	12	31	9	51	0	62	16	42	5	20	11	75	18	70	3	52	19	19	14	23	
9	20	2	4	3	58	10	31	17	16	8	38	19	35	0	33	1	43	6	47	4	55	14	29	
6	68	13	42	2	15	5	47	16	64	19	4	10	55	7	43	1	34	17	35	
5	57	18	60	8	31	15	8	6	49	1	24	17	72	2	7	16	73	13	17	
14	27	15	55	16	36	9	49	18	67	3	43	
10	37	6	57	15	40	13	72	8	15	11	45	12	53	
8	65	1	56	15	36	11	49	3	25	14	33	4	44	16	18	
16	71	11	74	14	36	8	39	2	17	13	28	4	9	5	13	6	63	7	2	1	3	17	44	
17	28	1	22	18	55	2	7	11	41	16	34	8	35	6	50	
12	22	10	55	0	33	17	44	2	3	3	10	7	67	18	51	6	74	4	17	15	57	11	50	
11	26	15	7	8	39	0	50	9	4	
14	4	11	28	16	72	0	67	4	71	2	33	9	69	8	73	6	65	
18	51	19	4	3	8	10	14	17	26	2	35	12	37	13	11	7	72	15	6	9	34	6	46	
5	67	9	49	4	36	14	11	8	14	18	20	1	16	19	38	
7	26	14	52	10	59	5	42	3	39	13	1	6	41	19	46	1	69	8	18	
15	9	8	29	10	12	2	45	18	34	13	18	
0	2	12	11	14	75	17	34	6	19	19	10	1	52	18	7	13	47	
15	75	16	47	9	42	1	5	2	36	13	40	
12	37	3	63	10	74	16	38	9	4	14	35	13	47	2	54	0	21	7	55	6	51	5	13	
5	47	18	71	10	65	3	7	7	15	0	11	16	34	
15	1	3	45	18	73	1	5	8	54	12	55	7	53	4	68	2	33	19	64	13	50	5	56	
17	34	9	11	18	5	0	31	7	71	16	49	15	4	12	75	
9	53	16	74	11	26	5	8	15	44	6	35	1	18	10	31	12	56	19	67	14	1	
4	3	11	1	17	41	2	5	8	45	14	54	15	13	
9	16	17	21	6	2	7	72	4	55	11	39	2	8	10	24	
3	66	11	15	12	25	19	72	8	51	18	42	2	62	0	52	13	58	6	45	
5	46	19	26	13	8	0	1	18	43	
6	5	19	28	11	68	7	24	13	62	8	69	18	64	3	74	2	3	0	20	
3	32	2	50	4	4	12	12	5	38	9	14	18	17	13	47	
6	26	8	35	14	39	4	5	1	30	10	22	9	42	
5	70	11	41	1	12	9	19	0	17	19	27	8	53	13	48	14	35	18	15	17	22	
3	13	6	62	9	55	13	24	10	20	15	15	0	67	2	33	
6	27	18	67	3	22	1	43	11	50	19	6	16	20	8	73	15	55	7	15	12	48	
6	46	10	43	4	16	5	10	16	17	3	32	12	56	13	37	
1	47	14	18	13	41	5	43	2	30	16	45	12	42	9	51	15	65	8	58	
1	42	8	32	10	11	4	71	16	4	
11	55	2	42	5	69	9	33	4	15	15	57	7	43	10	21	
8	34	18	69	14	50	1	32	16	39	10	26	9	58	2	45	7	46	
2	58	12	41	4	29	8	8	13	32	
2	22	5	60	18	59	1	71	15	48	16	39	8	62	
0	39	19	8	16	7	9	74	11	9	1	48	14	41	8	66	2	26	
8	53	16	28	6	45	2	50	10	27	5	14	
15	54	12	51	14	66	5	3	8	41	1	29	6	70	9	35	4	52	
18	52	15	48	8	33	16	2	6	41	12	19	11	34	
19	74	6	12	7	39	3	36	14	30	10	50	4	22	5	69	17	15	0	25	8	40	11	29	
18	32	7	6	2	70	4	1	1	46	8	67	3	18	
8	21	3	27	12	40	5	74	4	48	19	5	17	36	16	63	18	43	
7	24	15	16	18	35	1	4	13	49	11	56	6	60	2	32	17	25	9	72	8	43	5	33	
19	4	16	37	0	26	8	15	1	23	12	36	4	21	
3	75	19	16	5	14	16	56	15	36	12	2	4	45	14	33	
14	23	0	69	10	25	12	63	5	7	1	56	19	11	2	15	4	50	11	58	3	20	
1	3	6	30	3	16	10	35	0	24	14	58	13	6	16	14	9	7	8	19	12	11	2	69	
12	69	18	11	3	29	6	74	11	68	
15	40	12	17	7	6	13	45	8	50	4	9	5	43	19	57	11	53	3	34	1	26	10	27	
2	54	13	3	15	29	1	58	19	15	11	32	12	62	16	49	0	12	18	60	
10	64	16	12	2	49	5	74	3	11	
5	46	16	31	17	9	13	36	12	48	9	7	2	21	
19	45	8	58	0	31	17	72	12	74	14	6	11	43	6	8	13	29	2	5	16	13	
16	62	18	27	11	55	17	22	15	69	
11	59	7	56	14	5	19	6	8	20	13	54	16	41	4	13	1	18	17	46	5	16	
8	67	19	51	4	7	0	4	11	52	14	44	2	8	7	13	16	29	9	25	1	19	12	75	
5	73	2	12	14	67	19	11	11	55	15	46	6	66	17	72	13	65	
7	7	16	54	12	68	8	1	11	6	6	58	18	19	4	66	19	69	
12	59	1	26	13	55	5	34	6	13	3	73	19	28	7	75	2	50	14	16	
1	71	8	69	16	22	7	8	5	38	10	49	6	27	0	67	4	72	3	61	9	32	19	47	
9	50	0	64	7	31	8	30	16	39	2	12	19	8	11	36	3	47	
5	45	9	74	4	20	19	75	17	56	2	25	12	63	18	13	1	33	13	59	
6	44	7	31	4	12	16	41	18	11	10	62	13	35	
15	15	1	38	18	40	11	54	5	60	16	24	3	2	12	72	0	34	
10	64	13	13	2	23	6	51	3	56	14	60	8	71	9	66	1	40	19	14	
9	51	16	38	18	23	12	8	17	33	11	52	2	44	0	5	
3	22	15	9	19	18	6	13	4	46	12	11	1	50	5	34	0	6	17	27	
9	2	13	67	0	1	7	47	5	60	17	75	19	66	12	65	
19	68	2	41	9	23	13	8	8	57	0	31	5	53	10	37	12	4	
15	72	1	22	13	5	8	38	18	47	14	57	11	48	
8	26	4	63	17	19	9	31	6	23	5	24	
5	69	2	29	19	50	7	43	18	8	12	56	
9	29	13	22	19	53	7	36	0	61	8	27	

All component type numbers for each job to be processed by MFPM
8	15	3	13	4	1	6	8	7	20	
3	9	4	11	0	18	8	25	9	19	
7	22	
2	14	1	16	6	19	
7	6	4	21	9	14	
2	15	1	6	
0	16	3	10	4	7	
5	15	
9	6	
0	8	5	4	
7	15	5	19	
7	19	8	2	0	18	9	16	
0	13	8	3	1	18	9	15	4	12	
2	10	
2	15	5	24	7	6	8	19	
3	5	2	4	0	19	8	3	4	12	
6	16	7	4	
2	14	8	15	6	8	
0	25	4	21	1	19	
5	2	4	6	9	8	0	13	2	5	
1	25	
8	8	
4	22	5	18	0	10	3	19	9	17	
1	20	5	17	
6	17	8	4	5	21	
4	7	1	24	
3	3	1	24	2	21	6	13	9	19	
9	3	7	1	2	22	0	25	
9	14	0	5	
2	14	4	1	1	21	
3	19	2	3	9	10	5	12	4	25	
3	5	7	7	4	1	0	21	
3	12	4	18	
7	4	9	10	
8	11	
3	6	5	18	0	19	
3	17	
0	13	8	5	2	4	4	9	
4	13	7	12	
7	19	0	4	6	5	
8	25	7	6	
4	22	1	25	2	2	3	20	
7	19	4	4	1	22	3	6	
7	3	
8	16	9	7	
7	3	3	12	
4	25	9	9	3	5	6	17	
9	10	8	12	7	9	5	4	
3	5	0	13	6	10	
6	18	7	1	5	10	2	21	9	13	
2	9	6	13	8	14	9	20	1	7	
7	16	5	24	3	8	
3	20	9	14	8	6	7	15	0	2	
6	21	3	23	2	7	7	8	
6	25	4	12	
4	17	9	12	
6	11	2	14	3	12	0	21	7	1	
1	13	8	1	9	17	4	4	
1	1	
7	18	2	25	1	5	5	1	
5	16	0	6	
2	1	3	22	7	5	0	17	
2	7	5	10	3	6	0	24	9	25	
5	5	4	23	1	1	
6	23	3	6	5	24	8	15	
1	25	3	3	4	7	
1	19	
2	16	7	4	3	13	8	6	1	21	
7	20	5	9	
8	16	1	6	0	23	2	13	3	2	
1	20	9	9	
0	11	4	24	9	10	
6	25	1	17	5	4	8	6	2	11	
2	3	
2	13	8	11	0	10	7	5	
0	16	3	25	4	7	
2	12	
3	4	6	18	4	16	7	7	2	21	
2	19	
7	9	3	23	
5	25	
1	10	3	14	
4	17	
4	19	9	11	8	13	0	6	3	12	
5	14	
7	8	3	4	
7	5	0	23	1	24	5	21	9	14	
5	23	1	2	0	16	
2	11	1	1	7	19	
0	9	1	17	5	20	
0	2	9	6	7	8	
1	7	2	8	9	21	8	15	
1	22	
4	20	8	21	
7	23	
5	13	1	18	4	7	
1	2	
6	25	3	22	
1	16	
4	24	3	6	9	3	
5	10	7	20	1	1	8	3	4	13	
9	7	
8	5	3	20	1	13	6	24	0	10	
8	18	3	10	9	13	6	24	4	5	
8	19	1	9	
1	16	
4	24	3	17	9	9	0	23	
1	19	0	7	7	8	
4	18	6	7	3	21	2	5	8	20	
2	14	6	11	0	10	4	3	8	16	
0	10	
9	15	6	4	
9	25	3	24	0	14	5	17	2	23	
4	15	3	13	9	10	
6	12	
9	14	8	23	4	22	7	5	
3	18	
0	1	5	18	4	13	8	14	1	4	
0	21	6	10	
9	12	4	15	1	7	8	10	2	14	
2	16	6	22	
3	10	7	3	
7	7	
3	8	6	14	5	4	4	22	0	16	
8	9	7	10	9	15	3	14	
3	7	
1	13	
4	4	
7	18	0	19	3	4	1	17	4	21	
4	23	5	7	9	3	0	24	
4	17	3	8	6	15	1	23	0	5	
6	25	5	18	
7	6	6	14	1	3	9	4	3	19	
3	22	8	6	
7	19	4	11	9	20	
3	9	9	24	8	21	2	13	
8	8	0	14	3	15	2	2	9	1	
7	19	9	22	6	12	0	9	5	14	
4	11	
4	2	5	18	
4	16	7	20	1	17	8	9	
1	7	8	14	3	17	
3	24	9	7	5	8	8	1	
8	8	9	4	
8	21	7	24	2	23	5	11	
3	16	5	8	9	7	
0	25	8	10	2	2	6	23	9	12	
1	12	4	17	
4	13	2	18	5	16	
9	24	3	25	8	6	7	17	4	23	

Three processing times per job on each machine
The best scenario
363	262	
257	318	
127	164	
197	294	
608	809	
325	648	
310	182	
491	628	
143	348	
272	461	
571	1201	
660	1139	
492	419	
274	162	
71	124	
84	53	
285	100	
242	323	
571	424	
495	418	
406	111	
592	737	
645	794	
201	203	
167	120	
81	62	
448	343	
422	493	
207	246	
175	356	
123	178	
250	1158	
536	183	
204	109	
258	219	
298	318	
734	503	
227	281	
292	160	
657	492	
787	198	
332	552	
1323	507	
205	208	
450	508	
620	942	
429	440	
422	710	
342	141	
370	265	
162	104	
58	76	
163	126	
679	412	
281	558	
216	145	
279	163	
261	325	
276	159	
115	161	
174	358	
186	339	
238	261	
179	112	
904	799	
429	510	
683	289	
107	92	
249	295	
731	1285	
140	295	
922	683	
956	785	
1095	410	
313	553	
298	467	
424	223	
549	784	
564	550	
176	471	
256	175	
361	111	
488	769	
310	861	
845	471	
809	247	
394	660	
169	283	
393	564	
251	264	
398	392	
663	402	
211	352	
87	50	
238	557	
42	168	
364	128	
300	460	
322	365	
354	107	
168	380	
109	173	
598	598	
194	614	
277	182	
918	605	
202	313	
105	206	
517	510	
260	426	
151	408	
154	135	
272	552	
206	457	
338	222	
97	266	
583	421	
455	231	
497	483	
622	749	
269	210	
661	960	
417	1249	
190	140	
244	142	
161	239	
870	306	
57	71	
214	807	
839	534	
490	294	
570	330	
759	453	
514	477	
134	242	
239	131	
1101	970	
833	290	
173	324	
1096	516	
805	384	
111	140	
494	322	
280	587	
236	94	
1053	626	
378	628	
1019	841	
648	355	
265	752	
Most likely scenario
483	498	
327	437	
236	276	
235	335	
945	1235	
605	778	
425	322	
645	990	
159	392	
337	511	
763	1277	
711	1414	
526	591	
293	246	
105	224	
142	88	
313	158	
307	441	
733	681	
670	676	
434	194	
859	1317	
937	941	
308	348	
210	144	
102	84	
480	498	
810	658	
217	258	
177	388	
235	230	
409	1189	
563	242	
247	126	
482	387	
496	382	
799	505	
342	319	
453	316	
704	900	
996	377	
371	860	
1478	1001	
257	376	
509	826	
731	1026	
726	459	
729	965	
426	167	
491	333	
172	161	
68	128	
220	204	
1015	433	
315	685	
263	198	
294	184	
333	619	
378	205	
206	186	
218	392	
246	451	
313	499	
274	220	
1236	819	
730	577	
825	403	
117	134	
330	301	
1024	1373	
168	383	
1174	1167	
1131	798	
1156	448	
506	798	
548	588	
713	323	
946	1111	
792	686	
247	734	
262	220	
376	143	
717	827	
370	895	
857	635	
953	428	
566	937	
195	531	
539	578	
491	449	
727	588	
701	487	
307	422	
141	93	
442	644	
83	260	
554	155	
418	531	
572	368	
395	152	
208	412	
198	192	
1172	747	
253	755	
428	332	
1076	973	
324	346	
131	229	
547	700	
309	482	
231	477	
220	167	
374	839	
281	559	
405	238	
147	296	
937	477	
630	443	
512	883	
851	1005	
488	230	
855	1070	
783	1319	
326	167	
487	257	
307	415	
882	605	
86	72	
404	1128	
1036	1025	
553	312	
875	478	
872	783	
694	582	
267	291	
258	158	
1129	1064	
853	483	
252	598	
1429	555	
888	415	
163	241	
511	375	
381	628	
324	160	
1237	739	
510	755	
1339	1442	
851	698	
337	1040	
The worst scenario
580	571	
392	629	
352	339	
335	486	
1253	1409	
824	854	
450	447	
714	1445	
217	458	
429	679	
1078	1683	
791	1503	
590	631	
416	275	
145	304	
202	113	
411	172	
436	534	
846	700	
924	677	
601	271	
1266	1914	
1090	1104	
416	452	
255	173	
135	95	
617	548	
1075	856	
289	345	
238	505	
341	312	
490	1741	
742	279	
252	144	
546	536	
563	434	
1024	735	
498	455	
592	436	
713	1231	
1248	444	
401	1212	
1947	1444	
368	450	
732	1171	
839	1106	
890	685	
1077	1048	
550	208	
549	345	
257	181	
84	178	
312	225	
1168	613	
329	997	
338	281	
402	230	
357	818	
425	217	
293	206	
273	487	
250	674	
400	699	
321	270	
1630	848	
907	597	
1155	416	
153	178	
339	437	
1108	1514	
245	540	
1369	1267	
1285	1096	
1473	611	
701	1181	
742	749	
746	478	
994	1373	
1022	878	
328	886	
377	262	
482	199	
1026	1209	
449	939	
1125	948	
1417	637	
698	1194	
226	700	
563	593	
551	582	
787	836	
838	629	
311	508	
148	134	
608	911	
124	319	
615	209	
469	649	
826	506	
403	175	
216	479	
222	229	
1258	783	
330	981	
640	411	
1218	1187	
364	461	
191	259	
748	877	
370	648	
284	607	
268	236	
444	1201	
310	797	
447	339	
194	344	
1270	488	
864	496	
593	1086	
1247	1276	
616	301	
1236	1364	
942	1757	
442	203	
677	327	
441	577	
1000	691	
95	86	
592	1261	
1213	1164	
556	344	
1195	656	
945	931	
905	829	
270	422	
270	218	
1607	1350	
1185	630	
341	638	
1855	793	
926	479	
186	253	
568	477	
462	639	
364	191	
1410	964	
680	1037	
1784	2084	
907	1018	
445	1418	
