Factories	3	Jobs	150	Machines	3

Total number of component types per job processed by HSPM
6	12	6	8	7	7	7	11	5	11	5	7	6	9	7	7	8	7	9	10	7	5	6	5	10	7	6	9	7	12	8	6	6	6	9	8	12	11	5	9	9	11	5	7	12	11	10	7	5	10	9	10	11	10	8	7	7	9	7	10	9	8	11	12	10	12	7	10	10	11	12	10	10	9	11	11	12	12	8	12	10	5	9	8	5	8	6	9	7	5	12	11	10	8	5	10	10	5	11	6	9	9	5	6	10	5	8	11	8	12	9	7	7	7	10	5	11	7	11	10	8	11	11	12	10	10	7	10	7	11	11	5	9	11	7	6	7	7	11	8	7	10	6	6	5	10	11	8	7	6	

Total number of component types per job processed by MFPM
3	2	4	1	5	4	1	4	5	4	2	5	2	2	3	3	5	3	2	5	4	2	1	2	4	2	1	5	2	1	2	5	5	5	1	1	4	2	2	5	3	3	2	3	3	5	5	5	1	2	2	1	4	3	4	4	2	3	2	3	2	5	2	5	5	4	4	4	3	3	1	5	2	1	3	4	4	2	1	4	3	3	3	5	3	2	4	4	1	4	2	1	3	2	5	4	2	5	3	5	4	4	5	1	2	1	1	2	5	1	3	4	4	2	2	4	5	4	3	2	4	5	3	3	5	5	2	5	5	1	2	1	4	2	2	1	3	4	2	3	3	2	1	4	5	1	5	5	3	3	5	2	4	4	1	3	1	3	5	1	2	3	1	5	4	4	4	4	3	3	5	5	1	1	1	3	4	1	3	2	4	1	4	1	1	1	5	1	5	1	1	3	2	1	3	3	2	3	4	3	2	2	3	2	4	2	5	2	3	3	2	2	2	4	1	1	3	4	3	1	4	2	3	1	3	4	1	3	2	3	5	2	4	4	2	2	3	3	4	1	1	4	3	1	3	5	4	5	3	3	2	3	1	3	3	4	3	3	2	1	1	3	3	2	4	1	3	4	3	1	1	5	1	1	5	4	5	5	1	5	3	1	2	3	5	1	2	2	4	4	1	5	2	1	1	2	5	5	5	1	

All component type numbers for each job to be processed by HSPM
7	42	15	40	12	56	2	27	8	11	11	31	
8	18	11	31	14	52	12	10	15	40	9	42	4	21	16	66	3	34	19	7	7	43	18	25	
0	63	16	69	11	70	10	62	15	64	6	47	
2	50	6	47	14	37	16	2	1	51	18	54	5	55	13	14	
11	8	5	48	6	60	7	58	14	18	18	6	3	42	
1	58	16	67	18	1	12	70	17	31	10	49	3	15	
8	62	3	14	14	33	5	12	12	50	10	63	2	41	
15	46	3	58	16	12	18	64	8	60	17	50	7	21	19	53	10	61	9	68	4	31	
7	44	5	60	11	6	1	2	14	15	
19	43	2	3	5	29	16	24	3	6	13	19	18	1	9	34	15	66	7	26	12	32	
15	53	12	13	16	55	18	41	8	5	
7	49	0	18	15	37	2	67	11	69	13	44	16	21	
14	16	16	66	15	22	13	43	10	15	17	9	
14	9	2	15	1	58	12	35	16	17	13	73	7	37	4	71	10	75	
17	22	1	47	12	64	6	42	0	40	10	56	5	15	
4	19	11	4	18	8	17	17	6	66	12	27	9	38	
14	73	4	12	13	68	0	40	8	35	1	59	7	70	11	65	
9	51	8	42	10	10	18	56	19	54	3	47	4	15	
16	9	15	70	0	69	4	53	6	2	10	49	19	62	3	34	5	27	
10	33	6	53	3	51	9	52	4	63	1	30	11	64	18	19	2	4	19	45	
13	51	4	27	15	8	6	75	12	44	3	48	7	33	
3	75	11	26	6	47	0	28	15	51	
15	26	19	37	3	16	5	14	6	66	11	75	
2	50	6	17	14	14	13	34	7	53	
11	70	4	45	10	20	1	58	7	31	12	32	5	62	8	65	3	68	17	72	
6	10	8	24	10	50	3	60	11	62	5	66	9	56	
17	35	2	11	15	32	1	18	0	71	12	5	
16	28	3	39	5	12	6	36	1	10	14	34	11	53	13	26	4	2	
10	28	14	59	8	65	13	72	15	33	19	52	1	34	
14	52	8	75	19	71	0	74	9	43	7	38	12	65	10	46	17	36	5	39	16	16	18	29	
15	15	19	28	1	26	6	66	18	5	17	71	3	75	7	18	
15	39	8	74	4	36	12	25	2	30	11	35	
16	40	10	39	0	7	5	10	7	41	11	68	
8	26	19	21	3	24	6	6	5	58	0	11	
6	51	0	24	15	70	1	36	10	58	7	22	11	33	4	21	9	75	
14	57	12	15	19	54	5	37	9	44	2	26	1	32	0	48	
18	71	1	24	14	35	19	9	3	53	17	45	6	1	7	19	0	54	15	61	2	73	8	5	
8	23	5	56	6	32	1	61	15	50	2	54	17	64	12	60	0	7	19	11	16	2	
5	69	12	23	10	9	6	25	1	31	
7	13	10	47	18	34	19	10	17	32	3	6	4	3	6	70	0	37	
18	64	9	43	12	1	13	26	8	45	3	14	17	59	10	74	2	58	
16	69	9	13	11	43	6	42	7	25	5	50	3	12	4	37	2	62	12	51	19	66	
16	69	5	42	13	1	12	43	11	32	
5	39	3	23	6	62	7	75	16	53	11	60	10	14	
13	38	12	47	15	73	10	13	8	53	2	55	19	65	3	8	11	48	14	42	9	72	18	34	
1	56	7	44	15	42	18	2	4	21	14	63	19	9	13	62	5	39	2	1	17	41	
18	66	12	73	9	36	7	51	0	16	1	60	15	31	17	69	3	50	8	29	
1	72	0	48	19	59	9	41	12	15	13	14	16	71	
2	62	15	30	1	48	9	60	14	36	
7	71	2	67	0	63	5	5	12	39	4	70	3	16	19	13	1	11	6	34	
10	62	19	23	14	19	15	30	0	24	2	13	11	17	18	7	17	12	
2	24	4	9	13	71	0	16	8	25	3	47	7	64	12	20	17	44	19	15	
16	65	18	7	17	4	13	51	5	49	8	15	15	10	1	67	12	34	2	48	7	74	
17	34	1	52	19	75	2	57	15	30	9	36	12	13	18	22	13	27	0	53	
18	38	0	16	1	72	12	52	19	1	11	30	13	66	6	42	
5	5	13	61	15	25	14	22	0	49	8	1	4	3	
7	47	19	72	18	60	3	55	13	19	1	24	17	45	
6	30	16	43	15	41	19	68	18	10	1	37	10	70	7	55	2	67	
11	44	19	36	1	14	6	26	14	62	15	5	12	56	
14	33	1	20	3	45	9	48	2	4	18	68	12	26	5	10	8	14	17	61	
7	42	14	41	9	28	8	7	4	59	0	39	13	55	19	26	17	72	
13	61	1	1	17	33	19	7	6	32	11	12	15	36	2	51	
13	54	8	43	3	27	5	59	11	50	6	35	1	53	2	11	7	4	15	63	14	9	
15	3	1	33	0	4	9	11	14	1	7	37	6	47	3	46	5	67	13	58	2	73	8	74	
4	67	18	28	13	65	1	27	6	74	14	72	3	69	16	43	10	3	12	2	
3	35	4	39	6	31	9	47	2	32	1	36	12	29	16	30	10	61	5	21	18	8	17	54	
8	48	5	28	19	21	18	4	15	24	7	44	11	38	
13	35	19	14	9	11	3	44	5	65	12	66	4	37	16	45	7	62	8	60	
11	57	17	40	16	58	4	11	8	59	0	19	3	71	18	52	7	31	1	64	
2	67	16	21	6	63	5	36	9	55	17	72	12	31	13	35	15	61	7	59	4	41	
9	7	19	12	15	31	17	57	0	51	2	71	10	47	4	6	3	26	12	15	13	28	14	58	
13	66	17	6	6	56	5	14	15	2	11	15	12	55	19	19	1	51	2	46	
4	7	17	16	15	70	8	30	10	44	2	66	7	35	9	75	1	4	0	32	
10	19	13	6	4	8	7	16	2	73	1	20	8	47	6	2	14	70	
3	30	14	39	4	9	17	14	0	8	13	75	6	35	5	68	1	25	7	36	8	7	
5	40	3	13	19	57	6	3	9	34	12	1	0	2	13	35	7	26	16	29	1	6	
14	49	3	72	15	57	9	63	18	11	0	53	2	69	16	23	7	45	6	50	1	48	10	34	
0	34	13	11	3	24	14	62	2	20	19	32	18	40	11	5	16	22	7	50	10	7	8	43	
16	58	6	67	14	42	9	32	8	73	17	24	13	45	12	25	
10	54	17	72	6	44	4	50	8	11	0	3	11	20	14	23	15	58	13	25	19	13	18	66	
0	13	11	62	3	12	7	11	9	14	2	27	5	70	18	16	1	59	14	44	
3	20	15	61	6	16	10	35	5	31	
4	17	5	73	3	39	13	49	18	58	19	43	12	46	1	65	0	25	
0	71	3	11	5	61	6	60	17	24	16	35	19	43	18	13	
9	13	16	67	13	44	10	11	1	65	
13	74	12	65	18	31	4	10	0	40	5	49	15	6	10	45	
0	32	14	71	17	23	11	3	16	69	4	73	
4	32	14	24	17	16	13	53	10	27	19	15	5	63	18	35	9	22	
7	19	17	72	4	7	13	53	12	20	0	9	2	68	
18	39	7	44	2	73	1	46	5	16	
8	9	7	26	1	18	10	35	6	32	11	54	3	1	5	58	17	2	4	67	14	53	0	59	
16	53	19	42	0	35	7	49	10	9	14	75	9	27	15	41	4	47	11	34	12	26	
8	22	7	31	19	19	4	57	1	12	6	70	11	32	14	17	17	49	18	72	
19	41	13	13	0	45	5	55	16	22	10	38	12	54	17	3	
2	48	17	25	4	21	5	2	1	69	
15	71	8	28	10	41	2	75	18	68	11	5	5	12	9	51	17	14	4	24	
1	26	18	6	17	4	12	23	9	73	2	64	6	33	8	75	0	72	3	43	
3	47	5	26	9	27	17	25	14	68	
16	18	15	69	8	75	14	21	2	11	1	24	13	3	0	15	5	52	17	26	9	65	
5	34	6	1	11	3	17	66	13	53	1	59	
9	45	14	67	16	22	10	11	6	55	15	64	18	62	13	25	1	60	
1	35	5	32	19	37	0	24	6	52	11	14	8	70	14	60	13	61	
7	7	10	36	4	33	14	34	12	73	
3	43	7	33	4	10	18	7	0	15	10	11	
3	5	0	24	17	75	9	44	7	69	16	35	4	6	19	17	15	15	2	56	
14	21	17	44	0	35	2	58	10	6	
14	3	5	4	10	54	8	34	9	15	19	28	6	1	0	37	
16	51	8	31	6	49	1	68	10	36	14	22	19	8	5	20	15	54	17	29	9	47	
6	29	0	43	9	39	10	12	17	56	7	4	8	69	11	35	
15	6	0	11	14	27	9	33	11	32	4	70	13	24	6	62	12	59	1	71	8	14	19	64	
16	56	19	57	8	27	10	25	3	42	9	54	17	49	14	44	6	7	
15	52	13	47	19	65	16	21	2	44	18	55	6	58	
3	42	18	39	5	32	7	28	13	26	4	67	8	13	
1	15	11	68	12	58	15	67	19	1	16	66	5	63	
0	48	15	52	2	57	16	37	12	27	7	30	14	42	8	44	3	15	13	65	
13	11	5	42	12	20	10	44	2	75	
14	11	3	57	7	12	16	56	19	28	13	26	1	38	18	47	10	20	12	7	0	39	
2	38	10	32	1	67	0	8	3	42	18	53	14	26	
3	69	11	35	1	36	16	7	8	39	19	65	2	57	13	10	14	42	9	52	15	28	
19	45	6	2	17	66	2	37	5	71	14	70	10	40	0	47	16	19	7	63	
9	67	18	16	7	42	11	73	0	23	16	14	2	22	8	6	
15	75	16	54	19	4	13	55	2	1	10	61	1	51	6	69	0	10	5	33	18	67	
12	12	4	8	16	25	5	63	19	74	0	38	1	50	9	75	6	6	7	67	13	23	
18	43	1	56	4	60	5	49	14	53	7	19	19	30	16	64	2	48	12	46	10	8	13	54	
5	22	8	44	9	74	17	8	16	25	10	20	18	63	0	17	11	56	15	37	
9	48	13	44	8	28	17	50	0	61	19	26	18	10	3	49	10	32	2	42	
18	20	12	18	11	72	3	8	8	6	13	75	5	4	
19	66	18	67	3	33	10	65	13	43	1	42	4	59	9	11	11	63	5	52	
18	31	10	67	12	7	9	12	5	68	19	29	1	16	
5	6	0	20	2	68	9	56	7	12	8	15	3	19	4	67	14	18	19	59	15	21	
5	14	2	53	4	34	12	60	16	67	0	27	6	55	11	20	8	40	1	37	14	44	
14	58	18	8	16	54	10	21	5	64	
3	5	5	63	15	53	2	28	13	2	12	18	19	70	16	3	18	27	
8	68	19	47	0	36	3	28	13	42	14	52	4	24	10	74	15	8	11	70	18	9	
12	40	9	5	16	37	14	31	6	25	5	33	18	65	
1	36	10	17	4	18	9	31	15	46	7	1	
19	58	1	5	10	67	4	33	18	32	8	53	16	42	
19	53	3	59	15	12	13	47	6	45	11	43	18	39	
14	64	18	57	1	70	13	55	0	24	12	2	9	47	19	72	8	25	3	67	15	49	
1	27	4	50	7	32	11	59	15	19	12	51	18	40	9	70	
12	27	11	46	14	39	4	33	19	14	15	43	13	19	
16	64	10	67	9	3	1	61	19	10	11	15	4	30	17	5	0	1	12	19	
4	34	16	72	13	48	3	3	12	63	14	42	
18	24	10	21	13	45	17	60	16	9	5	12	
3	59	6	5	17	24	15	74	14	12	
19	1	16	4	11	26	3	55	13	17	17	12	2	31	0	38	6	69	7	29	
17	41	12	16	18	72	5	7	2	2	4	70	0	4	15	13	19	50	10	23	7	22	
9	25	8	47	7	5	3	48	1	39	13	73	17	45	11	42	
5	44	16	27	0	15	13	22	7	29	8	24	1	49	
6	19	18	66	14	54	0	49	7	22	9	2	

All component type numbers for each job to be processed by MFPM
5	4	1	3	0	12	
8	33	7	26	
9	7	0	3	3	20	4	15	
2	45	
6	25	7	4	5	13	3	10	2	17	
2	41	0	26	3	32	9	36	
7	21	
1	43	5	41	9	40	7	32	
1	9	7	22	5	5	0	4	2	3	
9	40	6	48	3	28	4	34	
2	20	0	3	
7	37	6	30	9	49	8	40	5	29	
2	9	3	11	
2	48	8	38	
9	12	4	24	6	8	
6	37	0	43	5	44	
9	17	4	19	7	6	3	14	5	4	
4	43	5	33	7	45	
0	13	4	18	
9	34	5	50	7	47	3	27	4	44	
8	20	0	21	1	2	5	16	
9	44	8	50	
4	4	
6	38	8	35	
9	17	1	21	8	12	4	1	
8	28	6	29	
5	20	
2	50	9	29	3	30	4	44	7	39	
6	18	4	25	
5	49	
2	11	3	10	
3	34	5	42	7	37	6	44	1	43	
4	18	2	7	8	19	7	3	9	5	
9	47	8	32	2	40	0	29	7	34	
9	2	
7	39	
3	2	9	13	5	1	4	15	
7	42	6	34	
7	6	9	23	
4	34	2	46	8	38	7	39	3	40	
6	25	5	15	1	17	
5	47	7	44	6	45	
1	6	5	8	
5	42	8	29	1	49	
9	1	5	8	4	10	
9	38	5	48	6	29	4	35	2	26	
1	3	2	21	0	6	3	12	4	8	
4	39	7	48	0	43	5	42	1	30	
4	14	
7	33	8	38	
6	17	8	14	
0	40	
2	13	9	19	8	21	4	3	
9	40	3	47	0	43	
8	3	4	14	2	11	7	12	
4	42	0	46	2	35	6	43	
2	6	4	10	
1	27	3	38	9	44	
5	21	4	9	
5	35	9	32	7	48	
6	13	7	7	
2	42	5	26	6	34	8	49	4	39	
9	24	7	16	
2	46	8	42	0	28	6	49	5	40	
8	5	3	15	0	10	4	14	6	11	
9	48	1	37	0	40	5	35	
6	8	0	10	7	23	9	16	
8	48	4	47	2	49	0	31	
2	2	1	18	0	11	
1	47	4	34	6	43	
5	11	
6	44	5	38	0	40	2	26	9	37	
5	15	9	9	
3	40	
1	12	6	6	9	11	
9	34	5	32	2	29	0	33	
4	12	6	2	9	16	5	4	
3	29	4	48	
7	4	
9	30	3	40	7	37	2	39	
7	16	0	17	8	20	
3	47	1	36	8	32	
3	16	4	4	8	22	
0	26	4	39	5	30	8	41	2	50	
0	18	9	2	7	11	
9	39	4	37	
3	25	2	1	8	4	4	10	
6	46	7	32	2	28	1	27	
6	17	
1	27	2	36	7	40	9	48	
8	17	3	1	
2	36	
3	6	6	12	7	25	
6	45	8	34	
0	11	7	5	6	14	3	22	1	3	
6	40	8	36	9	28	7	26	
8	21	6	3	
8	34	5	44	3	33	0	26	7	50	
1	19	5	15	6	12	
1	37	3	32	2	34	0	38	6	43	
4	20	8	8	0	16	3	21	
2	37	8	33	6	48	1	30	
7	10	3	4	1	18	4	5	5	21	
0	43	
5	16	1	5	
7	31	
5	5	
6	49	5	27	
3	17	4	20	1	13	8	25	5	16	
2	32	
9	11	1	16	6	21	
5	33	7	48	0	31	6	45	
3	2	6	22	4	16	2	18	
7	32	2	30	
6	21	4	23	
5	44	4	48	3	42	8	39	
5	3	4	24	9	22	7	2	8	6	
2	27	8	32	0	33	4	29	
3	23	2	7	7	15	
4	38	1	45	
8	23	2	17	6	3	4	19	
8	47	5	48	2	33	9	37	6	40	
1	24	7	19	9	21	
1	42	6	28	5	34	
2	18	8	14	1	25	5	10	4	19	
2	42	0	35	5	36	4	40	6	47	
6	24	1	25	
7	39	6	44	4	30	8	29	3	28	
2	24	0	16	1	13	5	6	8	25	
5	35	
9	23	5	19	
8	48	
0	22	5	15	9	2	8	7	
9	40	7	49	
5	7	6	9	
0	33	
6	22	7	11	8	6	
1	34	5	33	7	28	3	41	
6	11	2	1	
5	50	0	41	2	40	
3	20	1	23	6	19	
8	50	1	30	
9	2	
5	46	2	49	4	32	3	48	
7	7	3	8	6	13	1	15	9	9	
6	50	
3	18	7	24	0	20	6	1	5	12	
8	33	5	38	1	47	9	42	4	28	
4	14	9	9	7	1	
0	41	2	49	5	44	
9	5	5	18	0	11	8	9	1	4	
6	36	7	38	
5	14	9	13	2	9	7	19	
8	34	2	41	5	37	7	46	
3	21	
9	30	8	39	3	35	
5	12	
2	36	6	30	3	27	
3	15	5	7	9	20	4	24	8	10	
3	40	
7	13	6	7	
6	43	4	37	0	46	
4	24	
2	38	3	33	8	43	4	47	6	42	
9	15	2	20	6	19	5	8	
1	39	9	31	8	46	4	43	
7	4	0	24	3	16	9	5	
0	39	2	40	1	29	6	50	
4	11	3	17	8	23	
2	39	6	43	7	36	
0	1	9	20	3	19	7	24	4	12	
2	35	0	44	4	39	9	33	8	27	
5	18	
7	43	
0	2	
4	34	3	49	9	39	
7	5	5	25	2	11	3	9	
4	43	
1	20	6	25	0	22	
3	27	9	32	
7	14	2	8	8	21	4	25	
7	36	
5	15	6	3	0	5	9	25	
3	35	
0	24	
7	39	
2	10	9	25	3	6	4	5	5	14	
4	46	
2	22	0	15	4	17	7	5	5	13	
8	45	
6	19	
4	41	5	47	1	46	
6	7	2	8	
7	45	
8	24	2	8	4	11	
1	47	9	38	7	29	
6	7	4	6	
6	45	0	40	3	36	
1	16	2	9	7	3	0	2	
0	38	2	40	9	46	
9	14	8	16	
7	37	0	46	
9	3	4	4	2	11	
3	32	7	43	
1	9	4	24	7	19	8	11	
2	36	0	34	
5	12	9	6	8	20	6	11	3	18	
9	26	7	40	
1	22	7	4	3	10	
1	30	9	45	5	29	
8	22	2	13	
0	47	5	50	
9	15	8	10	
5	45	1	38	3	46	8	33	
9	2	
4	40	
3	10	1	2	0	18	
8	31	3	35	1	48	0	49	
2	5	1	15	0	10	
7	44	
3	14	1	17	0	9	2	5	
1	50	0	44	
1	14	7	7	0	10	
9	28	
2	8	1	24	8	16	
1	28	9	40	8	31	4	42	
5	14	
3	46	9	50	2	41	
1	22	5	6	
9	43	3	30	0	39	
3	13	6	8	8	19	1	20	4	4	
6	40	2	38	
8	2	2	22	3	4	4	15	
1	42	4	49	6	50	9	33	
7	15	3	14	
7	41	3	39	
4	12	6	7	1	20	
9	36	1	32	0	35	
4	21	5	22	0	11	9	24	
0	43	
0	10	
3	31	4	33	5	45	7	44	
6	16	9	22	0	8	
4	42	
4	7	3	14	6	13	
9	42	6	32	4	39	3	50	1	47	
7	10	1	9	3	17	9	8	
2	39	4	26	1	40	6	30	7	28	
0	13	4	9	7	25	
7	36	4	29	0	46	
4	20	8	7	
6	33	3	49	8	46	
3	4	
2	29	8	47	6	34	
5	5	7	2	8	3	
8	43	6	40	7	50	1	48	
2	2	7	19	6	6	
8	36	4	31	5	38	
9	25	8	8	
8	36	
8	9	
2	34	6	30	5	36	
1	12	5	1	3	17	
6	49	9	50	
0	22	2	12	1	15	4	13	
0	27	
5	9	4	20	8	6	
4	45	8	50	1	28	2	42	
2	9	0	18	4	1	
2	50	
0	5	
3	38	7	31	2	41	6	27	5	45	
1	6	
2	47	
9	14	6	16	1	25	2	21	0	19	
9	45	7	50	1	38	6	26	
1	9	7	7	8	19	6	3	0	25	
9	26	7	38	0	36	2	46	3	35	
5	6	
3	28	6	42	9	43	0	34	7	46	
0	3	5	17	1	16	
6	31	
6	9	5	14	
1	35	2	49	6	27	
2	2	8	10	0	6	5	5	9	14	
5	26	
4	24	9	23	
0	40	1	46	
8	5	5	13	9	10	3	20	
7	37	9	27	1	39	3	29	
5	17	
3	34	9	32	1	44	7	48	6	36	
9	4	3	21	
9	49	
0	10	
0	46	6	43	
1	18	6	10	5	25	8	3	0	15	
2	47	7	34	4	27	9	30	1	37	
1	23	3	15	5	1	2	25	6	5	
2	36	

Three processing times per job on each machine
The best scenario
680	318	228	
102	223	377	
263	209	170	
92	262	152	
65	108	82	
90	97	143	
275	134	250	
161	220	345	
606	825	606	
113	68	191	
338	238	398	
131	432	359	
356	522	202	
563	404	516	
736	557	318	
309	113	121	
676	592	325	
1027	686	308	
280	215	194	
283	404	731	
880	602	474	
352	56	209	
391	600	533	
158	321	339	
311	279	190	
125	64	99	
260	441	555	
550	509	195	
235	109	355	
170	319	240	
318	693	381	
388	146	754	
461	233	171	
662	271	689	
762	711	553	
213	138	252	
52	96	120	
367	379	249	
751	997	363	
189	265	127	
69	180	243	
93	236	187	
659	710	972	
595	827	656	
256	286	351	
411	361	143	
104	75	171	
289	459	387	
730	553	370	
224	539	238	
223	93	279	
306	560	969	
286	126	142	
977	373	521	
146	182	203	
261	73	317	
85	264	122	
498	446	367	
210	527	493	
975	1107	744	
306	564	260	
1203	364	650	
259	439	628	
162	117	87	
262	237	110	
775	1025	320	
214	117	335	
190	60	192	
429	494	469	
906	964	429	
767	866	637	
545	536	340	
398	403	125	
655	734	677	
117	97	164	
322	207	201	
295	227	490	
258	189	197	
543	157	171	
666	581	597	
481	258	900	
174	697	538	
757	418	637	
969	473	681	
209	374	344	
445	299	542	
122	346	317	
265	112	261	
695	505	365	
1039	395	271	
344	622	596	
162	166	396	
683	520	472	
881	748	357	
116	257	160	
268	393	524	
583	407	260	
64	73	149	
452	293	238	
216	256	638	
512	902	868	
693	544	569	
51	232	56	
309	315	105	
319	313	267	
196	643	515	
602	864	208	
784	226	293	
218	223	227	
1049	1195	461	
758	619	675	
479	234	483	
259	421	821	
49	129	205	
498	97	186	
124	125	145	
973	507	346	
126	234	94	
919	478	329	
334	172	125	
324	239	441	
80	212	132	
351	485	500	
515	891	573	
209	624	228	
99	118	112	
155	547	275	
294	307	140	
140	205	143	
857	623	870	
601	690	1068	
585	703	515	
636	305	269	
426	810	800	
535	335	646	
191	136	179	
176	288	296	
583	340	389	
309	478	276	
101	166	213	
726	427	446	
177	102	232	
374	496	152	
423	556	699	
816	657	200	
722	774	1295	
747	650	285	
210	239	618	
518	552	717	
423	309	217	
Most likely scenario
785	386	373	
169	279	443	
344	317	314	
118	275	229	
115	180	135	
134	114	259	
300	185	319	
260	329	426	
1131	1172	711	
205	120	238	
557	416	471	
155	466	441	
673	922	256	
787	423	856	
842	579	622	
378	151	242	
1106	1021	479	
1044	1145	421	
293	331	321	
337	561	1040	
900	1178	920	
355	111	331	
550	796	897	
220	380	385	
401	529	225	
126	71	127	
301	553	1046	
833	953	317	
336	156	380	
189	580	292	
547	882	591	
657	263	788	
505	288	185	
1189	386	803	
990	855	1028	
302	248	360	
104	151	123	
370	458	369	
799	1049	424	
238	322	247	
106	246	259	
149	276	334	
675	813	1160	
1186	1273	754	
280	460	556	
491	589	221	
202	108	176	
299	669	555	
1042	941	375	
279	592	409	
418	146	314	
437	577	1034	
318	190	152	
1242	463	853	
149	354	315	
266	128	344	
90	283	138	
567	603	573	
355	897	792	
1100	1204	845	
428	915	508	
1406	501	827	
342	619	849	
172	226	101	
347	309	126	
935	1091	347	
384	147	396	
266	100	276	
550	628	519	
1086	1270	706	
768	898	793	
579	605	605	
620	736	201	
1213	1352	713	
125	156	207	
337	337	328	
406	238	750	
467	191	356	
679	245	219	
966	701	844	
938	515	975	
324	1152	960	
800	836	825	
1071	632	1055	
387	399	483	
743	316	648	
209	352	334	
512	211	357	
830	724	421	
1125	621	441	
350	846	626	
294	216	417	
941	601	849	
933	1001	458	
134	404	284	
443	593	553	
622	440	381	
91	103	158	
799	372	325	
366	282	654	
870	1028	981	
775	725	945	
89	286	94	
345	319	113	
415	414	470	
351	655	903	
662	907	265	
907	255	495	
324	234	272	
1519	1362	768	
995	928	1007	
591	247	648	
432	515	1003	
67	194	227	
531	177	240	
146	202	146	
1051	612	385	
216	271	175	
937	869	471	
385	199	187	
363	318	578	
136	253	148	
361	586	752	
689	1032	732	
268	662	387	
179	192	193	
223	586	316	
333	320	269	
271	327	273	
1083	1190	935	
784	1247	1236	
686	942	841	
764	428	536	
577	935	1074	
710	586	851	
196	188	295	
214	440	497	
1120	492	604	
444	516	387	
191	176	357	
786	751	609	
300	162	463	
403	562	276	
468	910	895	
893	905	279	
956	1167	1402	
1036	1227	305	
231	385	702	
717	820	952	
444	458	380	
The worst scenario
1164	436	480	
181	288	550	
508	345	469	
125	312	343	
128	247	189	
190	168	344	
376	214	404	
329	421	582	
1587	1517	878	
292	156	351	
733	605	698	
207	637	475	
849	1369	335	
949	519	937	
993	852	680	
516	196	266	
1559	1433	581	
1160	1564	471	
416	337	322	
413	605	1383	
1059	1255	1052	
479	136	409	
612	1026	1129	
227	491	425	
421	767	276	
171	76	129	
329	730	1313	
1155	1377	461	
453	166	467	
219	746	384	
741	1086	696	
919	274	794	
675	300	231	
1441	403	955	
1014	1064	1486	
395	276	385	
137	226	182	
506	629	519	
1175	1437	443	
248	405	352	
148	287	305	
196	315	369	
965	861	1487	
1299	1468	950	
354	604	789	
524	859	242	
288	154	179	
346	876	581	
1247	995	381	
313	822	447	
459	183	422	
500	775	1393	
416	227	173	
1687	618	1092	
202	488	342	
330	171	411	
105	365	145	
578	612	605	
412	1293	913	
1642	1458	867	
524	1364	602	
1463	535	936	
449	916	889	
212	304	148	
454	413	177	
1087	1272	458	
539	206	561	
295	106	385	
606	712	536	
1253	1506	867	
965	1089	1159	
716	612	742	
867	976	259	
1571	1779	717	
135	163	233	
499	355	448	
459	336	1034	
631	240	409	
973	327	237	
1243	919	980	
968	551	1117	
453	1432	1070	
939	1026	1006	
1125	646	1522	
505	423	520	
1037	448	879	
305	391	426	
668	256	492	
1058	754	600	
1479	872	477	
388	1097	786	
305	291	568	
983	745	1193	
979	1476	670	
182	596	421	
488	806	804	
749	487	504	
136	139	204	
1136	482	450	
450	343	930	
1185	1159	1168	
992	1050	1126	
115	290	126	
442	443	117	
447	428	496	
410	900	1291	
689	1161	342	
1157	260	610	
381	241	341	
2043	1627	878	
1416	1369	1359	
718	352	678	
457	692	1035	
80	278	326	
653	236	267	
215	248	183	
1557	886	498	
220	401	261	
1099	888	551	
570	215	206	
513	321	642	
189	288	159	
501	820	910	
913	1169	989	
310	936	416	
192	240	275	
318	797	439	
360	438	343	
322	348	302	
1336	1345	1401	
1145	1521	1540	
963	1328	1240	
1077	569	599	
774	966	1176	
873	771	894	
225	198	341	
294	443	564	
1616	688	742	
490	672	438	
211	214	409	
1162	1105	660	
373	202	519	
433	695	402	
635	1361	975	
1045	1268	350	
1392	1675	1905	
1077	1707	356	
269	496	962	
828	977	1248	
564	611	473	
