Factories	7	Jobs	100	Machines	3

Total number of component types per job processed by HSPM
11	12	8	11	6	10	10	8	12	8	7	7	11	6	10	9	9	10	7	11	10	5	7	10	6	12	12	6	9	10	5	10	7	11	12	11	7	12	5	6	7	10	10	7	9	9	6	8	12	6	6	7	6	6	7	11	9	8	11	8	11	8	6	8	11	5	8	5	8	6	12	12	12	9	9	12	9	12	6	8	11	8	11	9	6	10	5	8	9	11	11	10	12	11	7	12	5	9	7	9	

Total number of component types per job processed by MFPM
3	3	2	1	5	4	3	4	5	4	2	4	5	4	4	4	4	2	1	5	3	4	1	5	2	3	2	5	5	1	3	1	1	5	3	4	4	3	4	1	1	5	3	3	5	4	4	3	2	1	3	1	2	4	3	3	5	2	4	2	3	5	5	2	3	2	5	5	5	1	3	3	2	3	5	4	5	2	4	1	2	5	4	2	1	4	3	2	2	4	1	2	4	4	3	3	5	1	1	3	4	2	1	1	5	3	2	1	4	5	1	4	2	4	5	2	3	3	5	3	3	3	5	4	2	4	3	2	5	2	3	2	5	4	1	2	3	1	5	5	4	2	3	1	2	3	3	3	5	5	1	4	2	5	5	2	3	5	4	5	3	3	4	2	2	2	3	3	1	4	1	5	3	2	4	2	2	3	3	5	5	5	2	2	1	2	2	2	3	2	5	2	4	1	5	5	1	5	2	1	

All component type numbers for each job to be processed by HSPM
4	73	13	53	7	4	2	38	19	18	15	42	0	48	17	46	8	3	9	2	10	56	
5	63	8	3	17	26	4	44	0	39	9	34	6	18	18	28	1	9	10	47	19	22	16	59	
16	43	11	23	6	52	15	10	19	45	4	30	9	54	12	39	
15	11	2	14	9	46	0	3	11	68	18	57	14	38	1	22	4	47	3	21	17	61	
9	6	0	69	7	35	13	66	3	10	4	17	
18	71	10	37	1	6	8	67	17	72	2	56	0	39	7	61	9	68	4	44	
3	33	1	69	13	47	18	22	8	67	9	53	0	5	6	26	7	11	19	62	
11	46	15	47	0	33	3	45	17	53	16	48	10	71	6	73	
10	38	18	39	3	26	16	31	4	61	8	3	19	8	7	46	15	59	0	64	11	20	1	6	
10	15	4	32	5	35	18	43	3	12	13	57	12	17	6	54	
5	71	7	11	11	72	6	63	8	23	12	40	3	14	
10	37	8	34	4	75	9	55	3	35	18	42	13	23	
16	2	9	22	17	16	6	66	18	59	1	37	3	54	15	40	8	75	0	48	19	15	
13	12	18	18	17	71	16	40	2	73	14	3	
13	47	0	55	8	7	19	1	12	53	1	12	6	26	4	73	15	48	5	16	
6	64	8	42	14	38	3	28	19	35	17	7	9	75	13	52	4	11	
15	68	16	6	19	18	14	42	4	8	12	35	11	28	5	12	17	45	
6	55	9	58	2	40	12	70	0	12	18	25	14	45	5	57	7	44	11	24	
7	25	12	10	11	58	10	60	4	16	6	75	1	62	
8	49	3	16	7	39	5	30	12	3	10	46	1	66	6	32	0	15	9	42	16	9	
6	18	16	3	12	46	7	16	15	28	18	44	14	35	0	50	4	17	5	67	
16	3	12	25	10	50	8	40	11	68	
8	25	2	26	5	10	10	31	9	15	6	41	11	29	
7	54	14	38	0	34	12	7	11	12	4	55	19	21	18	45	3	24	13	41	
9	42	12	64	4	24	2	40	14	60	1	35	
7	3	2	40	8	8	4	32	10	42	19	4	11	73	0	50	12	56	16	25	17	62	14	67	
14	7	9	41	17	72	2	12	0	26	6	17	18	66	1	61	13	73	8	35	5	48	7	2	
12	8	15	5	0	17	11	57	6	1	3	20	
7	27	17	4	2	23	16	40	8	49	9	5	0	39	19	19	4	58	
2	50	17	59	1	61	13	10	8	39	19	65	11	37	10	3	9	41	12	32	
14	73	12	47	10	2	18	1	11	8	
6	75	14	14	11	13	13	44	8	71	5	63	19	47	16	57	12	62	7	3	
9	33	8	4	18	38	17	40	10	32	16	1	2	59	
16	71	1	19	6	11	14	13	8	73	15	32	10	58	4	9	13	14	5	47	11	29	
1	10	3	22	10	33	4	3	2	5	14	39	11	38	15	40	6	26	0	1	17	60	7	2	
9	9	5	40	18	53	19	3	3	25	0	33	8	28	13	63	4	24	7	66	16	41	
4	28	11	32	15	66	19	59	1	51	3	65	13	72	
19	20	16	9	15	60	1	25	17	15	10	64	3	34	4	50	13	10	11	49	7	29	9	32	
19	55	3	6	9	32	1	20	15	46	
12	67	0	65	11	4	17	68	18	30	1	17	
10	43	0	70	18	50	1	74	5	18	3	39	8	9	
12	59	11	43	6	35	17	6	1	17	0	27	8	73	5	50	2	74	18	46	
0	11	16	21	15	64	13	50	1	28	10	9	19	3	8	8	6	30	18	59	
8	52	6	75	9	43	2	8	5	54	15	62	17	45	
18	55	6	3	4	58	1	73	15	13	12	66	11	56	8	70	17	40	
11	14	9	25	8	43	1	73	6	6	3	39	7	53	4	42	10	54	
5	48	10	9	12	45	15	55	4	19	13	2	
1	20	0	15	18	57	4	1	15	41	3	10	8	22	7	4	
14	7	18	67	11	10	6	44	16	1	13	42	17	69	4	29	1	20	5	75	3	65	12	28	
6	3	2	32	18	16	10	74	13	24	7	25	
15	31	9	48	10	20	1	54	4	4	14	8	
18	9	4	8	3	14	12	7	16	31	1	65	10	50	
2	54	1	59	8	62	18	26	0	51	4	21	
1	6	6	61	18	23	12	57	13	45	19	44	
8	61	10	41	17	34	18	70	15	16	3	20	12	5	
14	69	13	49	18	5	1	67	19	70	9	27	7	7	11	65	15	63	16	16	12	26	
8	40	5	20	10	27	16	41	18	46	13	12	11	25	19	10	3	62	
9	69	15	48	14	5	4	30	0	59	17	8	1	74	11	24	
3	51	10	23	11	15	12	31	7	53	1	44	5	19	13	48	9	22	6	20	17	70	
12	2	15	20	18	75	10	65	19	25	16	71	1	51	5	50	
7	42	4	54	19	2	14	75	16	24	9	58	13	47	5	16	15	48	6	12	8	67	
13	51	15	13	5	12	10	53	7	41	19	35	4	3	8	37	
7	68	14	70	1	41	2	33	12	54	17	72	
0	67	5	25	8	60	17	34	19	61	16	7	4	52	14	41	
7	61	16	45	6	1	0	9	19	32	12	62	5	24	4	52	18	72	11	19	15	64	
17	15	5	50	4	47	9	7	12	62	
11	40	4	11	17	67	3	66	9	38	14	32	0	2	13	57	
16	67	11	58	19	3	14	29	0	10	
7	9	5	12	8	53	15	67	17	72	4	32	11	69	2	39	
17	9	1	17	4	51	5	62	7	15	8	30	
19	29	15	59	11	11	0	64	4	28	14	70	8	55	3	32	2	43	12	40	7	53	1	22	
7	28	2	2	16	53	15	21	10	7	6	67	8	62	0	72	19	15	12	22	18	3	13	34	
0	49	14	19	18	30	1	60	17	70	10	36	19	23	5	12	4	5	11	27	9	26	8	1	
1	31	11	18	18	42	9	67	5	9	10	28	15	70	16	3	8	8	
14	28	2	23	10	75	5	47	13	69	12	26	3	53	8	3	0	24	
10	23	1	38	9	45	13	18	4	73	18	14	8	33	6	4	5	57	7	52	16	7	12	20	
12	39	11	15	17	20	9	65	0	41	19	71	18	18	2	10	3	66	
17	48	4	69	13	3	2	10	12	51	11	67	1	53	10	33	3	70	0	63	6	9	7	68	
17	63	2	19	4	29	13	12	12	18	0	67	
14	8	1	32	16	66	17	24	0	62	15	13	10	61	6	11	
7	19	13	13	8	44	3	10	18	22	17	41	19	36	16	60	10	64	4	63	1	30	
1	26	17	69	5	36	13	22	18	44	6	23	15	40	19	63	
8	62	4	19	6	18	0	25	9	50	12	44	2	43	11	67	5	39	16	49	7	73	
14	30	13	26	0	36	9	24	7	63	17	13	10	17	15	38	5	60	
17	51	10	11	14	4	5	16	1	18	4	66	
11	17	14	8	13	51	18	18	2	49	8	23	12	29	6	28	19	31	4	39	
6	19	15	45	7	26	9	18	16	70	
5	33	14	30	4	48	3	61	18	23	10	74	17	43	2	32	
11	74	14	2	13	57	9	6	10	71	19	10	3	66	12	68	15	63	
13	21	7	56	16	48	11	39	1	41	18	10	3	12	12	4	17	67	2	15	5	3	
11	70	18	30	16	1	12	20	2	61	3	52	14	9	0	38	9	29	17	2	15	40	
12	37	2	64	16	33	0	51	17	21	1	57	5	3	9	31	15	50	8	69	
18	48	6	13	13	64	10	6	1	74	7	72	14	4	5	60	19	69	15	45	9	30	3	25	
5	58	4	56	12	72	19	44	2	17	6	3	1	73	10	13	11	11	15	27	8	29	
3	27	8	6	0	13	18	23	6	70	10	1	19	63	
13	75	9	41	17	3	7	10	1	11	12	15	14	70	2	51	10	54	3	53	16	44	19	28	
18	9	7	62	8	11	3	35	13	2	
8	60	19	75	2	48	5	2	12	23	10	15	6	58	7	51	16	45	
14	13	7	39	11	34	13	6	6	23	18	70	1	9	
3	4	9	64	19	43	7	63	17	69	8	34	10	10	6	12	2	45	

All component type numbers for each job to be processed by MFPM
5	17	0	13	7	15	
4	42	0	47	5	44	
9	16	3	20	
8	43	
4	16	7	21	5	13	1	6	6	5	
2	43	6	42	1	35	8	31	
6	3	3	16	8	11	
4	27	5	47	3	36	8	42	
1	8	5	6	9	4	0	15	8	13	
4	27	6	40	2	48	1	43	
2	16	5	25	
8	35	1	36	2	38	7	34	
3	13	1	17	5	2	0	3	8	5	
6	37	7	40	2	36	4	31	
6	13	8	7	2	19	7	21	
1	39	8	41	7	29	5	36	
9	16	2	17	6	7	1	3	
8	48	5	41	
4	2	
8	37	1	49	6	27	9	43	5	29	
0	19	4	8	3	4	
3	46	1	32	8	45	2	27	
0	2	
8	26	4	34	6	38	1	30	2	42	
6	21	2	24	
3	37	4	46	1	33	
2	23	8	8	
0	50	6	28	2	32	1	26	8	30	
9	3	1	2	2	8	5	20	6	12	
0	32	
1	16	3	19	4	2	
0	48	
4	25	
5	39	0	27	3	44	6	37	4	33	
7	8	3	18	0	20	
8	48	3	28	6	31	7	33	
8	18	3	6	4	17	7	12	
2	27	4	31	8	44	
2	4	7	22	0	2	6	23	
4	36	
9	7	
1	37	2	32	4	39	5	40	6	44	
5	18	3	22	9	11	
9	49	7	47	5	43	
8	10	3	4	7	24	5	11	6	6	
8	31	4	29	0	47	5	39	
6	12	3	1	1	11	7	24	
2	40	8	43	3	45	
3	10	1	21	
7	33	
2	6	8	21	3	18	
3	30	
8	19	4	10	
3	49	7	45	0	38	6	48	
1	22	0	23	9	8	
3	41	5	30	4	29	
1	16	2	9	3	12	7	17	9	5	
5	39	0	27	
6	10	7	9	0	16	2	21	
5	44	9	43	
1	24	9	9	8	19	
1	39	7	34	8	46	0	41	2	35	
2	4	4	14	1	17	0	8	7	13	
8	35	1	45	
5	2	7	5	2	10	
9	48	1	42	
2	1	9	18	3	2	7	23	8	8	
3	29	6	37	8	35	7	45	1	27	
9	25	7	4	1	17	0	18	3	12	
1	30	
0	22	1	1	8	13	
2	37	3	44	8	32	
9	5	8	13	
7	49	8	29	3	28	
3	6	2	14	6	13	7	2	5	21	
8	44	9	50	4	41	6	39	
0	20	4	21	5	18	7	10	8	2	
5	43	6	41	
6	9	5	7	0	22	1	13	
6	36	
8	1	0	16	
9	40	7	46	3	41	8	33	1	42	
9	11	2	22	7	16	1	20	
9	43	1	34	
8	20	
2	48	8	39	9	49	7	32	
7	12	6	25	4	1	
7	39	3	33	
9	12	7	16	
1	28	6	38	7	40	3	31	
6	1	
1	40	7	35	
1	20	4	18	9	22	2	6	
8	32	9	31	3	45	0	29	
3	15	0	22	2	6	
2	33	4	48	8	27	
6	3	2	13	5	9	4	10	9	24	
3	29	
0	1	
8	37	7	34	0	32	
4	10	0	24	9	23	1	9	
0	40	3	36	
5	2	
3	43	
1	25	3	16	6	15	4	11	0	1	
2	31	0	39	3	41	
6	7	3	1	
1	43	
3	18	9	11	0	10	1	7	
5	36	7	29	2	46	1	32	0	43	
8	4	
3	42	1	33	2	28	5	35	
5	4	1	21	
9	31	0	40	1	46	6	30	
6	6	9	14	2	7	5	8	4	15	
5	47	8	41	
9	11	3	6	0	5	
5	32	7	26	9	46	
2	21	4	6	3	18	7	9	0	17	
9	43	7	41	8	45	
3	18	2	11	6	19	
4	26	8	40	0	50	
8	23	9	4	7	14	2	9	4	15	
5	37	6	34	8	49	4	50	
3	5	4	19	
6	32	8	30	2	35	7	28	
9	13	5	8	6	25	
1	41	2	43	
7	6	2	23	6	5	3	1	1	22	
1	37	6	26	
0	20	1	11	5	2	
4	32	2	48	
2	25	7	2	8	21	9	13	0	22	
3	40	6	47	0	48	7	37	
2	6	
8	34	5	50	
2	9	3	17	7	14	
5	31	
2	22	9	13	4	23	3	20	5	21	
8	47	0	39	5	26	2	36	4	41	
5	2	9	16	0	18	4	10	
5	31	1	32	
5	14	4	1	8	5	
8	34	
0	20	3	5	
9	48	2	38	7	45	
5	7	2	17	9	9	
0	29	3	44	7	36	
5	8	9	5	1	4	3	1	8	2	
7	37	6	30	0	46	1	32	5	39	
3	7	
1	28	0	35	3	44	5	41	
1	8	7	25	
3	26	8	30	1	39	5	45	0	47	
2	20	9	13	1	25	6	21	4	4	
8	41	2	30	
2	7	6	18	0	20	
2	50	3	43	9	38	6	45	8	39	
5	20	8	1	6	14	1	17	
8	41	0	27	9	26	3	31	2	45	
7	20	1	14	8	17	
1	45	5	42	8	30	
9	22	1	10	3	21	4	11	
0	38	1	47	
0	17	6	13	
7	39	9	40	
6	6	0	23	1	12	
7	29	3	43	6	26	
2	11	
6	47	1	26	9	28	7	50	
5	15	
3	46	7	38	9	26	2	48	4	35	
5	1	9	14	8	22	
3	46	5	26	
4	3	2	21	1	19	8	9	
5	44	0	45	
6	24	3	17	
6	45	7	37	2	30	
9	22	0	2	8	11	
5	47	0	42	2	43	6	39	8	38	
4	7	8	12	1	2	5	13	2	17	
2	44	1	46	7	41	0	38	6	37	
2	13	1	5	
7	49	4	35	
6	7	
9	26	8	32	
0	7	8	21	
0	48	2	45	
7	13	1	22	6	9	
8	33	5	39	
1	9	5	25	9	7	2	19	0	13	
3	49	7	47	
1	2	5	17	0	14	2	18	
8	42	
4	20	5	7	0	15	8	24	6	2	
2	48	8	43	1	40	0	47	3	29	
5	13	
4	43	7	36	6	44	2	33	9	42	
4	18	7	25	
9	47	

Three processing times per job on each machine
The best scenario
246	496	259	
189	70	89	
595	272	446	
724	339	470	
82	248	270	
211	122	114	
685	537	379	
302	500	376	
639	392	757	
82	122	57	
217	307	70	
491	910	631	
590	807	232	
476	502	244	
122	46	60	
105	99	138	
181	120	274	
132	165	243	
554	514	421	
569	236	701	
282	144	426	
538	625	455	
250	480	792	
222	188	577	
199	487	407	
161	150	164	
146	412	354	
541	512	554	
338	195	430	
308	93	125	
535	347	200	
446	308	590	
258	226	295	
488	1196	645	
897	288	518	
213	346	775	
242	322	329	
1261	1121	942	
249	252	186	
463	218	585	
248	431	146	
561	225	353	
1288	321	680	
140	147	262	
354	177	264	
148	767	311	
1254	975	945	
307	295	260	
211	311	254	
565	847	305	
671	603	207	
187	270	398	
332	853	686	
178	347	187	
801	1392	524	
408	232	264	
504	590	1143	
171	191	175	
111	294	418	
294	565	463	
411	151	241	
170	336	155	
792	471	398	
371	198	264	
53	91	38	
642	498	596	
569	669	495	
644	904	913	
98	222	83	
387	341	321	
413	1071	775	
1058	627	704	
176	66	249	
188	228	164	
113	389	210	
544	833	533	
244	578	421	
947	389	774	
786	580	477	
271	340	331	
103	96	61	
548	325	801	
247	105	169	
171	171	127	
470	590	569	
360	460	390	
279	426	299	
413	674	589	
371	206	453	
64	110	190	
185	246	605	
412	266	336	
500	581	825	
506	369	377	
199	502	204	
277	423	947	
187	427	140	
153	110	129	
385	722	783	
481	202	283	
Most likely scenario
275	598	295	
208	82	137	
631	296	453	
1052	453	923	
144	417	419	
291	162	136	
797	749	672	
358	583	483	
1025	574	1036	
147	149	72	
276	340	108	
508	1090	1000	
653	920	352	
614	679	351	
220	85	80	
139	133	189	
335	172	490	
218	275	298	
610	949	456	
1098	387	971	
428	277	437	
672	879	744	
421	928	902	
333	268	580	
351	526	548	
263	256	243	
263	545	391	
582	586	812	
368	202	450	
433	181	246	
567	692	393	
453	481	796	
414	396	517	
628	1349	1264	
1385	474	789	
370	557	856	
352	388	495	
1336	1407	1149	
397	322	280	
776	312	612	
314	604	280	
923	397	575	
1484	532	1342	
157	178	267	
572	338	377	
271	769	392	
1278	1049	1140	
336	533	450	
347	338	390	
854	962	555	
925	954	372	
315	272	483	
383	900	796	
208	364	261	
1318	1497	575	
563	394	277	
645	910	1266	
195	308	183	
216	471	604	
556	586	555	
454	201	242	
196	355	175	
898	695	556	
456	366	306	
64	160	66	
971	731	830	
632	740	920	
915	955	1425	
119	297	114	
624	562	352	
431	1176	1201	
1107	926	854	
297	80	323	
229	271	298	
188	430	268	
650	1118	601	
478	580	727	
981	452	1034	
1003	685	512	
336	612	504	
172	119	81	
696	614	1109	
381	110	219	
264	273	247	
821	932	712	
693	914	483	
454	464	532	
519	1301	700	
481	275	688	
128	144	240	
295	430	693	
500	383	444	
601	634	1522	
711	445	436	
235	768	347	
377	606	990	
212	622	220	
172	218	218	
594	883	923	
512	397	453	
The worst scenario
308	849	320	
232	116	191	
646	320	619	
1392	519	1082	
169	619	557	
409	200	188	
968	866	826	
516	794	583	
1459	838	1238	
176	194	82	
400	377	117	
668	1513	1144	
744	929	494	
778	954	436	
263	109	107	
178	178	255	
485	244	556	
283	401	349	
736	1003	580	
1279	401	1024	
460	315	654	
755	1222	1077	
498	1046	961	
487	345	711	
357	636	780	
304	352	276	
325	646	466	
730	702	822	
402	224	574	
531	195	264	
578	766	525	
549	601	901	
508	538	711	
629	1671	1428	
1652	590	967	
501	558	974	
361	558	533	
1899	1818	1510	
587	381	372	
856	387	694	
399	701	284	
930	560	703	
1728	638	1756	
175	199	327	
741	403	380	
275	1050	577	
1840	1336	1437	
405	574	632	
511	364	425	
965	1011	704	
1081	1380	388	
431	321	631	
435	968	1051	
280	481	306	
1901	1997	835	
815	575	337	
898	1083	1588	
248	309	249	
320	488	686	
791	664	656	
551	215	353	
290	408	227	
977	952	757	
586	410	361	
65	231	85	
1050	979	925	
798	1026	1370	
1048	1275	2094	
129	438	136	
794	799	451	
444	1429	1222	
1632	1069	1147	
412	111	398	
254	273	342	
269	614	318	
810	1605	703	
613	622	777	
1276	514	1068	
1380	1015	671	
437	915	630	
173	141	85	
851	696	1482	
389	135	288	
370	361	339	
989	1095	944	
986	934	575	
555	602	669	
634	1737	1014	
605	356	1001	
132	210	332	
353	446	899	
558	418	598	
792	657	1865	
1054	653	507	
240	1107	385	
497	863	1300	
282	902	221	
221	310	271	
782	974	1190	
758	464	459	
