Factories	4	Jobs	100	Machines	2

Total number of component types per job processed by HSPM
10	5	5	9	9	6	9	12	12	8	11	11	12	9	7	5	12	5	11	9	8	12	9	10	6	9	11	11	11	5	12	5	9	12	12	6	8	6	12	12	11	8	11	11	12	12	8	11	11	6	9	5	11	9	12	7	5	10	12	7	8	10	7	12	9	10	5	11	8	10	11	9	12	10	8	12	8	5	7	7	5	11	7	5	10	6	8	5	10	7	7	7	5	9	11	7	9	6	9	7	

Total number of component types per job processed by MFPM
2	3	5	3	2	3	2	1	2	2	1	2	2	3	2	4	5	4	1	4	4	5	1	3	1	4	5	2	5	3	4	5	2	1	4	2	2	4	5	5	2	1	2	1	2	5	4	3	2	2	3	4	5	1	2	4	3	4	4	4	5	2	3	3	5	2	5	5	4	1	5	1	5	4	3	2	2	5	3	4	5	5	4	3	5	2	2	1	3	3	4	1	1	3	4	2	1	2	2	3	

All component type numbers for each job to be processed by HSPM
10	56	5	39	6	70	2	52	17	55	4	68	1	16	3	25	8	41	19	43	
1	61	11	71	7	1	17	58	14	40	
17	4	3	36	13	21	9	44	12	12	
2	71	16	65	13	25	17	10	9	46	4	54	12	40	14	35	19	8	
10	17	18	24	3	9	16	52	2	39	0	10	1	29	7	19	6	35	
13	66	5	56	16	24	10	42	4	19	3	46	
18	33	14	24	17	8	10	66	3	20	7	50	1	62	9	72	0	47	
1	52	2	43	4	18	18	50	9	14	3	38	12	48	6	75	16	54	0	1	8	51	5	65	
10	58	18	71	3	69	9	57	1	26	4	74	2	54	13	66	7	38	15	10	16	53	17	51	
8	57	18	29	9	62	7	32	12	39	3	40	0	41	11	10	
4	73	7	33	17	6	12	29	0	7	14	24	9	31	5	18	13	15	3	35	2	63	
1	10	5	60	18	43	14	30	8	24	3	21	16	12	13	50	15	3	2	15	7	31	
7	19	5	61	2	49	9	23	16	40	14	71	15	11	4	31	0	28	3	41	19	75	8	46	
17	69	15	18	13	36	6	44	14	72	0	5	3	63	10	67	5	57	
3	59	18	8	0	74	10	26	12	69	5	20	17	34	
19	41	4	50	3	63	9	45	1	3	
1	52	19	36	0	37	7	66	8	5	10	1	15	54	9	33	6	67	12	13	5	34	14	72	
11	24	3	74	17	5	12	8	18	47	
4	14	5	64	9	20	2	36	8	12	12	61	13	19	11	18	18	67	6	10	16	56	
15	64	13	55	0	7	19	72	4	35	6	27	14	12	12	34	18	42	
5	51	6	27	7	25	2	49	13	1	4	41	1	38	14	73	
8	30	5	47	18	69	9	20	0	55	3	73	10	6	2	29	15	10	14	43	13	44	11	62	
16	28	6	26	1	38	9	75	19	62	8	68	14	54	18	40	17	44	
17	57	18	23	19	40	4	32	5	18	16	46	7	41	13	35	10	61	8	5	
0	37	7	1	3	59	2	16	15	30	19	57	
2	36	11	2	13	46	9	16	6	75	18	14	3	11	15	3	7	23	
0	49	14	3	9	62	2	17	15	7	13	14	18	11	11	58	8	59	17	52	10	18	
10	71	12	15	15	70	13	4	0	35	14	75	11	74	8	10	2	14	19	69	17	2	
13	7	16	57	9	50	3	6	2	42	15	41	11	58	6	17	19	31	7	74	12	33	
11	43	9	2	12	61	1	10	7	64	
13	63	1	62	19	70	16	19	6	4	15	26	2	35	5	46	10	31	8	58	12	9	17	49	
5	3	12	7	17	52	4	68	16	33	
7	14	17	66	9	63	19	49	13	70	16	32	18	34	6	71	15	2	
5	31	6	5	4	39	0	33	18	32	8	58	12	66	16	57	15	22	7	74	2	54	1	60	
3	59	10	16	13	13	15	55	0	43	12	57	17	45	6	21	18	3	1	66	9	64	8	62	
17	45	13	42	18	4	15	37	9	26	0	75	
5	39	18	12	2	75	14	69	11	60	9	70	15	67	6	22	
16	29	9	48	19	64	2	37	4	31	12	28	
1	65	4	64	19	56	11	31	18	28	12	21	13	25	15	47	17	73	0	46	6	43	2	74	
18	21	0	1	9	15	13	33	14	39	1	50	5	62	19	64	11	63	16	51	4	14	12	2	
19	39	9	32	3	8	12	58	14	40	7	6	11	9	8	35	2	16	16	37	13	50	
11	45	17	32	1	70	8	29	12	25	16	7	0	4	5	59	
3	2	13	68	8	58	19	44	0	10	18	26	2	45	5	8	11	52	10	17	17	6	
10	15	18	74	9	21	7	50	19	73	8	8	14	33	3	46	2	24	0	7	4	68	
17	30	3	57	19	66	18	17	14	70	7	62	1	36	5	53	8	21	2	55	13	61	12	11	
17	6	1	55	14	61	5	65	13	54	8	66	6	29	15	41	3	20	10	68	0	67	9	59	
10	73	5	60	13	12	9	40	12	24	16	7	4	35	14	32	
15	63	2	34	4	43	16	11	6	33	0	41	12	8	14	20	13	12	9	54	7	26	
9	48	16	37	19	40	1	25	5	49	14	5	11	6	6	29	0	20	8	46	3	54	
19	60	4	49	3	58	14	51	8	72	15	44	
4	41	7	71	14	13	15	34	2	22	3	28	8	56	1	18	18	35	
9	62	14	44	0	65	12	18	15	69	
16	57	5	74	17	42	7	29	0	48	12	70	2	23	15	43	13	19	19	35	3	36	
16	3	2	41	18	9	12	16	7	19	8	44	6	6	0	72	1	15	
6	58	11	47	13	69	14	31	12	75	2	32	16	24	19	14	15	61	10	3	17	67	7	63	
8	24	13	75	5	5	0	37	2	70	9	40	18	6	
8	54	16	66	7	3	4	70	3	19	
10	42	3	60	6	69	1	29	16	34	5	71	19	45	8	50	14	36	17	23	
0	3	2	2	14	55	5	13	13	75	3	67	1	57	11	30	10	45	8	31	7	16	9	23	
2	68	19	20	16	52	17	2	3	53	4	51	0	72	
19	1	18	66	5	35	6	58	8	63	14	62	12	69	11	65	
3	62	8	67	13	47	9	20	4	4	5	44	1	53	18	39	14	23	16	3	
6	47	11	69	0	52	12	41	4	38	10	72	19	73	
11	74	16	35	0	42	4	22	6	10	14	71	15	25	19	15	8	32	13	63	10	13	17	27	
6	1	0	63	12	10	17	14	10	71	14	56	7	46	11	44	8	45	
12	64	18	24	8	69	3	57	2	63	5	58	15	28	11	11	10	8	9	66	
11	12	18	58	6	51	8	1	10	36	
3	50	12	71	18	8	8	17	9	66	15	57	19	54	0	6	4	51	16	43	1	2	
14	7	11	59	1	53	10	36	8	40	16	33	19	48	15	56	
13	17	16	31	12	49	0	38	1	6	10	56	17	58	6	28	7	23	11	26	
14	29	0	25	16	55	4	15	18	74	11	46	19	61	13	34	15	11	3	39	10	75	
8	51	9	20	17	59	5	60	11	17	18	7	16	39	3	30	6	22	
18	63	2	47	16	35	4	73	1	41	13	6	10	53	17	39	7	70	5	27	0	25	6	5	
16	60	9	74	7	68	12	75	8	21	3	52	15	23	17	55	19	66	1	6	
13	49	3	74	15	32	1	31	14	54	0	51	18	72	8	53	
5	3	15	63	9	55	17	25	13	18	19	51	12	58	11	59	4	8	10	6	8	26	0	69	
2	24	3	3	6	31	17	53	8	52	5	4	13	63	11	11	
6	58	9	24	3	73	12	67	18	56	
14	26	9	45	10	9	17	39	4	62	2	19	12	25	
2	44	4	15	18	64	7	51	8	37	17	72	15	7	
7	36	2	38	12	52	3	20	10	43	
18	15	7	51	17	43	8	36	5	10	6	34	3	70	4	28	12	33	0	49	11	25	
1	63	2	65	6	26	18	67	14	58	17	31	11	49	
13	18	9	1	11	68	17	52	5	12	
9	2	4	54	13	73	14	7	10	39	1	50	8	19	18	33	17	63	6	46	
4	3	17	27	15	1	14	12	10	24	19	65	
5	5	11	32	12	55	17	13	8	43	14	56	15	12	4	63	
2	54	10	61	11	60	7	62	3	56	
10	45	19	50	15	53	6	19	12	62	7	39	2	38	11	37	17	70	1	41	
17	2	18	15	8	61	12	33	15	75	14	35	3	13	
8	13	14	48	4	5	9	26	5	62	19	18	7	43	
19	60	11	30	15	6	17	28	1	2	12	72	2	46	
5	74	16	44	13	56	1	38	15	34	
15	56	3	1	12	51	2	25	7	21	19	69	11	5	4	47	16	23	
10	51	7	54	2	6	0	37	19	4	13	69	18	16	4	47	14	53	1	27	16	57	
4	70	7	50	11	37	14	69	16	16	9	55	2	45	
12	8	17	70	10	27	4	60	6	13	1	29	14	71	11	73	13	39	
15	55	2	31	13	57	10	7	6	46	5	17	
8	43	13	14	15	28	5	7	9	72	19	58	12	52	7	5	10	68	
11	14	2	63	1	52	19	54	4	72	0	27	16	41	

All component type numbers for each job to be processed by MFPM
5	3	3	4	
2	20	1	24	8	7	
2	25	7	14	8	12	0	4	6	1	
5	11	9	12	1	8	
9	23	2	1	
1	18	5	1	6	23	
3	5	4	15	
7	6	
3	21	2	2	
8	19	9	15	
3	25	
7	2	8	21	
6	16	2	18	
5	19	2	5	7	14	
8	4	5	20	
9	7	1	11	2	19	5	16	
8	15	7	5	6	13	0	1	3	3	
1	1	3	11	0	15	8	21	
2	7	
6	22	1	6	7	8	0	20	
1	7	7	16	3	6	6	8	
5	21	2	4	4	22	9	2	8	10	
2	9	
1	11	2	7	9	4	
6	18	
3	22	7	4	4	2	5	8	
8	6	6	10	0	17	7	8	2	22	
4	2	3	12	
2	2	3	3	6	6	7	14	8	9	
2	12	4	22	0	7	
5	1	2	15	7	4	6	2	
8	13	9	8	5	1	6	14	7	2	
0	21	5	18	
6	14	
8	19	3	23	9	3	1	1	
9	6	3	17	
8	14	5	25	
8	13	5	11	3	3	2	14	
3	19	2	13	9	15	8	7	7	8	
6	8	0	14	4	3	8	2	5	22	
7	12	6	18	
0	2	
4	11	3	25	
7	5	
2	13	0	7	
1	15	2	8	0	1	6	7	8	17	
7	11	9	18	4	8	6	9	
9	17	5	9	1	15	
5	18	2	10	
9	19	1	1	
8	19	3	15	0	23	
5	24	9	19	2	5	7	21	
4	20	6	7	3	17	8	2	2	12	
9	11	
1	4	5	19	
9	5	1	21	0	9	4	1	
1	13	4	9	9	16	
5	3	1	18	9	21	0	16	
9	23	8	13	0	21	7	3	
9	17	0	10	6	15	8	12	
2	12	4	2	8	4	3	1	7	19	
7	6	2	20	
9	13	0	8	4	2	
3	2	5	8	6	14	
4	22	3	25	0	13	9	19	7	5	
0	5	6	21	
8	18	9	14	3	19	5	1	2	6	
1	15	2	23	9	14	8	4	4	17	
4	13	8	4	2	7	7	1	
6	5	
5	13	2	4	9	24	7	9	0	18	
5	19	
6	3	3	8	0	13	9	22	7	12	
8	18	4	11	5	9	2	1	
8	21	9	4	3	3	
3	17	9	24	
2	21	5	19	
2	8	0	9	3	3	6	25	5	10	
4	9	9	8	8	6	
4	18	2	16	3	6	6	17	
9	22	5	9	6	3	4	24	3	25	
3	23	2	25	6	7	8	13	5	14	
8	25	0	23	4	17	7	18	
9	6	2	8	6	12	
6	25	9	23	1	24	2	16	4	1	
4	10	5	12	
7	23	0	11	
7	13	
3	20	0	19	1	24	
3	25	1	15	6	19	
4	5	3	15	7	19	5	13	
7	22	
9	4	
7	22	4	16	8	24	
2	25	3	2	8	24	9	4	
4	23	1	9	
6	15	
1	5	2	24	
7	25	2	10	
8	23	4	12	9	15	

Three processing times per job on each machine
The best scenario
84	61	
155	131	
25	41	
347	149	
20	18	
214	183	
36	40	
102	237	
298	298	
177	486	
110	96	
110	188	
61	108	
9	33	
193	323	
319	223	
93	110	
163	295	
32	24	
145	415	
347	289	
385	486	
134	264	
348	201	
260	280	
352	89	
90	138	
44	98	
83	42	
175	241	
120	33	
155	56	
114	149	
203	141	
35	31	
414	309	
157	163	
281	152	
38	59	
249	119	
82	127	
130	510	
217	325	
68	38	
132	223	
101	232	
35	46	
171	115	
186	209	
119	194	
222	262	
307	273	
81	128	
307	287	
41	23	
107	178	
275	145	
306	201	
133	198	
259	275	
12	32	
239	272	
170	163	
174	183	
116	151	
363	69	
359	181	
168	85	
74	157	
131	113	
566	235	
195	205	
40	41	
169	113	
112	48	
50	173	
14	22	
346	378	
51	15	
72	165	
206	192	
227	291	
223	210	
96	270	
56	29	
208	321	
110	179	
92	105	
256	240	
135	92	
39	25	
300	178	
255	204	
78	281	
244	54	
35	78	
419	134	
264	97	
139	100	
213	208	
Most likely scenario
89	104	
267	195	
30	48	
393	204	
23	25	
229	270	
61	54	
168	342	
357	343	
205	492	
195	150	
220	212	
106	168	
17	62	
251	335	
493	420	
105	219	
239	418	
54	41	
279	443	
363	424	
387	518	
248	285	
379	231	
289	540	
412	155	
159	238	
71	172	
135	50	
244	300	
121	64	
242	77	
200	289	
263	231	
60	47	
485	410	
200	267	
437	173	
46	85	
401	143	
159	215	
215	520	
369	380	
88	39	
176	338	
201	406	
43	92	
237	160	
208	274	
122	200	
349	447	
453	359	
103	188	
473	318	
54	39	
149	250	
332	163	
386	262	
230	331	
479	310	
18	56	
249	292	
324	183	
249	218	
176	224	
522	136	
482	306	
178	158	
89	187	
174	186	
611	261	
211	276	
65	43	
199	158	
140	59	
99	207	
16	37	
519	522	
62	26	
121	317	
300	300	
329	391	
347	248	
132	344	
72	34	
351	507	
165	335	
109	129	
289	288	
157	106	
44	35	
310	276	
361	375	
111	306	
258	93	
51	80	
469	233	
274	162	
179	157	
314	259	
The worst scenario
121	155	
331	207	
42	56	
481	288	
31	35	
305	347	
67	72	
212	377	
397	431	
215	616	
240	202	
300	217	
145	234	
19	66	
311	412	
724	436	
113	242	
246	436	
63	45	
380	521	
425	617	
536	640	
267	368	
536	247	
357	604	
485	202	
160	344	
91	243	
188	73	
355	370	
146	89	
348	88	
230	295	
360	333	
80	63	
528	589	
285	332	
503	232	
66	108	
494	199	
193	220	
269	645	
377	487	
90	47	
264	399	
252	434	
59	124	
281	212	
209	333	
170	293	
406	531	
569	491	
111	243	
488	438	
61	48	
202	305	
435	213	
548	377	
319	434	
576	396	
24	68	
350	408	
344	255	
323	233	
211	257	
619	197	
616	327	
229	168	
116	228	
200	277	
904	331	
286	331	
67	45	
281	161	
207	70	
136	269	
19	49	
605	610	
74	35	
130	350	
448	349	
411	490	
476	313	
173	514	
97	49	
501	736	
202	373	
161	170	
407	386	
163	128	
48	37	
342	301	
482	542	
148	446	
269	110	
60	92	
522	265	
337	232	
227	171	
403	344	
