Factories	7	Jobs	150	Machines	3

Total number of component types per job processed by HSPM
12	6	8	7	6	5	5	12	6	9	8	7	8	12	9	8	5	11	6	8	10	6	11	8	10	7	9	6	8	7	10	12	10	5	12	10	11	8	12	5	8	8	5	7	5	7	9	8	8	6	6	5	6	5	5	9	12	11	7	10	9	7	9	5	11	6	10	12	7	6	11	7	5	10	6	9	11	7	9	12	8	6	5	7	12	12	10	7	7	6	6	12	7	9	6	6	6	8	12	7	10	7	9	11	7	8	12	5	10	12	12	11	7	5	11	6	6	9	11	11	9	9	5	5	10	11	8	6	10	5	7	11	5	11	7	8	12	10	7	12	10	6	8	6	12	9	7	8	11	5	

Total number of component types per job processed by MFPM
2	3	2	3	4	5	1	4	5	5	3	5	3	3	5	2	4	3	5	1	4	4	2	3	4	1	4	5	3	2	5	2	3	5	5	1	4	5	5	2	3	2	1	1	5	5	3	4	1	5	3	1	5	1	3	1	5	3	1	1	3	4	3	2	2	1	5	1	4	3	3	4	5	2	2	3	2	2	2	1	3	5	5	2	1	4	4	2	5	2	3	2	3	3	3	4	4	4	2	3	5	1	1	3	5	2	2	3	1	5	5	2	4	1	2	3	5	3	2	1	2	2	4	1	3	4	1	1	4	4	1	4	3	4	3	5	5	2	1	2	4	5	1	4	4	2	2	5	2	1	5	1	2	5	5	5	5	4	3	3	5	5	2	3	3	5	4	1	2	4	2	1	4	5	3	4	5	5	3	5	3	1	3	4	1	2	1	5	4	2	1	2	5	4	3	2	1	4	2	5	3	3	4	2	4	1	2	3	5	1	3	3	5	1	3	2	3	5	5	1	2	4	4	1	2	2	1	3	1	3	3	3	4	3	3	5	3	4	3	4	5	4	5	4	3	4	4	3	3	4	4	4	1	2	1	2	5	2	2	3	4	1	1	5	5	4	3	1	3	4	4	5	4	1	2	4	3	3	3	1	5	2	3	3	4	2	1	2	4	4	5	5	4	5	5	1	5	4	1	2	

All component type numbers for each job to be processed by HSPM
5	38	13	62	1	67	11	12	15	32	2	1	14	22	6	74	7	37	3	3	17	41	19	34	
18	54	8	66	13	3	9	19	0	42	14	38	
12	39	6	13	3	21	10	35	15	71	13	15	11	17	2	34	
17	48	11	61	8	7	14	29	6	9	7	53	19	46	
6	50	16	18	4	39	10	32	15	41	12	46	
7	65	18	46	12	6	17	9	8	32	
18	63	12	58	15	2	16	34	11	56	
17	19	13	51	11	43	2	57	10	45	7	39	3	6	15	56	19	68	1	14	5	50	4	34	
4	70	7	68	17	40	11	62	13	66	0	6	
3	20	7	24	19	2	18	63	14	19	0	54	5	73	17	42	11	53	
18	60	10	48	3	32	1	73	7	58	15	15	17	52	11	51	
4	37	5	39	16	12	6	58	19	15	9	35	11	59	
16	53	8	14	12	19	4	54	11	64	17	44	15	22	14	30	
19	46	12	43	17	35	0	47	8	15	4	14	5	28	9	40	15	6	3	65	13	27	2	33	
18	20	15	63	12	62	1	28	4	31	17	64	3	39	14	24	19	57	
2	54	4	68	11	14	9	17	5	28	6	2	1	34	13	44	
4	56	15	26	11	74	10	42	1	3	
18	38	16	22	9	71	11	48	14	7	4	67	15	69	12	55	13	19	3	29	7	24	
1	25	12	43	18	46	6	6	7	41	15	59	
3	17	2	12	5	32	18	11	16	37	15	14	19	38	0	45	
8	11	0	10	15	55	17	41	2	52	3	32	18	74	4	50	11	65	16	62	
5	72	10	68	14	66	17	42	15	44	6	5	
10	19	0	24	8	39	19	62	3	29	4	67	5	37	2	69	16	71	15	35	9	1	
14	70	0	49	11	1	18	4	1	6	12	38	2	13	5	33	
8	6	9	34	10	38	5	43	18	33	2	5	1	70	3	73	0	52	16	45	
11	33	14	11	2	49	8	27	19	22	3	8	5	70	
5	4	14	35	19	2	12	1	11	3	18	44	15	7	6	65	7	72	
13	62	9	42	8	43	17	25	1	44	19	26	
8	2	6	17	13	38	12	12	3	72	16	20	10	26	1	65	
17	54	11	21	0	15	13	38	12	2	5	30	2	37	
0	59	18	75	5	27	15	15	6	6	7	12	2	49	14	9	10	34	16	18	
3	58	6	47	11	57	7	44	4	74	9	9	0	53	16	6	17	18	5	34	15	59	13	7	
6	5	12	30	2	69	3	60	7	15	16	37	18	75	9	49	10	66	11	39	
19	33	12	48	5	26	14	4	9	2	
7	39	3	71	14	36	0	38	1	44	4	25	13	53	17	35	6	48	18	17	12	6	19	1	
19	1	17	28	6	40	18	58	7	69	2	7	15	15	10	12	1	71	4	21	
8	36	17	28	18	65	11	51	16	75	10	7	1	34	4	23	12	20	3	10	7	39	
2	73	4	31	16	43	7	47	15	64	17	20	5	70	10	26	
9	16	3	49	5	54	2	60	1	62	13	66	6	75	18	57	7	7	19	2	15	28	4	47	
0	35	5	65	3	61	13	7	6	41	
3	30	15	38	1	23	7	43	5	34	13	46	6	28	8	45	
15	29	4	56	3	69	12	34	1	53	10	59	16	28	11	30	
2	70	18	57	15	8	5	43	16	2	
0	52	6	23	8	1	18	33	19	6	10	15	17	5	
10	7	5	65	4	40	6	21	11	53	
2	16	3	41	1	70	12	69	19	1	4	67	5	13	
18	39	11	29	19	49	8	71	9	32	1	24	14	55	2	28	15	30	
14	37	8	32	3	2	10	3	15	35	16	59	2	74	11	44	
9	57	15	58	2	67	1	74	6	8	3	23	17	64	8	68	
16	27	8	8	14	57	2	48	9	35	0	41	
15	52	4	67	10	2	6	19	14	28	5	45	
6	2	1	16	9	37	15	61	13	14	
11	59	19	52	6	71	12	56	8	14	7	50	
7	48	4	25	3	19	12	58	0	38	
19	4	16	63	15	43	1	27	8	71	
3	6	18	36	11	26	7	69	16	29	13	50	15	51	0	56	6	28	
14	22	0	59	10	53	2	25	3	6	5	23	11	9	4	47	8	51	12	7	13	56	1	1	
0	50	11	24	13	12	1	70	12	32	10	16	16	4	4	56	2	58	9	73	6	25	
18	70	3	7	0	63	5	24	4	18	7	72	13	25	
2	63	5	4	0	12	9	7	11	35	10	40	16	37	18	51	13	30	19	68	
9	13	8	42	13	51	6	64	2	18	5	41	15	53	17	28	4	2	
18	15	9	28	8	14	7	75	0	70	1	66	17	59	
14	59	0	2	8	3	5	11	4	58	13	15	6	36	17	35	15	63	
3	2	4	49	16	68	0	31	10	41	
0	33	13	61	7	5	14	24	17	42	15	2	2	6	18	38	5	35	1	45	3	27	
11	49	18	28	15	19	13	13	3	61	16	51	
4	32	3	21	9	29	1	37	0	63	10	26	13	18	16	56	5	66	11	38	
2	35	17	14	6	26	4	12	8	6	1	50	7	49	0	44	5	28	3	45	9	43	12	40	
15	62	17	65	16	37	12	71	14	2	8	69	13	17	
5	8	1	38	16	4	9	24	11	51	8	22	
10	21	19	3	3	65	8	7	5	26	12	47	13	27	11	64	9	56	17	11	15	29	
19	37	7	25	6	67	14	45	13	62	0	65	16	6	
9	14	7	62	6	30	19	36	4	61	
14	63	2	2	7	20	15	52	19	21	13	12	18	71	1	8	6	35	5	57	
15	40	2	19	14	17	18	42	16	51	17	64	
5	26	15	14	14	16	7	23	11	74	16	33	18	8	6	11	10	51	
15	34	0	2	6	19	3	58	7	40	4	10	19	55	17	22	18	33	5	71	14	13	
17	53	8	16	1	26	11	12	9	41	16	44	6	68	
4	73	6	1	0	48	7	58	14	20	9	47	18	60	3	50	2	42	
3	18	19	69	8	6	6	62	12	47	13	2	5	25	18	35	14	65	7	59	17	21	9	20	
13	18	8	74	9	17	3	30	14	49	15	36	12	26	0	1	
8	17	3	47	0	49	10	35	2	3	12	72	
5	68	2	10	15	58	9	5	4	72	
8	37	6	55	1	72	7	3	12	38	10	71	4	61	
1	22	14	64	18	18	3	25	16	24	13	13	5	3	9	4	19	20	11	17	2	29	6	5	
5	26	7	49	12	33	11	65	1	61	8	54	3	48	15	31	13	56	4	12	6	55	9	36	
2	30	17	72	18	31	13	29	3	11	16	45	10	44	19	25	7	62	8	10	
14	5	2	40	15	48	19	1	13	66	12	12	18	47	
0	30	19	37	8	2	1	73	14	16	4	58	6	57	
9	21	6	38	17	50	11	32	2	35	10	28	
8	8	15	45	17	60	11	44	9	13	0	64	
17	37	1	75	14	41	18	43	9	54	4	4	11	74	15	20	8	25	19	29	2	7	13	59	
11	48	15	62	16	22	0	35	4	61	9	67	5	25	
0	42	15	44	9	38	13	26	1	24	10	59	2	33	8	16	7	43	
10	54	13	63	18	40	7	26	0	21	15	60	
3	46	12	34	2	43	4	59	19	72	5	22	
10	74	8	47	15	23	17	8	1	17	5	10	
11	13	5	60	16	49	19	32	3	9	6	52	10	36	2	73	
11	49	4	15	19	25	10	57	17	53	14	5	7	58	15	45	16	44	18	66	6	52	3	65	
6	54	19	57	10	29	15	68	1	48	2	73	11	7	
13	27	0	63	12	38	16	60	11	53	5	1	8	16	15	6	7	48	6	33	
16	61	8	6	2	43	5	19	10	74	19	49	3	40	
0	21	15	59	10	62	18	41	5	30	7	73	1	28	19	55	3	56	
14	4	3	69	15	65	17	70	4	52	12	20	13	25	7	15	5	16	10	39	11	48	
3	22	19	7	1	56	2	53	8	10	18	26	7	64	
5	1	15	34	12	47	13	9	19	64	7	43	9	25	8	63	
1	43	9	71	8	12	14	60	16	37	19	67	0	21	17	25	10	26	11	3	12	50	13	41	
15	52	10	49	8	37	0	25	1	29	
15	29	2	27	6	20	12	8	3	71	13	39	10	63	16	72	8	5	11	35	
6	69	0	15	17	18	16	71	8	52	4	65	2	46	14	6	9	11	13	70	19	19	3	37	
5	6	19	46	11	42	12	58	8	75	14	69	15	41	0	67	17	45	13	49	6	47	7	11	
6	23	15	5	14	40	11	17	17	73	4	41	1	56	2	70	5	52	13	16	7	28	
7	20	8	36	9	31	10	17	13	28	6	35	15	2	
8	71	14	65	6	25	7	69	2	7	
0	61	10	18	5	44	4	29	13	56	9	25	2	41	11	17	19	12	6	58	7	13	
18	59	2	10	14	23	9	65	6	38	13	37	
7	48	11	11	16	18	18	36	8	61	1	54	
4	39	13	21	14	14	18	46	5	16	16	69	1	72	17	33	19	8	
18	62	9	1	11	54	3	29	14	47	17	19	19	50	0	3	6	61	13	44	10	12	
9	36	17	48	12	7	2	58	14	67	5	1	13	75	7	61	10	62	8	27	3	26	
17	59	2	65	7	45	3	54	19	74	13	29	15	26	12	15	9	43	
9	57	14	35	11	27	0	29	17	72	15	25	1	34	5	12	7	20	
18	68	1	3	15	56	10	33	8	51	
19	54	17	71	5	68	9	45	8	39	
16	40	13	13	15	9	14	75	17	7	4	2	3	56	5	36	8	61	6	54	
10	32	16	11	9	45	17	69	6	17	2	48	7	9	8	36	18	16	11	73	1	39	
1	55	17	42	12	35	6	40	4	23	10	57	3	32	8	1	
19	62	9	15	6	23	17	38	10	24	13	73	
16	1	0	53	12	24	6	28	19	44	3	60	17	69	11	4	5	59	18	3	
8	7	5	45	14	60	11	20	13	32	
10	59	5	5	1	20	8	3	16	47	12	11	17	71	
10	20	13	17	7	26	17	25	5	41	18	70	4	30	0	9	2	65	1	22	19	6	
2	61	19	45	11	19	17	38	10	70	
8	56	9	59	17	15	10	58	4	42	14	51	3	63	19	40	1	55	12	61	7	34	
10	75	19	46	18	36	6	4	11	10	9	49	14	5	
2	71	8	64	9	45	1	70	18	3	6	40	3	33	16	35	
12	12	3	16	18	33	11	45	10	14	19	18	14	15	0	60	17	65	16	64	2	72	8	10	
19	55	4	14	5	10	2	20	11	44	17	37	16	7	6	52	9	21	14	65	
16	5	10	27	1	70	12	31	11	52	8	30	17	45	
3	16	8	56	1	10	14	7	15	71	5	22	17	24	0	49	2	53	18	6	10	4	19	31	
3	5	7	48	10	32	17	57	9	41	19	37	13	3	5	29	8	22	12	30	
4	37	6	16	2	26	19	49	18	9	0	44	
15	47	10	50	3	32	2	27	13	34	19	62	18	35	17	6	
15	21	19	55	8	3	6	12	14	61	17	72	
5	29	13	14	9	63	7	25	17	59	4	72	11	18	6	23	19	9	14	55	16	19	15	17	
0	47	4	30	12	61	17	6	7	52	14	13	9	50	5	35	19	49	
7	25	15	20	3	30	5	42	2	56	11	43	0	13	
0	59	11	56	13	1	16	10	7	29	19	54	12	52	15	21	
15	4	2	32	12	3	0	16	1	39	6	10	18	60	13	13	8	70	7	40	16	62	
12	8	18	9	0	68	8	50	15	33	

All component type numbers for each job to be processed by MFPM
1	8	6	13	
3	43	0	41	1	39	
3	9	0	10	
7	42	2	41	0	31	
1	7	2	22	9	19	0	3	
9	34	1	28	4	37	8	40	0	45	
3	6	
4	26	3	48	5	29	2	43	
0	22	2	19	9	7	3	14	1	13	
2	41	0	27	4	50	9	34	7	45	
9	25	0	12	6	5	
1	50	5	48	4	35	6	27	3	43	
0	21	9	8	7	22	
1	30	4	36	7	37	
7	24	2	17	0	12	1	19	3	9	
8	34	6	27	
3	21	8	7	5	5	7	4	
7	50	3	32	9	43	
0	13	2	2	7	24	8	22	9	6	
0	50	
7	19	2	15	1	8	4	25	
7	29	6	47	3	48	9	27	
3	5	4	17	
9	48	1	30	6	47	
2	15	5	2	4	3	8	22	
8	31	
1	1	5	19	0	14	7	10	
7	48	8	43	2	34	0	42	1	31	
0	9	2	25	4	11	
5	38	2	46	
0	22	1	4	4	7	9	12	3	18	
8	38	0	29	
7	24	9	1	5	8	
1	28	2	45	6	30	7	40	9	37	
6	18	8	21	1	17	7	16	0	20	
5	36	
0	11	2	7	1	22	9	2	
6	27	8	28	4	32	0	39	3	46	
3	23	4	13	6	17	1	11	8	22	
4	27	8	36	
0	6	7	25	4	15	
2	45	1	49	
1	8	
7	40	
1	10	8	3	5	16	0	20	2	21	
6	40	4	49	7	35	5	31	2	39	
3	8	6	19	4	4	
9	27	2	32	3	37	8	31	
5	20	
0	48	1	27	3	35	7	32	9	36	
1	9	5	7	3	15	
3	37	
7	17	4	23	1	10	6	20	0	2	
8	28	
0	13	6	11	7	10	
8	35	
8	19	9	15	4	25	0	10	7	2	
5	47	2	32	3	35	
7	18	
5	31	
8	11	7	14	0	9	
0	43	9	48	7	50	1	30	
7	12	2	25	1	7	
0	44	5	38	
5	5	8	10	
9	47	
4	4	1	23	7	15	8	20	6	18	
8	43	
7	3	5	20	4	9	2	4	
3	44	0	29	5	49	
0	16	1	6	5	17	
8	48	5	29	2	35	1	32	
1	22	5	9	4	3	8	24	2	8	
1	49	8	31	
4	3	8	11	
2	50	0	43	6	31	
2	18	4	4	
0	35	3	44	
4	12	8	1	
2	38	
5	13	2	22	1	12	
6	35	1	48	3	44	2	50	5	42	
1	13	4	14	9	4	0	6	3	7	
2	27	6	35	
8	3	
3	48	8	45	9	32	4	41	
7	17	4	24	6	13	0	8	
0	30	7	45	
6	18	4	19	1	3	7	25	8	8	
4	49	9	30	
9	16	5	6	3	18	
4	28	9	44	
6	6	9	14	0	17	
5	26	7	33	9	42	
2	3	7	17	8	4	
2	49	4	31	6	29	3	46	
6	3	0	20	8	22	5	16	
8	26	1	32	6	44	5	33	
6	1	2	6	
6	45	1	39	4	48	
2	19	6	23	5	24	3	10	0	6	
7	47	
3	25	
9	44	1	38	7	32	
4	8	2	23	6	9	0	7	8	25	
2	45	1	33	
0	14	9	9	
9	31	2	50	4	47	
2	18	
9	29	5	37	2	49	1	38	0	39	
9	10	3	20	1	4	7	24	5	25	
3	28	9	39	
4	8	8	6	3	19	5	4	
8	36	
4	21	8	17	
1	32	2	31	7	42	
7	21	9	7	2	14	1	8	6	20	
0	41	8	36	5	26	
5	7	7	21	
0	33	
3	5	2	3	
6	43	7	37	
4	19	1	24	9	7	0	16	
6	45	
6	1	0	16	7	19	
3	33	1	40	5	50	8	38	
4	19	
1	46	
8	24	2	8	0	25	6	5	
2	37	1	35	7	47	6	49	
7	21	
1	41	0	36	6	45	3	46	
9	21	1	7	0	4	
1	48	4	45	6	39	9	41	
6	9	0	17	4	1	
3	42	4	38	0	41	2	32	9	49	
2	6	7	7	0	4	6	10	8	15	
3	50	6	46	
7	18	
2	33	3	32	
4	23	0	1	5	19	1	12	
4	34	0	39	5	40	1	38	7	45	
4	4	
1	48	0	34	3	31	6	26	
1	7	8	24	0	13	7	6	
5	45	1	26	
6	1	9	15	
0	46	5	28	4	49	6	41	7	43	
6	25	4	20	
5	26	
5	23	3	2	7	21	1	25	0	3	
4	50	
1	12	3	13	
3	30	5	49	9	36	4	50	1	28	
1	18	0	2	6	4	5	21	9	10	
9	44	1	47	7	34	2	32	3	33	
0	4	1	15	9	18	6	1	8	9	
4	46	8	47	2	29	7	50	
7	8	5	24	4	3	
0	41	4	26	7	30	
2	3	3	9	6	22	0	24	8	18	
9	35	4	50	7	27	5	40	2	38	
9	1	3	24	
1	33	3	46	5	28	
6	3	1	8	5	4	
5	37	3	28	9	29	0	49	6	42	
1	18	7	11	6	10	0	12	
6	34	
9	13	1	15	
4	43	0	41	7	46	5	47	
9	24	5	19	
6	38	
9	12	0	20	2	5	3	2	
6	33	9	47	7	43	3	40	8	42	
5	15	9	11	8	18	
9	35	4	26	2	42	8	39	
0	10	4	5	8	21	7	4	6	8	
7	39	6	42	0	27	2	36	5	43	
3	17	4	1	2	8	
6	35	3	40	8	47	9	31	2	50	
1	25	4	16	5	4	
0	33	
9	24	5	23	7	19	
6	47	4	27	5	37	8	28	
6	14	
6	50	5	41	
4	3	
8	41	6	39	5	46	3	47	1	49	
3	9	5	24	7	22	9	18	
1	44	7	45	
6	6	
7	35	4	48	
3	2	4	8	5	12	0	6	2	22	
9	37	4	42	8	36	3	27	
7	12	3	8	8	7	
4	40	9	50	
2	11	
5	35	3	34	8	44	6	36	
2	11	7	20	
7	50	0	39	2	38	8	40	1	45	
6	21	3	5	5	20	
6	46	1	33	5	43	
2	9	1	25	3	14	9	21	
9	41	6	40	
6	19	5	4	7	22	1	23	
9	37	
9	6	0	20	
1	42	7	39	0	26	
1	25	4	5	9	4	6	14	8	10	
6	34	
5	10	4	25	3	16	
8	47	2	28	9	35	
6	15	3	25	8	4	1	2	0	3	
4	40	
4	10	1	21	6	20	
9	41	4	38	
9	12	2	4	7	10	
8	42	7	39	6	28	2	36	5	34	
6	17	5	5	8	24	1	4	9	21	
4	43	
9	25	5	11	
6	49	0	39	9	38	2	46	
0	5	7	3	9	12	5	4	
4	49	
7	17	5	3	
6	33	1	26	
7	1	
9	39	6	34	1	38	
5	4	
6	41	1	37	5	48	
1	9	2	18	0	6	
4	44	1	42	3	47	
7	18	6	9	1	19	8	3	
0	30	2	39	3	41	
8	10	1	3	3	19	
6	30	4	28	5	36	9	32	8	31	
5	9	1	4	9	6	
2	28	6	36	3	29	0	50	
2	3	9	20	3	5	
3	28	6	41	5	35	1	44	
1	23	7	12	8	16	3	3	4	21	
0	46	4	30	9	29	8	32	
1	7	9	20	8	9	5	25	2	24	
0	27	7	47	5	40	9	26	
9	15	5	11	3	2	
0	45	9	31	1	36	5	35	
0	15	5	9	8	14	4	4	
5	34	8	27	1	46	
4	13	7	5	0	9	
2	30	0	32	5	36	7	45	
7	22	1	19	9	12	6	6	
2	43	1	33	7	45	4	27	
9	16	
7	46	8	30	
2	12	
6	40	7	39	
4	24	1	14	8	1	6	12	5	10	
8	49	2	28	
5	25	1	2	
4	37	2	36	8	32	
4	5	7	3	2	14	6	21	
1	50	
0	7	
8	44	2	43	5	38	3	47	1	42	
5	22	4	4	7	25	8	5	6	18	
5	39	9	34	4	44	6	37	
8	1	2	8	4	23	
6	47	
9	16	1	3	5	6	
9	30	7	35	0	40	6	50	
2	17	7	25	5	23	4	1	
3	49	6	48	0	50	1	34	8	37	
3	13	6	14	1	16	0	1	
8	47	
5	20	4	6	
5	33	7	27	2	45	9	46	
6	4	4	11	1	12	
1	50	6	39	0	45	
2	21	8	17	6	2	
0	40	
7	16	4	6	3	12	2	22	9	9	
5	47	2	27	
5	21	1	17	6	11	
2	26	1	35	8	38	
8	22	3	9	4	16	6	4	
8	43	9	45	
0	17	
9	27	4	40	
3	14	5	2	4	3	8	15	
6	43	0	40	3	38	8	34	
1	7	9	23	5	12	0	16	7	11	
4	46	8	34	0	50	2	42	6	32	
4	24	6	6	3	17	8	25	
4	47	8	35	3	50	1	32	2	46	
9	11	6	10	4	23	0	22	1	7	
1	43	
0	21	1	17	5	6	9	25	6	24	
4	45	1	46	3	47	6	42	
4	25	
1	42	7	45	

Three processing times per job on each machine
The best scenario
60	85	51	
208	80	204	
111	108	87	
277	186	249	
277	367	225	
64	50	55	
70	108	158	
508	387	120	
62	33	24	
336	186	126	
25	43	19	
83	47	44	
135	178	513	
103	98	24	
138	139	175	
78	67	40	
71	96	58	
228	332	247	
118	213	185	
119	123	59	
204	242	144	
371	288	142	
183	262	332	
66	40	63	
87	99	202	
78	364	241	
21	48	37	
228	178	584	
117	130	219	
114	235	188	
251	349	183	
150	95	122	
233	331	301	
71	123	89	
165	151	116	
134	114	113	
50	99	182	
122	230	166	
266	506	251	
294	111	491	
21	32	22	
82	168	93	
121	215	126	
152	89	158	
54	95	122	
100	114	99	
363	170	86	
94	189	69	
63	80	53	
255	143	160	
84	54	64	
392	240	91	
371	237	132	
119	103	79	
42	40	24	
97	221	190	
121	193	323	
44	108	116	
50	63	54	
468	130	339	
157	141	201	
85	83	51	
140	295	208	
54	51	23	
24	36	20	
320	213	151	
88	54	181	
39	26	33	
161	47	106	
67	58	50	
268	200	142	
280	160	211	
36	99	185	
290	88	399	
162	201	118	
298	92	227	
28	53	51	
47	89	95	
301	86	267	
66	55	118	
210	188	200	
76	58	127	
63	95	61	
112	118	57	
39	44	44	
24	57	91	
39	36	45	
91	175	122	
171	344	93	
248	325	256	
69	86	107	
224	152	161	
138	473	326	
73	225	73	
164	56	155	
189	180	264	
83	266	133	
237	151	247	
53	87	130	
177	152	201	
36	54	45	
118	212	87	
279	176	184	
348	204	282	
194	143	113	
273	256	230	
54	66	91	
59	34	25	
442	299	486	
140	279	273	
25	30	77	
284	214	234	
233	130	269	
78	80	107	
152	113	114	
42	40	93	
70	28	53	
16	52	28	
405	160	406	
399	506	338	
230	244	430	
222	118	393	
133	142	220	
30	19	33	
117	164	57	
43	46	92	
48	83	73	
145	260	174	
95	227	70	
41	79	55	
145	195	152	
256	243	278	
96	116	175	
170	210	184	
137	92	213	
131	225	206	
92	66	116	
257	117	148	
212	77	245	
79	107	152	
192	294	75	
198	65	125	
64	32	51	
380	220	85	
60	35	56	
355	339	166	
45	21	69	
11	25	23	
141	45	75	
267	242	129	
Most likely scenario
65	95	92	
215	116	255	
113	123	169	
355	254	339	
453	541	415	
100	93	76	
74	143	183	
567	473	203	
82	37	43	
402	332	176	
38	48	25	
92	55	82	
260	196	544	
108	121	38	
163	217	189	
113	127	52	
115	113	88	
425	453	282	
143	267	319	
229	205	116	
231	448	173	
555	401	184	
293	519	389	
88	73	76	
145	184	252	
106	385	410	
33	56	69	
369	184	611	
129	224	435	
165	245	197	
477	472	208	
157	166	125	
271	481	372	
130	128	124	
298	272	221	
146	197	139	
85	164	210	
171	288	300	
397	527	386	
353	165	510	
31	48	28	
103	282	150	
179	291	128	
236	139	291	
78	113	125	
179	129	148	
413	322	135	
178	212	84	
71	82	71	
280	207	228	
141	58	85	
510	256	163	
426	244	222	
124	147	136	
77	52	33	
104	249	208	
193	196	329	
47	141	176	
80	87	102	
529	244	443	
177	178	378	
117	94	72	
173	356	227	
67	65	38	
42	56	25	
527	267	158	
102	107	254	
57	34	38	
201	76	175	
91	76	64	
368	293	178	
381	262	360	
65	130	227	
383	142	432	
309	278	185	
315	164	368	
49	60	57	
53	108	117	
350	114	363	
120	89	145	
268	204	247	
95	62	168	
75	109	118	
168	195	81	
40	82	50	
43	113	111	
42	61	52	
107	222	123	
244	371	168	
486	496	299	
109	110	111	
404	184	163	
206	502	340	
141	280	94	
171	60	165	
198	292	321	
145	309	155	
279	188	331	
64	136	218	
352	221	304	
39	58	46	
227	224	150	
451	260	197	
498	275	449	
227	277	184	
397	463	242	
76	73	162	
83	45	36	
462	583	535	
154	482	436	
43	46	112	
285	246	256	
379	153	383	
101	87	124	
205	136	200	
80	50	106	
82	55	57	
29	53	36	
495	245	499	
524	531	411	
251	297	539	
388	173	397	
149	156	254	
39	35	57	
201	173	68	
47	51	117	
88	131	92	
167	271	256	
102	282	121	
77	104	72	
168	246	175	
435	370	435	
168	203	184	
248	338	354	
166	138	236	
189	247	214	
142	67	119	
470	141	272	
254	100	354	
106	122	212	
383	395	97	
235	125	169	
109	61	60	
427	263	111	
78	53	92	
553	395	192	
74	32	96	
21	28	30	
159	78	139	
285	261	255	
The worst scenario
71	96	109	
257	170	360	
128	162	238	
409	286	472	
628	702	583	
127	138	89	
80	146	227	
633	556	204	
114	48	48	
463	485	213	
48	53	34	
135	62	103	
310	224	738	
162	135	55	
186	254	282	
118	171	60	
118	124	126	
610	573	283	
158	295	331	
243	282	151	
238	553	242	
669	497	234	
404	721	566	
113	76	89	
212	258	288	
120	426	433	
48	65	71	
426	265	750	
178	250	494	
223	270	234	
601	571	210	
165	245	148	
348	495	401	
159	171	129	
412	306	231	
192	283	178	
116	221	299	
252	292	383	
582	556	436	
494	212	553	
38	64	30	
123	317	173	
268	292	189	
242	154	380	
109	142	151	
222	141	184	
544	329	168	
206	229	119	
76	108	77	
313	284	317	
181	73	92	
576	310	199	
544	328	281	
128	172	156	
104	78	39	
147	352	298	
198	223	464	
55	170	234	
88	119	123	
592	247	607	
210	212	533	
135	127	87	
219	370	242	
75	80	43	
47	78	32	
667	292	203	
135	112	290	
68	38	42	
275	112	237	
110	93	93	
429	398	193	
390	346	446	
67	155	237	
409	209	528	
364	406	206	
370	168	406	
65	64	73	
76	125	170	
436	145	519	
142	115	163	
280	305	274	
138	72	208	
104	136	174	
222	255	98	
48	97	53	
56	114	164	
46	90	55	
111	238	162	
300	443	199	
696	498	369	
124	120	149	
564	260	173	
267	625	356	
203	411	136	
243	87	222	
251	391	405	
171	326	180	
378	274	459	
74	154	237	
516	329	370	
44	72	52	
256	322	214	
492	381	282	
628	299	578	
339	286	201	
403	676	361	
101	82	180	
87	57	40	
521	797	616	
157	557	563	
49	56	137	
329	338	347	
428	207	460	
104	126	127	
237	181	274	
88	55	147	
115	81	85	
41	72	40	
635	324	506	
708	650	518	
361	351	604	
446	184	473	
160	210	259	
49	39	72	
225	251	96	
59	60	143	
91	143	104	
168	316	372	
116	359	163	
89	116	85	
231	249	233	
604	499	608	
183	209	198	
349	492	426	
220	180	333	
258	357	292	
159	97	138	
630	143	344	
304	132	495	
132	158	272	
533	552	134	
271	179	196	
141	81	87	
433	270	131	
105	55	116	
726	582	271	
105	43	115	
25	42	34	
218	111	200	
349	321	349	
