Factories	4	Jobs	150	Machines	2

Total number of component types per job processed by HSPM
6	11	10	9	11	12	6	9	11	10	12	9	6	12	6	9	9	9	7	12	12	6	10	12	9	7	12	12	7	11	12	5	9	11	10	5	9	11	6	6	8	10	10	11	10	7	11	8	5	5	11	10	11	8	11	5	9	8	8	5	7	5	11	6	8	12	5	8	12	9	10	5	5	5	6	5	6	11	5	5	11	5	7	11	12	12	12	5	12	8	5	10	10	5	12	8	5	6	12	8	5	6	11	8	8	5	6	7	10	7	6	6	9	12	11	5	8	11	6	12	9	8	11	11	9	8	7	11	7	11	6	7	12	9	8	5	10	7	12	10	6	12	6	5	8	8	5	10	5	5	

Total number of component types per job processed by MFPM
2	5	5	4	1	5	2	2	3	3	1	2	1	3	3	2	5	3	1	5	3	2	4	3	3	1	4	3	5	3	3	4	5	2	4	2	3	3	3	2	1	1	1	4	4	4	1	3	5	3	2	1	3	2	3	4	1	3	5	2	4	3	1	1	2	4	5	1	1	5	3	5	3	5	1	3	3	3	5	2	5	3	2	1	3	2	5	5	2	3	1	3	1	1	2	4	1	1	5	1	4	4	5	2	1	2	1	2	2	5	1	5	3	4	1	5	4	3	3	2	3	1	4	2	2	2	4	4	3	4	4	3	4	2	5	2	5	5	4	3	4	2	1	4	2	2	5	3	2	3	

All component type numbers for each job to be processed by HSPM
15	62	4	73	10	37	11	74	6	30	17	39	
16	20	11	48	18	9	7	56	13	33	6	61	19	75	4	13	8	18	17	12	15	6	
17	70	16	58	2	75	6	61	1	43	7	67	10	55	8	29	3	19	11	34	
8	23	4	6	13	10	17	44	19	75	3	49	5	63	1	72	12	12	
18	18	19	40	17	14	1	7	15	53	0	16	14	63	9	1	12	52	6	65	4	22	
14	1	15	47	1	58	5	36	9	14	0	42	16	40	3	65	18	35	13	25	8	26	6	44	
11	17	8	62	7	8	3	40	14	19	10	20	
12	24	10	66	0	71	9	8	16	9	11	56	17	31	6	3	7	41	
10	13	19	29	16	50	0	11	18	10	11	73	15	12	4	72	1	53	7	69	6	67	
17	23	3	60	12	73	0	14	1	13	18	22	11	56	2	20	16	39	5	45	
12	17	8	58	18	52	15	30	10	16	7	63	13	51	11	53	9	66	3	47	17	62	5	28	
4	68	7	31	15	64	5	54	16	73	8	6	13	30	10	27	2	47	
4	1	12	9	15	5	0	2	8	54	5	20	
11	73	8	12	2	24	3	34	10	19	0	16	14	29	9	43	18	42	5	46	6	5	19	75	
7	71	11	37	19	9	8	67	12	35	1	4	
9	74	7	29	17	51	19	30	14	31	1	17	16	57	0	66	11	27	
7	29	6	11	9	36	18	16	1	14	15	5	0	15	16	8	17	48	
11	35	16	75	9	9	2	52	17	21	18	14	0	70	1	4	6	45	
17	20	9	50	11	68	18	35	4	46	8	34	5	60	
10	42	13	53	14	50	2	64	17	40	3	49	12	25	5	12	8	19	0	51	19	44	9	24	
9	3	11	67	15	19	16	53	8	54	17	47	4	58	1	63	13	50	19	74	10	12	14	29	
14	68	13	33	10	20	5	16	17	46	19	38	
14	46	13	54	10	64	5	8	15	22	11	1	3	66	18	49	12	9	0	5	
9	71	11	14	4	40	5	33	1	46	2	51	3	19	17	25	18	64	12	44	14	23	10	32	
10	55	9	30	11	39	8	67	14	24	17	16	15	69	13	58	3	68	
19	14	15	43	1	53	7	62	2	1	11	39	12	9	
16	72	6	55	14	33	13	40	5	18	3	23	2	42	18	26	9	57	7	9	1	64	19	39	
1	36	4	11	6	68	15	24	17	3	12	4	7	42	3	48	10	6	5	17	2	8	16	47	
17	62	0	22	10	61	9	9	13	29	1	43	7	40	
1	8	19	16	9	21	17	75	6	39	18	4	12	29	16	40	10	10	15	6	13	48	
18	16	10	23	4	21	14	72	15	35	1	59	12	37	0	12	13	11	6	65	11	18	3	42	
6	44	16	35	13	12	1	62	3	56	
2	66	16	16	17	4	9	15	7	9	10	24	11	61	15	40	8	19	
13	75	1	16	5	66	12	1	3	6	4	22	10	17	6	18	17	46	2	71	0	64	
1	58	8	11	11	33	5	48	2	21	9	46	6	8	4	15	14	16	12	17	
2	61	13	13	5	65	19	57	12	62	
11	6	12	48	9	12	13	36	17	71	14	3	5	9	10	61	1	58	
14	64	9	2	1	50	13	61	19	19	6	1	12	47	8	66	17	38	15	31	11	20	
18	74	3	62	17	60	8	1	13	35	19	31	
13	1	15	50	8	70	17	23	11	13	14	29	
6	1	18	51	17	23	1	44	12	65	3	72	7	70	19	20	
2	31	8	27	1	41	19	62	11	71	13	37	10	52	12	64	0	46	18	24	
8	36	15	7	16	17	0	69	14	1	2	18	11	33	4	22	13	38	19	29	
4	39	6	1	17	9	5	60	13	47	1	14	9	48	7	37	18	58	16	43	14	38	
0	52	15	20	16	6	1	27	8	58	11	73	18	61	14	74	10	50	2	28	
15	19	16	25	14	26	6	45	1	59	10	1	8	23	
3	44	9	20	11	1	6	59	0	57	10	42	1	50	5	31	19	67	18	35	7	75	
19	52	2	57	0	49	4	15	1	38	14	19	18	45	3	73	
2	57	5	43	8	53	17	9	1	74	
7	35	12	69	16	10	2	2	14	5	
13	39	16	11	6	73	1	56	19	40	2	41	12	30	4	63	17	35	15	69	8	45	
10	18	4	74	15	46	7	35	2	60	13	30	6	48	18	52	19	44	17	70	
16	32	2	49	1	51	10	19	9	41	19	48	6	2	15	46	18	58	7	3	5	17	
10	71	2	70	4	17	0	35	16	59	3	61	18	49	6	3	
5	35	18	69	7	75	1	56	12	15	10	72	15	13	9	4	16	47	17	27	2	36	
15	25	1	16	9	49	5	40	10	44	
2	15	8	69	6	38	0	29	7	7	1	40	9	23	12	20	3	11	
12	66	10	28	13	47	2	65	8	73	18	21	0	53	3	57	
13	36	8	11	0	20	6	1	11	9	12	56	9	65	5	21	
16	44	1	57	2	28	18	67	14	25	
8	32	12	8	13	30	4	31	19	3	0	25	15	20	
7	39	14	10	19	70	10	16	12	3	
13	5	3	20	8	31	17	60	0	34	2	71	15	36	7	41	19	55	9	7	12	28	
2	31	1	33	3	2	12	69	4	44	11	60	
16	29	10	22	6	56	11	34	7	40	0	66	14	72	17	38	
1	30	5	62	19	70	17	49	8	17	6	65	16	25	13	59	3	19	4	14	11	57	18	43	
2	52	16	18	3	1	14	17	9	44	
3	9	13	36	5	41	18	67	12	39	10	37	0	51	9	66	
12	9	7	27	11	67	15	46	4	47	14	70	9	6	0	65	5	55	1	11	3	73	10	60	
2	61	19	36	16	55	7	26	8	2	14	71	11	60	18	35	0	1	
3	2	6	6	13	8	1	53	12	29	5	72	4	11	9	1	14	57	0	64	
1	71	4	68	3	6	16	12	2	55	
15	55	5	24	12	50	10	53	1	54	
9	19	15	6	8	3	6	16	14	38	
1	8	5	25	12	27	10	18	4	49	6	68	
6	61	17	51	8	66	15	24	5	35	
7	18	10	71	18	57	5	21	17	51	15	40	
0	31	16	17	13	39	17	55	3	58	19	62	14	37	7	7	6	50	2	19	4	15	
11	11	0	9	6	26	12	52	15	55	
2	9	13	5	7	35	15	60	11	72	
7	45	14	21	10	15	12	71	13	69	0	25	17	27	15	8	3	20	9	29	1	64	
11	65	5	52	4	48	9	68	1	22	
7	14	0	8	19	42	17	59	14	23	9	62	1	2	
7	54	13	75	1	1	12	44	17	29	11	38	18	13	0	27	4	17	16	70	9	69	
9	40	10	56	17	16	6	64	16	68	11	9	5	65	2	48	8	20	1	46	14	72	13	30	
1	36	11	74	18	32	2	64	15	63	16	21	5	2	10	51	17	66	8	6	13	26	4	18	
10	49	19	70	4	47	1	25	2	35	13	31	7	42	0	72	6	40	3	46	15	32	14	43	
10	16	3	34	13	60	8	64	17	24	
3	20	0	69	19	58	9	29	2	3	13	42	7	63	4	14	6	37	14	74	8	71	17	25	
1	7	7	28	8	34	19	26	0	49	17	23	18	48	14	40	
5	37	3	33	13	66	2	24	4	26	
17	19	14	44	15	40	6	7	8	61	12	35	7	43	0	33	9	16	13	56	
5	8	4	46	1	12	8	61	6	48	9	52	16	2	12	31	17	65	13	34	
13	13	0	39	9	7	8	24	14	44	
18	53	15	31	5	17	19	55	11	68	13	73	0	48	7	69	9	15	10	28	8	22	12	25	
11	72	18	38	6	24	9	57	7	66	8	39	10	62	1	9	
14	44	6	23	17	58	13	74	9	39	
17	49	15	54	5	22	4	19	11	24	7	42	
5	41	15	55	12	65	1	6	18	70	6	5	11	10	7	56	19	45	3	52	4	72	13	24	
6	2	11	12	8	64	2	55	5	41	19	11	13	75	9	3	
3	56	14	43	17	60	18	74	13	8	
19	73	17	6	6	39	4	48	11	20	1	9	
8	66	18	49	1	68	12	59	0	70	19	24	6	44	11	32	14	22	16	67	4	73	
9	51	1	10	18	71	0	37	13	42	19	47	8	35	7	63	
12	29	8	56	9	13	11	30	0	28	15	51	3	16	14	23	
15	40	8	18	0	38	12	19	4	1	
7	61	3	9	14	57	9	29	4	8	18	72	
5	44	2	2	8	24	3	50	6	30	9	61	1	72	
10	74	8	4	6	5	18	56	0	2	3	15	2	31	14	14	17	64	12	54	
11	21	1	73	12	23	9	27	0	32	19	11	14	53	
3	16	12	59	5	39	19	6	10	57	2	61	
3	33	6	70	15	55	1	18	0	12	13	23	
1	43	18	26	16	34	8	55	10	1	6	6	7	30	4	18	17	5	
1	59	18	10	4	6	9	18	3	19	16	56	17	42	6	36	0	48	12	57	5	62	13	27	
19	17	17	71	4	70	6	43	11	9	14	15	8	25	15	72	0	7	7	69	10	65	
6	54	18	75	3	51	1	69	5	6	
17	72	14	3	3	2	6	41	5	26	1	17	10	60	15	65	
16	9	8	38	1	68	11	37	3	62	10	14	4	26	7	65	9	17	17	28	13	71	
13	58	5	22	16	15	18	6	6	34	15	7	
19	53	3	28	6	43	1	41	16	30	11	67	0	4	8	63	14	36	9	31	2	26	13	14	
7	34	8	45	12	71	18	9	2	40	17	49	19	21	15	52	6	6	
14	62	10	68	15	38	4	64	11	67	13	30	18	5	1	52	
10	6	1	61	5	1	4	30	2	31	12	66	19	74	8	38	0	24	18	36	6	39	
1	70	8	30	10	51	3	3	17	65	18	6	5	32	16	20	6	10	15	26	0	8	
0	69	11	39	10	70	3	49	14	4	8	27	18	13	16	14	15	32	
5	34	16	15	14	71	7	12	19	53	3	9	17	60	12	50	
15	41	18	25	12	61	10	32	6	26	4	33	2	44	
16	9	5	67	3	58	14	24	7	14	1	20	18	13	6	45	11	18	17	59	12	22	
1	28	0	35	12	9	15	52	8	17	6	75	7	18	
9	8	6	75	4	36	5	48	8	68	13	39	10	53	18	47	1	23	3	1	7	60	
5	34	7	52	6	30	10	31	4	72	17	29	
11	24	10	73	13	46	2	74	0	38	15	37	9	12	
7	5	18	51	10	43	19	28	16	62	0	54	17	40	12	27	6	2	2	50	1	69	5	48	
11	1	8	58	10	67	7	2	9	36	19	3	2	9	15	33	1	74	
10	14	2	26	8	38	9	33	0	45	16	55	3	60	15	9	
18	68	7	69	10	74	11	65	3	43	
18	43	16	55	12	56	1	5	9	33	6	51	11	6	19	58	4	30	10	12	
14	39	17	63	6	59	9	9	4	37	19	40	18	58	
6	49	15	68	10	37	1	43	14	35	16	19	5	41	12	34	18	30	2	54	9	40	7	31	
9	58	4	41	19	44	0	38	2	34	17	35	16	50	8	26	1	6	12	32	
3	42	0	16	12	14	17	13	9	26	6	69	
2	6	3	62	17	54	0	14	18	20	11	9	1	75	12	18	6	32	13	44	8	23	14	22	
17	39	2	32	10	37	19	56	1	23	0	35	
17	16	0	43	7	10	1	7	14	36	
4	34	3	62	0	52	5	12	15	13	10	7	18	64	13	17	
8	47	3	67	16	19	5	42	19	35	12	41	13	13	10	5	
9	27	8	6	19	35	5	21	18	11	
2	24	16	14	8	46	14	6	1	42	11	21	7	39	10	69	13	4	17	64	
5	26	0	38	2	50	14	68	4	4	
14	66	17	4	2	42	7	19	19	10	

All component type numbers for each job to be processed by MFPM
9	4	5	5	
2	21	6	6	5	5	1	13	9	2	
6	25	9	14	1	9	2	5	8	3	
7	3	1	18	3	14	2	13	
8	13	
2	13	5	19	8	15	3	23	0	11	
1	2	0	4	
9	11	8	22	
2	16	0	21	3	7	
6	9	8	12	4	11	
9	4	
3	5	2	21	
9	14	
2	21	6	2	5	14	
7	16	2	6	6	7	
0	11	7	22	
2	14	4	5	8	13	7	1	9	2	
0	8	5	3	8	6	
6	21	
5	23	1	6	2	19	9	22	6	25	
1	23	0	12	8	11	
8	3	1	24	
6	2	1	12	4	13	8	25	
8	8	9	12	1	18	
5	21	0	5	3	3	
7	8	
1	8	7	6	8	20	6	19	
4	20	8	22	6	9	
7	7	2	24	8	25	0	18	6	23	
3	2	7	16	5	22	
4	14	0	17	9	16	
3	11	8	2	4	6	1	20	
2	2	8	5	1	9	4	6	9	4	
8	24	3	15	
2	5	0	19	5	3	6	6	
9	2	8	20	
2	14	9	10	1	5	
6	18	3	4	9	17	
5	12	8	4	7	10	
6	24	0	2	
8	22	
3	21	
1	11	
4	23	3	1	6	4	7	25	
6	10	5	17	4	1	7	12	
8	6	3	22	1	25	0	3	
9	9	
6	17	2	18	4	3	
3	22	4	12	5	3	2	8	9	4	
3	15	4	25	1	23	
8	12	9	10	
2	9	
2	7	9	1	1	16	
6	19	5	23	
8	11	9	4	3	21	
6	19	4	6	3	16	7	14	
8	17	
8	7	5	12	3	5	
3	18	1	16	8	20	7	3	5	25	
1	5	6	4	
8	8	7	18	9	16	6	5	
5	3	8	1	3	23	
7	25	
8	20	
1	19	0	13	
7	1	3	8	5	21	1	24	
0	14	1	12	7	8	4	18	9	6	
5	9	
6	9	
0	12	1	18	2	1	8	15	4	20	
9	20	3	17	2	10	
4	25	9	18	3	17	7	24	6	19	
2	21	6	14	3	1	
7	6	0	7	9	3	8	12	1	9	
5	6	
1	17	2	22	4	19	
9	5	4	12	3	8	
2	17	4	16	0	7	
2	25	7	19	3	15	5	11	1	14	
4	25	7	17	
8	2	3	15	0	3	1	18	7	6	
7	24	1	8	6	10	
8	23	1	21	
9	19	
5	1	8	15	1	24	
8	13	6	12	
0	20	7	8	4	3	6	10	5	6	
1	25	3	14	5	20	0	18	7	10	
8	8	7	9	
6	3	5	18	8	4	
9	4	
7	21	3	15	8	4	
3	25	
9	5	
5	3	4	1	
4	8	5	6	0	13	2	4	
9	20	
3	13	
2	24	0	25	9	22	8	9	4	3	
8	17	
4	12	5	21	9	2	0	16	
8	23	5	9	9	10	1	4	
0	2	4	12	5	8	7	15	2	18	
1	24	8	11	
1	10	
1	14	0	16	
5	5	
8	1	4	2	
4	18	0	19	
5	3	1	12	6	20	8	21	2	13	
8	14	
3	3	2	20	9	4	0	15	7	10	
8	16	4	25	9	9	
9	2	3	8	8	23	7	10	
2	23	
7	2	2	17	6	25	4	20	9	6	
4	9	2	16	7	18	6	22	
8	6	9	13	7	3	
7	23	5	10	1	20	
9	24	4	1	
7	25	3	17	2	22	
0	21	
3	2	8	25	1	13	0	10	
5	13	3	8	
0	6	1	15	
5	19	6	17	
9	3	2	16	3	18	4	7	
0	13	9	10	4	11	8	17	
6	12	5	17	9	7	
5	13	4	21	3	7	7	6	
2	19	7	17	5	6	6	25	
6	13	9	9	4	19	
6	8	9	13	8	24	1	21	
8	22	1	15	
5	10	0	23	1	19	2	2	6	22	
1	12	3	16	
0	20	9	13	6	9	3	11	1	6	
8	22	1	8	3	15	9	21	6	2	
6	23	7	9	2	1	1	22	
0	2	8	13	5	4	
0	1	3	10	5	17	9	15	
6	4	1	23	
8	14	
5	5	2	15	8	4	9	14	
1	14	6	7	
2	15	6	5	
3	5	0	17	2	15	8	3	6	21	
4	9	6	15	5	7	
6	2	4	21	
6	11	2	24	7	21	

Three processing times per job on each machine
The best scenario
500	476	
494	814	
426	358	
285	190	
109	71	
518	636	
98	79	
826	397	
313	417	
553	265	
201	307	
437	686	
322	245	
320	231	
209	460	
278	209	
395	385	
387	126	
237	826	
172	114	
192	149	
187	118	
276	261	
260	289	
230	321	
284	249	
194	306	
402	429	
693	965	
1250	428	
362	208	
139	57	
473	192	
238	174	
379	253	
60	141	
394	167	
192	104	
275	185	
407	793	
337	655	
371	446	
328	215	
304	198	
607	289	
222	213	
166	245	
373	751	
361	519	
582	303	
941	242	
176	217	
311	378	
446	216	
462	853	
680	371	
328	581	
485	661	
257	794	
220	185	
111	574	
843	702	
833	470	
807	176	
417	744	
423	213	
407	780	
596	421	
144	208	
407	411	
254	384	
570	271	
417	135	
223	118	
271	299	
922	443	
452	149	
995	284	
100	228	
85	183	
349	89	
833	589	
489	311	
216	117	
140	123	
253	295	
571	1311	
1314	477	
336	791	
819	389	
487	1371	
348	265	
47	85	
477	453	
1054	948	
1080	745	
186	481	
657	606	
126	79	
996	397	
103	106	
483	193	
491	724	
268	334	
79	137	
690	575	
183	137	
576	604	
32	61	
419	221	
262	145	
390	482	
349	285	
326	713	
468	266	
742	799	
109	242	
551	781	
661	688	
112	128	
210	927	
87	48	
420	287	
258	122	
142	387	
79	42	
350	312	
122	45	
610	649	
680	232	
151	403	
284	210	
789	282	
194	670	
448	950	
349	420	
303	279	
193	194	
239	578	
144	173	
586	173	
548	655	
574	416	
610	506	
69	95	
296	234	
510	732	
365	293	
92	73	
640	512	
Most likely scenario
534	624	
908	1082	
500	438	
318	203	
188	112	
792	1023	
177	81	
1189	443	
491	517	
642	503	
279	466	
493	823	
368	355	
516	395	
301	593	
398	411	
442	420	
576	154	
347	890	
200	159	
244	220	
348	231	
433	317	
316	423	
307	570	
533	253	
245	609	
403	786	
1009	1026	
1267	464	
552	281	
269	87	
548	354	
288	202	
456	389	
68	147	
715	260	
220	150	
432	257	
471	1150	
613	832	
643	479	
400	222	
378	269	
859	312	
349	331	
273	344	
377	854	
636	756	
647	515	
948	432	
284	308	
440	383	
540	369	
626	1009	
683	533	
505	684	
813	1106	
384	866	
260	331	
185	590	
1093	943	
1172	474	
886	285	
488	991	
508	271	
603	1207	
684	474	
215	377	
452	559	
304	407	
690	421	
440	137	
398	191	
428	323	
1112	738	
680	195	
1275	509	
139	330	
151	208	
502	161	
942	602	
634	441	
265	158	
184	243	
360	564	
831	1543	
1471	547	
369	804	
1205	469	
537	1447	
486	290	
76	122	
487	732	
1076	1092	
1423	977	
232	524	
751	696	
208	81	
1354	661	
151	151	
764	340	
789	759	
370	431	
98	173	
746	844	
267	160	
768	621	
50	96	
611	261	
316	151	
474	524	
389	440	
575	1031	
640	453	
826	874	
212	280	
1014	838	
801	727	
158	187	
361	1010	
140	51	
677	499	
498	224	
201	549	
157	73	
501	516	
172	54	
1124	1196	
1046	386	
272	539	
333	273	
858	302	
368	722	
713	1131	
360	540	
540	408	
212	276	
420	748	
167	245	
604	227	
781	685	
618	774	
1090	698	
126	127	
432	386	
652	734	
409	513	
164	86	
692	613	
The worst scenario
569	724	
1348	1511	
727	495	
439	210	
274	120	
835	1149	
189	112	
1532	492	
566	747	
954	569	
304	527	
636	958	
499	443	
687	467	
347	854	
536	611	
496	488	
684	203	
476	1126	
266	195	
352	314	
461	239	
578	339	
334	562	
332	710	
646	265	
343	657	
511	1134	
1487	1194	
1464	635	
788	343	
385	125	
666	435	
328	219	
659	401	
78	201	
827	360	
286	223	
553	376	
572	1672	
730	1226	
960	528	
574	287	
459	275	
1281	343	
511	489	
407	354	
537	1065	
694	913	
789	574	
991	516	
347	343	
613	489	
749	387	
881	1194	
771	772	
653	942	
942	1276	
538	1190	
333	442	
266	749	
1457	972	
1716	526	
1031	329	
605	1236	
620	368	
788	1740	
839	575	
285	535	
544	739	
354	582	
803	457	
458	164	
482	228	
473	417	
1224	967	
849	261	
1608	637	
200	340	
202	261	
603	221	
1409	899	
696	469	
268	203	
211	281	
429	777	
952	1974	
2036	724	
544	984	
1261	702	
586	1627	
593	396	
105	164	
572	888	
1538	1260	
1765	1259	
249	719	
1120	998	
272	107	
1964	926	
203	154	
776	501	
960	958	
387	575	
143	192	
789	910	
391	185	
781	714	
75	125	
769	347	
386	163	
559	763	
401	647	
711	1058	
921	535	
963	1000	
294	367	
1484	1230	
1187	823	
193	199	
433	1056	
184	75	
969	675	
690	323	
240	589	
211	103	
618	654	
238	71	
1268	1373	
1346	549	
368	677	
381	290	
1050	441	
430	1039	
759	1524	
447	704	
732	509	
219	283	
527	1073	
247	279	
710	298	
966	979	
723	999	
1161	798	
144	189	
592	457	
848	1018	
478	741	
176	93	
796	778	
