Factories	5	Jobs	100	Machines	2

Total number of component types per job processed by HSPM
7	6	12	6	9	9	7	9	8	9	6	6	11	11	9	12	5	12	8	11	12	6	6	11	8	10	12	6	6	7	9	11	5	12	8	12	9	10	11	11	7	6	7	8	8	6	7	6	9	10	6	7	9	5	7	5	5	11	7	11	9	5	5	11	8	11	8	9	6	10	11	7	12	6	5	10	12	9	12	6	5	5	10	6	9	6	8	6	5	12	11	12	9	8	12	12	8	12	12	11	

Total number of component types per job processed by MFPM
3	3	2	5	4	3	1	4	2	1	3	4	3	4	4	5	4	2	2	2	4	3	5	4	5	4	5	1	3	5	4	5	3	4	1	1	2	3	4	4	4	4	3	3	5	5	4	2	4	4	4	2	2	3	2	4	1	5	5	4	5	3	3	1	5	4	5	1	3	3	4	5	2	2	4	3	1	2	3	1	2	3	5	1	4	3	2	3	1	2	1	3	3	3	3	3	5	4	4	1	

All component type numbers for each job to be processed by HSPM
0	17	12	66	19	58	15	64	4	41	11	39	18	60	
7	18	18	19	1	21	3	51	17	34	19	49	
11	1	0	34	12	67	13	50	3	55	9	35	2	8	6	47	8	19	5	73	7	25	14	12	
16	2	0	23	9	56	18	45	8	43	4	21	
14	5	1	41	5	49	0	33	9	32	7	43	16	23	12	8	3	9	
4	44	5	17	18	21	6	71	3	2	11	52	14	24	12	39	8	12	
17	30	3	6	4	57	5	8	9	2	18	28	13	15	
0	62	14	21	16	7	1	61	13	55	10	30	9	57	4	32	17	2	
3	53	9	35	17	57	6	39	10	23	14	55	8	47	7	62	
0	58	8	6	18	66	10	54	16	21	14	31	9	75	19	34	15	65	
2	21	5	36	12	14	15	1	19	17	8	32	
14	17	5	41	4	65	11	74	1	38	13	56	
11	63	5	47	17	34	19	59	3	18	1	41	18	53	8	7	2	8	0	70	4	27	
1	23	17	29	11	25	4	49	7	26	13	3	0	46	16	28	2	67	9	68	5	15	
7	64	8	66	3	5	13	68	4	37	0	20	6	62	9	36	5	52	
5	14	0	1	4	37	17	38	13	60	19	66	12	61	9	58	1	64	2	70	7	34	10	36	
15	41	5	57	0	53	11	11	6	31	
16	50	9	21	13	72	17	53	6	12	8	63	15	48	11	67	0	40	3	74	14	64	10	14	
15	32	12	34	4	40	1	74	17	47	10	53	13	30	19	72	
5	32	17	41	18	40	19	61	4	57	14	29	13	36	3	16	9	45	2	31	6	68	
7	48	12	49	13	73	17	32	15	57	5	45	1	50	4	68	0	1	2	70	14	35	19	12	
1	14	9	64	14	38	12	54	18	50	7	65	
0	62	13	26	4	32	8	44	9	25	1	64	
11	13	13	70	9	8	4	15	7	17	15	7	10	46	2	11	12	24	5	63	14	58	
17	57	12	52	10	61	15	37	6	16	7	9	14	54	3	51	
12	31	7	14	14	49	9	57	2	62	19	50	17	35	6	73	16	6	10	22	
16	34	8	32	3	70	4	36	7	38	1	11	13	63	14	72	15	69	12	39	6	43	11	68	
0	28	17	48	7	11	18	35	6	59	16	16	
11	51	18	73	8	60	10	35	1	9	15	18	
1	74	13	69	16	63	8	38	5	8	14	36	10	11	
13	64	18	18	12	69	2	59	15	38	11	24	7	16	9	57	19	17	
6	41	11	9	10	16	7	68	9	18	12	27	15	49	14	74	16	34	0	64	17	66	
18	46	2	39	11	43	16	41	10	18	
16	31	15	39	12	41	19	57	10	55	0	74	9	47	11	8	2	59	8	5	13	14	4	43	
1	17	4	25	17	57	2	59	6	15	16	23	13	61	15	69	
6	75	2	26	1	62	14	23	19	21	13	60	7	46	11	37	12	25	17	3	10	6	9	31	
15	45	7	43	10	33	9	24	12	15	14	74	1	69	4	55	19	12	
17	12	7	67	14	8	3	34	0	22	5	54	6	19	16	6	18	13	15	3	
19	16	5	2	4	52	12	44	17	30	14	26	1	11	13	9	8	66	0	4	3	56	
13	48	10	7	3	55	17	9	0	21	16	54	15	27	14	20	8	26	11	42	6	11	
17	36	6	71	10	67	14	37	5	30	9	39	0	17	
11	53	6	15	15	45	12	48	0	4	1	16	
10	41	12	60	3	45	7	40	5	54	14	14	0	71	
0	55	7	23	10	25	3	72	11	66	8	30	18	28	13	32	
5	35	15	21	1	50	13	64	4	67	10	69	12	7	6	17	
7	75	9	73	15	30	13	21	0	72	3	22	
14	59	4	71	17	18	2	1	1	46	7	66	11	14	
16	6	14	26	8	50	10	17	2	56	13	68	
17	41	5	30	11	13	1	67	9	2	16	70	14	72	15	73	18	14	
3	16	17	59	12	69	9	75	13	31	8	22	0	50	14	67	6	37	4	2	
19	22	5	53	8	73	7	63	9	70	1	31	
2	50	6	43	14	46	12	59	11	22	7	2	8	54	
19	52	6	40	14	35	18	13	2	15	3	58	12	63	7	26	8	41	
10	1	2	36	3	8	17	15	6	14	
3	52	8	36	2	54	18	69	4	22	11	30	5	63	
1	34	12	41	4	10	6	59	16	6	
9	15	17	55	12	69	19	6	16	47	
5	75	7	16	3	44	14	62	17	12	9	61	4	32	18	50	11	4	0	5	6	47	
11	40	0	67	1	32	16	41	19	73	12	27	15	5	
19	7	12	11	7	16	6	10	10	26	13	40	2	53	1	17	17	56	8	65	9	23	
1	15	17	23	5	32	19	74	16	36	12	68	15	67	7	31	3	33	
11	28	14	20	1	40	10	45	9	27	
2	64	15	13	0	55	14	54	5	65	
11	38	17	1	10	23	16	72	1	71	13	22	5	74	6	54	0	61	2	52	7	35	
13	12	7	63	5	1	0	38	12	64	8	66	6	52	17	5	
5	44	13	16	18	73	12	47	10	48	3	63	0	32	9	21	16	41	6	1	11	49	
8	53	6	63	2	13	4	49	9	74	7	55	15	34	18	59	
2	68	10	1	1	23	13	21	15	15	6	31	12	11	18	20	14	18	
14	56	6	51	1	73	18	64	5	1	17	11	
17	9	19	20	12	4	8	22	18	47	10	15	1	52	5	3	14	25	7	8	
2	72	7	68	10	22	14	2	0	24	13	6	6	55	17	9	4	51	15	47	8	38	
1	61	5	60	8	39	14	20	11	55	0	65	13	37	
9	66	3	57	8	44	16	61	14	17	7	69	18	73	4	60	10	50	6	40	13	74	15	36	
5	25	13	33	1	46	6	54	8	64	10	36	
6	21	8	12	15	72	13	73	4	75	
8	37	13	14	6	39	15	44	3	71	16	57	19	28	12	69	1	42	9	6	
14	27	1	69	17	58	18	63	19	12	2	31	13	49	7	14	12	67	10	74	6	36	5	34	
8	59	11	75	2	67	5	36	1	68	4	19	12	11	19	1	9	20	
7	71	6	31	18	38	11	26	13	68	16	12	5	63	17	40	15	21	10	30	8	7	14	11	
15	61	6	7	10	41	14	68	4	36	18	43	
1	20	15	47	4	5	10	37	2	16	
5	75	3	9	0	20	14	30	10	34	
15	22	13	39	9	14	3	33	8	64	4	61	6	30	14	36	17	15	0	72	
3	70	16	6	14	45	15	30	12	9	10	44	
8	10	18	17	14	15	5	55	7	37	11	61	1	66	9	33	19	70	
2	27	6	17	9	62	7	72	19	19	14	10	
3	33	11	50	18	73	5	35	17	32	0	69	10	75	4	67	
3	19	10	1	17	64	15	75	13	56	18	12	
8	47	11	57	13	63	4	3	3	27	
7	25	17	37	12	33	8	12	19	2	1	3	5	56	15	9	11	20	14	73	13	29	16	54	
13	59	12	58	11	74	15	48	14	72	6	50	18	38	3	54	10	64	0	21	17	16	
1	43	14	10	10	7	17	14	12	67	6	54	2	68	18	61	8	1	0	47	3	23	13	22	
13	61	4	55	0	26	6	47	3	25	5	14	18	69	10	23	8	35	
9	73	19	32	1	70	7	29	13	69	16	22	11	13	3	10	
0	49	19	54	6	1	12	67	5	32	7	41	13	2	1	47	18	9	8	70	14	4	4	11	
17	75	3	1	6	61	4	50	19	57	18	48	1	36	16	26	15	3	0	72	9	23	8	63	
5	28	11	56	15	21	7	70	9	5	6	60	19	34	12	10	
16	27	17	66	12	58	0	26	8	22	11	8	7	33	13	13	19	69	5	40	6	35	9	71	
9	10	6	19	8	49	19	18	17	56	15	28	11	37	13	60	1	14	4	2	2	36	0	7	
0	56	14	8	6	60	10	64	11	3	7	38	17	17	5	75	8	54	2	50	15	74	

All component type numbers for each job to be processed by MFPM
5	11	1	7	6	2	
1	5	2	22	9	11	
1	3	9	16	
7	7	9	14	6	21	4	16	5	12	
6	13	9	2	4	10	8	21	
5	17	2	20	7	8	
8	23	
8	8	7	3	1	1	5	21	
4	19	9	4	
8	2	
3	15	9	6	2	16	
9	23	7	16	2	4	0	12	
1	25	2	4	5	24	
4	21	1	3	8	24	6	2	
7	10	4	24	1	18	9	1	
1	14	3	17	4	6	9	2	0	4	
6	24	1	23	4	22	9	21	
9	14	6	2	
4	8	3	18	
3	23	1	18	
1	22	7	2	8	25	5	24	
5	19	8	18	1	25	
3	13	4	25	0	12	5	16	6	17	
3	1	0	18	6	8	7	20	
4	19	6	10	0	1	1	2	8	18	
6	2	7	13	5	11	4	20	
5	12	8	11	0	10	7	3	3	21	
6	15	
2	7	6	14	9	18	
9	2	8	17	2	7	5	8	0	10	
4	5	9	3	3	12	7	10	
7	6	6	11	5	19	1	7	9	17	
4	2	0	17	2	25	
2	11	4	4	6	22	3	1	
2	13	
2	22	
4	17	3	12	
1	6	8	12	0	23	
2	11	9	16	8	10	4	3	
5	15	0	24	8	1	6	7	
4	1	9	19	5	18	7	15	
5	25	6	10	4	1	1	12	
7	14	9	20	5	21	
7	9	6	24	1	18	
7	19	6	24	2	23	3	14	9	22	
7	19	5	17	4	5	6	9	8	13	
0	23	1	13	3	16	4	12	
7	17	6	4	
4	24	5	16	0	14	7	11	
0	8	7	13	3	6	2	2	
1	6	7	15	6	13	8	21	
8	25	7	8	
9	16	5	14	
6	3	0	16	9	11	
9	19	5	14	
3	13	0	3	9	14	1	1	
0	16	
5	14	2	5	1	24	7	10	3	12	
9	24	0	5	2	7	5	25	1	2	
4	13	1	7	7	4	9	11	
4	10	2	5	7	6	9	13	1	3	
1	4	7	12	6	10	
0	8	6	3	2	20	
9	4	
5	25	7	19	9	17	1	12	2	16	
2	7	7	20	0	25	5	4	
1	20	9	17	6	3	8	13	2	24	
9	13	
0	11	9	7	1	20	
7	16	3	13	1	10	
7	18	8	23	5	21	3	12	
7	12	4	1	5	14	3	9	0	13	
3	8	2	19	
0	24	5	1	
6	20	1	21	8	24	9	18	
9	25	1	9	0	5	
7	9	
9	22	5	6	
2	2	8	16	3	24	
1	10	
7	16	9	15	
5	1	7	6	9	14	
4	24	0	7	6	23	1	5	3	17	
6	9	
8	15	7	4	0	17	3	22	
7	9	4	17	6	1	
0	3	5	20	
5	2	7	23	1	17	
7	25	
1	3	9	9	
6	20	
8	3	6	18	4	9	
3	3	1	19	7	7	
0	1	5	8	2	2	
6	8	7	23	1	24	
6	15	8	21	0	2	
4	14	0	12	5	15	9	10	8	17	
5	13	3	20	6	3	2	10	
1	17	0	20	6	13	3	18	
7	24	

Three processing times per job on each machine
The best scenario
318	539	
758	266	
642	185	
554	191	
68	151	
102	158	
233	218	
458	868	
302	516	
78	215	
326	278	
351	636	
675	530	
1319	461	
168	167	
877	422	
1075	701	
885	445	
295	119	
150	266	
571	751	
397	260	
448	326	
68	134	
172	464	
306	134	
534	267	
270	557	
555	664	
317	850	
384	255	
143	68	
197	80	
153	423	
692	353	
272	1156	
306	407	
230	119	
516	309	
281	1000	
172	302	
486	323	
463	365	
329	403	
207	419	
553	292	
169	220	
479	258	
197	477	
233	194	
662	205	
769	849	
703	268	
383	490	
165	182	
979	345	
496	682	
613	388	
291	393	
231	190	
483	650	
801	700	
243	160	
718	441	
698	1096	
284	117	
146	724	
77	37	
339	672	
298	442	
117	65	
130	137	
277	77	
574	1058	
1135	1002	
336	512	
1093	1249	
234	364	
573	332	
464	587	
314	420	
265	894	
416	569	
749	942	
768	143	
694	523	
569	547	
260	211	
681	457	
568	527	
294	164	
211	294	
334	306	
257	440	
186	322	
350	233	
311	253	
539	426	
239	315	
242	343	
Most likely scenario
407	713	
1148	360	
796	253	
570	369	
87	194	
132	305	
269	257	
830	1189	
311	672	
108	226	
383	391	
452	818	
903	975	
1468	516	
215	233	
910	819	
1098	1185	
896	839	
400	201	
265	302	
663	1001	
520	488	
607	511	
120	178	
339	539	
310	174	
582	500	
309	767	
665	798	
370	995	
410	371	
185	91	
241	153	
176	569	
1082	448	
444	1188	
372	496	
273	134	
779	310	
501	1038	
298	315	
795	559	
516	449	
405	609	
288	613	
637	567	
245	229	
602	277	
247	905	
258	199	
989	394	
983	1048	
1165	359	
702	568	
189	243	
1177	654	
597	700	
681	466	
560	594	
232	363	
823	783	
910	978	
253	227	
879	562	
1031	1217	
388	191	
264	850	
78	60	
493	1175	
399	641	
133	116	
199	214	
346	113	
1041	1064	
1193	1288	
545	544	
1128	1414	
365	428	
593	381	
475	690	
345	773	
396	1063	
637	634	
1044	1301	
826	216	
800	602	
725	750	
349	276	
1151	737	
716	779	
328	314	
276	484	
382	389	
482	478	
234	330	
363	291	
371	428	
606	593	
415	488	
435	524	
The worst scenario
525	873	
1652	382	
922	280	
839	389	
123	254	
145	387	
273	258	
1238	1447	
430	879	
129	312	
412	523	
618	1170	
1098	1020	
1892	644	
292	240	
1081	963	
1201	1259	
943	1209	
593	228	
364	321	
757	1025	
674	716	
857	642	
121	217	
498	777	
363	225	
729	610	
370	1100	
822	1126	
534	1186	
441	402	
220	112	
320	155	
250	639	
1173	512	
468	1556	
473	536	
301	143	
786	403	
524	1485	
334	413	
1131	576	
587	588	
604	871	
394	708	
882	657	
311	321	
671	341	
349	931	
385	260	
1436	453	
1206	1335	
1642	474	
872	661	
279	265	
1314	917	
721	915	
891	697	
759	596	
247	543	
940	846	
1170	1019	
254	230	
900	631	
1424	1384	
396	253	
278	1021	
87	71	
671	1424	
493	646	
177	126	
260	308	
351	149	
1413	1422	
1692	1461	
560	684	
1513	2015	
436	594	
752	529	
515	954	
359	933	
401	1295	
900	836	
1285	1377	
897	224	
839	609	
1054	1088	
509	334	
1386	1083	
967	1083	
394	340	
321	717	
434	438	
638	581	
345	464	
538	388	
430	623	
799	741	
548	728	
526	649	
