Factories	6	Jobs	200	Machines	3

Total number of component types per job processed by HSPM
12	5	12	12	9	8	9	5	8	8	5	7	7	7	9	8	10	5	6	10	10	12	10	9	5	5	8	11	5	10	11	9	5	6	11	6	10	10	12	5	6	10	10	8	11	7	10	6	6	6	5	12	10	9	6	8	6	12	6	9	9	10	5	11	6	9	12	10	11	12	9	5	6	8	11	5	9	9	7	6	5	5	10	5	6	9	8	10	6	11	12	8	12	7	8	11	6	6	8	9	12	5	10	12	7	10	8	7	10	11	10	7	8	10	5	12	6	12	9	8	10	10	10	7	5	10	12	8	5	6	12	11	5	12	5	11	9	8	9	6	5	7	9	10	5	5	6	10	11	10	8	10	12	9	7	7	12	9	9	10	11	7	11	7	7	11	11	9	12	10	5	9	10	12	5	6	7	7	5	7	12	12	7	7	11	8	5	8	9	5	6	11	9	10	12	6	10	9	12	7	

Total number of component types per job processed by MFPM
4	5	1	3	1	2	4	3	4	4	2	3	5	1	4	4	2	3	4	1	5	5	3	3	5	1	5	4	5	2	1	3	1	1	5	4	2	5	5	2	2	2	5	2	5	1	5	3	1	4	2	5	4	5	2	5	3	1	4	1	2	2	5	2	5	4	4	1	4	2	2	4	3	3	4	4	1	5	5	1	3	5	3	5	3	2	4	1	5	2	2	4	4	1	4	5	3	4	5	1	4	4	1	5	1	4	3	3	3	5	2	4	3	3	4	2	2	2	1	2	5	5	5	2	1	5	4	2	4	5	2	2	3	4	3	4	4	1	2	5	3	3	5	5	1	3	4	3	3	2	4	1	4	5	3	3	1	5	1	1	5	2	2	2	5	2	3	5	1	1	5	5	5	1	2	5	4	2	5	3	2	3	4	3	4	1	1	4	4	3	5	3	5	1	2	5	5	3	1	5	1	5	1	4	1	1	2	5	5	2	1	3	1	3	4	2	5	2	5	5	5	2	2	2	1	2	1	4	2	2	1	1	3	4	4	4	4	1	5	1	1	3	4	1	4	2	1	5	3	2	3	5	3	3	3	5	2	4	3	1	4	4	4	4	2	1	4	1	5	3	4	1	4	3	4	5	4	4	4	1	3	5	4	2	3	1	5	2	5	3	3	1	5	3	4	5	3	1	1	2	2	4	5	2	5	5	1	2	5	3	1	2	3	5	1	1	5	1	5	1	5	1	2	4	4	3	4	5	5	5	5	4	4	2	4	5	4	1	2	1	1	2	2	1	3	2	5	3	5	1	4	4	1	5	2	5	2	1	3	4	5	3	3	1	1	4	4	3	3	1	4	3	4	1	1	2	5	2	5	4	2	5	2	3	1	4	1	5	5	3	4	4	3	2	5	5	1	5	4	4	

All component type numbers for each job to be processed by HSPM
17	69	7	45	16	7	0	67	8	53	10	64	12	41	11	17	9	10	14	13	13	66	19	3	
0	42	8	32	19	1	16	3	9	73	
5	75	9	72	18	53	10	64	4	5	6	42	15	60	0	49	12	2	2	3	11	39	16	62	
7	64	13	11	18	38	0	39	5	17	16	8	11	33	8	40	2	10	9	32	6	27	1	51	
4	16	9	8	6	3	11	63	2	35	13	26	12	29	5	58	10	50	
18	34	8	48	13	70	0	63	3	54	4	60	2	27	15	9	
9	23	1	45	11	26	0	66	6	69	17	36	4	7	3	51	16	38	
13	26	9	11	3	27	8	52	16	14	
1	27	19	61	11	7	8	47	6	30	13	8	7	22	2	11	
17	45	7	25	6	44	15	20	18	58	11	67	3	32	16	71	
16	22	4	45	10	63	19	6	8	8	
7	20	18	46	11	59	16	58	14	2	0	18	12	13	
8	18	11	30	12	57	13	73	16	26	4	8	19	32	
18	41	16	11	14	71	2	28	8	49	11	40	19	15	
19	11	14	51	15	35	2	31	10	68	6	1	18	15	11	72	7	25	
11	3	0	74	10	29	16	2	12	47	18	67	7	26	15	19	
18	58	6	27	3	60	4	30	9	70	7	72	2	25	13	20	5	4	0	54	
11	10	5	45	17	56	6	72	4	35	
7	38	9	37	16	1	18	24	2	8	8	32	
5	57	8	28	11	27	4	60	19	14	0	69	16	21	18	10	15	7	9	51	
2	67	18	23	6	55	10	45	16	75	3	69	15	72	11	28	9	35	8	32	
6	17	9	57	2	13	5	60	19	64	11	70	16	30	14	9	12	22	13	63	4	27	7	14	
8	32	17	46	19	39	9	45	18	34	16	47	3	58	12	30	0	56	4	29	
12	52	18	63	3	35	15	58	1	36	17	2	13	73	14	14	2	54	
17	26	10	22	13	7	18	75	9	17	
18	20	9	24	2	66	12	68	15	8	
17	5	7	74	18	48	19	50	4	66	16	56	9	58	8	65	
9	42	15	5	10	44	7	26	1	52	12	3	13	61	6	63	3	51	5	37	11	35	
18	33	12	26	6	19	3	62	1	35	
0	70	9	51	16	62	19	27	13	4	17	22	3	72	2	64	18	31	6	46	
17	42	15	19	0	34	2	15	13	50	12	21	19	74	10	13	3	23	16	32	5	67	
10	16	1	71	16	6	7	25	14	12	3	53	15	52	8	5	4	20	
3	53	19	38	15	68	14	25	4	23	
6	36	10	63	7	60	5	33	19	68	18	7	
11	63	12	59	4	11	13	4	10	21	18	24	6	25	7	14	2	44	1	74	0	49	
10	44	17	43	14	25	0	61	3	74	4	27	
6	32	9	47	17	9	4	13	18	24	15	14	10	19	13	43	2	53	0	27	
15	31	2	30	11	6	6	22	13	27	5	21	10	52	18	11	14	55	19	33	
10	58	0	45	15	42	1	18	9	70	5	40	19	12	17	28	14	64	3	67	13	59	4	8	
18	20	13	11	9	37	5	28	15	13	
10	23	16	59	1	24	7	8	4	35	8	66	
15	65	9	23	5	7	11	51	7	63	12	12	6	20	4	30	16	39	10	17	
8	55	13	12	0	10	14	6	16	24	15	60	11	57	3	75	1	33	4	34	
7	50	16	74	5	46	6	8	17	49	3	10	0	30	10	44	
15	29	9	3	17	23	19	52	5	47	11	35	13	22	4	6	8	30	0	63	2	58	
19	24	2	2	7	32	4	29	17	46	14	20	18	30	
7	51	3	4	12	1	14	52	17	61	5	24	9	35	4	70	19	8	8	32	
15	16	12	34	0	75	4	69	17	6	16	66	
13	39	0	18	8	5	5	41	12	46	11	14	
7	13	0	9	1	8	4	74	18	53	16	42	
14	50	13	28	3	7	5	65	7	59	
15	30	11	39	4	69	5	66	10	1	17	59	9	72	16	63	19	33	13	47	6	5	8	75	
11	38	16	42	8	73	4	67	7	75	13	13	5	52	12	1	9	2	14	55	
17	49	1	33	19	42	11	11	4	72	3	56	16	47	9	63	12	31	
3	68	12	59	6	60	4	6	18	39	8	69	
14	24	10	27	8	37	0	41	1	60	2	6	15	19	5	23	
17	9	7	57	5	42	2	44	4	30	12	40	
15	75	12	9	16	3	5	57	2	52	7	54	8	66	3	11	19	55	18	41	13	8	14	56	
13	74	17	72	19	28	12	71	0	30	4	67	
0	60	17	56	5	42	13	8	1	7	8	30	19	41	3	66	4	44	
7	62	0	49	10	32	8	38	17	48	11	75	19	47	2	45	16	54	
2	52	0	32	14	17	13	68	9	16	15	44	5	64	16	61	6	39	12	22	
7	3	18	6	15	46	6	51	5	53	
11	43	16	31	7	66	13	26	4	74	0	13	9	52	14	60	12	35	2	53	8	75	
16	71	0	11	13	67	5	55	15	39	18	32	
1	2	14	49	17	31	8	66	12	69	16	24	2	20	0	53	18	7	
13	38	12	16	7	17	9	4	15	28	1	42	0	73	10	31	4	63	6	39	3	67	14	75	
15	49	8	67	11	68	19	2	16	25	10	21	3	12	1	37	9	26	2	42	
4	50	6	52	1	33	8	17	18	15	19	43	17	66	16	25	0	73	5	48	14	19	
5	73	18	45	9	20	7	61	10	70	11	66	8	14	3	15	13	55	12	21	1	8	19	26	
12	66	10	8	5	43	1	57	14	59	19	33	13	74	4	58	7	40	
13	14	7	31	0	37	3	17	2	2	
19	69	15	6	1	20	18	46	6	8	10	57	
12	52	17	11	11	3	15	71	14	15	6	61	9	24	18	48	
5	36	15	9	2	24	18	13	16	48	7	49	4	21	0	18	8	51	19	7	12	42	
14	68	4	36	17	27	3	17	10	51	
16	11	8	69	3	45	18	37	15	50	4	74	9	40	7	51	11	30	
11	45	12	72	7	58	8	26	13	4	6	73	5	9	2	56	3	39	
0	22	18	24	19	13	6	6	10	62	4	67	17	36	
0	27	1	5	19	34	3	60	18	32	6	64	
4	3	6	33	11	28	0	21	7	63	
8	49	18	7	14	37	5	62	0	14	
12	75	8	46	11	37	7	65	9	57	5	66	14	36	18	64	16	1	10	8	
13	2	16	54	5	9	1	38	17	7	
16	10	1	70	14	8	15	41	5	65	7	37	
14	75	8	73	19	48	11	42	17	7	7	10	9	54	2	44	1	43	
6	37	2	54	5	5	0	10	19	67	15	63	9	25	13	12	
12	18	5	4	16	68	13	66	8	58	10	56	11	36	0	32	2	48	1	39	
18	16	13	63	17	60	8	41	1	46	10	35	
14	3	11	47	6	55	4	33	3	48	18	70	17	6	7	11	19	50	8	38	0	27	
7	15	4	21	10	72	11	22	6	35	15	60	3	66	2	56	19	20	12	27	0	54	1	9	
19	49	13	36	4	51	11	73	2	57	10	1	18	2	3	8	
2	72	18	67	0	39	14	75	1	62	4	66	12	7	10	52	6	34	7	61	3	44	9	51	
17	64	1	31	2	56	8	70	16	62	10	65	14	68	
14	69	13	75	7	61	10	47	12	68	0	6	1	38	15	52	
16	15	14	56	2	26	1	9	9	20	5	3	17	34	15	47	3	57	7	46	6	23	
10	25	6	33	19	40	14	12	5	44	1	2	
7	43	13	51	6	47	12	42	4	57	3	27	
14	12	8	61	13	63	7	6	9	53	5	75	3	59	10	9	
16	42	12	60	8	22	2	62	4	31	10	25	17	47	5	56	6	13	
11	69	18	64	9	35	2	23	13	31	10	14	19	36	8	29	4	65	0	39	15	40	14	61	
0	3	15	11	17	63	3	25	14	68	
17	70	16	52	10	67	19	7	5	57	12	12	4	1	1	46	14	28	0	50	
8	5	11	62	19	45	12	55	5	36	3	40	6	19	4	58	15	39	16	11	14	74	10	32	
18	20	19	25	11	68	0	54	1	70	14	55	2	11	
8	6	7	70	12	5	11	47	1	66	6	40	18	63	14	72	17	19	4	18	
10	67	13	59	8	19	0	72	17	30	18	40	19	12	12	41	
19	8	16	68	6	14	1	7	13	63	17	9	5	10	
15	66	2	69	9	75	0	19	7	58	14	3	1	70	4	29	6	64	12	14	
17	5	18	49	10	2	9	61	16	7	3	9	14	28	15	40	7	25	13	47	11	65	
0	15	3	40	7	67	11	28	6	22	12	48	19	12	2	31	10	63	8	43	
6	7	10	43	2	71	14	63	11	41	13	25	12	3	
10	59	9	34	18	36	4	65	3	17	16	47	17	49	11	44	
17	38	19	11	8	72	14	46	3	54	2	71	16	8	1	74	13	12	15	40	
3	57	13	55	16	18	4	25	6	27	
5	14	14	1	3	48	15	26	19	23	10	63	9	65	18	44	12	24	17	33	8	51	13	37	
2	20	5	36	17	31	3	39	18	38	12	26	
19	64	6	31	1	65	18	6	14	68	12	38	0	22	5	54	4	26	9	56	15	27	10	69	
2	44	12	70	0	14	3	65	14	16	6	67	7	46	13	35	8	37	
8	61	19	54	14	72	6	36	0	49	13	65	18	31	4	10	
9	12	5	30	11	1	4	41	17	42	15	8	16	62	12	15	10	21	0	70	
4	65	6	71	2	52	8	31	18	50	7	23	3	5	5	57	15	56	1	10	
16	9	6	3	12	75	7	26	14	19	17	14	4	29	0	8	3	63	2	59	
12	50	15	21	3	19	1	36	2	34	8	32	13	53	
9	20	14	59	1	40	0	47	11	1	
11	11	19	41	9	22	12	24	5	32	8	28	18	74	17	51	1	33	4	29	
17	45	13	19	7	69	11	16	16	24	1	46	14	37	12	71	5	47	8	40	15	38	4	50	
8	21	0	74	17	59	9	5	1	8	16	52	5	50	3	60	
4	7	1	19	6	66	7	64	2	54	
19	40	12	32	4	49	10	25	2	64	5	56	
15	5	0	38	6	56	8	50	3	25	14	62	17	35	2	73	18	53	7	45	4	19	19	46	
9	19	19	37	15	26	10	21	12	59	14	28	18	54	13	49	6	36	1	29	7	30	
3	23	4	67	14	53	1	32	7	17	
5	36	18	24	9	64	13	25	15	55	4	11	8	34	19	74	11	16	12	31	7	7	2	23	
0	6	2	35	6	13	16	34	12	45	
10	51	12	63	15	67	14	1	17	48	5	23	1	14	3	20	16	72	11	62	6	10	
17	14	1	11	0	22	14	46	16	44	18	41	5	59	6	74	3	54	
12	54	7	67	2	74	19	26	1	38	6	15	15	66	16	65	
19	6	6	75	11	26	0	68	3	33	16	37	18	56	15	71	9	14	
11	63	5	51	0	72	18	52	13	70	9	39	
19	64	1	56	11	74	13	13	16	47	
14	51	13	29	3	1	1	10	8	70	10	72	0	57	
2	50	4	58	18	60	8	27	16	74	6	67	9	52	1	54	7	15	
5	50	1	12	8	59	18	70	19	43	12	75	9	63	3	40	7	71	2	2	
7	25	18	75	19	28	4	60	16	59	
0	9	5	48	4	60	2	15	18	1	
7	46	0	71	13	30	3	59	5	9	14	22	
1	54	16	48	17	66	4	69	11	56	7	42	3	35	15	67	10	62	5	39	
9	51	0	26	6	73	17	38	14	10	8	34	12	70	19	25	3	12	5	1	11	14	
18	5	16	21	6	54	14	50	1	75	12	38	15	34	0	43	10	58	8	26	
12	3	17	71	11	74	0	27	8	60	18	12	3	42	15	49	
19	28	11	71	8	10	5	33	3	51	13	52	16	20	7	22	6	11	15	53	
9	48	1	35	0	28	11	52	18	63	17	39	4	71	13	64	10	67	5	46	19	12	16	11	
8	70	7	11	1	65	0	57	3	1	19	50	13	30	14	69	17	26	
16	61	7	70	4	41	9	42	13	31	18	14	12	60	
15	39	3	22	6	21	13	70	1	62	12	75	5	11	
1	30	9	18	6	52	3	6	17	5	13	45	7	16	14	4	10	14	19	11	8	55	12	38	
4	34	2	46	17	36	8	47	12	70	16	59	6	43	14	21	15	64	
15	25	17	52	0	71	13	40	11	21	6	42	5	59	18	51	9	19	
3	58	12	70	0	34	1	37	6	43	11	73	4	6	8	23	2	28	17	13	
4	2	1	58	6	60	9	36	14	49	3	5	18	59	10	54	11	48	15	52	12	62	
4	71	11	37	5	52	19	1	8	36	12	8	2	40	
19	59	5	48	3	32	11	44	0	15	4	38	16	18	7	19	6	67	13	62	12	47	
16	57	10	24	7	19	14	51	5	14	2	61	1	52	
6	60	17	10	3	70	15	61	1	12	13	52	18	2	
7	17	0	10	15	34	10	39	14	4	11	50	2	61	18	62	17	54	6	6	12	69	
7	11	11	69	17	4	12	65	6	73	18	62	10	13	8	58	9	31	0	32	3	10	
6	47	1	41	7	29	13	70	9	67	19	31	3	58	8	55	15	42	
10	8	12	67	2	10	9	28	19	12	0	46	8	57	1	55	3	60	13	54	16	63	5	48	
13	28	7	25	3	73	10	59	1	7	16	58	17	23	6	21	8	41	14	8	
7	71	16	30	17	53	2	67	10	36	
18	1	11	22	15	26	6	6	2	69	14	47	1	12	17	61	4	8	
8	49	10	50	17	29	1	55	15	6	16	27	11	66	18	62	2	25	9	74	
6	27	16	29	13	44	0	37	3	41	5	51	2	8	10	6	11	23	12	18	1	34	8	14	
3	37	0	5	19	12	4	66	13	28	
16	18	1	74	18	8	15	24	5	19	14	40	
10	31	11	45	14	15	7	33	2	29	8	21	3	40	
18	7	9	11	1	27	4	64	3	1	6	47	12	59	
6	7	18	21	16	9	10	72	5	74	
16	58	15	51	8	22	12	60	11	56	0	36	9	57	
16	41	19	15	6	31	1	64	5	1	0	8	8	40	11	19	4	52	2	42	15	26	12	9	
4	12	1	29	6	18	13	61	8	39	2	19	3	35	9	42	5	25	15	16	12	5	7	56	
12	58	17	55	10	19	4	65	1	53	2	42	13	46	
2	4	0	44	14	16	11	10	9	66	7	35	5	57	
17	37	8	56	6	27	19	11	13	45	9	50	4	4	15	54	1	8	16	20	0	67	
5	37	2	33	19	72	13	45	15	29	1	55	9	57	11	64	
14	60	19	14	2	55	12	22	13	9	
18	51	3	33	15	41	19	69	4	54	1	3	16	53	6	47	
4	43	2	12	10	20	13	55	14	5	18	47	11	2	3	30	1	75	
0	17	15	7	16	28	6	64	3	62	
3	27	5	12	1	4	14	20	17	14	7	75	
12	73	16	74	17	71	13	26	14	69	8	38	1	75	15	23	9	59	6	61	3	6	
9	16	17	4	5	51	6	13	18	25	7	68	4	40	13	18	15	33	
2	38	17	44	10	71	3	63	1	35	16	30	11	50	14	46	15	37	5	18	
4	69	14	12	18	40	1	31	5	26	10	42	6	25	2	52	19	49	8	21	13	65	11	19	
6	50	7	51	3	29	10	13	5	64	4	1	
11	11	5	47	8	21	1	48	16	38	14	64	0	25	6	15	17	61	2	17	
2	5	8	6	19	33	14	38	12	27	18	28	1	73	6	54	0	40	
15	7	6	40	3	74	16	34	0	30	11	5	12	1	2	31	13	52	5	71	19	4	10	43	
3	40	19	4	14	52	9	70	6	62	5	7	2	48	

All component type numbers for each job to be processed by MFPM
5	21	9	22	2	10	7	12	
9	40	4	41	2	34	8	29	1	32	
3	24	
1	37	8	50	6	27	
9	20	
0	49	8	37	
1	10	8	12	6	2	2	22	
2	42	7	27	4	29	
2	15	6	12	8	3	0	22	
1	43	3	41	4	26	0	32	
3	21	5	8	
9	38	4	44	5	48	
9	1	7	9	8	19	5	24	0	10	
8	48	
0	2	4	16	6	18	5	4	
5	39	2	30	3	46	0	49	
6	19	9	14	
4	39	3	40	9	31	
4	10	5	16	1	18	8	5	
0	45	
8	16	5	6	4	5	6	7	1	23	
2	45	6	46	9	29	5	36	4	37	
8	10	5	12	9	9	
0	50	9	40	3	27	
7	10	2	7	5	14	6	22	8	8	
5	37	
6	3	4	15	1	21	9	22	3	24	
7	37	1	42	3	31	8	35	
3	1	1	5	9	23	6	22	5	10	
7	46	2	32	
9	21	
9	41	7	27	1	36	
5	11	
2	29	
9	4	3	10	1	7	0	9	7	23	
8	31	7	41	5	35	1	26	
2	6	0	25	
2	50	9	26	3	38	4	41	1	42	
8	12	3	21	1	13	2	5	6	6	
3	43	5	30	
6	11	8	6	
0	37	6	28	
9	4	0	9	7	3	2	10	6	21	
8	31	7	40	
3	16	7	25	2	22	5	3	9	10	
9	29	
4	11	6	17	3	8	0	16	1	12	
9	38	3	49	6	43	
8	3	
6	49	5	32	3	43	8	33	
8	14	0	6	
4	46	0	34	5	26	8	30	2	32	
6	23	2	6	1	4	8	15	
8	34	2	33	5	35	4	43	3	50	
8	1	2	24	
1	43	9	41	5	33	3	35	4	46	
2	13	0	1	5	19	
7	27	
1	10	3	15	8	22	7	11	
0	40	
9	13	5	5	
5	37	9	46	
4	7	9	13	2	9	3	6	7	24	
3	31	4	39	
4	13	9	1	7	10	2	16	8	21	
6	36	9	31	5	46	3	26	
7	22	5	12	6	24	2	25	
5	35	
8	24	4	17	3	7	9	9	
5	34	4	41	
2	15	1	17	
4	37	0	32	9	39	5	41	
4	9	7	13	3	20	
2	33	6	30	3	48	
4	12	3	15	8	7	0	17	
9	43	0	32	4	44	7	45	
5	13	
6	32	0	35	1	33	8	49	7	29	
0	2	8	13	2	3	6	11	5	16	
4	47	
5	13	9	8	4	4	
1	44	3	26	8	41	7	45	2	33	
5	25	7	4	1	10	
2	44	1	49	9	29	4	33	3	39	
0	17	3	24	8	10	
4	42	8	31	
8	19	5	24	6	17	9	20	
4	36	
9	23	4	19	1	7	8	22	6	2	
3	43	9	38	
8	3	6	8	
7	33	3	34	0	47	9	27	
2	8	5	7	9	20	1	16	
4	42	
6	6	1	23	4	19	5	11	
0	46	7	40	6	43	8	39	2	28	
6	13	1	6	2	25	
4	45	7	40	2	42	6	34	
7	22	0	20	4	18	5	11	9	21	
0	29	
7	19	8	6	0	1	5	2	
0	38	4	44	2	27	8	28	
0	20	
2	48	1	31	9	27	3	26	7	46	
9	4	
3	43	8	47	7	50	2	29	
7	17	1	5	0	9	
5	44	4	29	1	37	
2	15	4	8	9	14	
2	43	1	34	8	44	3	35	4	47	
9	8	8	3	
1	37	5	46	0	41	4	29	
2	11	1	8	4	3	
3	30	2	32	7	39	
4	12	7	13	9	6	0	20	
6	48	2	27	
5	9	4	21	
1	43	8	39	
9	18	
1	30	6	46	
1	13	7	12	0	3	8	10	9	19	
5	36	8	50	7	40	6	34	3	31	
1	16	6	1	3	9	5	11	4	20	
5	39	6	45	
6	22	
4	50	6	33	2	44	1	32	7	42	
5	15	2	21	8	20	9	23	
3	46	7	34	
9	8	6	7	8	22	4	10	
9	27	1	46	5	43	7	49	6	50	
5	6	8	11	
5	30	9	48	
6	14	4	7	8	1	
4	26	5	29	8	45	2	42	
7	15	9	4	8	21	
6	45	3	42	7	50	0	27	
4	3	8	21	7	8	5	22	
3	33	
4	10	1	17	
9	43	0	42	1	28	7	40	3	34	
7	16	9	24	2	4	
9	38	6	37	7	45	
7	23	6	9	1	1	4	16	5	6	
5	29	8	46	1	39	0	31	4	36	
7	21	
5	36	0	40	4	35	
0	24	2	3	1	9	6	17	
9	44	6	26	2	47	
4	21	3	2	8	8	
4	36	5	50	
6	12	2	13	3	16	0	5	
6	45	
3	6	9	5	2	18	1	23	
7	27	8	30	5	49	4	46	1	41	
4	21	3	19	9	20	
0	27	6	32	3	45	
7	15	
7	30	2	48	8	39	0	26	4	27	
8	5	
9	45	
9	16	3	11	0	25	2	23	8	15	
6	41	7	36	
1	1	0	10	
0	47	4	42	
6	18	9	11	4	15	0	3	5	21	
8	29	7	44	
9	5	0	10	5	23	
6	30	8	40	4	42	3	33	0	50	
7	21	
0	44	
5	1	3	4	6	24	4	22	0	14	
8	37	2	50	7	39	9	28	6	46	
0	21	9	13	8	9	4	1	3	24	
7	43	
8	2	4	22	
6	26	1	48	0	31	7	39	8	41	
2	24	4	21	1	13	5	6	
2	26	3	32	
8	3	3	23	5	19	9	17	7	18	
5	26	6	48	2	45	
4	8	2	16	
8	31	1	47	4	28	
8	17	0	9	3	18	5	25	
6	49	3	26	0	44	
3	10	6	18	0	23	8	13	
9	50	
6	12	
9	42	4	50	2	43	0	28	
4	7	0	24	3	16	8	1	
2	41	4	29	3	39	
3	16	8	7	9	24	4	5	0	19	
2	37	0	49	7	27	
3	16	0	17	1	11	9	20	8	12	
8	26	
4	22	1	10	
1	37	7	32	8	50	5	42	6	48	
8	1	2	19	3	4	4	25	0	7	
5	37	1	46	7	29	
7	3	
9	43	8	45	0	44	6	31	5	30	
4	21	
6	33	5	45	8	50	9	40	1	43	
2	5	
2	38	0	34	8	35	3	44	
0	11	
4	32	
9	14	3	25	
7	34	5	36	9	37	3	29	1	41	
3	23	6	21	1	7	0	22	2	12	
9	41	1	29	
8	13	
9	48	0	37	4	28	
3	18	
1	41	9	39	4	40	
1	20	0	24	3	22	4	17	
1	38	6	29	
5	9	7	14	1	24	6	20	8	16	
3	50	5	49	
9	23	0	25	2	2	4	11	1	15	
1	37	9	28	3	39	8	42	6	38	
7	19	1	20	8	2	9	9	5	16	
0	46	5	26	
3	20	8	11	
9	50	4	45	
0	7	
0	47	4	32	
1	1	
6	32	8	36	3	27	0	43	
9	16	3	8	
6	42	3	28	
8	11	
8	35	
5	16	9	3	3	7	
5	32	4	38	2	26	6	46	
6	14	9	23	2	3	4	13	
4	26	9	49	6	40	7	41	
1	17	0	13	9	19	3	2	
5	34	
2	14	9	6	1	25	6	10	4	8	
1	28	
3	8	
8	29	7	39	0	34	
4	23	6	7	1	10	2	24	
2	38	
0	4	6	1	2	12	7	21	
7	45	9	46	
1	19	
0	47	5	30	6	32	3	27	2	33	
0	2	9	5	4	22	
5	27	1	33	
7	13	5	24	0	18	
6	30	2	50	8	28	9	35	3	37	
1	14	7	16	2	10	
8	46	0	33	4	37	
7	14	1	22	5	24	
8	41	4	30	9	50	0	38	7	40	
3	20	8	2	
0	47	6	44	9	35	5	30	
3	5	8	10	9	3	
2	27	
9	23	0	25	4	3	8	21	
9	38	0	46	6	50	8	47	
6	3	0	13	2	23	3	16	
4	30	8	32	1	26	3	44	
5	3	3	19	
2	43	
9	16	8	13	6	11	5	19	
3	33	
9	9	6	5	8	18	1	14	4	17	
8	29	7	31	2	37	
1	16	4	13	7	19	9	5	
0	46	
4	25	2	19	9	5	7	21	
3	46	1	42	4	33	
3	8	9	25	2	1	1	16	
0	40	5	28	4	31	9	49	2	36	
2	5	3	24	7	9	8	4	
7	40	4	39	5	41	9	28	
4	4	5	19	8	15	6	7	
2	37	
8	15	3	18	2	1	
7	40	9	49	1	38	8	47	2	28	
2	19	8	5	5	6	0	2	
8	33	0	36	
8	3	4	18	1	9	
7	41	
3	4	9	3	5	13	4	9	6	7	
9	30	2	40	
1	1	6	17	7	2	5	10	0	24	
3	38	2	30	6	41	
7	23	8	19	3	17	
7	49	
8	22	5	25	6	9	9	15	1	1	
4	41	7	44	6	37	
7	10	4	15	1	12	2	24	
0	34	6	46	8	43	3	49	4	31	
6	21	4	6	0	15	
5	43	
9	23	
1	37	2	46	
4	1	3	6	
0	32	9	31	2	28	7	33	
8	12	1	14	0	17	6	4	7	8	
8	32	2	40	
0	5	6	24	2	13	5	14	8	21	
5	34	0	27	9	38	4	36	2	42	
3	1	
9	41	2	27	
8	18	7	16	2	24	3	12	5	23	
1	39	6	45	7	28	
6	7	
7	45	9	50	
2	24	4	20	3	25	
4	31	2	37	3	47	5	42	9	45	
4	11	
1	30	
2	7	8	19	6	11	4	14	1	2	
2	27	
0	10	8	11	3	1	7	13	5	19	
5	31	
2	25	4	7	6	15	0	23	3	5	
0	40	
7	3	3	9	
3	49	8	26	0	45	6	37	
9	18	3	14	7	3	4	17	
4	28	1	47	6	39	
2	5	7	23	8	15	3	16	
4	41	2	49	9	32	6	39	1	44	
5	5	8	7	4	3	3	6	0	12	
8	38	5	37	9	26	0	36	7	34	
4	9	9	5	1	23	3	24	6	19	
1	47	6	36	7	32	2	50	
7	10	3	18	8	25	5	22	
0	29	6	41	
5	11	4	7	2	3	6	8	
2	37	0	35	1	50	3	31	8	28	
5	1	8	9	4	25	0	15	
1	33	
9	1	7	15	
3	31	
6	11	
1	31	6	33	
3	1	0	3	
7	26	
8	18	2	13	3	12	
9	40	2	32	
9	11	8	5	1	4	0	2	3	1	
7	49	4	34	1	50	
1	25	9	2	3	3	0	14	8	18	
6	28	
4	12	2	18	0	23	5	8	
7	42	0	29	3	31	4	44	
9	25	
6	48	3	29	8	39	2	43	4	41	
5	8	8	19	
8	41	2	39	9	27	7	47	1	31	
1	19	2	24	
1	29	
5	2	3	21	6	5	
2	47	1	46	5	37	8	43	
6	23	5	19	3	8	0	14	1	17	
3	37	9	48	6	29	
9	21	0	17	2	4	
0	47	
1	14	
1	44	4	47	8	37	7	43	
3	1	4	3	0	21	7	7	
4	42	9	27	1	39	
8	12	5	16	2	3	
0	36	
9	2	5	3	7	13	8	16	
5	29	2	30	0	38	
4	18	0	14	1	10	5	15	
7	38	
2	3	
7	45	1	43	
1	14	2	25	6	7	8	12	3	21	
6	29	2	30	
9	2	5	11	1	19	6	15	4	12	
7	31	2	46	0	38	6	48	
6	15	9	5	
3	50	8	49	7	39	6	28	1	27	
2	14	0	4	
8	45	9	35	4	33	
8	20	
9	33	2	45	5	42	1	30	
8	14	
4	38	1	37	9	31	6	49	2	50	
2	25	0	1	8	21	1	16	9	18	
4	44	5	50	9	42	
5	25	8	22	6	17	9	13	
7	48	3	36	6	37	2	49	
4	10	2	14	6	4	
0	27	7	49	
6	15	7	22	2	16	8	3	3	6	
9	43	1	44	4	26	6	35	2	48	
8	13	
0	50	7	48	6	31	8	32	1	36	
5	12	1	17	6	1	7	23	
8	40	5	45	0	41	4	29	

Three processing times per job on each machine
The best scenario
183	47	197	
272	357	178	
115	122	47	
73	332	277	
180	184	75	
142	49	82	
27	29	62	
46	44	32	
128	111	116	
154	248	144	
144	193	161	
253	128	225	
110	158	173	
258	128	144	
31	37	38	
402	258	221	
160	138	129	
168	439	165	
413	359	260	
50	33	75	
120	301	216	
173	318	297	
431	150	205	
70	46	73	
263	167	133	
61	183	98	
79	150	125	
247	122	299	
50	67	48	
245	322	164	
122	94	46	
36	50	16	
166	311	380	
83	73	63	
170	136	118	
154	73	138	
157	377	237	
125	108	258	
56	327	299	
68	99	131	
189	227	71	
159	280	147	
42	73	24	
147	60	89	
84	41	46	
84	95	156	
134	107	160	
100	262	491	
163	43	159	
26	73	72	
376	271	249	
292	301	388	
188	139	200	
104	244	255	
50	72	43	
114	265	172	
53	78	159	
145	116	384	
326	110	313	
59	107	68	
33	63	43	
411	209	284	
17	50	49	
107	243	192	
127	141	254	
65	118	227	
118	63	71	
48	34	14	
381	245	329	
346	268	135	
172	77	268	
203	175	321	
90	120	68	
90	28	18	
212	119	267	
34	72	36	
144	257	164	
167	261	248	
355	282	253	
340	148	308	
240	131	248	
156	140	214	
64	88	99	
99	237	257	
127	83	206	
215	173	189	
287	224	201	
295	283	51	
207	251	190	
63	66	161	
127	205	203	
24	77	63	
209	311	124	
79	122	140	
338	376	388	
255	228	164	
377	244	384	
180	380	121	
135	288	118	
112	139	62	
59	89	87	
73	83	59	
140	153	191	
28	34	41	
110	91	209	
110	92	98	
123	337	168	
234	121	136	
76	68	97	
92	200	332	
333	115	81	
113	179	215	
181	50	59	
69	134	144	
117	91	79	
65	141	62	
76	237	87	
201	44	146	
57	143	105	
50	204	70	
55	114	60	
438	168	424	
29	43	32	
181	71	104	
102	322	415	
317	183	327	
157	458	227	
133	153	170	
174	269	91	
125	500	200	
82	86	202	
109	62	29	
261	274	341	
77	86	146	
138	431	488	
344	368	146	
175	117	395	
71	41	68	
59	55	164	
430	279	194	
63	105	234	
224	90	198	
73	181	92	
217	169	206	
108	60	196	
205	157	283	
122	123	140	
230	428	252	
28	70	108	
203	246	355	
32	23	27	
124	319	311	
42	16	49	
227	162	337	
324	280	156	
178	115	139	
14	58	20	
484	314	130	
373	418	377	
106	130	86	
87	64	25	
170	136	300	
38	65	41	
205	104	285	
292	227	263	
91	122	200	
119	131	67	
243	190	74	
78	110	231	
240	133	357	
190	298	199	
147	145	107	
242	84	260	
90	80	74	
237	427	297	
115	53	102	
237	181	103	
219	108	381	
134	81	180	
87	104	89	
39	34	21	
139	276	324	
142	371	181	
76	114	191	
297	399	529	
199	190	260	
39	110	53	
264	286	79	
126	231	260	
74	42	36	
309	297	210	
87	228	135	
342	473	313	
213	185	260	
113	49	161	
82	151	36	
313	100	60	
216	158	182	
292	109	137	
254	273	156	
Most likely scenario
215	73	288	
323	372	223	
146	148	86	
133	466	411	
232	190	95	
172	54	94	
34	35	94	
50	49	50	
228	113	181	
174	443	275	
226	207	197	
267	213	371	
145	313	204	
287	227	171	
54	41	72	
517	451	372	
275	183	206	
184	578	261	
458	515	289	
73	57	93	
139	322	379	
197	346	319	
434	226	218	
72	69	110	
385	289	174	
94	340	127	
121	170	201	
354	147	304	
78	81	58	
325	500	328	
124	136	91	
37	57	28	
213	490	450	
160	124	91	
248	247	197	
213	98	157	
239	426	406	
160	185	341	
106	372	351	
95	123	182	
262	241	138	
172	310	276	
44	88	39	
186	62	112	
124	56	67	
102	124	192	
157	185	198	
156	409	595	
249	80	208	
36	97	85	
591	389	443	
499	488	444	
284	209	206	
185	260	341	
66	101	76	
203	267	342	
82	146	175	
269	187	461	
472	124	389	
79	162	101	
46	98	80	
511	236	295	
33	84	88	
202	439	351	
196	162	356	
112	141	419	
173	80	139	
71	36	22	
389	255	449	
468	340	188	
298	153	441	
235	279	436	
137	127	76	
98	39	36	
290	126	272	
45	97	52	
231	410	318	
213	334	316	
392	305	346	
394	289	356	
273	224	273	
224	259	346	
102	145	145	
170	259	267	
128	125	331	
253	264	268	
490	396	343	
319	293	90	
268	299	279	
88	91	174	
143	263	212	
47	122	96	
255	552	157	
80	189	173	
358	581	599	
339	243	289	
497	254	448	
211	390	179	
167	295	177	
134	146	63	
118	121	125	
108	157	87	
141	157	313	
56	39	47	
118	134	230	
206	123	146	
144	429	218	
407	195	178	
120	132	150	
137	294	556	
352	121	108	
121	261	273	
190	92	68	
74	153	198	
132	155	134	
97	157	78	
95	271	103	
314	79	219	
66	159	148	
81	223	135	
58	119	114	
468	283	584	
38	51	43	
243	94	162	
168	438	502	
323	192	596	
183	501	259	
152	167	235	
291	358	111	
184	582	302	
128	101	206	
144	75	54	
402	489	441	
90	133	182	
209	495	554	
370	376	290	
227	123	397	
96	51	110	
88	84	182	
441	324	381	
89	127	257	
246	120	213	
111	190	135	
293	257	376	
213	71	206	
275	260	376	
239	124	196	
343	453	467	
53	97	176	
208	439	435	
41	46	49	
196	510	417	
54	30	87	
249	287	354	
346	347	185	
195	133	164	
21	75	25	
514	513	215	
385	419	378	
147	156	133	
89	120	32	
199	214	330	
54	73	51	
279	159	302	
403	247	415	
179	161	241	
145	185	73	
314	250	143	
106	216	316	
337	166	415	
265	390	246	
254	224	174	
269	113	295	
168	81	82	
270	599	356	
162	106	107	
264	229	115	
222	182	452	
197	96	196	
125	140	172	
49	53	37	
269	289	402	
145	378	337	
141	199	220	
411	620	611	
275	231	281	
62	115	96	
469	309	124	
132	342	325	
90	77	50	
342	432	269	
108	234	186	
470	502	340	
246	234	350	
215	63	171	
152	157	67	
341	130	93	
254	185	301	
293	163	142	
396	345	209	
The worst scenario
315	79	387	
445	386	290	
194	222	96	
172	643	418	
260	224	138	
177	61	101	
48	40	107	
61	70	69	
303	114	261	
252	497	341	
270	231	278	
301	237	458	
158	327	302	
407	332	256	
77	44	75	
572	557	440	
392	196	223	
249	795	279	
483	647	385	
95	66	130	
141	400	510	
209	404	466	
543	319	233	
74	103	140	
435	371	232	
110	453	187	
179	189	229	
501	220	334	
97	118	84	
371	723	357	
140	184	99	
46	69	39	
319	630	597	
225	172	100	
372	286	243	
295	107	163	
291	450	490	
163	266	438	
118	518	473	
112	178	183	
391	291	153	
177	439	414	
57	89	48	
190	88	144	
179	60	93	
132	162	227	
181	256	255	
201	583	637	
297	120	233	
53	104	107	
835	538	600	
577	533	630	
347	226	227	
207	380	348	
93	129	101	
267	391	347	
109	205	222	
333	278	618	
653	166	454	
93	218	141	
48	139	120	
746	322	424	
43	123	92	
243	589	509	
271	214	426	
160	209	432	
235	88	153	
80	45	30	
562	377	562	
606	491	253	
329	160	516	
335	301	490	
204	160	77	
101	47	38	
433	127	330	
55	144	66	
328	561	426	
214	397	402	
466	396	459	
512	366	458	
329	255	298	
256	292	501	
114	214	199	
186	327	303	
185	138	431	
349	371	275	
572	524	397	
405	357	120	
341	332	407	
113	103	211	
150	381	266	
57	130	133	
360	753	201	
89	229	247	
535	758	806	
460	282	379	
703	264	566	
269	463	240	
218	306	258	
140	170	84	
131	143	158	
152	208	111	
157	214	434	
71	55	63	
128	161	336	
293	136	204	
192	494	326	
609	207	187	
139	144	174	
152	335	589	
450	133	152	
133	272	303	
221	122	92	
100	185	220	
142	164	180	
98	169	87	
129	393	130	
330	113	252	
94	189	194	
119	309	161	
77	121	120	
699	345	709	
48	71	46	
276	102	218	
180	584	711	
331	268	811	
243	645	304	
195	173	253	
427	524	147	
237	796	391	
182	140	283	
203	97	75	
498	707	491	
120	155	184	
213	559	779	
467	405	391	
283	178	490	
118	60	158	
105	89	214	
593	361	564	
123	150	280	
256	171	290	
155	255	199	
422	366	379	
273	92	208	
279	317	475	
246	150	227	
346	582	624	
74	103	239	
259	531	531	
42	62	56	
228	735	468	
80	33	119	
359	393	425	
466	422	218	
289	158	192	
23	96	28	
750	536	314	
568	625	539	
190	157	155	
125	158	33	
257	309	370	
76	79	53	
371	210	328	
568	255	558	
225	164	346	
155	212	99	
341	274	205	
130	223	350	
480	226	470	
332	493	247	
276	302	179	
349	129	372	
196	108	91	
324	745	534	
198	131	116	
390	272	166	
244	197	471	
205	132	272	
126	201	202	
59	55	42	
298	322	429	
147	494	395	
150	208	257	
584	798	728	
299	246	371	
77	166	104	
703	439	183	
198	376	335	
116	79	69	
443	459	277	
144	328	259	
591	520	495	
356	269	416	
271	81	236	
216	189	68	
382	180	116	
299	256	312	
419	191	187	
459	409	282	
