Factories	5	Jobs	200	Machines	2

Total number of component types per job processed by HSPM
6	11	8	7	9	7	8	9	6	6	8	12	6	6	12	11	12	10	5	12	5	9	6	6	6	6	8	10	7	9	9	5	7	12	9	12	8	8	8	9	12	8	10	6	8	6	5	7	7	6	5	5	10	8	6	8	7	9	10	12	8	12	10	7	6	12	10	10	5	6	9	7	9	5	6	10	9	6	10	10	11	5	9	10	9	7	10	11	11	10	10	5	5	10	11	5	10	5	11	9	8	9	10	10	6	12	12	9	11	12	9	5	9	9	9	12	11	8	11	8	10	9	7	12	6	11	11	7	11	6	12	8	10	9	5	11	9	5	12	10	6	10	11	8	8	8	12	10	6	9	9	7	5	6	11	9	11	7	9	12	9	6	12	7	9	6	8	9	5	8	6	6	8	6	7	10	8	12	11	5	12	12	12	7	10	9	12	6	5	6	6	5	5	7	12	7	7	8	5	5	

Total number of component types per job processed by MFPM
4	3	5	3	4	2	3	5	3	5	5	4	3	5	4	3	2	5	1	1	1	2	4	5	3	4	3	2	5	5	3	4	5	4	4	2	5	4	2	4	1	1	2	5	1	3	2	3	3	3	4	2	1	5	4	3	4	5	2	3	5	2	5	3	1	3	5	5	1	3	2	5	4	5	4	2	1	2	3	2	5	2	2	2	1	2	3	3	4	4	5	5	1	1	2	4	4	1	2	3	4	2	3	3	4	1	2	2	1	5	5	2	5	2	4	5	4	2	3	1	4	2	2	1	3	3	2	3	5	2	4	2	2	3	4	2	1	4	5	5	2	4	4	1	4	5	4	4	1	1	2	3	4	1	4	1	4	5	1	2	5	3	5	5	4	1	5	3	2	3	2	1	5	4	4	4	2	4	4	4	4	1	3	3	1	3	3	4	5	5	3	4	3	5	2	4	5	1	1	5	

All component type numbers for each job to be processed by HSPM
12	62	7	25	6	55	1	27	4	74	8	65	
12	25	11	59	17	31	13	68	6	56	3	9	10	44	15	14	5	54	18	72	0	61	
5	19	3	42	13	34	7	12	17	13	14	57	15	26	4	35	
12	6	14	2	8	70	1	18	13	28	2	5	16	12	
7	8	15	18	14	12	12	36	4	55	2	16	0	30	13	22	8	1	
7	28	19	17	15	20	8	55	6	8	0	14	10	21	
3	60	16	62	7	27	17	48	11	16	15	9	13	31	19	40	
7	11	3	33	2	20	16	31	9	36	11	37	0	18	14	23	12	62	
1	52	18	69	12	49	15	62	9	21	7	65	
18	69	10	64	0	43	12	6	6	15	2	16	
0	71	9	48	4	3	3	2	6	20	1	34	18	61	17	29	
12	70	2	75	13	46	7	13	18	34	14	1	3	61	16	33	19	54	17	50	10	26	1	58	
10	66	3	70	6	31	19	4	5	49	14	6	
14	74	16	1	12	75	7	9	6	65	1	44	
16	34	5	55	9	59	13	44	14	50	2	14	3	41	15	39	6	43	18	57	19	49	17	24	
19	34	4	50	3	46	6	19	16	45	11	11	9	41	17	53	7	24	14	75	10	38	
19	74	6	59	16	27	9	68	3	26	10	36	18	51	15	18	5	46	7	54	8	71	4	62	
16	53	19	70	4	21	8	65	10	36	0	46	12	33	7	9	6	31	18	62	
14	75	2	1	7	63	15	53	1	57	
18	5	14	70	12	40	17	37	2	41	16	11	3	13	1	25	13	62	0	7	19	64	6	44	
13	16	10	6	2	60	11	75	8	1	
18	48	16	66	14	32	1	37	17	21	13	41	2	29	5	12	6	45	
15	45	9	14	3	13	14	31	12	21	4	38	
0	7	7	45	5	51	10	23	1	12	3	8	
15	23	19	46	6	73	1	39	4	12	5	10	
15	3	11	23	1	60	9	50	12	8	5	19	
6	18	1	65	16	60	9	29	3	37	8	24	15	61	13	2	
7	19	8	58	5	57	19	39	0	43	10	9	13	36	3	11	14	68	1	26	
10	64	7	46	6	72	2	74	1	33	5	18	0	5	
12	14	13	47	9	61	10	28	0	21	19	52	5	55	11	26	4	59	
2	41	11	50	13	49	10	35	16	75	1	27	17	47	15	74	18	11	
4	20	18	64	3	70	8	29	7	51	
1	18	0	41	19	32	6	45	2	39	5	68	15	53	
18	68	4	63	8	7	19	51	10	60	17	2	3	20	1	26	7	69	5	8	12	42	6	28	
15	44	7	9	14	31	8	50	19	62	9	49	10	1	18	35	5	41	
11	70	14	39	0	37	10	54	19	44	1	23	6	26	18	40	17	1	2	27	16	9	7	57	
17	75	12	43	9	25	3	30	5	11	15	71	1	56	10	29	
5	43	7	75	17	16	19	19	15	12	8	51	12	27	11	71	
3	20	18	27	2	12	9	39	15	54	6	73	5	30	11	65	
1	75	16	65	9	34	6	58	7	37	11	73	13	5	4	14	5	71	
10	59	9	60	4	74	5	12	1	44	7	40	11	42	18	53	14	62	19	50	0	72	2	28	
1	2	12	14	9	30	13	3	10	45	17	35	5	62	6	21	
2	17	13	46	12	2	11	29	14	50	18	63	19	14	8	60	1	64	17	30	
2	70	16	42	4	24	1	53	0	10	12	61	
10	42	8	72	3	43	7	46	0	27	12	3	9	16	14	19	
19	46	14	29	4	61	13	32	7	63	6	17	
19	43	0	30	10	51	9	33	2	49	
15	52	9	4	5	43	10	73	12	30	7	51	0	46	
3	66	6	37	9	45	1	56	4	71	8	57	7	54	
3	30	13	67	12	5	9	69	15	40	14	3	
2	8	14	44	18	35	16	42	3	9	
8	59	1	34	4	13	19	10	17	24	
3	68	11	36	7	25	4	20	5	21	19	47	0	52	9	35	17	71	14	54	
11	63	6	74	18	45	14	4	0	2	9	13	10	28	1	9	
0	56	10	26	5	68	11	1	8	52	18	5	
4	51	15	28	7	50	0	39	9	38	17	41	10	9	2	70	
4	27	15	9	6	54	14	68	10	51	8	73	18	39	
6	67	7	73	18	51	1	18	3	12	2	38	12	30	9	39	19	11	
9	12	1	20	16	16	0	26	10	73	7	67	8	68	12	57	3	28	13	51	
11	35	0	43	17	27	6	55	9	12	2	34	12	68	19	65	14	2	7	45	3	8	10	66	
10	71	7	3	0	31	13	25	9	42	12	5	16	56	4	33	
17	38	18	34	5	66	3	46	9	4	8	30	19	65	4	39	7	23	13	55	0	57	1	52	
15	18	4	35	16	75	19	68	9	70	3	57	10	50	17	5	7	64	6	63	
2	72	13	43	1	52	11	64	18	5	14	41	8	23	
18	28	0	23	9	18	1	6	13	62	2	34	
1	64	10	59	6	63	5	51	8	50	2	8	7	34	3	24	12	29	0	12	19	7	9	66	
14	72	16	51	6	26	5	61	12	15	1	52	19	31	15	41	8	27	4	34	
12	46	14	47	17	27	10	29	18	21	3	74	8	30	9	42	11	59	13	65	
5	41	14	12	9	11	12	55	19	40	
2	66	19	50	0	12	16	9	14	5	11	37	
10	61	0	19	16	1	5	25	8	8	3	43	7	5	13	58	6	56	
4	19	0	45	10	68	7	7	14	23	6	61	1	22	
2	9	17	32	1	1	15	35	16	70	3	2	6	66	7	65	9	47	
18	70	10	15	2	11	16	25	0	28	
17	15	19	18	14	23	3	20	5	5	0	4	
1	72	8	28	18	71	17	15	5	61	14	27	10	4	0	20	3	66	7	39	
19	20	4	47	1	60	2	56	3	31	16	21	17	41	6	67	15	70	
4	52	13	5	7	51	11	21	8	48	19	53	
19	18	3	12	18	23	17	67	5	75	16	42	7	58	4	36	9	60	13	5	
19	7	9	66	16	9	12	51	0	17	1	64	13	42	3	57	15	48	4	10	
5	5	2	17	12	64	17	41	15	16	8	60	16	39	6	29	14	40	7	13	1	56	
17	63	8	70	14	26	9	38	6	11	
2	3	0	67	10	52	9	22	11	10	6	8	14	16	5	17	3	53	
4	19	5	54	1	27	15	29	17	22	8	46	9	25	2	45	19	65	6	9	
11	35	2	7	13	17	15	73	7	75	17	59	9	42	6	68	8	13	
10	49	2	69	17	54	16	46	9	11	19	57	6	20	
6	2	16	16	2	22	0	30	13	49	14	13	19	39	7	42	9	72	12	71	
11	32	10	18	14	41	12	46	15	71	2	45	9	24	3	37	1	25	16	70	7	27	
8	15	6	20	0	52	17	25	2	26	16	7	4	38	9	45	15	1	7	27	19	40	
17	46	19	18	2	37	16	25	10	72	7	52	11	42	9	31	0	67	12	60	
17	51	7	52	0	67	18	62	19	40	16	69	8	33	1	60	11	55	9	66	
14	72	6	13	0	63	19	28	10	41	
18	13	16	55	11	39	10	71	3	42	
6	17	12	46	19	1	2	19	7	13	0	28	17	34	16	20	4	38	5	72	
1	36	14	24	16	21	19	66	17	19	7	49	18	6	11	53	5	31	9	28	8	7	
11	58	7	7	9	11	6	39	15	15	
4	45	12	30	18	20	7	74	19	24	8	73	9	65	15	47	14	29	11	34	
5	28	10	35	13	18	19	72	8	69	
18	28	15	46	16	52	13	32	5	3	10	38	14	26	2	34	9	14	3	15	4	20	
5	70	16	27	8	5	1	52	18	48	2	56	10	53	14	17	12	65	
2	35	12	26	3	5	16	2	0	20	18	47	14	15	15	69	
6	61	0	71	4	25	18	34	11	30	9	20	16	8	14	2	12	75	
9	22	7	39	16	14	10	35	2	58	4	28	11	66	5	1	3	72	6	29	
2	7	6	43	9	16	16	60	12	29	13	22	19	2	4	53	5	1	0	14	
1	21	3	10	11	29	2	50	17	66	14	59	
6	5	3	66	16	71	1	8	7	48	10	52	4	63	19	9	15	28	13	55	0	12	17	24	
1	68	11	73	3	3	13	69	4	63	19	12	2	51	9	74	6	65	15	13	12	22	10	54	
11	56	6	22	14	2	12	40	8	5	10	67	7	25	4	59	15	70	
6	70	19	3	7	71	16	48	2	40	9	27	13	39	10	57	11	38	14	24	8	61	
4	61	11	49	19	4	0	3	6	29	16	69	8	2	5	16	2	75	18	20	17	65	1	24	
12	48	14	42	6	56	17	25	11	61	2	15	10	17	15	69	3	5	
7	45	13	20	6	46	12	62	16	53	
10	54	18	71	0	60	13	25	6	43	17	55	9	16	14	34	3	10	
9	44	12	67	8	37	7	53	0	17	11	56	14	40	16	15	5	36	
1	50	19	73	4	20	9	17	18	48	15	37	17	16	11	59	13	46	
9	29	16	27	15	48	18	51	17	64	6	40	13	63	3	37	12	45	7	38	5	50	19	18	
8	10	16	71	7	40	13	20	9	45	4	22	18	62	1	51	2	63	15	39	19	14	
13	67	15	16	0	55	19	65	8	58	11	19	4	7	1	38	
1	52	19	42	10	38	13	57	0	61	8	39	3	73	11	6	18	4	4	69	14	36	
8	58	7	20	10	11	13	5	3	35	9	61	12	44	19	72	
5	74	8	29	13	67	19	32	3	75	0	42	16	18	11	28	1	26	18	61	
9	67	13	41	11	15	10	64	19	30	17	33	16	52	2	4	12	51	
14	47	8	44	19	64	6	41	18	23	13	43	2	66	
15	42	16	24	9	60	0	48	8	58	5	71	18	2	19	50	17	59	10	8	1	10	11	63	
3	40	11	20	0	67	16	54	2	66	14	64	
5	3	12	5	10	40	14	49	15	8	17	7	9	42	19	66	4	10	6	16	16	9	
1	40	7	61	12	9	19	25	11	68	8	44	18	28	6	73	10	24	3	72	16	63	
14	63	12	13	16	51	7	73	17	47	3	25	15	7	
14	12	5	7	0	73	11	20	7	59	18	61	9	10	2	32	19	65	17	18	12	45	
18	34	2	21	3	66	6	36	7	57	12	63	
18	55	0	60	15	71	13	4	16	51	1	35	5	70	14	31	6	68	2	66	8	32	12	40	
11	15	2	37	15	55	12	17	19	67	10	1	17	11	1	4	
5	29	14	23	11	42	7	35	6	18	0	71	10	37	19	28	13	72	3	13	
11	70	0	55	7	25	18	10	9	32	3	6	19	19	6	35	12	48	
0	66	4	4	17	36	16	51	12	17	
15	32	1	51	6	19	4	63	3	67	11	6	14	11	10	27	5	44	0	31	18	2	
0	35	18	6	10	30	7	69	12	33	13	50	16	51	11	37	17	74	
3	44	14	30	8	34	1	43	13	14	
2	17	14	74	18	60	0	35	3	68	8	28	16	16	5	12	13	18	12	32	4	67	17	40	
9	47	19	3	11	12	18	36	7	1	4	53	8	52	5	55	10	13	17	45	
12	38	7	31	4	13	0	67	18	16	1	37	
13	41	10	42	12	14	1	57	6	13	8	37	18	52	17	46	15	72	16	45	
12	39	2	70	18	71	15	37	0	35	6	27	5	34	8	29	16	18	19	54	10	36	
17	24	13	67	1	5	0	73	10	70	16	22	14	17	8	69	
13	38	18	44	15	25	3	12	6	55	19	60	14	67	5	50	
13	52	16	5	19	58	15	51	2	46	3	74	12	47	1	17	
17	38	5	27	4	67	18	71	1	5	9	55	3	16	7	37	15	8	10	45	19	28	13	58	
12	52	9	24	11	66	3	10	18	26	13	42	14	68	4	71	7	38	10	6	
3	66	18	32	16	13	12	64	11	41	2	74	
3	11	6	15	1	36	10	43	0	72	4	41	16	35	14	14	15	42	
8	13	18	2	4	64	14	54	19	35	0	34	3	31	11	43	7	6	
15	18	7	48	8	1	2	28	0	43	11	53	18	25	
15	23	11	50	3	54	13	58	12	48	
1	55	10	71	2	40	11	47	7	72	0	38	
17	27	19	25	3	49	18	22	8	66	7	45	12	65	4	2	5	38	16	10	2	46	
2	56	19	12	0	19	14	6	12	64	6	48	11	5	9	50	16	9	
6	3	14	50	9	42	2	58	12	49	17	44	4	43	19	33	7	36	8	61	10	19	
14	11	3	54	11	68	4	34	7	30	13	46	16	44	
1	10	10	16	6	44	8	26	5	3	13	12	19	9	18	65	4	18	
17	43	14	32	3	73	6	68	10	75	9	30	18	53	4	69	2	29	16	15	7	71	0	41	
9	11	19	17	10	67	17	44	3	56	2	15	5	20	4	26	0	31	
7	31	2	3	17	50	11	67	13	72	18	45	
16	19	3	9	9	69	2	32	6	43	18	6	5	14	14	37	0	23	15	70	19	60	7	7	
3	41	2	2	11	74	16	62	5	60	10	65	7	53	
11	67	4	9	2	40	6	37	17	46	8	69	15	47	13	3	5	4	
0	48	16	51	15	42	8	47	1	13	2	9	
0	45	15	50	4	44	7	72	9	24	3	29	11	19	16	25	
18	54	5	73	17	68	7	50	2	42	15	22	11	61	10	28	9	36	
7	74	16	10	3	71	4	39	10	12	
12	71	6	7	7	57	19	68	0	43	1	3	14	59	3	39	
14	72	13	67	18	9	4	16	6	31	10	7	
7	66	8	5	1	6	15	2	12	10	9	11	
0	17	7	67	2	9	18	8	11	4	8	20	1	11	19	6	
11	49	15	39	16	4	19	31	3	64	4	7	
0	8	16	47	13	62	15	14	6	37	5	50	14	75	
0	69	6	52	3	24	2	6	14	5	8	64	11	21	5	59	1	17	13	49	
12	70	4	50	15	66	9	42	8	22	18	5	3	61	11	69	
10	46	14	14	8	71	4	62	12	55	6	31	3	34	16	32	5	67	9	73	11	25	18	75	
11	24	14	43	10	16	15	42	0	19	7	4	8	7	19	36	3	39	9	70	17	59	
11	45	6	43	16	49	15	55	19	5	
18	61	8	66	17	42	3	63	7	32	15	13	12	20	2	36	10	10	6	45	0	14	14	35	
16	69	15	32	0	20	19	7	10	19	6	14	9	60	18	21	1	53	17	27	4	54	11	28	
19	4	17	61	4	34	12	73	10	18	5	39	2	11	9	45	13	5	3	48	6	56	0	41	
7	36	18	73	6	11	9	40	16	57	5	52	0	9	
13	61	6	62	2	57	1	20	12	41	5	53	16	27	19	65	3	8	7	44	
7	35	18	34	16	49	6	28	17	6	1	56	11	59	15	40	8	27	
14	36	11	39	6	24	9	61	2	58	3	43	0	12	17	33	18	14	12	13	16	1	13	53	
0	31	10	40	13	22	15	28	17	21	9	42	
7	45	8	41	0	17	14	66	9	55	
9	43	0	58	8	34	6	44	4	7	2	65	
18	52	8	75	2	72	5	54	6	50	14	37	
5	37	10	11	1	32	18	68	13	40	
16	16	3	24	0	65	8	46	2	32	
18	30	16	70	8	7	4	12	2	67	1	35	14	39	
12	74	1	16	8	60	11	23	9	24	15	45	19	17	18	30	0	40	4	50	13	49	10	48	
3	60	2	13	13	71	1	19	17	32	16	39	11	33	
12	57	14	13	16	26	3	56	10	71	11	7	9	2	
2	16	10	52	3	27	7	62	1	22	16	73	12	2	5	64	
3	54	5	73	18	75	2	52	17	32	
0	31	11	64	13	17	18	25	1	73	

All component type numbers for each job to be processed by MFPM
1	16	7	19	9	13	6	4	
9	23	6	15	2	20	
0	24	5	6	8	25	6	3	2	13	
5	17	1	13	4	9	
4	19	9	24	8	18	2	25	
2	7	5	16	
1	23	7	25	4	16	
0	22	7	11	6	4	4	15	2	13	
6	5	5	12	7	22	
3	4	5	5	1	14	6	2	2	22	
0	10	3	20	2	13	6	11	1	14	
2	11	5	6	9	20	1	13	
1	14	4	20	9	24	
2	5	3	19	8	17	7	7	6	3	
0	21	4	15	3	3	6	13	
4	16	1	13	2	20	
8	14	3	21	
3	14	1	19	2	7	4	5	7	24	
8	11	
5	12	
3	20	
3	3	2	22	
0	1	4	16	3	23	1	12	
9	18	8	20	4	16	6	13	0	10	
4	20	2	21	6	23	
7	23	1	4	5	18	6	8	
0	19	7	8	3	17	
2	6	8	16	
4	19	1	23	6	11	2	25	8	14	
1	25	0	1	2	6	5	22	8	8	
7	6	5	20	9	18	
3	16	0	19	2	22	6	25	
6	6	1	2	0	7	9	12	7	14	
0	24	2	13	5	21	8	25	
4	12	6	3	5	9	0	13	
8	9	9	18	
9	23	7	16	8	1	0	2	4	7	
1	17	3	14	5	12	4	20	
4	11	1	13	
8	18	7	12	1	16	0	25	
0	25	
8	9	
4	21	1	16	
4	16	7	12	8	20	0	15	6	9	
4	20	
9	1	4	18	0	20	
4	10	2	20	
0	5	2	15	6	6	
9	3	4	6	5	8	
7	9	8	4	4	16	
9	4	2	6	1	20	0	23	
6	9	3	10	
5	16	
6	5	3	2	1	10	9	14	4	16	
8	17	7	7	9	24	4	12	
0	21	3	24	9	2	
3	25	0	17	2	23	5	1	
8	10	6	12	1	2	7	15	0	5	
7	8	6	4	
3	17	2	6	0	1	
2	1	9	25	6	13	1	20	8	7	
8	19	9	17	
8	17	7	20	4	22	5	13	6	25	
6	8	0	22	5	9	
4	9	
7	11	2	14	6	12	
5	6	3	4	8	14	1	24	0	11	
7	22	3	21	6	24	8	20	2	9	
1	8	
9	21	7	1	1	25	
6	19	8	11	
6	23	1	4	3	12	2	10	7	18	
5	1	3	2	9	12	8	16	
6	6	5	17	7	7	1	5	4	23	
2	20	8	3	0	17	4	4	
4	16	2	18	
3	22	
9	6	0	11	
7	8	1	11	9	22	
9	25	5	15	
0	8	6	14	1	20	5	11	4	10	
4	1	6	25	
2	22	8	9	
9	23	5	9	
0	5	
5	14	4	20	
8	19	7	3	5	2	
7	17	0	2	8	20	
1	24	0	23	7	13	2	10	
4	14	9	17	5	21	1	4	
3	15	8	14	5	22	9	2	7	18	
6	5	4	8	8	20	5	7	1	1	
5	13	
4	14	
1	23	9	4	
3	3	4	25	8	17	5	11	
4	7	9	25	5	18	1	15	
7	18	
4	4	8	20	
9	25	2	15	7	9	
0	25	1	9	2	21	7	8	
2	17	6	12	
0	16	1	22	6	17	
3	13	2	1	9	12	
9	1	2	20	1	22	6	6	
9	21	
6	9	5	4	
7	6	5	4	
2	8	
8	23	1	22	7	6	9	10	2	1	
9	13	2	7	3	16	1	3	7	8	
6	21	0	22	
5	24	4	22	9	9	0	2	3	4	
3	7	6	10	
4	24	2	20	6	13	0	4	
3	14	7	23	4	11	9	19	0	17	
9	14	1	12	7	11	5	24	
3	5	6	12	
3	4	9	14	4	19	
6	3	
4	9	1	2	3	10	2	22	
9	25	0	23	
6	18	3	22	
5	2	
0	21	4	23	8	15	
9	15	5	1	2	22	
2	2	4	5	
0	11	8	15	1	2	
3	2	2	14	5	15	8	7	9	17	
2	22	3	17	
2	1	3	23	6	9	4	4	
7	24	2	14	
1	10	6	14	
0	23	2	16	9	4	
8	10	1	1	3	5	7	3	
1	14	4	21	
9	13	
0	15	4	12	8	14	6	5	
6	3	4	6	7	7	8	25	5	17	
4	25	9	12	1	19	3	16	5	4	
8	3	7	16	
2	22	5	13	9	24	3	25	
8	18	4	14	3	3	9	10	
7	9	
8	22	1	25	3	20	7	15	
1	22	7	3	0	23	9	13	6	10	
4	6	0	19	5	15	9	23	
0	10	8	1	5	21	9	14	
9	24	
7	21	
5	6	2	4	
1	7	7	16	5	19	
3	22	6	21	7	15	1	12	
5	15	
5	3	6	8	3	12	0	21	
7	24	
8	7	6	15	0	8	2	14	
7	13	9	24	3	3	6	17	8	11	
0	7	
4	19	5	3	
7	6	9	11	0	25	2	18	5	10	
5	4	4	17	3	23	
3	2	4	25	9	13	0	24	2	5	
0	16	8	20	9	14	2	13	6	23	
7	13	6	17	3	18	0	22	
9	1	
3	23	8	2	1	20	4	11	9	9	
6	19	2	7	4	15	
6	21	4	24	
2	11	7	25	4	13	
4	20	6	9	
7	18	
2	24	9	18	3	12	7	17	8	6	
9	7	3	6	1	25	4	14	
2	9	1	8	3	7	7	22	
4	12	0	8	7	22	5	11	
8	17	5	20	
8	25	6	2	4	24	3	22	
1	8	4	25	9	24	2	4	
5	3	4	9	9	21	0	6	
2	8	6	5	9	25	0	3	
7	11	
8	6	2	22	7	25	
6	24	0	11	3	8	
9	20	
4	23	2	6	7	14	
9	9	3	8	6	6	
3	22	7	15	4	4	9	6	
4	22	6	13	0	7	2	11	8	23	
9	18	5	4	4	13	0	7	2	14	
3	14	8	10	9	22	
2	24	4	21	9	22	0	15	
1	15	2	6	4	23	
3	2	0	25	1	7	8	9	6	22	
8	8	3	9	
6	10	4	14	0	21	9	13	
3	19	1	7	7	18	6	3	8	11	
0	3	
3	19	
5	8	2	14	8	22	4	16	6	24	

Three processing times per job on each machine
The best scenario
617	405	
266	649	
287	713	
89	68	
726	336	
311	187	
101	229	
133	693	
610	200	
748	948	
260	97	
215	192	
324	316	
291	483	
568	691	
783	704	
856	1122	
222	150	
167	354	
595	781	
105	185	
420	562	
158	135	
586	367	
786	704	
485	748	
314	454	
252	131	
498	418	
138	406	
257	121	
385	543	
384	140	
857	350	
230	141	
191	139	
146	344	
598	738	
358	335	
332	391	
136	123	
158	168	
80	106	
557	627	
259	80	
355	133	
509	523	
377	443	
1105	452	
459	1058	
760	1092	
405	379	
240	238	
896	737	
417	678	
402	428	
326	207	
79	148	
245	71	
111	105	
227	416	
48	107	
142	166	
111	141	
395	164	
427	268	
856	593	
92	103	
700	765	
171	883	
303	271	
69	123	
192	101	
443	328	
507	884	
731	302	
331	435	
361	401	
197	190	
524	827	
541	949	
290	125	
437	717	
615	688	
320	442	
698	374	
438	661	
657	619	
197	107	
430	207	
388	825	
137	57	
216	203	
295	382	
1143	865	
406	331	
461	985	
681	1004	
452	322	
294	162	
639	770	
192	224	
962	518	
211	318	
746	289	
351	1005	
493	184	
447	332	
139	71	
471	590	
111	127	
374	183	
442	498	
256	281	
108	46	
266	1118	
753	617	
225	307	
705	199	
133	93	
362	382	
194	154	
78	175	
443	248	
542	418	
182	101	
85	97	
382	237	
535	246	
1055	1183	
174	198	
379	279	
55	84	
116	108	
282	483	
138	206	
444	738	
402	252	
102	262	
255	476	
766	409	
75	111	
185	266	
123	136	
173	421	
1031	188	
113	428	
783	312	
128	133	
232	423	
39	140	
1181	470	
719	684	
401	571	
1064	836	
843	585	
1037	1327	
193	127	
730	932	
503	881	
874	430	
276	761	
74	102	
102	128	
100	193	
793	593	
90	50	
132	157	
304	172	
481	251	
104	105	
414	139	
233	560	
161	199	
546	351	
120	189	
1000	1079	
975	768	
302	664	
186	296	
481	177	
349	147	
228	228	
425	400	
47	47	
901	615	
735	197	
196	70	
319	420	
413	590	
449	132	
753	727	
283	335	
182	92	
129	116	
42	218	
281	810	
178	476	
224	173	
613	611	
Most likely scenario
1028	810	
288	688	
378	923	
106	71	
1059	485	
512	284	
138	230	
254	721	
791	328	
1056	990	
388	117	
260	255	
517	317	
402	545	
811	955	
918	1033	
866	1425	
385	248	
299	418	
1148	1243	
148	254	
675	566	
190	210	
687	591	
1226	856	
559	984	
478	462	
293	171	
558	431	
169	445	
273	239	
552	796	
615	255	
1092	673	
258	219	
284	263	
247	384	
830	989	
376	518	
398	411	
188	213	
212	261	
120	196	
927	794	
277	132	
356	259	
951	918	
410	608	
1152	671	
895	1087	
854	1244	
453	518	
283	299	
1278	894	
645	754	
624	524	
412	258	
158	181	
332	141	
212	125	
365	739	
50	113	
213	168	
162	188	
685	259	
580	277	
1192	1077	
152	104	
730	776	
280	974	
355	385	
115	191	
340	116	
758	448	
956	1135	
960	512	
529	725	
420	744	
358	336	
925	1019	
738	959	
350	220	
852	805	
667	690	
379	877	
957	511	
518	888	
736	1181	
207	185	
491	277	
509	1053	
148	100	
299	275	
461	476	
1340	912	
480	548	
775	986	
1318	1279	
562	384	
318	294	
665	1097	
270	306	
1247	586	
248	487	
1188	392	
635	1170	
759	239	
482	349	
190	130	
487	805	
161	179	
448	315	
870	862	
306	387	
151	79	
491	1342	
802	948	
380	390	
955	321	
189	160	
393	389	
341	263	
117	223	
561	350	
621	517	
305	148	
94	193	
593	436	
700	280	
1270	1309	
259	319	
538	384	
103	133	
121	126	
559	804	
257	249	
592	819	
491	261	
185	291	
345	643	
835	757	
126	123	
353	376	
173	266	
253	540	
1086	343	
206	507	
850	373	
166	246	
374	508	
47	165	
1463	710	
1160	739	
591	574	
1087	993	
1038	893	
1276	1488	
290	142	
1126	981	
655	1111	
987	732	
511	775	
82	202	
173	167	
142	247	
802	863	
143	74	
138	288	
388	229	
600	361	
184	128	
719	269	
293	610	
212	213	
620	486	
225	197	
1131	1262	
1086	1156	
316	666	
295	320	
616	322	
358	205	
259	311	
496	767	
90	80	
1006	622	
865	360	
259	105	
549	722	
744	787	
513	264	
1036	1021	
417	486	
208	112	
155	139	
71	249	
455	1321	
270	550	
293	309	
642	635	
The worst scenario
1216	976	
385	716	
476	1255	
129	76	
1180	598	
618	386	
207	241	
265	916	
896	344	
1393	1105	
499	158	
321	330	
753	326	
443	810	
1020	1036	
1133	1518	
1113	1770	
464	339	
347	475	
1210	1629	
157	266	
903	637	
194	283	
757	647	
1682	949	
632	1063	
621	616	
356	255	
586	471	
211	592	
406	289	
759	838	
762	340	
1548	854	
288	255	
395	299	
284	515	
1241	1113	
433	577	
542	540	
276	215	
263	379	
162	198	
1377	1015	
360	181	
484	272	
1170	1345	
486	650	
1207	801	
1163	1103	
1221	1375	
490	602	
389	344	
1551	968	
843	1082	
834	564	
426	295	
177	228	
382	193	
306	137	
532	1096	
51	140	
312	199	
186	208	
747	360	
825	362	
1429	1119	
207	127	
1013	1146	
317	1052	
498	510	
172	230	
351	118	
927	513	
1336	1216	
1044	533	
767	826	
429	836	
482	424	
949	1318	
911	1411	
366	252	
1170	1061	
678	903	
489	1272	
1051	612	
527	1275	
749	1577	
262	242	
519	328	
756	1280	
190	148	
358	402	
607	502	
1474	1212	
484	647	
1149	1220	
1959	1911	
648	458	
375	369	
733	1577	
360	332	
1479	607	
255	525	
1420	544	
879	1380	
909	267	
692	369	
238	151	
709	961	
169	228	
514	409	
942	1078	
449	498	
155	90	
685	1487	
954	1168	
416	544	
1289	449	
270	215	
518	456	
411	294	
175	323	
594	404	
771	567	
373	202	
115	235	
770	528	
917	296	
1772	1333	
383	435	
729	430	
152	150	
167	131	
584	926	
260	289	
771	910	
493	373	
264	308	
348	651	
1011	896	
158	149	
447	560	
196	277	
375	793	
1231	414	
211	698	
1176	462	
201	346	
484	566	
55	243	
1732	980	
1722	789	
714	602	
1318	1231	
1205	1101	
1749	1709	
321	152	
1421	1335	
929	1650	
1077	990	
571	1072	
119	225	
224	177	
208	253	
1132	1092	
191	107	
151	384	
557	278	
628	447	
209	187	
880	292	
299	842	
262	233	
791	616	
310	207	
1261	1316	
1533	1611	
386	959	
369	475	
853	354	
387	286	
386	336	
593	800	
98	106	
1339	755	
995	517	
267	118	
673	804	
825	913	
585	270	
1358	1120	
449	517	
260	153	
181	192	
96	344	
577	1923	
401	770	
434	380	
702	767	
