Factories	2	Jobs	200	Machines	3

Total number of component types per job processed by HSPM
9	7	12	7	12	7	9	5	8	9	7	6	12	10	8	11	6	11	11	9	5	6	11	9	5	6	10	10	12	10	8	6	5	11	6	11	11	12	8	11	8	10	11	6	6	11	11	6	6	12	9	11	8	6	10	8	10	8	11	6	12	11	11	7	11	10	10	6	12	8	9	5	12	7	10	7	5	6	10	7	12	10	11	9	9	9	7	8	7	11	9	7	12	9	6	11	11	11	5	8	8	12	11	12	12	9	10	9	10	10	11	7	8	8	9	9	10	8	8	7	11	6	6	12	6	6	9	9	5	6	9	9	7	8	7	6	7	7	6	12	10	8	8	5	10	12	12	5	9	10	7	6	7	10	9	7	8	7	10	8	8	12	5	10	9	11	11	5	6	10	11	9	8	8	8	8	9	6	12	12	7	8	12	6	12	6	11	7	11	6	11	10	5	5	9	9	5	6	9	7	

Total number of component types per job processed by MFPM
3	3	1	2	4	3	1	3	4	1	2	1	2	1	2	1	5	3	5	5	2	5	1	2	3	4	1	1	1	5	2	2	3	3	5	2	1	4	2	4	5	2	3	1	3	5	4	2	5	1	4	4	2	4	2	1	5	1	2	2	5	2	1	2	2	3	5	5	4	5	5	2	1	5	5	5	3	5	2	1	5	4	2	2	5	5	3	2	3	5	4	3	4	3	1	5	3	5	3	4	3	5	4	1	2	4	1	4	5	3	3	5	5	3	1	5	5	4	1	1	2	3	3	2	5	3	4	2	2	4	2	4	2	3	5	5	5	1	3	5	3	3	1	5	4	4	4	3	3	3	3	1	5	1	1	5	5	1	1	1	1	2	2	1	3	1	3	5	2	5	2	3	5	1	3	4	1	2	4	3	3	4	4	4	4	3	1	5	2	3	2	4	4	3	1	1	4	4	1	1	5	2	2	1	5	2	5	2	4	1	4	1	5	3	1	1	1	3	5	3	2	1	2	1	3	5	1	5	3	4	5	1	3	5	4	3	3	5	2	4	5	2	2	4	5	3	1	2	2	1	4	4	3	4	3	3	1	2	4	3	5	3	5	3	1	1	5	3	1	2	3	1	2	4	3	1	5	2	4	3	1	3	5	4	1	5	1	2	2	5	5	1	2	1	1	2	3	3	1	5	3	5	3	1	3	3	3	1	3	4	4	3	2	5	4	5	4	2	2	1	1	1	5	1	4	3	5	3	1	3	4	4	3	3	5	1	5	5	4	5	2	1	5	3	1	4	5	3	5	1	2	3	4	4	5	1	5	5	1	5	1	2	2	5	3	4	5	5	3	2	3	5	4	1	4	2	4	3	4	3	3	1	3	1	1	2	5	3	2	1	4	2	4	4	1	2	2	2	4	3	

All component type numbers for each job to be processed by HSPM
1	11	18	52	15	49	5	55	7	45	2	29	10	56	14	59	12	67	
8	29	5	17	15	72	16	15	10	32	2	14	18	37	
9	49	11	64	8	20	4	46	13	36	14	26	2	37	5	38	10	17	19	53	3	24	6	51	
12	41	3	75	6	38	19	64	4	33	16	37	10	74	
13	40	17	31	3	21	16	18	2	56	0	58	19	22	10	59	14	73	15	61	8	42	7	66	
2	24	15	23	13	51	11	25	7	30	16	52	3	75	
8	65	3	67	14	32	16	73	6	9	18	68	4	29	19	70	17	71	
8	6	14	12	3	35	12	30	4	43	
14	38	7	42	10	32	4	40	1	57	11	34	6	49	8	63	
7	50	6	8	17	53	0	71	1	36	5	20	16	22	15	52	9	10	
13	22	11	17	16	6	10	10	14	62	6	65	1	31	
18	74	14	48	17	6	13	26	0	21	2	12	
3	60	13	14	12	35	9	52	18	57	16	61	15	27	11	9	4	71	7	43	1	10	8	64	
9	60	12	66	5	11	2	38	18	12	16	14	17	22	11	56	0	64	4	6	
9	21	16	32	11	75	19	49	4	7	10	60	2	31	17	33	
17	75	9	28	4	24	8	62	0	19	6	5	18	54	12	16	19	40	5	44	15	10	
16	26	4	70	10	24	7	52	0	15	1	22	
8	28	16	8	5	1	10	26	11	63	13	74	0	19	2	9	6	60	15	15	1	6	
11	51	7	11	4	53	3	33	1	44	16	72	0	23	18	36	5	62	2	12	12	30	
8	1	7	27	12	63	0	31	14	57	4	8	1	52	2	46	5	22	
7	48	2	27	13	17	9	38	5	5	
19	1	10	73	5	46	6	14	9	49	4	33	
12	60	17	38	9	29	4	6	13	32	2	26	7	58	18	20	14	44	5	15	1	51	
4	21	13	37	16	51	17	69	8	25	9	38	11	42	14	34	0	41	
14	5	3	40	15	47	5	29	13	75	
14	17	17	8	18	18	0	62	2	4	8	16	
12	5	18	55	7	67	19	44	15	70	4	54	8	7	10	39	16	72	13	56	
9	32	2	41	3	13	12	30	18	62	1	7	17	49	4	70	10	55	11	56	
13	57	12	11	11	40	15	37	9	27	4	62	10	2	19	64	0	35	18	31	2	29	8	12	
5	21	4	22	12	37	10	65	15	45	14	4	17	59	2	67	7	44	18	64	
11	25	15	24	2	42	10	74	16	7	12	29	18	6	1	48	
12	11	10	41	18	10	8	33	4	28	15	21	
14	72	6	40	7	4	9	6	13	39	
12	11	0	3	4	60	11	7	6	38	19	23	10	13	18	62	13	63	15	49	5	31	
9	53	13	74	4	73	15	65	6	54	7	38	
7	32	3	18	6	49	0	1	4	28	19	5	16	27	2	73	8	64	9	44	5	62	
4	67	18	10	2	8	12	48	15	65	17	43	0	73	3	71	10	63	19	40	16	13	
10	59	9	6	18	27	0	29	1	69	11	3	15	67	14	42	7	16	16	44	4	23	5	43	
11	55	6	6	12	2	3	19	4	54	10	16	17	65	15	5	
19	66	18	68	14	22	8	70	15	71	6	21	2	11	17	63	11	73	5	31	12	54	
3	9	12	50	10	47	15	33	7	42	4	27	11	45	13	65	
5	19	9	66	14	47	3	7	12	55	11	27	19	70	16	65	10	25	18	52	
16	53	0	40	9	15	2	47	14	35	19	63	17	55	12	48	10	52	3	16	8	69	
12	63	19	6	17	60	2	32	11	34	15	72	
19	16	17	4	3	20	4	23	8	36	16	2	
15	72	5	58	6	10	13	8	1	34	12	20	16	65	0	38	17	5	10	40	4	36	
10	68	14	33	19	63	11	25	9	43	2	1	4	52	12	22	6	14	16	26	18	49	
4	2	10	31	1	21	11	54	9	58	19	49	
17	32	10	29	3	27	14	60	8	48	0	69	
19	10	3	32	8	1	9	39	1	35	18	64	5	73	13	65	7	56	10	69	17	24	4	38	
13	30	4	61	9	50	3	3	5	1	1	41	17	45	2	9	7	55	
8	56	6	17	5	3	19	22	3	46	13	39	2	4	17	44	9	43	1	10	18	74	
12	54	8	28	14	25	17	13	10	3	7	21	13	52	3	67	
14	22	10	1	7	57	13	65	17	16	11	46	
15	4	12	21	11	12	13	33	5	31	4	24	9	13	10	30	3	42	19	22	
14	5	12	34	17	13	16	15	18	60	19	73	11	72	9	51	
17	65	5	73	8	29	2	53	1	40	19	5	18	34	12	2	9	38	0	22	
19	26	7	55	17	19	8	69	18	25	9	13	2	3	16	73	
12	35	13	29	19	73	6	28	2	36	10	3	1	30	5	17	8	25	4	18	18	58	
13	21	12	33	14	2	17	8	19	73	18	59	
16	61	10	41	13	66	4	3	15	58	11	55	18	6	3	13	12	24	19	69	2	53	17	40	
0	38	10	4	18	71	11	9	4	22	6	67	15	73	14	43	17	26	1	37	9	34	
2	36	12	51	7	62	4	52	0	46	1	67	3	73	19	65	16	63	14	64	13	54	
2	18	18	1	9	63	15	68	7	36	17	70	16	52	
10	37	16	10	18	66	19	40	1	12	0	43	11	21	8	5	7	3	4	64	13	36	
19	23	6	54	13	16	16	53	11	60	4	62	0	63	5	21	10	30	18	15	
10	72	0	36	8	31	14	1	13	23	4	32	11	8	9	42	2	25	12	22	
3	35	2	27	17	69	8	1	9	72	11	14	
3	8	4	48	14	13	13	55	18	4	19	52	16	5	12	40	8	22	6	19	9	37	5	11	
12	54	8	58	6	2	1	29	4	31	9	7	19	71	11	41	
16	75	13	46	9	39	1	70	19	37	5	53	7	65	15	33	0	38	
2	74	16	40	19	35	0	16	14	59	
18	31	17	55	6	75	4	27	14	71	12	42	1	15	8	33	5	18	16	51	13	65	0	63	
3	66	18	75	12	55	11	53	4	62	1	35	10	27	
18	62	7	59	8	63	19	23	16	8	4	61	10	33	3	75	1	74	17	72	
11	56	14	3	0	35	6	4	3	52	12	41	16	25	
19	10	5	46	12	75	4	68	7	43	
16	9	12	23	8	19	4	55	7	62	14	25	
6	19	0	53	13	59	1	31	19	5	15	14	16	46	11	28	5	4	4	10	
15	45	16	32	4	58	12	19	0	5	13	9	19	59	
7	2	4	39	17	14	10	62	9	68	3	73	1	58	15	66	13	67	14	57	5	27	12	8	
14	5	10	59	7	29	5	53	4	67	15	52	2	13	9	72	13	18	12	63	
8	72	16	46	14	57	2	10	17	51	1	19	5	34	6	55	18	37	0	29	3	40	
12	40	10	19	19	53	0	58	6	16	2	67	15	6	4	12	8	23	
6	66	5	74	9	63	4	47	15	33	3	57	14	19	1	40	11	13	
4	1	2	31	10	36	6	30	13	51	15	69	1	12	18	45	9	2	
1	37	18	2	5	55	7	6	15	31	10	28	19	43	
1	67	18	31	2	55	15	11	0	25	10	7	5	39	9	33	
15	41	0	1	19	70	12	55	3	75	8	61	2	9	
8	35	5	8	17	5	18	40	1	25	6	67	14	56	11	52	15	45	16	12	3	9	
19	13	2	55	3	22	5	21	8	16	9	72	15	14	16	33	18	66	
13	54	3	72	6	44	7	70	19	39	8	26	4	34	
3	65	4	41	5	5	8	52	19	48	13	24	0	6	7	23	11	34	2	20	17	42	9	51	
12	34	13	46	11	11	4	47	17	70	8	1	16	58	7	32	2	25	
14	61	4	42	2	39	9	57	7	46	17	73	
11	24	15	2	18	26	16	12	17	45	6	22	14	48	1	1	5	6	7	32	0	50	
6	62	10	18	2	51	15	43	12	47	19	65	18	58	7	55	14	20	13	68	16	46	
11	45	7	73	6	27	10	21	13	55	1	9	15	12	16	13	5	66	12	57	3	42	
13	43	3	23	5	1	19	66	18	27	
15	62	18	41	13	2	8	53	12	59	6	45	19	60	4	74	
15	17	19	63	11	30	9	28	17	75	4	20	8	65	12	70	
12	19	0	68	19	31	1	23	13	24	8	34	4	15	18	50	17	25	5	61	10	9	9	48	
9	3	11	49	3	29	2	33	19	44	1	70	10	17	17	71	5	64	7	73	8	40	
4	71	8	74	3	6	9	27	17	17	7	60	16	4	10	70	14	53	13	5	19	56	18	22	
9	3	8	47	16	20	6	54	10	64	13	15	4	6	18	34	5	51	2	31	14	58	3	73	
13	32	4	69	12	31	6	37	7	5	8	33	11	74	17	65	19	6	
5	63	3	19	2	72	16	54	14	35	8	58	9	68	13	10	7	30	11	15	
5	40	2	36	0	69	7	74	4	3	19	26	16	16	3	44	11	6	
8	55	10	41	13	2	3	4	18	46	12	32	11	35	1	67	16	13	4	49	
18	27	19	48	14	33	12	34	17	56	13	20	9	11	6	70	7	57	3	5	
9	19	10	2	6	16	11	38	8	35	14	1	7	62	2	64	17	40	19	49	16	74	
9	29	18	39	0	69	13	22	12	4	15	50	6	32	
18	58	2	23	10	14	1	55	14	6	13	36	12	7	7	40	
0	18	9	57	5	6	6	16	12	67	17	21	1	43	7	23	
1	56	15	6	5	8	14	3	17	22	7	71	4	7	10	62	13	26	
13	22	12	30	11	46	5	74	14	4	10	18	18	66	9	49	1	26	
8	24	16	33	9	35	4	13	17	7	1	18	18	17	12	58	6	42	19	66	
11	60	4	15	1	41	15	66	6	62	3	71	16	25	0	26	
13	19	1	32	0	9	14	38	10	69	6	72	3	34	18	10	
6	21	9	67	4	2	8	56	14	43	3	73	19	48	
0	47	9	4	6	48	10	25	8	30	4	64	7	45	16	44	14	40	13	26	11	13	
19	54	1	73	2	6	15	15	5	47	16	12	
16	33	18	14	19	34	7	22	14	73	0	55	
1	20	18	60	12	51	8	65	7	14	4	29	11	7	16	69	9	54	2	73	6	44	17	24	
3	36	0	33	1	64	10	8	11	40	4	20	
8	69	7	36	10	73	9	16	4	34	14	41	
0	69	2	36	9	24	15	48	5	15	8	64	19	34	17	53	1	4	
7	50	19	2	17	61	10	30	0	73	8	36	18	53	2	22	9	62	
17	5	18	39	1	34	11	30	4	65	
3	69	10	11	9	38	8	61	5	55	7	71	
16	46	9	61	1	22	10	52	11	35	14	25	6	26	4	48	13	27	
5	61	15	44	12	56	7	15	2	54	11	65	3	25	1	26	10	2	
13	20	9	25	14	54	8	14	16	26	19	17	2	51	
1	19	3	38	6	75	10	71	14	35	7	18	0	22	16	23	
6	20	5	24	3	17	14	7	15	18	18	34	7	14	
15	12	10	16	13	15	6	60	16	59	11	10	
18	63	4	59	15	40	6	14	17	2	5	22	9	7	
7	33	4	40	2	66	18	45	0	18	15	46	12	65	
9	73	5	19	1	23	10	68	12	57	7	11	
10	72	13	24	3	74	11	44	17	43	4	56	5	34	1	35	0	61	2	12	15	73	8	39	
18	53	13	7	0	69	11	55	17	41	16	2	8	21	15	16	9	30	5	61	
1	71	8	56	2	31	17	10	14	34	7	9	10	70	13	62	
3	75	10	73	16	70	6	72	18	40	5	52	11	25	2	51	
2	6	12	59	8	26	11	24	5	32	
8	36	3	42	17	15	15	62	12	52	0	5	19	69	18	44	13	48	10	31	
14	41	2	9	6	36	13	71	8	25	5	61	17	6	0	42	11	55	10	53	15	38	1	32	
7	39	16	8	0	71	17	29	2	43	1	61	14	56	9	72	18	21	15	15	3	55	19	70	
15	57	10	56	6	18	5	67	12	12	
8	43	3	74	0	37	2	11	7	70	4	41	11	12	13	65	15	5	
8	61	2	19	13	4	14	73	11	7	16	57	9	14	12	34	10	18	19	33	
15	65	6	25	7	15	12	32	11	64	4	52	18	35	
14	42	18	74	15	28	19	25	6	35	1	20	
4	2	12	18	1	47	17	38	8	68	10	4	3	28	
4	66	0	21	11	51	16	38	8	31	12	7	7	25	17	48	6	43	5	68	
19	58	11	2	18	65	15	61	2	8	7	12	16	20	0	59	12	54	
18	35	8	22	16	17	1	34	14	4	13	3	0	49	
7	33	9	28	5	16	11	66	10	62	3	1	6	74	4	36	
1	26	10	6	17	34	0	55	16	74	4	30	15	51	
3	60	7	64	17	42	14	52	11	70	9	50	5	65	15	47	6	32	1	16	
19	56	15	75	10	12	8	54	12	31	0	44	6	10	3	20	
18	41	14	34	1	57	9	24	17	27	16	6	2	66	13	55	
12	50	13	69	8	38	0	67	17	66	14	57	6	6	19	10	1	22	2	55	3	2	16	31	
17	14	7	19	15	66	16	52	4	40	
4	54	14	34	6	45	2	57	19	2	9	32	18	37	5	9	11	21	3	41	
6	25	4	2	8	39	5	6	10	44	18	15	3	26	9	59	15	10	
16	6	8	43	2	56	17	27	11	55	14	51	19	22	13	9	18	25	7	74	6	52	
16	17	11	13	15	10	14	25	1	32	17	44	10	65	4	21	6	30	7	38	8	28	
5	41	13	33	2	71	16	9	3	15	
6	39	5	9	14	32	17	12	16	56	4	42	
6	5	11	25	3	27	15	54	1	9	9	33	16	40	0	56	13	16	18	65	
9	35	2	61	4	20	8	29	7	40	19	5	15	24	14	45	10	2	16	28	3	19	
10	37	7	52	11	13	16	62	19	73	9	20	2	11	13	57	15	66	
8	61	19	52	11	67	2	70	3	11	12	9	13	8	1	12	
2	10	12	14	19	23	6	33	11	47	3	3	10	60	14	66	
2	12	0	32	12	60	17	18	14	48	18	35	8	45	16	10	
16	19	4	65	13	35	6	31	1	10	3	37	7	64	10	68	
11	46	14	60	4	62	16	7	15	61	10	27	19	20	1	35	5	12	
8	73	14	8	6	37	18	53	7	11	0	9	
8	17	7	59	10	47	0	46	9	61	19	26	1	1	2	11	4	18	13	3	6	28	14	57	
7	47	0	74	8	75	4	7	11	11	9	18	10	45	18	4	3	51	5	34	12	66	17	56	
18	44	4	31	12	15	16	45	19	11	13	75	1	22	
12	22	0	20	14	3	18	7	6	10	11	65	10	60	13	55	
12	32	17	17	7	36	2	11	18	70	8	64	1	51	10	39	15	54	0	57	14	29	19	25	
19	10	13	64	7	19	2	46	3	71	8	17	
13	58	3	38	7	39	6	72	11	22	9	65	8	3	14	14	4	21	12	47	1	56	16	59	
10	37	18	75	4	65	5	16	14	57	7	21	
19	65	12	4	17	59	1	47	7	10	13	35	16	38	15	12	9	40	8	20	11	62	
18	61	8	55	3	19	6	52	15	67	0	44	11	60	
16	47	14	59	2	27	9	60	3	28	4	63	8	31	5	7	17	42	18	12	1	40	
17	26	0	8	12	4	11	17	2	27	1	61	
12	51	4	55	1	30	17	74	5	45	18	29	7	69	19	1	16	22	15	56	2	41	
6	18	1	4	10	5	11	32	15	35	18	44	9	38	2	9	4	60	0	54	
6	41	7	50	14	46	17	23	1	36	
17	14	15	37	12	18	11	40	7	64	
3	37	4	13	2	68	9	30	19	66	11	22	12	38	18	8	6	31	
4	39	2	37	13	17	8	47	1	64	15	1	7	49	10	67	12	42	
3	3	8	19	9	6	18	17	16	44	
14	10	11	48	17	56	15	69	6	74	18	35	
14	22	11	32	18	67	13	41	7	45	4	4	9	74	17	19	3	31	
19	68	12	62	1	30	2	21	0	69	17	24	13	15	

All component type numbers for each job to be processed by MFPM
1	5	0	21	5	11	
6	48	3	46	0	37	
4	18	
5	41	1	40	
3	24	9	15	1	19	8	6	
2	29	3	26	5	45	
6	7	
5	37	6	30	0	42	
3	3	7	22	8	13	0	4	
3	27	
0	8	2	21	
7	47	
5	10	7	1	
5	34	
4	20	8	14	
9	27	
0	1	1	16	7	25	4	19	5	23	
8	35	7	34	1	50	
1	4	9	5	4	10	0	12	8	11	
3	32	7	36	8	49	2	43	9	50	
7	13	5	2	
7	41	4	37	0	32	2	44	5	49	
9	20	
6	47	9	34	
0	20	2	22	9	19	
9	29	1	37	7	50	0	33	
4	16	
8	38	
7	15	
0	35	8	40	5	47	9	45	7	46	
8	5	3	16	
6	30	7	38	
9	22	2	18	1	17	
9	26	5	34	6	28	
5	16	4	19	9	22	1	12	2	9	
3	29	8	36	
8	24	
3	37	1	36	6	41	8	45	
7	16	0	19	
5	31	6	26	1	35	7	36	
7	6	1	2	6	12	9	1	0	16	
1	49	0	27	
9	2	4	3	1	17	
1	49	
1	10	6	16	8	22	
4	30	9	43	3	44	1	26	2	33	
3	23	2	16	0	7	9	22	
9	26	1	42	
0	12	9	3	1	6	3	1	8	13	
6	42	
8	25	1	19	6	22	5	2	
0	30	1	29	3	50	5	42	
9	4	1	25	
6	47	9	37	4	45	2	49	
7	6	3	18	
6	26	
4	8	5	23	3	21	6	1	1	5	
8	46	
5	23	9	14	
2	49	7	27	
6	20	5	22	3	5	1	7	9	8	
1	39	9	26	
9	7	
7	46	9	47	
0	25	6	13	
1	36	2	49	9	33	
4	14	5	22	1	17	3	4	8	20	
5	32	2	38	9	27	3	44	6	30	
4	17	0	25	6	11	8	9	
5	32	0	37	4	38	1	41	7	49	
1	7	0	3	7	10	3	13	8	20	
8	45	5	42	
1	5	
9	35	3	30	1	29	8	28	0	49	
5	21	3	16	7	5	4	20	6	8	
2	50	1	42	5	31	3	29	0	33	
2	9	6	11	1	16	
6	33	3	45	4	32	7	34	2	42	
1	14	2	7	
3	47	
5	18	3	19	9	5	2	21	1	3	
9	44	4	39	5	31	1	29	
3	10	6	13	
5	28	0	32	
1	16	0	23	7	20	3	6	8	1	
0	46	8	36	5	44	9	35	2	27	
9	24	8	23	2	11	
2	34	9	33	
8	7	5	15	4	14	
5	40	9	41	0	45	7	37	6	34	
6	22	4	25	5	23	3	21	
8	49	5	38	6	47	
9	5	5	22	4	20	7	24	
7	32	4	38	9	36	
3	20	
3	32	1	50	9	35	7	48	6	27	
8	22	0	14	9	21	
3	48	4	32	1	43	2	50	0	36	
1	16	9	24	4	2	
4	42	9	46	5	28	3	50	
7	25	3	19	8	22	
6	28	8	35	5	49	7	32	3	29	
7	24	3	12	2	13	5	3	
6	38	
2	23	5	19	
6	41	2	48	3	35	7	44	
4	3	
6	33	2	31	4	26	9	46	
4	22	9	4	0	3	2	11	1	16	
2	49	5	37	0	38	
2	1	7	23	0	2	
6	45	3	41	4	42	9	47	1	37	
7	22	0	13	4	8	8	18	3	20	
1	35	2	40	4	50	
7	12	
6	36	7	29	2	42	0	41	4	39	
8	11	1	2	5	4	7	10	2	15	
7	41	1	39	2	28	3	36	
0	5	
9	48	
9	14	0	3	
3	50	7	42	1	26	
0	2	7	5	8	6	
0	33	4	38	
0	16	7	20	2	10	8	19	6	14	
1	50	8	42	0	26	
7	9	6	20	5	1	1	3	
1	32	3	30	
8	10	9	12	
7	41	0	26	4	31	6	27	
0	5	5	4	
3	50	4	29	0	28	8	33	
6	9	3	24	
2	47	3	46	9	45	
1	4	8	16	6	3	3	19	5	17	
2	49	5	26	4	32	8	46	1	37	
0	21	1	13	3	5	9	24	7	20	
9	50	
8	3	3	10	0	16	
3	46	8	49	2	26	7	28	9	50	
8	16	6	13	1	19	
0	40	6	33	8	29	
6	3	
8	50	2	37	3	49	0	34	9	47	
8	6	4	9	6	5	9	4	
6	43	0	39	7	34	9	36	
7	10	8	4	1	23	4	18	
9	43	5	38	6	32	
7	6	0	20	3	1	
3	31	5	47	1	35	
9	19	8	14	6	17	
8	31	
4	9	2	4	7	21	8	13	3	11	
5	26	
8	10	
8	48	0	50	1	26	2	49	7	37	
7	16	3	3	1	6	2	17	4	23	
3	27	
8	19	
9	31	
5	17	
3	38	0	28	
3	11	1	20	
8	47	
2	8	8	3	6	14	
1	49	
2	23	0	3	8	10	
8	49	9	38	2	30	0	35	7	41	
9	7	8	6	
1	31	5	48	8	40	6	43	7	38	
1	6	3	2	
8	44	1	39	0	35	
2	16	3	14	5	10	9	25	1	22	
1	42	
1	5	5	24	2	6	
6	28	0	33	3	41	1	48	
1	12	
5	40	1	32	
5	21	2	14	7	3	8	12	
2	26	8	39	9	47	
7	16	6	2	8	9	
6	29	1	49	4	32	0	26	
3	6	9	18	5	5	6	19	
3	28	2	39	8	44	7	36	
2	6	5	10	0	11	1	12	
1	43	8	27	7	47	
9	8	
0	27	8	41	5	28	1	32	9	45	
2	7	1	5	
4	26	2	40	8	39	
2	24	0	18	
8	49	9	48	7	38	2	26	
0	22	3	2	4	16	6	6	
6	49	5	36	8	46	
5	4	
5	45	
6	21	3	25	9	13	5	14	
3	41	6	47	2	32	0	48	
2	21	
6	32	
6	9	9	14	4	1	0	10	1	20	
0	47	9	31	
6	5	3	20	
9	32	
0	12	3	6	6	7	4	21	8	14	
2	44	8	46	
5	25	1	22	4	8	2	19	7	21	
3	26	7	41	
4	20	9	9	7	7	6	22	
0	33	
2	12	1	22	0	17	3	19	
2	40	
4	6	3	10	0	14	9	12	7	5	
1	33	3	42	0	37	
8	3	
5	34	
1	20	
4	29	0	28	5	38	
4	1	8	12	7	8	9	20	0	14	
4	29	9	32	1	38	
3	3	1	19	
5	44	
7	8	6	25	
7	41	
6	22	8	13	9	17	
9	27	1	41	8	44	4	39	0	31	
0	12	
1	39	0	50	5	41	7	45	6	28	
8	4	3	12	6	1	
5	49	8	30	9	31	7	43	
3	24	7	4	5	3	8	17	0	16	
2	28	
4	15	1	17	3	3	
7	40	1	33	6	26	3	39	9	41	
5	20	8	23	3	17	2	8	
8	27	4	34	9	30	
8	21	9	7	4	19	
6	45	5	34	4	49	1	47	8	48	
0	25	7	13	
5	33	1	37	4	31	9	29	
8	16	9	17	2	23	7	9	5	5	
8	37	4	32	
6	12	8	23	
6	44	2	49	0	39	9	30	
1	14	6	10	2	25	5	1	3	23	
1	34	7	40	0	48	
7	6	
8	36	0	43	
4	14	0	13	
8	32	
7	4	3	5	5	3	9	7	
1	34	6	38	4	40	7	44	
0	24	2	19	9	9	
2	35	1	40	6	50	5	38	
8	22	5	19	6	14	
3	33	9	50	8	46	
8	2	
3	27	5	45	
9	22	3	20	5	12	1	3	
9	48	4	30	6	29	
6	8	7	22	3	20	5	17	4	15	
2	37	3	35	1	47	
7	15	3	18	2	17	0	22	5	9	
9	47	1	35	8	30	
2	18	
7	46	
9	14	5	12	8	10	2	2	3	8	
9	43	8	31	2	30	
4	22	
6	44	7	39	
4	22	9	19	3	24	
7	26	
0	22	1	13	
4	47	6	35	5	49	9	31	
9	21	0	14	7	4	
3	41	
7	23	4	18	0	1	5	10	9	6	
5	32	9	30	
5	10	2	11	0	2	3	14	
5	44	9	36	0	49	
7	1	
9	41	3	49	6	44	
6	15	0	5	2	25	3	8	7	9	
3	28	7	31	6	41	2	34	
2	14	
5	44	3	30	8	37	6	38	9	47	
6	3	
2	26	7	37	
8	20	7	2	
9	45	8	26	2	49	7	38	5	46	
3	18	2	16	7	6	5	12	1	13	
1	48	
9	19	0	9	
2	36	
7	7	
1	47	4	42	
5	13	9	9	7	6	
0	30	8	49	1	47	
5	17	
8	40	0	28	5	41	1	47	3	46	
6	10	0	21	4	18	
7	33	8	34	0	30	4	43	6	39	
7	7	8	24	9	11	
9	35	
0	7	1	11	7	23	
3	45	5	41	8	39	
1	18	6	4	9	12	
6	34	
4	13	9	6	5	3	
2	43	6	27	8	50	4	32	
4	9	0	3	6	23	8	21	
9	49	4	42	0	46	
6	5	7	1	
9	50	5	41	3	37	8	44	6	32	
0	16	7	12	8	21	4	17	
1	31	6	28	2	50	7	29	5	38	
8	5	4	18	9	22	0	7	
7	26	4	28	
6	15	4	24	
0	37	
4	18	
4	40	
2	6	9	9	8	10	3	18	0	17	
4	41	
1	9	3	19	5	23	9	4	
1	33	5	47	7	28	
6	20	8	8	4	11	0	9	1	17	
8	33	1	29	4	42	
6	15	
1	41	8	26	4	29	
8	4	5	22	6	12	3	19	
3	49	0	46	9	30	4	50	
2	12	6	2	9	11	
0	38	9	27	3	34	
2	21	5	9	7	22	1	1	4	16	
0	44	
8	13	1	12	2	25	5	20	0	19	
1	46	5	28	8	31	4	50	2	40	
3	19	2	3	7	9	1	22	
4	38	3	28	8	44	1	32	5	29	
8	17	4	21	
0	49	
8	4	9	16	3	22	2	2	6	6	
4	44	5	43	3	26	
6	19	
5	44	7	43	4	45	8	31	
6	19	9	20	0	24	7	8	8	22	
0	43	7	39	3	38	
5	25	0	8	9	12	4	20	7	17	
3	29	
3	18	1	17	
8	39	7	49	3	27	
6	7	2	22	7	13	5	9	
1	37	5	46	6	28	2	38	
4	13	5	3	8	5	0	22	9	18	
2	40	
6	7	4	8	7	24	3	12	2	4	
1	28	0	48	9	29	8	49	5	34	
1	9	
2	34	0	41	9	47	8	30	6	42	
1	9	
1	33	4	49	
9	11	5	10	
3	45	6	29	1	32	7	28	4	27	
8	17	6	11	9	2	
4	44	8	38	3	40	7	29	
2	20	8	23	6	3	3	12	4	9	
0	47	6	28	3	32	2	48	8	46	
1	3	4	12	5	19	
6	41	2	34	
1	7	7	13	3	22	
9	46	5	43	0	31	4	33	2	44	
4	20	8	9	1	14	3	10	
7	47	
7	5	3	19	1	18	9	11	
4	37	6	31	
0	24	6	14	3	18	7	11	
8	47	1	33	9	42	
4	25	3	24	5	12	0	20	
9	36	2	45	3	33	
6	1	7	3	9	2	
0	33	
2	13	1	8	5	12	
7	30	
5	6	
9	40	8	41	
0	20	1	21	7	2	4	7	9	6	
2	36	9	41	4	26	
5	16	2	24	
4	42	
1	3	7	10	4	19	5	11	
3	29	2	33	
1	2	3	15	7	24	9	3	
9	35	7	26	4	27	2	40	
7	1	
7	46	4	41	
6	5	7	6	
1	41	6	43	
4	22	6	2	7	15	8	9	
6	27	1	45	0	48	

Three processing times per job on each machine
The best scenario
152	472	249	
219	198	236	
199	286	249	
146	225	94	
187	276	216	
117	48	74	
146	227	168	
85	72	86	
219	484	75	
108	36	31	
73	218	93	
71	58	52	
21	61	36	
179	142	166	
81	24	35	
494	205	100	
129	207	258	
300	419	128	
67	31	27	
224	186	259	
131	150	233	
24	40	53	
133	295	577	
121	210	274	
212	168	184	
237	65	175	
241	469	507	
189	302	307	
433	505	320	
67	56	36	
60	201	239	
105	302	185	
66	36	34	
146	202	66	
315	331	287	
204	377	201	
223	183	226	
123	75	161	
141	230	328	
46	108	125	
185	48	93	
153	93	76	
167	268	258	
131	94	65	
45	33	20	
180	352	147	
185	108	55	
275	248	105	
80	45	128	
217	178	247	
106	149	86	
266	149	299	
107	103	121	
302	216	447	
64	40	56	
58	27	48	
231	237	137	
92	19	77	
291	160	276	
95	170	50	
249	70	185	
231	314	158	
88	96	74	
505	417	223	
102	138	49	
289	165	111	
175	227	93	
66	271	85	
116	120	404	
88	42	120	
217	189	217	
199	172	231	
279	283	201	
175	274	212	
166	266	165	
160	352	401	
82	135	136	
336	237	234	
83	46	59	
73	303	150	
84	48	65	
122	62	82	
105	95	193	
82	99	53	
330	190	175	
158	114	65	
292	301	297	
115	157	110	
284	134	278	
79	19	56	
125	123	257	
28	19	19	
300	256	192	
68	149	259	
85	58	53	
66	55	32	
39	38	55	
309	225	353	
43	46	82	
19	40	109	
22	21	36	
165	184	204	
34	30	39	
56	128	150	
326	182	126	
167	193	146	
358	128	224	
83	88	53	
22	110	91	
131	297	183	
119	135	246	
195	321	216	
357	213	108	
140	394	219	
146	158	243	
43	33	45	
175	57	153	
103	133	37	
74	84	139	
326	501	345	
62	40	31	
223	265	226	
67	96	28	
58	81	84	
41	68	23	
301	202	285	
290	80	299	
159	215	287	
90	167	219	
140	197	272	
40	105	70	
101	177	262	
112	45	52	
79	202	77	
221	155	172	
63	51	54	
39	35	109	
207	65	80	
120	99	176	
213	168	266	
81	165	239	
79	73	36	
150	411	140	
160	131	100	
72	80	118	
48	174	189	
34	66	65	
119	112	110	
57	28	26	
280	176	65	
69	93	40	
198	76	250	
133	142	99	
202	328	212	
332	99	412	
66	48	81	
213	366	241	
136	134	363	
57	14	26	
77	161	128	
185	353	460	
315	217	457	
118	133	324	
195	190	398	
163	235	310	
313	302	236	
428	236	98	
84	186	165	
94	93	146	
109	240	247	
145	120	67	
214	111	115	
146	261	170	
52	41	37	
22	38	41	
32	67	69	
330	371	253	
93	53	25	
227	111	50	
35	89	44	
244	256	125	
42	23	108	
353	456	100	
47	41	91	
249	152	170	
74	146	162	
119	70	87	
270	313	467	
305	102	106	
258	328	215	
354	302	150	
140	99	356	
321	270	304	
217	85	168	
359	284	295	
124	123	106	
178	261	125	
47	129	84	
110	97	151	
52	33	25	
Most likely scenario
191	532	315	
369	266	429	
355	390	386	
265	254	163	
247	376	270	
135	79	135	
218	277	333	
133	141	151	
292	489	141	
115	59	41	
74	225	100	
79	92	72	
32	89	37	
183	247	293	
98	46	66	
532	313	196	
231	380	278	
560	479	233	
75	32	30	
281	350	355	
240	236	375	
25	56	80	
185	411	601	
160	316	398	
282	247	244	
269	94	338	
304	536	544	
206	512	478	
498	567	600	
127	78	58	
113	272	298	
204	310	320	
67	51	57	
219	283	114	
460	420	350	
371	399	232	
329	203	280	
143	108	265	
156	336	362	
68	161	169	
204	93	119	
156	155	139	
173	313	410	
151	95	101	
50	49	32	
360	538	235	
216	119	73	
387	281	127	
117	61	140	
423	214	339	
185	152	142	
367	190	338	
112	136	139	
347	227	576	
70	73	91	
87	54	68	
267	338	240	
95	36	93	
410	178	500	
171	224	71	
284	134	350	
308	446	210	
118	117	147	
527	569	416	
115	214	96	
411	221	141	
265	361	123	
132	341	161	
218	171	457	
147	69	176	
244	344	256	
374	268	357	
285	285	250	
322	283	314	
258	384	224	
185	627	505	
93	167	185	
381	425	240	
98	53	72	
136	343	245	
150	58	101	
193	109	146	
144	189	226	
92	115	87	
389	262	186	
201	122	86	
456	451	533	
202	158	124	
357	214	307	
102	36	78	
203	126	300	
40	37	28	
399	498	196	
124	265	470	
121	87	93	
82	56	56	
42	56	62	
606	367	365	
54	48	131	
33	54	117	
37	33	43	
179	363	205	
61	56	43	
90	171	201	
342	341	228	
319	247	164	
383	217	264	
88	154	55	
44	134	143	
214	309	290	
154	255	249	
198	377	250	
462	407	148	
172	529	387	
175	171	265	
44	42	60	
218	97	194	
143	138	62	
148	158	156	
359	611	387	
65	63	40	
423	450	236	
77	102	46	
79	124	153	
51	85	34	
305	216	321	
478	138	316	
291	221	305	
151	219	242	
262	322	404	
66	154	85	
105	190	271	
145	70	69	
148	290	100	
224	202	275	
68	81	55	
40	41	120	
209	76	146	
184	106	201	
380	316	376	
105	199	250	
98	76	49	
152	526	242	
177	259	113	
93	99	122	
78	232	204	
53	70	84	
168	154	153	
80	43	50	
362	271	115	
90	139	66	
309	123	368	
135	243	135	
307	511	310	
408	179	439	
86	55	99	
347	368	348	
163	237	498	
97	26	29	
152	162	134	
358	409	488	
425	316	598	
142	136	387	
224	294	456	
173	392	311	
484	536	309	
445	286	137	
143	250	268	
95	113	206	
166	425	358	
172	178	112	
289	181	151	
277	431	253	
71	52	66	
31	39	74	
46	103	79	
337	447	292	
98	93	40	
331	115	89	
66	167	83	
270	426	194	
80	32	110	
550	468	143	
83	69	131	
376	274	304	
81	291	258	
164	92	91	
503	373	486	
308	114	191	
296	461	336	
525	547	219	
143	194	449	
336	427	376	
218	145	217	
570	376	460	
165	153	139	
221	316	196	
73	148	115	
119	164	191	
57	38	38	
The worst scenario
258	596	392	
425	291	442	
365	499	442	
310	301	196	
339	551	328	
174	93	163	
303	357	366	
135	179	194	
415	675	183	
132	79	59	
84	252	114	
85	126	107	
45	95	48	
273	337	417	
103	67	98	
768	446	240	
274	511	299	
598	664	316	
76	33	32	
421	361	445	
312	294	377	
27	80	118	
268	517	864	
235	424	438	
292	366	295	
339	120	478	
390	602	578	
243	663	568	
609	690	850	
131	115	61	
161	299	299	
211	355	469	
96	70	63	
239	403	126	
575	579	408	
537	508	279	
410	213	340	
213	136	338	
190	423	485	
94	216	194	
302	127	146	
180	193	166	
204	325	432	
174	127	144	
71	52	48	
410	609	292	
251	127	87	
435	404	179	
147	65	146	
621	247	425	
249	186	143	
546	209	441	
113	192	142	
494	274	615	
92	91	135	
88	79	80	
330	494	310	
101	50	128	
521	217	727	
186	255	79	
365	154	469	
433	480	241	
176	159	169	
586	790	465	
166	283	98	
433	237	146	
299	410	168	
154	452	198	
305	219	543	
190	83	252	
347	471	379	
455	372	379	
383	376	307	
328	325	393	
343	542	256	
188	816	528	
96	230	201	
441	428	243	
107	54	74	
161	388	348	
218	67	147	
215	117	149	
205	266	320	
94	155	89	
496	368	272	
265	161	105	
643	486	730	
275	200	140	
533	273	349	
133	52	109	
246	140	423	
44	41	29	
571	557	238	
163	379	564	
149	93	128	
123	69	58	
54	75	75	
818	476	449	
57	50	168	
47	65	171	
43	47	51	
244	494	257	
63	71	51	
103	201	290	
502	374	264	
365	265	236	
478	258	389	
122	170	81	
59	157	167	
280	428	404	
172	314	309	
224	504	321	
637	565	177	
219	728	555	
194	209	331	
65	58	76	
313	144	280	
166	148	64	
157	208	222	
399	806	398	
78	66	58	
565	666	353	
112	150	47	
94	144	199	
56	120	44	
335	311	457	
499	162	465	
373	223	382	
212	306	332	
276	409	598	
83	175	95	
150	274	293	
213	73	82	
198	374	142	
301	294	315	
102	119	65	
42	52	130	
248	114	180	
235	155	295	
529	455	399	
142	205	348	
134	95	54	
210	540	280	
182	353	131	
127	108	173	
104	328	268	
67	96	110	
202	214	159	
99	64	67	
523	364	162	
108	166	96	
346	165	377	
179	275	138	
416	566	344	
592	268	533	
98	82	139	
405	375	482	
204	239	627	
140	27	41	
216	170	175	
455	595	677	
546	391	816	
211	173	467	
312	338	525	
189	514	457	
493	716	377	
489	402	145	
186	329	282	
125	116	215	
169	439	526	
254	253	123	
379	197	164	
363	527	353	
94	76	75	
32	51	104	
52	129	107	
445	600	435	
144	114	59	
356	124	99	
77	217	99	
364	486	270	
117	40	118	
662	577	180	
117	78	192	
555	385	322	
115	396	349	
240	99	122	
725	505	566	
375	151	199	
434	584	497	
728	556	255	
200	202	542	
379	453	528	
260	168	308	
746	551	493	
225	200	166	
270	384	229	
95	173	158	
155	184	265	
85	51	51	
