Factories	2	Jobs	150	Machines	2

Total number of component types per job processed by HSPM
6	7	10	10	10	6	7	6	8	9	11	9	6	9	7	12	7	12	7	5	7	11	5	11	10	9	6	9	10	9	5	7	9	7	7	5	11	10	7	9	7	8	11	11	8	11	7	7	7	10	8	11	12	11	11	10	5	8	7	8	5	7	9	7	8	6	6	9	6	7	6	7	7	8	7	9	6	6	8	7	9	12	7	8	8	6	5	8	11	11	8	7	9	11	9	8	6	5	8	7	12	11	12	7	6	10	7	11	9	5	10	11	12	9	5	10	10	6	9	5	5	12	10	6	5	5	7	10	9	10	11	7	5	9	9	11	5	12	12	9	8	5	5	5	9	9	8	10	10	11	

Total number of component types per job processed by MFPM
5	5	2	3	4	3	2	5	3	3	5	2	3	3	1	2	1	1	1	3	1	3	3	3	1	5	4	3	1	2	1	2	3	1	2	3	5	4	4	3	1	3	3	4	2	4	2	4	2	2	1	5	2	3	4	1	4	2	4	5	2	3	5	3	5	4	5	2	3	5	4	1	2	2	4	5	5	4	5	1	4	4	3	1	3	1	5	3	1	4	2	1	1	3	4	5	2	2	5	5	3	1	4	4	2	3	4	3	1	5	5	3	3	2	5	5	4	4	3	3	5	4	4	1	2	5	3	2	5	3	3	2	2	4	3	1	5	5	5	4	1	4	1	2	4	2	2	2	5	1	

All component type numbers for each job to be processed by HSPM
10	49	12	34	9	51	3	59	18	42	16	6	
0	16	1	12	12	43	7	31	19	3	3	45	2	72	
3	10	17	38	8	54	10	1	15	56	11	8	14	30	0	43	13	26	12	37	
7	4	17	75	19	58	15	68	18	45	11	34	14	71	16	62	13	73	3	40	
4	15	9	19	17	41	6	20	18	56	3	30	12	17	14	39	15	40	11	35	
16	19	6	57	8	34	13	20	18	23	0	21	
1	63	9	17	4	65	8	22	14	26	5	46	7	35	
11	61	9	32	5	15	18	56	3	31	4	16	
4	38	0	12	17	56	1	42	15	54	16	41	3	71	14	44	
9	39	19	66	14	6	0	2	6	16	12	11	4	14	13	1	17	32	
8	59	14	40	5	8	11	31	9	28	3	22	0	57	10	14	1	16	4	52	6	35	
14	72	18	22	4	33	9	19	0	34	19	54	16	56	8	44	7	21	
1	20	10	15	8	10	16	63	6	26	17	33	
0	28	18	3	8	34	10	4	12	73	15	54	9	74	16	70	7	18	
9	35	5	22	13	9	7	24	11	65	2	40	8	54	
0	54	8	68	6	1	5	75	18	38	13	71	10	35	3	24	15	31	4	52	9	11	16	5	
0	45	14	49	6	25	12	58	4	23	17	6	2	71	
19	40	13	66	5	25	16	7	18	64	11	2	6	49	12	35	2	52	0	20	14	65	1	67	
16	9	14	10	17	16	18	29	13	22	9	24	10	44	
11	23	12	48	16	63	17	37	15	59	
11	23	1	18	15	45	12	5	5	48	8	64	14	8	
7	35	3	37	16	74	9	3	15	72	1	73	14	67	10	8	4	57	12	25	8	61	
3	46	9	63	10	69	18	7	12	28	
15	42	12	21	2	74	19	34	17	68	18	54	8	18	16	49	11	32	0	58	3	51	
14	44	19	24	16	51	11	19	13	75	6	4	1	5	18	73	0	37	9	32	
9	52	10	75	2	54	14	62	16	11	18	27	13	60	6	39	12	55	
0	20	16	11	5	7	3	68	11	32	10	54	
0	14	3	61	11	12	7	72	15	39	2	30	16	6	17	22	6	60	
2	12	15	47	11	20	10	48	6	62	16	32	14	53	13	9	8	56	3	38	
3	42	15	35	6	39	9	21	18	9	5	56	12	67	16	58	14	49	
6	53	18	55	16	3	12	67	19	54	
10	40	9	16	5	37	4	21	16	65	15	67	13	27	
7	61	0	10	19	66	12	29	9	5	13	33	15	12	8	69	11	52	
13	46	8	55	5	29	6	52	17	75	7	63	4	53	
8	13	5	5	3	62	0	31	16	41	7	9	11	16	
17	60	16	38	9	53	19	75	14	51	
3	22	19	52	1	4	13	51	4	68	15	41	17	70	16	31	5	67	2	8	7	46	
15	53	5	32	3	19	6	67	2	17	4	29	7	60	11	33	1	4	16	75	
8	62	18	1	3	59	12	50	5	38	11	6	16	71	
4	74	15	49	19	3	18	13	2	71	9	63	12	69	8	30	17	26	
3	52	8	22	9	65	13	11	4	44	12	23	19	6	
6	60	19	19	3	1	4	6	10	25	18	66	8	10	7	47	
17	13	19	50	10	71	0	46	7	52	5	40	6	16	13	48	3	10	12	68	2	75	
1	27	11	32	16	2	6	15	9	52	8	54	0	6	18	56	15	71	4	25	7	30	
11	15	16	30	9	70	18	24	3	31	7	69	0	25	5	37	
9	1	2	13	5	21	14	6	1	19	18	46	16	57	15	56	7	29	11	49	10	17	
11	20	12	29	2	62	17	64	10	54	7	51	5	71	
1	27	6	66	4	67	18	18	13	62	8	25	15	14	
8	54	9	28	0	16	5	17	15	68	4	15	2	12	
19	59	15	36	7	56	13	35	11	25	3	13	6	11	1	22	9	50	8	57	
12	65	8	22	3	5	10	8	16	60	5	29	14	39	2	64	
19	2	11	32	8	11	0	51	2	22	9	71	10	9	4	47	18	28	5	29	1	52	
3	27	12	49	13	11	8	28	18	75	17	54	1	63	19	15	16	33	10	50	9	68	4	31	
9	25	13	60	16	20	17	1	8	29	5	8	0	64	7	68	18	58	4	56	3	61	
10	23	8	3	11	32	14	52	17	15	6	41	5	51	9	57	16	68	3	30	7	54	
15	33	4	2	14	56	9	71	18	11	2	45	1	64	12	74	3	38	8	55	
1	11	0	41	19	12	13	55	16	2	
7	68	2	32	15	14	8	43	12	75	5	26	10	22	18	29	
5	64	11	50	4	17	10	70	6	75	12	10	14	26	
11	69	17	41	5	28	13	57	19	70	15	62	14	55	4	25	
12	18	13	14	9	45	6	42	3	5	
4	70	8	32	5	72	15	2	12	27	19	54	16	49	
2	42	13	15	11	33	4	55	9	25	0	48	10	74	18	10	14	49	
18	22	4	51	13	41	16	7	8	45	14	55	0	56	
7	61	18	5	14	60	17	65	8	55	0	2	2	63	5	39	
13	62	1	48	14	19	5	40	17	16	18	22	
9	68	1	56	4	23	14	4	12	10	16	44	
13	69	14	12	8	28	0	64	9	73	17	4	1	74	5	24	12	25	
5	75	8	49	4	68	3	2	9	42	2	69	
19	39	11	48	14	74	18	28	12	41	6	24	17	52	
0	20	15	13	6	37	11	2	5	68	16	29	
17	64	16	65	12	32	6	52	11	37	0	45	3	56	
19	35	4	53	18	67	5	58	15	38	11	21	8	43	
16	2	3	14	7	3	6	15	10	37	18	52	14	36	2	65	
0	21	8	8	3	4	18	16	19	42	12	53	4	59	
7	56	15	5	11	7	10	50	4	51	17	11	1	23	5	74	3	45	
7	8	5	68	6	44	0	60	3	25	11	66	
10	35	5	26	1	19	12	69	3	53	7	48	
3	61	10	30	2	71	18	15	0	64	19	6	16	28	8	3	
4	51	16	4	10	8	9	52	18	70	12	6	8	56	
4	25	1	30	18	20	10	57	15	49	12	74	13	65	11	31	6	12	
4	6	7	59	13	65	1	29	8	18	12	68	17	21	16	13	14	30	9	17	10	35	18	47	
8	36	6	37	9	57	18	28	5	24	12	47	15	2	
17	49	3	34	7	55	8	20	15	37	14	56	4	14	6	62	
10	20	19	16	2	9	8	64	1	21	15	28	11	53	6	67	
12	72	3	39	2	45	16	50	18	57	7	15	
5	12	0	17	4	51	13	49	18	3	
18	23	15	1	13	4	16	59	7	12	0	58	10	27	6	14	
5	40	15	50	3	29	14	23	1	20	13	49	0	59	16	4	7	70	6	3	17	72	
10	71	17	43	16	14	18	50	1	61	15	20	0	16	13	17	6	35	7	69	9	32	
8	57	18	36	7	11	5	73	17	40	2	22	12	1	11	70	
6	30	15	25	18	45	12	10	13	62	14	5	11	12	
14	57	13	69	8	12	17	1	5	27	12	59	18	22	2	3	10	67	
0	44	1	25	19	8	13	6	3	61	16	19	7	36	2	45	5	63	6	30	8	3	
17	3	7	66	8	22	3	39	6	64	15	15	16	25	1	16	13	24	
3	58	7	72	17	51	8	7	19	14	5	12	13	30	4	11	
11	42	5	52	16	30	15	39	17	50	2	24	
5	3	19	71	9	61	12	19	10	13	
17	42	14	31	0	15	2	62	12	57	1	24	11	19	16	45	
5	8	2	72	9	67	4	30	6	70	3	4	7	47	
8	53	16	46	1	74	12	51	18	2	4	28	15	55	5	13	17	66	10	38	14	63	7	50	
11	10	16	47	14	21	9	72	10	13	1	53	7	75	17	28	4	58	2	66	13	41	
1	57	11	31	10	1	6	56	19	27	12	22	7	17	5	26	2	55	14	72	16	74	0	2	
12	10	9	59	13	53	18	66	10	62	5	37	14	50	
0	51	17	75	3	37	2	61	11	34	14	53	
4	70	1	49	6	23	2	45	8	57	10	37	18	21	3	69	19	32	12	3	
2	48	13	66	18	30	5	33	3	64	14	63	4	70	
9	32	12	62	2	25	17	17	7	11	1	43	0	46	16	73	10	37	8	64	18	47	
1	32	9	39	6	34	2	26	18	44	16	17	0	13	14	28	13	43	
6	6	3	26	0	68	8	74	15	19	
9	49	5	8	10	9	13	20	15	47	1	38	2	26	17	11	18	44	6	65	
5	28	17	71	15	52	8	10	19	47	7	34	13	38	11	25	9	51	16	27	14	67	
0	62	12	17	18	37	1	46	4	39	6	29	2	8	13	26	5	24	15	61	17	36	3	66	
17	33	12	66	19	12	10	72	15	53	2	26	7	21	18	44	6	43	
7	8	11	35	16	4	15	7	18	66	
8	14	11	8	13	2	4	31	15	42	3	47	10	22	19	37	1	60	9	6	
5	70	18	24	6	71	2	16	10	10	1	30	13	34	9	74	15	14	16	20	
16	11	9	23	13	24	19	13	7	4	2	6	
16	45	3	75	9	38	4	23	19	3	15	31	8	66	5	29	18	65	
8	3	19	73	5	52	6	56	13	49	
7	2	9	34	1	16	2	22	3	33	
5	48	14	31	15	64	13	17	3	8	12	4	19	74	16	30	1	5	0	14	18	60	7	66	
4	44	14	11	19	75	18	27	17	6	0	5	10	66	15	51	5	9	16	32	
11	20	15	48	0	25	4	73	14	3	17	32	
18	13	13	31	0	18	9	57	5	26	
6	3	7	25	12	50	19	8	18	39	
5	6	19	47	16	28	7	41	1	74	18	72	11	35	
5	46	3	57	11	73	2	36	19	3	8	72	10	51	13	2	14	6	1	9	
13	17	10	35	9	19	19	1	1	27	11	9	3	64	7	74	17	5	
0	47	18	5	8	75	5	38	13	8	12	15	9	18	3	43	7	26	17	53	
3	28	13	60	4	29	0	75	15	5	8	55	12	2	6	51	19	43	14	67	1	7	
10	51	13	30	15	37	19	52	14	58	11	55	7	28	
10	2	8	16	19	23	17	73	7	63	
8	64	10	47	4	19	7	63	9	62	5	70	12	32	19	60	0	26	
1	30	12	45	10	57	14	46	5	15	3	36	4	69	6	21	19	44	
13	17	14	12	8	24	3	48	19	50	18	23	16	55	7	5	11	56	9	54	15	14	
3	40	10	8	4	65	8	2	2	46	
19	13	2	10	14	48	6	63	1	57	10	71	11	21	4	39	9	17	3	34	12	12	13	28	
15	34	12	7	14	29	17	54	7	26	11	15	0	21	10	13	8	23	3	6	13	66	16	31	
4	55	6	25	9	74	13	31	14	50	19	65	11	10	17	8	7	73	
16	49	4	26	18	18	10	56	8	29	15	30	2	15	1	45	
14	67	12	33	10	18	9	36	13	68	
5	45	19	44	3	70	15	52	11	23	
19	48	12	2	17	60	2	11	8	46	
6	67	14	24	0	55	7	62	2	75	3	29	5	8	10	74	12	17	
7	9	16	19	0	15	3	55	8	24	12	75	17	11	9	32	13	3	
2	38	4	41	0	1	7	22	9	30	1	37	13	28	15	66	
2	53	10	21	13	10	15	24	7	52	11	59	16	12	4	35	5	61	17	28	
13	30	6	45	10	33	16	28	11	18	19	25	18	32	14	13	1	10	3	69	
10	36	12	33	18	52	1	44	17	31	11	49	6	46	5	42	14	57	0	59	16	22	

All component type numbers for each job to be processed by MFPM
0	4	9	8	8	12	5	24	4	16	
8	10	9	4	1	19	6	6	3	22	
8	23	4	6	
3	13	9	3	0	24	
3	15	8	9	0	20	6	3	
1	13	7	15	8	14	
9	3	1	2	
3	10	6	24	0	6	9	23	4	2	
1	24	8	25	2	10	
0	4	2	5	3	20	
7	2	8	18	6	16	5	14	4	7	
2	7	9	19	
6	11	5	15	3	25	
4	18	0	22	7	17	
9	17	
3	8	2	9	
1	18	
6	9	
9	3	
4	6	5	5	9	15	
8	12	
1	17	9	16	4	25	
4	10	7	24	2	4	
5	12	4	1	8	15	
3	7	
4	16	5	19	3	3	0	24	9	8	
9	17	6	24	0	2	2	18	
0	4	8	19	9	1	
5	22	
8	8	7	18	
8	24	
2	13	6	4	
6	10	1	3	7	17	
8	1	
6	6	1	4	
4	17	7	15	9	9	
6	15	4	12	3	1	8	24	7	19	
0	9	9	6	4	18	3	8	
2	13	5	22	7	10	0	14	
8	25	2	24	0	19	
1	11	
4	22	9	14	7	6	
1	18	0	4	4	7	
2	6	6	1	7	23	4	9	
7	5	9	1	
0	9	4	7	9	25	5	23	
2	6	4	13	
3	12	2	13	0	2	9	25	
3	24	1	10	
9	11	0	15	
4	22	
3	13	6	11	5	9	2	25	1	20	
7	5	9	21	
7	18	2	8	5	12	
0	25	6	11	7	2	2	7	
7	23	
4	16	3	15	1	4	6	25	
0	15	2	9	
4	17	0	13	2	10	7	12	
1	15	3	9	5	2	8	12	0	5	
4	8	6	1	
5	22	4	8	7	15	
3	16	2	8	4	11	6	25	8	5	
3	23	2	8	9	16	
4	17	2	19	7	1	1	14	9	8	
4	18	5	10	9	23	7	24	
3	13	4	16	2	25	7	19	0	6	
7	10	1	20	
0	23	6	2	8	6	
4	10	5	25	8	14	3	15	7	12	
2	9	1	1	0	17	5	16	
9	4	
6	15	8	18	
1	4	9	13	
2	10	9	14	5	16	4	24	
3	18	6	5	2	16	5	9	4	2	
6	15	5	18	9	21	7	9	8	11	
5	16	0	4	3	9	1	18	
5	4	1	24	7	7	3	19	8	6	
9	15	
1	8	2	7	9	25	6	6	
8	21	0	2	2	5	7	14	
2	3	5	20	0	14	
4	16	
2	21	3	1	1	14	
0	10	
1	20	9	23	5	16	2	18	7	15	
2	22	6	23	9	5	
6	4	
1	12	7	22	5	8	9	14	
0	10	2	19	
6	2	
6	17	
9	6	4	12	3	15	
7	15	4	13	5	7	6	23	
3	20	2	5	6	2	0	9	4	16	
2	14	4	21	
9	9	8	1	
9	3	7	10	8	2	1	16	3	22	
0	9	1	15	9	3	7	10	6	22	
9	4	0	14	6	6	
8	13	
0	23	6	16	4	8	8	11	
5	21	9	6	0	17	2	23	
3	13	9	7	
3	18	4	12	0	10	
8	8	9	14	5	22	0	9	
2	18	7	23	4	9	
6	1	
5	19	7	12	2	5	6	4	1	7	
5	4	7	9	6	19	1	3	9	10	
7	1	0	12	6	10	
5	25	9	17	4	18	
2	8	3	25	
1	20	3	13	9	8	5	21	4	16	
4	4	5	25	8	5	9	16	7	15	
3	14	2	6	4	2	6	4	
2	14	7	2	0	11	3	9	
1	25	0	21	7	23	
3	13	2	20	8	16	
2	13	4	3	5	9	9	12	6	14	
2	23	7	9	5	10	8	11	
3	14	7	24	8	6	2	1	
1	17	
7	23	9	7	
9	25	8	6	7	16	6	19	0	1	
1	18	9	3	5	20	
0	20	4	18	
5	4	3	9	8	25	2	16	0	21	
9	5	7	12	3	10	
9	4	4	22	0	14	
7	16	4	13	
0	16	1	14	
9	24	7	20	2	10	4	9	
0	4	3	9	9	12	
2	12	
6	5	3	6	2	1	8	11	9	8	
6	20	4	2	3	9	2	24	1	14	
8	20	2	11	5	16	0	22	3	19	
0	9	2	25	4	14	3	6	
6	22	
5	1	7	23	8	24	9	3	
1	8	
1	20	9	15	
7	17	0	18	9	10	4	22	
7	11	4	15	
8	23	6	10	
0	6	6	18	
5	2	1	8	6	17	0	24	7	25	
8	2	

Three processing times per job on each machine
The best scenario
186	138	
60	169	
187	116	
261	503	
13	9	
49	113	
95	299	
34	56	
104	69	
394	109	
197	273	
352	129	
394	287	
389	216	
164	233	
9	15	
202	283	
77	69	
166	311	
125	135	
62	87	
202	171	
99	22	
290	189	
106	59	
187	253	
305	370	
76	17	
331	299	
32	20	
188	200	
112	345	
150	135	
83	159	
47	140	
350	136	
67	81	
160	48	
122	60	
211	84	
67	68	
281	393	
95	70	
229	140	
16	34	
22	16	
145	85	
28	83	
31	60	
272	146	
52	42	
193	156	
285	381	
299	132	
460	445	
131	94	
154	368	
283	76	
139	144	
201	227	
31	37	
129	90	
108	132	
27	26	
165	236	
126	131	
211	313	
188	199	
105	50	
49	57	
142	50	
207	270	
259	173	
119	163	
253	277	
132	200	
125	94	
109	92	
282	93	
10	34	
70	34	
108	77	
47	62	
112	129	
41	43	
151	86	
32	39	
229	153	
181	423	
55	117	
83	67	
204	139	
23	74	
408	179	
163	82	
44	52	
324	124	
90	297	
243	242	
114	456	
36	71	
228	324	
401	88	
262	261	
209	118	
73	108	
300	178	
252	181	
276	276	
156	181	
144	334	
176	110	
193	178	
188	188	
99	69	
40	17	
168	247	
291	115	
298	93	
358	112	
186	206	
47	74	
359	439	
111	117	
57	57	
219	86	
312	136	
76	108	
68	60	
155	85	
91	31	
42	102	
351	365	
407	174	
348	132	
71	49	
144	357	
75	319	
41	60	
170	354	
50	30	
29	72	
275	463	
196	118	
66	103	
184	179	
96	139	
221	193	
66	170	
303	271	
Most likely scenario
229	239	
64	171	
196	222	
277	538	
17	16	
79	153	
146	487	
54	58	
170	105	
471	191	
312	313	
444	131	
454	476	
437	246	
188	280	
16	19	
249	339	
80	86	
184	353	
167	261	
110	133	
253	301	
109	37	
333	249	
112	86	
227	467	
328	533	
101	26	
438	326	
37	23	
279	255	
224	523	
158	142	
112	227	
72	161	
392	207	
123	152	
204	77	
175	84	
233	149	
76	79	
362	436	
166	97	
384	192	
29	53	
25	21	
164	144	
30	88	
33	108	
384	243	
61	57	
230	196	
397	397	
331	137	
515	557	
248	122	
223	579	
409	146	
193	234	
202	357	
33	48	
172	110	
134	224	
29	45	
204	375	
152	240	
403	418	
349	274	
165	85	
93	83	
145	58	
220	476	
282	276	
177	316	
353	443	
171	321	
144	161	
192	116	
295	136	
16	61	
99	51	
167	133	
93	81	
173	217	
79	44	
226	155	
59	75	
454	219	
341	507	
106	169	
106	68	
360	169	
44	142	
437	197	
183	89	
45	64	
519	177	
121	322	
307	380	
217	506	
68	92	
232	350	
420	166	
322	307	
219	146	
140	131	
355	256	
431	360	
431	349	
253	261	
231	387	
184	183	
225	267	
190	245	
173	125	
65	22	
313	361	
346	170	
370	142	
513	166	
351	332	
52	103	
405	534	
117	119	
81	58	
382	169	
530	209	
141	126	
92	74	
232	127	
165	46	
82	124	
592	454	
419	312	
359	231	
96	97	
174	375	
128	449	
58	63	
314	404	
73	42	
30	104	
487	514	
228	193	
94	182	
317	248	
136	203	
372	258	
126	198	
570	303	
The worst scenario
285	281	
83	208	
231	275	
394	575	
23	20	
117	190	
203	505	
80	72	
203	139	
619	250	
336	325	
628	153	
562	637	
520	339	
270	392	
21	26	
308	463	
81	115	
215	497	
183	370	
133	183	
376	317	
153	46	
446	293	
161	121	
288	540	
340	582	
147	33	
546	336	
44	33	
313	308	
269	563	
216	171	
144	317	
98	192	
433	263	
135	221	
268	104	
205	103	
265	192	
85	110	
427	471	
196	124	
431	284	
39	59	
36	28	
245	215	
35	102	
49	118	
401	287	
83	63	
338	247	
478	448	
496	155	
725	587	
363	151	
293	809	
454	162	
235	313	
233	494	
47	67	
219	125	
199	234	
36	54	
237	500	
208	357	
439	547	
420	381	
181	89	
129	94	
164	64	
287	553	
301	286	
206	323	
367	649	
256	369	
193	212	
223	119	
418	148	
22	70	
119	53	
172	159	
114	118	
176	240	
83	59	
296	204	
82	79	
526	277	
371	525	
140	172	
119	72	
511	182	
54	165	
472	241	
261	97	
60	69	
763	258	
152	367	
343	496	
285	650	
84	114	
242	360	
514	180	
429	404	
235	191	
150	160	
462	344	
607	540	
451	389	
363	333	
306	500	
231	221	
264	316	
215	263	
180	176	
70	25	
364	387	
432	242	
533	151	
633	195	
469	418	
68	106	
431	552	
171	131	
84	81	
466	243	
563	313	
197	178	
130	81	
237	187	
205	50	
98	126	
731	579	
561	334	
488	289	
114	120	
231	546	
138	595	
81	68	
362	532	
104	48	
42	120	
608	689	
320	269	
118	252	
326	341	
144	295	
411	363	
143	204	
694	404	
