Factories	3	Jobs	100	Machines	2

Total number of component types per job processed by HSPM
6	12	6	9	10	5	7	11	7	7	8	7	7	7	7	9	10	7	7	8	5	11	5	9	6	12	7	5	10	10	6	12	11	7	5	10	12	9	10	9	7	9	12	8	10	10	6	10	12	11	12	9	6	9	11	12	8	7	6	7	9	7	6	11	12	6	9	5	7	11	6	11	6	8	8	5	7	12	9	8	7	7	9	8	5	8	7	7	5	12	7	9	8	8	5	11	9	9	9	11	

Total number of component types per job processed by MFPM
2	2	3	5	2	1	1	5	2	3	4	1	5	5	4	1	3	1	3	4	1	1	2	2	2	1	1	2	1	5	4	1	1	1	4	1	5	1	3	4	1	3	5	4	1	2	2	4	3	1	5	2	2	5	5	4	3	5	1	5	5	2	4	2	3	2	2	1	1	4	2	3	4	5	1	3	5	2	5	1	3	3	2	3	1	1	4	5	2	2	2	1	3	4	3	1	3	4	2	4	

All component type numbers for each job to be processed by HSPM
4	31	14	43	13	58	7	37	8	7	1	22	
4	11	9	25	6	63	0	45	3	28	19	2	15	37	5	23	12	24	11	3	18	72	14	6	
2	46	15	7	3	17	16	49	4	1	9	64	
1	36	17	40	16	69	11	63	2	43	3	27	7	2	13	45	5	33	
1	29	14	42	8	21	2	41	12	11	6	64	4	48	11	50	7	23	9	15	
19	60	15	43	11	1	6	18	17	61	
13	38	2	2	0	27	11	53	19	52	14	54	4	46	
14	61	12	67	13	30	11	46	10	66	18	4	17	69	5	62	3	56	6	47	7	58	
1	33	11	8	15	18	7	50	18	54	10	10	0	14	
18	17	1	37	15	9	11	34	19	68	6	46	14	5	
4	36	9	43	19	60	11	21	1	12	15	54	0	41	16	10	
1	4	7	62	17	7	19	69	8	49	13	14	6	19	
4	27	15	42	3	58	18	64	7	19	14	25	13	53	
11	39	6	35	5	24	7	3	1	23	3	33	18	25	
19	48	1	74	5	15	17	5	3	58	13	34	0	22	
9	32	5	75	4	13	2	45	16	53	0	61	17	30	18	9	3	10	
13	19	6	46	0	73	3	13	17	9	15	34	18	49	9	26	16	40	11	6	
11	50	7	42	4	44	8	12	12	23	10	72	1	26	
18	66	2	27	17	70	12	3	4	40	14	48	8	50	
14	64	9	50	11	45	1	26	17	11	5	29	3	66	7	13	
7	34	8	48	13	67	18	1	10	8	
7	67	4	75	11	12	9	42	16	71	12	21	10	10	1	2	0	8	13	6	15	56	
3	55	14	66	0	49	8	9	5	7	
13	66	6	63	9	67	4	7	18	2	3	51	8	73	2	49	14	61	
5	61	9	43	19	18	18	30	12	5	2	7	
2	25	4	35	12	34	10	74	13	59	19	21	16	37	1	28	5	30	18	17	6	31	17	1	
4	73	1	70	17	10	6	45	13	41	9	63	16	48	
5	27	1	59	6	73	15	51	18	29	
12	43	3	3	19	63	14	32	11	5	4	11	0	54	16	8	7	46	10	7	
11	65	9	26	17	53	8	14	10	34	4	17	0	72	13	71	14	39	6	21	
9	49	17	33	15	9	2	44	7	72	10	19	
18	51	9	46	19	44	16	57	8	64	11	7	0	22	12	43	1	35	17	56	7	27	2	50	
2	48	14	11	8	14	4	75	13	43	15	50	18	36	19	22	16	9	17	39	11	3	
4	68	6	24	17	15	16	44	5	73	11	41	8	16	
16	30	19	66	7	21	17	37	2	31	
1	1	11	29	4	74	3	66	9	5	7	31	16	34	15	37	17	21	2	53	
13	33	10	15	6	22	5	58	7	26	1	11	14	75	3	35	19	60	15	66	2	52	16	37	
16	3	8	36	4	14	11	24	13	50	19	40	17	38	1	62	18	12	
13	43	5	4	12	64	8	62	11	74	17	15	9	69	14	50	15	46	19	16	
15	21	8	72	16	39	2	65	9	8	14	22	5	24	6	64	12	27	
0	14	11	44	13	35	6	23	12	67	2	37	3	2	
6	74	18	62	19	23	3	73	7	30	1	17	11	55	2	54	5	45	
13	10	8	49	6	39	19	7	1	37	0	47	11	40	17	19	14	26	18	54	3	9	15	24	
16	13	0	50	19	54	11	15	1	34	10	23	9	73	4	66	
2	53	4	10	18	37	3	3	17	35	10	60	12	1	5	34	11	30	8	51	
7	20	6	18	0	65	17	58	15	31	13	13	10	32	5	59	16	16	12	42	
17	61	7	59	5	4	14	55	19	17	6	74	
2	16	5	41	12	48	13	18	3	52	6	53	10	22	15	57	18	27	8	75	
18	20	11	19	12	5	15	6	10	22	9	26	6	18	0	55	19	35	17	71	2	52	8	38	
5	3	1	22	7	14	6	47	11	64	3	28	14	17	2	73	13	53	12	49	8	54	
19	37	14	29	9	73	3	7	13	55	11	30	15	46	18	40	0	67	17	12	12	2	5	34	
11	58	0	23	3	53	5	72	15	46	1	34	17	21	4	25	7	27	
4	36	0	3	9	44	6	43	14	70	8	34	
18	42	1	9	16	49	8	55	9	46	12	73	14	74	10	44	19	71	
2	13	11	45	3	59	14	6	5	46	17	75	18	49	19	54	1	10	16	14	10	22	
4	57	19	20	6	21	18	24	7	28	13	17	0	55	2	23	10	73	12	5	17	13	5	43	
11	56	16	71	6	33	8	17	0	49	1	10	5	15	19	22	
13	30	1	6	8	4	3	57	18	55	5	64	6	20	
8	70	14	10	5	14	17	42	3	3	16	22	
5	60	14	74	16	25	6	34	2	28	18	61	15	10	
9	40	1	33	16	56	6	53	2	65	13	66	18	1	19	57	8	74	
19	2	17	51	13	5	4	45	18	35	8	20	9	9	
11	2	13	75	8	17	18	5	15	24	10	14	
19	4	5	13	1	30	8	53	18	57	4	70	11	35	16	61	7	7	14	25	13	71	
10	4	13	40	4	25	12	64	11	28	16	6	9	71	17	5	3	66	5	16	19	54	7	10	
8	61	4	22	10	42	1	51	5	39	19	62	
12	53	5	73	7	23	2	63	3	60	17	1	1	48	19	11	13	28	
1	67	15	31	11	10	2	46	4	64	
14	12	18	30	19	40	12	72	17	20	8	38	10	51	
17	36	18	9	6	27	2	8	15	71	9	72	1	67	11	64	13	31	10	4	14	39	
2	38	8	65	7	30	16	64	19	27	12	37	
14	33	12	65	13	35	18	21	3	72	2	6	19	43	16	31	6	42	10	50	1	2	
4	19	8	40	14	44	12	9	2	59	17	25	
0	10	18	46	14	44	9	30	8	19	19	58	4	52	17	14	
14	52	16	17	17	47	11	7	10	18	2	14	0	58	19	31	
0	63	7	44	10	54	18	9	17	32	
9	31	14	12	12	45	10	66	18	42	17	37	7	28	
12	17	10	11	8	10	6	72	7	25	16	20	3	59	19	69	14	67	17	14	2	65	5	57	
6	42	1	57	10	19	16	35	3	36	7	37	13	56	0	71	2	39	
2	16	10	50	4	1	17	62	5	40	18	73	14	6	7	5	
13	21	14	55	7	69	12	38	4	29	0	35	6	47	
16	23	5	12	12	52	7	1	8	13	11	14	2	17	
6	14	8	1	1	12	13	51	0	41	10	11	3	21	11	34	17	25	
7	26	9	2	0	27	15	36	5	70	17	39	11	66	1	43	
5	24	3	28	8	54	2	6	9	61	
16	29	8	74	5	30	2	38	19	61	9	72	1	50	15	8	
19	3	17	39	9	6	4	14	18	56	16	38	8	57	
3	8	12	26	7	53	11	51	2	62	9	31	16	33	
3	54	16	47	11	1	6	27	10	35	
17	22	14	29	15	43	13	67	4	6	19	47	3	25	16	63	12	50	8	5	9	14	5	54	
16	10	17	20	6	15	12	64	5	31	7	30	9	60	
1	46	3	59	16	26	10	68	17	62	11	27	9	10	2	40	12	58	
10	24	3	11	5	39	4	56	17	29	0	49	19	57	2	3	
3	8	7	4	12	36	18	69	5	27	4	1	9	6	19	42	
10	42	17	66	5	17	0	62	9	47	
12	9	9	40	6	73	4	37	15	56	3	15	7	5	19	68	10	33	16	17	0	31	
1	39	14	50	19	70	4	32	9	54	10	40	3	62	13	74	16	12	
14	11	7	5	16	20	15	14	1	48	4	39	17	3	11	37	5	44	
14	41	17	66	5	25	12	65	19	4	3	64	7	15	8	31	6	28	
10	9	7	35	14	52	3	62	5	49	8	63	13	72	1	13	11	3	0	67	9	65	

All component type numbers for each job to be processed by MFPM
3	18	5	4	
6	7	7	21	
2	23	4	15	3	3	
4	4	6	1	1	25	2	3	9	9	
0	19	1	22	
2	24	
5	16	
4	14	6	1	8	25	7	15	3	8	
9	22	0	2	
2	10	0	12	4	5	
3	23	8	20	2	15	5	4	
9	23	
2	11	6	21	4	17	1	6	8	23	
5	12	3	16	7	11	8	8	2	19	
9	25	6	17	4	15	8	6	
7	7	
0	1	5	2	7	13	
9	20	
4	1	9	10	3	11	
9	15	5	18	2	5	3	19	
2	24	
9	9	
7	18	2	8	
1	20	3	13	
1	23	5	19	
5	4	
2	25	
6	13	1	11	
4	6	
2	7	1	23	4	1	9	15	3	9	
1	6	8	12	2	24	0	5	
7	11	
3	11	
4	7	
5	11	2	18	0	23	3	15	
7	11	
8	2	4	8	9	25	1	22	3	6	
2	3	
3	9	1	7	7	8	
0	25	5	15	6	20	4	12	
9	22	
5	17	0	8	3	13	
0	17	4	22	6	12	8	24	9	6	
4	11	6	10	5	9	0	21	
8	20	
6	20	3	17	
8	10	0	23	
8	2	7	17	6	14	3	23	
3	7	8	22	2	8	
7	2	
4	25	9	2	5	11	7	15	1	4	
7	12	2	23	
3	21	2	14	
1	13	6	8	4	20	5	19	3	10	
3	17	6	6	7	22	1	21	4	4	
2	4	6	14	4	5	3	2	
3	7	7	17	2	12	
9	2	7	16	5	5	1	21	8	8	
2	23	
0	9	5	17	6	15	3	3	9	22	
9	11	2	14	7	16	3	18	6	2	
6	24	7	21	
1	9	8	1	9	8	3	11	
2	9	1	8	
2	22	8	14	0	25	
2	1	6	7	
9	10	0	1	
5	11	
3	3	
9	12	1	10	0	4	4	25	
5	1	2	14	
9	14	5	10	1	15	
2	13	5	11	1	7	6	24	
7	11	9	22	8	25	1	20	4	16	
6	1	
9	9	4	22	8	10	
8	25	0	14	5	22	6	7	1	6	
0	15	1	1	
3	2	4	23	7	12	9	13	5	24	
2	19	
0	13	6	4	4	24	
1	14	3	18	6	24	
5	25	6	19	
6	21	5	15	2	17	
9	13	
1	1	
3	11	2	19	5	9	9	24	
4	2	9	12	6	22	2	7	1	9	
3	5	9	15	
8	10	2	3	
1	12	9	25	
6	9	
9	16	7	6	3	17	
1	23	5	2	7	4	6	1	
1	18	5	11	4	12	
8	21	
3	20	6	17	8	10	
5	20	7	12	4	22	6	19	
3	25	7	18	
7	16	2	11	9	15	4	20	

Three processing times per job on each machine
The best scenario
69	223	
681	255	
547	528	
343	827	
275	151	
249	374	
46	86	
844	512	
936	556	
393	183	
250	275	
213	294	
225	204	
324	348	
451	452	
218	170	
143	163	
129	253	
248	280	
622	324	
170	111	
568	733	
361	227	
499	1062	
337	195	
609	285	
385	254	
99	269	
663	492	
480	930	
77	89	
255	792	
635	561	
447	764	
136	245	
495	740	
432	540	
51	57	
177	401	
422	920	
597	592	
444	475	
333	226	
131	209	
759	221	
820	393	
648	309	
321	371	
1353	620	
473	365	
381	333	
467	691	
453	342	
298	441	
233	98	
663	366	
131	84	
216	315	
58	85	
158	327	
131	458	
361	524	
57	34	
350	147	
186	187	
72	53	
134	119	
193	297	
185	76	
111	79	
490	1184	
148	77	
97	46	
515	344	
266	358	
669	289	
86	112	
217	207	
106	233	
1243	1106	
537	293	
640	605	
331	267	
182	268	
661	614	
1299	331	
933	259	
412	492	
474	653	
584	307	
288	371	
562	259	
334	433	
437	653	
365	164	
529	107	
582	220	
1292	833	
270	213	
365	246	
Most likely scenario
100	330	
781	307	
672	724	
488	987	
373	259	
411	548	
65	167	
1120	611	
1043	574	
446	277	
458	383	
413	423	
292	247	
393	486	
798	548	
416	237	
222	209	
163	313	
422	429	
668	350	
293	135	
814	1042	
365	423	
688	1087	
343	257	
859	316	
471	264	
170	434	
1230	611	
898	1182	
114	161	
441	1053	
688	620	
611	885	
261	296	
768	759	
563	797	
98	83	
289	464	
829	934	
804	778	
651	881	
443	449	
232	245	
763	295	
859	426	
662	495	
369	587	
1360	724	
875	708	
424	433	
497	693	
809	641	
569	523	
378	129	
991	385	
183	135	
365	580	
88	140	
212	493	
239	503	
653	562	
109	65	
417	224	
247	288	
92	71	
190	214	
195	380	
247	113	
165	106	
632	1399	
284	151	
177	73	
1001	587	
313	437	
1222	468	
129	122	
392	375	
165	279	
1425	1429	
688	379	
683	947	
505	329	
212	440	
815	722	
1373	602	
1019	435	
522	766	
526	682	
799	456	
447	588	
686	326	
438	838	
739	958	
644	227	
542	149	
642	395	
1359	1296	
304	273	
435	377	
The worst scenario
144	387	
958	349	
696	990	
649	1084	
545	325	
522	710	
93	196	
1645	656	
1364	697	
618	322	
592	453	
461	597	
332	353	
421	603	
967	641	
568	321	
246	287	
182	337	
489	528	
675	385	
347	143	
1082	1159	
497	496	
734	1188	
454	280	
1111	354	
621	287	
223	530	
1520	672	
1135	1595	
138	230	
499	1368	
722	837	
693	1061	
266	331	
896	956	
686	848	
108	106	
295	687	
1206	1389	
912	954	
754	943	
649	644	
279	256	
1012	343	
942	494	
881	578	
482	858	
1595	1051	
1210	963	
494	476	
511	898	
983	834	
720	650	
449	187	
1002	452	
264	179	
452	800	
92	172	
275	677	
281	548	
670	629	
132	91	
510	229	
287	417	
124	99	
194	269	
272	401	
312	120	
176	108	
646	1801	
329	194	
196	75	
1273	877	
359	450	
1310	507	
154	160	
582	498	
204	295	
1502	1702	
818	416	
711	1186	
756	368	
292	473	
876	1072	
1754	760	
1317	555	
662	846	
601	982	
854	603	
528	714	
982	405	
575	1137	
829	1281	
687	277	
701	197	
726	471	
1495	1460	
383	284	
620	508	
