Factories	2	Jobs	100	Machines	3

Total number of component types per job processed by HSPM
10	8	7	11	10	12	12	8	12	7	8	9	8	7	12	6	12	8	8	9	11	11	5	10	7	5	6	8	8	11	12	8	5	5	10	11	10	9	9	11	11	9	5	6	8	7	7	7	9	8	11	9	12	7	5	5	12	12	8	6	5	12	7	11	6	10	8	5	5	6	5	9	9	6	5	8	12	10	11	5	7	12	5	7	11	7	7	8	5	8	9	5	10	11	7	7	12	7	7	8	

Total number of component types per job processed by MFPM
5	2	4	3	5	1	3	4	3	1	3	1	2	4	3	3	1	3	3	1	5	5	5	5	2	4	3	5	3	4	1	4	2	5	1	1	2	3	3	5	5	1	4	1	2	1	3	3	4	5	1	2	1	5	4	4	5	2	4	4	5	2	5	4	5	4	1	2	4	5	1	5	2	3	5	2	2	1	5	1	5	3	5	1	5	1	2	3	5	5	5	4	3	3	2	2	4	3	3	5	1	5	3	3	4	2	4	5	1	1	2	3	5	5	5	4	5	3	2	2	4	3	5	5	3	2	2	4	2	5	2	2	4	4	3	2	3	5	1	1	4	4	5	4	2	2	4	2	5	4	3	5	2	5	4	1	1	3	1	1	4	1	3	3	4	1	4	3	2	1	5	5	2	4	2	1	4	5	2	5	1	3	4	2	2	2	1	3	2	4	4	2	4	4	1	1	2	1	4	2	

All component type numbers for each job to be processed by HSPM
3	13	19	51	12	59	9	31	14	12	17	3	8	43	18	36	6	23	13	32	
1	69	0	54	10	56	15	73	14	70	12	4	7	18	11	58	
16	65	1	24	15	51	8	59	9	64	4	44	10	67	
10	1	9	23	0	48	18	51	12	55	15	72	14	61	4	46	1	74	7	2	3	45	
12	69	10	11	0	50	9	31	11	5	1	4	7	44	15	62	8	35	16	3	
16	23	1	34	7	1	14	65	0	44	2	51	4	37	10	25	9	5	17	68	15	61	18	4	
3	75	14	35	6	55	5	14	10	13	16	42	1	33	13	2	9	74	7	37	0	53	19	32	
7	35	1	58	10	46	18	37	0	39	14	18	15	64	8	72	
3	2	4	37	10	56	5	57	11	54	16	41	17	13	6	72	14	5	13	8	9	50	0	25	
0	54	18	4	5	62	10	48	17	2	4	47	15	52	
0	37	4	63	6	64	10	48	15	55	17	36	8	61	12	28	
5	51	19	26	4	50	9	54	7	33	1	52	3	9	13	12	11	28	
3	30	5	46	12	58	17	48	6	6	13	59	7	29	16	71	
14	44	12	19	2	45	4	16	19	70	15	3	5	27	
5	67	7	6	2	23	8	35	14	73	12	10	9	14	19	44	16	71	0	7	15	32	3	18	
3	56	14	9	7	73	17	17	15	70	6	51	
13	44	11	63	4	21	2	60	6	59	0	25	8	68	5	46	7	45	12	22	18	73	16	4	
6	29	14	74	10	26	11	55	18	23	19	19	3	15	0	49	
12	57	10	14	7	5	2	17	3	37	14	8	13	48	17	12	
6	11	17	35	10	64	18	69	4	37	0	4	14	27	3	74	11	62	
15	38	14	55	19	24	17	2	12	60	6	26	8	35	18	31	1	36	10	25	4	40	
15	11	4	21	0	68	19	54	5	17	8	29	2	39	9	36	1	8	16	18	7	13	
9	32	1	38	16	39	7	61	11	25	
14	33	1	19	11	74	16	12	3	43	7	5	10	53	5	71	6	29	12	20	
15	34	11	73	7	16	18	31	6	61	12	51	2	13	
3	73	11	59	19	63	6	32	15	31	
19	40	1	19	12	7	17	28	5	61	4	57	
13	45	11	3	15	55	3	8	8	58	14	6	10	44	5	21	
14	13	2	42	13	20	19	9	6	54	16	58	11	7	18	66	
10	56	11	53	4	30	12	65	5	29	9	33	18	71	6	52	13	64	3	34	7	45	
2	14	14	29	6	73	19	55	3	59	10	70	12	11	18	74	9	49	8	36	15	46	1	53	
16	60	8	55	11	75	2	74	18	6	10	56	4	26	12	44	
0	34	16	23	6	28	8	30	5	47	
10	7	15	58	18	42	19	69	5	75	
10	49	12	22	8	52	16	36	14	46	15	18	6	32	7	34	19	70	1	39	
1	42	13	14	11	60	5	10	9	58	3	16	15	47	10	61	18	65	16	32	2	19	
2	42	4	2	9	48	14	73	10	29	0	58	13	61	19	16	3	71	11	62	
13	36	18	10	17	50	4	55	2	14	3	8	16	1	11	41	7	58	
17	39	1	13	12	74	0	47	19	61	2	3	9	58	5	70	8	5	
10	43	3	51	13	7	18	68	16	60	4	32	5	36	17	13	1	27	8	62	6	5	
3	60	14	36	11	33	15	37	2	44	4	63	16	34	5	6	18	23	17	74	7	66	
5	13	11	31	8	61	14	38	16	57	3	10	15	60	10	21	6	29	
10	39	18	28	13	32	2	24	8	55	
0	8	9	70	2	22	11	33	7	74	19	71	
2	6	1	21	11	54	6	42	3	40	7	58	4	48	12	38	
4	4	8	55	3	24	16	1	19	62	14	29	7	59	
5	68	19	57	13	6	6	12	11	49	17	62	2	4	
4	33	16	36	8	24	19	11	13	59	3	9	11	4	
3	58	2	11	13	43	16	65	8	5	6	50	5	28	9	30	10	71	
17	40	18	24	16	11	7	68	13	52	4	69	9	56	10	62	
15	75	13	13	12	59	2	2	7	62	0	68	5	14	6	55	11	50	9	28	19	47	
4	58	17	46	9	73	14	34	8	61	0	29	13	63	11	20	15	45	
10	38	9	63	13	40	18	70	17	9	0	72	7	36	8	5	14	71	3	67	2	30	15	41	
1	50	9	36	0	64	4	51	10	16	11	53	18	70	
14	41	4	31	0	48	1	15	7	14	
1	4	5	30	4	7	0	52	2	31	
11	19	18	13	10	47	19	1	6	57	12	15	4	26	0	67	7	54	14	53	3	12	17	20	
9	27	0	65	4	30	11	16	19	73	3	47	16	51	8	48	5	17	1	28	18	52	12	39	
9	56	13	42	12	7	18	21	8	48	11	40	17	74	2	10	
10	14	5	69	6	42	12	71	0	33	2	51	
3	43	5	57	13	63	12	34	10	68	
3	16	12	32	17	23	2	47	5	68	15	26	7	31	1	56	9	34	18	8	13	54	10	14	
16	54	5	64	15	5	18	42	9	2	0	56	11	58	
10	44	7	19	2	70	19	69	5	10	11	52	18	68	4	26	1	60	16	16	6	48	
18	60	13	66	15	31	16	62	5	28	0	72	
19	37	18	73	12	56	13	19	7	50	16	59	6	43	11	45	1	49	8	8	
19	1	11	6	10	71	5	20	7	30	12	18	8	32	2	43	
13	63	12	23	19	5	4	15	2	27	
7	23	2	47	3	39	1	65	11	48	
13	74	12	50	17	48	4	72	2	29	10	30	
9	6	4	65	14	73	17	70	18	62	
14	67	17	19	3	59	0	3	16	52	18	48	9	12	2	30	6	16	
11	26	4	47	5	34	14	64	7	62	13	24	16	70	17	68	8	39	
0	23	5	44	1	11	2	42	10	43	15	56	
4	46	9	45	18	5	19	75	10	48	
0	45	16	29	10	27	13	4	6	54	19	56	2	47	8	46	
15	39	17	4	13	25	10	19	12	47	7	14	0	46	2	16	6	64	3	3	9	70	18	38	
1	35	10	69	2	49	0	16	12	27	9	18	3	38	15	55	19	63	4	70	
7	49	14	71	15	9	11	34	12	17	0	58	13	1	5	55	9	23	2	36	4	40	
1	75	11	9	5	58	19	71	9	5	
14	16	13	13	3	74	9	38	8	10	5	25	17	36	
16	12	5	49	6	26	18	62	10	28	2	38	13	6	17	1	8	51	9	59	12	42	0	64	
1	55	19	50	12	48	7	23	3	7	
15	38	10	11	4	6	16	57	14	34	2	37	3	24	
6	62	13	10	7	53	1	22	15	51	14	11	16	25	8	74	17	30	5	57	0	17	
17	14	4	40	10	2	8	18	16	13	14	11	12	24	
15	9	16	18	17	4	19	42	14	51	12	49	9	32	
19	8	10	36	18	32	14	37	5	14	6	21	12	41	15	6	
12	65	19	26	0	46	3	35	17	32	
16	32	5	62	15	27	14	3	2	13	7	24	4	54	9	12	
18	9	15	2	9	23	3	70	6	17	10	21	19	31	17	51	13	16	
5	55	8	52	15	71	3	28	1	6	
10	5	16	12	3	55	14	18	5	20	15	75	13	64	11	43	2	59	4	4	
11	10	18	59	4	48	8	63	14	39	16	70	17	24	13	9	3	7	6	42	9	4	
14	75	17	4	9	55	11	48	18	56	6	62	8	74	
0	21	1	42	11	50	17	30	5	32	13	27	19	23	
15	36	17	40	16	38	18	72	19	68	3	27	7	12	9	53	5	47	13	28	6	1	10	21	
5	10	11	11	10	56	2	26	12	15	15	63	18	55	
6	42	15	5	10	57	7	39	19	33	13	2	4	63	
14	23	0	15	7	2	8	11	19	46	4	66	3	68	16	57	

All component type numbers for each job to be processed by MFPM
3	8	0	2	1	5	4	12	9	11	
8	39	9	29	
0	16	9	24	1	3	6	19	
4	38	2	44	1	36	
0	3	6	11	4	22	3	25	8	20	
7	33	
9	5	0	1	5	10	
2	45	9	37	7	41	0	33	
6	18	3	13	5	9	
3	45	
8	17	7	14	1	22	
3	33	
5	4	6	16	
9	38	7	40	4	39	0	47	
7	9	3	25	9	15	
8	32	1	39	2	30	
8	12	
4	47	1	37	9	34	
4	10	7	6	0	19	
8	34	
4	16	5	22	7	15	9	1	2	18	
0	41	6	30	1	29	5	46	4	49	
7	2	2	8	9	23	1	11	5	16	
2	43	8	50	7	29	4	49	0	32	
6	1	8	19	
6	31	2	42	5	50	8	26	
2	2	8	4	5	19	
7	26	8	40	0	45	4	50	5	49	
7	2	6	15	0	7	
5	39	0	46	6	49	4	42	
4	3	
5	31	4	37	2	39	8	29	
1	16	8	7	
6	38	8	46	4	40	9	44	7	32	
0	6	
9	38	
8	6	9	24	
4	28	0	43	5	44	
2	6	8	5	7	1	
4	35	9	27	6	46	1	48	0	32	
1	5	5	21	4	16	6	9	2	23	
6	33	
4	24	2	2	6	13	3	3	
3	34	
4	12	1	3	
3	41	
9	12	0	20	6	4	
0	38	7	49	2	31	
4	7	7	22	3	3	0	24	
6	36	9	31	1	44	2	28	5	27	
2	12	
1	26	2	32	
9	9	
0	47	6	33	9	41	5	36	8	48	
8	2	4	15	0	19	5	21	
0	38	7	43	8	32	9	40	
8	24	7	1	1	10	4	18	2	25	
0	38	8	32	
7	18	4	16	1	20	2	3	
1	32	8	27	6	37	4	29	
1	25	4	11	2	1	5	19	3	4	
0	48	3	32	
4	14	7	23	0	25	8	8	5	10	
6	40	9	49	7	50	8	42	
6	12	9	17	1	25	4	21	2	13	
2	34	8	36	9	35	6	44	
9	15	
8	27	2	50	
0	21	7	16	8	17	4	11	
2	35	0	46	7	45	3	36	6	48	
0	25	
1	28	0	29	5	34	8	43	9	47	
6	1	0	6	
2	47	9	41	7	31	
4	5	8	4	6	19	9	8	7	15	
3	46	7	29	
2	11	9	2	
4	46	
2	13	9	9	3	25	6	7	0	21	
6	26	
9	23	4	3	5	16	6	25	1	9	
9	29	1	43	0	32	
2	8	9	21	1	22	0	25	7	11	
0	32	
0	22	6	8	9	15	7	5	4	7	
9	44	
8	12	4	10	
8	28	4	43	0	37	
5	24	8	14	2	19	6	21	4	20	
3	31	7	50	5	44	6	49	0	37	
2	21	7	10	3	7	5	9	1	12	
1	42	0	34	7	30	6	36	
5	11	8	22	7	1	
8	27	3	46	1	28	
0	13	9	7	
2	50	5	27	
7	9	5	6	1	7	0	14	
5	33	1	28	6	34	
3	10	9	15	4	24	
0	28	4	38	7	41	3	48	1	50	
8	19	
4	36	5	35	1	29	2	48	0	45	
8	16	9	7	2	23	
1	42	4	30	0	40	
0	16	9	3	2	23	3	19	
3	42	4	41	
0	5	9	12	1	4	2	21	
5	26	6	47	0	50	8	41	9	34	
2	1	
0	38	
9	24	6	17	
8	50	1	42	0	26	
0	23	4	11	8	12	2	6	3	24	
8	29	5	49	0	50	1	32	3	27	
5	25	6	13	8	9	2	11	0	20	
1	44	8	35	3	43	0	41	
7	22	3	11	1	10	2	15	8	18	
4	31	2	26	8	46	
7	24	8	8	
3	50	0	48	
9	24	4	25	1	1	7	14	
4	26	8	46	1	36	
4	21	2	18	8	7	9	23	1	17	
2	29	9	26	7	31	4	36	3	43	
3	25	1	21	5	1	
2	31	5	37	
4	23	2	5	
3	36	0	34	6	47	4	49	
7	14	6	25	
2	44	3	35	0	29	8	49	7	26	
2	17	5	22	
6	36	9	45	
1	16	8	11	3	4	0	6	
8	26	9	37	1	30	7	29	
8	18	4	25	6	10	
3	33	4	42	
8	18	4	6	7	25	
8	40	2	31	4	34	1	46	0	38	
2	13	
9	50	
9	11	0	10	7	19	5	8	
3	44	8	30	5	38	9	32	
8	9	1	15	2	7	5	13	0	12	
4	29	6	48	8	31	7	27	
0	8	7	3	
9	43	5	47	
4	18	8	20	1	14	9	22	
1	46	3	32	
3	24	4	19	9	2	8	20	2	11	
1	29	0	39	2	33	7	38	
4	21	6	10	1	25	
7	32	0	28	9	41	8	36	6	27	
5	20	2	13	
3	30	4	37	8	50	2	43	6	45	
2	5	0	25	4	8	5	19	
8	28	
8	10	
2	41	8	46	6	47	
7	8	
8	36	
4	24	0	12	8	4	1	10	
3	37	
5	9	3	11	0	6	
5	29	3	27	8	49	
6	19	7	2	4	25	5	18	
1	50	
3	14	2	3	1	1	7	18	
5	34	1	50	6	33	
5	6	9	14	
7	35	
2	10	8	21	3	4	9	5	0	12	
2	28	4	31	3	49	6	45	5	38	
3	13	9	18	
2	32	6	33	0	35	8	34	
8	10	6	11	
0	27	
4	12	3	7	0	23	6	25	
4	41	5	49	7	36	1	26	0	42	
8	22	3	3	
3	37	2	36	7	41	6	40	4	27	
4	12	
1	45	7	36	5	39	
2	18	9	23	3	13	8	25	
9	28	6	33	
7	22	2	15	
5	29	9	50	
8	20	
3	38	9	49	4	31	
1	11	2	1	
8	32	0	31	9	41	3	38	
2	20	0	22	8	5	3	8	
5	38	7	42	
5	21	4	12	8	23	0	20	
5	29	3	36	4	37	7	39	
5	8	
4	31	
9	21	6	19	
4	31	
9	8	0	20	5	17	8	16	
3	41	1	31	

Three processing times per job on each machine
The best scenario
268	273	148	
797	754	213	
58	188	188	
424	511	674	
125	141	73	
1141	674	754	
115	102	218	
1200	1012	518	
212	153	183	
813	251	427	
811	596	815	
319	186	96	
139	58	106	
917	630	328	
313	113	226	
234	980	341	
308	1019	611	
544	772	555	
183	241	232	
131	196	227	
171	348	230	
219	289	238	
513	338	213	
341	788	556	
805	405	765	
255	176	276	
375	128	286	
138	341	338	
175	248	157	
416	483	109	
705	743	476	
1246	685	1116	
206	375	99	
306	653	342	
222	202	199	
381	393	161	
214	217	638	
212	255	65	
61	78	88	
1149	781	431	
697	700	448	
527	472	370	
439	565	813	
505	199	289	
377	641	988	
532	252	412	
196	262	62	
912	940	401	
956	681	978	
65	237	236	
778	310	837	
662	493	201	
464	529	416	
223	110	131	
158	69	162	
335	923	1151	
250	787	390	
329	194	143	
329	942	717	
175	593	318	
78	119	58	
453	303	382	
298	262	370	
574	294	191	
251	332	230	
133	305	238	
1193	463	754	
42	68	55	
335	121	75	
806	1205	913	
493	500	754	
222	478	690	
223	148	152	
219	309	398	
655	1268	597	
200	79	132	
212	698	557	
396	556	236	
367	266	211	
210	283	112	
196	445	761	
358	580	179	
526	261	324	
696	223	213	
449	370	233	
478	344	354	
378	429	421	
80	159	62	
193	227	172	
210	75	194	
442	571	447	
296	539	231	
151	210	235	
74	109	146	
132	247	105	
414	261	313	
339	274	121	
493	500	175	
196	567	750	
183	225	324	
Most likely scenario
277	323	176	
1083	1108	291	
111	254	241	
781	940	1030	
161	146	82	
1306	913	1029	
168	129	271	
1213	1120	971	
271	255	207	
814	328	546	
1183	723	964	
392	244	138	
249	92	167	
1128	998	437	
334	155	292	
282	1064	482	
335	1091	1021	
920	1002	897	
227	389	306	
259	381	319	
249	349	249	
274	474	353	
679	642	364	
417	1284	570	
1074	682	1334	
397	254	411	
434	159	300	
221	425	451	
252	281	293	
517	515	190	
771	1057	802	
1493	801	1348	
301	380	197	
486	858	593	
412	280	287	
654	451	256	
220	274	825	
215	349	121	
95	99	175	
1374	1313	438	
1051	755	776	
656	601	533	
785	962	915	
815	279	364	
728	1135	1207	
783	469	463	
217	323	124	
1029	1271	441	
958	1299	1107	
122	299	256	
817	611	1239	
779	529	352	
848	858	625	
428	145	152	
203	70	189	
617	1388	1273	
432	980	451	
366	231	208	
382	1137	822	
187	605	614	
143	165	86	
802	540	478	
447	500	535	
722	341	321	
445	532	391	
185	441	459	
1201	826	1106	
62	125	74	
372	201	136	
1487	1513	1381	
618	653	1018	
312	579	1140	
270	285	267	
288	500	477	
681	1297	1017	
246	118	191	
375	1076	993	
508	777	286	
408	348	399	
327	331	206	
315	551	763	
531	582	187	
652	320	425	
751	356	398	
704	683	447	
523	403	594	
477	767	803	
160	235	97	
205	315	321	
235	88	263	
489	620	493	
383	643	430	
171	286	236	
137	188	181	
198	303	173	
619	324	386	
603	450	218	
900	627	340	
319	743	767	
307	240	331	
The worst scenario
382	392	204	
1151	1464	315	
154	257	254	
1137	972	1083	
176	212	90	
1585	1002	1528	
176	186	373	
1392	1241	1229	
388	296	280	
870	480	691	
1283	994	1243	
506	362	164	
306	133	168	
1346	1025	467	
431	189	422	
365	1322	580	
502	1444	1453	
983	1249	1215	
284	532	382	
342	414	450	
267	390	354	
329	585	427	
778	884	375	
611	1730	594	
1387	870	1750	
492	290	517	
527	201	447	
318	493	660	
257	356	358	
606	740	199	
1050	1351	1118	
1797	955	1779	
345	520	199	
615	1071	845	
510	356	424	
722	571	357	
289	364	875	
315	451	172	
101	130	225	
1539	1725	614	
1364	987	1036	
677	676	689	
1085	1237	1229	
978	311	509	
1046	1649	1786	
1074	685	682	
228	379	128	
1306	1686	477	
1212	1617	1169	
160	376	349	
1134	656	1252	
916	681	467	
1241	1128	756	
489	165	220	
247	80	243	
715	1935	1884	
569	1236	560	
476	346	229	
563	1598	1108	
237	796	887	
195	201	129	
1129	760	529	
563	715	639	
1004	434	440	
624	572	577	
249	627	513	
1371	1155	1484	
88	164	100	
547	245	189	
1620	2235	1479	
708	802	1033	
333	818	1504	
306	376	357	
381	650	605	
968	1873	1138	
271	169	276	
414	1199	1202	
694	1163	354	
591	364	449	
373	351	226	
370	704	858	
587	700	200	
712	335	518	
990	468	545	
788	934	665	
551	490	634	
573	916	979	
185	263	112	
218	400	456	
329	113	342	
726	742	601	
465	740	628	
198	393	285	
152	263	256	
249	325	179	
647	457	499	
742	456	306	
1083	883	410	
463	1097	1130	
351	340	471	
