Factories	5	Jobs	100	Machines	2

Total number of component types per job processed by HSPM
11	11	12	12	5	5	10	6	12	7	8	9	12	12	5	9	9	12	6	5	9	12	5	9	5	8	9	11	9	11	8	10	7	6	11	12	7	7	9	8	11	12	6	11	7	9	5	6	6	6	12	7	11	5	7	7	5	10	8	5	7	12	5	9	6	11	10	11	12	10	9	5	5	6	7	6	8	8	8	9	8	8	6	5	12	10	6	6	12	6	12	12	5	10	9	10	6	11	9	10	

Total number of component types per job processed by MFPM
3	3	5	1	5	3	1	3	5	1	4	2	4	2	1	2	1	3	2	1	1	3	3	5	3	3	3	1	1	3	4	4	4	2	1	1	5	2	5	4	5	2	2	5	2	3	3	1	1	3	4	4	5	1	1	2	5	3	4	1	2	4	1	2	3	2	4	3	4	2	2	1	2	1	2	5	1	2	3	1	4	2	3	4	3	1	4	4	2	3	2	5	5	4	1	2	2	3	4	5	

All component type numbers for each job to be processed by HSPM
19	30	17	50	7	69	2	74	15	24	11	44	12	75	9	61	18	25	4	8	0	60	
16	67	3	40	1	8	5	44	15	21	11	54	10	51	19	39	7	19	4	38	13	1	
16	45	5	61	6	34	9	73	0	32	7	36	3	52	13	47	11	63	1	74	19	46	8	70	
18	49	0	35	2	10	17	61	5	36	19	24	6	65	9	13	1	52	13	9	16	38	10	41	
17	58	10	16	11	29	15	19	2	53	
8	8	2	33	17	45	14	19	4	24	
6	15	16	27	5	30	8	32	15	33	11	42	1	13	13	50	19	34	18	2	
3	49	13	7	17	13	2	65	5	71	18	74	
19	59	16	42	1	26	2	68	6	44	3	7	14	18	15	51	18	21	7	52	4	37	0	62	
0	47	17	10	8	33	14	1	6	27	3	32	15	15	
13	72	15	60	11	48	5	50	7	56	16	51	10	14	2	58	
8	49	9	59	2	73	13	55	19	24	11	13	12	33	1	72	18	9	
12	59	0	2	10	47	13	48	3	9	1	25	4	67	17	56	15	32	9	52	14	63	5	28	
4	51	7	36	3	2	18	18	19	65	11	7	5	30	14	58	2	52	17	46	1	3	15	53	
1	59	4	66	0	47	16	34	9	62	
10	7	9	27	13	9	12	47	14	68	0	18	8	33	11	62	19	2	
18	70	4	57	19	68	1	63	17	29	16	60	10	65	15	12	6	14	
2	74	13	22	1	35	7	14	17	42	4	57	5	67	0	16	9	46	12	39	15	12	8	53	
7	48	16	26	6	72	9	68	14	52	5	45	
19	56	1	21	9	29	17	34	13	72	
2	70	18	58	15	49	5	8	3	38	12	41	9	19	1	33	14	63	
1	39	12	43	11	58	2	5	17	71	4	3	14	16	3	37	18	45	9	66	5	67	10	61	
1	25	4	49	5	54	0	44	2	8	
0	34	3	57	8	26	18	49	2	52	6	27	16	29	19	38	15	2	
15	11	13	43	2	37	3	10	16	53	
3	7	9	60	17	73	0	55	16	39	11	1	18	36	1	24	
2	35	0	4	6	27	11	17	12	64	10	49	1	47	8	70	18	41	
4	13	19	60	8	45	6	31	9	27	11	43	12	24	16	51	1	5	14	25	17	75	
1	36	4	11	14	12	16	41	2	67	9	65	5	26	18	69	10	58	
18	56	11	22	5	27	13	52	3	59	9	11	19	13	1	4	10	3	7	73	12	39	
14	46	8	4	19	28	2	74	17	15	1	12	5	71	3	6	
13	4	18	28	1	51	10	2	9	22	15	25	14	62	8	58	7	44	6	59	
10	60	5	43	8	13	1	21	3	70	15	3	19	32	
17	37	2	68	14	55	19	19	18	69	13	15	
4	75	12	34	10	67	9	16	11	59	3	20	16	4	1	42	7	57	14	12	19	63	
2	59	5	6	12	39	16	45	6	50	1	37	17	61	13	48	15	47	4	34	11	75	14	14	
13	54	16	59	11	12	7	41	1	46	8	10	17	37	
4	37	3	6	17	38	18	50	11	17	5	32	12	3	
11	21	8	15	5	41	3	27	1	28	14	47	0	72	7	58	9	53	
9	75	17	55	18	64	12	65	5	48	7	20	0	62	1	44	
1	29	5	50	18	23	0	48	14	70	3	11	4	16	12	59	2	2	15	26	10	36	
6	69	3	17	13	28	10	10	12	66	1	37	5	4	11	43	19	41	15	38	7	65	4	40	
7	31	0	75	13	16	8	64	18	4	19	34	
4	42	17	34	13	56	18	39	19	18	7	67	11	14	9	12	6	65	14	55	5	38	
1	14	14	68	10	71	13	4	4	6	19	15	0	1	
18	39	11	65	7	1	14	13	5	69	12	41	2	18	13	21	16	30	
19	62	0	68	6	27	3	75	5	54	
12	5	14	66	7	58	9	9	4	36	18	38	
1	65	13	44	9	31	11	60	18	13	8	72	
6	39	3	20	0	52	1	70	9	56	13	68	
5	13	16	9	0	17	12	20	10	47	2	43	19	44	8	39	4	59	15	27	1	15	17	2	
13	50	11	4	16	45	17	75	6	32	9	26	10	68	
5	73	8	29	15	67	3	18	7	12	11	43	10	62	18	49	2	51	1	72	4	8	
8	9	11	10	15	51	16	64	5	59	
19	39	8	5	12	18	6	16	9	34	1	70	15	62	
1	39	7	75	6	16	15	63	11	22	5	52	12	34	
14	17	6	22	11	3	13	13	0	41	
6	69	8	21	1	38	17	50	13	35	3	60	11	4	12	55	15	48	2	26	
9	51	10	49	15	26	3	58	14	71	7	59	17	47	18	4	
11	6	5	33	1	46	3	3	7	19	
1	41	4	63	3	13	10	25	15	24	12	68	14	66	
10	40	15	12	2	69	7	60	6	75	11	64	3	38	0	21	4	32	9	23	14	66	1	56	
3	67	8	47	1	50	4	2	10	40	
18	29	11	35	17	8	6	69	2	32	10	63	9	73	14	55	13	72	
10	28	0	60	1	56	11	51	3	46	17	41	
12	48	6	41	3	58	15	73	19	19	0	5	9	33	4	51	2	20	17	56	16	43	
11	59	13	56	6	68	5	35	9	6	19	13	8	75	2	25	7	69	3	30	
2	54	9	36	14	46	18	12	5	24	4	40	11	73	0	44	1	25	19	39	6	55	
14	73	2	51	18	74	15	69	12	39	4	6	16	59	17	4	7	7	3	55	13	17	9	33	
8	4	9	40	10	62	11	73	2	28	14	72	12	13	17	8	7	25	19	47	
14	19	4	68	5	56	9	27	1	34	12	8	17	10	2	21	6	18	
10	63	0	5	2	12	18	38	5	22	
7	16	19	9	10	49	3	20	11	66	
8	32	19	63	9	34	0	26	7	6	14	45	
15	6	18	63	8	33	4	61	5	58	3	2	17	22	
0	71	17	24	12	37	11	68	1	70	4	72	
15	34	19	49	11	1	9	57	7	59	16	58	2	67	5	40	
14	35	3	21	2	6	19	72	4	30	5	24	16	45	1	16	
0	63	15	20	9	58	6	21	18	27	16	46	3	29	5	26	
14	35	8	71	15	32	17	55	11	3	19	10	18	30	2	62	10	67	
5	7	13	2	17	24	12	52	8	10	16	37	9	39	19	8	
15	62	10	28	19	51	17	5	6	72	1	49	8	57	3	54	
15	59	14	33	4	63	19	39	6	60	2	18	
3	33	9	19	7	24	17	58	12	44	
16	52	6	29	11	21	0	54	7	53	5	44	15	68	1	18	14	6	12	7	18	17	19	2	
4	29	17	16	12	10	11	11	9	21	19	38	6	72	14	63	18	40	15	15	
18	12	6	10	15	53	14	18	10	39	0	54	
1	1	10	32	7	69	9	18	4	12	14	41	
2	38	6	5	1	21	13	70	7	59	10	63	0	35	17	75	18	41	4	40	5	3	8	48	
12	26	0	16	6	56	9	61	2	49	1	18	
14	44	6	41	3	3	11	15	2	55	19	4	4	31	13	10	18	50	1	6	12	28	5	13	
11	36	10	39	12	16	9	59	5	21	13	45	4	73	16	46	3	42	19	33	8	30	15	62	
12	70	5	65	0	67	19	21	17	49	
16	18	6	25	18	70	4	62	15	46	7	57	10	28	12	21	17	42	3	24	
1	21	7	46	5	43	15	10	17	39	0	74	12	37	9	57	13	58	
10	3	0	45	9	70	14	67	13	56	3	41	16	50	2	37	6	54	11	62	
4	66	9	39	1	64	12	67	8	22	16	19	
12	12	13	37	17	30	5	59	7	15	2	20	8	2	18	8	1	69	19	28	16	5	
13	40	15	50	19	19	9	6	14	74	12	51	7	12	5	42	3	53	
1	23	4	42	10	60	2	16	18	55	12	35	19	38	6	49	0	51	9	64	

All component type numbers for each job to be processed by MFPM
7	3	0	10	9	2	
1	21	0	4	3	14	
7	8	9	20	3	13	8	22	6	5	
3	12	
6	19	5	23	0	7	8	11	3	2	
2	16	7	11	0	5	
5	6	
0	6	1	3	8	7	
8	15	0	16	4	23	5	4	7	12	
5	22	
0	10	1	13	5	2	7	1	
8	20	6	23	
6	16	2	19	4	22	1	15	
9	14	4	3	
3	17	
9	2	8	13	
4	7	
7	3	5	25	3	12	
8	21	9	24	
3	15	
9	1	
5	4	4	23	2	12	
1	1	5	21	9	22	
4	14	1	21	2	7	0	12	8	23	
7	12	8	18	0	6	
2	21	3	23	6	6	
3	14	7	3	2	13	
2	10	
3	20	
1	7	8	11	7	9	
4	19	9	12	3	11	8	21	
0	10	8	15	6	21	3	17	
6	4	7	5	2	24	5	16	
3	25	0	9	
0	16	
9	19	
9	1	7	12	5	23	4	5	8	25	
7	2	8	22	
8	14	5	17	3	18	6	19	0	12	
0	2	7	9	1	24	2	18	
3	9	2	22	1	6	0	18	6	17	
3	22	7	3	
9	24	4	6	
2	5	5	21	3	7	7	3	8	9	
4	8	3	20	
7	6	9	3	0	1	
7	16	5	12	9	21	
0	7	
6	11	
1	14	2	12	0	5	
7	2	1	1	9	11	3	8	
6	12	5	4	8	25	3	13	
1	2	7	13	2	18	9	6	8	23	
0	18	
8	24	
9	19	4	7	
7	17	8	5	9	25	5	6	2	22	
9	13	8	1	3	2	
1	11	8	2	6	10	9	8	
2	10	
3	24	4	8	
6	19	2	20	1	21	8	18	
5	2	
5	18	1	14	
8	19	7	17	0	23	
9	9	4	12	
6	11	7	23	4	4	0	8	
0	23	5	16	6	15	
0	10	3	17	9	21	2	12	
9	22	7	8	
8	23	9	1	
7	10	
8	24	6	25	
1	21	
4	23	7	18	
7	19	5	10	3	5	2	24	0	13	
3	7	
9	19	1	20	
8	9	4	17	2	10	
7	21	
8	21	5	15	2	7	1	22	
4	22	9	8	
3	4	6	17	1	2	
8	17	7	1	0	20	5	14	
9	21	5	19	1	3	
1	9	
0	11	3	15	9	13	4	5	
8	18	5	8	1	24	9	19	
1	24	5	20	
4	3	1	15	9	14	
2	3	1	2	
5	3	1	19	7	11	4	1	8	23	
2	15	7	23	0	13	5	22	8	12	
4	11	1	17	6	4	3	20	
1	2	
5	9	4	14	
8	7	4	9	
0	10	3	13	7	23	
3	17	4	12	8	14	1	3	
7	22	5	5	3	10	8	8	4	18	

Three processing times per job on each machine
The best scenario
226	227	
162	114	
136	132	
61	80	
297	251	
239	172	
136	119	
40	25	
177	115	
61	122	
64	230	
46	68	
46	69	
222	199	
132	50	
32	15	
125	150	
191	385	
162	144	
39	90	
48	41	
46	134	
250	181	
247	87	
176	299	
295	346	
97	429	
96	30	
124	190	
204	272	
240	153	
80	95	
61	198	
144	140	
146	125	
133	168	
335	268	
242	215	
176	310	
204	184	
256	425	
27	21	
263	307	
290	318	
143	60	
85	60	
84	76	
289	275	
270	76	
35	38	
193	118	
88	93	
111	194	
329	236	
276	155	
125	224	
184	309	
223	189	
12	51	
454	246	
182	177	
97	177	
84	80	
24	51	
105	237	
47	39	
105	83	
51	63	
152	73	
244	173	
100	201	
173	521	
285	202	
47	49	
83	138	
215	353	
280	83	
230	219	
179	206	
326	243	
129	195	
70	67	
209	335	
134	148	
103	167	
39	116	
227	187	
63	86	
51	22	
409	137	
304	159	
184	191	
265	77	
109	86	
31	47	
160	69	
398	289	
50	253	
229	314	
45	52	
Most likely scenario
261	264	
171	172	
155	214	
112	90	
345	289	
285	231	
255	237	
45	28	
300	187	
112	193	
122	433	
63	118	
72	91	
359	219	
139	98	
53	27	
232	212	
201	407	
318	174	
58	94	
58	47	
83	146	
303	226	
303	131	
280	303	
378	350	
184	473	
101	50	
168	194	
406	352	
458	247	
99	134	
116	206	
153	167	
162	185	
188	169	
395	425	
454	373	
268	573	
324	325	
348	462	
45	23	
460	505	
417	451	
227	66	
108	104	
100	95	
351	407	
294	82	
56	74	
214	213	
97	151	
196	218	
451	303	
309	206	
186	383	
268	496	
353	276	
21	62	
471	414	
212	180	
138	307	
128	115	
36	55	
143	339	
51	44	
135	144	
55	102	
182	112	
277	295	
111	280	
248	584	
378	276	
48	64	
118	222	
301	407	
282	137	
304	322	
346	207	
482	247	
147	245	
95	98	
237	448	
196	186	
158	281	
71	123	
347	254	
77	95	
66	40	
430	206	
377	240	
212	209	
347	150	
175	148	
61	61	
189	76	
478	482	
81	290	
246	405	
72	53	
The worst scenario
308	303	
185	196	
161	224	
137	92	
459	319	
397	275	
381	279	
64	41	
407	234	
146	266	
152	509	
76	153	
100	132	
422	259	
188	138	
70	30	
333	314	
247	411	
444	224	
69	131	
83	63	
103	172	
412	235	
411	135	
417	444	
550	419	
209	562	
121	62	
177	242	
502	404	
600	353	
128	159	
169	300	
167	176	
164	189	
251	247	
420	474	
529	516	
390	659	
469	392	
419	544	
66	34	
644	682	
599	536	
254	79	
111	139	
149	98	
521	606	
362	92	
61	97	
299	309	
125	167	
275	265	
530	332	
372	211	
249	482	
276	704	
456	391	
31	82	
622	602	
278	267	
158	318	
153	157	
39	77	
170	485	
65	47	
143	213	
70	151	
197	162	
297	411	
161	283	
318	599	
460	401	
55	87	
128	236	
311	492	
394	177	
344	474	
385	271	
711	363	
172	316	
119	116	
336	590	
275	259	
178	327	
105	159	
391	341	
88	140	
90	43	
544	274	
381	347	
218	275	
509	160	
261	196	
76	87	
239	114	
553	617	
111	388	
248	455	
82	77	
