Factories	5	Jobs	200	Machines	2

Total number of component types per job processed by HSPM
7	9	7	9	11	8	5	9	10	10	11	8	6	10	6	10	12	9	12	9	8	12	10	8	9	12	9	5	6	5	6	6	9	9	10	8	11	5	7	12	8	5	5	11	12	11	11	11	7	6	10	10	5	9	6	10	9	8	6	6	11	11	7	12	7	12	12	11	8	11	9	7	12	12	7	11	10	7	10	7	10	9	10	10	12	9	7	9	11	6	9	8	11	7	6	8	9	10	5	10	10	9	10	11	7	9	11	9	7	5	11	5	5	12	5	9	12	6	11	12	8	12	7	12	6	9	11	11	7	11	12	12	9	6	12	8	7	11	7	5	11	5	6	6	9	5	11	8	5	7	12	12	7	12	11	9	5	9	5	12	10	7	10	10	6	12	5	5	7	11	12	6	6	7	10	10	5	6	11	7	7	12	8	8	8	5	12	8	7	7	5	12	9	6	7	12	9	10	6	11	

Total number of component types per job processed by MFPM
2	1	4	5	5	5	5	1	5	5	1	2	1	2	2	5	2	1	2	5	5	3	1	2	3	3	3	3	2	2	3	3	3	3	4	2	1	3	2	2	2	3	4	4	2	5	5	1	2	4	4	3	4	1	1	1	2	1	5	3	5	1	3	5	1	1	1	3	5	5	5	1	4	1	4	2	5	3	1	1	2	3	1	5	5	4	2	1	4	1	3	1	1	3	4	2	2	3	5	5	1	2	4	1	5	2	5	1	1	3	2	5	1	3	5	4	1	4	3	2	4	5	2	5	4	4	5	4	3	4	3	3	2	3	2	5	5	5	2	2	4	2	2	1	3	3	2	4	5	1	2	2	2	2	1	3	1	2	5	3	3	2	1	5	5	2	5	5	5	3	4	1	3	2	4	5	2	4	4	4	3	1	5	1	1	2	2	4	1	2	4	5	4	1	5	4	3	3	2	4	

All component type numbers for each job to be processed by HSPM
19	70	12	28	7	46	10	72	14	48	18	59	4	66	
4	41	10	47	6	35	11	37	1	67	7	73	8	3	15	55	12	70	
18	67	4	4	0	43	8	27	2	61	6	3	3	25	
3	49	17	46	2	54	0	68	15	45	18	6	5	31	13	64	4	75	
9	4	0	45	14	74	3	23	16	20	15	56	18	6	10	43	17	29	4	32	5	68	
11	65	4	60	0	20	16	40	18	3	2	1	15	72	5	54	
0	1	19	58	18	5	8	72	13	63	
7	38	4	34	12	16	14	30	1	63	10	13	9	36	17	45	5	2	
7	72	5	30	14	32	2	1	3	74	9	47	13	19	12	60	4	38	6	25	
11	59	15	12	3	14	19	52	8	21	6	63	0	26	2	54	17	31	16	3	
6	42	14	14	12	58	3	3	1	65	15	53	5	9	8	54	7	32	13	17	11	49	
19	29	0	31	1	49	14	55	5	70	7	52	8	63	18	64	
9	52	7	37	14	44	2	2	19	60	8	29	
1	37	17	1	8	22	3	61	15	36	16	59	19	14	18	65	4	5	13	10	
10	34	9	15	11	12	1	58	16	72	8	69	
2	38	4	26	9	63	14	10	0	59	7	75	19	11	5	46	17	72	3	23	
10	37	3	33	1	13	6	22	13	1	0	69	7	70	11	74	19	17	18	41	8	15	14	48	
17	50	6	57	16	29	1	46	3	7	10	3	11	53	9	13	12	4	
3	16	7	61	6	68	14	39	0	71	4	56	12	58	10	12	1	15	5	34	13	65	17	6	
9	52	11	68	2	64	7	18	12	66	15	39	4	7	18	36	14	20	
19	50	9	35	3	53	16	54	2	31	7	33	10	71	1	9	
8	48	0	10	9	19	14	52	5	33	4	28	12	25	3	44	1	69	18	6	10	18	13	12	
16	15	5	8	3	68	10	22	12	25	18	75	1	55	11	34	6	53	15	74	
6	11	12	61	4	63	2	6	16	15	5	65	3	48	15	13	
11	71	10	44	12	68	17	28	14	60	13	4	0	31	5	33	7	64	
7	36	5	70	3	47	2	58	4	75	1	19	17	24	16	8	9	53	8	63	12	23	18	66	
9	59	19	39	17	70	12	69	16	22	1	7	5	41	4	66	6	2	
14	21	10	18	13	68	19	19	11	58	
14	49	10	39	16	3	8	17	15	59	19	30	
18	59	19	33	13	51	4	26	8	3	
9	27	6	69	0	11	18	47	13	6	17	21	
4	46	6	31	17	37	8	6	18	41	3	63	
11	12	9	57	16	15	14	61	19	41	5	17	0	45	8	9	6	11	
5	31	4	39	14	28	1	46	18	58	2	40	8	66	3	13	15	71	
11	61	12	28	3	51	2	16	15	27	4	30	17	41	10	33	16	71	9	72	
10	59	9	50	16	74	6	22	1	47	4	34	14	45	13	51	
8	23	12	74	6	20	9	27	13	9	16	49	10	71	7	40	0	65	14	48	5	19	
10	61	8	11	16	65	0	44	15	21	
19	13	6	34	14	35	4	67	3	38	9	4	17	51	
1	45	5	55	9	40	3	65	16	25	7	14	0	16	4	67	13	39	11	68	17	75	10	63	
11	56	9	47	8	74	7	20	17	46	3	9	10	53	5	5	
15	72	17	42	18	52	16	60	9	39	
14	45	6	73	5	59	4	42	13	66	
8	67	18	43	10	18	16	22	2	10	4	19	1	51	13	36	3	42	17	49	5	35	
8	20	18	52	2	42	5	55	14	13	6	50	17	54	13	72	19	36	1	11	0	37	3	32	
14	71	11	43	15	65	9	18	2	49	6	31	5	58	17	42	4	62	3	23	12	38	
6	4	17	43	7	56	16	2	19	3	2	73	3	42	9	15	11	29	4	17	13	38	
18	4	14	32	0	25	5	74	3	2	4	49	2	34	16	53	8	69	11	35	6	51	
14	51	11	57	4	17	0	1	15	60	19	4	8	42	
16	57	10	63	5	49	19	38	15	40	2	17	
7	21	12	23	16	69	10	33	1	47	4	41	6	19	18	30	2	45	9	8	
19	15	11	71	4	3	7	43	17	46	14	65	16	34	10	32	9	35	1	16	
12	3	6	20	14	7	3	41	19	18	
5	4	13	24	16	15	7	27	12	40	8	7	19	45	10	14	14	19	
10	55	8	48	3	47	2	17	7	2	18	49	
2	28	9	34	12	55	18	29	3	43	7	44	0	58	14	36	1	15	19	50	
2	1	14	74	0	38	6	31	10	51	1	16	4	75	13	19	11	43	
18	74	5	41	16	25	7	22	14	66	6	30	15	14	1	61	
0	74	10	64	19	60	1	59	16	41	13	68	
8	57	2	33	16	68	3	14	17	39	6	67	
15	44	2	3	0	4	13	16	9	28	5	51	1	42	11	30	7	19	17	25	3	49	
5	37	10	59	4	29	8	8	15	9	3	53	14	14	1	18	19	21	6	70	7	2	
10	12	6	21	14	20	15	14	7	66	19	70	8	39	
15	31	1	50	18	22	8	71	11	12	10	5	4	10	12	18	0	64	2	51	5	68	13	16	
10	37	6	33	11	73	8	72	7	25	5	62	17	40	
14	39	7	2	6	13	0	67	8	53	12	69	1	20	9	33	18	65	13	18	19	25	16	70	
15	71	7	74	13	11	5	63	4	25	12	69	16	37	19	44	9	5	11	38	2	22	0	27	
17	66	1	36	8	71	7	5	18	55	5	46	14	64	12	60	11	31	3	38	13	24	
8	54	17	60	4	36	6	6	18	48	10	70	19	23	2	32	
16	53	12	40	7	54	15	62	4	11	8	56	2	20	19	60	18	59	17	7	13	48	
14	74	11	26	4	38	10	23	0	19	8	27	9	32	5	13	19	69	
16	69	5	51	9	52	2	41	11	64	4	4	15	34	
6	45	12	35	9	43	3	26	14	20	0	6	10	54	17	10	4	44	16	67	2	36	19	7	
6	8	13	53	5	55	4	4	9	64	7	46	3	26	0	73	17	66	12	75	2	12	19	41	
15	4	3	75	16	69	1	21	9	58	13	63	12	46	
19	27	11	1	12	2	0	30	2	68	5	67	3	39	10	15	8	60	15	75	17	63	
8	66	19	4	15	11	14	51	7	20	18	5	2	29	5	39	12	33	6	26	
11	63	3	17	19	16	6	60	15	3	2	52	1	42	
11	74	12	21	3	47	13	71	5	29	15	20	1	14	19	25	8	37	4	38	
12	25	6	3	2	39	1	34	16	63	4	17	13	5	
11	57	4	44	6	12	2	19	7	60	5	13	3	39	9	29	19	7	16	1	
4	22	3	50	1	53	9	27	17	38	14	34	13	69	6	37	8	60	
4	75	19	27	0	46	1	67	14	28	17	31	15	20	13	57	8	1	10	48	
8	32	13	37	9	61	19	10	6	42	10	6	17	72	11	27	18	13	15	66	
19	36	7	63	13	10	8	61	18	23	6	51	11	41	15	40	10	11	1	48	9	8	3	12	
17	30	1	9	18	53	11	67	4	1	15	43	12	46	14	47	10	27	
17	20	18	1	3	25	12	3	14	5	2	32	1	31	
14	48	8	54	1	33	5	61	9	9	15	25	3	16	0	51	18	3	
16	21	12	69	1	57	9	29	0	58	3	62	13	70	4	6	2	50	6	66	17	27	
11	74	12	5	10	28	7	12	14	41	3	51	
18	38	0	8	12	60	6	62	14	73	7	7	13	71	3	17	8	41	
7	33	6	40	14	64	0	41	18	55	16	13	5	48	10	57	
17	27	6	6	5	8	19	66	1	39	8	44	15	45	0	19	11	1	13	57	7	29	
19	65	7	9	15	24	4	54	6	51	9	32	5	64	
4	11	18	7	11	43	7	25	0	10	1	27	
6	29	12	3	4	11	17	46	13	47	18	71	15	69	9	38	
3	25	6	63	1	9	18	1	5	27	17	5	9	47	14	64	19	69	
17	22	15	69	7	72	14	74	12	61	3	11	8	6	18	1	13	12	2	21	
1	40	14	69	3	68	16	67	18	5	
5	19	2	46	10	32	13	48	7	15	6	11	15	65	1	25	14	43	3	26	
0	19	2	17	16	4	17	26	13	28	5	75	18	42	15	39	9	67	4	70	
17	26	2	45	3	43	19	6	18	42	15	70	9	53	8	32	16	68	
7	40	16	59	5	44	19	30	2	43	18	58	3	2	1	52	12	25	0	71	
3	21	19	50	15	24	0	12	4	54	14	18	10	35	18	72	16	28	11	39	8	74	
6	48	15	59	7	47	14	6	0	27	2	25	17	40	
4	22	12	16	5	68	0	60	13	2	15	65	19	28	6	4	2	56	
16	44	4	36	6	62	0	1	9	13	1	24	2	71	19	20	14	15	15	37	10	45	
11	57	18	43	6	63	12	33	16	47	3	42	14	59	7	68	4	62	
5	24	13	26	10	50	8	62	17	70	4	58	18	12	
13	30	0	15	11	24	2	62	5	48	
11	20	19	55	12	38	17	41	6	3	10	39	16	60	4	70	1	29	14	4	9	47	
3	32	8	35	17	25	15	43	1	40	
10	61	0	69	9	63	12	38	15	58	
10	60	14	26	3	37	8	33	7	51	4	19	19	50	17	5	0	22	15	58	12	6	2	72	
12	34	11	52	13	39	4	57	15	8	
13	66	1	26	11	38	7	8	14	14	0	27	17	7	18	35	6	17	
17	73	0	1	11	3	9	37	15	67	12	17	3	57	1	18	18	10	5	42	19	55	13	12	
6	24	2	2	7	18	11	21	5	69	13	45	
13	60	3	38	2	17	0	21	11	1	17	39	8	54	1	43	6	44	19	14	16	52	
12	8	5	12	10	17	9	25	1	47	6	32	15	53	19	45	11	27	4	16	13	28	3	1	
13	59	6	55	12	27	16	58	17	51	4	32	11	70	15	31	
16	13	5	52	11	14	14	56	6	42	19	1	18	58	17	69	4	75	2	62	3	12	0	38	
10	43	17	22	14	14	18	13	16	12	9	71	13	59	
16	22	4	73	17	33	11	3	14	43	3	27	1	44	18	5	8	4	7	48	12	20	13	37	
1	72	3	35	19	31	10	33	11	16	4	3	
1	6	10	26	3	37	0	36	17	24	11	18	18	75	12	7	15	22	
18	60	2	73	9	5	14	26	1	70	4	53	10	19	7	1	5	43	8	57	6	3	
10	19	9	15	6	5	15	16	13	69	5	33	3	41	19	7	14	21	16	13	0	20	
7	39	6	18	13	34	14	27	18	37	2	6	4	49	
16	73	6	42	3	17	8	39	15	27	13	41	7	11	19	15	17	34	4	5	10	7	
16	42	18	44	1	31	6	50	4	52	13	6	3	3	8	58	5	75	19	7	7	23	0	12	
11	55	2	20	13	17	1	44	9	67	14	9	3	66	10	37	18	72	6	25	12	36	5	29	
15	29	13	63	5	5	4	10	12	3	1	45	9	58	3	46	10	74	
11	26	5	11	9	48	12	2	4	22	8	32	
10	52	12	40	1	1	3	58	5	60	19	41	2	30	4	34	9	10	0	17	7	55	16	33	
18	73	2	33	17	3	6	29	16	14	11	21	3	36	19	28	
18	8	10	73	4	57	14	63	8	29	0	66	6	41	
18	19	15	25	3	63	9	41	17	53	7	45	14	10	13	44	10	61	6	62	12	54	
13	42	14	65	5	74	17	25	1	31	3	18	9	28	
13	52	18	8	8	46	5	32	19	5	
5	46	2	60	10	71	7	9	11	58	18	43	17	24	9	30	1	26	3	41	4	72	
13	46	10	42	1	72	19	36	6	38	
2	37	16	43	12	13	19	75	14	20	7	66	
4	23	13	29	19	24	0	6	7	74	1	30	
5	13	3	65	11	31	18	72	4	68	7	52	8	8	19	57	0	4	
2	63	18	33	10	67	6	23	19	18	
9	39	17	33	8	38	16	43	4	62	6	61	18	37	7	67	1	5	19	31	11	48	
18	59	11	20	4	53	0	58	16	1	2	60	7	50	1	70	
2	5	11	14	14	27	12	19	15	41	
6	36	11	13	15	66	12	75	8	69	7	51	10	74	
8	64	15	18	14	30	19	40	2	14	17	7	10	49	13	57	9	62	18	53	4	24	12	51	
4	4	13	70	8	74	6	63	9	41	12	34	18	3	2	50	15	58	14	25	10	53	11	67	
6	51	8	2	14	45	7	12	18	65	1	49	16	54	
15	3	12	55	7	23	0	32	2	16	13	54	5	10	8	34	18	45	11	29	10	50	9	51	
14	57	3	34	11	19	6	11	15	51	8	48	16	70	18	22	1	37	4	32	10	73	
6	60	2	34	16	55	14	44	18	17	8	56	17	29	4	10	12	37	
11	22	10	74	2	42	3	57	0	37	
9	27	7	8	1	17	5	54	13	23	19	11	12	14	14	21	4	33	
4	31	19	6	1	16	18	36	0	25	
11	53	14	74	19	39	15	56	7	51	13	30	12	38	0	44	9	5	10	66	17	42	8	22	
9	9	2	22	7	56	13	59	0	24	18	65	4	37	12	45	3	75	16	51	
15	13	5	11	9	55	8	18	0	74	2	62	11	64	
18	60	17	11	8	20	9	71	12	45	14	52	11	68	5	31	19	57	13	12	
10	48	18	75	12	31	11	46	5	36	6	51	3	55	1	28	9	2	4	19	
17	66	10	46	7	75	12	56	0	73	3	25	
19	23	9	9	12	40	8	28	3	56	2	32	7	74	14	19	16	2	5	38	17	29	6	24	
7	25	3	59	6	24	14	44	18	46	
19	32	16	73	9	12	17	56	11	36	
18	24	17	60	6	7	7	66	10	59	13	75	1	52	
2	7	13	31	8	6	10	21	15	65	6	36	12	59	9	53	0	48	3	47	4	35	
4	55	9	35	14	27	17	8	16	2	1	40	3	19	12	3	18	42	15	28	11	1	5	25	
11	63	8	18	0	9	16	44	12	45	9	12	
3	12	13	38	18	26	17	35	12	66	14	15	
11	16	14	52	8	37	0	68	17	43	4	51	13	44	
5	9	11	54	17	15	16	13	15	61	0	47	19	65	1	2	12	30	9	64	
10	4	5	24	18	67	0	56	11	23	6	25	3	64	9	36	15	57	19	10	
4	65	12	73	13	74	16	48	5	5	
7	43	5	38	2	69	12	53	19	64	16	23	
11	25	12	73	0	16	8	15	9	11	15	20	19	65	17	43	10	34	18	3	5	44	
4	7	17	50	14	58	6	31	9	56	3	39	12	55	
7	12	3	70	4	19	15	63	14	72	8	5	5	60	
17	51	2	5	5	15	8	27	9	36	1	55	14	7	12	28	10	11	0	43	6	41	19	63	
7	75	1	29	16	17	5	46	13	42	15	58	11	16	8	37	
4	14	7	36	6	28	11	6	17	16	15	52	19	18	12	25	
16	4	3	32	6	64	17	62	2	9	10	61	1	47	15	6	
2	31	0	39	6	71	19	17	10	61	
18	16	16	22	11	70	14	37	7	60	8	58	0	40	19	63	15	72	1	34	6	18	9	56	
12	34	7	43	14	51	16	4	9	6	2	64	1	70	19	5	
5	44	6	38	15	42	0	62	17	35	10	28	8	48	
8	22	1	11	2	64	13	75	14	2	11	32	17	36	
4	60	8	8	3	71	19	30	1	5	
11	66	4	20	2	71	14	39	6	21	5	63	9	32	19	65	0	18	17	11	12	16	7	4	
17	64	3	32	5	72	9	55	10	59	16	38	14	31	0	61	2	2	
18	43	5	16	4	17	3	19	13	38	14	67	
17	28	18	31	9	41	19	7	0	62	14	65	12	12	
14	14	4	59	1	33	10	49	0	66	13	30	8	61	12	50	18	31	3	47	11	24	17	13	
11	11	13	31	14	61	6	48	8	49	7	69	4	6	1	62	10	68	
15	69	4	31	12	65	5	26	6	24	9	60	16	49	10	39	0	45	13	29	
15	51	13	14	16	71	11	60	14	59	10	48	
5	38	6	75	15	57	3	27	16	21	2	55	17	13	0	62	13	11	7	72	8	42	

All component type numbers for each job to be processed by MFPM
6	12	2	5	
6	20	
9	17	0	11	7	4	3	10	
5	19	2	12	0	16	4	10	3	3	
8	21	4	6	7	9	6	20	1	4	
2	18	8	6	9	21	0	11	4	17	
9	1	0	7	2	9	8	5	4	23	
2	11	
6	5	0	12	7	4	9	24	1	10	
0	8	8	12	6	21	4	22	9	7	
9	6	
7	1	5	16	
7	12	
1	24	3	2	
3	25	6	2	
7	3	6	7	8	11	1	22	3	4	
3	18	5	5	
3	25	
3	21	8	15	
7	15	6	3	2	18	8	7	4	13	
5	17	0	18	7	14	6	21	3	16	
7	6	4	21	3	22	
7	1	
6	4	9	8	
3	18	9	2	4	14	
9	22	6	5	4	9	
4	7	7	11	1	12	
2	16	5	4	0	18	
7	3	4	17	
0	22	8	20	
9	9	8	14	3	4	
1	22	6	21	5	13	
0	1	3	8	6	24	
9	16	2	24	8	9	
8	2	5	13	2	23	9	6	
2	23	4	3	
1	10	
4	15	6	6	2	20	
3	16	4	1	
3	13	9	14	
7	13	9	4	
7	9	9	3	3	17	
2	6	0	3	6	21	1	17	
8	3	3	13	1	11	9	5	
3	2	1	12	
4	12	6	17	7	23	3	20	2	22	
1	3	7	5	5	13	3	1	0	14	
8	8	
9	2	6	11	
8	24	7	10	5	2	3	22	
3	25	8	6	2	18	4	4	
4	5	9	6	6	3	
3	21	7	17	9	6	2	10	
7	8	
2	2	
5	21	
8	8	7	17	
2	9	
3	9	4	20	1	13	9	21	6	6	
6	22	1	24	2	9	
3	1	0	7	1	15	7	17	4	21	
6	16	
9	9	3	20	7	21	
7	18	3	3	5	19	8	7	4	6	
3	23	
9	13	
4	2	
7	25	3	11	9	3	
8	21	7	11	2	12	5	3	3	20	
6	18	9	15	8	10	4	19	2	1	
7	14	4	21	1	8	0	13	2	2	
3	14	
1	15	6	5	9	12	5	9	
4	6	
5	6	3	19	7	9	8	13	
9	6	4	21	
4	1	9	5	2	11	0	25	7	12	
0	20	4	11	1	6	
5	10	
3	12	
7	18	9	17	
5	1	0	23	2	7	
5	15	
3	9	7	1	4	10	8	18	0	6	
3	11	5	23	7	5	2	19	9	21	
0	20	7	17	4	24	2	1	
4	22	5	19	
0	9	
3	19	1	18	5	10	8	8	
9	6	
8	23	5	8	2	4	
0	11	
3	17	
4	22	2	5	3	3	
8	7	7	24	4	13	6	3	
9	11	7	21	
5	10	2	2	
3	11	4	1	7	17	
6	21	1	18	0	19	8	2	7	1	
6	14	2	12	8	6	1	8	7	24	
8	19	
4	14	5	3	
4	25	7	19	5	5	2	1	
4	16	
5	6	8	12	0	5	7	2	6	17	
0	4	8	11	
5	19	3	16	8	21	1	9	0	24	
0	6	
1	12	
1	9	0	4	5	13	
4	15	9	22	
0	13	4	9	9	10	5	16	8	1	
3	1	
9	22	3	16	7	13	
1	21	7	25	4	23	9	6	3	14	
8	10	9	13	7	12	6	19	
5	16	
2	1	1	22	3	21	6	2	
5	25	3	22	9	12	
1	8	2	2	
2	22	6	20	3	6	0	25	
7	6	2	20	4	23	3	10	0	21	
5	2	8	15	
5	14	2	7	6	12	4	5	8	20	
4	21	3	4	1	10	7	18	
0	12	6	13	2	8	9	1	
3	10	6	6	4	12	9	21	2	16	
7	25	4	12	9	5	0	9	
0	6	2	21	9	17	
7	24	4	25	6	22	0	7	
4	7	3	10	8	1	
6	2	4	6	0	4	
6	25	4	2	
5	19	0	3	7	18	
3	11	8	9	
5	15	0	19	2	8	1	23	6	21	
9	11	5	24	4	2	3	9	0	21	
1	12	4	9	0	24	8	16	3	2	
6	14	5	6	
2	11	6	9	
9	18	3	17	7	11	4	21	
9	6	7	10	
5	3	4	23	
4	16	
9	6	2	5	0	18	
8	6	6	16	9	25	
1	6	9	21	
7	21	4	6	6	18	0	4	
0	17	9	6	1	10	2	14	7	21	
0	14	
7	13	3	15	
8	23	2	11	
2	18	1	22	
0	22	7	1	
4	18	
3	21	6	4	5	10	
4	23	
1	15	3	20	
6	1	0	19	1	7	3	18	2	9	
2	6	1	7	4	3	
5	3	2	16	1	15	
9	13	0	3	
3	24	
8	2	7	12	4	13	0	21	9	17	
2	21	4	2	7	7	6	11	3	4	
3	3	6	6	
6	9	4	6	0	2	9	18	7	22	
2	22	3	5	0	14	1	24	6	4	
0	7	3	16	6	6	7	13	9	15	
7	9	3	22	2	4	
3	6	1	5	2	22	7	3	
2	16	
2	16	1	1	8	19	
7	11	2	10	
8	2	6	5	4	6	9	11	
0	22	5	18	7	15	6	14	9	2	
1	18	7	19	
4	17	7	11	5	25	3	14	
0	23	9	2	1	25	8	6	
8	4	2	6	6	5	4	1	
9	21	6	19	2	8	
5	25	
2	7	8	4	0	20	6	11	4	17	
8	7	
9	18	
9	4	4	16	
1	9	4	12	
5	9	0	10	8	20	9	24	
9	11	
5	21	8	12	
4	6	6	25	7	11	3	10	
9	6	4	11	6	7	7	19	2	18	
4	20	8	6	2	15	5	14	
9	5	
2	1	5	22	4	11	0	7	1	19	
7	15	1	16	2	22	9	6	
4	19	0	8	7	13	
8	23	3	5	6	13	
4	19	2	17	
0	7	5	11	6	2	4	24	

Three processing times per job on each machine
The best scenario
181	218	
259	107	
102	116	
154	80	
109	118	
368	179	
90	138	
58	141	
23	59	
48	91	
100	42	
137	205	
26	53	
39	105	
252	190	
121	301	
111	124	
36	59	
177	210	
125	196	
243	182	
124	150	
246	197	
197	72	
61	106	
166	282	
391	140	
161	122	
356	151	
193	178	
221	118	
260	188	
318	180	
259	220	
227	162	
433	255	
272	138	
236	106	
34	34	
138	112	
23	18	
31	103	
196	134	
144	195	
36	35	
95	71	
57	105	
157	110	
62	131	
69	144	
42	102	
100	181	
96	236	
287	265	
96	97	
138	112	
261	195	
276	291	
73	49	
428	266	
244	205	
181	518	
329	312	
332	92	
18	35	
347	173	
302	104	
288	173	
86	176	
345	211	
49	21	
218	259	
176	218	
118	169	
119	91	
78	42	
132	391	
277	383	
370	288	
244	269	
119	89	
380	157	
59	73	
124	124	
121	318	
184	193	
26	89	
175	377	
115	157	
350	410	
331	405	
76	138	
182	154	
70	78	
164	100	
57	94	
296	499	
60	71	
127	108	
154	83	
96	252	
117	134	
31	27	
112	69	
43	21	
244	72	
252	126	
216	129	
382	139	
101	101	
225	151	
42	35	
47	94	
159	95	
25	14	
291	260	
85	44	
142	172	
43	58	
224	115	
38	25	
151	112	
25	72	
38	73	
140	270	
323	122	
262	132	
37	59	
58	57	
42	127	
224	146	
173	263	
309	163	
97	100	
247	146	
163	154	
180	211	
284	122	
285	280	
201	214	
160	142	
81	94	
177	368	
383	208	
66	63	
71	102	
140	129	
282	206	
164	53	
113	172	
339	274	
121	120	
31	20	
93	116	
164	85	
88	160	
544	244	
229	308	
183	333	
123	45	
38	26	
259	359	
95	187	
128	134	
166	363	
184	387	
105	417	
32	50	
45	83	
253	261	
355	305	
251	229	
117	223	
64	181	
37	73	
126	208	
416	343	
95	104	
172	73	
307	245	
102	86	
163	196	
175	135	
83	50	
266	186	
140	48	
190	412	
407	411	
172	349	
227	66	
315	332	
237	276	
40	24	
67	68	
220	217	
160	66	
101	71	
171	85	
14	54	
47	73	
Most likely scenario
301	232	
390	199	
146	124	
177	147	
173	124	
538	229	
174	140	
111	230	
25	73	
96	133	
118	66	
252	350	
44	56	
65	144	
258	251	
200	370	
144	141	
42	66	
234	256	
209	343	
367	237	
170	280	
269	276	
262	85	
102	147	
316	430	
437	181	
199	177	
511	257	
215	233	
240	149	
453	310	
333	200	
368	320	
267	180	
438	415	
295	186	
250	117	
52	51	
180	192	
32	21	
56	120	
264	148	
250	202	
65	61	
135	103	
64	114	
283	152	
101	138	
93	185	
43	143	
112	218	
178	238	
465	482	
168	192	
162	146	
482	236	
283	379	
76	59	
465	294	
375	306	
208	552	
375	422	
453	149	
20	48	
519	224	
311	144	
311	225	
149	190	
625	419	
59	28	
266	356	
195	334	
131	262	
177	157	
118	77	
187	426	
280	466	
425	309	
316	518	
131	99	
533	206	
62	99	
176	184	
192	441	
278	275	
44	103	
183	513	
128	231	
565	589	
457	553	
92	165	
185	223	
109	116	
298	180	
90	98	
310	501	
95	90	
216	210	
186	158	
103	374	
222	161	
46	51	
152	120	
45	30	
281	120	
281	134	
219	226	
495	192	
202	135	
244	235	
47	62	
66	109	
186	170	
34	25	
318	300	
101	45	
165	248	
70	68	
248	182	
74	49	
286	150	
43	125	
50	119	
162	291	
433	192	
329	142	
38	64	
75	109	
43	145	
269	185	
179	314	
422	300	
121	150	
263	208	
295	215	
198	239	
427	143	
445	317	
246	230	
174	147	
127	105	
326	394	
489	342	
88	110	
109	155	
157	246	
301	250	
182	95	
185	251	
444	319	
202	180	
38	29	
165	231	
196	137	
165	207	
556	282	
334	333	
313	379	
152	77	
47	38	
321	410	
189	236	
146	180	
273	480	
362	458	
169	519	
42	68	
66	84	
446	272	
420	470	
287	273	
227	333	
125	188	
55	87	
239	242	
505	397	
136	110	
181	145	
335	292	
108	134	
168	321	
179	251	
89	72	
267	307	
152	92	
318	486	
441	513	
278	464	
374	95	
341	373	
245	286	
47	43	
68	106	
285	239	
189	84	
112	88	
249	101	
27	79	
85	113	
The worst scenario
423	252	
448	261	
154	143	
251	159	
191	142	
557	252	
225	145	
141	304	
34	95	
139	171	
176	88	
276	489	
64	76	
97	210	
381	355	
215	555	
152	185	
49	94	
306	363	
307	426	
400	266	
172	290	
329	378	
324	96	
103	149	
444	517	
490	232	
285	203	
726	299	
260	308	
302	179	
639	447	
413	295	
428	480	
347	183	
483	420	
396	217	
268	148	
63	52	
193	233	
35	23	
79	143	
359	167	
298	246	
89	67	
173	127	
75	144	
413	216	
121	175	
122	275	
60	178	
124	222	
237	246	
641	491	
197	287	
208	206	
488	347	
337	451	
88	81	
531	369	
538	367	
255	715	
388	534	
527	210	
28	67	
527	233	
459	211	
344	263	
173	223	
764	440	
80	29	
347	474	
270	384	
143	372	
257	182	
151	101	
216	591	
315	672	
584	319	
465	762	
190	129	
630	283	
78	111	
200	220	
222	524	
405	361	
60	145	
218	525	
139	281	
820	596	
632	699	
130	227	
245	331	
120	174	
324	258	
127	139	
421	612	
101	122	
258	211	
269	218	
113	425	
250	231	
53	56	
209	153	
53	40	
419	136	
407	186	
242	289	
503	240	
236	188	
262	264	
59	74	
78	154	
207	224	
47	26	
459	419	
131	53	
243	283	
80	91	
326	224	
78	54	
322	157	
52	146	
60	131	
222	410	
478	261	
355	181	
41	70	
97	113	
59	187	
300	250	
186	366	
518	337	
137	168	
289	289	
420	232	
274	337	
552	183	
598	355	
355	235	
232	160	
148	117	
406	527	
662	441	
106	112	
144	205	
215	303	
373	354	
263	130	
222	302	
528	330	
225	229	
48	30	
177	235	
279	154	
244	306	
633	301	
493	362	
406	439	
163	92	
60	46	
350	609	
241	276	
166	194	
362	641	
462	473	
216	597	
52	76	
67	106	
666	339	
599	636	
362	284	
323	498	
144	259	
62	126	
272	293	
736	481	
190	121	
254	161	
380	300	
143	187	
170	331	
211	266	
122	93	
391	329	
217	134	
398	523	
459	617	
379	594	
415	117	
419	502	
317	369	
51	51	
81	154	
396	259	
216	108	
132	117	
259	144	
31	91	
105	156	
