Factories	6	Jobs	100	Machines	2

Total number of component types per job processed by HSPM
11	7	9	7	8	9	12	11	10	12	10	5	10	6	8	9	5	5	10	10	12	5	7	11	9	9	5	9	12	9	7	7	5	10	12	10	10	12	10	6	11	8	10	8	12	9	6	5	11	5	8	11	11	11	5	7	8	7	10	7	11	11	5	9	8	9	8	11	7	7	9	5	8	9	5	12	11	5	6	8	6	11	11	8	8	12	8	12	6	5	5	11	11	12	11	6	6	10	11	12	

Total number of component types per job processed by MFPM
5	1	3	4	3	3	3	1	2	5	2	2	1	4	2	1	5	4	5	4	4	4	2	1	4	1	3	2	3	4	4	3	1	4	1	3	4	2	4	4	3	3	3	4	1	3	1	4	3	5	4	1	3	4	1	5	1	1	4	4	3	4	4	1	2	1	3	3	3	2	3	5	4	5	2	2	4	3	1	1	5	2	5	4	5	1	5	2	5	3	5	3	5	5	3	1	2	4	4	5	

All component type numbers for each job to be processed by HSPM
16	72	2	14	18	63	17	12	3	41	7	26	0	2	13	1	10	31	8	23	4	24	
11	47	5	26	15	13	7	21	4	59	1	14	18	41	
19	29	1	67	14	70	13	57	5	54	8	43	4	35	15	52	2	72	
8	13	7	17	15	41	18	63	10	32	16	57	14	2	
16	7	10	30	14	5	2	71	13	61	3	50	11	21	4	15	
9	54	0	5	13	6	12	35	15	27	11	12	17	9	10	2	14	34	
4	15	15	65	9	60	10	75	13	49	18	62	2	61	7	37	19	64	8	67	14	10	12	29	
16	46	11	64	10	66	0	39	8	31	7	11	6	67	9	70	13	28	14	50	17	7	
12	10	6	31	8	62	17	2	13	4	7	19	1	30	2	6	5	58	11	16	
4	1	0	46	17	68	18	2	5	28	19	30	12	64	9	63	6	9	3	55	14	41	8	45	
11	57	12	55	6	15	15	6	4	50	1	23	17	68	19	34	13	24	0	67	
4	14	5	75	16	58	9	54	6	24	
18	12	17	63	7	47	10	66	8	11	15	31	11	74	13	21	5	69	4	7	
13	32	6	14	9	40	19	57	3	33	8	45	
19	65	10	36	0	4	18	1	13	48	16	28	9	44	3	13	
16	34	8	45	9	17	2	31	14	62	10	15	4	74	12	50	5	73	
4	66	16	36	7	3	19	31	13	62	
17	62	19	28	14	45	9	42	12	31	
3	41	10	56	1	7	7	12	11	62	0	40	17	28	16	11	4	67	2	50	
7	4	10	43	16	61	5	74	13	24	0	47	11	49	18	15	8	54	1	1	
10	41	11	40	2	51	17	28	5	71	14	1	6	3	4	57	18	69	12	23	16	17	15	67	
19	21	18	39	9	60	1	58	5	26	
3	73	9	63	2	52	14	58	1	55	6	56	12	47	
16	28	17	42	5	6	19	71	3	33	0	69	6	43	1	63	4	61	8	55	18	18	
17	72	4	11	6	63	15	66	2	61	9	18	19	17	14	51	8	33	
2	56	15	68	13	43	17	10	10	9	18	65	4	33	1	26	14	40	
10	33	19	69	16	17	14	55	12	29	
8	49	2	1	17	74	14	13	10	38	7	20	4	16	13	19	12	68	
0	6	4	19	10	54	9	33	8	72	18	64	1	22	13	17	15	75	12	3	19	61	6	11	
16	68	18	67	17	21	1	2	2	24	9	50	8	39	12	41	10	20	
0	53	18	36	13	12	19	62	10	57	7	38	14	19	
7	66	3	48	9	38	16	18	1	28	12	29	0	10	
16	4	2	26	17	57	11	67	15	27	
19	26	9	37	16	70	12	35	18	64	11	51	8	31	4	49	15	48	13	40	
12	22	9	32	17	3	16	7	4	64	11	44	15	20	2	29	3	45	14	16	10	40	19	14	
1	72	12	42	6	73	7	69	8	22	10	51	3	2	13	37	11	17	4	45	
3	57	14	31	18	73	15	47	2	36	10	40	9	48	6	42	19	22	7	38	
14	52	6	23	2	63	1	44	10	17	3	65	8	41	13	27	15	6	17	13	19	54	12	69	
17	3	19	72	14	40	12	21	18	19	7	8	15	65	6	34	1	14	10	43	
11	66	16	54	5	26	0	27	6	41	7	13	
0	57	18	60	9	34	2	19	7	46	6	31	12	56	19	18	16	50	5	63	1	39	
8	50	11	55	13	37	19	41	7	46	2	52	16	4	14	65	
10	61	12	34	9	27	18	30	7	47	5	46	16	57	2	33	14	1	17	48	
6	9	9	38	7	19	10	7	8	29	18	44	1	33	2	67	
7	1	19	51	14	26	2	23	10	44	12	27	11	12	1	9	9	48	8	6	6	17	4	46	
19	75	8	40	16	49	17	68	13	10	0	15	10	14	12	59	2	17	
4	60	9	18	16	61	10	69	5	26	1	13	
6	2	9	41	19	49	16	42	10	10	
9	49	2	67	1	52	12	42	10	19	3	31	14	64	4	68	18	59	13	7	19	25	
15	19	10	20	19	53	3	4	18	21	
7	59	4	23	16	60	10	40	17	28	8	52	13	7	0	61	
12	26	8	51	11	20	17	67	7	34	2	9	14	30	5	8	4	4	9	35	19	7	
6	75	16	51	3	37	7	72	14	29	2	53	0	55	5	74	18	71	19	64	13	49	
16	62	14	23	4	25	6	13	9	22	8	14	3	42	1	8	0	69	17	59	5	66	
6	30	4	28	18	29	12	20	17	1	
5	43	4	27	17	64	9	47	10	61	12	26	15	15	
0	25	8	37	4	66	19	60	16	47	1	7	12	17	18	27	
17	12	9	54	12	26	3	70	13	36	18	5	4	51	
1	9	4	54	19	66	6	38	9	40	11	11	15	62	7	14	0	44	2	47	
2	53	10	29	6	66	16	72	9	44	14	33	4	55	
4	8	2	62	10	52	0	70	13	24	11	45	17	11	18	68	7	29	3	1	6	6	
0	13	2	43	5	60	1	22	19	58	8	12	18	69	14	67	7	1	3	31	12	16	
4	7	0	19	10	47	13	61	2	42	
7	73	2	51	8	9	18	10	10	42	12	43	14	3	15	27	5	41	
5	34	14	23	12	52	7	30	3	4	9	53	13	43	4	68	
3	65	16	32	6	7	14	17	17	68	11	43	13	19	7	64	19	57	
1	58	14	31	10	68	11	41	0	70	2	33	8	66	7	8	
3	1	13	37	0	63	15	51	7	61	18	68	2	36	11	45	6	47	19	14	17	31	
0	40	6	70	12	2	13	68	15	46	3	28	10	67	
17	9	4	13	1	52	12	50	18	26	19	51	6	57	
2	58	4	57	11	16	10	39	5	67	12	36	9	49	3	22	15	2	
16	48	12	1	5	10	7	46	3	50	
1	61	16	67	11	72	8	70	18	54	12	10	2	41	7	17	
3	71	15	56	17	67	10	1	6	15	16	33	11	12	13	45	5	25	
13	64	17	6	16	67	14	13	7	49	
0	45	6	59	17	67	13	29	8	58	18	52	14	39	15	44	16	41	10	21	3	26	4	23	
12	10	8	29	15	65	3	51	0	62	18	25	6	44	7	1	11	8	2	58	16	67	
16	53	13	12	15	63	8	20	17	4	
13	73	1	21	16	60	6	11	18	50	17	31	
14	43	8	59	17	16	15	25	12	61	19	55	7	72	10	6	
8	55	3	25	6	18	9	1	4	29	10	9	
14	65	12	13	6	47	7	21	11	14	0	17	10	49	15	1	3	20	17	72	18	71	
10	49	8	21	5	70	6	24	1	28	13	71	15	35	16	36	14	53	19	6	18	42	
6	6	17	8	1	68	18	46	7	67	15	54	5	52	12	55	
19	13	9	60	6	19	7	65	0	42	3	9	11	25	12	8	
5	72	13	50	1	42	14	12	16	23	8	49	11	43	9	63	2	57	18	48	15	68	4	8	
12	42	4	4	15	32	9	47	17	10	7	45	8	59	10	50	
7	66	3	38	0	71	10	53	8	45	18	63	9	18	4	74	15	60	13	14	11	27	19	16	
13	22	17	14	18	26	3	53	19	49	5	70	
2	60	0	72	10	20	13	19	12	12	
11	21	7	48	2	35	16	50	4	17	
12	34	1	75	6	5	19	49	11	23	8	68	18	72	14	10	15	74	9	44	16	71	
12	55	19	6	4	15	6	17	11	47	7	61	10	12	9	67	16	32	3	59	14	13	
1	37	7	43	4	26	15	13	13	32	19	22	17	30	2	52	14	7	9	75	3	54	12	66	
1	65	11	47	9	71	4	8	6	37	5	24	13	35	14	42	2	61	19	39	8	9	
10	67	12	17	11	25	17	56	9	23	16	12	
12	10	5	20	8	43	13	55	6	35	0	34	
12	12	18	72	1	30	11	23	16	37	9	26	19	13	0	53	13	75	2	34	
13	48	15	55	0	38	1	66	5	7	6	11	2	67	9	28	10	29	18	21	14	49	
4	41	16	6	14	11	15	74	11	68	2	51	9	34	1	3	6	37	3	36	17	64	8	42	

All component type numbers for each job to be processed by MFPM
9	15	3	24	7	10	2	12	4	22	
4	24	
6	24	7	10	3	16	
5	20	6	17	3	11	8	5	
6	23	4	14	3	13	
2	3	0	7	5	18	
4	18	7	17	5	25	
9	4	
7	10	9	20	
6	1	1	6	7	3	4	7	8	19	
6	17	3	22	
2	3	6	4	
6	25	
4	22	0	24	8	5	6	20	
6	11	9	25	
1	11	
5	22	1	25	3	12	0	16	9	2	
9	19	6	7	1	9	5	20	
5	5	9	17	3	23	6	22	8	8	
6	4	2	14	8	7	3	21	
9	9	8	18	1	12	7	10	
2	14	8	11	5	12	6	3	
3	21	5	6	
7	22	
5	23	6	11	2	17	4	18	
5	19	
1	10	0	20	3	21	
9	4	2	12	
7	12	5	7	1	17	
0	24	3	22	5	21	8	17	
5	21	0	25	7	17	1	14	
8	14	9	6	0	16	
9	17	
1	18	0	1	5	20	6	9	
4	18	
5	13	0	1	4	17	
9	2	0	19	3	22	4	6	
1	1	4	12	
7	8	9	10	5	13	3	6	
6	7	3	18	8	9	0	1	
0	11	2	3	1	6	
8	20	7	5	9	18	
0	7	9	22	8	25	
2	10	6	16	0	6	5	3	
8	25	
0	11	9	6	7	3	
8	22	
1	22	9	21	7	19	6	18	
4	17	2	6	6	23	
2	16	1	5	8	10	5	12	6	20	
4	16	2	8	9	21	0	23	
9	24	
7	18	3	7	9	16	
0	1	4	16	9	2	3	9	
8	2	
2	12	5	16	7	13	8	10	9	4	
3	24	
7	25	
9	15	2	2	6	5	5	13	
6	13	2	7	1	2	4	24	
3	9	7	6	5	5	
2	17	5	3	6	25	0	11	
9	2	6	19	4	8	5	22	
5	8	
7	4	2	23	
9	21	
2	7	8	4	5	21	
7	17	8	22	3	6	
2	10	9	3	1	18	
5	19	9	13	
5	22	8	20	1	5	
3	20	6	24	4	11	7	9	2	15	
5	24	7	20	0	7	4	5	
4	23	7	10	1	6	5	14	9	11	
1	7	9	24	
3	12	2	5	
5	25	2	6	7	9	3	23	
3	1	7	16	1	7	
7	23	
9	10	
9	1	3	24	5	10	1	4	6	21	
4	25	5	16	
6	7	4	6	2	20	1	14	3	23	
9	23	8	18	4	1	2	6	
5	9	6	19	7	7	2	24	9	8	
4	25	
6	1	7	23	1	13	2	3	3	17	
3	21	2	4	
3	14	4	16	8	24	6	3	0	10	
4	20	2	21	1	23	
4	6	8	21	9	12	0	1	6	10	
9	18	6	22	3	5	
5	4	7	12	6	20	4	17	8	9	
1	13	0	14	6	19	5	6	9	11	
8	24	4	6	9	7	
5	14	
1	4	9	6	
5	22	3	11	8	3	7	15	
5	20	8	22	0	25	3	8	
7	13	2	9	5	12	6	25	3	6	

Three processing times per job on each machine
The best scenario
104	213	
135	89	
106	100	
22	49	
117	97	
25	60	
128	182	
225	398	
38	71	
75	87	
167	137	
87	110	
61	74	
88	59	
145	229	
240	223	
289	83	
96	181	
57	344	
93	218	
168	166	
99	202	
232	154	
97	155	
57	41	
129	317	
215	127	
202	184	
64	158	
26	34	
166	274	
275	86	
138	330	
91	89	
90	40	
144	91	
117	423	
221	102	
87	306	
105	244	
151	89	
430	155	
148	91	
84	73	
330	205	
420	304	
21	20	
361	391	
49	51	
264	387	
34	22	
389	257	
150	103	
166	183	
217	295	
111	153	
15	23	
283	270	
167	206	
12	30	
156	126	
115	88	
311	228	
37	17	
125	138	
137	333	
209	81	
217	196	
303	136	
89	35	
162	142	
426	231	
18	19	
44	49	
54	113	
158	100	
389	97	
69	67	
122	124	
124	57	
14	23	
102	32	
71	50	
204	162	
272	280	
321	363	
187	75	
116	115	
55	26	
114	185	
170	324	
37	23	
159	61	
306	333	
37	32	
177	374	
294	256	
85	97	
272	136	
32	36	
Most likely scenario
126	315	
243	140	
178	187	
23	61	
143	144	
50	85	
146	240	
249	556	
40	131	
101	136	
220	269	
109	196	
68	98	
103	86	
157	265	
461	334	
359	163	
177	224	
110	346	
121	330	
199	274	
133	223	
383	235	
168	173	
84	67	
236	485	
303	133	
297	232	
115	268	
33	66	
213	301	
301	138	
224	477	
98	94	
110	57	
214	181	
219	569	
262	165	
112	398	
140	431	
173	159	
444	176	
189	101	
98	76	
434	269	
438	599	
34	26	
443	622	
76	57	
488	486	
60	35	
401	431	
158	135	
274	277	
294	329	
166	207	
18	24	
365	323	
186	208	
17	39	
161	199	
174	158	
504	323	
43	30	
160	140	
139	402	
262	86	
223	206	
330	215	
174	67	
313	246	
431	233	
25	35	
52	51	
67	114	
200	157	
405	143	
115	112	
185	220	
147	96	
20	33	
130	57	
79	82	
248	187	
351	423	
424	588	
299	119	
214	125	
67	34	
222	267	
331	417	
57	31	
235	80	
354	489	
43	43	
310	424	
429	282	
160	173	
325	201	
42	51	
The worst scenario
131	333	
339	186	
199	272	
30	66	
178	185	
59	127	
214	326	
326	599	
42	153	
125	173	
271	387	
151	264	
83	110	
114	90	
209	284	
613	447	
451	193	
188	294	
163	459	
155	475	
258	345	
134	249	
465	350	
198	215	
103	77	
311	627	
414	188	
336	285	
144	280	
40	72	
279	396	
405	165	
308	544	
129	119	
133	73	
313	186	
281	825	
300	224	
127	555	
207	469	
180	209	
553	213	
271	142	
117	99	
636	301	
514	876	
44	37	
557	912	
86	61	
508	718	
75	42	
506	566	
183	184	
339	401	
441	380	
181	227	
23	31	
430	415	
253	295	
18	53	
199	284	
261	164	
703	353	
63	37	
225	178	
157	462	
318	88	
264	279	
384	221	
233	75	
441	357	
489	305	
26	36	
70	74	
90	144	
204	227	
440	154	
149	119	
266	302	
159	121	
25	48	
136	78	
99	92	
262	244	
391	562	
595	832	
404	169	
284	139	
85	35	
244	364	
376	551	
74	39	
254	107	
438	674	
55	48	
451	468	
557	423	
201	226	
483	219	
58	62	
