Factories	3	Jobs	100	Machines	2

Total number of component types per job processed by HSPM
6	5	12	5	8	9	12	12	8	5	11	9	8	9	7	6	10	5	7	11	11	7	11	11	5	12	12	7	5	12	12	9	9	11	9	12	6	5	6	10	10	10	11	6	5	11	7	11	5	12	11	12	10	10	8	6	7	6	12	11	11	10	9	8	7	12	6	10	8	9	10	12	7	12	6	12	7	7	10	6	6	8	11	9	8	8	12	9	9	9	10	12	10	6	12	10	6	7	11	6	

Total number of component types per job processed by MFPM
1	4	4	1	5	1	1	3	1	3	3	1	3	2	3	5	1	4	1	5	4	4	5	3	3	4	1	4	3	2	5	4	1	5	4	2	2	4	5	4	4	1	3	5	3	4	3	4	1	2	4	1	1	5	2	4	5	5	4	3	5	3	4	2	2	3	3	1	2	2	5	5	1	3	5	4	5	4	2	3	2	5	5	5	5	4	5	4	2	4	4	2	5	3	2	4	4	1	5	5	

All component type numbers for each job to be processed by HSPM
9	71	18	46	5	55	8	27	2	23	1	34	
4	67	14	45	12	54	3	43	17	36	
14	20	12	38	18	13	10	75	17	67	0	63	15	53	4	21	6	40	16	28	1	4	13	23	
15	41	9	58	6	35	10	14	13	39	
3	41	14	52	16	1	18	70	15	67	7	45	2	15	13	32	
16	39	12	60	9	21	14	26	0	31	18	20	15	30	3	22	7	74	
11	26	1	53	9	13	2	42	4	72	8	58	14	51	0	40	6	54	18	22	5	63	19	61	
7	17	11	18	2	25	17	7	9	74	15	50	16	69	4	2	8	24	5	66	1	38	3	19	
13	15	8	4	11	34	9	40	1	43	16	70	4	41	10	62	
10	69	17	28	4	47	12	17	15	53	
8	55	19	62	15	43	16	17	18	69	13	56	7	38	14	9	17	54	11	65	1	35	
9	12	18	18	11	14	17	34	8	10	2	6	13	50	3	40	1	4	
11	30	15	32	18	10	4	21	2	54	7	2	12	44	10	66	
8	62	18	23	4	2	19	39	1	73	17	42	15	4	5	53	2	22	
4	4	6	22	3	32	5	15	1	44	16	65	7	54	
15	73	6	10	7	47	11	60	14	15	9	51	
9	15	3	43	15	18	5	45	4	29	14	57	8	23	13	21	0	41	2	12	
4	70	11	20	0	72	18	43	7	38	
3	39	5	46	7	4	11	33	16	49	10	6	2	30	
13	42	0	52	19	60	17	56	5	21	12	33	14	41	4	68	16	51	9	24	1	73	
3	19	15	62	6	40	4	67	13	10	10	33	11	70	1	32	14	35	19	74	16	44	
4	55	10	3	18	17	17	6	5	57	15	31	19	14	
7	53	16	49	12	73	9	26	0	6	11	31	17	27	6	51	4	44	13	28	18	74	
14	42	19	45	12	26	0	71	15	20	8	34	7	17	1	75	11	50	5	38	13	43	
19	45	8	21	16	60	9	29	3	61	
13	26	1	69	6	12	19	41	2	66	12	20	10	63	18	44	15	6	9	46	11	16	4	27	
0	75	4	73	7	1	2	42	18	67	16	59	9	16	6	32	5	49	10	53	1	28	13	68	
19	47	10	8	3	15	9	26	5	61	12	53	1	22	
13	30	11	6	19	11	18	9	5	46	
11	64	16	26	8	42	2	60	9	56	3	44	0	49	7	36	6	25	19	30	5	51	15	21	
15	44	18	54	6	7	16	49	9	66	5	28	13	25	19	39	1	26	17	58	14	67	4	45	
9	19	7	32	16	44	13	51	0	53	5	8	2	39	6	62	12	69	
12	21	0	33	5	28	4	34	18	14	3	50	6	29	1	13	8	62	
13	44	2	3	8	17	0	18	3	49	19	42	9	27	15	62	7	74	17	1	10	29	
13	39	4	6	8	27	12	69	16	59	0	54	11	52	3	22	2	40	
6	69	15	35	13	7	19	46	9	28	5	40	14	44	17	30	4	29	12	75	7	49	11	26	
8	70	2	71	0	2	19	50	12	14	10	5	
6	60	18	36	4	34	8	56	19	73	
13	35	5	31	16	13	11	58	19	26	9	15	
6	46	18	55	2	44	4	36	16	58	11	47	0	6	14	65	8	32	17	17	
4	32	14	64	0	34	5	60	13	28	10	65	6	42	12	8	8	13	9	71	
11	46	1	64	7	39	14	35	19	57	10	38	16	36	18	69	5	13	0	74	
11	56	13	74	10	5	9	70	5	52	4	72	1	24	15	43	2	27	7	30	8	47	
19	55	17	66	5	12	3	8	8	23	13	10	
16	23	8	60	18	12	15	37	12	56	
11	72	6	37	17	1	0	58	14	4	8	46	2	43	4	45	9	5	12	26	5	56	
16	46	4	23	10	21	17	5	9	22	1	25	7	18	
7	29	5	9	14	37	2	69	12	21	10	64	16	47	1	71	19	27	6	24	0	56	
2	69	19	14	10	53	14	67	18	65	
6	41	12	8	10	4	14	44	16	47	1	17	19	55	17	9	15	62	11	36	9	10	13	29	
0	11	12	6	5	59	9	46	2	19	7	12	1	7	19	54	13	4	11	1	16	3	
18	1	8	58	17	44	11	21	7	31	6	65	0	63	13	51	14	16	15	29	4	62	5	26	
2	73	18	29	16	7	8	66	3	22	12	63	11	20	6	72	15	42	4	48	
6	15	7	22	16	37	15	62	13	72	0	9	11	38	3	6	10	32	17	11	
0	16	10	34	8	6	1	46	11	8	12	72	3	41	14	45	
14	5	10	3	11	18	19	31	17	24	7	61	
9	65	2	63	15	70	6	30	17	62	7	17	3	28	
19	46	16	32	0	26	11	22	17	34	8	56	
2	6	18	33	4	11	10	31	3	42	17	69	13	55	14	9	9	3	16	12	0	5	8	44	
15	33	1	52	3	21	8	48	13	54	0	50	2	34	19	56	14	19	12	7	6	11	
0	65	2	7	10	16	6	75	19	67	8	45	17	39	9	68	13	71	15	59	3	53	
5	23	0	31	10	47	14	9	13	66	16	64	4	22	8	57	19	55	15	56	
10	51	1	23	16	4	7	3	6	56	17	39	14	5	15	12	9	20	
13	9	17	30	9	59	1	26	4	74	10	67	19	62	14	71	
2	46	12	17	0	51	16	22	13	39	5	50	9	56	
3	68	6	3	2	21	19	36	17	42	4	67	16	72	12	15	14	17	7	73	18	18	13	43	
9	32	17	11	4	26	3	46	14	33	8	14	
11	24	7	54	17	42	5	46	8	17	14	14	0	37	6	4	15	23	13	67	
1	4	16	37	6	61	11	73	18	39	7	70	13	6	14	18	
19	44	8	11	13	75	1	36	18	54	6	8	2	42	5	17	0	24	
4	4	1	53	17	10	18	34	6	72	5	1	10	21	14	61	15	17	19	8	
3	8	12	10	16	37	11	19	0	33	7	65	14	24	6	71	17	51	18	74	1	3	2	59	
15	58	6	18	5	40	9	52	4	50	17	46	2	43	
8	19	9	4	4	39	11	40	15	2	14	64	3	61	18	46	5	51	17	12	19	58	12	56	
7	3	13	48	0	9	17	56	12	45	9	18	
0	6	19	53	17	54	11	55	12	22	10	12	3	29	2	11	7	63	1	44	5	65	15	26	
12	56	19	28	7	3	1	20	11	59	14	6	2	43	
12	67	1	13	5	16	0	54	17	61	6	31	3	38	
8	75	4	65	10	44	12	56	16	61	14	67	6	24	5	19	3	22	9	52	
12	65	13	60	17	52	4	59	2	17	1	32	
10	6	2	9	19	16	12	18	14	50	3	33	
6	26	7	62	2	29	8	1	0	19	13	12	4	72	18	9	
19	29	1	63	6	69	9	7	13	20	11	37	5	24	3	25	4	18	16	5	10	74	
14	21	12	37	1	50	16	19	8	53	9	26	0	36	19	34	17	64	
16	37	14	19	18	31	19	64	12	39	10	21	5	62	17	49	
4	8	11	24	1	63	16	59	14	15	6	56	13	12	2	28	
19	75	15	63	10	66	0	60	5	1	9	58	7	24	1	23	3	68	8	7	14	16	4	33	
2	27	14	1	17	73	7	51	1	12	3	56	11	2	15	23	8	39	
18	27	7	15	4	68	11	22	0	34	19	11	5	4	15	47	2	12	
8	23	5	70	9	14	7	15	14	12	16	21	11	3	17	20	1	75	
19	63	9	16	0	57	2	42	12	48	14	26	18	5	4	56	16	62	17	64	
3	47	5	45	15	42	8	7	0	18	16	34	11	56	4	43	13	55	19	48	10	67	2	9	
11	33	9	73	14	6	12	4	1	62	2	21	3	40	6	5	7	64	10	69	
2	38	5	36	16	73	12	56	4	23	6	54	
6	74	19	34	9	37	16	7	12	16	2	35	13	20	14	54	7	69	4	53	18	40	15	30	
15	9	3	40	11	64	1	46	17	62	5	61	16	34	8	26	12	54	19	58	
19	57	8	25	18	14	0	62	11	70	13	43	
3	28	7	49	1	2	6	53	9	63	16	68	8	39	
16	35	10	19	2	14	11	56	19	48	6	54	15	63	13	16	14	52	12	49	3	20	
11	13	14	3	16	14	8	58	2	51	6	38	

All component type numbers for each job to be processed by MFPM
4	3	
0	3	1	24	8	20	2	7	
7	19	4	12	6	5	8	24	
5	9	
6	10	9	22	5	5	3	7	0	3	
4	25	
9	9	
6	2	8	12	0	22	
2	9	
4	8	9	21	0	7	
8	2	2	3	4	19	
2	6	
3	10	4	12	6	19	
3	12	1	3	
8	18	7	10	6	4	
3	16	8	10	9	13	4	18	1	8	
1	1	
6	12	0	7	9	25	5	8	
5	19	
7	17	9	9	0	23	4	25	6	16	
2	22	3	16	8	11	4	4	
9	24	5	5	4	10	3	11	
9	10	6	23	7	20	1	15	3	3	
1	24	4	11	8	3	
2	3	7	1	9	2	
3	11	6	19	0	22	9	2	
2	3	
7	15	4	14	3	20	8	25	
7	3	5	25	4	1	
8	7	7	18	
8	17	3	18	5	4	4	22	9	1	
4	6	7	13	0	17	5	5	
9	6	
5	11	8	10	1	16	2	5	0	17	
8	23	9	20	7	18	2	10	
8	11	2	15	
8	21	7	10	
5	20	1	1	6	22	0	16	
8	15	6	22	0	20	9	24	2	1	
2	2	4	13	5	8	7	19	
4	5	1	22	6	13	8	11	
5	1	
4	16	2	8	5	12	
9	23	0	18	6	15	7	20	8	5	
0	20	6	10	8	2	
1	22	3	19	6	15	4	5	
7	16	2	8	9	1	
1	23	0	18	3	3	8	4	
8	5	
3	14	8	4	
2	22	5	17	4	5	7	24	
1	5	
6	17	
8	6	0	19	4	20	1	8	9	11	
2	5	5	18	
9	24	5	10	8	18	3	1	
6	7	4	9	8	20	2	6	1	24	
8	2	9	14	7	10	0	8	2	16	
4	5	1	23	3	15	2	9	
6	19	0	13	5	16	
0	3	5	16	1	19	8	13	9	11	
2	3	8	20	0	22	
0	16	8	23	3	4	4	10	
7	10	1	16	
6	19	8	8	
7	25	4	6	1	7	
0	9	5	18	9	4	
9	14	
0	15	4	13	
7	13	8	4	
3	19	6	16	9	7	1	20	8	13	
1	5	0	1	3	21	4	9	8	6	
8	10	
2	6	0	23	3	16	
1	21	2	20	7	15	0	23	4	10	
8	9	2	13	1	25	5	14	
0	18	3	16	6	15	4	3	8	13	
5	8	2	5	4	12	1	4	
8	16	3	8	
7	12	4	22	3	2	
6	18	8	2	
1	11	8	13	7	7	4	16	0	18	
7	4	1	23	5	1	4	10	2	14	
3	9	1	1	5	12	4	14	2	8	
7	5	4	13	9	14	5	19	3	22	
6	17	3	2	4	19	5	6	
3	16	9	18	0	11	6	19	8	3	
8	5	6	18	0	12	1	4	
3	20	0	18	
7	7	3	3	2	21	6	10	
9	5	3	15	5	9	4	19	
0	18	6	8	
6	6	0	15	8	24	7	11	2	13	
0	10	3	11	8	20	
2	17	0	13	
6	25	2	8	3	20	9	15	
6	18	7	10	3	17	0	24	
9	24	
9	23	4	9	0	14	7	24	8	5	
6	13	7	8	3	10	9	4	4	24	

Three processing times per job on each machine
The best scenario
418	309	
1340	801	
128	218	
715	174	
170	112	
856	431	
527	243	
1108	742	
1061	303	
135	109	
215	270	
468	531	
341	314	
395	273	
201	207	
450	354	
423	570	
618	637	
298	360	
896	278	
122	172	
503	523	
222	352	
183	668	
146	485	
833	852	
287	572	
616	839	
383	786	
179	157	
293	252	
700	826	
1278	487	
42	47	
572	500	
200	263	
443	183	
87	232	
720	347	
92	175	
632	295	
117	118	
192	156	
406	773	
214	341	
112	66	
290	140	
311	342	
221	105	
723	280	
300	293	
382	917	
688	724	
187	88	
104	215	
117	102	
337	361	
575	663	
345	986	
96	235	
190	275	
85	85	
834	558	
164	133	
790	611	
225	192	
353	543	
85	188	
324	276	
902	318	
573	336	
679	874	
564	497	
564	483	
287	512	
205	240	
453	699	
424	1207	
236	266	
507	262	
165	126	
173	560	
253	191	
228	387	
351	217	
157	268	
415	445	
257	536	
609	290	
413	444	
347	159	
282	490	
125	191	
403	163	
86	56	
342	822	
153	153	
394	324	
177	333	
288	229	
Most likely scenario
766	481	
1497	1184	
209	232	
741	274	
199	204	
1000	572	
789	417	
1126	769	
1176	316	
187	117	
403	408	
470	639	
608	316	
754	315	
208	303	
560	378	
715	625	
723	910	
478	716	
920	365	
131	190	
816	784	
226	630	
243	914	
281	510	
1265	1061	
358	679	
694	1027	
481	1167	
236	225	
303	358	
852	1177	
1313	703	
73	60	
639	743	
225	286	
492	331	
105	239	
1249	598	
116	206	
727	547	
168	137	
213	244	
742	1351	
363	536	
207	78	
332	261	
567	400	
250	133	
773	369	
321	404	
741	922	
817	883	
254	135	
120	231	
141	201	
447	711	
606	798	
412	1243	
134	250	
287	296	
100	86	
971	574	
207	225	
1159	1205	
340	222	
411	602	
110	201	
618	538	
1057	359	
999	345	
888	1054	
912	985	
620	544	
443	810	
229	283	
815	786	
458	1307	
285	356	
598	506	
180	154	
260	687	
329	309	
429	479	
359	243	
281	280	
780	555	
431	854	
755	386	
669	888	
466	291	
296	497	
134	240	
620	263	
97	101	
684	888	
256	195	
620	475	
249	435	
308	267	
The worst scenario
775	670	
2040	1752	
291	327	
800	396	
260	274	
1205	643	
1122	502	
1421	1146	
1336	452	
232	147	
573	470	
514	770	
784	360	
819	333	
296	314	
610	393	
847	859	
796	1152	
596	1041	
1258	433	
153	233	
842	907	
244	781	
358	1011	
328	543	
1351	1318	
392	733	
924	1039	
579	1445	
249	330	
363	406	
1266	1453	
1604	999	
98	79	
765	796	
287	353	
640	355	
129	281	
1612	622	
161	274	
987	587	
182	184	
291	288	
759	1510	
467	645	
290	92	
476	281	
730	551	
327	161	
1000	551	
406	455	
962	1254	
899	1279	
352	164	
168	320	
151	242	
535	837	
732	865	
584	1297	
178	368	
395	301	
107	103	
999	625	
301	310	
1725	1213	
465	228	
597	891	
150	292	
825	738	
1375	404	
1129	497	
1163	1369	
1148	1217	
815	608	
599	1166	
304	420	
1115	880	
640	1539	
379	509	
744	718	
217	196	
362	861	
384	316	
638	637	
388	357	
371	337	
1122	698	
508	1004	
1055	513	
912	967	
468	335	
381	665	
179	273	
857	374	
139	106	
810	1213	
261	201	
621	533	
337	569	
412	364	
