Factories	6	Jobs	200	Machines	3

Total number of component types per job processed by HSPM
10	7	10	8	9	10	10	10	6	9	6	9	7	6	5	10	8	10	10	5	6	5	8	10	8	5	6	6	5	12	8	10	10	7	7	5	11	12	10	9	5	12	12	12	9	10	7	8	11	10	9	12	11	5	6	12	11	12	7	7	11	11	10	8	10	8	10	8	6	12	8	9	6	10	10	6	5	5	11	9	9	7	11	5	5	7	8	5	12	10	12	12	8	5	10	7	10	10	12	7	10	10	6	12	9	10	8	7	12	8	8	6	12	8	6	6	12	10	12	11	11	6	6	12	11	11	6	5	9	12	12	12	6	5	12	8	5	12	7	7	6	11	6	8	10	5	12	8	8	7	12	8	8	9	12	6	6	5	8	11	8	7	10	6	11	5	8	7	12	9	6	6	11	5	6	5	12	7	5	11	9	5	8	11	10	10	6	12	7	10	8	10	7	10	6	5	10	11	12	8	

Total number of component types per job processed by MFPM
5	4	1	2	3	2	3	3	4	2	1	5	1	3	1	5	2	1	5	4	1	2	3	5	2	2	4	2	2	4	1	4	1	2	3	5	1	1	3	3	3	5	1	4	4	2	4	2	5	1	1	1	5	3	4	5	2	5	3	5	1	1	5	4	1	4	3	1	2	2	4	1	2	5	5	4	5	1	5	3	5	4	3	3	3	3	1	3	5	1	1	3	4	2	3	1	3	2	3	3	4	1	1	3	5	5	3	3	4	3	3	5	2	2	3	4	4	5	4	2	3	1	1	4	4	2	4	2	4	1	1	3	4	1	3	4	5	3	5	3	1	1	5	2	5	4	1	2	1	4	1	4	4	4	4	4	2	2	5	4	4	4	4	2	4	4	4	2	4	2	4	5	4	2	2	2	5	5	5	3	2	4	2	1	2	5	4	3	4	2	3	3	4	1	4	3	3	1	4	2	2	4	4	1	5	1	2	1	1	5	5	2	1	2	5	2	5	4	5	3	4	5	5	4	5	3	4	2	5	2	2	5	3	2	5	1	3	4	5	5	2	1	2	5	4	1	1	5	5	1	1	5	3	3	1	5	4	3	2	1	5	3	1	5	3	4	1	1	2	5	1	4	3	5	2	2	3	5	5	3	2	4	1	1	1	3	4	1	2	3	5	5	3	3	3	2	1	4	4	3	5	5	3	1	5	5	4	2	4	3	4	5	3	5	3	2	3	3	3	5	5	5	4	3	4	5	1	2	4	5	3	5	4	5	2	1	2	1	2	1	3	4	2	4	3	1	5	5	2	5	4	5	5	4	4	5	2	1	2	4	5	1	1	3	1	2	1	2	1	1	5	2	1	2	5	3	4	3	3	3	4	1	4	1	2	2	4	2	2	1	1	2	4	4	4	5	2	4	5	1	

All component type numbers for each job to be processed by HSPM
14	29	8	57	16	20	3	27	2	5	9	23	12	8	11	24	18	11	1	38	
10	68	9	46	3	8	16	53	11	6	7	41	13	4	
11	68	14	71	15	46	13	20	7	59	18	21	2	66	19	31	8	43	4	42	
14	39	12	64	15	3	2	41	0	71	18	53	11	21	5	24	
18	13	3	62	9	18	15	46	0	11	2	64	14	48	6	55	13	36	
17	8	19	28	7	17	18	69	0	73	11	10	5	12	16	19	9	27	10	2	
2	16	7	48	15	32	0	37	16	23	4	26	12	51	3	66	9	3	18	8	
19	52	13	20	14	22	8	74	3	45	0	70	9	4	6	62	15	68	1	38	
0	32	13	34	12	38	17	48	3	18	18	1	
17	75	1	41	13	26	9	37	11	69	6	47	2	3	15	33	4	4	
3	42	6	53	8	4	1	9	15	71	13	22	
11	41	15	26	9	28	4	19	1	16	12	58	7	5	0	31	6	74	
3	41	13	17	5	69	19	24	2	58	16	15	0	7	
3	35	17	57	10	30	15	71	19	69	2	26	
12	25	5	75	9	4	19	17	18	14	
12	26	14	22	1	63	17	10	10	50	13	54	18	1	8	8	3	51	19	29	
3	32	17	13	15	60	5	54	19	74	14	18	6	20	4	67	
13	2	11	63	5	74	6	45	14	52	7	24	1	31	3	7	17	4	9	73	
0	64	13	37	15	41	6	30	8	66	11	56	19	59	16	5	17	25	9	14	
12	8	7	33	4	49	11	4	3	1	
3	6	11	57	9	44	13	53	6	60	7	10	
11	41	10	69	3	47	19	58	5	17	
1	11	12	36	5	46	4	64	8	29	18	2	19	43	11	50	
10	22	6	40	14	26	1	27	8	1	12	56	4	25	2	29	18	75	19	10	
10	73	14	37	13	13	18	65	6	19	4	46	16	59	2	24	
16	26	6	57	11	15	7	1	15	65	
1	67	9	59	14	74	13	62	0	46	8	69	
10	4	12	15	4	26	16	28	17	11	3	52	
7	20	5	49	8	5	6	1	9	38	
14	14	4	66	17	39	19	10	2	5	16	25	1	1	7	31	3	11	9	71	12	65	5	73	
19	54	10	49	0	59	4	17	14	10	3	11	8	18	6	23	
13	56	2	22	7	72	4	35	9	28	8	12	12	30	6	73	15	33	3	62	
14	4	4	22	18	39	17	26	15	64	13	42	10	3	8	16	11	70	12	27	
4	6	9	27	12	71	19	33	18	5	14	7	6	56	
7	46	10	23	8	39	2	5	4	74	3	38	19	60	
19	69	1	72	3	59	18	23	16	1	
10	56	14	37	18	32	13	13	6	24	8	26	12	31	7	65	1	9	3	70	2	2	
12	41	16	8	5	61	9	20	6	39	14	19	4	29	19	38	3	57	18	62	11	35	17	18	
10	22	0	74	6	23	12	64	16	70	11	24	19	51	1	31	9	46	8	62	
16	12	4	13	6	61	8	32	3	1	11	11	18	67	12	45	5	16	
16	20	8	64	14	63	6	16	7	42	
15	24	8	3	1	31	14	18	10	45	6	15	4	30	12	50	17	7	11	32	2	29	7	69	
8	63	15	59	16	60	4	66	0	46	7	74	1	30	11	69	5	72	12	23	13	24	9	56	
1	13	12	17	11	32	5	5	10	45	3	57	2	6	14	56	18	65	16	49	13	55	0	54	
11	31	15	44	12	14	8	2	14	30	6	3	7	37	13	48	5	20	
5	10	2	8	13	5	4	44	16	49	1	6	6	25	18	30	8	71	0	1	
4	23	9	2	19	65	7	61	0	27	13	16	8	3	
11	15	15	49	14	22	12	9	9	63	16	47	19	14	6	23	
2	71	5	36	12	51	19	65	17	31	0	61	7	2	16	17	8	16	9	15	3	47	
0	57	17	20	6	21	5	19	2	33	16	5	7	1	14	2	10	43	9	15	
11	24	17	60	1	62	6	47	4	44	0	34	15	14	12	49	2	38	
19	44	1	70	2	10	4	29	13	55	17	13	9	45	7	1	3	28	6	25	10	14	11	71	
4	74	1	69	15	22	9	16	18	30	2	56	3	28	19	50	6	64	14	9	12	32	
7	57	16	1	11	22	9	27	15	6	
6	73	14	70	5	13	10	25	18	64	3	55	
5	38	3	71	17	16	6	41	2	29	19	23	8	13	12	70	7	62	14	61	15	64	13	20	
9	71	17	39	4	56	16	69	12	41	15	20	7	54	5	24	2	38	11	28	3	43	
6	46	12	58	3	69	1	44	11	64	8	20	19	52	15	11	16	75	18	36	7	23	9	63	
13	64	17	59	7	65	14	44	5	26	11	39	8	11	
9	47	3	28	5	12	19	13	10	30	16	58	7	5	
12	36	19	21	14	71	13	46	17	22	6	2	9	30	1	12	15	26	16	68	18	52	
3	8	7	66	18	75	11	13	15	67	5	71	17	3	13	73	1	31	9	19	12	45	
8	61	5	69	16	55	11	24	7	54	2	26	15	19	19	32	4	34	18	67	
18	6	9	17	8	1	7	22	10	33	19	35	0	68	5	26	
18	31	16	42	9	46	14	12	11	51	5	28	13	15	6	71	12	19	15	20	
7	20	8	70	17	41	4	21	12	69	3	6	1	34	19	61	
2	22	14	19	10	37	4	20	17	67	11	4	6	45	16	5	1	58	7	53	
3	62	16	69	5	37	9	28	14	34	8	4	2	44	7	72	
12	4	11	34	16	63	7	8	10	51	14	65	
13	64	18	75	0	10	15	66	11	34	5	4	16	46	4	6	17	68	8	49	10	17	12	45	
14	46	2	15	3	47	12	64	17	67	7	66	13	7	16	55	
11	47	1	10	8	14	14	12	7	38	10	74	13	55	17	4	4	7	
4	20	12	14	0	54	18	49	9	29	8	41	
18	62	17	17	0	5	10	39	7	6	6	27	2	35	5	75	19	8	9	20	
5	29	8	61	19	74	14	11	13	65	6	36	16	35	1	67	7	63	11	30	
8	31	19	69	9	55	16	23	7	9	13	63	
6	45	17	69	5	19	11	37	3	42	
4	58	5	27	16	31	14	6	19	1	
3	18	19	52	9	36	8	37	2	5	13	10	4	16	11	58	14	75	10	21	18	30	
13	3	8	42	14	30	3	21	12	35	15	1	0	43	2	46	17	61	
9	31	19	38	6	15	2	7	5	30	15	9	18	45	0	29	10	73	
7	40	6	16	15	17	2	21	5	19	16	67	12	18	
12	65	10	55	17	1	7	54	9	15	13	73	18	44	3	11	6	56	15	45	4	2	
5	28	8	5	4	59	14	10	7	44	
5	16	1	6	3	50	2	66	16	35	
7	39	10	41	18	9	1	10	19	45	9	63	4	23	
5	13	16	26	2	49	4	19	13	47	14	57	1	40	6	43	
17	20	18	44	5	19	11	68	8	35	
8	10	6	30	9	55	7	16	19	14	2	4	12	49	16	72	4	50	14	36	0	24	11	74	
13	6	9	17	15	16	14	34	2	30	11	8	12	48	7	69	10	7	6	60	
0	69	11	20	15	59	14	48	8	73	7	9	4	41	16	74	9	4	5	10	10	40	19	25	
11	72	8	25	7	70	9	56	14	49	18	9	0	27	3	58	19	15	4	55	13	21	1	2	
6	57	8	3	17	40	12	70	7	74	14	66	13	60	9	15	
8	19	2	41	6	66	5	4	11	33	
5	30	11	36	6	21	10	14	18	37	12	2	9	52	16	56	14	25	1	10	
12	75	19	33	17	56	10	42	8	62	15	58	18	70	
3	66	6	8	1	71	7	22	18	19	2	52	13	45	15	29	4	18	11	48	
2	58	13	31	7	40	5	13	14	74	1	65	11	2	6	33	4	18	8	47	
16	61	10	6	11	10	12	70	8	31	7	62	4	65	2	64	0	24	15	35	6	51	3	4	
10	7	4	10	11	47	14	15	6	54	15	40	7	20	
19	14	10	63	0	23	1	19	11	38	8	68	3	43	2	49	4	17	9	5	
5	26	2	34	4	57	16	31	12	20	0	35	9	29	10	8	3	64	19	6	
6	34	7	71	0	13	17	3	4	2	15	29	
8	60	13	19	16	51	12	9	11	61	1	14	19	16	10	29	14	7	3	40	18	65	2	8	
7	34	8	11	11	16	10	58	19	68	12	48	13	46	0	49	1	50	
4	43	5	38	1	13	14	33	17	73	11	21	6	39	9	41	0	45	15	71	
13	33	10	75	4	51	7	46	18	41	16	40	9	1	11	71	
10	35	4	26	14	17	19	60	16	36	15	30	6	42	
2	58	12	42	5	22	10	60	1	61	13	68	6	59	11	70	0	56	3	47	17	35	16	54	
15	42	14	66	3	74	16	43	13	26	1	68	0	31	2	23	
13	47	17	57	9	20	19	23	18	63	0	70	15	60	12	56	
1	43	4	15	10	49	14	48	18	3	0	6	
19	4	14	9	0	42	16	6	5	41	4	63	3	48	7	35	15	75	10	7	9	21	17	14	
6	21	10	28	13	19	19	43	5	62	7	16	18	74	17	57	
19	57	15	71	1	30	0	63	17	1	13	24	
14	22	19	44	15	43	9	25	6	41	13	52	
8	56	3	50	18	3	17	20	9	7	15	64	1	67	2	41	16	55	6	38	13	5	4	74	
1	22	6	46	15	71	18	53	9	67	16	63	12	62	5	15	7	33	11	11	
7	2	0	46	19	19	6	49	16	12	8	45	18	25	2	24	11	51	17	71	10	9	3	17	
5	10	10	53	2	72	3	67	1	21	12	75	6	18	16	35	18	74	14	16	15	3	
0	30	9	26	3	29	14	47	15	11	13	14	12	55	1	73	7	46	16	5	6	17	
14	22	3	11	7	2	18	54	8	70	12	8	
12	70	6	39	4	48	19	38	10	36	15	67	
4	68	13	41	18	47	16	54	9	60	14	55	3	38	15	26	5	40	6	58	10	15	17	67	
18	50	8	48	19	39	0	9	14	19	12	17	15	65	16	30	10	73	6	28	7	42	
7	5	14	54	13	49	18	68	16	23	8	60	0	52	17	50	15	75	5	12	10	35	
15	19	18	46	3	32	16	73	9	16	0	45	
10	28	5	29	0	64	6	61	15	72	
14	41	1	42	13	18	11	62	9	36	6	10	12	43	16	46	17	5	
5	67	6	7	1	50	14	13	16	2	4	27	11	42	13	38	7	24	17	26	15	8	12	16	
4	39	15	33	0	69	10	21	6	6	1	67	19	73	11	29	12	17	13	71	9	14	14	7	
17	63	5	75	13	53	8	34	19	32	18	37	16	22	6	16	0	26	3	6	1	13	2	19	
7	64	18	45	3	41	6	8	8	13	5	51	
12	28	9	45	0	35	7	75	2	49	
16	19	1	43	2	75	5	4	9	26	4	48	15	17	19	53	18	25	12	20	10	54	8	31	
10	22	9	12	8	45	17	4	19	17	3	64	6	5	13	48	
0	44	2	30	8	51	5	33	18	5	
12	7	8	4	0	68	15	69	17	17	7	29	9	30	4	14	2	24	11	2	16	38	5	54	
0	11	8	44	4	61	10	8	12	25	14	67	11	50	
2	15	0	38	17	3	11	54	10	71	4	63	8	6	
18	60	11	55	0	39	10	40	4	63	2	50	
11	28	7	61	9	11	16	54	2	32	15	43	19	5	4	53	0	8	3	37	17	40	
5	3	17	1	9	75	13	42	16	10	1	23	
0	73	7	56	9	57	12	70	13	20	16	60	4	17	1	14	
8	33	16	28	9	67	4	41	6	25	3	4	18	36	5	17	10	73	17	63	
12	24	0	52	7	4	15	65	11	70	
13	72	18	3	19	8	16	25	7	37	12	48	1	29	3	53	11	41	14	69	6	19	9	7	
15	41	12	75	9	14	14	16	16	36	2	40	3	44	1	30	
5	22	1	32	17	53	0	55	8	49	12	67	2	13	9	46	
13	53	8	13	5	28	3	27	9	20	11	49	12	25	
16	42	13	7	11	36	2	61	4	70	1	53	3	31	6	14	14	13	8	69	15	45	18	39	
16	70	15	7	2	18	19	1	17	55	3	66	18	27	1	51	
9	72	14	45	7	18	18	5	10	56	11	9	8	40	12	46	
4	44	19	70	3	61	13	29	2	48	5	47	11	7	12	4	10	63	
17	46	7	17	8	63	15	32	9	64	16	68	11	40	1	30	10	15	0	73	5	43	14	12	
2	12	1	35	15	56	14	7	6	50	17	4	
15	8	16	27	6	61	3	11	5	29	4	55	
13	25	6	60	0	49	9	23	7	24	
19	32	2	48	7	27	13	35	11	34	5	19	12	58	3	29	
7	18	4	74	3	19	15	27	10	38	18	57	13	35	17	28	14	47	11	51	16	12	
18	35	12	53	16	44	0	49	13	65	4	70	6	16	8	7	
1	70	9	50	10	75	17	11	3	58	7	9	15	54	
10	57	6	62	12	19	17	73	4	23	11	43	19	67	14	29	15	55	13	56	
3	24	10	13	13	57	6	3	15	20	12	72	
18	19	6	12	16	45	2	68	17	41	5	25	19	6	12	46	8	65	4	42	11	39	
3	55	10	56	11	51	8	29	4	15	
1	27	16	40	8	3	15	19	4	14	9	65	6	46	14	35	
7	18	17	32	6	23	3	14	11	59	1	52	8	9	
3	43	0	3	19	70	18	39	15	48	1	27	4	36	13	65	5	19	10	22	12	18	7	53	
9	32	11	9	10	30	0	56	4	2	13	52	3	21	2	62	17	29	
12	5	16	46	3	71	2	2	19	47	4	32	
9	60	10	46	7	8	1	59	5	26	11	17	
4	12	15	63	6	20	10	55	18	43	1	49	16	34	12	74	2	29	19	45	11	10	
16	29	5	10	7	62	2	39	6	26	
8	17	0	48	10	60	19	73	5	74	17	51	
4	59	10	40	3	72	16	55	5	14	
5	24	8	4	1	10	17	14	13	15	0	51	18	62	16	28	10	21	4	44	3	25	9	53	
5	67	2	29	4	39	16	47	14	18	11	75	17	21	
13	3	6	21	3	56	12	59	7	33	
2	62	19	45	14	38	9	27	3	32	16	42	8	69	5	14	10	29	12	33	1	57	
2	43	9	48	6	57	12	10	18	58	19	62	3	6	14	35	11	34	
14	44	11	56	12	36	6	26	17	31	
14	1	11	69	0	49	6	73	18	62	10	11	4	47	13	9	
17	36	8	40	0	72	16	70	19	74	15	43	5	31	9	12	13	54	7	69	11	1	
1	49	8	29	3	55	11	5	12	9	15	61	16	59	13	75	10	3	18	67	
18	61	16	31	12	2	4	8	7	59	3	64	2	39	19	75	14	73	9	3	
2	38	5	53	11	54	3	4	16	27	14	61	
19	46	11	49	17	51	3	48	1	25	15	69	2	29	13	17	5	72	14	10	4	74	12	47	
5	29	16	54	17	34	18	39	3	2	6	37	10	18	
1	24	11	40	17	14	5	74	9	29	13	51	0	52	12	17	4	20	10	23	
4	74	17	62	7	21	12	50	8	24	5	30	6	55	9	45	
6	47	19	41	16	4	18	12	2	63	10	5	14	24	17	1	13	35	15	70	
3	12	4	44	13	3	10	10	11	24	14	11	19	65	
16	35	0	54	8	1	11	16	3	56	10	51	15	52	18	33	4	69	13	27	
17	73	10	40	15	12	0	56	6	42	8	27	
2	29	19	33	17	43	15	54	18	11	
3	27	10	56	2	29	14	46	17	20	16	34	11	75	12	66	1	52	4	18	
1	28	5	63	14	29	4	18	16	25	17	20	13	58	18	62	7	66	12	34	6	51	
11	5	3	73	8	55	4	22	19	7	6	70	12	48	13	17	15	68	9	51	14	29	2	4	
10	51	5	73	19	53	16	70	12	56	11	41	0	23	14	21	

All component type numbers for each job to be processed by MFPM
3	8	9	9	8	7	7	21	2	24	
7	46	3	39	1	40	4	41	
2	14	
6	29	7	36	
4	12	1	21	9	7	
0	28	9	48	
5	10	4	24	1	9	
7	48	1	38	5	27	
7	25	0	8	3	17	1	6	
0	37	6	29	
2	21	
8	29	6	27	3	38	0	47	1	45	
7	11	
8	49	9	50	3	38	
6	1	
2	29	9	46	0	39	5	34	6	33	
7	15	1	7	
5	45	
4	1	5	5	7	16	1	9	8	7	
3	37	7	32	5	34	4	40	
2	10	
1	27	0	33	
0	17	2	5	3	3	
0	47	2	36	6	32	9	40	7	26	
7	19	3	14	
5	49	0	44	
0	5	2	17	3	8	8	4	
9	39	4	48	
9	23	4	2	
8	40	3	48	7	33	5	30	
3	20	
7	28	4	27	9	30	3	50	
0	2	
3	47	4	32	
3	10	8	12	1	14	
1	42	9	32	6	46	5	27	0	45	
5	24	
8	35	
1	10	4	20	7	14	
0	47	3	28	9	45	
5	13	1	12	7	3	
5	42	7	32	1	36	2	27	0	44	
2	18	
9	36	3	41	6	32	2	38	
4	8	8	18	0	15	3	4	
2	39	4	37	
9	13	7	2	5	24	4	5	
9	36	3	44	
3	3	0	9	4	12	8	7	5	8	
2	31	
6	22	
1	29	
9	20	0	7	2	18	3	14	6	8	
2	49	8	43	3	48	
3	4	9	8	1	15	5	18	
8	32	9	33	2	35	5	29	7	36	
5	1	7	14	
9	29	6	31	2	46	5	39	7	44	
9	8	2	4	0	13	
7	28	0	41	1	50	5	27	9	29	
4	21	
6	49	
5	21	7	24	0	10	1	3	4	6	
4	31	5	26	8	40	7	27	
0	18	
4	45	7	27	0	33	6	34	
6	4	4	2	3	11	
4	38	
6	18	7	10	
2	32	7	30	
4	4	2	13	6	10	3	18	
0	44	
7	7	2	14	
8	30	9	46	6	40	3	27	4	43	
4	6	7	15	8	21	2	5	3	13	
5	35	9	26	0	40	2	31	
7	20	2	10	1	23	5	7	6	1	
0	44	
8	8	3	18	2	15	5	13	9	6	
3	32	5	44	2	50	
5	15	8	11	6	12	2	21	0	8	
6	31	4	45	5	44	9	32	
7	16	1	18	4	12	
0	32	4	43	1	39	
8	2	5	14	0	23	
8	41	0	45	6	50	
8	4	
0	38	5	45	6	41	
8	21	2	23	9	1	5	10	6	20	
9	47	
5	3	
2	37	8	36	5	42	
1	12	5	24	8	23	2	16	
4	29	7	30	
6	19	1	1	8	25	
6	42	
4	23	2	6	5	14	
6	27	4	42	
1	19	7	2	4	21	
0	40	7	32	1	29	
7	14	9	12	6	7	1	24	
8	34	
2	18	
3	34	2	43	5	36	
2	24	9	13	6	6	3	1	0	3	
9	30	2	43	8	36	7	47	5	33	
2	21	4	23	7	3	
7	38	4	42	3	31	
4	17	2	10	5	6	0	5	
1	27	5	29	0	49	
9	20	2	23	5	18	
6	42	2	43	1	47	3	38	0	36	
7	19	9	12	
0	46	4	42	
1	7	6	23	8	18	
2	36	3	27	8	46	5	26	
0	20	6	3	4	21	3	1	
4	48	6	27	5	26	9	35	2	41	
5	12	1	25	2	13	9	10	
8	30	3	43	
6	21	5	5	7	23	
4	50	
4	20	
9	26	3	47	8	28	4	31	
1	25	3	23	7	4	6	1	
0	37	6	35	
6	10	8	25	4	17	0	24	
8	47	6	37	
8	11	2	18	5	6	1	12	
3	45	
7	13	
3	49	5	45	1	34	
5	2	2	3	0	1	8	14	
7	33	
3	25	8	17	6	24	
4	27	2	49	5	44	0	28	
2	2	4	10	9	24	6	13	0	12	
4	33	6	30	5	44	
5	1	8	6	7	5	3	3	6	9	
9	30	2	34	6	31	
0	5	
0	40	
8	4	3	11	4	9	0	14	9	21	
5	30	7	27	
3	10	1	12	7	15	0	8	4	24	
5	35	8	28	6	41	4	29	
6	3	
3	34	2	35	
1	15	
0	36	2	26	1	32	4	44	
6	7	
3	44	8	34	1	43	0	26	
7	4	6	9	2	23	4	3	
2	40	6	47	8	28	9	43	
5	12	1	7	3	3	8	11	
3	39	0	41	7	33	9	46	
5	18	3	5	
9	39	6	49	
9	13	5	6	4	21	7	24	1	2	
5	35	4	30	7	47	3	36	
5	22	0	15	9	12	7	13	
1	49	2	37	3	27	6	32	
2	20	8	23	6	24	3	12	
9	33	8	45	
4	4	5	6	9	3	0	17	
6	38	2	39	3	35	0	45	
4	17	7	14	3	22	9	4	
3	36	1	27	
1	5	0	16	6	9	3	11	
7	48	4	26	
8	1	1	22	5	24	3	13	
7	40	8	35	9	30	3	27	5	43	
7	18	3	15	5	25	6	21	
0	35	7	31	
7	25	9	23	
4	48	3	39	
2	16	1	6	7	18	4	4	9	20	
4	31	8	36	0	49	7	35	5	28	
9	8	0	9	1	23	2	25	5	21	
3	39	4	45	5	31	
3	11	9	12	
6	28	8	39	9	46	3	49	
9	25	3	10	
0	27	
3	19	4	2	
4	33	8	35	1	32	6	42	3	43	
6	13	3	18	1	7	8	15	
5	27	8	30	7	42	
2	2	7	9	6	11	4	18	
3	48	2	42	
3	14	0	24	7	16	
0	38	1	47	8	30	
5	13	4	24	0	22	3	10	
1	39	
7	21	3	13	2	7	9	25	
1	29	0	26	2	28	
7	19	0	12	6	1	
1	43	
6	12	7	10	0	11	9	20	
9	30	4	32	
9	6	0	24	
1	34	6	37	2	39	8	43	
4	1	8	12	3	20	2	7	
5	43	
1	24	5	9	9	11	3	6	8	14	
4	42	
5	1	9	12	
3	34	
2	4	
4	33	5	35	2	50	9	34	7	41	
4	21	1	23	5	20	6	24	8	17	
2	33	7	42	
3	11	
0	41	4	42	
1	25	7	14	9	21	4	6	0	22	
2	42	8	26	
4	20	3	9	5	5	1	6	2	10	
0	44	2	50	7	38	3	48	
9	11	6	1	4	17	1	18	8	7	
2	45	6	46	7	40	
8	23	0	5	5	3	2	21	
1	30	0	43	6	37	5	35	4	36	
0	13	3	8	9	24	1	4	7	2	
6	43	5	40	2	26	0	39	
7	3	0	11	5	2	8	18	4	20	
9	43	5	42	3	47	
6	17	8	10	4	13	1	14	
1	50	0	27	
7	15	6	23	5	8	9	20	1	19	
6	33	1	27	
7	16	2	4	
7	29	9	28	5	41	1	26	4	50	
5	16	3	15	7	22	
0	27	9	48	
9	21	7	11	3	8	0	4	5	20	
5	31	
6	10	0	19	5	24	
3	39	5	27	2	40	7	35	
3	20	8	16	9	11	4	14	2	5	
7	38	5	27	2	42	4	39	6	35	
5	7	1	14	
7	50	
5	6	6	1	
7	29	4	36	8	26	9	43	1	27	
3	19	0	10	6	1	9	15	
0	31	
9	21	
9	33	7	37	5	40	4	49	2	39	
0	4	9	2	8	3	4	12	7	10	
0	36	
9	4	
9	34	1	37	0	47	3	44	7	27	
7	25	3	21	8	11	
0	38	3	42	6	43	
2	11	
5	33	4	26	9	31	3	28	7	50	
9	5	2	8	7	17	5	1	
3	26	6	39	9	44	
5	3	9	17	
5	44	
8	14	0	2	3	8	2	13	9	10	
0	41	7	39	1	32	
8	12	
3	36	9	41	4	28	0	40	7	26	
7	21	3	7	2	17	
4	38	3	31	1	33	7	32	
7	9	
1	38	
6	5	1	24	
2	48	1	43	9	33	8	45	5	39	
1	3	
6	26	8	32	2	35	3	36	
8	14	7	8	6	24	
3	30	5	31	0	50	6	39	9	27	
7	19	2	22	
8	49	0	46	
5	22	4	2	8	18	
5	38	4	44	7	47	0	39	8	43	
6	6	0	25	5	13	8	23	7	1	
5	43	8	50	9	48	
8	12	4	14	
9	42	4	44	6	36	3	49	
9	3	
9	36	
0	4	
8	50	2	44	3	37	
7	23	4	1	1	15	0	5	
8	28	
9	1	0	16	
2	42	6	26	8	49	
1	9	7	25	3	14	9	1	0	17	
9	29	5	50	0	35	4	43	3	49	
2	12	1	25	3	13	
9	45	3	48	2	43	
7	13	6	17	4	21	
3	35	0	46	
4	5	
1	26	7	42	2	49	6	41	
4	10	9	12	5	17	1	24	
0	33	9	39	3	45	
5	19	8	3	0	10	3	20	6	17	
1	36	4	46	2	26	8	43	6	29	
7	23	2	8	9	21	
0	26	
2	14	5	5	4	24	3	19	8	2	
8	46	0	49	9	47	7	32	1	45	
2	2	7	25	8	1	9	8	
9	35	6	48	
3	25	1	9	6	21	2	23	
6	48	4	31	9	29	
7	23	6	18	3	12	1	22	
8	30	4	46	7	41	9	36	1	33	
9	11	8	18	4	13	
7	30	9	36	5	33	3	35	0	32	
0	21	2	2	7	23	
3	48	4	38	
9	11	8	6	1	8	
9	31	2	43	4	30	
0	10	7	9	2	2	
1	28	6	43	7	34	2	36	5	44	
5	20	3	14	2	11	7	7	6	15	
1	27	7	33	6	40	4	48	5	43	
2	7	7	17	6	4	3	14	
5	30	7	48	9	38	
4	9	2	23	1	22	3	8	
7	39	9	40	3	43	1	37	6	29	
0	24	
8	50	3	35	
9	16	3	5	1	22	4	6	
0	35	1	33	2	36	3	41	7	42	
6	24	3	23	9	7	
7	37	5	34	2	38	6	30	3	31	
5	20	7	16	9	23	1	15	
9	44	4	30	3	27	6	29	2	40	
6	18	9	13	
9	35	
4	15	9	22	
8	46	
7	9	8	2	
5	26	
1	4	9	21	7	15	
4	48	9	44	7	35	0	26	
2	12	9	4	
7	44	3	31	5	33	9	43	
3	18	8	12	2	6	
4	44	
3	14	2	2	6	18	1	20	8	7	
9	44	6	48	3	35	0	40	1	30	
5	11	0	14	
6	36	7	45	2	27	9	48	1	46	
3	24	2	2	1	3	6	17	
4	39	2	34	3	28	5	30	1	42	
2	24	9	23	7	6	3	7	6	19	
8	37	4	40	3	49	7	44	
1	17	9	7	7	25	2	24	
3	47	6	48	7	30	9	44	4	50	
6	1	9	23	
3	43	
7	7	8	3	
7	28	4	35	5	45	3	50	
1	20	2	2	0	13	3	6	9	5	
1	32	
0	23	
6	26	0	40	5	43	
8	6	
2	39	3	40	
1	15	
4	33	2	44	
5	8	
0	39	
9	17	2	13	1	8	6	6	3	21	
3	48	7	42	
3	21	
5	26	6	36	
2	2	4	12	8	24	0	4	9	19	
3	32	1	28	7	48	
8	14	4	11	0	2	2	4	
4	35	0	29	3	33	
0	5	9	2	8	25	
6	34	2	47	8	42	
0	14	2	3	1	2	3	24	
5	40	
2	17	0	6	1	9	8	7	
8	28	
8	11	0	15	
6	45	0	29	
4	4	3	15	8	8	9	20	
0	48	1	43	
1	19	9	11	
4	50	
8	1	
3	39	9	32	
0	23	4	12	7	7	9	22	
3	48	8	44	5	34	9	47	
3	17	0	2	4	20	2	19	
8	39	0	49	2	50	4	45	1	37	
4	8	5	12	
0	32	8	47	9	41	2	28	
8	15	9	18	5	23	4	12	3	24	
2	43	

Three processing times per job on each machine
The best scenario
204	119	328	
108	84	68	
208	304	175	
203	461	261	
246	188	218	
189	134	126	
477	109	133	
73	113	36	
197	359	186	
309	53	215	
435	212	436	
146	126	105	
358	262	370	
199	104	267	
64	316	76	
86	41	58	
195	189	193	
198	103	148	
235	279	376	
204	143	329	
50	9	32	
98	284	219	
43	55	107	
98	88	103	
246	248	297	
333	328	240	
111	58	64	
316	69	108	
292	381	172	
109	120	145	
277	278	157	
218	272	197	
96	222	87	
178	199	188	
98	100	235	
347	319	293	
217	66	199	
137	144	174	
69	59	125	
351	345	278	
160	104	86	
105	244	190	
46	42	73	
47	33	40	
335	354	160	
299	145	151	
311	99	174	
94	123	211	
35	59	21	
298	102	247	
173	95	87	
71	46	47	
22	37	35	
152	196	134	
65	53	87	
70	103	171	
233	121	168	
142	237	127	
28	21	96	
72	103	126	
38	35	32	
17	46	42	
287	247	202	
289	261	192	
93	217	91	
137	349	294	
237	105	348	
126	113	74	
320	139	146	
254	156	266	
237	152	113	
344	400	446	
101	224	209	
203	227	313	
273	207	185	
188	171	301	
46	124	113	
37	64	60	
363	240	400	
293	248	165	
414	595	152	
153	233	291	
377	259	174	
226	140	193	
73	33	31	
44	39	33	
267	250	193	
82	202	227	
173	70	113	
267	163	360	
118	215	171	
91	134	108	
78	74	158	
247	148	151	
87	49	66	
356	125	88	
87	92	46	
234	182	260	
131	110	109	
277	279	433	
98	125	79	
299	413	360	
243	174	144	
98	69	75	
21	31	39	
61	109	231	
443	143	142	
380	91	218	
102	276	449	
104	62	89	
117	47	114	
71	198	49	
126	37	71	
213	227	115	
148	77	189	
32	51	26	
63	87	58	
265	418	292	
131	78	49	
164	305	140	
58	49	37	
262	205	374	
21	68	84	
189	90	217	
254	218	197	
59	18	34	
207	222	106	
125	120	97	
284	74	219	
123	264	98	
243	93	128	
229	86	110	
22	49	37	
68	56	108	
88	110	139	
45	40	66	
267	290	514	
376	438	340	
107	372	300	
151	228	210	
48	19	54	
129	319	294	
36	39	74	
82	67	63	
510	326	197	
115	93	63	
374	211	328	
74	25	20	
287	241	183	
64	85	63	
80	128	66	
211	98	74	
162	109	231	
45	100	96	
173	209	145	
79	351	452	
157	166	129	
70	63	45	
52	81	56	
360	251	232	
209	182	231	
154	46	143	
45	66	61	
102	303	141	
266	398	308	
313	91	230	
237	231	457	
62	46	22	
61	41	59	
402	235	272	
106	131	139	
35	40	24	
322	174	106	
143	232	169	
48	60	82	
62	29	82	
94	75	143	
91	113	129	
43	24	18	
122	158	189	
114	163	206	
42	68	15	
59	43	86	
129	76	118	
105	171	261	
35	63	17	
75	195	131	
287	217	200	
213	109	146	
97	70	259	
268	190	84	
46	94	114	
145	89	198	
52	44	152	
67	57	56	
67	21	66	
86	91	109	
141	129	248	
183	226	70	
236	124	330	
Most likely scenario
256	125	334	
140	154	118	
251	366	206	
272	582	265	
252	196	255	
230	263	228	
526	174	148	
78	124	41	
207	528	283	
348	90	330	
577	294	443	
176	229	187	
465	492	508	
274	108	343	
111	356	93	
127	42	88	
233	216	222	
390	115	208	
270	323	389	
321	233	350	
61	16	39	
164	380	294	
44	73	143	
169	108	153	
323	405	396	
371	430	276	
137	93	123	
320	113	121	
304	529	173	
190	128	277	
319	304	236	
375	490	339	
99	278	154	
320	248	246	
148	161	276	
446	357	362	
344	115	336	
261	216	255	
138	63	156	
361	417	401	
213	178	113	
131	345	271	
82	53	77	
77	59	45	
344	442	270	
350	223	248	
319	161	218	
123	217	233	
57	70	35	
396	144	291	
282	123	145	
130	91	48	
31	55	70	
155	241	167	
76	73	137	
114	147	188	
284	149	298	
150	265	159	
52	42	113	
77	156	130	
58	58	36	
20	62	54	
508	266	205	
296	389	206	
124	268	116	
156	511	529	
280	123	428	
129	163	110	
328	228	182	
387	234	419	
342	159	162	
403	499	544	
192	410	279	
346	239	360	
450	277	291	
291	203	325	
75	217	157	
57	108	98	
431	261	564	
322	392	285	
468	613	204	
226	251	314	
418	297	175	
295	204	247	
122	35	47	
52	60	52	
382	282	323	
144	235	250	
250	124	135	
276	325	409	
209	301	175	
174	188	127	
109	110	180	
435	258	251	
91	92	77	
404	192	154	
89	94	60	
400	220	440	
163	149	159	
496	502	463	
158	149	115	
350	444	401	
288	219	179	
123	128	133	
30	36	56	
84	143	232	
460	162	186	
393	124	399	
198	372	471	
121	105	158	
136	57	134	
95	210	94	
200	72	88	
340	274	144	
229	108	190	
56	65	41	
68	108	59	
501	451	406	
136	80	98	
287	466	145	
75	70	48	
278	221	426	
41	77	94	
249	166	404	
304	295	374	
72	21	49	
300	229	124	
163	180	114	
442	141	241	
191	324	173	
286	105	200	
285	144	188	
42	74	41	
96	88	112	
95	169	166	
65	57	79	
290	501	521	
525	470	426	
126	457	413	
279	278	367	
61	31	77	
191	535	538	
56	40	75	
118	109	98	
548	569	373	
133	104	89	
383	256	376	
103	46	40	
311	313	271	
105	95	102	
124	175	121	
225	169	99	
182	154	333	
72	188	111	
272	238	162	
120	487	478	
224	289	134	
78	86	84	
77	102	90	
452	270	258	
386	220	344	
178	47	170	
76	74	73	
177	395	193	
307	550	412	
326	125	353	
299	452	500	
95	87	40	
68	53	66	
503	420	320	
111	193	229	
58	56	37	
424	243	122	
250	311	184	
59	98	145	
81	48	160	
185	124	181	
141	196	237	
68	42	36	
166	244	231	
174	183	218	
59	108	30	
84	64	98	
193	91	155	
127	220	353	
56	81	21	
123	229	222	
519	376	295	
279	167	207	
115	112	304	
387	370	106	
71	176	125	
280	144	310	
73	77	157	
71	68	94	
118	31	69	
115	120	169	
154	210	266	
225	245	104	
255	196	459	
The worst scenario
296	181	429	
159	160	120	
273	408	256	
365	645	316	
280	282	365	
276	348	292	
718	250	150	
84	155	49	
252	587	293	
450	95	368	
747	380	656	
252	312	231	
474	545	687	
406	138	513	
160	411	116	
145	61	93	
237	274	252	
478	165	259	
371	417	432	
323	312	409	
67	17	52	
188	453	295	
66	96	211	
216	127	173	
346	548	531	
436	565	287	
142	123	177	
325	169	167	
406	616	205	
231	133	286	
324	384	334	
499	545	504	
136	298	211	
391	322	314	
214	163	378	
637	417	463	
357	116	458	
352	237	275	
146	80	189	
414	509	464	
316	263	129	
181	368	309	
107	54	84	
85	75	56	
475	591	375	
435	252	315	
336	183	279	
140	260	241	
79	80	41	
498	206	392	
317	145	179	
182	114	50	
34	76	88	
156	351	200	
97	78	143	
125	201	235	
398	159	357	
192	290	175	
74	62	138	
84	177	164	
65	61	42	
23	73	78	
512	304	286	
344	417	235	
141	346	160	
205	532	763	
329	132	502	
152	168	148	
416	245	230	
475	307	579	
368	196	236	
483	563	569	
225	499	383	
408	295	362	
464	391	365	
292	244	435	
85	268	185	
79	152	103	
477	320	621	
478	490	426	
689	907	225	
298	311	344	
572	330	202	
440	245	333	
178	38	48	
63	72	69	
421	350	461	
162	334	324	
325	184	191	
390	396	460	
300	422	182	
257	228	160	
152	130	231	
486	315	264	
124	103	103	
414	214	170	
124	126	87	
429	282	514	
233	190	170	
506	544	564	
164	150	151	
424	525	505	
432	224	252	
154	140	181	
39	48	74	
94	177	301	
483	236	192	
423	179	502	
267	527	690	
122	132	223	
154	75	185	
126	272	130	
215	90	109	
391	385	168	
332	109	209	
63	81	54	
97	116	86	
581	670	544	
195	111	142	
367	562	191	
100	81	68	
412	303	502	
60	79	106	
331	242	583	
397	321	511	
80	23	64	
328	342	152	
211	190	143	
593	177	274	
260	454	189	
404	157	243	
292	175	206	
61	89	58	
123	130	153	
107	197	246	
67	73	96	
393	707	651	
748	582	625	
151	664	422	
338	367	474	
64	44	106	
244	795	765	
73	57	86	
121	123	120	
686	740	487	
182	129	107	
448	261	499	
137	47	55	
370	364	335	
111	117	129	
153	253	160	
287	184	129	
191	216	376	
106	254	165	
340	260	223	
132	730	564	
276	341	163	
112	111	93	
78	131	120	
603	364	304	
552	323	368	
192	53	238	
111	87	91	
217	483	201	
441	806	591	
345	180	432	
322	541	666	
137	122	44	
87	61	75	
754	504	438	
160	244	333	
68	78	41	
429	251	174	
300	382	242	
66	105	149	
83	71	178	
261	164	231	
176	267	292	
89	46	37	
189	345	329	
200	234	299	
85	155	45	
94	92	131	
283	99	206	
129	221	482	
72	104	29	
158	259	325	
712	393	420	
337	199	297	
137	145	355	
568	466	129	
84	263	164	
313	148	458	
79	98	202	
74	74	107	
124	46	89	
154	123	216	
183	286	361	
328	329	137	
315	274	574	
