Factories	6	Jobs	200	Machines	3

Total number of component types per job processed by HSPM
9	9	12	10	6	9	11	5	8	6	11	8	6	12	9	6	10	5	6	5	5	6	12	5	11	11	10	9	9	7	10	6	12	6	9	10	11	6	7	8	8	10	8	8	11	10	10	12	8	8	8	8	10	12	6	9	7	10	5	10	6	10	9	10	7	9	10	10	10	6	8	6	10	8	10	11	11	6	9	8	10	6	8	7	12	10	7	5	10	7	9	8	11	8	10	9	10	12	5	10	10	11	12	10	7	6	9	6	7	8	5	10	9	7	8	9	12	7	8	9	11	10	5	11	7	8	12	10	6	5	10	9	11	12	5	9	6	6	5	11	6	8	8	12	11	11	6	7	9	5	10	7	10	9	10	12	11	10	9	5	10	6	11	8	6	9	9	6	7	7	6	10	8	6	8	11	10	10	11	8	11	11	10	12	7	5	8	11	5	7	7	11	6	6	7	6	9	10	8	7	

Total number of component types per job processed by MFPM
1	2	3	2	5	4	3	2	4	2	1	3	4	1	2	3	5	4	2	1	4	1	3	2	5	5	4	2	4	3	4	4	4	2	3	3	4	5	3	1	3	2	2	1	2	5	5	4	5	5	3	4	1	1	1	4	4	1	1	5	3	2	3	1	3	4	5	5	5	4	5	4	5	4	5	2	5	4	2	2	5	3	3	5	1	1	2	4	4	1	2	2	5	1	5	2	5	1	4	3	2	1	3	3	2	1	4	4	1	1	5	5	3	3	5	4	4	4	5	3	2	1	3	5	4	3	2	1	3	3	1	5	5	5	2	4	4	2	5	5	5	5	4	1	2	4	4	4	3	2	2	4	1	3	3	2	1	5	4	5	1	5	5	5	5	3	3	4	2	5	3	4	4	4	4	2	4	4	2	4	3	2	4	4	2	4	5	4	1	4	2	3	2	4	5	2	5	2	2	3	4	5	4	4	5	2	4	1	5	4	1	4	4	2	5	1	3	2	2	3	4	3	5	1	1	2	1	4	4	5	4	4	5	2	4	5	1	1	2	4	1	4	4	3	4	3	4	1	3	4	1	4	3	3	4	2	3	2	3	2	2	2	2	5	4	2	5	3	3	2	2	3	5	1	4	2	3	5	1	3	5	1	1	2	5	4	3	4	2	3	1	1	2	3	2	4	1	1	3	4	4	3	5	4	3	3	4	2	3	1	4	4	1	4	2	4	4	2	4	2	3	1	5	3	3	2	1	5	2	2	1	2	1	3	1	5	4	5	3	5	1	3	2	2	5	1	4	1	3	3	3	2	3	2	1	2	4	4	1	2	2	2	4	2	2	5	5	2	2	2	3	2	3	1	3	4	4	1	3	1	4	3	4	1	2	2	3	3	2	4	3	5	4	2	3	4	4	4	3	1	

All component type numbers for each job to be processed by HSPM
4	17	18	60	11	66	3	8	15	63	16	44	13	31	14	59	8	71	
18	22	11	20	19	74	14	63	2	55	16	38	8	71	0	60	5	61	
11	31	0	51	10	2	7	52	16	32	14	4	12	69	4	45	15	42	1	50	5	56	17	14	
12	49	0	23	10	31	4	36	13	37	3	38	7	22	19	28	17	2	8	61	
9	52	0	15	1	47	10	8	3	30	11	61	
0	54	8	1	6	29	13	36	17	42	7	26	2	14	10	35	16	8	
16	47	19	13	12	68	4	11	14	49	5	30	2	42	3	7	8	75	11	43	6	56	
16	41	6	72	10	54	3	39	5	13	
18	67	9	7	0	66	14	4	12	33	4	16	3	28	13	60	
18	31	4	19	17	8	8	30	10	66	11	36	
17	19	12	55	9	51	18	63	3	11	16	53	4	44	8	72	1	24	5	31	7	38	
7	2	3	15	8	13	12	62	18	37	16	60	6	55	15	39	
7	72	10	65	5	16	19	60	3	62	13	3	
5	5	4	75	15	45	0	41	10	16	11	14	17	74	3	27	9	60	7	57	16	4	19	46	
6	56	4	31	1	66	17	15	8	5	15	70	11	26	3	61	9	48	
9	51	19	41	11	54	16	27	6	72	1	1	
1	18	4	31	14	66	12	63	13	33	7	57	16	52	6	70	17	13	3	8	
2	56	12	52	4	43	7	28	9	10	
11	21	5	70	12	55	13	52	1	2	2	65	
6	18	8	52	3	47	15	38	7	68	
11	62	8	1	13	64	0	74	6	22	
14	67	11	21	6	14	12	32	7	60	13	52	
17	45	14	17	0	50	2	63	16	28	5	20	8	46	19	12	10	73	7	64	4	56	9	39	
4	48	16	58	6	17	9	71	1	18	
2	56	12	31	0	71	11	37	17	2	14	36	18	41	9	34	19	29	3	44	4	20	
8	9	15	38	0	72	12	3	14	75	11	7	2	58	13	33	9	68	3	44	5	17	
16	53	15	22	5	29	4	37	8	4	3	63	13	30	9	23	14	64	2	8	
8	38	5	52	4	65	15	22	12	18	7	41	2	6	11	20	19	43	
11	24	19	66	0	21	6	39	5	18	3	32	14	68	18	1	4	23	
8	9	14	27	15	45	1	61	3	46	17	59	6	73	
1	2	6	31	14	30	13	22	18	73	9	74	19	61	17	8	12	70	5	13	
3	15	8	25	1	21	5	27	2	19	13	47	
9	54	6	53	7	30	0	55	11	12	1	63	8	6	5	50	16	72	17	69	14	62	4	19	
13	5	5	22	2	29	12	2	4	20	15	52	
9	50	5	18	0	24	17	1	10	37	19	4	15	65	14	66	18	30	
2	32	13	47	9	22	7	56	17	62	8	26	5	45	14	5	4	31	3	6	
16	74	11	37	13	44	15	16	6	62	18	19	7	51	2	68	17	41	0	60	14	4	
4	43	13	39	5	36	7	58	9	74	19	30	
8	63	2	50	18	48	15	62	17	40	6	72	4	75	
10	37	13	1	11	55	4	67	2	61	6	10	15	18	7	52	
5	54	14	8	3	2	9	40	11	70	7	20	1	28	10	63	
12	1	6	5	7	23	18	41	9	46	0	54	1	31	13	42	3	65	16	74	
2	70	15	33	9	56	14	58	10	63	0	6	3	20	16	23	
17	29	14	34	18	69	10	42	1	48	6	62	0	53	5	22	
6	26	1	52	9	4	7	42	5	48	16	27	15	68	14	22	2	73	0	44	8	53	
13	50	11	3	5	38	8	65	15	71	9	60	16	37	19	15	7	30	0	62	
11	41	13	9	9	4	17	73	12	57	15	50	5	51	10	10	18	6	14	58	
15	26	5	3	16	54	3	42	6	72	7	61	14	59	10	1	0	35	19	63	17	55	4	56	
10	33	14	22	11	65	15	3	4	47	13	61	8	50	1	16	
14	29	7	39	2	66	6	64	13	14	10	21	16	6	5	7	
12	64	17	54	2	19	18	50	5	38	16	60	19	72	1	61	
17	36	14	15	13	74	5	62	8	35	6	26	7	34	16	5	
4	58	2	41	14	33	11	49	5	72	3	45	15	47	19	69	16	73	18	62	
4	17	0	52	11	33	1	14	3	35	5	21	16	11	9	51	14	69	12	36	7	12	19	53	
1	31	17	28	0	5	15	38	16	39	5	50	
10	23	19	6	5	59	9	28	3	27	15	36	6	47	1	39	7	60	
19	2	4	16	14	71	1	31	2	33	3	70	11	9	
15	12	10	62	8	2	3	32	11	58	7	55	5	54	17	51	14	14	4	24	
17	61	11	29	2	6	10	10	8	74	
16	32	17	69	18	10	1	25	19	8	12	63	8	68	9	23	0	39	5	64	
12	53	1	42	16	45	17	48	0	58	9	72	
2	54	0	36	13	65	12	50	14	4	4	12	6	58	3	42	10	24	9	18	
3	7	1	60	6	22	9	48	2	6	5	64	17	27	15	44	10	69	
0	4	15	41	19	50	2	32	7	8	9	1	1	20	16	63	12	44	14	39	
14	57	3	31	17	10	11	4	8	46	9	24	0	66	
10	2	1	33	14	61	6	59	9	65	8	31	0	70	16	43	5	57	
2	50	17	36	11	66	13	57	16	17	7	64	14	67	4	44	3	24	8	32	
8	32	14	39	19	43	4	44	6	10	18	41	12	25	0	30	9	56	15	33	
10	48	5	59	8	42	16	12	7	55	6	75	13	67	19	58	15	71	1	53	
2	61	14	26	17	36	1	69	5	56	13	40	
15	28	5	14	1	30	11	72	3	15	18	44	2	21	10	13	
13	29	15	25	16	6	4	64	2	31	19	22	
1	69	7	8	19	29	17	55	2	4	11	65	14	44	12	67	5	12	0	59	
10	5	16	45	3	64	18	70	1	24	0	57	2	46	6	75	
2	1	10	27	14	35	1	38	17	51	13	46	5	74	18	58	12	75	15	5	
1	44	11	60	0	34	13	32	14	54	16	64	7	11	6	9	18	36	2	12	10	2	
13	38	3	67	8	21	18	29	6	20	15	25	11	12	16	8	4	28	9	71	5	58	
0	19	4	5	14	23	10	35	13	55	5	39	
16	14	9	10	2	60	10	74	8	21	17	2	19	64	18	68	6	61	
15	37	18	73	5	33	12	4	14	60	10	1	7	21	3	29	
16	68	9	66	8	8	18	35	15	32	12	31	19	48	10	28	1	63	5	46	
18	74	7	37	17	51	1	46	10	3	2	6	
0	67	16	4	15	25	2	31	6	26	8	43	19	53	1	14	
14	70	10	27	8	24	7	71	17	30	6	63	12	44	
17	41	15	9	10	70	14	45	5	49	2	56	4	60	9	2	0	3	18	1	6	42	16	14	
19	67	17	34	1	5	3	59	12	60	4	73	5	42	2	32	6	65	8	51	
18	31	17	28	13	14	5	68	14	75	16	67	2	53	
13	26	0	68	6	33	11	11	19	17	
2	24	12	48	18	38	8	63	19	40	15	30	16	14	9	35	7	21	6	36	
3	49	0	69	13	46	1	1	19	56	11	51	8	5	
11	37	8	47	3	7	12	31	18	58	6	25	14	46	4	38	17	72	
19	61	8	38	12	63	13	14	3	35	18	1	2	39	9	7	
18	51	4	73	10	35	5	14	6	17	12	44	17	25	15	37	3	41	9	67	14	50	
1	46	7	34	14	23	17	20	11	62	3	24	15	72	18	4	
18	31	12	61	7	69	3	72	4	39	5	23	14	34	0	50	6	56	17	14	
8	36	12	30	16	73	19	38	4	12	7	33	5	69	6	42	0	59	
1	50	10	8	4	70	16	55	17	53	7	17	0	43	11	58	5	62	13	18	
8	27	0	24	1	32	12	35	4	12	17	46	7	67	19	74	18	62	16	41	5	60	9	50	
13	39	11	18	15	9	19	4	9	42	
17	55	8	34	2	19	5	7	14	37	13	44	15	54	9	23	19	28	4	66	
16	23	14	50	19	64	18	61	11	22	7	40	9	43	2	41	17	55	1	52	
10	35	16	1	7	68	12	56	3	23	2	19	8	16	1	12	19	10	13	42	0	26	
1	25	8	20	6	59	14	13	16	31	4	38	3	50	2	9	13	6	5	67	9	34	12	32	
8	14	10	53	6	51	17	39	1	7	16	26	19	35	11	54	2	42	12	60	
14	56	9	9	7	29	11	51	18	16	17	68	8	36	
12	2	7	49	19	70	13	47	5	14	1	1	
2	42	5	38	4	49	9	43	19	16	7	22	15	40	3	57	8	50	
10	40	11	49	3	7	16	43	1	52	2	38	
13	25	3	49	4	23	2	32	16	56	12	72	14	50	
6	72	16	9	0	4	4	22	3	26	8	25	18	42	17	69	
6	10	13	62	4	57	7	12	16	33	
15	72	4	13	12	68	19	25	16	27	0	59	3	22	11	34	1	9	14	47	
19	25	11	54	14	22	8	46	10	27	18	45	16	60	9	10	3	32	
0	19	5	53	3	37	14	13	12	72	18	1	16	30	
15	23	14	68	17	22	10	17	5	13	0	51	6	57	16	48	
12	53	2	27	19	16	18	37	1	9	8	44	6	70	0	4	4	17	
0	66	3	61	2	20	11	53	17	35	1	69	15	33	5	67	16	50	8	71	7	13	9	49	
14	52	7	60	0	29	3	11	18	19	5	10	16	2	
7	66	17	64	12	33	15	19	1	41	10	7	0	36	19	44	
14	2	18	51	4	27	3	9	12	68	0	11	7	32	2	53	13	67	
1	67	7	7	18	3	5	28	17	62	2	55	11	18	4	52	3	40	13	6	14	68	
12	9	18	47	0	72	1	15	14	27	9	60	3	26	13	75	7	43	10	74	
9	51	2	58	11	22	13	71	4	44	
18	36	12	2	17	39	15	75	14	5	9	64	8	34	13	52	2	55	1	7	19	50	
1	70	13	7	3	57	0	18	8	54	18	31	5	43	
9	51	14	20	2	64	19	47	12	66	5	62	15	45	10	23	
5	52	18	25	0	33	13	34	1	9	9	70	7	56	14	1	3	45	2	4	15	41	6	54	
5	11	12	62	0	69	14	70	19	23	7	28	11	50	1	65	18	6	10	55	
14	12	13	53	17	62	19	52	2	42	15	22	
10	50	12	63	17	34	8	39	9	65	
19	43	11	75	13	45	15	3	9	73	16	26	6	60	18	13	10	33	17	58	
1	26	17	8	9	60	10	58	15	47	16	36	5	21	14	9	8	24	
19	40	9	63	8	74	1	41	7	1	4	39	12	21	16	62	14	20	17	37	15	42	
2	17	12	54	15	48	9	15	7	63	13	69	14	4	6	38	8	26	3	43	17	10	4	13	
8	58	2	65	19	55	7	62	16	32	
13	12	17	55	18	59	1	21	5	1	9	73	3	15	4	6	8	40	
6	9	15	28	2	62	10	75	11	59	7	68	
14	60	8	25	18	48	13	30	7	67	2	2	
14	12	10	3	19	68	0	22	11	37	
17	10	15	1	14	30	19	68	1	46	13	41	8	33	16	51	0	9	5	74	10	31	
8	13	5	75	14	37	12	59	11	70	4	57	
6	4	1	2	18	60	16	71	3	34	14	52	15	28	12	49	
13	11	14	29	11	33	4	66	1	65	5	43	8	27	16	40	
1	25	3	73	16	44	2	54	17	14	18	70	13	31	10	51	0	69	19	36	6	4	7	71	
12	18	7	54	10	67	8	56	6	15	4	5	17	63	9	73	0	55	5	35	13	41	
14	21	12	64	11	19	19	74	6	22	17	51	7	69	1	17	0	68	2	62	4	12	
14	1	10	18	6	19	8	40	0	66	18	37	
0	57	13	25	2	26	15	75	19	46	6	50	14	47	
2	65	7	32	18	74	11	9	0	53	4	69	12	40	8	23	9	61	
12	27	2	14	4	49	10	16	6	69	
1	22	3	31	6	12	4	35	17	17	12	73	5	65	18	3	15	27	9	53	
12	35	1	30	11	40	6	65	9	69	2	61	5	49	
18	69	1	8	12	40	3	9	10	58	0	39	2	70	19	63	8	12	9	3	
11	56	10	48	8	17	4	57	7	47	18	8	16	46	17	18	5	41	
10	55	4	27	7	10	17	52	12	63	16	20	19	8	8	17	14	16	5	67	
15	18	4	71	1	29	12	46	9	11	2	72	7	47	10	59	8	69	16	40	13	38	0	58	
9	49	7	32	2	1	13	31	5	20	10	27	15	45	14	55	6	60	18	71	1	3	
7	38	8	31	17	49	18	51	16	7	9	32	14	25	11	65	2	22	12	9	
7	33	16	72	9	32	5	19	12	37	19	69	17	1	8	67	18	2	
18	4	1	12	17	26	6	7	0	51	
16	58	19	6	12	39	1	51	15	36	3	56	14	26	5	19	18	43	6	3	
9	59	13	65	4	75	7	26	15	22	5	41	
3	48	4	53	12	60	10	3	13	24	0	69	18	27	2	70	5	68	11	8	6	54	
9	49	3	62	18	75	17	73	5	50	0	37	10	67	15	58	
19	1	12	27	8	57	10	23	5	55	16	21	
16	73	19	1	4	32	13	12	7	20	6	14	3	67	8	8	14	55	
13	24	0	31	12	71	3	26	15	56	8	18	6	17	10	59	2	68	
13	42	6	10	11	50	14	9	1	63	9	36	
7	65	16	27	0	8	14	31	15	57	12	71	19	19	
4	42	7	45	11	57	0	43	8	60	14	68	18	31	
17	42	7	59	2	14	4	39	6	71	12	15	
9	41	8	63	4	10	15	59	10	23	19	68	6	21	18	46	14	32	16	49	
4	26	14	47	18	18	19	71	2	11	1	24	9	39	16	1	
5	63	1	5	15	13	2	4	8	59	11	73	
6	8	0	30	9	48	12	36	8	42	17	5	7	53	4	59	
4	16	12	75	15	63	13	1	7	38	10	74	1	68	3	48	18	6	17	56	0	55	
14	59	6	56	18	23	10	70	3	41	4	7	5	34	2	67	1	13	12	1	
10	19	13	38	19	57	12	40	6	11	5	15	14	37	1	63	18	59	3	24	
14	70	10	12	12	18	3	39	0	17	4	34	8	8	7	61	15	51	9	31	16	11	
15	38	11	24	2	1	8	30	4	68	3	58	16	7	19	25	
10	74	14	25	7	5	4	71	15	49	13	38	17	55	8	8	19	67	18	1	12	45	
7	32	11	19	19	71	2	46	6	17	12	55	9	50	18	4	3	31	4	2	0	42	
10	9	12	42	5	40	3	22	8	1	18	34	1	36	9	59	14	41	11	17	
15	67	11	39	19	32	8	29	17	44	5	49	1	6	7	51	13	55	0	8	4	34	9	7	
0	53	17	7	10	47	7	52	9	73	14	8	11	23	
17	51	7	5	2	47	13	34	14	14	
2	47	8	57	5	29	18	19	9	18	12	72	4	3	16	1	
5	43	3	9	11	63	13	10	18	13	0	1	16	49	8	2	12	53	4	34	15	21	
10	56	9	18	3	70	18	53	16	50	
0	72	5	68	6	35	2	27	19	57	9	63	1	67	
13	35	1	13	7	18	2	46	15	36	18	73	6	27	
19	37	14	1	0	17	15	74	18	44	7	70	11	54	8	66	17	47	4	40	12	71	
10	69	1	53	18	50	13	31	6	62	11	8	
7	51	8	72	13	58	19	12	5	38	6	48	
13	15	12	58	7	52	18	2	5	40	0	65	4	33	
11	60	17	69	5	14	7	49	16	19	6	24	
7	48	5	2	16	54	15	5	2	10	1	3	19	52	10	31	0	73	
19	30	0	24	15	58	11	19	6	70	8	3	7	45	2	46	5	56	13	63	
14	29	0	41	2	8	8	4	15	20	3	12	12	31	19	67	
17	13	12	53	10	41	8	23	18	31	4	10	1	50	

All component type numbers for each job to be processed by MFPM
6	14	
0	43	9	35	
9	9	0	17	3	15	
2	37	9	34	
2	14	6	6	9	7	5	18	8	5	
9	48	8	36	0	47	5	49	
9	21	5	10	3	6	
5	39	1	48	
2	8	1	21	6	7	7	20	
1	38	6	30	
3	12	
2	29	3	39	6	27	
8	24	4	8	0	23	1	12	
7	26	
1	24	9	10	
1	41	4	44	7	29	
9	20	1	4	4	14	2	13	7	18	
0	40	5	41	6	43	7	49	
4	23	7	5	
1	28	
2	23	9	17	8	25	3	15	
5	40	
6	2	0	8	1	21	
9	43	0	36	
8	4	5	13	1	14	4	16	3	6	
3	32	0	35	8	48	4	31	2	38	
9	4	4	11	7	12	2	15	
3	39	9	45	
3	9	2	16	6	8	5	23	
2	37	8	34	5	49	
8	20	4	13	6	16	2	22	
1	33	5	32	6	40	8	34	
7	24	8	10	5	23	3	11	
7	43	2	41	
0	18	9	2	8	23	
5	28	0	46	4	33	
8	10	7	25	1	20	5	18	
1	27	2	48	9	49	8	43	6	30	
1	24	6	5	9	3	
3	29	
0	20	2	11	7	10	
3	42	1	33	
5	10	4	14	
9	33	
6	24	2	9	
5	34	2	28	3	30	6	35	8	32	
7	13	5	19	6	4	0	3	3	8	
7	33	0	37	2	40	8	41	
4	15	5	7	2	4	9	12	7	3	
5	50	0	44	7	49	2	26	1	29	
5	4	8	5	0	17	
9	28	6	31	2	50	8	45	
9	17	
3	39	
9	7	
4	49	9	26	8	35	6	38	
5	19	8	23	6	9	0	20	
2	31	
7	7	
7	49	5	27	9	45	3	32	4	31	
1	7	9	3	3	18	
3	40	7	29	
8	1	2	23	0	17	
2	34	
3	23	4	11	8	8	
0	31	3	28	5	26	9	47	
0	19	9	10	8	13	1	18	3	3	
4	27	8	33	6	39	9	28	5	31	
9	20	0	23	3	2	4	25	8	24	
6	50	9	38	1	42	4	48	
9	13	1	15	5	14	3	22	0	3	
3	30	8	26	1	32	9	36	
3	18	0	9	4	4	9	15	6	13	
5	48	0	37	7	39	8	34	
3	4	9	2	6	12	0	3	1	18	
2	26	8	46	
1	12	4	4	0	10	2	1	3	6	
8	34	0	31	5	35	4	47	
6	23	1	19	
6	35	2	42	
5	16	1	25	9	13	7	23	8	21	
0	28	1	33	7	37	
7	16	9	1	8	17	
9	43	6	34	5	33	2	50	8	28	
7	4	
4	45	
8	4	2	23	
9	28	3	38	1	37	5	49	
0	11	9	19	3	6	6	10	
9	39	
7	10	9	23	
4	33	1	35	
5	14	1	6	6	17	4	23	8	10	
0	46	
9	25	6	11	3	21	2	6	7	17	
4	43	8	36	
5	6	1	7	9	2	7	16	6	9	
9	40	
2	20	4	8	0	9	9	16	
7	35	5	50	4	42	
7	23	4	7	
7	46	
7	19	0	25	5	12	
2	30	9	26	6	50	
5	25	7	8	
9	44	
3	12	9	15	1	7	7	3	
3	38	4	34	9	44	5	30	
2	10	
1	47	
1	13	4	4	3	9	2	20	7	21	
5	42	6	27	1	41	2	50	4	28	
2	21	3	16	7	15	
7	45	0	37	4	38	
0	18	6	23	1	20	4	24	8	25	
8	45	4	41	1	38	3	40	
3	8	1	22	7	19	9	13	
4	33	3	38	8	35	6	30	
3	23	5	11	2	15	4	6	9	18	
8	33	1	49	7	34	
5	16	3	22	
6	32	
7	18	5	17	0	23	
0	49	5	34	1	43	6	47	7	33	
4	13	7	17	3	6	2	11	
1	42	9	39	0	36	
3	21	1	2	
0	30	
7	21	2	1	5	13	
4	46	7	26	3	45	
7	5	
3	47	6	26	0	44	4	34	1	43	
2	8	8	16	7	3	9	20	5	18	
0	37	6	39	9	30	8	35	2	50	
7	20	8	11	
3	45	9	36	0	26	2	39	
4	3	1	25	2	23	6	10	
5	49	0	39	
3	19	7	15	6	25	0	6	4	12	
2	49	9	43	4	35	0	39	3	29	
4	21	8	11	1	20	3	12	7	5	
8	41	3	34	2	27	0	44	9	45	
8	4	4	10	5	23	1	1	
2	40	
4	10	6	5	
5	39	3	41	8	46	0	50	
1	9	2	19	9	23	8	24	
3	46	5	38	1	44	2	28	
4	8	1	4	9	16	
5	42	6	47	
6	23	5	17	
4	38	9	49	1	37	3	36	
1	23	
4	37	3	30	8	36	
5	14	8	15	0	10	
4	48	9	41	
2	11	
3	39	6	31	4	44	1	35	0	48	
1	7	3	10	5	18	7	11	
3	34	4	48	6	43	0	40	9	42	
7	19	
9	29	6	48	1	40	0	33	4	44	
7	6	1	18	3	22	5	24	2	23	
0	49	9	43	2	42	8	32	4	50	
7	6	0	8	2	24	3	21	4	22	
8	45	2	37	5	44	
3	7	5	20	9	13	
5	34	8	35	0	50	3	40	
0	24	2	3	
2	37	6	44	5	50	3	42	4	30	
7	6	8	8	3	5	
9	50	2	36	1	45	0	43	
8	18	5	19	7	22	9	4	
8	42	9	26	5	40	2	49	
5	4	2	5	8	23	7	11	
6	30	7	49	
1	22	3	15	2	24	7	14	
5	42	6	39	4	32	7	36	
9	11	5	20	
8	45	7	27	5	35	3	38	
5	25	9	19	1	16	
9	43	4	30	
8	15	6	21	9	20	2	18	
5	42	8	28	6	48	7	37	
6	1	3	12	
0	27	9	48	2	32	5	31	
0	2	5	8	3	1	1	20	4	16	
0	47	5	48	9	38	4	31	
3	16	
0	30	8	44	9	35	6	46	
9	9	8	22	
6	40	3	48	5	44	
0	5	6	7	
0	46	8	49	4	45	5	41	
6	14	8	4	3	12	4	22	5	3	
0	50	9	40	
5	11	7	10	4	7	9	20	3	8	
2	31	5	39	
1	9	6	4	
2	47	8	44	9	33	
0	10	1	18	2	17	6	5	
3	28	8	45	2	37	7	31	1	39	
4	4	1	11	3	22	7	1	
5	36	2	40	8	31	4	42	
7	22	1	3	0	1	5	10	2	20	
7	26	3	35	
8	13	2	8	7	7	1	24	
8	30	
0	3	4	2	7	22	9	24	1	10	
1	38	0	50	5	40	9	39	
0	16	
2	44	3	47	4	43	8	35	
6	23	9	6	8	12	2	24	
5	36	2	26	
6	14	8	17	0	24	9	11	4	3	
9	33	
3	15	8	20	2	13	
5	43	3	41	
0	25	9	24	
3	34	1	45	5	27	
1	12	3	1	7	17	9	9	
3	50	1	37	9	44	
2	11	5	13	0	10	9	8	3	1	
1	32	
0	25	
3	30	4	47	
4	24	
4	34	5	31	8	46	2	28	
6	12	1	10	9	25	8	20	
1	42	8	37	6	29	0	28	7	43	
1	4	6	1	9	22	2	25	
4	37	2	34	9	27	3	32	
7	2	0	15	3	7	2	13	6	25	
2	30	7	27	
5	13	6	8	9	19	1	4	
3	36	0	47	9	27	6	46	1	38	
5	21	
3	38	
2	12	5	15	
6	50	8	40	3	27	7	33	
2	8	
1	49	5	46	8	45	0	40	
0	21	7	3	3	5	1	1	
2	43	1	41	6	42	
4	20	3	6	5	25	7	24	
0	49	5	46	7	39	
7	9	4	12	8	23	9	3	
2	27	
1	11	4	19	6	8	
9	44	1	41	7	45	3	42	
2	2	
5	41	4	40	1	42	9	49	
4	13	2	25	3	4	
0	36	3	48	4	49	
9	23	2	12	4	6	0	1	
4	49	9	45	
1	11	4	8	9	12	
5	27	3	30	
1	5	5	24	7	21	
7	29	8	34	
5	1	0	10	
7	39	9	30	
5	23	9	13	
5	35	2	47	9	48	8	43	6	40	
7	25	1	13	2	15	5	22	
0	28	8	33	
9	6	1	13	0	1	5	23	8	22	
2	39	9	46	0	34	
3	2	8	17	1	25	
9	31	3	34	
6	8	2	2	
8	31	0	47	9	50	
9	5	8	20	0	14	5	15	6	7	
8	41	
2	13	9	1	8	3	7	18	
0	41	3	33	
3	2	0	3	4	14	
7	31	0	34	4	48	8	27	5	28	
7	7	
4	36	3	27	0	38	
8	7	1	4	9	23	2	21	4	13	
2	27	
1	8	
1	46	7	50	
6	25	2	16	4	13	3	7	9	19	
5	29	8	26	3	43	1	46	
4	5	6	21	7	12	
2	26	1	40	7	45	0	33	
1	7	2	15	
7	26	0	36	4	49	
7	16	
2	32	
8	15	7	13	
9	33	4	38	6	47	
7	13	3	24	
9	45	0	26	7	30	1	42	
6	23	
3	41	
4	5	2	19	0	1	
3	42	9	40	0	41	5	34	
5	22	8	10	1	5	2	17	
9	41	6	30	0	26	
0	16	5	4	1	18	7	13	6	21	
7	46	0	43	2	44	6	29	
9	21	5	19	2	22	
0	32	6	35	7	27	
8	1	5	23	9	9	1	24	
3	46	6	41	
6	15	0	4	9	3	
7	46	
8	8	5	9	2	16	7	2	
1	41	7	26	8	30	4	45	
5	7	
0	49	2	34	4	32	3	43	
6	9	1	10	
3	29	8	37	4	39	0	42	
9	8	6	3	4	19	7	16	
5	46	4	28	
9	9	7	14	4	16	5	15	
1	45	8	41	
4	16	0	14	1	1	
9	28	
6	17	8	3	4	11	0	7	3	6	
6	29	3	42	8	49	
7	14	6	4	2	5	
4	28	0	39	
2	20	
6	34	7	42	5	28	8	31	9	36	
7	21	6	14	
0	50	1	29	
3	8	
9	42	8	37	
5	5	
8	33	1	43	5	45	
0	3	
6	31	5	47	0	35	1	40	2	28	
4	17	7	18	8	14	6	19	
7	28	1	46	6	27	9	34	4	29	
8	18	2	20	4	1	
5	44	1	38	7	37	9	47	4	48	
7	6	
0	42	7	27	3	30	
0	21	5	17	
7	34	1	36	
6	19	9	2	2	10	0	7	8	24	
3	33	
2	1	8	12	1	2	0	23	
9	29	
8	12	4	6	7	1	
1	48	5	42	9	33	
5	8	9	3	4	5	
2	34	1	28	
0	12	4	4	6	14	
1	50	5	47	
3	5	
5	43	3	44	
5	6	3	2	1	10	2	25	
0	32	5	41	3	45	9	38	
9	10	
0	33	6	39	
2	2	0	15	
0	29	9	46	
6	19	9	10	0	23	8	2	
7	34	6	43	
8	6	3	19	
4	42	9	33	7	30	0	49	1	31	
6	7	8	10	5	6	2	5	3	1	
6	40	4	32	
1	19	7	23	
3	31	5	45	
6	4	3	1	9	23	
7	28	8	48	
6	23	0	14	2	24	
3	42	
2	17	0	6	1	2	
5	49	9	38	6	28	7	36	
6	14	0	8	8	7	1	12	
2	50	
1	13	6	20	2	14	
1	32	
5	11	0	22	3	16	7	18	
5	42	8	47	0	48	
6	1	8	22	7	17	0	16	
6	50	
8	5	2	13	
0	38	2	32	
9	9	8	5	0	17	
3	50	1	43	2	33	
6	14	2	5	
2	44	6	42	1	33	8	29	
1	25	5	4	7	23	
1	30	7	37	8	45	2	34	6	46	
3	23	4	6	1	16	8	25	
0	44	1	28	
4	7	0	16	8	8	
0	40	2	39	5	43	8	50	
5	25	7	8	1	5	6	24	
2	30	1	26	7	45	6	50	
7	9	8	15	1	24	
9	30	

Three processing times per job on each machine
The best scenario
96	215	133	
117	125	66	
284	97	291	
68	36	38	
293	151	431	
11	24	30	
162	210	172	
170	142	175	
341	126	188	
163	113	81	
250	254	294	
61	50	119	
441	385	156	
139	75	223	
150	306	141	
72	144	126	
91	198	166	
111	194	97	
35	110	96	
197	325	103	
360	155	310	
287	92	172	
263	348	93	
287	154	136	
38	51	111	
33	22	15	
37	65	82	
150	69	386	
50	68	48	
63	53	67	
172	446	193	
234	289	406	
266	167	226	
101	132	270	
80	109	41	
144	70	142	
308	265	113	
153	130	299	
286	314	352	
58	109	70	
178	72	105	
50	133	38	
288	213	102	
28	49	40	
139	288	340	
142	94	62	
126	201	204	
383	268	215	
26	66	77	
90	267	291	
167	226	227	
378	367	389	
399	105	319	
206	100	201	
19	26	24	
150	363	138	
185	51	203	
125	76	97	
152	298	319	
203	197	213	
170	417	450	
301	276	251	
255	175	125	
111	143	36	
231	158	512	
126	186	118	
375	119	264	
129	284	135	
202	121	213	
70	45	48	
147	195	288	
72	89	171	
72	233	77	
175	178	281	
214	213	106	
112	46	293	
362	230	350	
132	300	266	
35	37	38	
41	49	33	
25	24	37	
139	100	126	
157	132	153	
75	97	95	
342	443	269	
312	92	149	
283	317	383	
141	194	244	
247	250	325	
15	26	30	
167	146	100	
35	130	42	
295	150	179	
150	169	104	
161	311	99	
339	239	191	
441	122	160	
201	187	75	
96	45	50	
62	117	188	
161	94	194	
77	303	178	
123	90	69	
163	293	169	
98	222	180	
136	204	48	
53	64	55	
108	192	417	
219	166	274	
410	474	287	
67	50	83	
36	55	60	
51	141	61	
397	519	284	
97	77	37	
287	272	116	
85	76	177	
111	342	104	
531	488	121	
398	304	200	
187	299	226	
41	23	36	
73	159	164	
315	342	527	
46	47	26	
350	207	356	
404	449	237	
32	35	34	
148	101	56	
99	246	125	
15	41	13	
39	65	50	
44	64	44	
30	32	42	
176	114	188	
51	97	145	
259	143	271	
100	85	106	
18	36	56	
327	139	225	
306	268	239	
443	209	283	
122	128	73	
178	136	261	
53	75	42	
131	179	320	
159	200	95	
122	207	310	
85	124	116	
176	223	249	
230	155	168	
323	218	267	
53	67	61	
104	273	143	
32	34	116	
139	236	47	
391	88	139	
307	323	338	
154	372	125	
90	138	326	
35	73	87	
190	256	204	
181	176	107	
169	112	191	
147	118	96	
110	75	73	
157	94	188	
184	88	182	
67	99	73	
274	241	195	
301	228	307	
446	162	365	
79	62	60	
145	84	53	
68	53	22	
45	125	50	
369	376	78	
203	77	118	
85	51	157	
210	298	401	
33	70	155	
130	102	57	
177	109	125	
261	196	177	
316	195	118	
175	113	204	
232	143	330	
89	101	411	
69	35	106	
126	166	196	
113	102	52	
277	135	230	
288	206	208	
25	76	51	
243	162	123	
203	188	122	
70	171	68	
307	324	387	
143	78	51	
84	94	64	
Most likely scenario
162	246	256	
184	139	105	
384	120	304	
77	62	57	
427	221	549	
18	45	37	
184	212	178	
173	187	290	
353	207	306	
174	141	125	
444	277	420	
112	65	163	
540	527	287	
227	127	315	
271	340	253	
105	281	128	
179	205	308	
136	198	181	
42	124	98	
331	332	198	
536	247	415	
334	107	315	
416	459	150	
356	294	190	
64	78	148	
36	35	25	
69	85	85	
243	133	395	
87	91	52	
79	67	109	
325	468	278	
382	425	476	
353	209	385	
150	146	376	
82	191	80	
211	72	176	
395	284	169	
213	201	395	
308	458	450	
68	117	106	
297	80	118	
82	167	51	
435	341	197	
50	74	77	
241	452	510	
158	113	63	
156	284	264	
546	274	216	
49	74	83	
152	330	305	
280	259	242	
495	540	629	
520	179	509	
270	161	247	
30	32	41	
241	449	211	
296	102	287	
190	113	152	
198	408	604	
297	222	395	
330	480	469	
386	333	298	
362	199	130	
213	189	63	
317	183	573	
241	276	204	
422	216	315	
193	304	161	
214	168	349	
71	70	49	
256	228	356	
79	161	179	
129	375	104	
292	180	301	
311	266	203	
168	85	317	
385	448	448	
238	320	328	
61	69	41	
53	57	54	
36	42	53	
225	116	207	
178	181	199	
90	137	174	
487	497	369	
319	122	227	
320	334	401	
168	322	301	
301	401	340	
16	29	55	
202	166	144	
59	193	73	
296	298	215	
254	314	111	
210	345	195	
468	334	247	
495	193	220	
208	279	92	
100	58	57	
69	150	189	
173	178	226	
82	316	223	
140	98	87	
321	413	254	
163	238	225	
229	213	79	
98	127	83	
129	291	420	
245	233	281	
549	561	552	
97	94	95	
38	81	61	
100	198	81	
513	579	491	
101	113	47	
541	390	162	
97	124	260	
213	376	195	
542	588	230	
473	503	285	
321	416	437	
61	41	39	
131	225	226	
344	366	550	
54	62	29	
418	343	523	
556	473	438	
41	55	48	
157	182	69	
137	433	173	
21	65	20	
42	84	60	
50	78	60	
46	38	61	
313	149	284	
72	139	266	
286	165	320	
105	110	122	
34	66	58	
382	180	323	
348	431	284	
606	236	409	
167	148	87	
256	181	328	
69	113	60	
200	214	470	
170	352	163	
123	277	388	
150	148	232	
199	307	271	
276	247	294	
383	237	413	
84	134	115	
160	415	230	
59	51	141	
185	238	74	
483	156	201	
579	331	420	
229	437	139	
133	186	379	
68	99	101	
222	405	225	
191	224	177	
315	149	315	
235	223	175	
122	96	123	
201	112	214	
217	174	283	
87	143	75	
359	374	199	
517	335	476	
511	232	441	
107	120	76	
187	148	62	
79	73	36	
64	146	85	
542	499	140	
214	124	223	
94	94	191	
354	451	403	
51	134	169	
158	118	80	
195	111	224	
419	236	263	
345	293	225	
285	134	374	
409	259	455	
126	146	437	
78	66	168	
160	309	265	
169	184	76	
417	178	370	
565	295	252	
45	111	54	
269	195	171	
258	228	212	
99	193	85	
348	370	495	
190	132	102	
100	133	114	
The worst scenario
243	342	278	
204	195	109	
522	137	342	
93	85	75	
539	223	651	
20	67	51	
192	300	249	
240	196	367	
419	244	427	
243	186	137	
560	388	610	
113	96	177	
607	755	372	
254	188	372	
280	416	349	
132	324	169	
219	252	366	
203	229	256	
48	161	117	
485	422	204	
632	303	572	
427	114	455	
489	572	210	
390	370	273	
76	108	208	
48	44	28	
87	102	94	
293	143	435	
109	97	54	
96	100	157	
361	546	329	
459	540	520	
525	218	413	
163	166	518	
85	272	87	
277	88	238	
496	348	237	
226	236	472	
397	547	561	
89	127	158	
334	83	135	
122	176	73	
575	362	229	
65	98	105	
330	550	709	
191	132	75	
181	404	345	
695	411	218	
61	85	114	
186	487	455	
355	336	295	
559	648	710	
747	265	691	
322	238	356	
35	45	56	
288	569	297	
433	136	328	
206	124	179	
223	540	692	
342	275	451	
428	699	590	
544	431	422	
481	256	192	
310	207	92	
427	265	759	
314	306	291	
497	223	414	
231	352	233	
230	228	479	
105	78	56	
365	236	484	
101	192	210	
167	534	141	
352	199	428	
389	358	214	
189	121	401	
566	608	558	
270	373	335	
66	98	50	
63	67	58	
50	60	67	
227	119	310	
242	202	288	
108	138	252	
655	733	471	
415	124	339	
390	440	421	
221	466	402	
334	545	377	
18	43	66	
269	172	164	
66	226	78	
340	327	228	
323	429	128	
315	358	203	
489	345	347	
546	210	255	
279	397	95	
135	77	69	
78	164	226	
259	205	252	
85	324	235	
156	128	124	
395	612	354	
201	250	272	
298	271	111	
115	183	86	
159	356	579	
327	336	317	
783	594	823	
98	122	137	
56	94	66	
118	264	117	
667	855	659	
138	118	54	
587	399	216	
123	186	351	
285	530	214	
706	798	253	
684	568	350	
452	557	597	
90	52	46	
186	316	296	
513	458	722	
72	86	43	
620	452	524	
711	674	527	
47	81	71	
166	221	80	
147	545	184	
31	78	28	
48	99	77	
68	95	70	
48	52	74	
375	219	302	
79	161	270	
410	196	373	
155	120	149	
36	73	80	
470	244	475	
501	615	333	
686	317	411	
232	189	89	
313	225	458	
73	165	67	
206	227	603	
222	515	175	
148	299	447	
215	157	248	
211	390	331	
375	368	353	
441	247	414	
88	178	124	
171	500	303	
62	67	160	
250	301	86	
663	188	301	
781	376	447	
255	577	162	
196	230	385	
71	148	136	
311	578	316	
216	239	252	
331	196	353	
262	257	185	
150	123	164	
242	161	259	
233	213	404	
91	192	80	
506	522	288	
630	416	605	
676	293	525	
130	146	86	
275	183	84	
81	75	51	
90	212	123	
601	520	193	
272	125	250	
105	111	244	
375	572	500	
58	182	238	
174	133	117	
258	166	304	
446	333	313	
501	375	257	
406	149	559	
595	380	658	
152	201	495	
104	93	234	
179	424	282	
183	188	81	
527	257	482	
782	299	313	
55	146	58	
400	219	251	
293	252	292	
125	274	118	
367	552	574	
281	162	111	
144	194	139	
