Factories	5	Jobs	200	Machines	3

Total number of component types per job processed by HSPM
10	6	9	7	6	6	7	5	7	10	9	6	10	9	5	5	7	9	12	9	9	5	5	12	5	12	9	11	9	12	7	6	7	6	11	9	9	12	11	10	7	8	11	12	8	7	9	11	5	6	11	8	12	11	7	7	11	8	11	8	11	11	7	11	8	9	7	8	6	5	5	5	6	11	7	9	9	10	5	9	12	9	6	8	12	9	11	5	12	11	12	8	5	12	10	12	6	6	12	11	12	9	6	6	11	10	7	5	6	10	9	7	11	10	7	9	10	5	10	12	8	8	12	10	7	5	9	9	8	6	10	12	12	8	12	5	7	5	9	8	6	7	6	12	11	10	12	11	6	9	10	5	6	12	11	7	8	8	12	9	7	8	10	9	5	11	9	10	9	5	7	9	10	10	10	10	11	8	7	5	7	5	5	7	6	9	9	7	9	5	12	6	11	12	10	10	8	8	12	5	

Total number of component types per job processed by MFPM
1	4	5	5	2	3	5	3	3	4	5	4	1	4	5	5	2	2	5	5	1	5	5	4	2	3	4	2	2	4	1	5	1	2	5	3	2	5	4	3	4	3	1	3	4	3	4	4	1	2	4	4	5	1	4	5	1	1	2	4	3	2	3	3	1	5	1	3	1	4	5	2	3	2	5	4	2	5	3	3	3	2	4	3	4	3	4	3	1	2	3	3	1	2	4	1	1	3	3	5	5	2	2	5	4	3	3	3	3	5	2	2	4	1	5	2	1	3	1	4	2	5	2	2	4	5	4	5	2	3	4	1	2	3	3	1	1	1	4	1	3	2	5	2	5	2	2	3	2	3	1	5	1	4	1	4	5	5	2	4	4	2	1	3	1	3	1	5	2	3	1	2	5	1	1	4	2	4	5	1	2	3	2	4	4	4	1	3	4	2	4	1	3	5	2	2	4	4	4	3	3	4	3	3	4	2	5	4	4	2	5	5	1	5	5	1	1	1	3	3	2	2	1	2	4	5	2	1	2	5	1	1	5	2	2	5	4	4	3	5	5	4	5	2	1	2	1	1	3	3	2	5	5	2	4	2	2	1	3	4	2	3	2	1	4	2	3	5	5	1	1	3	5	5	3	1	2	3	1	5	5	5	1	4	2	1	2	1	2	2	2	5	3	3	2	3	3	3	3	5	1	4	5	2	5	3	4	4	3	1	4	4	5	3	3	3	5	3	2	3	3	2	2	5	1	5	2	5	2	5	3	3	5	3	4	4	2	1	4	2	3	5	5	3	1	4	3	1	2	5	5	5	3	2	5	2	1	1	1	5	5	2	2	1	4	3	5	2	1	1	5	5	1	4	5	2	2	4	1	4	3	4	2	5	5	1	3	1	1	1	4	4	1	2	2	1	3	4	2	3	

All component type numbers for each job to be processed by HSPM
7	41	5	62	13	38	17	57	11	34	0	9	10	29	19	16	18	15	15	46	
7	24	13	12	2	75	6	70	5	50	12	53	
0	38	1	60	11	31	19	33	15	35	6	71	3	42	14	4	8	44	
9	29	17	33	18	49	13	2	8	51	19	72	4	41	
2	14	16	67	1	70	14	74	6	44	10	26	
13	1	18	43	10	31	6	36	2	53	16	74	
3	53	10	71	11	30	18	25	2	7	0	3	19	48	
9	10	1	29	18	15	15	19	11	25	
7	8	13	4	1	42	2	21	14	58	8	26	19	49	
19	64	3	45	16	9	18	46	9	68	2	57	8	8	11	20	6	19	0	63	
3	74	6	36	4	14	8	73	7	69	15	56	1	67	17	17	14	9	
3	1	4	48	5	46	17	30	10	16	7	66	
14	70	6	6	7	46	17	7	0	18	16	68	3	43	12	39	4	21	2	23	
0	64	7	62	19	18	15	68	12	40	3	35	13	47	16	74	10	36	
16	63	14	52	13	72	18	59	8	46	
19	63	8	1	17	54	9	11	18	48	
17	67	18	6	9	7	2	48	13	20	6	34	4	3	
13	60	16	59	0	9	9	20	14	46	18	6	4	71	1	7	15	62	
9	52	1	43	10	60	5	30	13	29	2	18	16	11	8	31	14	3	3	68	6	39	0	12	
0	4	4	53	19	43	14	75	5	9	1	55	10	64	13	56	11	41	
11	32	1	53	19	17	6	51	7	18	10	1	3	69	16	60	4	42	
17	11	7	59	0	61	15	7	6	58	
17	75	10	37	19	54	14	53	9	10	
7	66	16	17	1	15	17	73	3	49	10	26	15	18	2	46	19	19	12	35	11	16	18	10	
0	17	19	21	14	52	16	59	10	24	
14	21	5	49	10	70	1	69	15	1	13	52	11	29	0	19	2	65	4	25	16	39	17	27	
16	21	19	52	15	20	18	65	1	23	6	40	5	51	10	56	8	14	
17	63	13	25	4	53	1	48	12	1	19	37	10	16	6	20	8	40	3	22	18	13	
0	20	6	24	13	47	9	67	10	62	15	32	12	4	1	11	5	57	
18	49	4	26	1	63	8	20	5	72	2	75	16	21	12	46	0	52	11	2	19	38	17	56	
6	20	9	13	1	26	12	1	10	57	0	46	13	62	
4	21	10	18	2	47	13	29	1	17	11	46	
14	35	9	52	6	2	10	68	15	11	13	29	3	28	
15	26	1	55	16	62	11	22	17	52	2	21	
15	75	18	6	10	37	7	62	19	30	0	44	3	36	2	57	17	54	13	9	5	63	
5	54	2	49	11	66	7	47	17	67	1	1	18	39	19	36	6	70	
14	17	1	45	3	58	0	25	8	1	19	71	18	21	6	33	16	49	
5	19	16	47	1	32	3	61	15	34	17	23	2	9	6	58	18	12	10	75	9	31	8	41	
3	70	16	11	17	2	10	68	7	67	14	75	13	39	15	32	9	65	12	21	6	58	
2	43	19	49	18	12	15	8	12	10	10	16	11	1	9	59	0	68	17	5	
7	44	11	24	1	8	14	32	10	69	6	9	8	63	
10	67	18	21	1	54	19	62	3	73	7	18	6	36	4	44	
10	24	13	10	2	3	8	66	6	62	4	26	7	12	5	35	3	14	9	40	15	58	
16	11	15	73	6	59	0	25	10	28	5	31	18	70	3	71	7	29	11	14	12	3	4	49	
4	11	1	16	13	20	5	75	3	59	14	21	16	63	6	41	
19	45	12	10	2	73	18	25	1	40	9	71	0	59	
5	44	9	59	7	7	17	18	16	71	8	46	2	20	19	34	10	14	
13	4	17	1	1	25	8	62	11	3	4	32	19	40	15	75	9	29	0	9	14	37	
8	26	10	35	9	30	13	54	4	71	
18	8	12	43	10	36	16	14	0	12	15	62	
11	16	3	19	13	43	0	59	4	28	9	3	8	73	17	15	5	48	2	57	7	46	
10	2	6	54	0	47	2	64	12	32	17	17	4	48	16	61	
11	42	17	56	4	2	2	47	13	22	16	71	14	36	7	27	3	55	1	50	19	1	5	30	
6	19	9	54	11	72	0	11	8	46	12	55	13	15	14	47	15	66	2	57	5	25	
16	45	3	56	2	68	7	17	12	49	15	73	0	64	
8	50	7	7	3	44	10	48	12	59	18	62	6	45	
4	11	11	18	7	52	10	8	0	55	8	34	9	74	15	12	1	16	2	41	16	6	
6	13	11	44	10	18	17	34	2	40	19	6	18	45	0	33	
5	57	14	13	12	61	10	5	1	34	15	10	4	7	13	25	0	65	8	71	9	58	
17	29	16	3	3	21	6	56	19	58	1	64	13	22	5	67	
15	17	5	14	16	32	19	46	2	23	8	4	1	66	13	43	7	18	3	25	4	52	
15	17	6	61	16	60	7	63	18	20	5	35	8	5	12	29	10	52	9	9	19	45	
8	26	7	49	16	30	10	68	4	59	6	22	11	5	
16	33	18	20	7	31	3	75	13	45	5	14	17	16	1	61	11	50	0	66	9	7	
14	23	11	58	10	17	13	16	2	54	12	45	17	65	6	60	
19	55	12	50	16	2	10	64	11	74	0	41	4	5	2	49	5	61	
15	72	5	59	17	24	6	31	7	71	11	38	18	30	
5	36	6	26	14	13	4	74	10	35	2	28	11	56	1	44	
16	2	5	16	4	57	18	58	12	3	6	62	
0	47	14	55	13	7	12	31	11	26	
0	21	12	40	13	35	2	52	7	68	
2	54	17	47	6	75	10	32	4	38	
10	9	19	35	12	14	14	23	6	10	11	54	
11	49	7	40	4	28	0	38	3	7	1	13	6	4	17	56	8	12	9	19	13	58	
12	39	15	36	11	19	13	75	17	16	9	29	3	48	
1	69	15	55	11	49	17	33	9	38	0	13	6	63	10	5	7	65	
17	69	10	17	12	45	13	41	14	18	8	48	11	6	16	1	3	7	
4	29	14	11	16	54	9	37	5	41	0	26	13	46	6	57	2	15	15	52	
16	68	1	75	19	14	10	60	0	19	
7	32	6	39	15	37	3	42	8	33	4	66	16	64	11	59	13	71	
0	4	8	61	18	25	9	2	7	55	5	39	1	8	16	45	14	63	10	19	19	23	2	60	
19	8	10	68	2	75	16	22	6	48	0	42	1	45	17	65	11	56	
17	68	7	23	11	19	12	62	15	21	4	44	
18	62	7	35	12	52	11	69	2	13	19	23	1	71	8	53	
6	45	5	2	7	32	14	64	17	34	12	15	8	38	11	73	15	39	9	14	1	51	3	47	
2	68	8	3	6	5	19	21	18	28	10	41	15	29	11	30	1	10	
14	35	3	52	15	4	6	32	1	54	11	65	17	55	2	71	0	40	12	66	9	5	
5	35	9	19	16	59	2	28	4	27	
13	3	16	4	6	19	11	73	19	48	7	20	12	64	2	28	4	50	0	24	14	40	17	26	
1	8	5	7	16	4	13	12	8	65	17	70	10	48	9	69	6	71	7	64	19	40	
12	14	7	58	17	8	2	36	5	74	6	60	1	63	9	56	18	61	15	6	0	43	4	64	
10	56	1	49	18	73	2	65	7	8	5	36	4	38	0	67	
19	1	16	23	2	6	1	9	5	71	
14	57	8	8	3	35	12	50	4	75	15	14	1	34	7	36	17	47	19	43	6	42	2	65	
16	49	4	29	3	67	14	25	0	41	13	6	17	17	18	75	12	8	6	30	
8	36	6	21	7	39	3	11	1	16	2	3	18	13	17	29	4	22	9	61	5	6	11	17	
10	42	9	64	2	26	14	41	16	63	19	47	
5	19	0	73	4	30	1	26	17	38	6	46	
19	56	5	33	11	2	8	29	0	58	18	26	17	38	16	18	9	49	14	43	2	24	12	50	
1	25	13	74	7	16	10	11	0	27	8	10	3	70	14	53	2	34	5	73	19	37	
9	67	19	9	16	51	13	3	4	18	6	70	15	64	3	75	18	46	2	61	14	34	0	44	
4	27	12	7	10	31	11	50	6	41	16	5	5	29	2	3	7	10	
5	45	17	57	10	15	13	26	18	16	11	32	
2	67	7	31	10	61	13	70	0	25	19	53	
15	73	11	28	14	27	1	20	3	11	13	59	8	26	18	15	5	68	4	17	17	10	
5	10	3	49	8	18	14	37	6	71	12	6	18	20	11	28	13	25	7	5	
2	21	10	23	1	16	4	64	5	7	15	28	12	45	
8	72	15	61	18	6	14	38	9	23	
4	70	0	24	6	67	15	25	9	54	17	36	
12	8	16	48	17	27	19	4	15	46	5	61	0	34	18	67	10	44	7	63	
19	61	7	73	14	40	18	71	13	17	16	64	4	52	15	16	5	57	
19	74	7	62	10	23	17	67	11	37	9	70	0	28	
5	29	15	71	19	41	8	18	18	75	6	1	17	56	12	9	2	35	14	16	1	68	
8	73	5	74	0	54	18	14	17	4	11	61	3	27	10	17	6	57	13	31	
11	28	16	44	10	47	17	39	8	42	12	73	5	4	
14	72	4	39	8	2	2	3	15	8	7	44	17	6	3	68	1	67	
1	51	18	60	7	35	19	37	3	21	15	66	4	42	10	16	13	26	17	24	
5	60	0	8	11	62	13	28	12	55	
6	62	5	19	15	68	17	27	3	75	7	17	18	18	16	60	11	58	9	9	
6	59	16	71	12	19	5	47	2	5	4	64	18	20	11	21	19	1	9	68	17	11	7	44	
12	52	13	43	6	42	2	58	14	13	18	8	7	31	0	47	
10	22	14	66	8	3	17	11	5	34	18	35	16	4	3	27	
6	9	13	57	11	41	17	11	7	23	15	43	10	52	4	3	3	40	16	14	0	55	5	71	
18	2	9	3	2	7	6	25	13	14	5	15	15	52	0	31	12	24	7	20	
2	27	7	66	0	55	1	75	16	73	9	46	12	65	
2	43	13	21	16	71	1	69	8	15	
1	36	14	67	12	6	10	1	0	9	6	31	7	65	5	20	9	74	
10	2	13	74	15	41	0	20	2	29	16	36	8	58	7	43	6	65	
15	24	4	73	13	19	3	4	19	58	6	43	18	62	1	29	
0	6	11	65	5	73	6	12	19	48	2	37	
11	56	1	27	8	21	16	6	3	59	17	53	12	38	5	63	4	73	6	71	
14	33	17	65	10	30	4	17	9	27	19	59	15	72	0	64	13	46	8	66	1	39	7	50	
5	3	14	53	9	15	6	73	12	19	1	8	8	7	15	52	4	75	13	34	7	4	11	38	
13	13	12	18	9	54	2	35	6	37	10	33	15	63	19	74	
9	43	19	18	13	49	1	4	4	36	12	56	17	64	8	6	6	34	18	13	11	68	15	65	
15	62	3	5	16	22	9	9	4	45	
11	28	2	13	17	48	7	33	10	2	5	14	4	69	
19	61	6	19	1	38	15	51	14	35	
13	10	2	45	4	28	0	3	8	14	6	21	11	55	9	35	18	26	
4	49	19	17	5	73	8	75	3	48	7	12	12	71	17	25	
17	16	14	39	8	9	2	17	5	67	19	59	
13	6	11	31	17	8	7	64	9	49	10	74	6	57	
7	48	13	34	11	17	17	64	16	5	18	18	
6	14	8	19	10	47	9	12	13	58	12	35	0	71	2	62	4	37	19	50	11	54	5	16	
11	50	18	57	2	9	7	68	16	22	17	34	12	8	19	7	5	14	4	12	3	10	
10	1	16	10	19	33	6	58	2	72	4	16	17	13	7	42	13	48	11	71	
7	26	16	25	8	18	4	54	9	71	13	53	15	7	6	13	10	38	18	57	12	11	11	9	
13	60	8	4	11	41	17	48	1	66	4	42	18	22	16	72	0	37	6	55	7	11	
15	29	2	39	7	61	3	37	10	43	11	5	
6	36	18	59	15	13	10	12	9	26	4	70	3	7	2	11	1	48	
11	63	14	27	16	19	12	67	8	15	6	3	4	68	1	11	13	34	2	18	
13	42	19	64	2	16	11	22	10	50	
6	69	3	20	19	56	9	64	8	22	4	59	
6	52	13	36	5	60	1	16	7	25	11	64	3	56	15	1	12	2	10	63	2	5	17	9	
6	1	19	56	3	68	0	22	1	27	9	8	16	50	2	10	18	48	14	57	8	26	
15	70	10	38	3	19	8	73	2	67	1	2	14	11	
2	33	6	62	9	67	17	57	16	12	11	3	19	32	4	72	
0	4	8	73	14	26	18	25	5	60	7	40	11	62	13	50	
12	20	2	52	17	8	6	43	0	71	16	15	3	50	10	38	13	18	7	1	5	66	1	24	
14	39	7	6	18	51	16	21	19	37	9	41	2	49	10	57	12	29	
19	25	6	73	10	3	8	52	0	1	13	46	15	13	
15	55	14	4	19	32	1	25	4	61	12	29	16	18	3	75	
8	24	3	61	16	55	10	23	4	34	15	33	9	67	14	41	5	49	17	16	
1	67	3	32	18	15	4	3	6	31	8	2	12	21	5	36	19	28	
2	49	16	16	18	4	8	42	17	53	
17	5	11	6	9	41	19	51	0	73	3	52	8	34	18	62	5	72	2	10	7	64	
3	57	15	18	1	29	19	64	11	37	2	74	12	2	18	9	14	21	
8	39	4	30	12	52	14	46	1	44	16	42	18	71	15	60	2	37	5	27	
0	20	1	67	6	7	4	30	19	2	11	64	12	3	15	75	10	15	
4	3	8	68	12	35	14	60	15	14	
14	31	17	6	19	45	0	60	4	13	3	38	13	16	
13	50	2	38	7	42	17	18	11	23	3	55	5	66	6	45	0	36	
5	15	8	35	10	7	16	11	4	22	18	19	12	42	6	10	15	3	17	13	
10	27	2	70	1	75	3	47	15	7	0	55	4	62	8	13	16	63	6	43	
0	11	15	24	1	55	2	68	5	28	18	72	7	9	6	16	14	14	10	1	
13	3	14	10	4	31	6	36	8	6	12	35	7	27	9	47	15	15	5	74	
11	58	10	50	15	46	0	52	4	41	12	2	19	48	13	36	9	33	17	13	6	44	
7	56	8	17	14	61	10	43	3	29	18	49	2	52	13	13	
10	6	17	48	19	49	1	26	7	15	0	23	16	37	
17	40	8	56	1	42	9	54	6	33	
11	38	1	63	10	48	15	25	12	37	13	27	17	32	
11	24	16	5	10	60	1	6	0	40	
19	31	0	23	16	43	12	40	6	25	
14	37	15	45	5	51	19	22	0	6	9	46	13	27	
12	12	4	58	19	14	2	26	16	51	15	49	
2	21	16	29	19	39	0	50	7	25	13	73	11	68	1	9	14	27	
2	12	18	23	9	17	4	15	11	39	12	53	1	16	14	60	16	73	
0	59	9	24	5	33	12	25	11	18	2	23	3	16	
3	28	15	73	7	72	14	46	5	49	12	61	0	20	17	57	8	17	
15	30	10	29	9	6	1	22	14	57	
15	28	13	6	0	32	17	51	10	61	2	2	14	35	3	74	11	1	19	53	12	44	6	36	
10	42	16	51	2	26	12	44	8	46	14	64	
18	24	8	59	15	38	3	55	1	60	2	68	13	62	6	71	17	58	16	22	10	19	
17	49	15	39	9	43	1	42	18	12	8	75	12	30	3	61	14	11	16	9	19	50	7	31	
2	2	6	73	14	70	18	21	19	39	3	29	10	55	5	68	16	30	1	11	
8	1	2	47	7	4	3	31	6	11	11	75	9	57	13	51	19	25	17	48	
1	40	7	54	19	13	16	3	5	67	14	74	2	64	4	46	
3	32	18	39	15	51	4	9	16	74	12	48	19	36	2	68	
15	12	19	42	13	39	10	27	18	64	1	73	11	35	12	30	0	44	7	55	4	36	17	15	
18	50	8	21	6	7	15	71	13	28	

All component type numbers for each job to be processed by MFPM
2	7	
8	41	6	48	9	42	2	28	
5	7	8	8	2	9	1	20	7	5	
8	37	6	36	7	28	0	39	1	42	
7	1	8	2	
1	32	0	38	8	49	
6	19	0	20	3	15	1	13	8	24	
2	28	0	39	3	49	
8	8	3	13	9	18	
9	35	1	40	0	36	7	37	
9	18	8	4	5	20	3	8	1	5	
3	28	8	50	4	48	2	36	
8	1	
9	44	5	45	3	32	0	46	
3	21	4	2	2	12	8	6	0	3	
5	26	2	36	3	49	7	38	8	45	
4	5	6	24	
5	40	6	37	
0	11	5	16	1	8	4	13	7	15	
1	44	4	32	2	37	7	28	5	40	
0	4	
2	30	6	50	0	43	9	32	1	33	
2	17	8	14	0	2	6	6	3	1	
6	31	2	49	3	30	7	28	
9	10	2	22	
8	32	2	26	6	47	
1	22	9	6	8	11	2	17	
6	29	3	49	
1	5	5	4	
2	35	9	31	0	28	5	43	
6	25	
4	37	0	33	5	41	7	34	6	48	
0	14	
6	48	7	45	
6	8	2	1	9	5	8	4	1	13	
3	29	5	50	9	37	
1	7	0	2	
8	39	7	28	5	31	4	50	1	49	
2	11	7	20	5	10	6	19	
2	31	6	38	8	50	
0	9	6	20	7	21	9	24	
2	29	4	38	9	47	
1	13	
6	31	9	28	5	43	
2	4	5	9	4	13	9	5	
7	49	1	30	9	44	
4	3	2	1	5	11	7	6	
0	38	8	44	1	46	9	28	
5	24	
6	38	5	28	
2	20	1	15	5	14	0	18	
9	32	0	33	5	38	1	40	
4	11	8	17	1	15	0	10	3	5	
2	44	
3	24	1	12	2	4	5	9	
0	44	5	33	6	35	8	34	2	38	
1	23	
6	38	
9	3	8	24	
9	43	7	36	0	26	6	49	
3	25	5	1	2	21	
5	47	1	40	
9	18	0	2	6	8	
3	45	1	44	0	37	
7	14	
7	41	5	33	3	43	0	38	4	32	
4	9	
3	27	6	26	0	30	
1	24	
7	38	2	33	3	26	8	47	
1	5	8	1	2	13	7	24	9	11	
7	45	4	50	
5	2	6	4	4	12	
7	49	3	41	
9	25	3	16	2	13	5	22	6	8	
3	37	1	46	5	41	4	50	
8	10	0	14	
0	31	9	38	7	33	2	30	3	27	
6	16	4	21	7	6	
4	42	1	31	8	45	
2	9	4	13	7	11	
4	30	1	43	
9	6	3	21	0	11	1	19	
6	40	2	49	0	27	
6	20	9	21	1	25	7	22	
7	28	0	44	4	43	
5	19	6	9	7	1	0	11	
2	41	9	38	7	50	
5	24	
4	47	7	36	
7	15	6	5	5	8	
2	48	7	41	8	45	
0	22	
0	32	2	45	
8	18	5	25	6	22	4	19	
2	38	
8	18	
2	39	8	33	9	32	
4	6	7	22	9	11	
3	26	8	42	6	37	0	30	9	28	
3	21	4	12	9	11	0	2	2	20	
9	28	3	39	
7	11	5	8	
2	50	6	33	0	35	9	37	4	26	
7	5	3	8	9	18	4	11	
9	47	2	28	0	32	
8	1	3	4	7	15	
3	37	4	33	6	29	
8	24	3	12	4	4	
5	27	7	36	2	31	9	29	1	28	
0	24	2	5	
4	49	0	47	
1	1	2	2	6	4	0	17	
9	33	
7	20	3	24	6	22	0	14	5	5	
9	37	2	27	
1	14	
5	26	7	43	0	45	
9	11	
0	42	6	39	2	34	1	28	
2	12	5	4	
7	26	2	46	6	38	3	36	4	34	
7	12	6	20	
8	48	9	30	
6	13	3	20	7	24	0	23	
2	30	1	47	3	49	6	36	5	42	
7	20	4	13	9	2	6	18	
8	43	7	31	9	34	1	47	2	49	
9	25	7	8	
0	50	6	29	9	48	
3	10	6	13	5	3	1	6	
9	37	
4	19	2	16	
6	36	7	42	0	48	
9	15	3	11	2	12	
8	28	
9	24	
2	38	
5	14	3	6	8	16	1	21	
6	31	
3	13	1	15	0	1	
5	37	4	46	
6	24	0	11	1	8	5	12	8	15	
5	44	1	36	
9	6	4	10	7	16	1	13	2	17	
4	41	2	31	
9	10	2	11	
8	37	2	50	5	44	
1	20	4	19	
1	30	7	39	6	43	
9	19	
8	48	6	28	3	26	1	47	0	39	
3	17	
0	38	8	31	7	28	1	26	
0	18	
3	36	4	34	6	48	1	42	
5	24	6	2	2	20	7	13	1	17	
0	27	1	30	4	45	3	46	8	37	
9	19	1	9	
7	43	6	34	3	46	0	38	
7	10	9	16	2	17	5	1	
7	35	9	46	
3	22	
0	26	9	28	8	33	
0	23	
1	35	6	40	2	32	
5	18	
8	26	1	29	6	42	2	37	4	50	
1	10	3	23	
9	35	1	44	2	40	
9	2	
2	46	4	45	
5	6	2	22	9	20	7	17	3	10	
5	40	
0	15	
6	27	8	31	5	37	7	45	
0	23	1	16	
8	40	2	50	0	37	5	30	
6	15	1	9	2	23	7	22	4	24	
1	43	
0	25	1	4	
2	28	3	31	0	50	
2	4	3	15	
5	45	4	35	2	26	0	47	
6	13	2	1	5	23	9	19	
7	39	6	27	9	29	3	32	
5	1	
9	29	5	28	1	40	
2	6	7	19	9	1	4	14	
8	40	5	27	
9	19	3	23	1	9	0	2	
9	50	
7	8	0	15	4	22	
1	45	3	38	0	49	6	30	5	39	
6	22	7	14	
9	33	0	44	
4	15	8	25	1	24	6	4	
8	47	6	31	9	32	1	49	
7	5	6	24	9	8	1	25	
2	33	1	49	6	40	
1	9	7	8	0	4	
1	39	6	38	8	48	0	50	
6	6	8	12	1	24	
2	29	8	34	9	46	
2	11	8	10	5	23	7	12	
2	43	0	47	
2	10	0	25	5	13	9	16	8	17	
8	50	6	31	7	39	0	41	
8	3	3	20	6	7	7	19	
7	26	4	49	
3	3	0	15	8	5	6	4	7	17	
2	46	8	47	1	35	6	31	5	33	
9	1	
0	40	4	28	6	42	5	37	2	27	
5	16	2	15	8	11	6	20	0	12	
0	30	
0	9	
0	36	
2	10	4	8	3	9	
4	26	7	49	2	31	
9	4	6	13	
1	29	0	34	
4	17	
8	46	6	27	
6	14	3	9	5	18	4	15	
2	26	8	50	0	47	3	49	7	34	
3	11	2	20	
8	33	
3	7	5	6	
8	35	4	37	0	41	1	46	6	27	
8	15	
9	50	
9	6	7	17	1	11	8	1	0	7	
6	37	4	38	
2	13	8	11	
0	49	5	39	9	34	3	41	2	29	
6	5	5	18	4	25	1	12	
9	44	4	33	7	37	3	49	
1	5	4	15	0	20	
0	26	7	36	8	34	3	27	1	42	
9	8	8	12	0	24	2	21	1	9	
5	39	9	47	8	49	6	38	
7	3	1	16	6	9	5	8	9	4	
8	40	7	50	
1	18	
9	39	5	48	
7	1	
3	40	
7	25	5	4	1	5	
9	42	8	46	6	27	
4	21	3	19	
4	47	5	48	7	30	2	46	6	45	
2	8	0	2	9	25	5	21	7	11	
2	46	8	39	
2	10	0	1	5	24	8	22	
6	29	9	38	
7	15	0	8	
2	29	
4	24	1	4	0	1	
2	26	0	39	3	50	4	35	
8	23	4	21	
5	41	3	47	7	29	
6	25	9	20	
3	38	
0	14	1	23	8	10	7	19	
8	45	7	31	
2	11	8	3	3	10	
2	39	0	41	9	45	6	28	4	29	
8	8	9	7	0	11	4	15	3	20	
3	28	
8	1	
4	27	0	42	7	36	
3	3	5	5	1	8	2	23	6	11	
0	26	2	45	7	39	5	46	4	50	
9	9	8	2	0	4	
6	43	
0	14	9	10	
1	44	9	28	8	48	
9	24	
2	32	7	36	9	45	1	29	4	38	
0	24	8	23	5	20	3	17	2	18	
1	27	9	34	6	40	0	28	8	43	
0	5	
0	35	3	50	2	45	1	40	
3	11	7	4	
5	31	
9	4	7	11	
2	48	
8	8	7	11	
4	30	8	37	
1	19	9	13	
1	39	3	41	4	40	9	44	7	31	
2	15	3	2	6	17	
3	31	7	26	0	32	
6	12	3	8	
4	47	3	35	2	29	
5	6	3	21	0	23	
8	38	5	42	2	34	
0	24	3	22	4	5	
0	28	2	41	6	37	8	38	1	40	
2	24	
4	31	5	43	1	44	6	35	
1	14	6	9	8	2	9	15	7	22	
4	29	1	30	
7	24	2	1	3	4	8	23	9	6	
3	47	0	50	5	37	
4	18	3	21	2	10	8	14	
6	35	5	38	7	27	2	37	
0	21	6	15	4	22	
9	37	
9	10	3	25	7	23	8	19	
7	35	4	30	0	50	5	33	
5	17	9	4	0	3	4	2	7	7	
5	36	8	48	9	34	
0	17	2	12	8	23	
8	33	1	31	7	32	
4	16	1	8	2	25	9	4	6	14	
1	38	9	28	3	30	
4	21	6	4	
9	32	7	47	4	40	
3	21	5	13	8	2	
0	43	5	37	
9	16	6	4	
4	48	6	34	9	26	5	39	1	29	
0	4	
2	26	0	48	5	42	7	32	1	35	
4	3	1	11	
1	28	7	32	8	31	2	46	5	36	
0	1	7	17	
3	33	1	40	9	41	7	38	0	28	
6	16	7	11	3	24	
3	44	2	34	1	32	
0	5	2	1	8	4	1	12	9	11	
5	46	3	27	4	45	
7	7	2	16	9	18	1	17	
5	48	9	46	4	41	8	30	
4	19	8	3	
8	50	
5	2	2	9	7	11	1	21	
8	30	7	40	
2	17	8	2	4	16	
5	48	6	30	1	46	3	29	0	39	
0	9	6	2	5	1	3	13	8	19	
8	32	6	49	4	35	
1	11	
6	34	3	45	9	31	5	40	
4	17	8	20	0	1	
0	36	
5	4	0	13	
1	35	2	33	8	27	4	44	0	30	
1	21	9	10	2	12	5	23	8	2	
9	26	7	48	6	30	8	38	4	34	
0	13	1	9	9	16	
8	34	9	43	
2	12	0	2	7	22	3	6	8	10	
0	44	4	31	
3	4	
6	39	
3	25	
8	38	3	35	7	30	4	47	0	49	
1	8	4	3	6	12	8	9	2	23	
8	34	9	44	
1	17	4	14	
3	35	
2	14	8	5	1	12	5	21	
7	31	8	30	2	39	
9	3	4	10	3	23	1	25	8	5	
0	34	8	39	
4	6	
5	45	
2	10	4	18	5	8	3	25	6	23	
1	32	5	40	0	47	9	48	6	39	
6	21	
2	34	6	29	3	48	1	49	
5	3	0	5	3	15	4	11	8	13	
2	45	0	29	
8	18	1	13	
3	35	6	32	8	41	4	29	
6	8	
7	35	5	49	0	29	1	44	
9	9	8	12	1	3	
9	44	2	48	3	28	6	26	
1	16	3	12	
9	46	7	34	1	27	0	35	4	47	
5	25	0	15	3	19	4	9	6	10	
2	47	
8	12	9	25	4	10	
4	43	
7	4	
6	34	
3	19	1	5	4	16	2	15	
4	46	8	26	5	40	3	32	
6	14	
2	27	9	48	
4	15	7	14	
0	43	
1	22	8	24	7	20	
5	44	0	34	9	40	1	50	
3	24	1	7	
1	50	0	37	3	44	

Three processing times per job on each machine
The best scenario
1419	336	495	
775	631	301	
399	645	591	
241	417	376	
113	253	153	
283	240	164	
280	196	188	
101	176	142	
102	210	184	
323	244	193	
100	166	156	
318	262	243	
339	368	860	
876	832	562	
347	330	762	
74	240	170	
476	433	421	
306	95	263	
202	523	269	
159	86	154	
255	317	213	
364	714	435	
142	192	149	
364	993	920	
542	1179	273	
537	600	461	
339	489	865	
330	613	429	
356	365	554	
1164	885	824	
470	570	361	
445	704	571	
196	308	165	
208	144	144	
277	228	259	
160	178	468	
426	390	637	
126	224	329	
279	255	191	
381	153	189	
177	322	192	
196	420	286	
490	179	316	
637	736	599	
183	79	144	
267	256	225	
354	872	522	
739	318	428	
71	57	82	
117	119	137	
99	169	271	
383	394	732	
789	258	302	
359	486	430	
998	638	615	
99	249	301	
512	679	861	
408	175	202	
308	393	577	
739	641	363	
236	385	415	
437	98	421	
672	520	923	
116	188	114	
1332	231	740	
375	328	957	
653	427	806	
191	287	246	
81	71	171	
154	235	229	
239	311	171	
113	163	233	
477	287	497	
336	282	561	
175	105	211	
141	217	201	
424	313	237	
560	297	217	
129	112	334	
306	280	239	
433	601	305	
220	417	1120	
297	497	403	
71	277	141	
431	431	200	
95	47	116	
495	557	539	
582	633	177	
162	193	128	
181	121	76	
84	80	151	
450	180	417	
176	180	339	
666	599	611	
338	381	162	
180	381	98	
619	505	482	
269	272	214	
194	107	348	
408	1218	390	
627	817	332	
158	116	73	
574	747	195	
495	439	353	
270	148	334	
102	371	162	
59	56	62	
558	253	311	
136	157	138	
749	1114	521	
1073	421	612	
137	240	270	
333	386	297	
341	281	752	
196	309	271	
915	847	454	
487	444	231	
546	631	283	
735	1197	373	
524	470	536	
182	174	301	
115	67	53	
544	396	760	
1201	852	482	
413	111	277	
487	497	328	
403	448	898	
145	281	394	
1240	608	1142	
346	700	273	
465	208	204	
393	507	288	
266	444	452	
307	350	506	
863	632	606	
306	78	105	
490	331	357	
455	159	567	
249	247	682	
595	240	153	
271	746	335	
639	445	1101	
247	205	93	
825	379	1046	
131	154	127	
324	235	354	
571	485	737	
159	272	417	
456	194	313	
457	315	421	
191	573	363	
360	544	543	
1224	639	571	
402	266	557	
389	460	612	
107	59	161	
171	240	143	
307	267	329	
540	1429	956	
29	89	111	
491	1231	542	
737	501	208	
190	331	491	
176	280	488	
560	794	482	
268	121	452	
384	482	554	
557	559	372	
64	86	157	
670	358	223	
275	247	346	
1210	610	388	
211	851	628	
714	515	620	
519	546	226	
187	140	112	
918	1158	1367	
286	357	368	
407	1223	1009	
75	59	163	
449	499	648	
232	161	132	
284	905	618	
575	381	671	
293	467	359	
935	298	645	
261	128	122	
278	964	699	
184	143	160	
50	54	106	
695	512	794	
290	399	421	
787	1422	640	
461	451	421	
77	190	129	
324	225	230	
972	915	620	
876	683	859	
945	590	439	
141	165	220	
Most likely scenario
1503	626	950	
806	877	572	
579	723	1069	
319	817	541	
138	290	204	
358	248	178	
323	293	371	
152	209	219	
110	286	258	
624	274	294	
106	192	307	
587	339	441	
588	373	975	
1135	1377	583	
384	385	833	
127	314	190	
669	856	529	
338	164	434	
213	566	515	
265	142	208	
298	556	260	
423	744	597	
254	320	198	
395	1200	1160	
560	1230	504	
887	998	497	
351	638	1076	
378	1068	462	
470	378	610	
1171	1218	983	
526	712	513	
485	1041	883	
355	339	327	
239	207	252	
291	365	505	
253	248	482	
502	503	657	
196	331	356	
416	268	217	
682	284	247	
189	392	359	
313	532	440	
511	271	556	
1005	904	1048	
255	150	264	
290	463	238	
527	973	632	
1149	486	569	
102	60	84	
209	166	167	
173	282	322	
693	495	1128	
1194	404	342	
586	630	568	
1436	735	1223	
158	306	343	
553	947	908	
490	193	388	
398	524	617	
845	1186	585	
263	478	427	
648	170	531	
787	642	1485	
219	240	174	
1399	423	1395	
382	628	1008	
899	531	1307	
250	351	481	
93	77	179	
219	442	245	
460	420	319	
222	268	263	
600	425	723	
653	534	850	
305	192	328	
144	261	225	
505	382	333	
692	373	425	
238	193	397	
381	305	280	
540	608	497	
378	833	1364	
438	844	410	
96	336	153	
670	758	399	
189	85	207	
767	562	794	
730	705	224	
219	301	197	
256	181	87	
143	82	168	
814	318	701	
273	314	674	
1039	784	934	
434	463	178	
246	416	176	
933	538	549	
333	472	273	
209	213	467	
560	1263	578	
683	977	352	
260	125	126	
1014	828	321	
516	452	363	
291	294	380	
145	400	170	
89	59	83	
687	359	335	
233	268	219	
1132	1149	801	
1378	580	984	
179	398	397	
423	397	350	
638	341	809	
294	370	336	
1293	899	550	
572	746	277	
987	817	311	
1327	1236	634	
559	509	675	
262	188	339	
139	85	61	
826	792	761	
1226	973	677	
462	183	302	
623	935	454	
419	616	1322	
187	503	686	
1310	714	1166	
358	1124	522	
613	393	264	
506	707	289	
433	469	681	
489	558	760	
880	869	723	
326	92	140	
650	522	411	
700	310	837	
490	485	717	
626	437	235	
322	1073	469	
979	526	1260	
342	271	129	
1152	415	1292	
237	199	225	
513	342	586	
994	546	1017	
177	446	435	
763	279	417	
581	605	689	
285	774	696	
584	1010	604	
1365	681	704	
426	430	595	
555	520	967	
183	118	296	
224	329	275	
434	429	465	
759	1437	1108	
55	112	117	
590	1395	840	
848	511	321	
237	383	649	
225	373	518	
587	820	489	
377	188	467	
688	484	875	
953	825	672	
88	111	189	
998	483	415	
390	399	410	
1216	792	716	
299	918	659	
849	592	852	
707	558	389	
217	280	184	
957	1375	1449	
490	652	559	
666	1274	1190	
150	105	251	
843	971	1105	
412	263	221	
456	917	1011	
938	612	1152	
344	758	525	
1226	527	680	
334	145	191	
381	1135	765	
303	280	169	
71	95	131	
938	889	811	
528	547	473	
1141	1448	806	
586	521	758	
128	206	190	
619	234	455	
973	1378	1108	
1045	713	927	
1016	958	506	
267	265	228	
The worst scenario
1914	641	1226	
824	1200	809	
667	835	1246	
376	1004	611	
161	296	291	
482	317	182	
483	352	426	
161	236	251	
128	367	372	
869	282	335	
126	273	342	
730	375	517	
760	470	1173	
1310	1552	645	
496	536	1066	
150	339	272	
706	1015	730	
498	239	456	
310	679	546	
344	187	268	
407	726	351	
522	1114	779	
260	330	275	
421	1476	1570	
837	1389	722	
914	1251	703	
355	813	1477	
466	1512	501	
566	419	758	
1527	1802	998	
624	1017	713	
706	1271	1131	
496	405	471	
258	222	259	
356	479	752	
358	252	705	
734	639	819	
293	466	486	
577	383	263	
890	415	305	
221	489	435	
429	668	653	
566	398	822	
1416	1018	1167	
258	172	286	
345	688	317	
595	1164	832	
1216	676	694	
112	90	116	
268	237	190	
194	288	483	
782	650	1485	
1760	579	424	
632	744	713	
1852	868	1357	
184	323	355	
810	1165	1305	
562	198	506	
517	644	875	
1228	1320	727	
265	691	506	
888	214	601	
972	953	1942	
250	353	217	
1856	540	1568	
438	713	1033	
1205	644	1571	
308	385	643	
134	107	260	
292	487	261	
552	488	437	
305	298	328	
787	589	980	
681	769	1200	
402	243	335	
202	373	300	
599	383	355	
1010	441	501	
281	242	522	
563	378	379	
737	732	620	
492	1057	1898	
592	921	476	
135	460	167	
871	938	421	
246	124	256	
1011	834	983	
805	1052	286	
273	397	271	
279	244	101	
160	104	249	
1149	352	910	
286	361	691	
1478	1028	1121	
497	479	262	
340	518	209	
1221	584	572	
493	614	347	
293	228	596	
685	1584	791	
709	1120	472	
387	166	130	
1365	1235	437	
756	635	519	
426	357	427	
216	566	174	
127	63	88	
949	428	379	
237	272	280	
1474	1690	932	
1501	774	1085	
265	548	586	
597	592	486	
676	409	1171	
319	393	483	
1749	1297	777	
634	1000	375	
1338	987	401	
1576	1430	796	
760	666	711	
279	255	365	
194	103	83	
1113	878	938	
1245	979	890	
463	219	404	
817	1193	604	
487	908	1344	
219	622	985	
1755	715	1282	
443	1482	683	
618	564	329	
685	741	378	
525	525	709	
552	600	854	
976	984	817	
478	126	200	
800	631	446	
806	465	1132	
599	629	719	
639	465	316	
466	1238	625	
1133	787	1416	
410	343	172	
1247	590	1326	
287	278	283	
606	449	588	
1271	781	1433	
248	506	555	
1118	345	577	
599	727	772	
287	1115	737	
780	1130	754	
1937	985	844	
571	616	853	
617	663	988	
240	137	373	
260	488	368	
591	502	667	
1084	2142	1296	
57	167	145	
763	1856	905	
1266	714	410	
268	500	718	
253	464	591	
607	957	583	
516	222	561	
989	671	965	
1128	898	870	
127	133	277	
1460	592	461	
393	584	477	
1426	878	770	
438	1354	939	
1011	885	1125	
1003	812	562	
316	312	259	
1003	1894	1992	
545	731	641	
947	1824	1198	
219	115	354	
1055	1270	1625	
497	357	328	
667	1078	1421	
981	636	1711	
398	988	694	
1795	783	713	
353	202	208	
485	1350	1099	
432	292	179	
105	119	146	
1146	1023	1121	
635	812	603	
1432	1695	818	
755	589	990	
141	227	238	
844	291	493	
1229	1423	1223	
1539	771	1381	
1051	964	713	
284	362	287	
