Factories	5	Jobs	50	Machines	3

Total number of component types per job processed by HSPM
8	7	11	11	12	8	12	12	10	6	7	12	5	11	8	9	11	5	6	9	7	9	12	8	10	5	9	7	11	12	5	7	12	8	5	6	7	11	8	9	9	6	10	11	6	6	9	5	5	11	

Total number of component types per job processed by MFPM
5	4	4	3	1	1	3	5	1	4	1	3	3	1	2	3	2	4	5	3	5	2	3	2	3	2	2	1	2	5	1	4	5	1	5	5	1	3	1	5	2	1	1	3	1	4	5	5	5	5	1	5	2	4	4	5	4	3	3	3	3	3	5	5	3	3	1	1	3	4	1	4	4	1	4	2	2	1	1	4	2	3	3	2	1	5	3	4	5	5	2	3	5	4	2	2	1	5	1	2	

All component type numbers for each job to be processed by HSPM
16	63	18	59	13	26	14	56	1	52	3	2	10	48	2	3	
11	19	3	67	0	26	4	66	17	75	9	69	10	33	
13	47	15	37	16	61	8	45	18	10	0	29	6	15	9	24	1	59	4	65	12	7	
5	69	8	2	1	49	19	74	17	18	2	62	12	75	7	66	4	33	10	68	11	61	
5	56	1	36	15	45	9	42	4	53	18	34	14	16	7	31	12	72	13	73	19	65	10	51	
2	5	9	42	14	12	17	50	0	59	7	55	8	17	19	16	
2	48	17	58	12	26	8	67	5	11	7	60	14	8	6	20	10	34	16	14	4	4	11	15	
5	33	3	19	0	10	15	64	14	39	17	56	18	44	10	36	1	22	12	26	7	1	8	14	
12	3	5	46	0	45	10	30	8	44	4	29	19	50	15	66	17	14	14	36	
4	32	5	24	3	10	0	34	9	36	10	2	
12	40	15	48	1	31	14	67	7	51	6	72	4	18	
16	58	8	27	10	21	13	41	5	29	3	6	2	45	17	68	1	54	4	11	6	37	18	47	
2	52	19	63	7	49	14	6	18	33	
8	44	3	62	7	56	10	49	5	30	14	15	9	10	0	42	12	60	19	21	2	66	
3	23	13	42	8	37	16	56	17	65	6	3	5	22	15	5	
11	43	1	14	12	69	18	72	13	52	5	32	6	9	10	17	17	26	
6	16	17	29	3	20	15	27	5	74	19	17	9	42	7	63	16	33	10	30	14	58	
2	5	17	28	8	19	13	15	4	25	
17	25	8	68	15	44	19	74	6	18	0	31	
13	16	18	51	6	37	3	13	19	32	14	52	15	45	2	65	8	46	
8	61	19	23	11	28	15	58	12	8	7	68	16	73	
5	52	10	74	7	10	2	5	13	73	6	32	11	9	8	54	1	4	
18	36	19	61	13	22	10	15	15	47	5	66	9	53	3	12	14	44	8	65	0	63	16	9	
15	1	4	16	1	43	8	62	12	48	19	35	11	21	10	23	
8	41	0	5	13	45	14	49	2	69	11	46	4	29	16	48	15	16	6	7	
3	63	12	74	10	54	11	41	5	17	
0	14	7	4	13	74	16	73	9	45	14	42	12	26	10	10	3	57	
11	49	0	70	12	7	16	66	9	55	3	40	15	29	
16	68	2	41	3	2	12	51	6	26	4	31	7	5	18	55	17	74	13	22	14	65	
1	4	3	27	15	32	0	25	12	47	5	34	6	7	11	20	4	72	13	44	17	36	16	1	
2	21	16	28	4	29	10	14	17	5	
5	54	10	34	6	30	3	32	4	26	18	42	13	29	
19	22	8	39	12	33	18	68	4	73	15	8	0	24	10	64	3	7	1	53	11	63	2	54	
9	4	15	23	11	44	0	51	1	50	18	43	13	66	12	64	
17	62	0	26	19	65	3	52	18	29	
8	3	16	64	15	26	9	18	12	63	19	11	
6	12	19	75	12	57	7	65	11	70	10	43	14	44	
15	38	8	14	6	59	5	35	17	28	1	54	13	70	9	48	0	44	11	37	16	39	
2	50	0	19	13	52	14	16	1	2	17	60	9	20	6	72	
18	49	2	19	11	43	5	50	4	65	1	70	10	11	13	41	8	30	
12	64	11	37	4	3	8	23	15	40	9	20	7	41	2	18	0	46	
1	34	10	58	11	8	0	14	6	41	15	42	
3	37	0	33	9	16	12	61	10	38	2	66	14	42	11	28	15	73	6	51	
2	66	10	3	12	23	19	58	6	33	9	49	8	27	18	73	16	45	17	44	14	55	
3	63	13	62	17	59	4	54	12	60	9	45	
9	60	16	43	1	16	15	59	3	24	11	13	
2	62	7	39	9	26	13	50	6	7	15	10	14	45	18	19	11	21	
6	15	10	69	5	6	1	20	7	17	
4	56	8	54	18	60	3	14	2	20	
6	40	19	59	10	15	0	75	7	34	8	29	14	56	1	54	16	44	12	57	15	7	

All component type numbers for each job to be processed by MFPM
2	7	8	16	3	10	7	2	0	8	
1	34	0	44	2	33	3	36	
9	4	7	14	2	22	3	12	
8	48	3	47	1	41	
8	6	
1	49	
3	9	8	18	5	4	
3	36	2	28	1	45	9	44	8	32	
2	24	
2	49	0	41	9	45	5	31	
5	14	
3	31	0	32	4	38	
1	7	2	17	3	20	
7	43	
2	15	8	5	
5	35	3	49	4	40	
0	14	3	15	
2	28	1	34	8	31	4	39	
2	5	6	19	4	2	7	11	9	13	
0	32	9	38	2	41	
3	1	5	9	1	22	2	20	9	24	
0	39	9	43	
1	10	7	7	5	20	
6	26	5	37	
6	21	3	13	7	17	
4	50	0	38	
8	23	5	1	
1	28	
8	20	6	12	
6	48	8	47	9	32	7	37	2	38	
3	18	
4	27	7	33	9	50	2	37	
4	3	2	9	1	25	6	13	7	14	
2	48	
4	10	1	3	8	13	2	16	9	22	
3	46	0	36	8	44	1	40	2	47	
1	15	
9	41	1	27	3	38	
4	6	
0	47	7	35	6	38	2	46	4	44	
3	25	4	5	
1	31	
4	16	
9	47	1	40	3	34	
4	21	
7	31	8	37	3	39	1	33	
3	1	5	17	7	18	4	6	9	3	
4	37	1	26	3	27	0	40	5	33	
0	22	4	9	1	20	6	3	3	18	
3	27	2	38	5	39	4	48	1	40	
6	12	
8	39	0	33	7	34	5	29	6	45	
6	19	0	5	
9	50	2	43	0	45	7	37	
7	25	0	4	1	3	8	12	
8	27	0	32	1	42	9	47	2	28	
0	12	3	23	2	4	7	6	
6	40	0	33	1	38	
4	3	8	9	7	7	
0	43	4	37	9	31	
0	16	2	17	8	24	
9	41	0	28	3	34	
2	12	1	11	5	2	7	21	8	16	
8	35	9	30	7	41	4	28	5	29	
4	24	2	22	8	12	
7	49	8	34	6	50	
8	11	
4	36	
1	20	9	1	5	21	
1	36	5	41	4	43	8	47	
5	20	
9	43	3	39	7	33	2	37	
7	18	9	3	6	4	5	5	
5	46	
0	9	1	22	6	2	4	12	
1	30	0	44	
1	2	3	25	
1	43	
1	17	
3	39	0	43	6	28	4	37	
1	19	0	15	
5	49	6	29	3	44	
3	4	5	13	9	2	
6	48	5	29	
0	3	
4	41	9	29	6	50	8	26	7	43	
0	7	5	10	3	17	
4	37	8	26	5	28	2	36	
1	12	9	1	3	7	2	14	0	9	
2	40	1	38	5	36	4	48	6	47	
1	3	4	12	
2	26	1	46	6	27	
4	7	8	19	0	18	9	6	7	1	
8	30	9	46	4	50	3	49	
9	10	6	14	
1	26	4	47	
2	22	
7	38	2	28	9	43	8	29	5	27	
9	8	
2	40	6	30	

Three processing times per job on each machine
The best scenario
367	447	232	
21	50	47	
422	184	398	
449	158	340	
248	166	93	
264	177	210	
145	157	291	
153	148	347	
194	213	222	
12	22	36	
305	105	187	
122	125	73	
44	43	40	
205	221	138	
107	96	217	
187	89	230	
274	169	129	
108	264	91	
63	94	72	
223	148	139	
141	224	253	
12	39	40	
181	172	174	
79	43	152	
264	254	133	
123	176	141	
35	106	56	
40	17	27	
25	31	22	
40	57	37	
439	166	165	
142	164	31	
410	559	415	
245	273	106	
113	34	76	
69	106	81	
131	354	155	
366	113	278	
336	234	337	
98	227	173	
276	414	143	
82	44	35	
203	49	178	
170	82	76	
369	203	163	
95	156	64	
83	83	257	
266	185	314	
251	132	233	
178	108	249	
Most likely scenario
435	451	443	
40	62	49	
586	195	619	
545	243	569	
443	168	170	
283	231	414	
162	311	310	
169	217	407	
201	336	358	
23	26	58	
341	151	323	
173	147	117	
77	49	65	
296	239	143	
129	180	220	
280	113	281	
294	328	167	
177	296	110	
71	131	108	
363	279	195	
230	326	263	
20	52	51	
318	275	176	
100	58	167	
275	280	144	
224	245	216	
57	119	99	
63	26	29	
40	33	37	
59	76	52	
501	255	195	
163	167	45	
411	573	502	
270	299	205	
114	67	81	
88	113	105	
177	368	232	
439	188	412	
429	335	492	
125	288	187	
299	427	146	
83	55	54	
271	93	312	
218	150	129	
438	308	287	
125	245	80	
105	103	290	
469	277	522	
290	148	302	
345	148	397	
The worst scenario
445	540	644	
45	66	58	
845	245	827	
748	345	631	
508	186	195	
325	262	589	
189	414	341	
212	228	442	
238	348	406	
34	39	75	
468	213	338	
176	163	173	
114	66	75	
311	336	184	
163	221	296	
390	121	405	
361	354	200	
180	374	152	
96	133	147	
477	333	250	
286	460	354	
21	57	75	
462	381	197	
109	79	244	
311	390	161	
228	289	243	
64	155	117	
66	30	30	
44	44	45	
79	84	53	
634	359	291	
177	175	48	
453	652	599	
283	318	210	
156	68	115	
107	118	147	
189	477	313	
566	207	438	
543	411	682	
170	423	255	
382	467	158	
88	57	76	
334	130	370	
247	173	171	
528	336	366	
173	355	89	
145	124	394	
494	291	635	
426	153	303	
387	184	543	
