Factories	4	Jobs	100	Machines	2

Total number of component types per job processed by HSPM
10	11	10	12	8	10	12	9	5	6	12	9	12	5	11	11	12	11	11	5	12	6	8	7	12	6	7	8	9	12	12	9	10	5	10	7	9	6	7	5	12	10	6	9	5	10	9	5	6	5	6	9	9	8	9	7	7	7	11	7	7	12	10	5	9	7	9	7	11	8	9	11	5	9	7	9	8	7	8	12	12	10	11	7	10	11	6	5	7	6	12	10	11	8	5	8	8	11	6	5	

Total number of component types per job processed by MFPM
1	4	1	3	5	5	1	1	5	5	1	4	5	3	2	5	5	3	1	1	1	3	2	1	1	2	1	4	3	5	1	5	5	1	5	2	1	2	3	4	3	4	3	2	1	1	4	2	1	1	5	4	4	5	2	5	2	3	4	4	4	1	4	4	3	1	3	2	2	4	1	5	3	4	1	4	2	1	3	3	5	5	1	4	4	2	3	3	4	4	4	1	4	4	1	4	1	2	2	3	

All component type numbers for each job to be processed by HSPM
6	37	14	6	16	62	8	5	9	52	11	46	3	74	10	27	18	71	2	42	
5	61	15	72	2	62	12	63	1	52	14	23	10	4	9	38	18	31	3	59	0	70	
9	43	1	20	0	29	6	45	7	64	16	56	18	61	13	23	8	19	5	6	
12	48	18	17	11	64	6	10	0	60	9	41	5	2	10	21	3	66	2	34	16	68	19	61	
14	60	0	37	8	51	10	52	17	29	12	25	6	72	15	9	
16	56	9	31	15	25	3	58	1	43	13	16	6	69	5	10	4	70	12	57	
12	65	0	15	3	35	9	60	5	72	14	42	16	18	13	22	2	55	11	71	19	39	10	51	
5	21	1	49	0	32	16	39	14	59	9	19	11	1	17	57	3	43	
6	21	19	63	1	39	16	19	9	6	
4	62	15	52	7	41	9	11	12	61	18	70	
14	36	7	38	11	73	9	1	10	8	18	15	15	45	8	56	13	27	19	5	12	50	3	32	
1	73	9	27	2	38	5	24	17	25	13	32	19	57	11	67	14	61	
19	39	1	36	12	68	13	21	6	19	9	67	4	31	5	6	15	70	18	27	0	18	8	47	
5	50	10	38	16	53	8	10	7	13	
17	15	18	32	14	8	8	40	13	30	10	50	3	5	19	16	9	37	5	65	16	11	
10	64	14	14	7	3	19	9	17	67	11	57	1	21	8	15	4	65	6	73	5	53	
11	14	9	65	5	29	18	68	14	35	17	57	3	47	8	18	4	16	15	73	13	60	12	22	
11	54	4	46	6	32	18	63	19	27	17	23	10	5	13	15	1	26	8	45	12	24	
0	17	15	34	16	57	14	37	1	39	12	15	13	60	5	54	19	55	2	20	11	53	
15	59	6	18	2	68	3	20	19	37	
3	3	9	15	2	51	1	47	5	52	6	24	4	69	7	66	14	43	15	2	8	42	18	41	
17	73	2	60	9	5	14	31	0	36	19	48	
13	53	2	23	9	3	19	55	1	25	3	1	12	48	14	13	
15	22	11	11	10	33	16	7	5	49	12	62	13	69	
3	69	14	42	7	71	0	10	16	18	13	24	9	72	18	40	8	73	5	11	12	41	2	2	
19	40	2	51	8	46	4	18	3	7	13	14	
8	43	12	10	9	16	11	3	13	33	19	1	18	35	
19	42	7	60	10	8	0	54	14	53	4	16	5	5	2	65	
2	49	9	13	15	6	14	43	6	52	1	15	0	54	19	59	7	65	
2	48	19	20	18	16	6	65	5	63	13	66	7	69	15	5	3	45	10	57	1	49	16	40	
15	11	5	44	7	20	8	33	0	36	13	40	1	35	6	1	17	29	19	48	16	69	18	18	
15	41	9	1	12	25	16	63	8	35	10	7	2	27	6	55	7	61	
1	64	16	48	3	72	15	7	17	68	9	16	0	73	19	15	18	51	13	20	
17	53	7	48	6	4	19	6	12	38	
0	42	17	38	16	11	7	45	9	59	13	10	5	49	11	44	10	28	6	18	
17	44	4	28	16	72	19	17	2	8	13	32	9	67	
11	69	19	8	8	11	2	54	1	21	0	12	9	16	14	26	6	45	
2	42	7	41	1	5	18	49	8	36	4	32	
6	3	0	7	7	57	5	63	12	34	11	10	14	62	
17	73	11	25	14	19	10	21	0	38	
11	34	4	52	9	6	1	41	10	57	17	46	13	37	19	74	16	2	0	20	6	4	14	28	
9	60	10	11	7	17	2	14	14	5	5	67	12	1	1	73	19	31	13	2	
7	3	16	31	12	57	10	29	18	54	4	12	
18	38	3	59	0	9	15	54	2	42	12	61	16	29	11	14	6	10	
5	12	12	53	7	11	19	2	2	15	
7	73	17	28	13	50	12	31	0	32	16	62	11	37	15	38	18	51	8	63	
8	19	13	24	16	29	7	23	19	38	15	64	2	69	3	66	4	55	
11	55	16	46	18	69	14	45	7	33	
11	3	6	64	15	11	1	14	19	46	7	75	
3	23	4	45	7	72	1	62	15	60	
10	46	19	45	4	49	5	26	18	18	2	37	
4	31	9	6	16	2	8	30	7	28	14	54	2	13	1	36	5	50	
8	12	19	41	4	55	12	19	11	62	3	65	13	47	9	68	14	29	
8	73	14	8	17	69	5	51	11	37	10	67	9	56	16	44	
12	32	3	42	13	17	1	24	8	62	17	8	16	18	0	25	7	3	
10	28	17	30	19	50	5	32	13	19	6	37	12	24	
14	37	2	54	12	14	0	15	13	49	7	69	11	64	
11	24	1	13	8	43	5	38	16	46	12	25	7	15	
14	74	2	41	8	33	15	5	17	17	16	53	7	8	1	19	19	35	0	57	6	75	
8	4	13	41	16	56	11	42	17	27	9	50	3	12	
6	51	4	74	9	64	7	73	11	4	15	8	2	65	
15	27	1	60	7	64	11	43	18	9	16	2	4	63	6	34	13	61	9	52	0	74	17	38	
11	53	18	74	4	37	8	73	2	38	17	71	19	9	12	6	9	65	3	63	
11	21	3	48	16	28	2	41	17	67	
11	45	9	4	1	52	2	60	17	64	18	15	13	46	7	53	3	74	
0	31	7	7	4	70	5	63	6	53	9	11	19	10	
5	11	12	40	2	50	13	62	11	52	4	45	14	23	3	10	0	12	
19	15	5	13	2	32	3	22	17	75	11	51	14	54	
8	62	3	66	7	65	5	15	10	24	13	53	19	14	18	71	9	56	15	42	0	9	
17	9	19	57	2	74	11	28	13	49	18	66	9	51	12	13	
15	44	16	45	4	53	14	39	17	70	8	3	6	32	11	37	5	43	
0	42	10	63	4	20	13	70	2	39	15	17	1	1	17	21	9	30	12	18	19	2	
14	3	4	11	13	55	2	64	12	62	
13	1	15	2	2	19	12	40	18	3	7	6	4	64	3	51	8	63	
9	70	18	38	7	18	5	53	0	55	11	19	6	21	
0	47	14	36	11	57	2	74	15	64	7	16	12	2	1	46	13	41	
11	34	6	71	16	6	5	19	8	22	15	12	14	28	4	64	
0	49	16	45	9	47	8	2	12	12	5	75	3	11	
8	15	9	18	4	49	15	5	6	7	16	29	17	37	19	55	
2	17	18	49	16	70	17	11	11	22	1	6	15	32	5	55	7	25	12	1	6	27	9	38	
3	33	4	3	14	28	11	50	13	14	18	21	17	7	12	8	10	19	16	47	5	60	19	34	
0	63	19	11	16	55	3	59	15	53	14	56	9	54	17	65	18	32	1	20	
16	9	5	50	3	74	18	10	12	15	10	28	7	39	19	69	2	26	17	37	4	67	
1	57	12	30	4	51	8	68	16	72	3	47	2	65	
7	31	5	12	16	55	19	10	14	5	12	49	1	14	13	48	10	73	18	52	
9	19	5	72	19	43	0	63	3	48	11	24	12	5	7	53	10	3	2	68	4	23	
8	53	18	14	5	23	4	65	19	36	7	10	
12	14	6	72	7	25	11	53	17	37	
19	6	0	36	8	51	10	59	9	54	3	41	17	44	
13	68	10	20	6	58	14	55	18	33	8	9	
18	8	6	74	16	58	5	59	17	73	9	1	2	15	15	17	4	52	19	14	12	56	13	12	
19	14	10	47	15	11	6	51	16	3	7	28	8	70	0	2	4	9	11	56	
3	16	5	60	14	11	1	71	9	62	8	45	0	18	19	25	12	24	4	13	2	26	
18	64	2	56	11	45	12	21	19	30	15	25	13	54	6	22	
1	18	12	51	11	69	0	31	17	25	
16	57	15	6	9	16	12	30	7	55	2	37	3	46	17	50	
3	22	8	53	9	5	14	36	19	70	16	55	12	20	18	14	
6	69	19	42	5	20	13	55	3	21	4	66	18	59	10	33	1	52	17	23	7	68	
10	15	15	64	5	37	3	73	18	44	19	28	
8	5	13	13	3	34	19	54	6	67	

All component type numbers for each job to be processed by MFPM
7	14	
0	23	5	18	8	19	7	2	
7	1	
4	22	6	11	1	17	
1	7	2	9	3	23	7	18	4	25	
9	4	8	12	4	10	0	19	7	11	
9	8	
1	7	
6	23	3	4	7	19	0	16	2	15	
1	1	2	17	0	5	6	12	7	4	
9	24	
1	13	9	1	3	22	4	7	
8	21	7	9	1	25	2	10	6	20	
4	7	6	25	0	8	
4	2	1	13	
2	20	8	4	3	1	0	13	9	14	
1	3	5	13	9	14	3	18	4	2	
3	3	7	15	9	20	
7	19	
1	16	
5	16	
1	21	5	11	8	16	
3	12	2	21	
0	8	
4	20	
9	17	2	14	
9	7	
7	7	9	5	5	2	0	24	
8	4	7	13	6	21	
3	13	8	22	7	6	0	24	2	16	
6	24	
0	10	5	15	9	25	2	1	3	11	
0	15	8	3	4	5	9	12	3	25	
4	20	
4	12	3	6	0	1	2	19	9	3	
1	6	2	22	
7	25	
1	9	5	4	
0	12	7	6	6	8	
9	11	3	9	0	19	7	5	
2	8	4	22	7	5	
1	5	5	20	3	13	9	18	
2	20	1	23	9	10	
2	8	9	5	
7	13	
9	13	
7	20	6	2	5	1	9	15	
2	23	6	21	
0	9	
9	4	
8	11	0	16	9	15	4	10	1	9	
3	16	2	14	7	2	8	3	
0	23	1	9	5	11	7	18	
4	20	6	1	2	14	0	2	3	9	
5	3	9	18	
0	20	5	16	2	2	1	12	4	21	
2	23	9	10	
9	6	8	25	2	19	
2	2	0	10	4	14	3	13	
8	4	2	2	4	21	6	3	
2	21	5	19	6	8	9	12	
6	7	
6	21	5	18	9	13	8	25	
5	2	3	19	4	3	6	5	
7	20	6	2	4	8	
0	11	
3	13	6	5	0	19	
4	7	2	4	
7	1	5	11	
0	18	2	4	1	21	5	10	
9	11	
7	13	4	6	6	9	1	3	3	21	
7	1	3	22	9	6	
2	21	4	5	0	16	7	11	
3	2	
9	21	5	13	0	18	7	20	
2	15	9	9	
8	15	
1	24	7	16	8	3	
5	6	2	19	9	13	
6	8	7	25	3	23	0	5	4	2	
9	24	0	1	2	21	5	5	6	3	
6	16	
2	5	9	21	5	25	0	11	
7	12	5	19	9	16	1	23	
1	18	2	9	
8	14	2	4	9	21	
4	9	8	19	1	4	
2	21	3	15	9	6	7	23	
9	11	5	15	6	8	4	7	
8	5	1	21	2	18	7	19	
9	25	
6	19	2	15	0	1	4	23	
8	14	3	15	5	25	6	17	
7	4	
8	21	9	6	0	17	2	25	
7	9	
4	6	0	22	
6	7	9	23	
8	18	2	3	0	12	

Three processing times per job on each machine
The best scenario
72	94	
198	319	
154	159	
550	333	
251	172	
109	106	
92	92	
99	273	
205	229	
212	126	
210	159	
388	252	
197	151	
197	463	
174	256	
78	55	
98	255	
171	268	
173	131	
194	187	
161	104	
172	486	
38	73	
58	118	
147	139	
244	317	
48	128	
247	217	
159	143	
82	41	
45	90	
232	289	
185	98	
100	245	
43	105	
261	238	
267	84	
154	142	
236	243	
135	139	
235	239	
363	356	
115	107	
213	224	
417	215	
63	96	
157	110	
36	33	
77	72	
37	24	
71	163	
97	225	
23	51	
174	171	
172	124	
29	22	
108	254	
15	21	
28	36	
98	124	
107	34	
241	82	
83	57	
289	285	
91	115	
117	32	
147	222	
245	268	
312	296	
37	29	
60	114	
245	306	
97	204	
100	208	
332	217	
60	113	
89	30	
12	31	
210	252	
140	114	
89	92	
260	175	
167	64	
312	229	
407	89	
247	278	
246	209	
155	82	
269	199	
191	212	
228	125	
22	99	
369	164	
109	138	
236	326	
90	43	
156	225	
204	123	
86	53	
138	89	
Most likely scenario
118	167	
209	375	
159	280	
603	387	
252	191	
112	119	
103	104	
111	304	
374	285	
290	240	
251	246	
468	431	
274	181	
225	483	
320	292	
138	62	
106	274	
238	314	
280	223	
317	314	
178	157	
284	510	
67	81	
75	127	
184	199	
264	406	
78	133	
275	316	
237	148	
89	62	
81	174	
332	296	
196	123	
136	456	
47	136	
402	270	
296	155	
263	172	
293	254	
169	194	
415	397	
535	420	
185	208	
287	305	
439	259	
98	145	
272	145	
45	35	
147	98	
41	43	
134	261	
181	267	
35	63	
246	324	
283	139	
54	38	
111	293	
22	32	
50	46	
124	144	
141	61	
356	115	
114	83	
333	463	
177	192	
137	59	
225	283	
276	510	
351	356	
47	44	
80	162	
324	445	
155	273	
179	233	
406	283	
83	213	
130	40	
24	44	
235	266	
154	171	
159	134	
392	313	
228	93	
428	340	
452	146	
413	400	
282	283	
270	163	
289	223	
258	321	
308	150	
42	114	
389	320	
191	192	
365	420	
116	70	
285	373	
254	156	
133	82	
261	149	
The worst scenario
123	176	
281	493	
188	294	
765	487	
297	201	
157	163	
146	128	
117	360	
502	306	
294	267	
360	351	
637	477	
344	260	
323	632	
443	334	
149	90	
123	296	
301	326	
366	323	
405	344	
205	191	
399	664	
100	93	
100	156	
195	232	
342	416	
101	176	
288	389	
354	206	
99	89	
104	227	
423	330	
234	155	
141	473	
48	155	
514	326	
357	208	
286	204	
329	369	
207	217	
440	436	
722	516	
235	253	
414	400	
575	290	
117	214	
307	191	
46	37	
186	133	
59	52	
166	341	
265	395	
46	93	
367	334	
390	156	
77	47	
166	336	
25	36	
73	53	
175	167	
205	78	
377	168	
146	93	
413	595	
196	203	
200	77	
272	392	
343	734	
506	505	
53	60	
93	193	
449	601	
213	291	
252	246	
434	304	
87	238	
183	51	
29	63	
316	327	
189	256	
164	176	
489	418	
256	135	
499	406	
511	173	
607	589	
397	346	
332	199	
401	282	
263	359	
453	211	
59	161	
574	337	
283	233	
509	547	
129	84	
341	558	
258	202	
160	92	
374	175	
