Factories	5	Jobs	200	Machines	2

Total number of component types per job processed by HSPM
10	8	10	10	7	12	12	7	7	11	12	7	8	11	12	7	9	6	7	7	6	6	9	10	9	7	6	7	10	12	10	6	8	5	9	7	8	7	8	7	5	5	11	12	10	5	8	12	12	6	12	9	10	9	5	8	9	5	8	9	11	7	12	9	9	10	7	7	9	12	7	12	9	9	11	6	12	11	11	7	12	10	5	9	10	9	10	5	10	9	8	5	10	10	9	6	12	7	12	9	9	9	11	12	9	7	12	5	9	5	12	7	12	10	9	8	5	6	6	10	11	12	5	9	6	12	8	12	10	12	8	7	9	8	10	8	6	8	7	9	7	9	11	5	10	7	8	6	12	9	11	7	5	5	7	6	8	5	9	12	10	10	12	7	9	9	6	8	7	11	10	9	6	9	7	9	6	7	10	11	6	9	7	11	7	12	6	11	7	6	12	6	5	8	6	11	8	10	5	11	

Total number of component types per job processed by MFPM
5	3	4	4	1	1	5	2	2	4	4	1	4	4	3	5	4	3	5	3	5	3	4	3	3	5	5	1	2	2	3	2	1	4	5	2	5	3	2	4	5	5	5	3	3	1	3	3	5	3	5	2	4	1	2	3	5	5	5	4	1	3	3	5	1	3	1	3	2	1	2	4	1	4	1	3	3	1	4	5	4	1	5	5	4	5	5	3	3	5	2	2	5	2	3	2	4	1	1	5	4	4	1	1	4	5	2	2	4	3	4	1	3	1	2	4	4	5	3	4	3	4	4	1	3	5	4	5	3	3	2	3	3	2	3	2	5	3	1	1	1	4	3	2	4	5	3	2	4	2	5	4	5	4	1	2	2	4	4	3	2	5	4	4	4	3	1	1	1	5	4	3	5	2	1	3	4	1	2	3	4	2	3	4	1	5	4	5	2	2	3	4	5	5	1	3	1	4	1	1	

All component type numbers for each job to be processed by HSPM
3	47	17	8	5	38	9	73	16	28	0	16	4	74	11	35	19	21	10	71	
19	37	17	57	0	1	15	38	7	62	11	53	10	19	4	26	
6	49	19	1	3	15	1	6	8	32	16	9	10	72	7	47	0	73	13	55	
12	2	4	23	13	63	15	33	18	49	7	71	11	54	3	70	16	57	2	51	
3	17	8	43	11	71	0	31	1	23	17	58	6	52	
9	28	3	17	19	5	10	74	2	45	12	29	17	24	0	63	7	1	16	52	4	19	5	64	
4	75	8	15	15	45	3	57	13	3	1	23	0	8	12	25	19	32	5	43	10	54	2	74	
3	2	5	72	4	19	8	69	16	25	2	46	9	9	
19	21	4	6	13	71	9	5	12	32	1	15	15	39	
10	60	16	5	4	20	0	59	2	28	18	13	15	35	19	21	7	8	5	73	12	45	
18	4	19	34	6	43	12	73	17	22	13	20	9	56	2	52	11	47	15	41	8	68	14	28	
9	61	15	42	4	72	14	71	13	67	16	40	3	50	
3	62	4	42	7	39	11	53	13	2	10	43	0	22	1	45	
13	75	3	39	7	13	11	17	0	42	12	45	5	26	17	11	19	31	8	47	18	24	
8	75	15	12	12	72	5	10	4	17	3	26	11	46	0	69	1	38	7	61	14	37	17	7	
11	67	3	10	4	23	17	35	15	55	18	32	13	46	
14	67	5	15	1	54	11	56	12	16	10	63	17	13	4	52	8	6	
16	52	14	30	5	63	18	6	1	19	8	33	
6	41	5	42	16	71	15	8	13	57	3	36	17	10	
18	39	0	46	1	9	10	38	11	37	2	15	14	50	
11	65	9	26	1	52	14	75	15	2	5	27	
15	30	17	62	2	14	13	23	9	32	6	34	
18	59	1	15	0	42	5	25	7	17	19	56	6	33	13	41	11	26	
5	41	3	52	14	59	19	69	1	31	12	14	8	51	17	39	10	58	15	15	
16	27	15	67	5	28	14	50	8	1	4	71	12	51	9	33	7	46	
12	70	5	53	2	28	4	26	14	32	17	10	13	72	
18	72	2	37	1	64	3	39	6	11	0	63	
15	27	3	71	19	60	4	51	17	2	2	15	12	42	
10	23	11	70	7	13	15	14	14	11	13	18	8	69	3	49	17	75	12	51	
19	1	2	60	7	10	11	41	1	32	17	21	14	59	16	48	6	53	18	66	12	69	4	13	
15	5	10	61	6	18	11	54	9	26	8	69	2	22	13	10	17	48	5	70	
1	19	3	12	4	31	11	27	5	70	0	17	
9	56	2	57	12	35	8	50	16	30	14	69	0	24	10	33	
2	35	9	29	10	15	14	7	15	31	
16	24	15	35	10	48	19	59	18	22	13	75	0	21	2	72	1	23	
19	34	15	28	17	42	18	1	0	37	10	10	16	57	
18	16	9	10	8	40	12	74	15	28	13	73	10	70	16	60	
2	41	0	14	3	72	8	7	12	13	14	10	16	68	
1	14	2	75	14	30	10	72	3	44	12	25	18	66	13	24	
13	21	9	53	0	30	1	43	2	11	11	67	7	12	
15	74	0	52	19	21	4	43	7	26	
3	48	17	60	1	52	11	18	15	5	
11	32	13	12	8	28	6	45	18	39	14	10	3	13	2	49	16	71	0	33	1	36	
18	40	3	29	11	39	2	66	14	47	0	32	7	62	17	6	12	13	9	69	8	45	1	53	
18	11	15	71	9	8	19	36	0	45	4	57	12	52	14	37	17	12	10	64	
18	20	6	58	3	32	2	40	0	14	
5	18	11	23	18	36	6	33	17	59	7	41	8	63	19	7	
5	14	7	72	3	15	17	12	1	44	19	57	9	58	13	34	2	59	11	48	18	47	6	5	
10	53	16	70	13	1	1	31	2	4	17	52	7	66	5	18	3	9	19	63	0	64	11	69	
1	10	4	74	14	72	8	19	19	63	3	73	
1	33	11	37	2	13	18	42	16	30	15	21	4	44	7	61	10	11	0	55	6	7	5	62	
19	2	12	33	0	62	15	28	10	63	13	53	1	61	7	17	8	73	
0	29	17	24	10	55	18	25	6	56	11	9	1	11	12	1	2	49	3	8	
3	67	16	72	2	65	6	75	18	58	4	33	12	39	9	8	8	21	
3	70	4	37	15	60	14	71	13	67	
15	38	11	44	19	54	2	36	9	45	13	72	3	75	4	7	
8	30	5	38	2	58	18	48	15	31	19	68	13	43	1	20	16	10	
18	68	16	27	8	61	2	5	14	36	
10	41	16	36	11	68	17	18	9	67	14	71	18	53	5	13	
18	21	13	69	17	1	3	3	12	15	1	70	8	5	5	6	16	29	
0	19	6	54	11	41	4	11	2	44	19	52	15	27	18	51	14	55	12	16	1	9	
4	48	2	10	7	72	10	7	16	74	1	6	13	15	
19	36	4	45	15	58	16	9	7	19	18	21	6	6	5	4	3	26	13	50	12	57	17	67	
7	44	8	26	4	54	14	62	17	65	3	72	15	59	10	36	5	41	
8	65	3	30	11	62	13	9	6	4	7	12	19	53	14	32	9	59	
16	29	13	57	0	38	1	8	2	32	5	63	9	19	4	62	8	73	19	50	
4	5	1	27	11	41	2	54	8	47	0	16	5	33	
16	73	11	66	1	71	13	53	5	37	0	60	3	13	
0	72	2	30	7	65	3	56	15	22	5	4	10	54	1	32	11	71	
12	66	15	51	10	19	16	69	5	20	1	44	3	56	9	75	14	74	8	21	6	46	4	17	
7	25	3	23	8	41	9	67	6	33	14	39	15	10	
13	13	5	17	11	39	12	59	18	49	16	68	17	73	7	22	0	15	8	43	15	25	10	14	
9	54	0	11	4	2	10	36	14	53	19	64	5	10	16	39	17	20	
14	18	13	8	12	33	5	53	19	59	15	61	0	15	7	56	3	50	
12	34	15	45	17	7	1	1	3	67	6	13	2	2	11	14	14	9	9	63	7	8	
17	1	9	31	15	27	13	61	16	64	1	30	
1	61	14	14	15	33	6	43	19	40	2	39	3	17	10	37	0	52	17	35	18	24	16	46	
2	40	9	33	8	72	17	11	10	35	16	52	7	65	3	9	0	1	11	25	18	73	
9	70	11	19	15	24	17	47	14	16	7	5	18	67	6	33	3	63	19	57	10	17	
4	29	16	54	10	8	11	34	15	18	1	2	12	30	
1	28	13	65	4	74	18	34	6	35	16	8	8	5	7	52	15	24	0	10	10	70	2	53	
15	1	3	25	10	30	14	17	1	57	9	50	0	18	12	45	6	31	5	52	
13	6	9	18	19	4	16	56	15	35	
11	45	16	2	8	69	0	44	4	19	19	49	14	68	7	51	3	54	
11	35	9	5	15	60	0	66	19	20	3	71	18	43	4	64	8	33	16	50	
19	12	11	25	1	58	2	75	5	43	16	48	3	14	13	70	10	24	
3	36	11	63	6	20	9	57	14	28	19	55	15	2	4	27	10	5	12	26	
15	25	8	33	18	15	4	21	6	22	
16	67	6	13	18	7	12	54	8	22	4	48	10	34	7	49	17	42	13	18	
11	54	13	52	4	15	2	10	18	18	19	61	0	46	7	65	15	75	
7	42	11	36	18	33	6	67	4	73	9	37	14	27	10	32	
16	1	19	68	13	61	9	59	12	51	
13	73	3	34	14	58	17	64	10	25	19	37	12	60	9	68	18	8	2	53	
3	10	4	26	1	61	2	34	18	48	9	32	14	35	19	31	16	30	11	73	
14	70	1	67	10	20	3	22	8	72	5	39	18	21	2	33	9	37	
4	62	17	37	5	7	9	51	8	32	10	22	
0	35	13	57	10	7	15	44	3	63	17	48	19	16	6	26	8	18	9	45	2	17	14	41	
6	23	7	21	5	49	0	55	2	24	8	72	14	42	
5	39	15	37	6	43	0	3	17	15	16	47	1	22	14	44	18	71	2	10	13	56	8	59	
7	68	6	10	10	73	18	25	15	53	14	61	13	22	0	56	11	28	
19	35	7	29	2	9	16	5	5	64	14	30	4	42	10	40	8	57	
11	35	15	1	5	22	17	68	19	58	1	67	18	37	2	21	12	14	
1	53	15	75	13	31	18	63	5	6	0	15	2	73	14	46	4	50	11	13	19	51	
17	39	0	10	16	53	2	47	18	28	11	48	10	31	4	12	14	38	1	27	3	69	13	55	
0	49	3	57	11	16	16	37	2	66	15	25	4	32	5	40	12	43	
0	35	11	21	10	20	8	6	6	65	3	47	4	4	
2	71	17	27	11	61	10	67	14	14	5	39	15	21	6	56	9	20	3	23	13	2	1	51	
7	17	5	30	17	4	1	55	14	26	
6	13	14	16	19	12	4	61	2	63	10	6	15	7	9	50	12	33	
16	2	14	18	0	41	15	42	1	65	
15	6	12	65	7	22	1	64	0	59	5	48	8	39	17	26	3	49	9	34	11	75	14	11	
11	45	1	32	16	55	14	72	7	49	15	47	8	31	
16	28	5	20	6	36	12	31	10	49	1	44	18	37	9	52	11	1	3	40	2	48	0	47	
16	2	15	60	9	34	18	1	14	31	2	45	3	21	12	24	0	56	17	75	
16	38	14	68	12	66	7	27	5	62	9	18	1	67	4	57	17	51	
9	24	7	32	16	27	13	46	15	30	6	63	4	38	10	15	
0	25	17	1	19	14	6	75	14	15	
3	50	10	25	11	35	12	75	18	21	8	64	
5	68	7	28	12	3	13	11	16	45	9	39	
12	21	9	62	14	52	16	73	19	16	17	47	8	10	7	54	2	74	6	2	
19	39	3	75	17	59	6	17	15	28	0	35	4	53	11	6	5	18	8	23	14	3	
13	31	16	61	15	71	6	5	9	27	2	24	11	14	4	22	19	23	14	51	12	59	7	62	
16	9	15	35	12	61	13	46	6	41	
9	41	3	40	6	47	17	60	12	32	1	73	18	75	14	21	19	11	
19	51	17	34	4	55	8	26	3	5	1	33	
15	27	5	70	19	6	8	33	7	25	1	34	6	9	12	64	11	63	2	31	9	21	14	42	
15	45	5	65	14	35	6	48	9	64	4	22	2	58	10	28	
13	2	12	50	3	67	1	4	16	47	6	24	9	6	5	59	10	34	0	72	14	23	11	14	
18	15	1	10	0	61	2	18	11	39	5	53	4	72	7	24	3	16	14	50	
9	67	3	9	7	40	0	50	18	25	12	54	15	28	11	18	5	16	19	57	4	23	2	48	
11	61	10	53	18	33	0	8	14	9	1	75	2	10	3	12	
16	22	15	53	10	70	6	7	13	52	18	60	7	19	
6	55	5	45	10	57	2	61	7	43	18	14	16	60	4	19	1	52	
13	73	6	13	17	46	10	63	14	56	1	43	7	33	12	57	
14	66	18	30	10	75	17	11	16	3	1	12	5	61	3	23	4	59	11	74	
12	62	10	4	13	37	8	18	19	32	6	34	0	61	15	58	
10	25	3	17	1	7	9	36	7	46	12	72	
10	56	18	25	7	3	5	32	2	41	0	13	12	45	6	72	
13	59	11	29	4	16	0	55	6	63	2	73	7	25	
8	15	11	4	9	59	15	67	16	49	10	23	17	50	4	72	3	39	
4	51	11	43	19	19	1	49	6	2	16	18	2	67	
7	20	11	6	8	61	9	55	3	35	19	53	0	42	12	71	15	21	
11	41	12	26	7	61	15	58	8	67	0	48	2	54	5	45	4	30	10	13	9	59	
7	60	6	37	2	43	4	71	8	56	
4	10	0	32	3	71	2	36	1	74	19	17	10	19	5	63	18	14	8	18	
11	15	15	61	10	58	4	8	7	27	12	20	8	9	
15	19	1	2	6	14	19	28	16	56	18	13	12	61	17	4	
15	62	4	38	7	41	11	47	19	66	0	4	
3	8	17	61	7	44	12	51	2	24	10	33	15	31	19	50	8	74	9	11	1	60	6	35	
19	62	16	71	17	58	11	65	12	17	0	53	15	41	4	24	8	64	
10	18	5	3	4	8	18	43	8	41	3	28	16	35	13	16	12	24	11	73	6	70	
11	11	18	21	6	72	0	42	2	47	10	30	12	53	
12	19	19	61	14	10	18	25	11	13	
13	29	1	12	9	8	4	21	16	27	
17	9	9	50	7	35	0	30	18	23	15	44	12	5	
1	43	9	67	11	25	10	7	6	32	16	2	
17	66	5	46	2	36	19	18	18	13	11	25	12	17	9	73	
1	75	8	36	11	74	5	34	6	67	
6	20	10	71	7	26	18	50	9	62	5	38	14	45	8	30	4	52	
13	72	10	30	5	49	2	74	18	1	12	16	6	47	19	68	8	73	15	10	0	61	4	40	
3	27	2	44	8	74	12	53	13	24	11	48	14	33	19	49	17	9	4	2	
9	70	12	5	1	9	19	22	11	33	5	39	17	6	0	74	16	68	10	11	
17	7	9	3	5	48	8	29	19	24	15	34	2	43	18	39	10	33	13	28	16	49	4	11	
8	9	1	43	16	68	13	36	2	67	15	31	4	33	
5	8	14	12	10	61	16	59	15	67	6	2	11	13	9	25	2	30	
12	54	4	38	6	3	3	36	8	67	18	72	10	4	9	8	16	52	
6	23	9	25	10	39	18	20	3	62	1	11	
15	48	5	61	13	50	11	49	3	65	17	23	8	73	10	19	
6	44	15	16	14	58	8	25	1	10	2	59	9	35	
12	51	19	43	14	59	17	24	18	31	11	28	2	75	8	58	15	55	4	65	16	30	
17	52	12	22	18	61	13	65	14	8	10	45	15	71	11	34	3	67	0	70	
13	25	12	46	17	71	14	26	4	23	7	19	10	33	9	53	1	28	
5	17	7	50	13	71	9	7	10	35	11	31	
8	21	5	38	19	6	17	67	9	32	14	20	0	34	15	74	7	64	
5	61	18	24	10	71	15	32	4	46	1	19	2	74	
9	54	16	40	6	18	10	5	2	38	17	69	12	62	5	26	0	13	
17	34	3	26	7	65	4	39	14	55	5	9	
5	24	15	62	18	35	8	53	1	14	7	23	13	71	
14	35	3	72	1	67	9	30	16	19	10	66	6	45	8	40	15	33	13	50	
0	65	3	25	19	8	12	73	15	53	4	21	11	48	2	52	16	69	7	7	14	51	
2	11	13	2	5	45	17	23	11	48	0	39	
11	39	2	7	12	24	14	28	4	55	0	49	18	1	3	33	19	18	
3	58	0	28	5	8	4	33	17	63	8	26	16	49	
11	74	10	57	18	11	12	70	19	58	3	75	16	35	8	71	4	20	9	12	17	46	
0	35	15	51	9	38	5	70	14	72	13	8	17	60	
12	21	18	65	3	28	8	70	2	11	4	6	0	59	14	33	16	35	7	69	9	51	6	74	
3	31	13	1	9	52	14	53	17	18	8	55	
8	38	7	54	19	22	5	4	6	20	1	75	13	6	17	34	14	43	3	51	15	52	
16	65	0	25	1	26	7	44	4	29	19	54	2	64	
1	30	19	49	7	70	18	46	6	74	14	52	
7	12	15	70	10	55	13	20	17	4	1	31	19	63	12	7	2	8	8	23	4	62	16	74	
13	9	5	43	6	12	11	11	17	75	19	54	
14	66	3	41	9	34	12	67	8	75	
5	61	9	60	18	64	6	8	19	38	11	30	16	56	2	33	
16	37	9	71	1	42	12	67	8	16	2	12	
12	38	8	25	17	33	1	69	9	48	18	31	16	45	15	72	19	34	2	68	4	55	
19	16	2	1	5	71	4	4	16	74	11	12	12	20	10	63	
13	28	17	30	19	38	8	37	18	14	9	26	14	58	10	54	5	49	3	57	
12	55	9	61	16	51	18	45	2	43	
16	17	19	46	4	16	0	25	13	47	5	66	3	23	8	34	10	29	18	43	2	9	

All component type numbers for each job to be processed by MFPM
2	12	9	18	1	3	5	7	0	10	
3	23	8	8	4	3	
2	4	9	17	8	3	3	5	
7	3	0	7	5	1	3	15	
9	20	
1	10	
2	6	8	15	7	18	0	17	4	2	
9	20	8	21	
9	15	4	18	
1	2	0	20	3	9	5	4	
7	6	2	21	8	15	0	24	
4	11	
0	12	6	15	5	23	2	9	
8	8	7	14	9	6	6	16	
5	7	4	22	8	4	
7	8	2	6	3	14	0	16	5	11	
5	6	7	24	4	1	8	25	
4	13	8	9	2	22	
9	10	4	23	7	18	2	22	1	13	
3	24	8	13	5	4	
9	17	4	16	3	10	7	12	0	9	
3	21	8	8	5	11	
2	6	5	23	9	1	4	13	
3	16	9	17	7	22	
4	15	0	13	5	4	
5	1	9	2	2	19	1	21	4	6	
1	21	2	24	3	22	4	19	9	5	
7	1	
7	6	0	16	
8	13	5	20	
1	6	8	15	5	20	
6	3	7	7	
9	12	
0	21	8	16	2	9	6	15	
8	2	2	20	9	24	6	22	3	21	
2	5	3	10	
9	18	7	4	4	17	6	23	8	7	
2	13	0	8	4	19	
7	6	2	2	
7	6	0	15	3	10	9	12	
7	22	3	10	0	1	5	23	4	5	
5	15	9	10	1	18	2	12	6	19	
6	24	2	19	1	11	9	1	3	2	
2	10	0	12	9	5	
0	20	3	18	7	5	
7	15	
5	16	3	11	7	20	
1	9	8	19	0	5	
4	20	5	6	0	12	1	7	8	10	
0	25	9	16	6	2	
9	15	1	8	0	22	3	9	7	18	
0	11	8	1	
2	20	3	14	6	19	0	6	
0	17	
2	24	7	21	
8	9	3	6	6	16	
9	16	0	24	1	21	4	12	7	17	
2	23	3	12	5	20	6	21	9	15	
8	18	6	16	7	8	2	10	0	5	
9	16	7	4	8	10	1	9	
2	9	
3	24	0	13	6	21	
0	9	2	25	8	8	
4	6	5	2	3	25	0	15	1	24	
9	23	
7	11	9	8	6	9	
9	13	
2	20	0	25	1	1	
2	23	1	18	
2	1	
2	24	4	19	
1	18	6	16	4	12	0	17	
7	14	
5	19	4	12	1	17	2	18	
9	4	
2	19	0	8	8	3	
5	20	4	4	3	6	
6	25	
5	20	1	12	8	1	2	9	
0	22	8	23	9	9	7	14	1	2	
7	18	5	15	8	12	1	8	
5	23	
4	21	3	1	9	10	0	18	8	15	
1	24	0	3	9	1	5	19	8	20	
8	8	0	1	5	23	3	17	
1	6	8	22	0	11	2	8	5	3	
9	16	4	23	5	19	6	6	1	3	
8	14	9	11	3	7	
1	4	0	20	6	17	
1	5	2	11	4	18	5	13	6	17	
7	25	4	21	
4	12	3	16	
1	19	6	7	8	15	5	24	4	9	
9	10	3	21	
8	6	4	4	3	7	
7	20	1	21	
2	7	6	25	9	16	4	21	
0	12	
7	10	
2	15	3	7	0	24	9	18	7	22	
0	15	7	5	2	21	9	18	
7	10	0	21	2	12	6	9	
4	20	
7	14	
7	17	0	22	6	10	4	13	
0	11	1	8	9	4	4	15	3	23	
3	12	5	21	
0	20	7	3	
6	12	8	22	2	16	1	15	
4	4	7	24	0	11	
0	21	3	13	5	11	9	25	
9	20	
2	6	1	21	5	3	
3	4	
0	15	9	2	
6	5	2	6	7	3	5	24	
1	21	3	2	0	6	6	23	
1	14	2	8	8	6	7	16	5	17	
5	20	9	21	7	13	
9	9	2	14	8	1	4	5	
9	24	1	6	0	17	
6	21	2	2	3	13	4	4	
4	16	9	22	3	21	1	5	
4	15	
9	12	1	17	2	22	
6	11	2	3	3	1	7	23	1	2	
8	17	4	18	1	8	9	20	
5	18	8	6	1	17	7	25	2	1	
3	12	8	1	9	9	
5	12	4	11	9	17	
5	2	0	24	
8	18	1	12	5	1	
8	6	3	20	5	17	
5	2	1	18	
6	4	3	7	2	18	
8	5	9	16	
5	10	8	1	1	18	7	19	4	17	
0	7	9	4	3	25	
2	25	
6	13	
3	9	
0	10	3	8	5	24	9	18	
4	15	2	24	6	22	
7	23	4	6	
9	24	0	25	2	20	4	22	
7	18	0	4	4	24	6	8	2	21	
4	13	2	1	0	14	
4	13	8	2	
4	19	0	6	9	9	3	3	
4	12	1	4	
2	9	3	3	5	2	4	20	9	24	
6	25	2	5	4	9	0	24	
2	20	5	6	6	25	7	19	8	11	
6	6	2	16	9	18	8	9	
6	1	
2	7	1	15	
0	15	7	25	
2	6	3	21	8	7	1	19	
6	5	4	15	0	13	2	11	
3	12	0	7	4	17	
6	13	5	3	
9	17	6	10	2	2	4	16	0	19	
5	19	2	3	9	8	1	23	
3	21	6	1	0	20	4	6	
5	20	7	22	9	23	6	7	
5	18	8	25	6	22	
6	22	
1	13	
3	21	
1	7	5	24	8	3	3	21	6	12	
2	21	4	20	6	11	1	19	
5	19	2	23	9	10	
5	17	9	14	7	3	2	23	8	10	
2	24	9	6	
9	12	
4	9	0	20	6	6	
1	22	3	19	4	21	7	6	
2	17	
0	11	5	19	
5	7	3	21	6	10	
7	1	1	12	0	24	2	20	
6	10	4	18	
4	15	6	22	7	23	
4	8	1	4	7	18	6	2	
8	1	
0	19	6	2	8	4	2	17	4	14	
0	10	8	17	4	11	9	7	
2	20	3	17	1	2	9	15	6	12	
1	11	4	15	
7	9	4	8	
3	19	5	9	9	3	
0	3	4	9	5	10	9	1	
2	2	5	4	9	24	3	13	0	9	
7	8	6	23	4	7	5	25	9	9	
9	22	
9	21	4	10	8	18	
8	24	
4	15	6	4	0	3	3	18	
7	20	
8	9	

Three processing times per job on each machine
The best scenario
146	59	
177	89	
44	39	
377	253	
168	240	
24	18	
81	88	
165	311	
301	410	
114	218	
110	146	
119	118	
187	112	
548	272	
146	132	
236	240	
430	181	
39	25	
338	217	
17	46	
218	145	
130	142	
122	243	
147	102	
266	151	
226	138	
60	151	
321	274	
129	124	
153	230	
120	85	
106	49	
92	186	
288	363	
112	96	
295	239	
270	232	
173	342	
15	29	
76	198	
340	170	
33	33	
127	180	
58	89	
165	128	
74	194	
129	130	
64	39	
270	163	
209	59	
397	355	
177	174	
79	83	
273	127	
210	163	
39	45	
101	107	
151	351	
258	110	
328	210	
371	395	
278	402	
52	87	
205	160	
182	146	
61	43	
22	17	
119	181	
94	293	
15	24	
387	521	
171	377	
48	41	
192	298	
72	112	
55	47	
282	327	
302	477	
97	454	
141	34	
171	78	
114	169	
224	118	
264	266	
315	249	
49	95	
136	188	
220	157	
196	225	
53	59	
106	193	
415	479	
144	142	
208	122	
185	191	
29	29	
149	139	
64	79	
299	185	
38	35	
23	88	
66	41	
125	99	
183	55	
35	21	
113	108	
220	230	
113	380	
160	565	
213	405	
271	332	
77	86	
18	48	
136	267	
44	35	
184	351	
17	44	
373	247	
117	374	
308	327	
214	87	
90	128	
100	87	
105	389	
164	206	
202	237	
234	177	
80	97	
89	200	
232	228	
103	135	
153	34	
252	252	
87	176	
92	131	
20	12	
19	38	
125	176	
308	236	
346	177	
256	229	
231	323	
44	24	
47	24	
205	266	
401	206	
189	303	
164	108	
225	341	
97	160	
120	101	
143	302	
75	51	
169	174	
303	250	
66	83	
321	215	
27	62	
40	56	
166	56	
97	46	
65	28	
181	204	
153	52	
137	162	
125	114	
65	93	
157	127	
158	178	
67	79	
192	50	
368	446	
112	67	
95	124	
109	106	
202	197	
47	36	
91	96	
63	78	
24	33	
233	234	
212	93	
94	111	
359	208	
175	100	
355	383	
297	142	
178	171	
273	226	
174	175	
71	156	
146	278	
79	113	
200	139	
214	182	
207	109	
40	37	
150	116	
188	225	
78	306	
Most likely scenario
271	111	
214	131	
81	67	
482	398	
231	285	
27	28	
91	170	
188	330	
415	430	
207	321	
209	187	
125	128	
191	149	
557	508	
250	146	
247	264	
517	188	
57	49	
413	233	
31	79	
235	169	
158	250	
211	316	
158	103	
276	155	
349	217	
71	187	
410	412	
218	246	
193	325	
157	91	
207	98	
146	236	
435	490	
146	192	
356	422	
392	387	
270	369	
21	57	
93	295	
482	334	
39	62	
140	274	
90	106	
193	169	
122	301	
156	226	
95	73	
391	256	
258	73	
426	594	
250	189	
125	89	
305	211	
260	260	
45	46	
115	208	
246	395	
277	133	
404	367	
449	407	
454	514	
64	109	
341	174	
209	245	
73	83	
38	33	
238	192	
163	500	
18	31	
480	571	
247	533	
71	65	
258	439	
129	180	
80	86	
561	346	
454	550	
158	466	
166	67	
201	100	
143	270	
328	141	
321	497	
333	328	
65	131	
267	353	
296	314	
319	435	
102	93	
180	337	
489	502	
148	245	
271	237	
306	334	
30	54	
171	202	
100	107	
390	334	
75	38	
29	101	
70	70	
235	174	
213	97	
45	23	
218	133	
252	317	
152	556	
307	592	
398	436	
521	542	
86	95	
36	83	
197	310	
52	55	
248	364	
33	60	
385	282	
142	429	
407	403	
353	156	
125	223	
113	157	
162	411	
167	244	
241	249	
250	327	
132	133	
176	363	
284	424	
121	176	
157	57	
376	457	
166	228	
119	147	
28	15	
33	42	
187	198	
369	273	
402	206	
423	360	
431	388	
52	42	
53	35	
232	300	
437	287	
225	323	
245	184	
332	344	
181	192	
173	182	
227	371	
92	64	
232	190	
371	479	
105	118	
358	416	
42	70	
58	88	
293	71	
105	81	
98	29	
200	255	
202	97	
247	177	
201	140	
117	170	
223	145	
313	324	
87	107	
200	87	
381	505	
198	93	
112	156	
198	141	
230	211	
60	37	
114	143	
105	140	
43	53	
293	322	
240	117	
138	205	
376	308	
184	102	
453	504	
388	144	
354	221	
279	447	
284	340	
127	160	
246	355	
148	154	
368	162	
220	291	
214	209	
47	67	
230	152	
275	403	
131	367	
The worst scenario
335	128	
235	163	
119	84	
650	519	
331	332	
40	30	
125	191	
240	489	
456	490	
267	442	
292	199	
131	176	
270	177	
750	569	
331	181	
303	350	
539	256	
70	62	
545	286	
42	99	
246	200	
168	306	
285	455	
208	139	
332	179	
511	258	
104	236	
533	488	
248	354	
251	355	
180	125	
277	107	
156	314	
529	586	
159	207	
496	628	
474	404	
349	382	
28	58	
98	398	
622	434	
52	72	
172	319	
109	125	
226	249	
158	395	
210	256	
99	94	
402	299	
367	82	
465	704	
346	267	
154	120	
396	215	
311	263	
61	56	
170	265	
352	592	
353	155	
562	462	
478	535	
650	707	
88	136	
505	225	
237	296	
76	120	
53	48	
273	234	
182	668	
22	41	
650	791	
285	725	
77	87	
305	463	
150	200	
114	94	
692	493	
461	704	
167	596	
195	83	
294	120	
201	373	
457	178	
338	641	
364	413	
86	143	
386	371	
423	347	
425	495	
128	127	
242	415	
706	627	
210	313	
309	261	
322	352	
45	55	
205	263	
142	118	
486	483	
103	44	
39	137	
104	99	
264	238	
270	140	
55	30	
316	146	
303	388	
165	651	
442	780	
446	554	
668	701	
92	102	
42	97	
224	344	
69	81	
302	452	
45	78	
398	371	
201	501	
480	530	
467	166	
179	323	
127	211	
169	487	
176	363	
301	298	
253	425	
164	194	
232	433	
351	586	
129	183	
207	72	
498	491	
227	328	
159	218	
39	21	
45	60	
225	235	
506	334	
436	218	
495	442	
497	548	
72	54	
65	51	
289	334	
446	335	
263	484	
295	252	
360	460	
230	270	
210	243	
231	451	
104	76	
261	211	
460	636	
156	160	
488	447	
59	78	
78	105	
431	78	
127	118	
106	42	
240	262	
262	119	
270	227	
297	206	
135	216	
324	160	
389	348	
117	142	
225	120	
466	736	
220	128	
152	208	
278	200	
287	264	
69	38	
141	147	
149	143	
56	62	
417	393	
352	145	
201	241	
498	353	
258	128	
634	530	
424	188	
507	302	
391	543	
341	483	
181	176	
320	440	
154	196	
455	243	
305	418	
309	218	
54	98	
327	217	
406	499	
147	541	
