Factories	7	Jobs	50	Machines	3

Total number of component types per job processed by HSPM
7	7	10	7	11	12	12	10	10	9	12	9	8	12	7	11	5	10	9	10	5	7	9	7	10	6	8	7	9	10	10	6	11	6	5	11	12	10	11	12	9	7	11	12	5	6	5	9	5	11	

Total number of component types per job processed by MFPM
1	1	5	5	1	1	4	5	1	1	2	1	4	2	4	1	2	2	3	2	2	2	5	3	2	3	5	2	2	5	3	3	5	2	4	3	1	2	3	2	2	1	1	2	1	2	4	1	4	3	2	3	4	2	2	1	3	1	2	2	5	2	2	4	1	3	3	1	1	3	1	5	1	4	3	1	5	3	2	1	3	3	5	3	2	4	4	3	2	2	5	3	4	5	5	1	3	5	1	3	

All component type numbers for each job to be processed by HSPM
7	25	13	46	5	31	0	68	16	43	17	16	12	75	
17	34	13	36	1	29	8	13	7	69	15	17	10	70	
5	36	4	69	16	18	2	34	1	58	9	74	7	13	13	7	0	25	8	39	
2	41	14	73	7	21	1	54	19	58	12	38	0	40	
11	2	12	16	13	59	3	20	9	73	17	34	7	61	19	25	0	58	2	36	18	46	
6	10	9	52	10	54	3	4	7	37	2	42	15	58	11	23	1	24	0	46	18	27	13	45	
2	16	7	28	12	74	14	33	4	40	5	1	16	61	11	6	0	27	8	60	6	38	3	44	
19	52	8	69	16	9	3	10	15	68	2	29	12	17	11	11	4	1	6	67	
18	7	2	1	19	53	16	46	12	56	1	62	14	44	8	52	9	60	13	28	
3	34	1	61	16	73	13	69	10	60	7	30	19	13	18	23	6	22	
19	13	7	54	8	72	5	69	11	46	1	41	15	73	17	63	0	51	13	50	6	44	4	31	
9	37	17	58	19	75	10	62	18	51	7	7	3	14	12	21	4	52	
11	63	16	44	0	34	1	61	15	32	17	62	5	22	19	9	
2	66	14	5	15	68	5	57	17	39	11	6	3	41	12	10	13	26	0	34	6	64	18	45	
3	5	11	54	10	3	13	50	5	60	17	73	14	11	
16	55	14	49	12	28	5	9	0	12	8	10	6	64	1	65	11	26	17	4	10	42	
3	74	8	68	17	29	6	48	16	43	
6	16	1	6	5	42	8	38	0	14	7	71	12	34	10	19	17	4	14	46	
6	3	16	44	15	33	0	19	4	31	11	29	7	50	9	53	12	51	
4	16	7	37	0	36	13	24	9	3	5	28	15	25	12	34	17	7	16	46	
0	66	8	29	17	49	3	23	11	46	
0	32	1	39	11	33	19	30	9	31	6	69	2	2	
10	31	9	3	0	58	14	4	6	26	7	50	18	10	11	48	4	13	
18	70	3	62	13	56	6	33	4	12	7	15	11	44	
10	4	4	67	13	22	7	19	18	48	14	47	17	42	11	9	3	51	5	68	
1	14	7	21	19	56	6	22	18	6	12	52	
4	67	17	66	13	11	9	10	19	57	8	6	12	48	2	51	
0	21	2	71	6	63	18	72	12	29	1	41	7	10	
6	6	16	46	13	25	0	21	2	10	11	3	7	37	9	4	1	49	
1	46	10	23	7	17	0	42	12	13	14	55	5	20	4	36	2	5	13	1	
8	13	4	16	17	61	19	25	0	50	16	1	13	11	5	56	7	58	15	45	
16	54	1	48	8	52	4	7	0	35	11	58	
0	50	19	48	13	15	11	62	10	58	6	6	2	52	1	5	18	34	8	33	12	61	
12	62	0	58	16	22	13	72	3	39	6	35	
1	25	12	5	18	6	2	60	6	58	
18	25	2	49	15	31	10	47	4	57	17	41	5	18	1	26	9	11	0	61	12	64	
6	8	5	58	0	3	7	69	1	25	13	72	4	1	15	67	9	63	16	48	14	29	12	59	
2	19	16	27	12	9	17	32	5	70	13	50	6	12	19	59	8	60	14	33	
1	13	2	21	4	1	10	56	12	22	14	20	8	23	16	70	9	45	13	26	3	51	
2	20	9	47	13	63	19	6	7	62	8	58	5	3	16	12	4	61	3	31	11	14	18	55	
6	64	18	30	16	66	10	26	4	25	12	28	5	4	14	8	13	75	
3	11	19	69	7	13	11	1	9	15	1	52	2	70	
5	14	4	33	6	21	19	10	7	22	2	19	16	11	17	24	13	5	18	66	12	26	
4	70	16	34	11	14	3	42	0	72	5	68	2	36	15	52	7	3	10	49	6	39	12	20	
6	24	14	7	9	63	17	11	4	64	
12	47	17	1	9	49	10	28	6	19	2	46	
15	21	2	24	5	70	0	25	4	38	
14	3	4	48	7	68	19	4	12	72	3	55	17	27	6	14	15	41	
6	35	10	62	18	36	7	24	1	2	
5	26	9	67	4	55	19	75	12	62	17	6	0	43	13	32	14	54	2	44	18	47	

All component type numbers for each job to be processed by MFPM
9	12	
5	34	
9	16	4	24	0	9	7	19	6	21	
1	37	5	32	7	36	6	49	3	35	
8	17	
5	39	
5	17	6	7	9	10	2	6	
4	47	9	32	3	40	5	27	0	26	
8	12	
4	34	
0	16	7	18	
9	41	
8	22	3	17	9	20	1	13	
9	34	0	32	
7	7	4	21	5	12	0	11	
3	46	
1	6	3	23	
6	46	5	45	
0	2	3	8	6	15	
2	31	9	38	
7	22	6	9	
5	43	4	50	
6	4	1	2	0	5	9	16	8	3	
0	32	5	36	7	43	
7	1	1	19	
1	41	9	40	3	31	
3	23	9	20	2	13	6	17	1	2	
7	43	3	40	
7	25	0	6	
4	27	5	35	9	46	2	49	6	34	
6	5	4	23	5	9	
3	46	0	39	9	41	
8	10	7	4	3	3	2	6	6	25	
5	47	2	33	
2	22	7	7	8	8	9	10	
2	43	8	45	4	50	
0	24	
2	38	5	45	
2	15	4	5	1	22	
6	45	9	48	
8	9	4	4	
6	33	
6	17	
6	38	0	30	
6	19	
2	45	1	26	
3	15	2	13	8	6	9	10	
8	26	
0	23	9	10	6	14	7	2	
9	40	4	38	1	41	
4	2	5	15	
0	26	4	29	7	27	
0	19	3	3	7	13	4	2	
1	49	4	37	
5	20	4	15	
3	45	
8	12	5	10	4	7	
5	27	
7	10	3	12	
9	39	0	36	
8	21	6	13	2	25	5	19	0	15	
9	36	5	26	
1	20	8	17	
5	29	4	33	0	31	1	38	
3	21	
1	46	6	42	2	29	
4	4	0	13	2	14	
7	29	
5	17	
1	32	5	50	6	49	
6	8	
9	26	5	29	0	32	3	39	6	43	
3	20	
8	36	2	47	9	49	1	42	
9	20	1	8	2	4	
1	46	
9	10	8	6	2	22	0	17	3	2	
6	39	8	31	4	36	
5	21	0	9	
3	30	
3	4	2	16	8	14	
6	36	3	49	1	31	
2	18	3	14	9	19	8	7	4	21	
4	39	9	27	0	41	
3	17	8	10	
8	33	9	42	5	40	2	37	
9	8	7	7	2	22	8	11	
3	28	2	30	7	34	
0	6	9	19	
5	35	2	27	
1	16	9	14	4	20	0	13	7	18	
8	39	4	28	0	30	
3	18	1	6	8	16	2	12	
4	44	6	37	1	47	8	31	3	41	
0	6	3	14	7	18	9	20	5	23	
9	45	
1	5	4	22	8	8	
2	32	0	45	7	50	4	42	1	37	
6	9	
6	38	7	44	4	42	

Three processing times per job on each machine
The best scenario
216	75	290	
608	679	527	
1104	937	771	
578	755	625	
184	289	226	
122	83	86	
208	125	446	
190	414	105	
263	382	751	
212	207	357	
316	111	275	
491	309	549	
664	650	478	
784	654	627	
410	326	530	
74	195	179	
44	119	153	
310	255	718	
387	393	575	
214	1349	786	
72	113	81	
418	858	968	
687	367	446	
185	347	415	
949	722	716	
867	548	724	
320	283	186	
332	719	235	
219	222	143	
228	490	587	
345	163	175	
395	855	246	
78	79	55	
330	399	311	
402	509	553	
279	560	159	
196	301	191	
103	134	114	
184	253	414	
201	92	94	
487	331	319	
280	288	304	
708	903	377	
178	342	282	
170	79	120	
108	139	221	
655	743	288	
167	175	122	
111	224	96	
270	253	241	
Most likely scenario
282	123	447	
842	921	828	
1231	1363	1182	
1009	935	1123	
303	328	354	
145	164	138	
248	149	485	
241	426	151	
419	570	834	
319	290	589	
484	209	440	
496	540	631	
915	1167	643	
936	840	744	
704	422	568	
126	256	265	
80	142	167	
343	272	901	
731	399	905	
412	1425	1175	
124	127	119	
442	880	1051	
911	504	754	
299	430	519	
1054	829	1045	
1043	609	1011	
566	360	335	
655	720	321	
328	259	276	
251	722	703	
346	289	261	
558	1109	301	
128	158	66	
644	405	564	
439	635	685	
465	626	274	
239	337	263	
120	144	173	
210	261	450	
294	169	156	
792	410	425	
559	345	453	
713	924	461	
297	606	321	
211	92	219	
155	249	251	
927	911	449	
214	280	153	
141	240	105	
316	325	331	
The worst scenario
329	143	668	
1229	1166	1066	
1336	1391	1628	
1023	1292	1457	
411	485	409	
216	236	152	
337	222	533	
309	567	207	
583	696	844	
437	295	788	
540	289	594	
559	732	649	
1042	1469	765	
970	915	1040	
749	500	691	
183	318	309	
119	204	235	
413	340	983	
1068	553	1216	
581	2094	1512	
135	160	136	
531	1105	1225	
1232	550	955	
447	454	548	
1418	1084	1549	
1364	852	1195	
582	413	419	
744	982	322	
398	260	353	
309	904	1002	
388	395	325	
789	1266	368	
150	168	88	
952	513	636	
600	902	832	
653	783	314	
253	398	264	
147	167	219	
310	311	514	
346	187	211	
1024	450	584	
788	516	455	
937	1072	570	
375	622	432	
250	127	261	
212	320	264	
977	1045	637	
265	288	171	
185	289	113	
341	418	425	
