Factories	3	Jobs	150	Machines	2

Total number of component types per job processed by HSPM
8	10	9	8	11	9	10	9	6	8	10	6	12	9	8	9	6	6	6	12	10	5	12	9	8	11	12	9	8	6	6	11	8	7	5	7	5	8	10	12	7	10	8	7	11	11	7	5	11	5	5	10	8	10	9	11	11	7	10	9	8	7	8	7	12	10	9	6	8	5	7	7	6	12	8	9	12	5	6	11	8	6	7	12	10	10	8	9	8	8	6	7	5	12	5	10	11	10	5	5	12	9	9	11	11	12	10	5	8	7	12	5	12	8	6	10	9	11	8	5	6	11	8	11	10	6	6	12	6	8	9	12	8	10	9	8	5	12	6	11	7	9	8	9	7	11	9	12	5	7	

Total number of component types per job processed by MFPM
5	3	3	2	5	5	1	5	3	5	1	5	2	4	1	1	3	3	3	3	4	1	2	1	5	5	5	3	5	1	3	3	5	2	4	5	5	4	4	5	3	3	5	4	2	3	1	2	2	2	5	1	2	3	2	5	4	1	5	5	3	2	2	4	5	3	5	2	4	3	1	5	3	5	3	1	1	2	5	2	3	3	5	4	5	5	2	3	4	4	5	1	5	5	1	3	2	1	2	2	5	1	2	3	4	5	1	5	4	5	4	5	3	2	3	4	5	4	1	4	4	5	1	5	2	2	2	1	3	3	2	5	2	5	5	4	4	5	2	5	4	1	3	3	5	4	1	4	2	1	

All component type numbers for each job to be processed by HSPM
18	29	17	44	4	39	16	3	9	58	3	1	12	35	2	23	
0	8	11	65	9	7	2	48	18	28	10	21	3	74	1	59	13	47	17	22	
12	24	10	62	18	71	19	10	13	67	9	1	16	75	5	44	1	63	
18	64	5	31	10	53	9	49	0	38	16	46	12	67	17	16	
6	3	2	2	14	21	3	52	4	43	17	18	10	49	5	15	0	25	16	13	8	45	
16	28	8	34	4	15	17	67	19	8	11	74	6	31	7	72	15	69	
2	11	15	38	12	65	14	56	18	36	7	30	9	62	6	45	10	50	0	2	
7	59	17	65	1	36	19	6	5	75	9	51	8	1	3	68	6	62	
5	2	4	25	16	35	8	53	19	46	0	7	
0	51	10	23	7	6	5	29	9	60	3	62	19	68	8	10	
15	13	10	31	6	4	4	60	18	33	14	47	16	20	11	51	13	36	9	14	
19	42	6	34	2	45	3	33	8	41	13	51	
16	39	17	69	10	21	4	3	19	10	13	50	7	55	14	71	6	27	18	51	9	34	12	47	
13	30	11	67	10	42	8	50	9	24	18	1	19	19	1	70	5	69	
6	28	18	25	5	48	19	1	12	62	17	43	15	46	2	10	
8	15	16	59	1	12	6	11	14	25	18	2	4	55	10	75	17	52	
3	75	17	53	7	4	5	38	19	57	9	37	
5	75	17	23	3	56	10	20	16	16	12	9	
18	34	12	17	15	54	10	15	17	56	0	44	
3	72	14	60	7	6	16	26	19	13	6	30	9	70	1	21	5	41	11	17	4	47	17	40	
18	38	11	36	1	55	13	31	12	37	16	12	10	47	17	70	4	5	0	62	
2	53	6	6	17	18	5	60	10	45	
1	60	3	19	0	45	11	28	2	75	19	24	13	14	17	9	16	47	8	49	7	5	12	32	
11	28	14	13	2	18	1	46	17	22	12	5	7	74	18	42	0	38	
11	25	18	69	1	23	13	39	5	63	8	55	2	48	12	50	
9	69	6	3	5	38	14	67	18	70	0	37	11	31	8	36	10	45	7	26	4	17	
6	28	12	18	16	56	13	13	15	26	9	52	1	27	7	11	14	34	3	4	2	22	19	17	
8	67	10	15	12	7	11	66	18	49	16	71	6	72	15	73	5	34	
7	20	11	7	13	60	1	10	17	52	3	21	19	15	8	70	
6	17	4	5	18	71	12	12	5	27	9	74	
8	1	3	11	9	18	12	17	10	44	0	64	
19	21	17	6	2	1	4	58	5	18	18	2	12	32	10	13	11	29	15	67	6	48	
8	2	18	66	17	22	16	13	11	33	12	72	3	53	15	29	
2	71	7	72	15	55	9	58	10	45	3	37	6	30	
3	66	12	62	16	11	18	17	7	4	
8	37	18	75	12	9	14	61	7	26	16	36	1	32	
2	10	15	39	3	66	17	40	11	51	
0	63	5	42	9	40	8	44	2	72	6	55	15	11	11	4	
13	46	16	75	18	20	1	71	9	41	8	54	14	32	11	53	10	52	12	48	
8	57	19	56	18	45	12	17	13	68	3	2	1	21	17	36	4	33	16	3	11	47	7	28	
10	2	9	62	14	65	19	25	11	73	7	66	5	58	
16	27	3	34	9	60	8	14	14	17	18	66	10	23	1	55	19	54	4	44	
6	24	3	15	2	22	11	14	15	28	5	54	12	50	17	17	
2	2	14	72	18	43	16	30	9	49	13	11	15	73	
5	44	15	69	14	41	13	14	6	36	4	7	11	63	19	47	1	58	10	19	0	50	
8	66	16	1	13	14	1	32	11	70	17	36	7	60	6	27	3	47	0	37	14	48	
11	22	16	7	19	57	13	35	18	66	9	60	1	64	
14	73	19	6	12	48	9	61	5	23	
9	70	2	49	15	9	1	28	11	37	7	74	13	20	17	48	19	29	16	31	10	4	
19	6	1	38	0	13	8	73	9	63	
3	54	9	37	18	38	16	44	8	3	
0	19	12	10	13	61	9	56	6	63	1	44	8	57	10	60	17	11	11	49	
2	56	12	53	11	59	7	57	17	65	1	67	16	8	8	43	
19	52	15	42	2	43	16	22	10	32	1	26	3	51	14	37	5	74	18	31	
8	21	13	5	15	3	1	9	2	55	0	41	18	23	5	31	12	36	
10	63	2	70	8	26	4	56	17	4	12	27	14	43	9	14	5	68	19	17	1	46	
10	21	0	48	8	35	18	17	16	3	19	43	2	34	9	22	1	4	6	61	11	50	
0	61	4	10	5	56	1	60	17	59	8	75	3	37	
18	40	19	43	14	21	7	42	17	70	3	44	16	18	2	36	9	30	10	60	
6	62	19	12	12	42	9	19	8	53	16	24	10	37	3	4	5	75	
11	43	16	28	0	8	15	15	2	73	14	54	17	60	19	41	
9	4	18	28	12	73	8	7	16	60	2	47	17	58	
17	70	3	50	10	65	2	33	1	10	7	52	13	37	14	12	
6	7	19	8	9	74	18	67	4	49	3	30	0	73	
4	15	17	73	5	68	9	63	12	47	6	51	8	60	7	21	1	35	10	14	2	49	11	6	
9	38	14	20	0	28	6	2	10	46	2	47	16	43	13	16	19	13	4	52	
2	47	5	20	16	41	4	33	11	35	19	44	9	29	8	15	17	25	
17	57	4	21	5	26	1	75	10	54	3	3	
3	23	4	70	15	17	5	5	17	19	1	20	7	72	6	24	
5	71	6	23	15	68	11	46	16	56	
4	65	1	17	6	3	10	73	19	29	16	19	2	2	
11	19	19	21	1	26	9	60	18	15	12	1	5	48	
3	7	10	65	16	60	9	34	15	5	14	54	
5	4	16	59	2	71	11	51	15	5	6	25	9	62	13	24	17	72	18	14	0	74	7	57	
14	12	3	22	9	51	2	58	7	65	18	4	13	56	6	14	
16	16	2	66	9	26	4	31	3	19	11	6	19	63	14	61	10	4	
3	75	1	7	2	28	12	22	17	68	8	70	14	5	6	38	4	45	13	10	0	61	9	52	
16	23	9	53	19	4	14	39	15	56	
10	42	17	61	9	29	4	28	11	44	6	48	
5	1	18	14	11	34	1	38	8	37	6	59	12	44	15	26	10	24	13	2	0	30	
13	55	8	18	4	23	14	12	10	75	0	21	16	38	5	54	
10	22	9	32	15	50	4	74	11	45	14	36	
0	67	11	69	4	29	3	43	12	44	1	5	15	74	
3	67	17	69	4	37	19	48	13	46	12	5	9	64	5	25	1	53	16	49	18	6	15	11	
15	36	14	15	4	30	11	17	2	53	12	46	6	31	3	75	8	63	17	12	
13	39	5	9	2	22	4	75	18	5	10	23	12	53	15	30	3	51	11	25	
16	9	3	4	8	21	0	26	5	20	2	23	4	47	14	3	
1	75	13	40	12	3	5	61	6	23	4	15	9	5	19	67	17	71	
4	9	16	59	17	37	19	5	0	15	1	58	3	68	6	45	
4	40	6	26	9	51	12	43	17	20	14	47	5	34	10	44	
10	42	18	53	14	14	5	32	17	40	13	68	
0	24	12	30	6	70	15	16	3	56	16	11	8	29	
6	33	14	35	19	15	13	36	11	75	
5	30	9	74	7	33	12	59	11	62	14	15	2	60	0	14	6	51	4	24	15	39	10	19	
8	25	19	35	5	38	13	12	10	58	
16	68	19	41	4	61	14	36	9	58	13	31	18	35	3	22	10	65	15	15	
3	52	5	19	1	8	18	20	6	17	0	32	16	27	4	21	10	42	12	55	15	68	
12	10	2	67	11	46	0	72	16	35	3	26	15	13	4	12	10	73	18	15	
18	70	12	11	19	31	6	62	7	23	
13	12	6	13	14	29	17	32	15	6	
4	48	11	18	0	60	17	17	15	57	10	25	19	41	2	30	14	54	8	39	5	33	6	37	
6	50	10	10	7	67	2	70	16	33	19	7	4	59	13	1	0	25	
13	45	1	61	16	32	15	5	5	55	17	43	3	46	6	29	18	23	
14	2	8	9	18	46	9	59	11	47	5	66	17	35	13	19	1	49	6	20	2	39	
0	4	2	29	7	70	4	14	13	12	19	26	6	59	15	57	5	49	3	61	14	15	
19	4	1	6	16	40	7	50	4	42	9	25	10	64	13	55	14	51	11	56	12	29	18	14	
16	36	2	12	12	15	14	50	8	25	1	38	19	55	0	61	5	69	13	30	
5	4	2	45	12	24	15	69	3	75	
15	32	11	71	9	58	18	36	3	45	5	19	6	10	7	41	
17	21	18	43	1	70	16	28	19	14	3	25	7	50	
11	75	17	57	8	10	2	17	9	39	10	68	12	56	15	16	18	13	3	11	16	61	6	25	
16	14	17	21	2	73	15	32	18	31	
18	48	7	36	2	63	4	59	3	30	17	4	19	60	14	37	9	65	0	21	11	47	1	56	
15	74	16	12	17	55	7	42	11	28	9	30	5	73	19	69	
16	43	4	52	11	19	7	54	2	21	1	34	
7	67	6	37	19	32	12	58	2	62	17	12	4	23	10	74	5	24	9	19	
16	18	0	30	1	34	15	48	18	62	2	32	19	39	13	73	3	59	
15	4	11	1	14	64	12	17	1	7	6	15	5	69	3	41	4	66	8	51	2	56	
8	68	2	62	11	2	4	17	9	15	16	64	5	12	14	20	
17	48	4	10	15	24	11	65	5	46	
10	13	16	55	4	34	1	16	2	4	13	20	
11	72	5	66	14	45	0	48	18	53	16	6	6	60	19	17	10	65	7	10	9	22	
8	29	14	50	6	67	13	49	0	25	4	20	17	22	15	45	
15	39	6	30	8	12	17	57	7	8	12	19	0	17	13	7	5	60	14	24	10	38	
19	68	9	47	18	4	13	31	11	65	3	32	17	24	14	5	6	18	10	41	
13	68	7	73	0	56	8	65	9	3	1	7	
16	73	3	47	6	38	10	17	5	18	18	52	
8	17	1	69	17	7	3	57	7	37	19	52	6	34	18	64	4	59	2	4	9	70	0	62	
17	57	16	23	8	49	18	34	7	32	6	43	
13	49	11	12	18	41	0	38	17	37	3	15	1	25	16	6	
10	32	17	51	12	73	8	40	1	6	6	47	19	66	14	45	15	22	
4	66	10	52	9	41	12	60	7	32	6	18	2	71	16	45	3	35	17	40	18	46	5	69	
17	31	2	16	1	44	19	49	6	63	10	30	8	58	12	17	
15	68	18	21	14	1	10	33	16	14	9	34	7	58	11	13	17	4	12	63	
1	31	19	53	12	8	16	34	14	18	2	12	8	23	9	17	11	56	
8	28	4	26	14	13	11	47	16	61	1	51	10	22	13	36	
10	62	7	31	9	34	4	36	18	13	
19	64	13	39	4	2	10	32	14	46	1	43	11	10	8	8	2	52	3	55	6	66	18	14	
1	24	14	39	17	61	19	48	8	69	10	35	
19	63	16	24	17	15	3	58	0	25	6	3	18	38	14	13	5	28	2	19	13	41	
1	55	6	35	4	73	7	11	15	67	2	14	9	30	
5	23	9	70	15	57	10	29	7	5	2	33	17	35	12	67	0	59	
19	55	14	1	0	17	9	16	10	3	16	74	17	57	13	36	
5	33	8	12	10	1	18	56	12	62	2	17	19	69	3	32	13	31	
6	34	19	7	10	9	1	71	12	40	5	15	4	27	
5	59	19	4	14	56	7	55	10	23	8	19	16	71	3	6	1	32	12	16	13	13	
15	22	19	26	13	67	2	72	10	53	8	17	7	10	0	24	9	43	
0	70	4	26	12	22	19	61	3	17	5	60	10	19	7	28	16	53	15	74	11	50	18	45	
12	67	16	72	9	57	6	68	15	75	
7	57	15	14	14	67	0	69	8	30	2	54	12	17	

All component type numbers for each job to be processed by MFPM
2	9	7	17	9	6	1	2	4	12	
1	21	4	9	0	5	
3	9	2	19	8	16	
0	17	6	16	
6	22	5	15	0	11	9	16	3	9	
4	17	5	6	3	9	8	4	1	13	
9	19	
8	18	5	9	2	19	1	22	3	11	
7	19	3	11	2	9	
6	24	0	20	4	15	3	1	9	7	
5	9	
8	2	7	19	1	12	5	24	6	15	
6	6	0	23	
6	20	5	7	7	10	0	23	
0	21	
0	10	
1	2	0	13	8	20	
8	9	2	13	1	20	
7	22	9	12	3	2	
9	1	4	16	2	23	
0	13	8	8	2	2	3	21	
9	7	
4	7	8	19	
1	25	
6	18	9	17	3	16	5	12	7	19	
8	3	4	2	6	16	9	23	1	6	
5	7	8	21	7	25	0	5	9	24	
1	22	2	16	7	13	
6	23	8	5	2	16	4	19	7	20	
4	25	
9	18	3	6	4	9	
0	8	3	25	8	18	
4	7	2	17	1	11	7	10	5	15	
2	7	1	19	
6	22	9	10	4	11	5	24	
6	17	1	1	3	22	0	15	4	12	
5	6	0	8	8	25	2	13	9	21	
3	17	5	23	4	1	6	6	
0	15	4	24	8	21	9	1	
1	12	0	23	3	15	2	22	7	17	
4	4	8	15	5	18	
5	15	1	16	2	14	
2	11	4	9	0	5	3	18	7	16	
9	15	5	7	1	2	3	25	
1	9	8	20	
6	10	3	1	8	2	
5	19	
5	3	4	5	
9	17	7	9	
1	19	8	20	
8	2	9	4	0	5	3	20	5	22	
2	6	
5	2	0	24	
2	19	1	18	8	5	
3	2	7	9	
9	2	0	8	3	18	8	13	5	21	
1	16	9	17	5	23	8	1	
4	22	
1	19	0	8	5	1	8	14	2	23	
0	19	7	14	8	5	9	6	5	20	
3	25	7	14	6	23	
6	20	0	18	
1	16	7	8	
1	12	5	11	2	2	3	3	
3	12	0	4	8	22	7	19	5	24	
7	25	8	9	3	21	
4	13	1	9	9	16	3	3	0	2	
5	25	8	7	
3	20	6	17	8	25	0	21	
7	21	2	4	3	11	
9	9	
9	22	2	4	5	14	1	23	8	6	
1	6	5	17	4	25	
8	16	6	4	9	17	7	9	4	19	
2	8	9	11	4	17	
3	4	
3	23	
0	25	6	1	
3	5	4	1	6	15	5	20	9	25	
3	12	4	24	
4	12	5	8	6	15	
3	11	8	25	7	1	
6	24	8	7	2	6	0	1	9	11	
0	2	7	7	5	11	9	15	
8	7	6	14	2	20	3	5	7	12	
6	17	1	10	3	12	7	16	5	23	
6	25	0	5	
6	12	9	7	8	25	
0	7	5	25	6	18	1	17	
8	23	6	4	3	20	2	6	
2	11	4	16	0	5	6	15	7	25	
3	19	
4	9	5	25	9	20	3	4	2	15	
8	22	3	15	1	11	4	20	6	12	
5	4	
3	10	9	12	5	1	
0	10	1	2	
7	6	
8	13	5	2	
2	2	4	12	
9	22	1	6	6	15	0	19	5	23	
4	15	
3	25	0	17	
3	1	5	18	4	9	
1	14	3	3	5	12	0	8	
6	16	5	14	7	19	8	13	4	11	
4	7	
7	18	6	23	5	8	8	21	0	1	
5	9	1	14	2	10	4	7	
7	8	3	4	8	7	5	24	0	13	
0	20	9	17	4	21	1	6	
1	9	9	17	7	3	3	19	2	2	
1	3	5	25	6	22	
7	24	0	21	
5	23	0	17	6	8	
7	12	8	25	4	16	5	10	
0	10	9	24	1	14	6	13	5	19	
5	8	3	18	1	22	7	1	
1	4	
0	7	1	6	2	21	9	17	
8	14	4	18	2	1	5	17	
6	1	5	25	0	24	1	23	3	14	
4	1	
8	9	7	5	6	23	9	10	4	20	
0	1	6	16	
4	15	5	8	
0	3	1	7	
3	2	
7	12	1	1	5	15	
1	12	8	2	9	3	
6	4	5	8	
1	24	6	25	5	7	4	6	0	18	
9	6	5	5	
4	6	0	15	5	13	6	16	3	18	
9	8	7	20	8	16	5	4	1	9	
3	24	0	21	2	25	8	18	
4	11	5	23	1	3	0	20	
4	23	5	1	7	16	0	18	2	3	
7	7	0	12	
4	23	7	25	1	4	5	19	0	13	
0	12	2	4	4	7	8	22	
2	16	
9	19	7	25	2	20	
5	9	8	19	9	17	
9	21	6	23	4	7	0	22	7	20	
0	22	7	13	2	24	6	15	
2	10	
1	20	8	22	5	5	9	23	
0	22	4	6	
8	2	

Three processing times per job on each machine
The best scenario
371	344	
150	150	
156	167	
48	43	
115	250	
45	25	
126	491	
92	161	
34	51	
66	208	
75	136	
191	256	
24	25	
211	196	
170	302	
90	61	
134	115	
203	408	
119	117	
35	27	
445	201	
40	78	
261	169	
94	165	
349	221	
198	289	
317	130	
273	323	
238	152	
22	17	
64	166	
58	40	
210	104	
58	200	
103	31	
46	20	
269	248	
97	33	
157	100	
233	139	
223	420	
112	392	
304	189	
187	168	
210	261	
179	95	
193	349	
137	55	
166	84	
42	76	
181	395	
234	161	
36	40	
338	267	
214	120	
71	108	
171	208	
330	102	
138	97	
98	103	
163	265	
373	233	
36	50	
67	43	
249	269	
103	81	
117	101	
34	31	
262	288	
46	42	
122	357	
240	128	
175	141	
124	89	
16	25	
92	79	
101	49	
534	121	
30	28	
147	513	
20	33	
52	76	
102	234	
60	145	
94	75	
154	65	
191	79	
111	103	
332	211	
178	419	
162	91	
52	53	
219	413	
419	358	
301	253	
141	149	
132	138	
72	125	
50	48	
156	82	
445	263	
106	87	
145	77	
382	103	
280	249	
130	170	
134	145	
43	19	
37	23	
102	96	
133	51	
54	29	
70	140	
99	191	
24	37	
107	31	
16	67	
151	390	
148	368	
129	117	
255	253	
276	188	
45	99	
131	244	
133	156	
53	31	
78	58	
138	234	
35	33	
83	71	
52	119	
104	31	
239	278	
359	339	
87	61	
225	176	
123	123	
95	170	
40	93	
87	110	
61	30	
181	310	
96	66	
45	21	
57	163	
27	22	
218	257	
188	145	
86	109	
199	77	
Most likely scenario
433	487	
239	160	
185	252	
80	55	
181	273	
53	27	
157	555	
160	169	
41	58	
90	213	
139	139	
211	382	
29	32	
289	214	
320	332	
101	78	
141	160	
304	535	
164	160	
36	51	
459	332	
65	134	
305	201	
165	285	
548	240	
207	399	
447	196	
306	419	
306	292	
30	29	
106	246	
87	58	
244	152	
80	228	
179	55	
58	21	
497	482	
142	65	
261	187	
320	181	
230	463	
125	523	
310	206	
285	184	
381	327	
187	101	
198	408	
166	80	
272	119	
59	118	
289	508	
296	197	
59	54	
479	481	
340	143	
114	112	
206	214	
332	129	
265	178	
192	106	
243	272	
618	415	
47	93	
120	85	
254	409	
114	106	
141	141	
50	52	
289	304	
92	45	
163	361	
256	131	
199	193	
176	130	
26	35	
97	126	
160	75	
556	205	
35	51	
212	544	
26	44	
62	109	
146	277	
103	226	
102	83	
244	69	
275	138	
129	134	
481	287	
190	455	
245	125	
91	80	
241	515	
614	371	
319	279	
208	151	
155	150	
101	195	
87	75	
163	107	
494	324	
136	88	
197	85	
428	142	
325	298	
149	174	
173	160	
46	31	
64	36	
141	102	
175	54	
86	37	
81	167	
163	312	
39	74	
146	60	
25	98	
210	435	
246	580	
186	229	
277	481	
366	333	
72	182	
133	277	
154	171	
98	39	
117	97	
237	241	
41	60	
121	93	
85	182	
190	62	
323	329	
475	540	
101	86	
316	206	
157	148	
147	289	
60	115	
97	181	
84	42	
262	375	
114	122	
54	25	
74	190	
37	33	
251	344	
241	251	
114	144	
231	88	
The worst scenario
486	533	
317	219	
224	361	
95	57	
265	351	
74	33	
163	649	
163	186	
43	63	
132	261	
160	196	
281	513	
43	37	
389	304	
455	442	
110	86	
208	211	
311	540	
197	194	
51	55	
658	403	
74	193	
396	275	
186	354	
563	272	
260	439	
478	199	
406	478	
335	335	
40	40	
155	278	
101	79	
360	170	
86	255	
233	65	
74	28	
564	669	
185	76	
341	253	
428	231	
309	602	
178	678	
383	234	
291	232	
420	348	
279	125	
280	584	
181	120	
297	173	
77	155	
312	762	
360	223	
65	61	
583	649	
467	189	
140	116	
231	244	
355	160	
350	211	
244	112	
316	336	
788	494	
52	95	
138	119	
268	505	
164	110	
179	169	
63	56	
306	416	
134	65	
200	498	
357	158	
246	271	
179	180	
36	48	
114	133	
210	91	
573	206	
41	67	
228	807	
30	46	
91	146	
213	359	
137	298	
112	99	
272	97	
406	185	
193	190	
592	387	
212	570	
251	176	
134	109	
314	717	
802	458	
451	376	
270	165	
160	163	
148	238	
123	87	
206	159	
734	394	
161	115	
224	103	
575	187	
448	421	
181	179	
199	171	
53	43	
79	41	
168	150	
241	56	
104	53	
109	227	
173	466	
56	110	
165	67	
29	116	
242	545	
314	603	
252	309	
301	530	
378	374	
84	202	
174	371	
178	236	
104	48	
132	135	
330	348	
44	65	
126	133	
89	269	
241	85	
461	365	
610	582	
145	127	
409	257	
183	200	
189	424	
71	144	
136	208	
91	48	
371	438	
122	151	
55	28	
79	227	
40	36	
267	384	
247	283	
148	145	
315	125	
