Factories	4	Jobs	50	Machines	2

Total number of component types per job processed by HSPM
5	5	7	12	10	10	5	11	6	8	11	7	12	5	12	6	7	12	6	6	11	9	8	5	9	12	10	9	9	5	11	10	5	7	9	5	11	7	12	10	12	7	12	8	11	6	5	7	8	11	

Total number of component types per job processed by MFPM
4	3	2	2	4	5	4	5	5	4	3	1	4	1	5	2	2	2	4	1	1	1	2	5	1	5	4	5	3	1	3	2	3	3	3	2	2	2	1	5	5	1	3	4	4	5	3	2	1	5	

All component type numbers for each job to be processed by HSPM
3	23	12	58	5	53	11	20	19	6	
0	46	12	69	1	11	16	60	10	15	
8	45	10	30	9	14	6	27	15	23	19	3	16	11	
8	32	15	29	13	66	3	44	18	52	16	27	17	14	0	5	10	51	1	7	5	31	19	30	
2	28	5	57	3	64	13	6	14	50	1	68	10	55	0	62	18	59	11	20	
14	11	6	59	17	18	3	3	8	2	13	25	9	49	19	8	15	61	11	40	
8	1	0	47	4	65	3	18	1	44	
16	4	8	53	11	63	2	61	4	28	14	54	17	62	15	72	18	73	10	25	12	66	
17	25	4	37	14	14	2	66	9	43	8	54	
19	25	3	30	7	56	16	38	15	8	5	39	2	24	17	46	
1	63	18	29	19	35	8	65	4	42	16	64	10	69	12	36	2	54	17	34	6	20	
13	62	19	74	9	72	10	41	0	12	14	2	8	47	
1	57	15	39	6	28	4	45	5	16	18	24	11	21	16	67	7	1	9	9	10	20	2	64	
17	31	11	65	4	50	19	3	5	46	
15	8	0	60	4	49	12	18	6	58	18	12	16	53	2	51	1	29	17	26	10	4	14	67	
1	51	8	43	6	62	12	8	2	45	13	19	
10	52	14	59	2	51	13	6	19	58	12	24	8	64	
0	27	4	11	6	34	13	59	3	42	2	50	5	6	9	4	12	30	11	33	10	25	1	23	
5	22	15	75	12	60	16	66	2	74	1	65	
6	58	14	74	7	67	10	10	15	30	4	17	
9	52	8	56	7	48	17	57	19	70	12	35	14	27	2	37	1	51	0	28	13	24	
3	37	0	21	13	38	1	61	7	29	19	17	14	1	6	44	16	3	
4	36	16	66	11	23	10	61	5	28	9	30	7	74	2	12	
19	38	10	62	14	42	6	74	15	24	
4	41	17	35	0	31	6	10	2	46	14	38	1	56	10	55	3	59	
4	73	12	28	7	37	16	56	11	53	18	71	13	3	5	31	19	33	0	20	8	48	10	1	
13	40	19	14	5	28	16	23	6	65	14	57	3	9	18	69	7	13	10	71	
4	59	0	20	10	27	1	64	15	19	3	61	18	18	12	15	16	5	
6	70	9	4	15	5	0	66	7	45	8	69	11	72	4	59	14	42	
17	44	11	30	19	47	13	14	15	3	
15	57	11	20	1	45	18	40	6	65	9	68	0	3	2	70	4	33	13	72	8	37	
10	27	14	55	17	40	2	56	12	48	18	74	7	12	6	53	9	29	4	63	
6	13	10	1	15	8	4	43	16	71	
14	25	15	19	13	74	10	17	12	62	9	66	17	16	
3	38	13	26	4	14	17	62	15	20	1	17	10	71	18	27	14	47	
2	12	4	60	0	25	13	21	1	11	
11	63	9	24	14	26	0	10	19	5	5	28	10	56	15	44	16	43	6	32	3	11	
12	67	6	42	8	44	10	27	3	61	1	75	18	32	
12	19	19	27	1	28	6	24	0	69	14	62	9	18	15	68	18	29	11	38	2	8	4	5	
6	34	11	16	17	71	15	31	0	59	2	69	1	7	8	62	12	44	16	8	
9	48	15	23	11	32	5	44	0	27	4	38	1	20	14	69	7	7	6	19	8	51	19	36	
17	27	14	49	2	45	0	25	3	39	13	41	4	46	
10	70	8	31	19	46	2	23	5	49	13	1	3	62	14	19	18	54	1	9	6	39	11	30	
15	24	6	23	0	52	3	58	1	51	2	11	14	44	16	61	
7	65	5	36	1	7	8	10	17	49	14	2	9	25	3	44	16	9	13	26	4	37	
12	19	10	54	8	41	18	52	15	44	0	21	
7	31	11	66	9	51	17	45	6	60	
8	29	10	36	14	31	16	61	4	51	9	5	5	57	
7	28	4	13	1	17	8	45	12	12	15	40	16	63	2	3	
12	73	3	48	5	33	19	8	8	11	17	56	0	26	4	13	18	63	6	54	14	51	

All component type numbers for each job to be processed by MFPM
1	15	3	24	9	1	8	2	
5	15	2	10	6	7	
2	24	0	13	
7	2	8	24	
0	12	4	10	6	1	1	4	
6	5	4	2	1	21	9	14	7	3	
5	7	6	21	8	15	3	24	
3	8	5	13	0	10	8	1	9	12	
4	10	7	3	0	2	9	19	1	21	
7	9	8	5	5	23	2	15	
9	9	1	1	8	24	
8	23	
6	25	4	14	3	21	7	22	
2	19	
5	17	1	7	3	18	9	23	6	4	
2	24	5	15	
5	14	6	11	
6	24	7	6	
6	8	0	20	5	15	3	22	
9	5	
8	8	
2	1	
9	11	5	9	
4	16	0	9	2	6	1	13	7	5	
2	8	
7	17	9	9	5	13	6	11	2	19	
9	9	7	22	2	5	0	10	
0	3	3	16	4	23	6	19	9	2	
2	25	6	24	7	1	
6	1	
2	6	9	25	7	15	
9	20	7	22	
9	24	0	11	4	2	
0	1	9	3	7	2	
6	13	7	15	3	1	
2	5	5	21	
0	14	9	8	
8	13	6	9	
2	20	
1	12	8	7	2	23	9	11	7	14	
1	3	9	11	6	1	7	23	5	18	
8	20	
3	7	8	13	6	24	
4	2	0	22	3	18	6	8	
2	5	6	3	4	22	9	6	
0	21	6	2	2	1	9	13	7	20	
1	24	7	21	8	14	
0	9	4	25	
2	25	
8	16	3	2	9	5	4	6	7	25	

Three processing times per job on each machine
The best scenario
367	623	
345	882	
463	669	
519	301	
221	201	
180	93	
271	321	
117	32	
220	170	
521	581	
208	548	
619	592	
864	326	
330	384	
249	687	
903	707	
232	186	
274	102	
358	773	
658	1050	
825	608	
140	67	
115	160	
780	1127	
966	922	
864	550	
201	647	
691	160	
475	316	
371	79	
309	436	
283	415	
66	158	
692	913	
226	326	
309	716	
112	131	
199	101	
286	565	
477	283	
253	739	
750	478	
1139	323	
685	346	
581	772	
63	122	
571	775	
839	429	
131	178	
445	214	
Most likely scenario
378	645	
574	1080	
567	1314	
707	408	
256	215	
268	97	
344	498	
118	46	
410	204	
961	800	
285	888	
1053	1141	
1043	393	
483	457	
274	944	
964	844	
365	213	
293	136	
512	1121	
732	1221	
933	949	
145	84	
217	317	
1351	1258	
1215	1125	
944	657	
363	690	
735	212	
488	554	
422	143	
580	701	
312	430	
116	222	
1142	1277	
249	434	
471	958	
145	216	
226	150	
400	568	
636	313	
302	941	
839	710	
1168	469	
1200	667	
871	803	
67	196	
766	860	
1473	437	
201	188	
485	347	
The worst scenario
475	805	
701	1149	
570	1830	
733	429	
334	235	
368	109	
377	542	
160	54	
478	211	
1357	837	
339	999	
1234	1513	
1323	558	
635	475	
316	1293	
1259	1080	
457	291	
425	154	
543	1311	
961	1707	
1383	1084	
147	123	
311	428	
1954	1566	
1782	1527	
1157	948	
532	945	
892	275	
559	796	
500	160	
639	971	
350	625	
127	269	
1541	1406	
318	631	
704	1145	
199	279	
287	170	
543	745	
715	365	
395	1082	
1145	1049	
1422	489	
1797	861	
965	856	
69	197	
1009	1257	
1895	545	
268	251	
546	425	
