Factories	2	Jobs	150	Machines	2

Total number of component types per job processed by HSPM
12	6	12	10	6	9	6	6	10	8	7	10	8	9	11	11	9	12	10	9	5	6	11	10	12	7	12	11	9	8	9	12	11	9	11	12	6	10	11	12	10	8	7	8	11	11	12	12	9	6	5	12	8	6	11	7	10	6	6	12	12	10	11	12	6	11	6	10	7	11	9	9	8	9	5	6	8	7	9	6	8	10	9	8	8	10	8	6	10	10	10	7	12	10	11	9	12	12	12	6	7	12	7	5	11	11	8	10	7	5	7	8	7	9	12	6	11	9	10	7	10	12	7	7	11	8	10	10	5	11	6	7	8	12	6	6	11	5	9	6	7	5	9	10	12	11	6	5	11	5	

Total number of component types per job processed by MFPM
2	2	4	1	5	5	4	4	1	1	2	2	4	1	1	3	5	1	4	4	3	1	3	5	4	4	2	3	1	1	1	3	4	4	2	3	2	4	5	1	4	1	4	1	3	5	2	4	4	5	4	1	2	2	2	4	2	4	4	2	2	5	2	5	2	4	1	2	1	3	3	1	4	3	5	3	3	2	1	2	1	1	2	2	3	3	4	5	4	2	1	1	3	5	3	2	3	2	3	5	1	5	4	3	1	5	4	2	5	2	3	5	2	2	1	5	3	1	3	5	2	2	1	4	5	2	3	5	3	1	2	3	1	5	1	5	5	4	3	4	2	3	3	4	3	1	2	4	5	2	

All component type numbers for each job to be processed by HSPM
2	3	9	60	19	36	11	46	4	16	5	40	10	62	16	6	8	41	15	20	13	53	0	22	
8	61	2	30	14	10	16	19	6	44	7	43	
16	28	1	27	10	49	8	66	9	7	11	65	2	9	3	25	5	15	13	43	18	40	4	63	
16	68	3	71	11	45	2	51	1	69	8	36	6	41	7	3	14	8	9	19	
15	69	13	33	3	6	4	18	5	14	10	29	
2	28	5	43	9	65	4	33	14	41	19	50	17	64	13	72	3	8	
10	72	18	5	8	30	0	63	9	44	13	33	
2	65	8	40	4	37	16	68	5	46	7	64	
3	62	18	66	9	27	13	16	5	30	17	57	11	54	15	69	8	34	6	11	
10	25	16	28	6	36	11	31	14	27	2	14	3	2	17	45	
4	70	10	74	14	7	11	75	15	31	9	28	18	10	
3	53	8	51	13	1	6	36	7	2	4	40	18	73	2	6	14	34	11	62	
8	39	13	31	11	73	12	35	7	16	10	58	6	69	18	40	
5	41	11	66	15	9	12	2	4	15	0	10	13	3	19	1	10	16	
10	34	1	28	6	14	18	7	19	56	7	12	15	37	11	36	4	35	3	33	16	1	
10	52	11	73	9	28	15	70	13	59	8	18	1	65	3	44	18	69	16	48	2	53	
18	11	19	43	12	9	2	26	8	18	3	57	14	67	6	65	13	40	
12	4	0	35	7	12	13	73	3	75	17	40	4	20	11	37	9	13	8	61	10	38	14	28	
16	30	5	33	19	62	6	44	11	73	13	42	4	64	14	74	17	56	18	8	
11	8	17	31	7	36	3	33	1	41	0	16	2	50	16	73	4	40	
17	34	7	21	9	22	11	45	13	20	
14	75	10	19	0	7	9	9	15	13	11	71	
1	58	0	61	4	44	16	35	12	26	8	56	5	40	9	25	15	30	19	41	6	10	
8	3	1	1	19	11	6	16	3	51	14	27	9	36	15	31	16	26	10	49	
16	2	4	18	19	9	2	23	8	32	7	34	12	63	14	11	11	72	3	25	10	54	5	71	
2	44	11	38	7	41	14	5	13	60	15	68	1	55	
19	44	10	11	8	16	18	15	17	13	16	27	14	53	1	48	9	39	15	33	4	1	12	7	
0	45	7	3	2	34	16	52	13	35	8	37	14	11	17	59	1	1	11	20	5	69	
19	33	2	22	16	50	6	65	3	73	10	23	14	14	4	11	13	63	
18	30	13	47	9	20	16	56	11	52	19	21	15	36	8	60	
19	72	14	64	8	52	1	50	15	16	0	44	10	39	6	42	9	59	
17	44	8	63	6	52	9	65	12	68	2	35	10	2	19	50	11	60	4	47	1	17	13	22	
11	1	8	15	13	59	9	52	7	35	16	32	6	38	5	39	3	17	2	72	10	9	
10	37	2	19	9	40	17	66	3	5	7	3	19	62	5	44	13	69	
0	52	1	29	12	48	5	54	6	6	8	5	13	47	14	45	10	68	9	55	19	57	
13	65	14	58	16	14	15	72	18	47	3	34	19	35	7	29	9	53	1	74	5	69	11	44	
8	7	0	74	15	24	14	9	18	52	17	14	
5	55	16	71	2	61	11	3	0	74	6	11	17	15	3	43	18	63	8	75	
18	68	8	52	14	51	6	75	10	60	17	48	12	24	13	62	5	25	4	1	0	73	
14	13	1	11	9	58	3	31	4	14	0	74	19	25	5	29	18	17	8	64	16	41	15	20	
8	12	5	17	1	57	18	33	14	62	2	32	17	38	3	31	6	15	19	73	
3	49	12	28	14	18	7	21	5	27	19	43	13	17	8	74	
4	30	12	1	1	5	8	48	9	25	2	14	5	54	
8	11	3	42	17	23	0	46	16	38	15	55	5	62	6	25	
16	72	17	34	5	56	9	33	3	9	12	3	11	40	14	10	19	39	8	69	10	11	
9	32	10	4	6	19	12	44	16	62	2	16	3	35	13	75	8	52	15	7	14	18	
13	35	5	69	1	53	18	49	10	20	2	64	14	8	0	60	15	4	8	73	12	72	16	70	
9	6	1	44	19	59	15	71	11	4	17	36	10	11	16	70	12	18	2	10	3	67	13	35	
19	34	6	74	5	65	2	22	8	21	10	1	14	19	13	35	12	17	
17	42	9	30	7	24	8	14	11	45	19	63	
14	31	12	23	8	46	15	61	13	55	
8	22	12	59	3	71	0	62	18	51	11	17	6	50	7	61	16	20	10	66	14	8	17	13	
9	8	11	39	13	42	16	19	0	30	10	7	14	27	19	25	
2	75	16	55	10	69	3	3	9	4	13	29	
7	38	19	59	14	57	16	2	2	47	12	41	9	50	1	45	13	12	0	23	15	35	
17	62	16	44	12	50	4	2	5	53	18	52	6	38	
10	13	7	11	8	74	9	72	2	28	6	18	13	57	15	56	0	5	16	19	
10	67	14	53	11	46	6	7	1	65	4	36	
8	44	4	75	11	22	19	72	10	67	5	10	
6	28	2	24	5	4	11	70	15	6	3	14	1	66	12	20	18	45	17	47	19	68	14	35	
14	5	3	60	6	35	4	23	15	57	19	61	5	46	1	20	10	63	0	27	2	29	18	65	
10	17	15	4	16	28	6	66	17	60	19	19	9	23	5	55	12	31	18	7	
18	13	7	58	1	65	5	8	12	21	16	42	2	35	3	69	6	37	17	24	0	17	
10	30	5	49	18	61	6	53	19	36	14	1	15	26	13	57	11	15	7	33	16	16	9	34	
4	31	0	34	16	15	18	47	15	45	13	37	
16	15	12	52	8	24	9	29	0	57	11	3	5	38	3	48	10	62	14	47	6	74	
10	46	11	54	7	6	3	41	15	13	5	38	
15	64	13	42	18	59	0	68	4	13	10	4	2	11	8	14	19	17	1	69	
7	44	4	59	13	6	1	46	8	74	16	15	3	70	
13	7	11	62	10	22	14	12	4	34	15	61	8	24	17	18	6	55	16	25	1	35	
6	75	7	24	8	48	13	37	1	34	18	10	2	49	11	16	19	11	
13	65	19	25	2	68	12	48	17	17	10	54	4	13	15	11	3	70	
17	61	19	53	18	24	11	64	9	52	16	66	13	46	4	9	
14	14	0	53	12	58	1	13	17	33	4	9	3	70	9	36	11	7	
19	48	9	60	7	55	15	1	0	74	
13	40	15	12	1	70	16	34	9	24	3	6	
7	61	15	67	19	25	8	29	2	60	0	52	9	18	14	53	
8	14	13	7	1	60	4	37	11	2	0	4	6	8	
13	25	12	24	17	31	19	52	18	58	15	55	14	69	9	63	16	46	
4	9	10	19	13	47	17	61	6	63	2	18	
10	64	15	40	4	1	3	32	6	18	14	54	5	2	7	75	
3	18	18	72	17	60	13	73	14	70	10	50	2	37	9	27	0	43	15	33	
17	69	13	18	8	75	19	26	18	64	15	46	4	50	6	15	10	59	
13	33	17	41	19	74	15	69	14	70	6	29	11	35	16	59	
17	2	9	39	18	75	16	65	0	29	4	16	15	51	12	25	
1	7	18	67	11	26	5	21	12	24	4	40	8	6	7	18	9	23	10	9	
18	38	0	22	5	52	12	11	7	64	14	55	9	32	10	69	
9	18	6	39	8	38	10	21	13	29	18	36	
12	58	2	67	3	72	11	22	13	32	16	7	18	26	6	70	19	18	14	11	
15	15	18	42	3	1	6	55	2	10	1	31	5	74	17	25	7	41	11	47	
2	21	16	14	13	51	19	2	0	58	9	53	1	33	11	65	15	57	6	7	
12	6	19	33	8	17	18	55	6	2	16	51	11	3	
4	60	17	5	5	27	6	38	0	46	18	9	2	4	11	48	9	14	19	43	16	7	8	31	
16	47	18	8	7	36	1	74	8	39	10	44	4	31	19	64	12	24	9	54	
18	55	19	75	8	8	5	62	17	30	3	49	12	21	14	71	15	3	4	72	16	66	
4	5	7	35	16	62	3	59	1	3	5	23	2	52	8	14	18	56	
15	60	11	10	0	67	17	54	3	13	12	21	4	38	9	58	18	5	16	27	14	36	6	7	
15	4	13	52	11	6	0	28	18	31	10	71	1	12	19	58	5	67	14	47	16	13	2	21	
6	2	14	33	5	38	9	52	3	42	10	43	15	44	8	50	4	7	19	53	18	68	16	67	
19	17	4	18	10	46	12	47	2	45	16	13	
1	44	4	46	16	1	15	7	7	20	14	48	2	36	
12	58	0	66	14	36	8	53	7	64	19	37	10	52	18	39	13	28	4	72	3	8	5	27	
14	6	3	43	5	29	18	52	17	7	6	33	2	22	
9	32	7	21	6	40	15	52	10	16	
0	63	7	6	5	30	18	55	14	42	13	41	16	9	17	20	10	15	2	8	3	39	
14	16	17	3	11	5	16	56	4	13	5	72	18	50	3	24	19	69	7	27	6	38	
14	24	2	63	18	10	15	21	1	32	3	36	12	46	0	20	
13	29	15	36	0	19	17	40	16	69	2	37	6	64	1	26	10	28	7	71	
12	8	15	72	6	27	8	71	9	51	19	41	4	69	
7	40	9	46	18	71	6	47	17	24	
0	65	17	49	2	38	10	68	3	14	16	47	6	53	
12	68	1	38	9	28	11	20	3	43	5	67	17	57	8	50	
10	63	12	57	2	45	15	60	14	50	7	73	8	11	
11	4	9	8	15	60	3	20	5	65	18	53	0	62	2	74	8	45	
8	52	9	74	2	40	5	64	16	29	10	47	4	14	7	32	0	38	11	5	6	63	3	70	
13	5	6	31	9	40	12	25	8	57	17	21	
17	21	3	55	2	20	6	4	7	66	10	65	5	16	13	60	8	30	11	43	15	13	
16	34	19	35	8	17	2	27	18	16	12	50	14	59	10	22	13	52	
7	33	19	42	15	13	6	17	4	65	16	47	8	43	1	66	14	51	17	41	
14	52	4	23	17	72	3	41	2	12	19	33	8	50	
10	15	13	56	12	13	14	74	3	66	1	26	18	23	0	18	11	61	19	16	
14	9	2	56	5	43	3	52	1	53	7	23	15	61	16	7	6	1	13	3	4	50	19	64	
3	69	13	30	11	19	4	2	2	63	9	34	7	15	
11	51	10	48	15	71	9	22	19	61	5	34	1	31	
18	16	14	26	15	74	5	42	16	54	17	48	2	72	12	6	4	53	10	45	7	1	
3	12	5	70	6	67	19	56	2	4	11	10	10	18	14	8	
3	63	17	38	19	55	18	67	9	6	4	54	8	72	6	74	1	36	7	50	
7	2	6	50	13	8	15	27	10	18	14	43	4	6	8	25	0	26	1	61	
11	70	14	74	19	4	18	61	5	56	
16	68	10	26	12	21	2	47	3	39	15	72	4	48	9	27	11	46	8	11	1	35	
18	52	5	25	14	1	6	46	19	73	17	23	
6	64	0	31	7	3	11	60	10	39	4	47	18	4	
10	35	5	36	2	15	9	68	14	37	1	59	13	19	0	73	
7	69	9	65	15	67	3	7	17	50	8	16	10	10	2	42	14	28	19	73	1	31	5	24	
11	6	15	15	14	12	6	51	9	26	1	23	
9	70	14	73	19	34	18	58	0	40	7	17	
4	70	7	16	3	31	11	15	15	62	16	9	10	7	2	29	8	45	0	46	14	25	
1	45	8	49	11	7	2	57	4	69	
11	62	10	56	13	57	7	63	18	64	1	68	0	20	6	67	17	36	
11	71	9	23	5	24	3	47	13	14	8	2	
15	75	8	28	4	7	17	16	9	21	1	27	11	2	
14	6	15	49	10	73	0	3	4	31	
0	47	16	12	11	4	4	39	18	72	13	3	10	9	6	23	19	56	
4	58	14	75	12	43	8	20	0	54	15	36	3	68	16	13	9	3	13	25	
14	52	8	66	12	49	9	12	16	62	0	50	6	43	3	27	5	63	7	7	4	30	2	67	
15	31	18	53	16	66	0	44	4	3	12	2	13	1	17	65	14	6	3	37	9	55	
3	16	0	68	18	6	17	67	11	55	16	42	
13	75	17	44	5	4	2	21	9	25	
12	14	13	22	14	3	8	24	15	50	9	32	0	68	16	48	1	19	2	59	18	18	
13	42	1	34	5	66	16	27	14	5	

All component type numbers for each job to be processed by MFPM
5	25	8	8	
5	19	0	14	
6	5	1	4	9	3	7	9	
9	9	
5	13	3	25	7	12	9	2	1	19	
6	13	8	8	1	3	9	24	0	7	
9	7	3	20	5	15	2	5	
7	1	5	23	3	15	8	24	
2	18	
2	25	
3	18	0	7	
5	17	9	19	
1	19	9	13	8	18	4	2	
2	10	
4	6	
2	16	1	6	8	7	
1	7	4	12	0	9	6	13	3	14	
2	6	
3	4	7	1	1	21	6	9	
8	1	9	2	3	11	4	9	
3	10	7	18	1	24	
0	11	
4	13	0	25	3	22	
4	19	0	7	2	17	6	16	5	9	
5	6	0	17	1	4	7	23	
6	13	9	9	2	14	3	18	
8	4	2	2	
6	24	5	18	4	1	
3	10	
4	8	
0	1	
0	14	9	22	8	7	
4	8	3	22	9	25	7	1	
6	7	5	2	3	8	2	22	
6	21	4	2	
6	7	2	14	8	23	
1	19	4	4	
3	24	5	22	6	7	7	9	
5	15	2	5	9	9	3	19	0	4	
3	11	
0	14	9	3	1	12	8	16	
2	22	
6	15	7	6	5	22	0	24	
9	14	
4	7	3	19	2	24	
0	22	3	24	9	17	1	18	2	9	
1	3	7	9	
2	15	3	2	1	16	4	14	
9	21	0	9	6	17	2	1	
1	22	5	16	4	3	7	18	0	24	
9	7	0	3	7	19	4	18	
7	3	
9	16	8	2	
5	21	0	22	
4	1	2	14	
2	4	9	16	7	7	4	25	
5	22	8	24	
9	6	2	13	5	21	3	20	
9	17	2	14	0	16	8	8	
7	16	6	24	
5	2	4	12	
7	3	0	25	9	20	4	21	3	12	
8	17	6	4	
4	12	5	5	6	19	3	1	8	13	
3	16	9	7	
5	23	6	12	4	10	3	18	
2	25	
9	25	0	17	
3	8	
8	17	4	24	6	25	
1	18	3	5	0	14	
2	4	
7	7	9	19	3	9	2	12	
5	21	2	13	8	17	
0	15	6	22	5	1	8	2	1	3	
2	4	0	24	1	16	
9	16	5	10	7	1	
0	9	2	7	
1	22	
7	18	9	8	
8	9	
1	14	
4	21	1	1	
7	5	2	12	
1	1	7	22	8	24	
2	8	8	2	5	4	
0	16	3	12	5	17	6	25	
5	10	1	20	0	3	8	9	7	13	
2	24	5	8	0	9	1	16	
1	4	5	19	
6	24	
9	25	
8	18	5	6	1	24	
0	7	7	24	9	4	6	6	4	16	
9	25	1	8	8	15	
0	17	3	21	
6	24	5	9	0	15	
1	21	2	13	
4	16	6	7	3	23	
0	23	7	2	4	13	3	7	2	9	
6	9	
7	14	8	17	5	12	3	22	9	6	
9	5	2	3	3	20	7	23	
5	15	7	23	4	8	
7	17	
3	16	4	11	2	8	7	4	1	25	
4	4	2	10	3	5	1	8	
5	8	6	25	
5	25	7	15	1	9	8	21	0	17	
9	13	0	21	
7	11	5	18	9	21	
3	8	1	3	9	17	0	20	6	15	
4	14	0	12	
3	19	5	11	
4	6	
7	8	5	3	0	2	4	21	3	24	
2	24	3	4	1	10	
9	25	
4	22	9	11	5	14	
8	15	9	6	0	12	6	13	4	18	
6	17	8	22	
2	7	9	5	
6	25	
1	5	6	6	4	23	7	12	
3	1	8	24	1	13	0	17	5	23	
6	17	9	25	
5	18	3	6	2	16	
2	13	8	12	5	15	1	25	3	3	
8	13	0	12	4	6	
8	20	
7	15	1	22	
0	20	8	12	7	17	
0	23	
9	19	7	18	5	24	2	13	4	3	
9	22	
7	18	6	24	5	16	0	23	9	15	
3	2	9	19	4	10	8	17	6	7	
7	8	0	22	1	11	9	4	
9	8	6	21	5	1	
6	7	7	5	4	25	5	6	
9	8	2	15	
4	11	2	9	5	19	
8	11	1	8	4	6	
7	10	1	22	8	7	6	19	
2	9	3	2	5	14	
5	21	
2	24	3	19	
7	21	5	12	6	7	0	6	
9	13	2	18	7	9	1	17	4	14	
2	8	4	1	

Three processing times per job on each machine
The best scenario
309	458	
84	239	
312	352	
147	140	
149	276	
203	170	
112	64	
44	32	
189	136	
345	167	
139	92	
83	103	
60	66	
297	79	
151	139	
75	54	
304	60	
379	60	
159	98	
147	61	
179	184	
527	328	
151	219	
240	135	
58	78	
51	68	
298	281	
264	482	
19	70	
167	72	
119	345	
88	20	
155	188	
162	415	
83	65	
105	108	
322	266	
201	189	
265	258	
79	76	
45	111	
360	129	
70	45	
207	340	
254	302	
469	126	
102	438	
223	214	
244	156	
128	107	
177	165	
149	162	
137	191	
189	51	
85	255	
229	175	
221	175	
76	30	
458	208	
214	121	
177	193	
43	147	
73	184	
69	114	
69	92	
96	259	
98	77	
71	159	
299	360	
38	31	
104	112	
56	19	
189	388	
231	288	
325	149	
97	45	
41	97	
141	143	
99	157	
177	141	
47	72	
20	39	
21	27	
54	60	
98	153	
189	240	
75	133	
197	92	
46	64	
113	100	
217	194	
220	118	
67	237	
155	117	
92	119	
153	170	
205	171	
241	233	
187	178	
123	413	
148	71	
410	286	
41	87	
132	164	
84	80	
374	153	
455	393	
37	188	
195	185	
310	240	
83	33	
352	248	
113	154	
42	76	
188	168	
140	47	
25	29	
30	35	
166	113	
193	145	
201	271	
142	286	
104	44	
183	91	
46	91	
67	58	
68	65	
59	123	
543	201	
68	263	
62	89	
47	27	
62	243	
201	376	
41	68	
174	104	
205	178	
85	328	
68	77	
102	53	
115	219	
96	148	
278	251	
90	306	
181	250	
96	143	
111	223	
86	86	
362	147	
22	35	
Most likely scenario
322	557	
133	386	
375	385	
294	200	
156	278	
269	302	
188	73	
63	44	
205	179	
492	170	
148	162	
97	117	
85	71	
424	120	
173	197	
86	80	
340	106	
409	119	
206	153	
171	73	
221	211	
560	370	
154	268	
397	193	
84	139	
96	69	
367	331	
502	498	
26	91	
176	115	
183	349	
107	36	
249	257	
296	523	
92	74	
170	165	
354	290	
398	302	
368	305	
81	85	
57	139	
535	186	
89	54	
322	376	
352	367	
563	230	
175	462	
313	395	
286	223	
252	122	
210	183	
172	181	
198	209	
194	93	
165	289	
392	182	
343	330	
78	50	
543	385	
227	149	
246	324	
59	173	
105	221	
110	146	
72	121	
174	269	
184	120	
85	190	
460	496	
58	61	
176	115	
64	33	
323	445	
345	547	
441	259	
123	56	
58	132	
180	161	
153	237	
209	145	
79	89	
32	52	
24	53	
101	95	
148	209	
268	405	
80	211	
217	102	
64	90	
158	116	
343	299	
249	163	
132	347	
194	231	
99	146	
172	321	
225	265	
322	400	
286	204	
135	483	
191	83	
442	406	
43	139	
225	196	
86	103	
401	169	
594	549	
73	227	
202	236	
545	300	
119	59	
507	414	
220	171	
68	82	
375	249	
271	94	
30	41	
45	41	
325	189	
285	158	
251	282	
249	407	
122	63	
324	141	
69	98	
112	77	
119	77	
89	131	
615	211	
93	272	
74	147	
71	43	
122	300	
204	454	
57	100	
308	173	
310	249	
108	374	
124	101	
107	102	
161	264	
157	187	
411	285	
122	341	
252	301	
149	162	
142	241	
115	156	
453	220	
29	50	
The worst scenario
326	775	
175	468	
542	447	
364	268	
162	355	
377	432	
261	104	
94	61	
213	242	
634	231	
216	186	
132	139	
116	85	
533	126	
195	219	
103	87	
500	123	
413	159	
299	203	
247	77	
264	266	
614	462	
190	269	
534	280	
113	206	
126	89	
529	421	
560	633	
35	123	
250	139	
189	485	
138	47	
310	272	
345	669	
120	91	
243	232	
359	317	
512	360	
387	349	
90	120	
84	176	
565	277	
97	80	
372	439	
354	368	
747	344	
202	548	
341	569	
389	226	
360	155	
305	258	
250	199	
212	294	
261	131	
194	312	
403	223	
380	402	
81	65	
619	442	
336	205	
323	465	
86	256	
133	273	
136	216	
85	176	
238	385	
212	132	
93	203	
570	526	
74	82	
255	133	
77	35	
441	616	
388	656	
529	284	
180	69	
85	166	
234	180	
184	238	
271	168	
99	94	
45	76	
36	63	
142	97	
182	302	
379	492	
116	275	
291	143	
96	93	
178	171	
409	425	
306	199	
188	431	
225	296	
100	169	
184	429	
325	276	
359	554	
402	225	
167	489	
229	109	
507	458	
55	204	
239	281	
99	130	
418	252	
799	733	
84	308	
241	300	
771	409	
123	78	
696	443	
234	223	
77	117	
490	318	
370	127	
37	42	
67	44	
361	224	
289	199	
315	412	
271	469	
131	70	
447	169	
77	147	
133	102	
130	91	
130	194	
618	295	
114	303	
110	149	
82	54	
135	444	
288	655	
68	134	
367	198	
423	258	
148	545	
181	116	
158	152	
195	296	
233	211	
607	413	
153	428	
346	375	
223	202	
153	251	
154	163	
489	317	
41	62	
