Factories	5	Jobs	200	Machines	3

Total number of component types per job processed by HSPM
12	12	5	11	7	12	12	8	8	11	11	8	6	10	7	10	10	10	7	7	8	5	9	7	12	6	6	9	7	11	11	10	10	10	9	8	10	10	8	7	5	11	8	12	12	9	8	8	9	5	10	7	11	12	6	9	7	12	7	9	9	5	11	12	12	12	6	12	6	6	9	6	7	10	7	9	12	7	9	8	7	9	10	10	9	6	5	8	11	6	6	6	9	10	6	5	8	12	11	8	10	8	7	6	7	9	8	8	6	6	8	12	5	7	6	9	5	11	5	11	9	11	11	9	8	5	12	5	9	9	8	12	7	8	10	7	5	7	11	9	11	6	7	11	10	5	6	12	5	9	5	12	8	12	6	10	5	11	5	12	5	12	5	8	12	7	11	9	8	12	8	12	11	5	5	12	7	6	10	10	9	10	7	9	9	8	7	9	9	6	10	10	12	12	10	12	10	12	8	12	

Total number of component types per job processed by MFPM
1	3	2	3	1	2	3	5	4	3	4	2	5	5	1	4	3	4	1	1	2	4	3	2	3	2	3	1	4	5	1	4	1	4	2	1	1	1	2	3	4	3	5	3	3	3	4	4	5	3	5	5	3	4	2	3	4	5	5	5	5	4	1	3	4	5	5	1	3	3	3	2	1	5	4	4	3	1	3	4	2	2	1	3	3	5	4	4	3	2	3	5	5	3	5	4	2	2	1	4	1	3	3	2	2	5	1	3	3	2	4	5	2	5	2	2	1	5	1	2	3	1	3	3	5	3	1	2	1	2	1	1	4	3	1	2	4	2	3	2	2	5	2	2	3	5	4	1	5	4	3	3	2	3	3	3	5	5	3	4	2	1	4	5	2	4	5	1	5	2	5	2	1	2	1	2	4	3	2	2	2	4	1	5	1	2	1	5	5	5	2	1	5	1	5	2	4	3	4	5	4	5	2	1	5	4	3	1	2	5	1	2	3	2	1	2	1	1	4	4	4	1	3	4	1	1	3	5	1	2	4	2	2	5	5	3	3	3	3	1	2	5	3	2	1	2	3	2	3	4	5	4	1	5	2	4	1	3	5	3	5	3	3	2	5	3	2	1	1	2	4	4	4	5	3	4	3	3	5	3	4	1	2	4	3	3	3	4	3	4	3	3	2	3	5	4	5	5	1	3	1	4	1	1	1	5	5	5	5	5	5	4	3	5	3	2	5	4	3	4	5	2	3	5	3	4	1	5	2	4	3	2	1	1	5	1	1	5	5	3	1	4	2	1	3	1	4	3	1	1	3	2	2	2	3	1	4	4	1	1	3	1	1	3	4	4	5	3	2	3	4	3	1	3	2	3	5	4	2	3	4	3	2	3	1	5	3	3	5	1	1	2	2	1	4	1	3	2	3	5	

All component type numbers for each job to be processed by HSPM
9	44	0	70	3	56	7	53	6	35	18	66	5	67	11	41	2	20	4	62	1	24	17	64	
19	62	13	21	6	37	9	67	8	40	4	1	12	17	14	46	10	9	18	75	1	61	0	48	
12	42	8	71	4	26	1	28	17	70	
7	70	1	35	5	13	17	25	0	7	19	20	6	67	15	51	9	17	3	60	13	42	
3	64	4	11	6	43	8	61	14	28	19	24	0	70	
11	61	4	24	2	25	10	37	7	50	9	45	15	67	13	30	0	69	19	17	12	4	18	20	
16	59	9	57	13	28	10	55	7	8	18	44	6	4	5	54	2	68	0	51	4	50	14	46	
16	1	1	23	11	3	5	33	12	73	10	16	8	34	18	74	
11	54	15	37	13	50	3	72	16	25	18	26	19	8	12	41	
13	20	7	61	14	11	10	26	1	65	4	9	11	49	12	45	0	32	15	52	19	7	
6	10	0	68	7	42	10	53	8	25	17	62	12	69	5	28	19	6	2	15	14	26	
1	3	17	65	18	30	9	72	6	16	19	60	12	6	8	74	
18	60	11	64	19	71	4	59	1	47	6	52	
4	5	17	23	9	39	19	14	6	47	10	66	15	21	0	48	18	17	8	58	
0	50	10	19	3	25	8	3	12	9	6	34	4	12	
3	49	14	56	13	54	16	4	17	10	18	27	10	20	5	30	12	2	15	23	
11	51	19	12	1	63	14	5	4	71	5	24	9	58	7	48	10	36	16	41	
7	55	15	21	5	28	13	32	14	39	6	30	4	58	17	26	16	38	19	23	
14	41	16	65	6	71	7	14	9	38	15	19	5	3	
4	72	3	62	8	65	12	22	10	70	11	43	0	63	
19	61	14	33	7	25	4	30	0	31	6	59	5	58	12	9	
12	37	6	73	17	38	5	44	15	56	
13	52	10	11	6	46	19	61	5	74	16	59	8	68	0	23	9	32	
14	36	11	49	8	29	15	37	0	41	3	31	9	39	
12	50	19	52	9	44	1	6	8	35	17	56	15	63	11	64	0	10	3	49	6	66	4	37	
6	18	13	56	12	5	2	46	5	58	19	19	
0	45	10	61	8	23	13	57	12	53	7	38	
5	49	15	58	17	3	1	2	6	71	7	62	11	39	14	47	12	4	
8	67	1	20	3	72	4	28	12	27	5	16	6	47	
7	7	0	16	8	55	12	10	6	32	13	68	10	31	16	65	4	52	5	22	3	12	
5	2	9	11	4	3	6	40	13	21	0	22	7	25	3	58	19	70	14	23	1	52	
18	15	16	37	12	68	11	12	3	5	17	21	6	53	15	41	13	44	1	27	
16	35	13	53	4	19	19	48	17	42	7	31	8	33	2	60	12	44	5	49	
3	63	19	27	0	29	7	46	17	8	5	57	1	36	12	35	14	51	4	50	
6	49	1	56	12	75	10	67	5	6	14	46	3	11	0	1	19	50	
14	56	13	44	5	12	12	55	6	27	10	37	0	63	2	50	
19	44	4	15	13	6	15	13	7	75	1	38	6	40	18	27	17	20	14	10	
13	34	3	52	8	25	9	64	2	40	5	30	15	51	1	11	12	54	18	15	
5	29	19	62	13	54	2	50	7	6	1	23	8	21	11	9	
15	14	19	49	7	57	18	68	12	64	10	22	16	27	
0	75	14	11	2	67	4	15	6	41	
15	7	7	13	3	48	17	36	13	1	12	65	6	75	10	27	14	22	1	68	5	20	
9	61	8	17	18	39	2	28	16	37	4	33	17	31	12	46	
2	18	1	72	4	44	19	53	12	43	10	62	18	19	14	17	6	13	13	32	7	67	15	49	
6	61	14	67	0	60	15	33	12	51	7	14	13	74	9	34	19	62	10	5	4	47	8	6	
14	5	3	61	16	69	9	24	15	75	2	66	17	10	7	22	13	32	
18	34	16	65	3	42	14	64	1	23	7	10	0	31	19	1	
18	52	11	8	3	51	0	16	6	7	13	56	16	10	2	46	
3	12	16	30	14	17	8	49	13	19	11	21	18	31	7	56	10	63	
12	27	8	44	1	52	3	40	2	37	
9	73	4	10	11	48	7	59	16	36	8	26	18	17	15	21	12	58	14	68	
5	30	18	51	2	69	17	25	14	70	0	39	1	7	
15	17	0	47	8	5	13	10	3	68	4	7	17	64	1	19	19	6	2	49	9	73	
4	5	0	32	19	26	11	70	2	34	8	68	17	75	12	29	1	31	9	17	15	38	18	10	
7	42	5	50	11	69	17	7	9	71	4	40	
4	71	9	41	1	25	7	3	0	15	6	39	19	62	17	18	16	72	
16	67	13	1	0	68	9	13	8	19	12	40	19	21	
1	25	8	12	12	50	13	65	11	62	2	43	14	33	17	20	18	18	19	29	4	5	15	15	
18	2	12	39	5	1	17	53	16	68	15	72	19	15	
18	10	2	36	4	2	11	40	7	61	9	58	8	25	19	65	5	1	
7	33	18	63	3	35	1	3	19	8	8	47	2	59	6	20	5	21	
0	67	16	9	9	1	15	16	3	50	
8	33	2	74	1	37	17	3	13	38	6	21	12	42	0	10	16	20	9	24	18	9	
13	25	12	66	3	14	19	67	5	41	4	30	7	65	15	38	6	24	10	60	0	48	17	15	
3	24	0	73	19	52	8	69	6	46	7	25	12	47	1	26	18	18	4	48	10	16	17	33	
13	75	4	27	12	35	18	17	10	20	5	13	6	51	7	67	8	16	19	25	3	47	1	44	
1	37	2	67	9	55	18	14	16	34	10	60	
14	58	19	50	3	10	13	12	7	25	4	45	15	26	8	51	5	72	16	44	11	64	9	56	
18	8	15	41	10	36	16	29	6	64	11	54	
11	35	12	38	19	41	13	52	14	45	8	2	
1	34	3	58	9	67	13	53	15	1	10	35	17	47	5	32	2	39	
12	70	18	4	1	9	8	73	7	54	14	39	
7	50	2	49	12	36	1	68	17	4	9	67	4	33	
7	35	16	46	17	13	0	55	8	25	19	18	4	69	10	71	18	68	5	14	
9	19	13	75	19	17	5	40	4	20	16	24	12	42	
11	72	10	13	0	18	5	60	8	42	2	54	3	15	17	61	4	68	
1	60	13	31	7	75	12	15	15	4	11	33	3	71	6	23	16	67	4	30	14	69	0	8	
6	40	11	57	15	26	5	71	12	51	19	4	2	20	
8	1	4	31	2	5	14	51	19	19	17	28	6	6	5	70	9	9	
1	9	2	3	8	65	3	15	11	72	12	37	13	69	5	67	
14	41	4	67	19	7	9	34	0	48	16	26	7	73	
0	3	1	35	19	57	11	52	17	63	15	8	18	45	8	39	7	75	
1	26	18	3	13	21	15	50	12	68	16	18	4	19	3	32	14	63	0	29	
2	46	0	20	18	63	6	68	13	28	3	47	1	71	14	49	19	60	11	5	
6	25	16	10	10	21	15	58	9	30	3	52	2	41	18	49	1	45	
3	48	0	14	14	43	12	13	2	67	16	65	
13	51	11	17	19	4	12	43	5	9	
10	38	5	69	13	45	11	59	2	73	8	58	15	6	19	72	
7	37	13	17	17	35	18	53	8	63	6	42	3	36	1	73	9	74	2	70	19	41	
1	59	8	25	7	54	14	3	10	5	19	49	
17	56	18	22	19	13	15	61	2	72	16	60	
12	7	7	63	19	75	14	44	0	64	11	58	
17	50	7	55	15	58	0	72	19	43	11	57	5	21	18	71	1	59	
1	51	19	30	8	68	2	60	7	46	9	26	18	18	4	42	11	47	14	50	
11	54	8	17	1	32	14	47	3	59	4	8	
7	22	18	47	5	2	17	6	0	32	
1	2	7	38	11	16	17	24	6	20	0	34	13	47	18	17	
19	49	10	35	0	56	4	13	3	61	17	48	13	11	12	37	14	32	6	20	18	5	15	59	
8	32	16	31	18	33	6	74	5	40	1	13	10	62	15	58	9	69	11	57	12	52	
4	71	12	28	18	74	13	34	7	66	16	7	5	5	1	60	
12	12	5	6	2	21	6	1	19	69	8	24	16	64	15	29	14	45	4	56	
7	33	0	38	6	70	12	5	18	9	10	71	8	52	9	7	
19	31	1	1	3	45	16	44	15	12	2	29	10	9	
8	67	9	54	13	71	19	3	10	7	16	21	
16	43	19	64	3	53	10	37	14	69	6	27	12	30	
4	44	11	71	9	23	14	68	5	53	6	31	3	54	12	62	19	73	
4	1	17	61	18	59	10	45	14	42	8	73	12	7	0	70	
9	19	16	54	17	5	3	7	12	37	1	45	8	49	11	27	
12	29	11	69	9	54	13	63	14	56	19	67	
11	23	3	59	12	73	18	46	2	74	17	67	
9	66	18	2	17	52	7	30	16	3	15	72	3	12	13	68	
11	2	15	25	7	14	14	52	19	43	17	33	16	4	2	54	18	51	13	11	9	61	3	64	
5	15	7	32	8	42	1	24	19	58	
6	62	11	8	14	52	0	40	2	2	17	31	18	73	
11	70	4	28	18	7	5	21	3	46	6	43	
18	28	2	17	4	70	16	56	7	25	12	12	0	24	13	1	11	43	
0	50	9	1	7	62	2	42	19	5	
7	24	4	66	1	36	11	54	12	34	18	67	10	72	5	56	2	59	19	7	9	62	
7	71	17	25	5	49	4	35	6	5	
9	67	10	46	6	19	11	29	18	33	2	26	17	39	8	63	14	42	15	25	4	68	
7	50	11	30	8	60	14	40	2	65	4	26	6	16	9	41	0	10	
0	17	3	6	14	41	19	68	13	72	17	70	2	27	7	7	1	73	16	35	5	16	
3	12	18	73	15	53	12	7	11	14	13	59	9	37	2	39	10	22	14	42	16	52	
9	10	19	29	10	32	0	16	1	27	6	53	2	60	18	72	15	1	
12	14	19	33	18	8	16	25	9	11	14	71	1	67	3	12	
3	58	11	35	14	60	12	39	8	13	
2	44	11	9	19	73	1	3	5	22	6	61	4	48	17	42	13	37	18	72	16	8	15	65	
3	61	7	22	0	12	1	40	15	62	
0	30	2	57	19	35	15	47	11	17	4	46	5	5	6	64	12	27	
8	55	9	25	6	54	3	40	7	48	1	68	10	18	12	33	16	17	
9	55	4	19	5	43	6	58	12	36	8	51	17	15	11	60	
8	67	1	63	14	20	10	61	0	62	5	24	13	66	17	73	2	17	18	25	19	40	6	6	
0	17	1	30	13	10	10	16	11	32	19	68	18	36	
6	69	15	11	16	55	18	48	19	30	17	24	10	60	13	45	
5	57	16	50	17	69	10	63	11	64	7	75	3	32	15	51	1	11	8	7	
16	68	11	54	6	62	17	9	18	55	10	12	15	30	
15	7	19	39	6	51	1	45	17	28	
3	23	13	27	9	25	4	53	10	28	8	57	7	9	
9	55	12	1	3	40	8	73	0	4	1	5	16	18	4	16	6	20	5	54	18	31	
19	44	8	33	11	45	3	4	1	55	7	25	14	17	13	56	18	48	
16	33	6	75	2	6	14	51	11	43	10	15	12	1	13	18	1	21	15	2	3	7	
2	62	17	31	8	68	5	45	4	4	16	10	
14	14	3	72	1	67	6	2	19	21	15	49	5	43	
0	49	11	43	15	36	19	34	6	41	16	58	1	56	3	26	14	55	2	48	12	54	
15	41	13	16	8	50	19	5	12	3	10	2	14	61	11	46	18	34	17	7	
4	12	8	10	15	32	7	9	14	25	
5	49	1	50	18	73	6	64	2	18	19	71	
18	35	19	41	17	34	5	23	10	59	1	75	0	46	4	5	14	65	11	74	15	17	12	51	
8	40	1	43	3	2	19	57	12	24	
15	63	14	61	2	46	10	7	11	52	16	70	9	54	0	13	5	49	
13	37	10	38	16	28	1	53	12	61	
19	22	11	39	18	31	9	61	0	18	17	44	14	7	8	10	6	45	13	11	10	21	5	69	
13	64	1	3	3	46	14	10	12	41	7	28	19	55	15	45	
0	63	18	18	15	35	6	40	12	22	11	66	13	20	17	39	19	56	5	75	8	7	1	45	
1	17	19	9	2	36	5	21	15	43	17	60	
17	63	9	1	0	41	4	53	5	28	10	3	18	16	16	27	3	33	2	14	
12	64	4	30	9	45	16	31	5	25	
2	41	9	7	11	3	6	13	5	20	17	47	13	58	4	31	8	35	18	62	3	40	
4	16	8	35	14	67	7	53	1	26	
19	55	13	4	14	72	16	36	3	61	8	65	4	15	18	50	1	67	17	60	5	68	0	41	
5	41	1	44	9	19	12	8	14	58	
5	59	19	35	15	13	3	42	8	47	18	23	13	67	9	27	2	19	11	40	17	37	10	22	
13	13	15	44	14	33	1	53	6	57	
16	42	15	53	17	9	2	39	9	52	7	7	14	24	8	5	
1	65	9	1	14	21	13	43	16	53	2	45	8	66	15	62	6	42	19	7	7	14	18	25	
5	53	18	48	19	37	11	43	0	57	4	17	8	27	
14	58	12	61	13	28	3	71	5	17	19	52	6	44	8	38	18	75	17	51	10	1	
14	22	18	11	11	70	17	58	15	26	8	38	4	55	16	64	2	15	
11	57	5	44	6	34	2	54	16	17	10	60	14	23	1	4	
6	42	19	41	11	4	1	57	8	5	18	12	2	6	10	53	14	40	9	30	0	25	15	44	
11	50	8	42	0	30	2	14	5	7	19	40	18	10	13	36	
6	26	12	12	14	48	3	75	11	69	2	39	4	46	8	1	18	7	16	37	5	47	7	55	
1	38	11	55	3	44	16	40	12	56	2	2	8	51	19	42	6	63	17	53	7	26	
0	12	19	47	11	61	12	72	14	2	
3	33	15	56	1	4	14	27	6	41	
10	60	8	37	14	26	15	16	2	30	11	66	6	1	0	12	18	57	4	6	9	52	17	45	
18	16	16	31	12	8	7	29	19	60	4	7	0	74	
9	7	5	54	10	38	19	64	1	67	17	65	
12	9	3	23	18	73	17	58	16	51	6	46	7	72	1	38	0	48	11	60	
4	55	17	73	2	57	15	68	11	21	6	74	14	18	0	49	18	17	10	24	
5	71	14	25	6	5	8	46	0	22	1	56	9	55	18	58	15	36	
9	59	2	71	0	49	14	28	19	60	17	33	13	31	6	67	11	69	16	66	
0	60	18	38	3	29	14	11	11	48	8	56	2	75	
14	19	6	34	17	38	0	8	19	53	5	33	16	72	8	45	10	31	
14	22	11	13	17	4	15	35	2	19	9	73	3	5	4	14	18	12	
13	67	11	33	5	46	4	5	15	24	19	1	0	9	7	22	
3	3	9	11	15	9	11	10	18	54	12	29	16	12	
5	34	9	74	17	51	2	37	16	2	4	58	0	48	1	41	12	59	
16	61	6	56	18	65	8	54	11	7	7	23	9	52	3	12	1	57	
19	32	13	9	4	8	0	27	14	34	1	51	
16	11	0	61	14	19	6	60	1	63	5	65	4	51	2	50	7	75	17	43	
14	51	13	57	16	53	10	45	12	54	6	38	18	17	15	27	8	37	5	56	
8	69	5	61	3	55	19	54	14	32	10	26	15	7	6	1	9	46	11	38	12	8	18	11	
8	58	5	72	1	68	17	32	18	29	13	9	9	40	7	27	11	51	10	50	0	2	14	13	
14	23	0	42	3	32	11	31	8	50	10	66	12	69	18	21	4	16	2	72	
19	5	9	35	12	57	18	18	6	11	13	20	2	54	17	47	3	51	14	34	10	44	7	67	
15	12	13	63	17	25	4	55	7	5	1	52	0	37	14	32	10	49	5	59	
2	33	15	48	17	7	8	43	16	34	19	27	0	61	9	50	6	1	11	24	18	65	4	72	
7	25	8	9	14	34	16	51	5	38	18	24	0	41	1	21	
10	65	4	63	2	31	5	67	11	36	17	55	9	22	12	16	16	68	0	6	1	24	19	15	

All component type numbers for each job to be processed by MFPM
1	13	
3	37	2	44	9	49	
1	6	2	23	
6	36	3	50	0	39	
1	21	
7	31	0	26	
8	11	1	7	0	21	
3	38	4	50	0	46	6	36	5	39	
7	15	0	12	6	9	5	16	
2	50	4	43	1	47	
1	4	4	11	5	10	8	8	
8	39	2	49	
4	16	5	18	7	23	0	6	6	24	
9	32	4	50	1	47	6	41	2	40	
9	1	
9	50	8	36	2	39	0	26	
5	18	3	2	8	14	
5	34	0	47	3	46	4	38	
8	7	
8	43	
4	2	2	12	
2	50	3	31	6	28	0	35	
5	17	9	13	6	1	
6	32	8	36	
5	13	6	6	4	14	
4	37	7	44	
3	7	4	17	1	18	
9	44	
3	3	8	15	0	17	7	7	
9	39	6	46	0	32	8	47	7	26	
4	16	
9	42	6	41	7	39	2	48	
6	21	
8	49	0	44	7	41	3	46	
9	16	4	20	
5	28	
4	16	
5	39	
7	7	0	11	
7	35	2	27	0	32	
5	7	0	12	4	25	3	4	
1	47	8	31	3	39	
0	20	5	16	2	12	1	4	8	22	
7	47	1	37	8	50	
7	5	5	2	9	11	
2	28	7	50	9	46	
4	15	9	11	7	21	3	18	
8	41	7	44	4	37	9	47	
3	5	7	1	8	11	1	2	0	25	
1	41	6	36	7	45	
4	10	1	4	8	23	0	20	5	11	
2	50	3	47	4	43	8	46	7	32	
8	19	5	23	3	17	
8	27	7	35	0	46	5	44	
2	17	4	12	
1	29	8	49	6	41	
2	19	6	24	3	9	4	10	
8	34	1	36	9	49	6	50	3	47	
7	22	8	21	2	2	3	13	9	16	
9	37	3	39	4	47	5	33	8	43	
2	9	3	19	7	13	1	21	4	17	
9	33	6	29	8	35	4	42	
1	21	
5	27	3	41	2	45	
0	24	1	10	7	21	8	6	
8	47	7	29	3	32	1	44	6	43	
5	16	0	25	6	19	7	9	3	14	
5	38	
9	14	6	13	5	2	
4	38	9	27	7	36	
6	9	1	7	0	3	
9	43	1	49	
5	6	
9	30	1	27	0	45	2	32	4	50	
3	8	9	7	6	2	4	11	
2	35	8	34	6	50	3	39	
1	4	9	13	7	14	
8	40	
6	24	4	14	1	17	
8	50	3	33	4	26	6	27	
8	7	0	22	
9	48	5	29	
3	9	
8	27	6	42	9	31	
9	8	7	7	8	25	
8	40	6	46	2	30	4	31	0	45	
4	17	9	2	3	11	8	10	
8	30	9	28	5	39	6	50	
4	5	5	4	6	22	
2	46	1	42	
1	11	3	20	8	21	
8	27	4	35	6	46	7	37	1	30	
6	19	7	18	0	23	1	2	4	25	
3	30	5	35	0	49	
4	23	9	14	1	2	8	22	7	11	
2	36	8	28	5	33	1	40	
1	14	2	25	
2	28	7	48	
7	6	
3	48	4	37	0	27	1	31	
2	10	
7	30	0	49	8	33	
1	21	4	17	2	15	
1	32	9	34	
9	13	0	22	
3	39	0	41	1	42	5	28	7	27	
9	10	
5	26	2	28	6	37	
8	16	7	8	2	10	
5	26	0	27	
0	18	2	19	6	22	1	3	
2	50	4	49	7	46	3	43	6	39	
7	12	0	14	
0	46	7	30	4	40	2	42	9	47	
5	21	7	7	
7	33	4	46	
7	16	
1	41	0	40	3	36	4	47	6	33	
2	17	
1	41	4	50	
6	19	9	21	1	16	
3	38	
3	2	0	6	9	12	
6	32	1	40	3	31	
8	5	2	7	1	17	4	22	0	6	
4	46	3	42	1	50	
5	3	
7	34	0	26	
0	11	
8	46	9	45	
6	11	
2	29	
2	21	0	8	1	20	7	1	
1	39	2	45	8	38	
1	3	
9	39	6	37	
0	13	2	18	9	11	4	24	
9	26	4	36	
7	4	2	10	9	16	
7	47	4	43	
5	7	6	6	
6	33	4	49	5	47	1	42	3	27	
0	18	1	19	
8	32	2	48	
8	13	3	15	9	6	
2	34	0	41	3	39	8	50	9	44	
8	18	5	5	4	15	3	3	
3	47	
3	10	0	9	4	18	6	15	5	22	
4	29	8	35	1	41	6	26	
3	13	9	22	4	10	
5	27	7	43	0	42	
4	17	1	11	
8	47	7	43	0	33	
2	15	7	12	9	5	
8	29	6	40	3	41	
6	14	3	8	7	3	4	21	9	22	
8	26	9	42	1	46	5	29	0	35	
2	24	0	25	6	13	
7	49	8	42	4	46	2	50	
7	8	0	3	
9	42	
7	18	9	1	6	20	5	11	
5	44	9	47	1	49	6	37	4	29	
4	16	0	19	
8	38	6	31	9	47	5	42	
8	8	5	24	4	21	7	17	2	2	
6	42	
0	12	3	15	7	23	5	18	8	14	
2	35	4	37	
1	12	9	7	8	9	2	20	6	21	
0	39	4	31	
1	4	
8	26	5	32	
1	15	
2	50	3	26	
3	17	7	9	0	2	6	24	
7	39	2	34	0	50	
0	12	8	7	
6	41	2	37	
8	17	9	13	
9	32	1	42	2	41	7	35	
8	4	
1	47	7	43	8	46	6	29	9	26	
4	21	
8	32	2	26	
5	9	
8	30	5	46	4	44	1	40	0	36	
9	22	1	8	4	16	8	9	2	10	
6	50	8	44	1	35	9	43	5	42	
0	20	5	24	
9	36	
7	16	5	13	2	14	1	15	9	1	
2	37	
9	12	1	6	4	17	3	8	2	1	
1	39	5	43	
7	24	6	22	4	18	2	21	
9	26	1	32	6	46	
5	8	1	4	0	19	2	5	
5	36	1	49	9	50	2	44	0	40	
8	21	5	25	7	11	0	3	
2	44	5	38	8	37	0	46	7	34	
4	10	2	12	
5	35	
6	8	4	19	8	4	3	7	1	22	
1	29	6	35	5	30	7	44	
4	16	9	8	0	18	
2	31	
2	5	7	23	
4	35	6	47	2	29	9	34	5	36	
6	3	
0	28	9	50	
6	25	5	6	9	19	
9	37	5	26	
9	18	
4	40	7	32	
0	22	
1	35	
2	17	7	24	1	9	4	13	
6	36	2	26	1	50	4	35	
6	22	1	18	5	14	0	16	
6	41	
0	16	7	19	5	22	
2	37	8	38	4	27	3	28	
9	4	
6	33	
6	7	5	14	1	4	
6	45	9	34	8	47	2	27	4	33	
4	5	
5	27	6	29	
5	3	9	20	3	1	6	10	
5	49	8	33	
6	25	8	17	
0	33	6	35	4	32	2	50	3	27	
4	12	3	3	2	19	9	8	0	24	
9	43	0	41	7	44	
3	4	8	14	4	12	
4	43	6	40	1	31	
2	25	5	6	1	3	
7	33	
0	14	1	5	
8	50	3	27	6	33	9	43	0	30	
7	13	4	25	6	9	
7	46	3	26	
9	10	
8	26	7	49	
4	7	2	18	8	15	
2	43	8	44	
1	13	5	18	6	15	
4	33	5	31	7	49	8	40	
9	9	7	21	6	10	1	18	0	19	
5	36	8	27	6	41	9	26	
7	13	
8	38	9	40	3	47	7	36	0	32	
9	23	4	16	
7	44	0	45	9	27	5	28	
3	5	
3	49	2	38	0	30	
4	7	1	3	2	15	8	10	7	14	
0	26	9	37	6	50	
0	20	6	10	5	3	9	7	4	17	
5	31	7	36	1	43	
1	7	9	6	6	3	
8	39	4	48	
5	14	3	18	2	25	1	5	9	4	
6	37	8	26	4	43	
1	15	0	14	
7	29	
7	19	
9	36	0	49	
7	18	1	8	2	5	9	6	
5	34	1	47	9	33	2	37	
7	18	0	9	9	23	3	4	
9	45	6	40	7	33	1	47	5	43	
1	3	2	2	6	7	
9	35	5	33	1	43	6	45	
2	14	0	15	6	8	
0	42	9	50	4	45	
8	8	9	15	3	19	2	12	6	25	
6	39	3	41	5	32	
6	24	0	9	1	5	5	4	
9	40	
1	18	6	7	
1	26	4	42	5	32	7	34	
9	12	2	13	1	9	
5	50	0	26	7	46	
2	11	4	20	1	25	
6	38	8	27	9	30	0	37	
9	18	0	11	5	12	
5	26	1	39	3	43	9	37	
7	11	2	24	1	4	
4	46	6	45	3	50	
5	11	6	9	
1	44	9	37	4	30	
5	15	8	19	9	24	0	1	2	8	
1	33	5	41	2	38	9	35	
7	17	3	10	6	19	1	25	8	14	
7	38	8	33	0	40	5	35	2	26	
4	7	
9	34	4	50	0	32	
6	8	
5	37	2	29	0	39	1	49	
8	2	
2	26	
0	16	
3	49	0	34	6	28	4	39	8	37	
7	3	1	19	9	7	4	8	3	13	
1	40	4	45	8	33	6	48	9	28	
2	24	0	15	9	8	1	4	5	14	
1	31	6	47	0	26	5	46	2	48	
8	23	6	14	0	19	9	2	4	7	
6	40	1	29	3	38	4	33	
2	25	3	13	8	14	
6	41	8	27	0	47	4	26	7	30	
5	24	1	6	4	2	
6	28	1	33	
1	11	9	15	3	7	4	10	7	19	
3	37	1	43	6	36	4	49	
4	8	5	20	7	22	
0	48	4	41	7	46	1	27	
0	14	8	13	2	12	7	25	1	6	
0	27	9	38	
4	17	2	22	5	2	
9	49	8	44	0	43	1	50	5	35	
6	25	4	20	7	19	
6	40	3	33	7	44	2	26	
0	4	
5	39	6	31	0	49	3	28	1	36	
2	23	5	22	
3	29	7	49	2	28	0	34	
8	11	7	13	6	14	
0	50	6	41	
5	18	
6	42	
4	7	1	12	2	25	7	13	8	5	
8	28	
9	21	
8	37	4	28	0	50	6	31	9	35	
7	10	2	3	1	25	9	4	3	5	
7	35	1	37	6	45	
0	24	
9	27	6	28	5	26	3	30	
4	24	8	15	
9	40	
1	24	6	6	8	14	
1	42	
9	11	8	23	1	9	7	13	
5	41	7	47	2	44	
8	20	
9	45	
1	7	0	3	7	22	
4	26	1	44	
7	1	9	11	
7	47	0	28	
6	19	3	3	9	6	
0	38	
3	3	0	1	8	9	1	25	
4	45	7	43	1	39	9	37	
7	12	
8	26	
6	21	4	17	2	19	
1	36	
3	3	
8	49	4	31	1	37	
2	24	8	2	6	6	3	20	
2	41	5	50	9	48	3	34	
3	13	8	20	4	9	7	21	5	23	
4	36	1	46	3	49	
2	13	0	16	
9	47	6	37	8	27	
8	10	0	6	4	5	7	7	
3	34	4	30	0	26	
0	17	
0	33	7	41	5	43	
2	10	6	8	
2	48	1	33	0	40	
1	10	8	6	3	18	4	3	6	13	
3	42	4	37	6	34	2	50	
8	21	5	5	
9	41	0	40	5	47	
8	16	5	15	0	1	1	23	
5	39	8	33	3	42	
3	10	7	11	
1	50	3	42	5	39	
4	15	
7	27	8	42	0	44	1	49	2	26	
0	15	5	9	4	10	
2	44	5	39	6	28	
6	2	8	12	0	13	4	5	3	16	
4	32	
8	20	
0	46	9	42	
9	23	2	6	
2	35	
3	3	7	21	8	19	4	1	
4	36	
6	3	1	25	7	15	
1	40	9	27	
6	3	2	8	4	6	
5	39	1	50	3	46	7	41	8	36	

Three processing times per job on each machine
The best scenario
63	126	113	
365	606	245	
490	541	305	
135	98	58	
161	118	58	
983	801	237	
438	583	224	
489	344	235	
126	102	52	
491	1022	395	
917	570	737	
186	274	259	
334	303	267	
76	143	103	
83	124	91	
740	460	253	
240	320	383	
849	716	621	
398	837	362	
684	358	303	
1061	549	293	
545	641	265	
179	291	413	
463	899	848	
633	640	195	
140	274	83	
119	95	331	
821	753	384	
204	119	122	
103	101	230	
157	116	144	
353	683	385	
84	360	452	
824	330	779	
522	354	410	
451	215	534	
230	139	134	
208	125	106	
269	1112	816	
674	868	413	
378	288	402	
707	522	357	
820	768	584	
402	509	595	
954	301	524	
351	404	832	
797	419	216	
481	315	523	
226	269	877	
93	264	346	
370	575	515	
176	264	181	
360	694	450	
332	628	851	
372	140	433	
652	325	1056	
352	600	286	
253	383	183	
372	411	418	
149	116	147	
39	100	71	
780	772	536	
174	157	289	
331	329	532	
189	130	64	
619	578	391	
325	494	308	
63	65	99	
78	124	73	
333	530	379	
249	301	235	
109	148	293	
38	85	53	
619	351	439	
701	402	262	
427	274	376	
156	249	194	
195	205	224	
296	171	213	
404	479	305	
300	115	249	
641	278	659	
115	196	157	
944	312	467	
311	248	338	
252	193	221	
209	393	478	
1023	305	315	
984	677	704	
579	372	296	
575	318	294	
716	960	430	
110	252	431	
331	774	841	
172	65	145	
171	555	375	
488	660	691	
449	453	504	
296	303	359	
182	164	186	
122	208	204	
769	293	449	
80	309	108	
316	565	430	
574	527	659	
993	471	912	
983	541	759	
411	843	1021	
287	566	107	
237	146	138	
652	381	267	
455	681	856	
273	432	562	
150	262	171	
275	131	229	
722	521	889	
371	290	309	
378	659	765	
393	234	124	
660	544	1144	
539	559	534	
275	301	342	
414	135	334	
265	464	537	
119	63	101	
57	168	64	
270	613	189	
499	1071	636	
1114	923	460	
361	533	748	
373	408	308	
375	360	222	
87	130	145	
111	171	137	
176	183	142	
686	327	957	
178	458	478	
461	177	246	
175	208	368	
271	502	698	
71	131	76	
73	151	186	
230	173	189	
192	190	219	
421	664	842	
339	645	664	
333	432	198	
84	242	138	
474	479	587	
385	450	491	
325	318	338	
623	538	571	
302	271	500	
599	172	381	
753	430	436	
108	134	47	
458	360	808	
307	316	215	
320	259	147	
170	144	193	
788	522	935	
1010	737	550	
464	687	203	
149	211	231	
186	157	352	
137	142	147	
318	257	392	
520	192	148	
734	731	308	
634	549	328	
91	50	89	
147	97	75	
52	100	157	
384	278	906	
745	385	360	
320	159	561	
128	76	148	
235	544	650	
169	274	369	
180	251	286	
184	316	473	
533	859	488	
955	891	464	
158	678	295	
314	383	596	
154	175	138	
256	268	176	
408	284	266	
1006	877	935	
186	264	101	
533	314	1111	
65	209	199	
169	472	270	
478	535	781	
596	699	970	
404	395	230	
73	107	79	
299	623	370	
542	322	518	
710	485	801	
Most likely scenario
86	177	135	
673	899	435	
790	556	580	
158	181	101	
174	191	102	
1045	834	329	
637	874	273	
743	678	416	
182	161	86	
754	1203	669	
1335	1091	1245	
228	360	281	
485	526	490	
143	253	127	
144	198	119	
814	529	462	
371	542	396	
1343	959	872	
445	1064	716	
774	512	447	
1342	573	369	
756	902	288	
237	366	525	
496	1120	1057	
815	727	240	
262	365	128	
134	173	385	
833	864	660	
316	212	131	
113	132	373	
188	130	216	
426	1200	600	
158	481	479	
970	657	786	
586	379	575	
510	330	584	
264	243	180	
255	191	114	
514	1364	926	
852	1084	624	
467	571	562	
912	647	686	
953	1062	968	
471	865	1107	
983	533	589	
545	501	884	
945	799	384	
612	521	578	
292	283	904	
132	286	363	
515	623	602	
317	510	206	
396	789	554	
607	667	1406	
559	260	483	
811	439	1088	
490	664	493	
483	553	224	
414	416	458	
223	152	151	
78	143	119	
928	948	659	
234	188	420	
645	629	619	
193	189	104	
804	737	753	
431	511	316	
120	69	159	
88	196	87	
423	656	464	
256	319	351	
143	159	401	
48	159	101	
834	665	451	
1094	448	431	
447	289	462	
207	417	293	
216	319	277	
470	172	264	
554	727	489	
408	126	269	
915	408	759	
129	210	177	
1030	424	713	
492	341	563	
281	260	258	
418	677	677	
1029	589	530	
1332	1026	768	
1048	534	408	
756	476	387	
1112	1167	832	
199	334	670	
420	1061	941	
176	126	224	
251	603	587	
896	1080	803	
591	469	961	
478	513	565	
184	175	343	
146	230	256	
786	440	888	
139	319	181	
561	1048	797	
594	674	1010	
1020	683	943	
1113	556	895	
736	861	1053	
406	586	185	
254	149	173	
993	479	479	
461	1066	1072	
378	560	692	
159	273	223	
543	186	281	
1155	914	917	
574	382	427	
678	1254	961	
507	258	150	
1232	738	1384	
654	646	663	
459	363	558	
415	187	403	
512	616	644	
167	67	201	
76	200	114	
315	677	268	
773	1085	836	
1223	941	730	
399	813	949	
461	616	335	
491	410	239	
127	192	154	
180	173	240	
204	285	154	
760	534	1042	
258	862	610	
696	250	269	
273	329	484	
422	658	828	
133	153	83	
91	175	195	
328	334	298	
313	301	420	
636	965	946	
602	841	726	
493	725	323	
121	401	213	
692	545	773	
389	558	825	
447	515	347	
741	994	1005	
339	481	640	
820	270	664	
790	770	529	
131	207	78	
545	688	1149	
372	616	224	
334	325	249	
298	209	235	
1067	721	1317	
1081	1089	850	
901	795	227	
245	278	281	
197	170	427	
190	256	168	
616	383	485	
679	362	225	
1170	980	504	
949	898	332	
107	54	109	
186	119	116	
88	155	190	
715	330	932	
840	519	441	
628	231	779	
163	146	218	
331	744	802	
211	493	502	
233	309	427	
256	463	594	
662	1006	490	
1149	1176	613	
276	986	446	
406	451	699	
233	215	238	
439	415	281	
533	329	418	
1025	1506	1283	
225	315	185	
649	493	1128	
124	281	387	
193	746	343	
900	871	881	
654	740	1099	
534	468	261	
100	179	82	
575	1199	589	
866	582	647	
938	723	809	
The worst scenario
108	185	179	
745	1161	444	
836	645	666	
189	230	129	
233	219	135	
1265	914	437	
816	1036	404	
887	962	520	
211	182	106	
1000	1798	996	
1675	1408	1346	
238	390	396	
590	594	671	
207	267	140	
199	208	145	
1181	724	483	
536	807	427	
1376	1242	1176	
610	1392	1039	
869	757	597	
1573	780	522	
1060	1162	355	
249	412	546	
739	1261	1246	
1122	895	293	
312	477	158	
164	220	533	
997	1020	733	
381	295	168	
162	173	500	
246	183	231	
573	1387	706	
185	557	695	
1381	773	1058	
596	476	616	
694	461	675	
335	274	185	
307	254	152	
552	1614	1274	
1022	1520	697	
661	584	737	
1118	903	732	
1369	1237	995	
644	1296	1655	
1187	581	853	
579	556	1068	
1203	879	573	
849	700	816	
363	420	1190	
142	373	411	
575	721	883	
318	603	298	
553	890	649	
658	670	1598	
797	272	590	
1165	610	1205	
585	985	703	
567	723	225	
495	595	536	
301	216	175	
99	144	141	
1013	1115	844	
264	250	522	
935	809	846	
286	272	150	
866	1073	990	
466	724	433	
165	73	214	
109	209	113	
461	946	637	
361	393	356	
170	172	514	
63	233	110	
840	908	501	
1638	519	646	
462	393	546	
232	605	318	
288	404	375	
578	239	342	
821	925	612	
598	143	302	
1197	583	1008	
162	263	227	
1149	529	766	
554	473	583	
335	287	304	
481	892	739	
1541	855	739	
1616	1082	1124	
1070	760	503	
915	554	419	
1361	1394	885	
296	418	877	
554	1181	1050	
232	169	319	
359	693	646	
1166	1136	1053	
765	702	1320	
647	588	597	
269	198	410	
148	240	362	
937	561	990	
144	368	183	
745	1124	1144	
703	923	1161	
1335	742	1212	
1396	787	1279	
1092	1166	1354	
576	699	277	
293	203	203	
994	551	645	
559	1165	1441	
395	706	911	
163	285	236	
708	241	339	
1648	1342	997	
843	560	507	
722	1482	984	
695	275	160	
1796	859	1737	
699	905	861	
582	530	719	
602	199	514	
686	725	720	
175	76	301	
92	201	148	
374	954	360	
1087	1580	975	
1638	1008	905	
412	1115	1355	
614	653	449	
723	417	242	
187	278	170	
263	186	277	
300	333	185	
857	793	1198	
263	1190	880	
843	355	365	
293	366	591	
468	774	1090	
134	159	84	
92	235	248	
364	388	445	
421	391	566	
825	1324	1011	
792	955	968	
662	1057	466	
155	507	237	
835	654	1021	
405	625	909	
608	574	476	
826	1102	1212	
471	641	913	
1190	365	895	
1069	900	770	
178	231	79	
672	821	1350	
521	702	324	
372	377	329	
404	273	264	
1145	893	1940	
1501	1406	1160	
1052	806	273	
301	349	296	
233	239	631	
223	365	214	
631	567	508	
975	391	271	
1234	1291	642	
1315	1029	498	
151	68	130	
258	172	157	
126	164	195	
1070	467	965	
928	620	528	
930	249	844	
191	169	316	
372	1064	823	
223	706	707	
333	364	429	
321	600	665	
784	1044	549	
1556	1254	893	
324	1293	617	
542	592	884	
256	265	263	
528	515	407	
580	480	505	
1262	1573	1329	
294	325	187	
722	502	1153	
185	299	437	
275	841	486	
1341	1278	1147	
958	761	1104	
552	679	318	
145	197	97	
633	1430	829	
938	729	728	
1331	825	1057	
