Factories	6	Jobs	100	Machines	2

Total number of component types per job processed by HSPM
11	5	12	6	6	9	5	9	7	7	9	5	5	11	9	5	8	11	8	12	11	12	12	7	8	11	9	6	10	6	11	12	8	9	10	12	9	5	11	7	11	6	5	11	9	12	9	6	12	5	5	12	8	8	10	5	11	5	5	11	10	12	11	10	12	11	9	8	11	11	11	7	8	5	11	9	6	9	12	12	10	8	7	6	9	11	6	10	11	10	8	11	6	10	12	9	6	9	9	10	

Total number of component types per job processed by MFPM
2	2	4	3	5	2	5	4	2	2	1	1	1	3	2	5	2	3	5	3	4	1	4	3	1	5	5	3	2	4	5	2	5	1	1	1	4	3	4	1	5	5	3	3	3	4	5	3	4	4	3	1	5	5	3	1	1	1	4	2	1	2	3	2	2	1	5	3	3	3	5	3	5	4	2	3	1	2	3	3	2	5	5	5	1	1	4	5	5	3	3	5	4	2	2	4	5	4	2	3	

All component type numbers for each job to be processed by HSPM
4	41	2	70	18	39	15	22	10	9	19	59	16	23	1	57	12	43	3	34	13	73	
14	51	11	36	5	59	0	1	12	24	
5	33	9	46	6	5	17	8	13	54	2	43	11	20	19	24	12	73	7	66	3	56	16	9	
6	70	5	35	16	73	13	29	18	17	10	72	
12	35	18	19	19	48	5	18	15	20	6	21	
15	70	5	33	0	4	2	2	17	68	9	15	13	14	12	75	8	7	
16	75	7	22	17	61	15	16	0	69	
17	35	12	43	0	33	1	63	13	62	2	18	14	4	16	67	11	5	
7	18	0	74	14	3	16	24	17	25	5	43	15	55	
14	54	15	10	11	30	0	1	1	23	16	51	17	39	
6	8	16	74	8	16	9	1	10	72	7	62	15	2	19	55	2	43	
11	11	0	14	5	63	12	22	3	18	
0	17	14	52	10	34	15	12	4	41	
2	64	1	57	9	37	5	41	10	51	19	6	17	4	12	53	4	74	8	26	18	18	
12	31	4	5	15	37	5	71	2	23	10	69	7	7	16	16	0	12	
4	3	1	12	15	23	7	71	5	50	
17	7	8	37	9	21	18	60	15	23	2	46	6	33	12	38	
18	69	13	68	0	35	4	18	8	64	15	70	11	53	14	6	19	25	2	67	5	20	
14	8	10	24	3	13	1	41	19	70	16	31	11	18	6	10	
1	52	0	13	5	17	7	12	4	50	12	48	18	31	6	35	9	22	17	75	2	15	15	42	
15	51	19	39	17	21	2	29	7	24	16	20	13	38	1	36	9	71	5	57	12	6	
18	26	7	36	4	63	6	44	19	48	16	69	3	34	11	56	12	8	5	58	17	64	13	25	
5	16	12	57	13	14	9	36	0	50	8	3	3	63	16	54	17	46	15	52	6	20	14	60	
4	21	17	20	0	1	1	43	16	35	19	31	15	51	
4	11	13	27	8	62	14	29	2	61	18	69	16	37	11	25	
13	18	7	33	14	44	5	22	18	73	12	60	9	23	0	51	8	7	2	16	10	72	
6	11	2	67	3	20	0	60	15	10	5	4	1	72	8	64	18	9	
12	55	4	71	11	73	9	30	8	22	17	4	
5	13	15	19	1	3	9	67	11	51	6	36	12	15	19	12	2	4	13	26	
11	69	9	34	3	61	14	39	7	64	15	60	
7	65	10	22	12	61	14	56	2	66	4	23	17	43	5	73	18	51	1	48	6	58	
0	13	2	40	12	12	16	18	7	55	11	45	8	3	4	54	19	2	18	34	5	31	17	7	
11	51	14	50	2	2	15	21	8	33	12	55	1	36	5	29	
15	62	16	13	1	75	9	10	17	39	10	4	8	24	7	35	5	2	
1	70	9	53	15	17	5	16	13	65	14	34	2	51	10	43	18	7	4	9	
18	27	2	36	13	41	11	24	5	73	6	51	15	2	4	35	14	68	8	7	12	19	3	11	
13	55	18	62	16	18	3	53	5	33	17	19	0	43	7	3	8	25	
5	16	18	39	11	47	13	32	6	49	
18	40	17	74	16	5	1	69	11	71	5	16	4	4	14	56	3	70	19	13	6	36	
14	10	2	19	8	12	9	47	12	45	11	69	18	75	
12	49	14	67	8	36	16	69	5	48	19	57	6	28	11	45	3	55	1	15	15	14	
15	1	2	2	14	20	6	56	12	48	19	52	
0	54	3	51	15	55	16	4	12	19	
8	33	1	65	7	73	5	28	0	11	11	2	3	58	17	1	19	29	18	43	15	12	
3	38	19	16	4	74	8	68	13	30	16	17	7	65	11	59	2	20	
14	74	12	55	15	41	16	26	18	20	9	54	2	65	3	14	10	21	8	15	7	69	0	63	
15	46	4	18	0	13	17	10	13	49	10	67	1	15	6	54	7	47	
6	12	4	54	3	23	13	37	17	26	11	28	
18	24	4	58	14	75	10	48	3	2	13	35	15	46	5	25	1	6	0	50	17	41	2	12	
8	5	5	29	19	49	16	35	10	57	
1	27	7	60	8	65	11	21	4	59	
13	5	16	10	10	51	6	40	2	50	17	37	12	49	3	66	0	2	18	26	11	70	15	3	
8	36	10	23	11	70	14	52	13	10	0	28	16	3	3	14	
10	28	8	3	12	14	15	17	2	23	4	52	9	42	1	47	
11	44	3	69	4	66	18	38	13	35	12	70	2	41	7	2	5	5	0	74	
9	51	2	56	1	30	18	52	7	11	
3	65	10	43	14	67	15	27	4	55	8	32	11	33	2	50	7	66	5	38	16	22	
5	27	2	50	16	14	8	57	7	8	
17	47	10	65	5	40	7	57	1	13	
17	32	1	68	2	63	8	46	15	22	5	2	6	24	9	70	16	3	12	42	19	59	
13	14	11	47	18	73	7	43	19	38	0	35	9	4	6	29	8	19	4	66	
15	64	1	45	8	72	13	1	6	39	11	25	10	56	7	60	16	59	5	65	0	70	17	44	
13	58	2	68	19	19	14	27	16	17	18	31	0	42	3	74	11	11	8	75	9	14	
17	28	10	40	3	35	4	69	5	11	18	38	8	66	14	29	15	75	12	1	
1	62	8	56	9	19	5	17	0	41	11	69	6	21	18	3	12	13	14	37	3	30	13	4	
4	22	5	51	11	31	12	16	6	24	8	35	15	17	3	37	9	52	17	54	10	73	
1	40	14	24	15	71	5	59	10	17	4	28	19	27	11	37	8	51	
11	68	8	63	6	31	17	39	9	62	7	27	15	32	13	60	
15	63	4	10	9	34	19	65	1	31	11	23	5	30	18	46	14	42	10	9	2	58	
1	61	2	25	9	55	3	49	4	41	8	38	5	43	15	37	6	24	19	21	16	39	
9	63	10	50	1	61	18	5	7	15	0	64	12	33	11	29	14	73	17	38	2	28	
6	38	2	40	7	6	8	73	17	1	16	50	15	28	
13	21	14	73	18	65	6	61	17	2	8	33	11	60	15	10	
5	13	2	59	9	10	6	6	0	27	
18	27	15	73	13	25	3	34	14	70	7	60	12	53	2	32	1	56	17	22	6	43	
11	44	9	9	0	7	14	36	6	27	16	5	3	67	13	65	18	51	
3	47	0	73	16	54	19	27	4	38	10	72	
18	15	5	55	11	12	19	54	17	4	6	34	0	13	4	1	15	23	
4	62	16	5	1	2	14	50	12	12	18	51	2	72	0	4	5	20	15	65	13	10	11	13	
8	28	2	6	19	46	0	41	18	50	16	33	10	38	13	27	5	18	1	14	12	9	3	15	
17	66	15	70	19	28	2	41	18	26	12	49	9	45	5	52	1	17	10	2	
2	54	4	65	10	23	14	41	11	15	18	19	5	21	1	5	
5	16	0	25	9	19	10	57	1	20	17	14	13	42	
13	38	6	43	10	21	18	12	12	57	15	22	
4	51	11	67	17	65	16	46	15	1	5	54	14	61	9	43	1	59	
18	10	4	37	10	56	17	7	16	74	3	72	7	71	19	5	13	31	0	64	1	73	
0	44	18	32	1	29	15	16	14	37	4	25	
13	8	7	48	4	17	5	27	16	1	8	44	1	14	9	68	19	26	15	12	
7	34	8	17	6	32	15	54	17	51	5	65	10	24	1	18	14	73	19	41	11	1	
18	13	13	27	12	2	9	19	14	60	8	23	15	9	10	62	0	7	2	20	
17	24	1	7	15	1	13	64	7	74	0	28	6	73	8	25	
6	54	17	50	0	42	15	74	19	60	7	6	8	29	9	12	18	33	11	20	10	11	
11	57	2	8	12	1	4	34	9	37	10	45	
15	12	6	63	11	38	12	73	2	55	10	24	19	66	0	6	17	8	13	52	
6	50	12	61	9	71	14	47	15	41	19	32	7	23	17	58	4	7	13	9	5	45	2	31	
18	22	10	15	3	71	5	58	2	75	0	5	1	31	6	42	14	37	
9	21	14	48	11	36	4	43	12	70	10	34	
6	14	13	45	2	27	16	48	10	52	15	1	12	26	14	18	19	19	
6	72	1	75	0	67	15	60	2	74	7	34	9	16	18	43	16	14	
17	2	1	32	5	24	6	51	19	23	10	68	11	40	3	55	7	25	8	44	

All component type numbers for each job to be processed by MFPM
0	13	1	7	
8	17	0	10	
6	15	9	24	5	3	3	9	
6	15	8	22	3	9	
2	21	1	25	6	12	0	9	3	5	
6	13	4	12	
5	17	2	8	1	16	4	2	7	14	
9	11	7	20	5	13	2	17	
7	18	6	19	
6	23	1	7	
6	17	
8	20	
5	17	
8	7	5	24	2	10	
5	12	9	16	
5	19	2	13	7	5	6	14	0	7	
2	7	9	14	
1	19	2	5	9	21	
0	23	2	5	7	1	8	14	3	6	
2	25	9	22	7	7	
7	2	4	17	0	25	5	9	
4	20	
6	22	2	12	8	17	5	25	
3	15	1	21	2	12	
1	12	
6	15	4	11	7	18	2	1	3	4	
9	9	2	19	1	25	3	20	4	6	
6	5	1	16	8	13	
0	23	8	11	
4	6	2	3	7	23	9	12	
5	3	2	20	4	8	6	5	8	21	
3	15	4	16	
4	8	6	18	5	10	7	14	2	13	
6	22	
0	22	
4	8	
5	1	2	18	0	23	4	6	
5	6	9	2	6	12	
9	22	8	4	6	17	4	16	
4	22	
4	9	3	1	6	20	2	2	9	14	
7	3	2	15	6	6	0	18	4	8	
2	3	9	19	3	10	
1	8	7	15	0	16	
0	5	9	24	5	8	
6	13	5	14	8	10	7	24	
8	18	0	8	7	15	9	9	1	20	
7	10	6	1	0	12	
4	20	9	9	3	7	0	11	
1	19	4	8	6	20	8	14	
9	24	0	4	4	13	
9	24	
5	25	1	1	8	3	2	23	6	15	
2	3	5	18	4	22	7	14	1	12	
7	1	6	3	5	12	
8	4	
0	14	
8	4	
0	1	8	11	5	6	3	17	
4	14	5	22	
5	6	
2	9	6	6	
5	3	4	11	9	19	
9	3	7	16	
7	11	9	7	
8	22	
6	1	4	3	7	12	8	2	9	9	
3	3	8	19	9	13	
7	7	4	5	2	1	
7	17	8	21	1	7	
3	6	2	10	7	11	9	25	5	20	
6	5	3	18	4	19	
4	19	6	15	8	22	7	4	0	2	
1	5	5	20	7	15	3	24	
9	5	6	18	
3	8	0	7	5	10	
1	10	
2	16	4	23	
6	15	0	14	5	23	
7	13	3	11	9	19	
6	18	3	6	
7	16	3	12	6	7	1	11	8	25	
8	15	7	13	4	18	9	3	6	8	
0	8	4	12	1	11	3	9	5	2	
5	20	
4	3	
7	14	9	5	8	8	0	13	
9	22	8	4	3	25	6	3	2	17	
5	5	1	11	8	8	7	13	0	17	
1	3	9	9	0	25	
7	1	2	5	9	20	
3	6	6	9	5	20	0	15	2	17	
6	2	8	24	1	17	0	13	
8	12	1	6	
5	16	6	19	
9	25	2	11	6	22	0	12	
7	20	8	12	4	23	0	5	1	9	
7	7	1	3	0	14	2	18	
7	1	2	25	
1	23	3	5	9	15	

Three processing times per job on each machine
The best scenario
586	448	
221	142	
216	160	
320	300	
187	168	
851	343	
447	626	
149	574	
441	674	
208	62	
596	404	
241	650	
215	483	
110	307	
517	838	
227	59	
391	171	
995	411	
498	578	
49	127	
213	397	
264	364	
153	124	
447	529	
452	453	
206	210	
616	410	
773	943	
624	571	
163	176	
258	504	
186	403	
230	173	
513	393	
395	179	
162	325	
172	195	
338	551	
153	254	
101	112	
647	720	
858	766	
623	789	
130	87	
521	1288	
472	327	
623	295	
53	128	
410	664	
684	481	
382	102	
203	319	
330	374	
110	151	
553	519	
739	284	
224	157	
241	184	
80	65	
375	658	
621	594	
211	268	
234	597	
93	169	
191	583	
80	83	
706	428	
237	263	
954	644	
507	452	
113	68	
498	271	
619	557	
320	415	
591	580	
533	582	
288	470	
184	302	
373	331	
434	606	
112	118	
383	239	
286	344	
90	341	
199	91	
333	212	
213	932	
1376	825	
1076	688	
305	386	
555	503	
712	641	
255	491	
206	94	
1200	1328	
688	360	
150	170	
225	298	
325	127	
223	429	
Most likely scenario
688	559	
251	154	
303	193	
605	408	
247	181	
1051	602	
614	778	
284	835	
634	735	
237	100	
609	613	
476	808	
401	567	
196	368	
600	872	
240	88	
394	304	
1059	666	
702	848	
64	204	
280	512	
373	373	
265	206	
504	607	
602	522	
255	285	
649	783	
904	1185	
854	823	
223	183	
458	713	
369	546	
387	273	
540	497	
657	286	
304	367	
207	218	
415	942	
232	290	
154	187	
752	1419	
989	936	
857	1196	
181	158	
967	1338	
567	376	
663	297	
105	190	
527	676	
1056	682	
685	177	
300	432	
427	512	
159	299	
579	630	
949	459	
228	219	
284	347	
105	102	
383	778	
865	623	
256	314	
417	906	
161	276	
315	760	
159	100	
725	444	
397	264	
1273	753	
653	629	
182	87	
539	432	
693	760	
412	805	
1159	825	
842	970	
427	508	
236	429	
476	450	
438	657	
148	154	
587	289	
389	492	
174	499	
286	114	
342	295	
420	1367	
1417	1271	
1276	1244	
509	582	
654	658	
921	864	
266	550	
279	109	
1363	1337	
1147	407	
152	197	
278	307	
420	215	
324	469	
The worst scenario
951	803	
316	165	
393	202	
613	468	
262	254	
1455	709	
776	1132	
306	892	
887	998	
280	114	
709	797	
583	1126	
457	796	
257	431	
730	1017	
360	92	
447	313	
1155	671	
881	1072	
73	225	
406	565	
478	519	
319	248	
654	907	
672	633	
328	326	
751	942	
1048	1582	
914	1103	
289	263	
525	833	
463	740	
445	398	
747	624	
901	385	
338	401	
229	326	
460	1154	
259	318	
189	214	
901	1692	
1383	1092	
1173	1365	
182	235	
1172	1405	
701	475	
898	305	
149	249	
714	903	
1110	730	
824	258	
413	504	
483	752	
168	372	
589	817	
1311	605	
317	296	
356	489	
131	121	
499	1074	
1151	654	
290	326	
471	981	
187	398	
374	944	
178	149	
965	459	
534	351	
1361	856	
842	921	
238	124	
649	553	
815	1090	
576	872	
1640	1118	
1238	1159	
624	650	
332	568	
584	623	
586	840	
167	207	
839	348	
428	667	
209	698	
319	150	
433	320	
526	1847	
1649	1649	
1857	1477	
588	830	
842	938	
1090	899	
280	822	
360	141	
1478	1530	
1602	449	
187	282	
318	423	
450	282	
384	656	
