Factories	5	Jobs	200	Machines	3

Total number of component types per job processed by HSPM
11	10	11	9	6	8	8	5	9	8	6	6	12	9	11	11	7	12	7	6	5	5	7	12	12	7	11	7	12	6	10	11	5	9	5	7	6	7	9	5	11	8	8	11	7	8	10	10	10	8	8	6	5	6	10	7	12	6	9	8	10	8	7	7	12	12	6	12	6	12	7	5	11	9	12	9	12	8	8	12	6	5	5	10	8	9	5	7	5	9	5	7	8	7	7	9	5	5	8	9	8	7	10	6	8	8	10	9	11	8	12	8	8	12	5	10	9	6	10	12	8	7	7	11	11	10	11	10	11	11	10	6	9	8	10	8	10	7	10	12	5	8	8	8	10	12	10	6	6	6	8	5	12	9	8	5	6	10	9	10	12	7	12	11	12	8	7	11	10	5	12	7	10	9	11	10	12	5	11	6	7	8	6	11	10	5	6	5	7	6	10	9	8	8	6	7	6	6	10	7	

Total number of component types per job processed by MFPM
4	4	5	4	5	3	4	4	3	2	4	2	2	1	5	5	4	4	3	2	1	3	1	3	5	5	3	1	5	2	2	4	2	1	3	5	1	5	4	3	4	3	3	1	1	1	3	3	4	4	3	4	2	1	3	2	3	4	5	4	1	4	5	4	3	4	1	5	4	5	3	4	4	4	2	1	2	5	4	1	4	4	4	5	5	1	5	2	1	2	2	1	2	3	4	3	1	5	5	4	2	5	2	3	2	2	3	5	2	1	2	1	5	2	1	1	3	5	5	5	4	1	4	2	4	4	5	1	5	2	1	5	3	1	4	1	4	2	2	3	1	5	5	2	1	2	1	1	5	4	5	4	4	1	5	4	4	1	3	2	1	5	1	1	3	3	2	2	5	3	3	5	1	5	2	3	3	4	5	2	5	1	1	4	4	2	2	4	2	2	5	2	3	4	3	3	5	2	2	1	3	4	3	2	3	5	4	1	3	3	2	5	5	4	3	4	3	3	3	3	5	1	5	5	2	2	3	2	1	1	3	5	2	1	1	3	1	2	5	3	4	4	1	3	4	3	3	5	1	5	2	2	2	1	1	1	5	2	1	3	4	4	3	3	3	4	4	3	1	1	4	1	5	1	3	3	2	1	1	5	1	1	1	1	5	5	4	1	2	5	5	5	4	4	2	3	1	2	1	2	5	4	2	3	1	3	4	3	5	2	3	3	1	3	5	2	1	5	5	4	4	4	5	4	1	3	5	3	3	5	3	5	5	1	2	1	3	4	3	2	1	4	3	1	1	5	5	4	1	3	5	2	5	3	1	1	3	5	3	2	4	4	3	5	1	2	1	3	4	5	3	2	5	3	4	2	4	3	5	4	2	2	4	2	2	3	2	3	3	1	1	4	2	5	4	1	3	2	5	5	

All component type numbers for each job to be processed by HSPM
11	12	4	42	2	38	8	53	3	58	12	5	16	37	13	16	14	11	9	32	1	22	
8	21	9	1	17	40	7	30	0	45	1	47	6	12	16	48	10	71	12	22	
18	24	5	2	6	42	13	29	1	49	3	3	14	9	11	68	0	64	15	32	17	10	
3	13	10	4	13	49	5	12	1	74	19	43	2	72	16	46	12	24	
14	48	17	33	1	7	4	4	6	35	13	23	
9	64	14	60	11	57	4	25	12	44	10	42	7	26	15	4	
4	63	2	23	14	65	18	46	5	10	8	68	12	57	17	43	
15	52	13	40	14	23	3	71	10	35	
6	14	18	59	5	73	7	9	12	22	15	72	13	28	14	21	3	15	
17	31	8	67	16	14	2	22	13	8	12	52	14	56	6	42	
10	64	19	23	0	5	6	62	2	47	15	13	
14	1	8	24	0	36	16	67	17	68	7	55	
7	51	13	66	15	50	16	42	12	8	2	55	5	47	8	18	17	72	10	75	11	33	0	17	
12	72	4	35	8	4	17	64	15	37	7	74	6	55	3	26	5	39	
11	11	9	62	2	10	10	57	14	46	18	17	8	75	5	7	4	58	1	3	3	5	
12	15	17	43	14	31	7	4	2	38	1	7	18	13	3	75	4	20	15	61	11	54	
1	7	16	15	13	62	14	5	11	48	4	36	3	49	
14	60	15	30	12	38	10	8	1	66	3	62	19	22	18	14	13	31	6	75	8	19	2	54	
10	57	12	69	1	74	0	11	17	12	2	3	3	37	
3	69	19	10	5	37	15	64	13	72	6	19	
15	69	9	68	5	67	3	16	17	35	
9	56	7	59	11	40	1	49	2	48	
16	10	12	29	1	74	2	55	18	32	14	71	11	21	
0	49	9	33	14	41	8	15	10	51	11	8	16	4	19	1	2	31	1	28	6	23	12	37	
18	23	7	49	12	56	6	51	0	44	3	46	9	35	11	30	4	64	1	28	2	22	16	20	
5	12	8	53	1	2	6	41	10	46	9	66	17	57	
17	43	14	66	3	24	11	9	18	28	1	59	4	8	19	21	9	22	7	13	15	41	
16	1	6	75	3	73	8	50	5	26	13	19	4	18	
10	19	18	1	7	18	1	15	3	40	13	38	8	74	2	33	16	60	0	8	5	26	11	34	
16	41	7	73	17	42	18	58	8	25	4	19	
1	68	11	39	5	29	14	47	9	70	17	55	10	46	2	15	6	59	18	71	
13	5	19	1	11	21	8	51	4	62	16	58	18	63	15	53	0	27	10	71	7	17	
12	26	0	9	11	36	4	4	6	14	
17	44	3	31	5	8	15	22	9	20	8	64	1	12	4	41	2	14	
3	15	16	55	6	32	0	54	9	11	
0	7	19	51	15	18	4	16	10	5	5	66	9	56	
7	66	16	17	12	59	9	49	17	70	15	26	
4	75	19	43	18	71	11	41	3	13	10	4	12	54	
16	59	11	46	2	54	5	70	6	19	18	4	1	13	15	35	4	62	
0	42	12	50	18	13	5	11	6	37	
12	73	18	27	11	4	6	37	10	15	16	51	14	35	17	33	13	13	2	3	15	11	
4	69	16	71	10	8	15	70	19	47	2	16	1	50	12	21	
3	22	6	74	7	52	13	34	2	40	0	35	18	15	19	48	
13	67	18	20	16	65	10	70	15	18	6	71	9	52	4	48	19	8	17	25	2	63	
9	17	7	41	17	8	11	60	15	44	2	65	13	42	
9	59	16	30	3	67	18	75	4	74	19	33	11	12	1	39	
4	64	15	61	3	26	8	29	7	45	9	39	12	24	1	3	17	50	13	56	
13	37	12	41	9	52	15	15	10	43	7	32	14	44	5	67	17	70	0	48	
15	29	17	23	0	63	19	25	12	47	10	70	7	72	1	37	9	8	5	55	
19	71	18	75	17	32	14	73	4	18	1	66	0	38	7	48	
18	31	6	22	2	52	15	72	12	30	4	74	1	69	11	48	
10	41	8	43	13	40	11	4	2	37	16	70	
0	19	2	44	17	50	12	46	13	39	
7	75	14	22	18	35	6	47	2	18	12	40	
7	19	0	48	10	45	15	26	17	73	13	56	16	55	9	50	3	34	5	22	
15	58	18	66	11	37	19	61	8	55	0	33	17	9	
5	29	1	11	17	37	18	34	14	13	10	38	13	64	16	30	15	6	2	70	6	52	4	24	
11	46	19	52	16	29	0	38	8	34	10	44	
19	72	1	32	10	24	16	55	0	71	4	18	12	42	18	47	11	52	
2	14	5	70	3	69	9	33	10	27	15	12	19	68	7	61	
2	74	9	57	14	13	7	43	3	42	8	54	1	36	17	25	13	68	18	26	
18	70	0	55	13	41	12	4	3	69	15	13	14	27	1	25	
11	29	19	2	5	41	0	25	17	27	7	30	14	21	
19	66	16	56	5	17	6	73	1	16	10	36	3	47	
19	13	13	58	11	27	5	61	7	37	12	34	16	31	4	16	1	55	10	21	2	53	14	54	
1	62	7	22	8	46	17	61	13	35	14	15	12	37	6	75	0	66	10	2	3	31	5	68	
11	72	4	14	10	24	17	62	18	29	5	39	
15	24	5	2	3	64	9	44	0	42	12	36	14	26	8	46	10	27	11	68	19	14	1	51	
18	73	11	12	17	43	12	9	13	26	2	8	
4	56	2	6	8	10	0	61	3	48	18	38	5	28	19	3	13	50	15	71	7	34	1	66	
13	42	10	1	19	6	14	28	11	4	4	58	9	29	
0	63	3	3	13	18	7	24	10	34	
6	7	9	54	7	13	16	71	1	67	18	6	15	37	5	17	13	12	8	21	0	41	
2	24	0	38	6	67	1	13	8	66	11	31	15	47	12	69	7	4	
13	23	7	19	19	69	11	32	4	8	1	63	0	42	6	7	8	1	12	10	10	46	18	26	
12	34	1	2	19	49	9	37	8	38	14	24	2	39	10	60	6	1	
9	33	13	39	16	35	15	55	14	42	7	24	6	8	5	46	10	37	2	36	1	22	4	48	
2	13	5	45	4	18	6	50	8	16	3	64	7	40	1	32	
16	33	4	9	3	61	1	58	11	4	6	73	5	49	13	37	
19	40	7	10	15	9	3	27	16	46	11	60	1	5	14	69	2	36	8	45	12	25	0	47	
19	36	11	17	8	30	14	18	13	20	6	64	
0	68	13	73	3	7	18	46	11	12	
14	27	5	35	16	18	11	69	1	36	
11	2	4	72	6	17	14	4	9	20	19	26	8	13	18	15	15	36	16	49	
13	11	12	46	19	18	0	29	9	35	4	72	2	37	16	25	
13	7	12	20	1	48	0	5	11	75	8	10	3	17	16	31	9	45	
7	68	16	52	11	47	15	31	10	1	
11	45	10	5	19	2	6	52	7	10	4	1	18	70	
9	22	12	68	3	40	10	58	17	47	
4	69	10	45	16	52	12	43	5	34	2	50	11	21	8	3	7	26	
6	1	15	36	13	31	16	43	19	44	
1	24	5	70	0	51	9	67	14	36	18	73	6	65	
3	46	16	58	12	47	13	66	10	33	8	75	9	55	0	63	
15	43	12	71	5	18	14	3	4	30	2	75	10	40	
8	60	13	40	6	12	11	65	14	29	7	24	15	6	
19	59	8	44	16	3	18	52	5	39	4	38	7	64	10	62	17	16	
11	37	0	34	2	74	8	21	17	41	
14	42	3	8	0	73	16	48	5	44	
11	37	7	30	16	36	19	70	5	33	1	25	3	10	18	40	
17	34	0	46	10	8	13	32	19	14	12	33	1	12	7	11	8	63	
1	72	2	22	12	15	9	11	10	25	6	54	13	13	15	21	
3	34	6	3	0	41	12	66	4	35	2	64	5	50	
15	8	18	34	9	2	4	61	0	25	11	60	12	40	16	69	7	58	5	36	
0	47	5	15	17	54	15	24	11	10	16	36	
14	64	16	7	11	15	18	72	2	46	7	31	12	2	10	59	
7	20	2	41	4	50	6	45	9	2	18	48	5	8	15	12	
17	41	15	64	16	5	6	26	14	17	13	49	0	7	2	47	18	70	11	63	
19	23	12	48	4	60	18	49	2	72	16	4	17	36	11	68	1	3	
10	46	12	14	9	30	16	35	13	40	6	39	11	67	7	68	15	29	19	54	5	50	
19	4	18	66	6	59	8	38	4	10	3	8	5	74	16	68	
17	10	16	62	18	56	13	30	14	49	4	2	9	75	19	67	5	45	8	69	0	16	1	3	
17	6	13	31	0	24	19	47	12	74	3	60	7	73	10	17	
17	5	10	13	16	49	14	63	15	29	4	73	13	48	7	61	
3	75	1	71	18	52	8	10	19	28	15	55	17	4	9	5	5	50	12	44	2	7	0	9	
2	70	17	54	3	73	13	28	9	14	
12	6	19	25	1	4	11	7	10	38	18	59	9	21	5	63	17	54	14	46	
9	72	2	64	12	32	1	14	16	39	17	65	8	50	10	18	5	19	
16	69	12	14	19	3	5	6	13	5	2	65	
9	20	6	27	7	50	10	59	16	7	5	23	3	38	14	22	2	35	13	49	
12	41	18	13	8	5	0	21	9	68	17	28	15	11	10	71	19	25	4	69	2	34	13	17	
5	61	15	55	8	70	9	12	12	19	3	52	0	68	4	16	
1	24	18	70	8	33	7	2	10	15	14	22	16	71	
15	25	12	41	9	28	6	67	17	39	2	37	14	45	
17	64	3	3	10	51	13	71	8	20	5	18	12	73	9	4	1	34	15	65	4	48	
2	53	19	59	1	3	7	38	3	44	9	16	18	8	14	50	11	21	13	36	16	52	
12	4	15	55	17	43	6	23	18	40	11	71	13	62	14	27	7	51	19	21	
13	33	0	32	2	24	9	68	17	31	19	14	6	16	16	43	5	47	14	50	10	42	
0	69	15	47	11	14	2	42	8	51	14	18	7	1	1	74	5	5	12	11	
0	2	15	30	14	68	9	64	17	49	7	50	2	14	1	53	12	41	16	10	8	7	
11	27	8	65	7	24	19	57	10	46	0	7	16	51	1	70	17	21	13	37	2	33	
9	49	19	58	7	9	6	60	16	36	15	63	0	29	10	41	3	27	17	74	
7	50	13	37	18	14	14	4	16	63	4	9	
14	75	4	2	2	57	3	23	16	40	5	38	17	50	0	15	1	56	
3	28	16	29	9	41	14	64	4	18	6	56	18	21	5	58	
3	32	17	69	5	30	12	66	0	45	19	65	2	28	1	34	8	12	7	40	
10	18	13	52	19	8	1	32	2	15	8	68	18	38	4	54	
19	21	6	42	9	47	10	35	1	4	14	67	4	32	3	20	0	71	8	13	
1	32	3	66	12	54	2	58	15	68	10	35	16	65	
13	12	6	19	11	52	18	38	1	64	8	35	15	57	9	51	10	39	19	44	
4	35	3	72	11	68	1	9	8	52	15	60	2	10	13	63	7	29	16	12	17	46	5	28	
0	29	9	63	6	57	17	71	12	56	
7	59	14	36	15	39	16	19	18	64	0	16	19	63	11	27	
12	34	6	66	9	22	13	36	1	54	10	25	4	17	14	31	
4	33	12	74	1	2	6	42	2	53	19	44	9	56	15	16	
11	3	18	20	10	73	5	29	9	23	15	14	2	2	13	5	7	42	0	30	
7	25	15	12	6	21	3	63	10	11	11	19	1	16	5	72	0	8	4	15	14	49	16	55	
9	6	13	38	10	56	2	53	17	62	12	60	18	68	14	2	0	18	7	75	
11	7	8	10	7	68	16	55	15	48	6	57	
6	50	4	1	8	48	0	51	5	74	15	69	
8	11	18	26	1	24	9	38	12	69	6	41	
1	13	7	74	5	11	12	53	9	36	17	65	4	63	3	64	
4	14	8	69	11	18	1	60	3	10	
7	54	6	51	3	30	13	37	11	17	2	2	17	25	18	27	0	74	12	44	5	11	16	58	
7	73	16	57	3	42	8	28	5	12	11	7	6	66	13	20	12	52	
9	74	16	68	0	10	17	22	7	3	13	33	14	23	4	62	
15	31	16	10	2	68	14	54	17	46	
14	34	3	36	4	56	8	71	10	23	2	3	
9	20	16	63	13	1	19	2	12	72	17	29	3	21	8	6	2	48	14	52	
6	73	13	72	12	30	8	31	10	74	4	51	3	20	5	50	18	35	
6	11	12	2	18	3	4	32	5	43	2	75	17	59	19	47	7	51	16	72	
4	50	10	49	11	1	6	39	14	34	3	55	1	10	13	23	12	19	19	61	18	28	5	38	
1	36	16	21	17	31	3	16	9	27	7	20	15	72	
8	73	7	33	17	37	4	4	1	54	15	27	3	30	16	41	19	59	14	60	18	63	9	57	
1	37	10	29	0	8	15	66	11	62	14	22	13	5	12	52	19	7	5	41	3	33	
0	43	5	28	12	8	7	13	6	71	17	60	18	38	19	22	1	33	4	48	14	9	13	7	
4	9	19	14	8	36	12	25	14	44	15	74	0	39	18	56	
13	4	5	54	14	66	4	49	17	20	15	28	7	25	
2	26	7	55	16	61	9	8	15	31	11	57	6	63	1	38	4	33	10	19	0	35	
3	6	14	25	2	45	9	70	5	68	1	52	16	58	15	56	0	54	13	35	
19	68	8	64	16	40	4	49	18	67	
19	26	15	54	10	27	11	21	14	14	4	45	8	60	17	75	5	5	7	35	3	3	13	58	
18	30	17	27	2	34	19	65	14	56	0	59	11	22	
19	52	14	55	15	16	2	62	5	32	6	14	3	27	13	47	9	70	17	48	
14	46	16	15	4	62	2	53	10	70	13	48	6	19	8	33	19	49	
7	15	0	62	10	4	8	3	14	40	17	43	5	26	1	63	13	16	15	13	3	19	
10	38	1	43	4	25	17	46	8	14	16	24	15	42	11	49	7	74	19	5	
16	13	15	17	18	37	3	52	13	61	11	26	1	38	8	51	6	47	7	62	14	55	19	6	
15	23	12	61	19	15	13	70	4	17	
4	47	0	75	14	55	9	6	8	16	16	46	18	62	2	74	5	26	1	68	15	10	
19	8	7	4	1	48	16	40	2	68	0	27	
14	58	16	13	4	45	19	25	12	24	15	56	0	40	
3	63	10	12	12	65	18	57	13	10	8	7	5	28	4	66	
9	12	18	7	7	1	19	66	3	28	5	49	
19	58	14	75	7	62	2	32	4	51	10	54	18	71	17	42	13	29	5	53	3	34	
5	51	10	50	2	55	6	45	3	22	17	67	7	13	8	32	18	20	14	10	
16	44	19	2	1	58	6	28	14	9	
13	39	9	26	10	62	19	23	1	41	3	34	
10	45	19	34	4	11	6	8	3	38	
1	13	12	3	18	54	9	1	5	30	11	53	19	60	
12	51	14	18	8	1	13	61	15	28	19	38	
3	67	11	15	12	49	8	10	17	42	13	12	14	1	16	52	4	19	15	46	
10	65	7	57	2	27	4	49	6	71	8	59	13	52	0	47	15	24	
13	39	19	19	5	11	7	57	4	31	16	32	12	9	15	22	
6	13	16	33	17	2	4	24	15	29	7	71	19	15	18	63	
10	55	7	14	13	67	18	8	3	27	19	23	
3	37	8	17	0	14	5	72	7	32	4	24	13	29	
17	25	6	64	0	13	3	28	7	57	12	26	
7	12	12	68	16	30	5	33	19	48	9	27	
5	17	8	10	10	39	9	7	11	5	4	2	1	51	3	54	2	70	15	14	
0	1	10	26	8	16	16	75	17	47	3	28	5	46	

All component type numbers for each job to be processed by MFPM
6	4	0	14	7	19	4	6	
0	49	5	50	9	30	8	26	
5	24	4	7	3	18	0	11	6	17	
7	29	5	28	9	37	8	39	
6	17	0	18	2	13	5	1	3	12	
2	47	1	28	0	40	
7	16	5	3	9	6	3	4	
3	48	6	30	8	28	0	36	
8	3	1	18	5	1	
2	27	7	46	
3	22	6	14	4	11	9	3	
1	47	5	34	
0	7	5	1	
8	28	
1	5	4	19	3	21	0	1	7	10	
1	34	4	47	3	46	2	27	9	31	
8	19	7	2	4	8	6	22	
8	41	4	28	3	32	7	46	
9	11	8	19	6	7	
5	27	0	32	
5	1	
0	48	9	34	2	43	
6	7	
2	41	6	39	8	31	
5	24	2	6	7	12	0	8	1	14	
7	44	1	49	0	37	5	34	2	31	
8	12	1	22	2	7	
6	35	
9	15	8	17	2	9	6	18	0	3	
9	40	0	43	
9	15	2	23	
9	43	1	29	6	48	8	37	
9	25	6	24	
9	32	
2	1	8	25	5	10	
3	38	4	35	2	31	5	46	1	28	
7	22	
5	46	0	27	2	45	6	37	8	47	
5	14	0	6	1	5	4	10	
5	26	4	50	2	40	
6	18	4	4	1	15	8	25	
2	43	1	50	7	38	
7	14	1	18	9	8	
5	32	
7	15	
8	28	
0	23	2	3	3	20	
0	39	3	46	6	45	
2	6	4	21	8	2	7	19	
5	33	1	35	6	32	3	31	
1	13	6	20	7	17	
3	37	9	44	8	30	2	32	
2	7	5	22	
5	30	
5	8	6	6	3	11	
3	46	5	35	
0	8	7	19	9	9	
6	50	0	41	3	44	5	34	
8	5	4	16	6	3	1	22	2	23	
5	38	1	26	2	50	3	44	
4	19	
4	47	9	31	7	28	1	32	
8	17	9	9	3	24	5	10	4	22	
3	28	4	50	6	47	2	44	
2	20	9	12	5	18	
7	45	6	42	2	49	8	27	
0	19	
4	48	5	42	9	28	0	38	1	43	
7	11	6	20	8	17	4	13	
4	33	7	28	8	41	3	32	0	37	
4	16	5	10	8	17	
0	38	7	26	5	37	2	31	
3	14	4	11	0	6	9	20	
4	43	0	37	6	31	7	48	
7	19	0	16	
7	26	
3	22	4	4	
0	36	1	35	2	30	6	39	3	49	
5	25	8	18	0	21	6	2	
1	49	
8	11	6	3	3	21	0	24	
2	35	9	30	7	34	8	32	
6	6	5	7	4	17	8	9	
4	49	9	29	2	42	1	32	6	44	
8	10	4	4	5	2	0	21	3	8	
4	26	
5	5	1	1	3	16	0	22	7	4	
3	39	7	31	
1	9	
8	39	6	45	
3	16	4	18	
9	31	
3	10	9	14	
8	41	5	44	0	39	
6	12	1	6	8	5	3	14	
2	30	3	46	7	37	
2	8	
7	33	6	41	9	40	5	29	2	39	
9	12	4	4	6	8	7	16	1	25	
8	32	2	34	1	30	9	39	
6	12	4	21	
2	41	3	47	1	28	7	44	9	29	
9	7	5	13	
7	47	5	36	6	42	
8	18	6	14	
1	34	8	39	
7	4	0	20	2	15	
9	47	3	27	6	35	7	43	1	26	
1	25	8	21	
9	33	
6	25	9	2	
0	48	
9	9	5	8	0	13	2	7	6	24	
4	49	8	47	
4	18	
4	48	
2	9	4	13	6	15	
3	49	9	50	4	44	7	42	1	45	
0	14	7	12	8	25	9	24	4	17	
0	37	5	28	2	31	6	39	1	49	
0	12	2	7	4	3	5	15	
5	42	
5	13	1	22	9	24	2	25	
0	42	1	30	
8	9	1	7	3	16	7	18	
4	39	1	32	2	45	7	30	
6	14	2	2	9	20	7	21	0	25	
3	48	
2	13	7	16	0	11	6	7	9	4	
2	36	6	39	
9	10	
2	32	9	40	3	39	0	35	4	42	
2	6	0	9	6	18	
2	27	
1	12	8	2	3	21	9	23	
4	38	
9	8	2	13	3	1	1	19	
4	35	9	26	
2	6	7	15	
3	34	0	45	1	42	
5	2	
8	50	0	45	6	32	1	30	2	35	
3	5	9	21	8	24	4	14	0	4	
9	29	6	41	
4	6	
7	36	8	32	
7	11	
8	45	
7	18	3	4	9	2	1	6	5	19	
8	26	1	33	0	38	4	31	
3	9	4	20	8	23	0	18	6	16	
8	30	6	48	5	45	1	27	
0	19	7	10	2	8	3	22	
4	37	
7	5	3	11	5	21	6	4	0	17	
8	28	2	39	0	33	5	50	
5	2	2	20	3	7	6	17	
2	34	
9	6	5	4	1	24	
1	43	9	35	
4	23	
9	33	2	45	6	46	7	50	1	42	
8	24	
4	36	
5	16	4	17	3	21	
5	32	7	35	4	44	
9	12	3	21	
9	27	3	49	
7	16	4	2	6	6	0	11	8	4	
7	46	2	49	8	42	
8	14	7	20	5	3	
4	31	8	38	0	36	9	28	1	26	
8	18	
9	28	4	36	2	43	3	32	1	45	
4	15	9	6	
3	39	2	45	6	48	
3	5	1	20	8	13	
8	28	4	29	6	34	2	32	
2	25	3	18	4	21	5	1	0	15	
1	41	0	31	
0	9	5	13	7	18	8	6	2	16	
3	30	
2	22	
4	34	9	39	1	48	6	45	
1	2	4	12	0	7	2	13	
7	41	9	40	
5	7	7	9	
9	43	8	40	7	49	0	41	
1	18	4	10	
2	26	7	40	
5	22	1	9	4	10	3	1	2	21	
0	47	8	28	
3	14	4	15	6	24	
4	35	3	50	1	44	8	48	
1	7	0	12	9	5	
0	47	5	39	6	36	
7	2	6	14	1	17	9	23	0	15	
7	35	6	26	
2	23	4	11	
5	45	
8	22	1	11	4	7	
5	45	8	38	0	32	6	42	
3	10	5	7	2	2	
8	27	7	42	
3	19	7	11	1	25	
6	39	2	49	3	26	0	31	8	43	
7	25	0	22	6	15	4	23	
0	30	
8	23	7	9	9	13	
0	39	1	26	9	48	
4	21	6	6	
6	35	0	50	3	39	8	37	2	31	
3	14	4	6	8	11	5	2	6	7	
8	35	9	39	1	40	2	28	
0	21	5	13	9	8	
2	37	5	32	8	31	4	40	
0	22	5	20	2	7	
6	32	1	35	5	40	
5	4	7	18	9	2	
1	38	0	48	2	32	
0	7	8	22	7	10	6	25	1	20	
9	27	
0	9	7	7	8	16	5	6	6	15	
2	28	8	27	0	39	6	40	3	48	
0	3	7	12	
6	28	8	42	
9	25	8	6	4	15	
2	46	0	33	
0	17	
8	41	
2	9	6	24	3	7	
0	26	6	39	3	37	1	45	5	28	
1	5	7	6	
4	50	
1	15	
3	27	2	50	8	41	
8	14	
7	38	9	43	
9	2	2	7	6	23	7	20	8	10	
1	36	6	34	4	31	
1	15	3	1	6	13	9	21	
7	49	6	44	3	47	9	27	
7	8	
0	37	7	31	8	26	
7	24	3	25	8	1	0	10	
1	39	8	34	3	38	
5	7	2	14	3	5	
5	32	2	43	0	36	9	31	6	47	
4	14	
9	37	2	34	0	27	8	38	7	39	
3	15	4	13	
3	35	2	32	
2	4	7	2	
6	28	
8	8	
3	43	
1	5	6	15	4	6	8	18	9	12	
0	37	1	32	
8	14	
9	48	6	35	2	34	
2	2	6	20	9	10	0	16	
0	27	3	49	5	44	7	29	
1	16	3	7	7	21	
7	37	1	33	0	27	
0	24	2	14	3	18	
8	26	7	41	6	45	4	27	
5	6	4	18	8	22	7	16	
5	32	1	39	8	45	
8	19	
2	50	
3	11	1	5	4	4	8	8	
1	41	
9	1	5	14	0	11	8	5	4	13	
1	30	
7	19	4	21	3	7	
0	37	1	33	4	40	
7	21	2	23	
7	34	
2	9	
3	47	4	40	7	46	2	33	0	30	
4	3	
2	38	
8	7	
8	49	
1	14	6	18	9	2	4	6	3	4	
8	30	0	33	1	44	6	36	9	27	
7	21	0	20	4	23	8	24	
1	50	
2	25	4	13	
8	32	4	40	3	31	5	46	6	45	
3	22	5	5	6	21	7	8	4	4	
1	42	6	31	8	50	4	34	9	30	
2	9	1	11	6	19	9	18	
8	27	9	30	0	29	4	45	
4	25	9	4	
4	32	3	28	1	44	
1	6	
4	44	2	42	
4	21	
6	45	9	37	
7	20	4	12	3	25	1	8	8	19	
8	35	5	26	1	33	4	34	
5	8	7	9	
2	32	8	33	0	44	
9	16	
1	48	5	29	0	37	
6	18	8	21	4	4	2	20	
8	39	4	37	2	45	
5	8	4	23	0	21	8	5	3	22	
7	35	2	36	
4	19	9	20	3	9	
3	39	9	40	7	42	
8	2	
9	45	2	38	7	44	
7	19	4	13	2	16	8	2	3	18	
6	49	8	37	
4	20	
4	45	5	33	1	32	0	30	9	31	
5	2	3	12	1	10	6	5	9	7	
7	32	8	38	1	36	6	30	
5	12	2	25	0	1	8	22	
1	42	4	30	5	45	3	48	
9	14	2	15	3	2	6	24	8	21	
4	37	2	30	0	27	8	49	
1	21	
8	40	5	35	1	36	
5	9	9	24	0	19	4	14	7	13	
3	46	1	42	0	48	
5	18	7	10	4	3	
4	44	2	26	3	35	7	50	0	38	
5	24	4	9	1	3	
8	26	9	35	5	29	7	44	6	39	
2	19	5	23	7	10	1	25	4	18	
4	30	
8	1	2	17	
3	39	
9	10	8	24	7	23	
0	40	5	37	1	34	4	46	
1	16	8	22	0	24	
0	38	3	33	
6	3	
8	49	0	50	5	30	4	37	
0	17	6	25	4	3	
1	47	
9	12	
0	37	7	33	3	35	9	30	5	48	
4	15	5	9	6	13	7	14	1	23	
9	27	6	40	4	35	0	44	
8	5	
5	33	4	34	9	40	
9	14	5	17	1	12	6	9	4	1	
6	38	7	40	
0	17	4	25	6	11	9	5	5	9	
4	27	6	45	0	28	
9	20	
6	32	
3	21	2	20	6	13	
3	45	6	43	4	37	1	26	8	34	
6	16	7	15	1	18	
1	34	7	27	
9	22	4	6	5	10	6	24	
9	41	1	36	5	49	4	33	
3	4	2	20	0	19	
2	46	5	27	9	50	1	38	4	34	
3	3	
6	40	8	33	
5	11	
1	34	0	38	3	35	
3	11	1	12	4	23	8	10	
3	27	7	35	9	50	6	48	0	47	
0	16	9	15	7	19	
5	36	0	34	
1	22	8	10	6	1	4	14	9	15	
2	46	7	32	9	49	
3	2	7	4	8	6	0	20	
5	32	4	41	
7	8	3	18	1	25	5	19	
5	37	7	36	3	39	
7	22	2	19	6	21	1	13	9	8	
1	26	9	40	7	27	2	50	
0	13	7	12	
4	45	9	43	
9	17	6	20	2	9	1	14	
0	28	4	38	
3	17	4	9	
4	40	8	43	1	32	
8	2	9	24	
4	42	9	32	2	45	
5	5	3	10	6	13	
9	44	
9	5	
1	45	4	36	6	29	9	35	
6	1	7	14	
8	27	6	30	2	31	1	29	5	28	
0	10	3	22	6	16	5	20	
4	49	
4	3	9	8	2	19	
7	40	1	29	
8	9	1	4	7	23	5	17	0	7	
1	40	6	50	9	33	0	27	8	42	

Three processing times per job on each machine
The best scenario
94	99	147	
95	158	36	
81	84	79	
169	276	116	
137	127	175	
24	15	21	
86	57	57	
148	295	210	
453	379	135	
28	61	23	
99	165	305	
182	212	346	
77	96	73	
196	171	178	
77	259	89	
98	22	75	
526	79	422	
143	246	108	
120	107	213	
36	58	34	
264	241	197	
415	132	147	
46	22	44	
167	421	389	
82	87	140	
206	164	272	
185	242	214	
254	176	244	
172	60	49	
122	227	124	
339	534	565	
111	72	38	
111	101	192	
147	253	91	
181	189	127	
156	423	351	
188	187	122	
277	102	200	
37	110	29	
112	61	64	
221	161	299	
446	253	312	
497	152	130	
21	88	27	
36	65	19	
89	220	128	
85	148	58	
122	110	123	
304	122	81	
41	92	225	
117	164	46	
144	72	122	
212	115	113	
337	149	78	
240	407	367	
104	246	162	
299	295	315	
212	172	98	
109	89	192	
150	187	236	
67	90	33	
56	97	124	
80	157	266	
325	195	313	
69	66	56	
224	152	166	
364	223	338	
39	40	19	
99	23	63	
336	166	180	
82	186	135	
109	365	112	
75	121	100	
309	134	98	
144	99	135	
268	352	171	
82	83	161	
204	247	136	
329	109	317	
353	139	367	
134	197	188	
37	28	58	
141	306	118	
330	397	172	
22	42	34	
33	9	37	
237	219	314	
173	226	108	
78	73	213	
94	182	146	
85	100	33	
266	183	253	
41	55	30	
82	218	137	
212	147	91	
267	187	186	
65	120	90	
69	188	79	
157	291	177	
340	464	264	
223	210	180	
302	300	413	
86	53	86	
211	248	199	
25	57	27	
186	110	143	
378	114	275	
116	122	341	
165	100	106	
246	235	80	
137	484	359	
104	163	152	
67	65	175	
129	170	202	
97	21	70	
314	141	236	
318	401	271	
106	75	59	
265	251	300	
33	49	42	
241	199	37	
23	15	19	
116	242	157	
285	273	166	
60	58	32	
371	372	124	
106	112	96	
322	293	157	
93	397	194	
75	300	121	
132	105	72	
103	202	322	
117	125	130	
78	186	49	
105	107	146	
24	48	32	
303	320	248	
193	145	332	
123	35	120	
130	125	156	
155	138	250	
96	172	66	
159	238	471	
45	120	69	
146	167	209	
531	132	134	
243	150	125	
190	260	237	
249	471	405	
52	53	45	
151	231	138	
109	72	178	
154	504	98	
123	219	276	
219	98	99	
219	110	306	
184	176	393	
288	256	301	
34	32	61	
193	175	248	
22	56	16	
55	193	96	
43	20	33	
111	77	173	
153	229	157	
61	21	34	
66	81	122	
87	90	154	
52	31	117	
142	87	276	
246	117	173	
177	104	193	
211	361	379	
164	241	274	
245	137	173	
258	84	180	
65	77	197	
268	205	73	
188	217	170	
58	47	75	
41	35	63	
56	135	77	
111	236	107	
254	282	153	
179	493	193	
254	152	99	
114	122	150	
338	366	353	
522	184	423	
29	62	32	
103	46	157	
267	130	130	
255	83	384	
35	49	15	
104	167	64	
361	98	239	
385	285	315	
153	352	253	
69	70	172	
134	57	150	
Most likely scenario
122	108	170	
157	181	67	
83	105	84	
187	321	178	
253	139	177	
45	21	37	
90	86	81	
214	389	243	
587	386	236	
54	114	34	
132	169	426	
256	273	370	
81	97	79	
198	231	247	
107	301	156	
117	39	140	
584	152	527	
209	292	161	
214	110	281	
53	69	48	
335	264	345	
456	242	173	
61	23	55	
231	447	495	
85	124	165	
314	326	351	
210	287	223	
353	262	347	
200	84	93	
123	246	226	
416	586	568	
143	109	42	
159	133	251	
243	332	160	
186	223	216	
311	557	565	
213	303	146	
490	184	275	
66	123	38	
194	113	76	
242	313	410	
473	273	516	
530	271	204	
37	108	53	
45	67	32	
127	377	222	
108	250	80	
125	182	221	
417	184	136	
75	150	237	
179	167	77	
182	131	159	
251	158	223	
406	271	146	
378	552	392	
193	344	201	
508	555	544	
259	326	184	
134	126	219	
161	269	265	
87	91	56	
75	172	221	
150	231	288	
399	327	350	
100	76	99	
301	237	229	
409	384	601	
52	60	25	
121	34	112	
512	239	231	
98	222	145	
137	367	151	
114	145	139	
392	186	164	
158	127	194	
288	375	252	
100	108	235	
241	328	170	
367	134	355	
433	174	400	
168	309	359	
39	34	62	
250	509	146	
463	491	199	
27	44	43	
61	16	60	
245	365	436	
213	242	198	
142	108	239	
147	188	172	
130	158	52	
334	185	274	
67	107	50	
136	340	211	
230	171	143	
341	244	320	
129	204	142	
102	309	125	
193	301	186	
421	624	304	
229	339	185	
432	315	463	
126	100	134	
323	420	236	
48	79	35	
234	119	237	
497	223	437	
127	222	359	
253	132	188	
269	308	140	
243	547	469	
174	237	166	
129	102	194	
204	189	315	
113	37	124	
361	195	319	
443	495	488	
130	139	112	
269	277	363	
48	55	48	
247	205	62	
28	27	28	
189	344	289	
431	339	223	
67	75	34	
427	437	217	
186	195	128	
343	314	245	
177	447	341	
138	319	163	
149	135	76	
155	362	364	
225	200	196	
110	192	81	
197	154	227	
43	60	56	
406	350	461	
285	194	376	
224	70	169	
255	143	194	
291	180	313	
111	265	95	
208	469	493	
70	133	109	
203	312	361	
601	168	212	
267	242	206	
307	510	262	
339	494	431	
53	95	76	
153	249	149	
185	127	224	
249	528	161	
147	407	303	
324	104	192	
285	211	424	
243	296	451	
347	310	440	
52	46	68	
338	231	315	
27	62	17	
98	229	97	
69	31	47	
133	90	219	
250	333	219	
65	22	36	
124	151	173	
126	133	197	
76	52	128	
246	116	302	
398	214	306	
231	194	342	
300	389	429	
233	250	278	
363	181	320	
261	112	195	
93	113	224	
285	226	104	
315	360	252	
77	59	94	
47	37	75	
93	179	154	
115	272	137	
437	287	235	
284	524	334	
271	278	136	
129	136	154	
343	410	398	
543	253	481	
49	112	40	
131	76	186	
372	184	191	
355	153	386	
55	94	30	
111	228	82	
412	120	344	
490	511	541	
230	409	260	
81	73	243	
143	98	153	
The worst scenario
182	147	190	
193	262	78	
111	139	123	
245	367	192	
264	192	264	
46	25	49	
124	96	100	
289	569	323	
741	560	298	
81	142	38	
138	188	531	
263	394	504	
115	122	115	
239	324	343	
132	333	224	
164	58	187	
853	207	632	
218	307	228	
273	147	382	
76	84	50	
360	391	491	
524	253	240	
79	26	59	
271	566	515	
93	147	193	
436	363	407	
250	363	259	
482	337	471	
278	92	105	
131	295	231	
507	728	712	
212	153	51	
193	188	355	
273	376	180	
196	267	318	
457	831	574	
319	355	191	
640	198	358	
86	144	50	
213	138	105	
358	423	591	
555	318	772	
643	296	296	
48	112	76	
61	80	35	
141	484	257	
133	261	92	
139	234	253	
510	220	196	
95	151	264	
200	240	89	
234	170	184	
348	165	236	
498	295	162	
425	619	573	
240	426	244	
598	736	591	
343	451	228	
201	162	308	
165	336	283	
122	115	78	
85	184	279	
173	305	306	
410	477	517	
104	96	110	
448	308	341	
559	399	877	
71	66	27	
146	40	113	
609	356	252	
128	290	167	
184	517	215	
162	193	147	
440	209	172	
178	168	248	
382	515	363	
108	119	304	
355	329	172	
409	174	400	
514	201	405	
194	335	528	
56	43	93	
257	763	148	
665	735	238	
30	59	45	
78	20	84	
342	469	507	
237	277	207	
165	123	307	
155	272	185	
194	187	54	
377	206	403	
84	150	56	
183	388	263	
249	248	154	
421	346	390	
149	208	196	
128	443	162	
223	416	240	
600	721	429	
283	453	243	
520	447	558	
145	147	153	
423	428	287	
52	98	52	
275	143	265	
563	246	485	
159	264	484	
306	189	265	
311	378	156	
261	698	598	
257	307	227	
169	122	240	
255	202	360	
119	42	175	
538	199	346	
528	553	570	
132	190	113	
332	384	428	
59	76	63	
302	291	85	
37	32	42	
239	476	292	
634	437	275	
77	84	43	
521	455	290	
194	244	151	
409	451	344	
211	583	504	
194	417	210	
156	154	78	
214	414	429	
238	258	286	
155	235	111	
206	165	293	
52	73	72	
488	507	558	
295	255	528	
283	104	230	
332	165	252	
347	265	344	
131	363	137	
269	648	690	
72	142	125	
231	409	461	
873	191	232	
350	279	229	
450	629	285	
362	623	538	
75	107	82	
223	321	159	
225	172	227	
257	771	207	
155	436	377	
363	154	256	
326	244	533	
247	408	590	
373	413	515	
77	56	97	
503	280	342	
40	63	19	
101	296	139	
103	39	53	
145	99	260	
255	390	275	
97	24	39	
140	217	225	
168	194	249	
108	72	165	
258	140	317	
548	235	315	
242	220	373	
369	536	622	
314	277	288	
392	243	479	
300	144	220	
139	136	238	
346	319	149	
358	441	304	
98	87	116	
67	46	89	
98	208	166	
168	327	184	
595	309	350	
329	534	405	
401	386	145	
130	140	216	
425	555	521	
548	368	540	
73	152	42	
170	86	248	
446	229	243	
414	176	502	
56	99	44	
139	285	123	
564	162	455	
676	724	712	
289	610	330	
113	88	342	
166	144	207	
