Factories	4	Jobs	50	Machines	2

Total number of component types per job processed by HSPM
8	12	6	5	6	9	11	7	11	6	7	8	10	11	12	11	12	10	5	6	8	11	11	7	9	6	8	10	8	6	10	8	12	12	10	10	8	9	6	6	12	8	12	9	6	11	8	6	10	5	

Total number of component types per job processed by MFPM
2	3	5	1	4	3	4	3	3	2	4	4	5	1	4	5	2	4	5	3	4	1	4	1	3	2	1	2	4	2	3	1	3	5	2	2	4	2	4	2	2	1	5	1	1	5	1	5	2	4	

All component type numbers for each job to be processed by HSPM
6	2	8	66	16	40	0	10	15	49	17	13	2	19	13	73	
11	52	3	58	9	61	0	4	12	2	16	26	6	49	15	31	10	74	2	70	5	3	4	18	
1	26	8	34	9	10	15	31	0	42	2	23	
17	69	14	40	8	22	5	19	4	56	
18	72	12	39	1	14	9	40	11	65	7	36	
11	16	16	45	17	66	2	22	18	47	5	28	13	11	12	61	7	50	
16	60	1	12	18	68	9	3	2	58	12	41	11	17	4	25	13	9	3	16	6	55	
16	59	4	71	1	23	14	11	7	48	9	19	10	37	
11	49	0	19	14	22	8	31	18	4	19	58	7	55	13	52	17	38	6	54	9	67	
5	60	11	61	13	74	2	70	0	37	4	10	
7	20	15	53	11	33	4	49	10	52	19	45	2	41	
17	47	0	72	1	74	15	24	16	63	12	42	5	50	11	71	
10	35	14	60	11	51	17	75	16	29	12	34	5	11	4	32	1	9	18	55	
19	35	18	4	13	61	1	36	8	32	11	45	17	21	6	66	15	44	7	57	5	7	
9	51	15	41	11	62	5	69	18	25	1	26	7	33	19	70	4	53	8	49	2	20	0	75	
10	6	7	46	9	34	3	70	19	64	5	75	14	68	6	19	8	24	18	4	11	53	
17	55	0	45	2	61	16	31	15	49	3	51	10	10	18	72	4	16	1	56	13	75	19	4	
4	28	10	61	14	26	12	53	9	59	1	49	18	48	17	36	13	47	6	17	
19	22	7	74	3	30	2	27	13	34	
2	49	12	36	1	44	13	14	17	59	6	39	
0	18	8	66	9	11	3	25	2	30	7	72	12	51	17	50	
14	27	18	45	9	60	2	42	16	59	13	7	4	69	19	17	6	38	3	47	1	64	
10	17	0	57	16	52	17	18	12	43	13	30	19	9	6	63	2	72	14	35	7	27	
1	2	6	1	12	64	18	32	13	39	2	13	8	20	
11	32	9	3	12	62	8	58	18	68	13	7	4	30	3	69	14	74	
7	50	17	19	3	60	12	11	0	12	16	69	
11	19	18	67	3	62	1	6	13	18	15	70	2	40	9	15	
7	48	14	43	12	10	17	46	2	39	13	15	4	63	11	53	0	21	1	67	
18	30	19	62	14	73	5	48	6	57	13	75	16	47	2	68	
17	66	3	37	10	74	0	54	8	19	6	41	
17	24	16	34	12	4	7	66	8	10	13	65	11	51	6	21	18	31	5	9	
8	25	3	44	9	47	1	29	16	71	17	32	5	7	15	54	
9	43	13	42	6	46	10	41	15	18	14	59	4	31	11	49	2	30	3	14	16	26	17	9	
0	20	8	63	11	12	13	16	17	32	4	37	15	7	18	61	10	3	3	9	14	51	19	67	
2	68	11	48	4	35	0	33	18	54	5	29	16	50	19	64	13	9	10	75	
6	27	14	57	10	43	4	61	19	24	8	15	13	65	15	59	18	2	2	54	
8	58	16	75	4	53	15	72	9	73	19	64	2	32	3	65	
15	63	1	48	0	28	8	33	19	6	4	15	9	50	12	5	18	67	
14	2	7	40	2	25	19	26	8	1	17	73	
8	41	16	75	11	27	14	45	4	15	7	68	
14	25	16	7	2	1	17	69	12	60	9	21	15	40	0	75	13	58	3	68	5	6	10	5	
16	64	4	51	5	5	8	68	13	32	2	30	1	37	12	18	
7	14	5	29	3	4	10	3	17	61	8	28	11	59	6	26	18	32	9	68	0	54	13	27	
6	11	4	22	5	47	9	39	0	67	18	74	8	8	1	45	2	56	
17	44	0	69	13	56	12	57	10	29	1	22	
14	67	1	51	0	48	11	57	10	55	6	37	3	61	19	5	4	68	7	33	5	15	
1	21	5	19	16	72	9	25	3	43	14	39	13	42	0	57	
19	37	3	19	8	45	12	75	2	11	6	65	
5	1	12	13	13	15	19	60	14	61	2	50	0	19	15	44	9	59	4	14	
1	56	10	20	5	53	8	21	0	12	

All component type numbers for each job to be processed by MFPM
3	21	0	4	
8	2	3	3	9	18	
3	10	0	11	6	15	1	2	7	5	
0	10	
0	25	2	22	5	4	8	12	
9	7	7	16	3	5	
7	17	1	19	9	2	2	1	
6	13	5	7	3	20	
8	13	2	16	6	24	
8	5	6	23	
4	13	8	19	0	15	2	12	
4	13	7	1	2	4	5	25	
3	16	9	7	5	6	2	18	7	8	
2	3	
8	16	0	24	1	22	2	17	
1	24	2	15	9	4	8	25	5	11	
5	1	9	23	
8	4	0	14	1	22	7	10	
6	22	1	10	0	17	8	8	3	3	
7	16	2	6	3	8	
9	5	4	11	2	23	1	12	
4	17	
1	8	7	14	0	15	5	6	
4	25	
7	24	9	15	3	17	
4	21	1	23	
7	7	
4	17	1	21	
6	24	4	1	0	7	8	22	
2	8	1	2	
7	12	3	21	0	22	
2	22	
3	14	4	9	1	8	
7	20	3	11	9	17	1	21	0	19	
9	17	3	9	
0	2	9	13	
1	9	0	1	3	6	8	19	
1	18	7	12	
8	24	4	12	2	8	6	11	
2	1	0	10	
9	18	1	23	
7	2	
9	23	1	4	8	6	3	24	4	22	
7	16	
5	6	
8	22	6	5	3	19	5	10	2	16	
7	9	
7	11	5	14	6	17	2	19	4	25	
0	11	4	14	
3	21	4	3	2	15	1	13	

Three processing times per job on each machine
The best scenario
483	902	
379	313	
308	291	
175	123	
674	589	
170	220	
340	321	
282	368	
352	366	
1087	537	
428	294	
149	510	
746	751	
328	134	
189	97	
482	333	
448	564	
434	242	
112	219	
292	177	
157	103	
729	640	
559	478	
448	145	
510	392	
130	96	
153	70	
572	189	
749	853	
383	225	
220	720	
1019	363	
246	483	
385	709	
339	608	
474	549	
170	50	
409	844	
1326	312	
448	307	
109	117	
295	115	
579	550	
110	159	
489	657	
810	479	
539	440	
156	133	
58	259	
666	746	
Most likely scenario
830	1095	
674	352	
528	458	
221	190	
741	777	
273	400	
575	351	
303	610	
512	470	
1129	559	
490	498	
238	553	
753	831	
380	195	
315	106	
833	361	
462	651	
526	360	
150	371	
407	302	
266	113	
1079	1210	
886	881	
693	281	
606	634	
131	156	
195	101	
584	342	
1096	1333	
452	243	
359	820	
1103	465	
275	847	
577	941	
464	1046	
559	909	
198	97	
620	883	
1451	415	
764	365	
114	157	
340	215	
607	688	
204	256	
869	770	
1177	495	
861	742	
206	135	
99	359	
823	814	
The worst scenario
1032	1100	
682	375	
697	648	
223	241	
769	843	
343	441	
780	378	
381	806	
743	567	
1526	691	
706	613	
315	673	
1027	1177	
418	246	
353	119	
977	519	
635	973	
755	463	
189	452	
460	421	
349	149	
1372	1349	
1165	946	
707	320	
708	863	
141	205	
291	120	
605	496	
1206	1822	
669	364	
530	1083	
1652	636	
370	971	
655	1096	
539	1172	
643	1233	
221	139	
860	1106	
1472	422	
804	476	
137	168	
373	233	
791	911	
269	326	
1024	865	
1712	655	
987	771	
210	147	
113	379	
964	848	
