Factories	7	Jobs	100	Machines	2

Total number of component types per job processed by HSPM
7	11	9	8	10	9	5	5	9	11	7	7	11	5	9	6	8	8	12	6	11	8	12	5	8	11	10	7	9	7	10	7	12	11	7	9	7	8	11	5	6	9	11	7	12	9	10	5	8	12	12	9	10	9	6	8	7	6	5	10	9	5	12	10	10	5	10	8	10	12	12	5	7	12	6	7	5	11	7	6	7	8	6	6	12	10	8	6	5	11	12	8	5	5	8	10	10	12	12	5	

Total number of component types per job processed by MFPM
2	2	5	5	3	3	3	2	1	2	5	1	4	5	3	1	4	5	3	3	4	5	5	1	3	1	5	2	1	3	5	5	5	2	3	3	4	1	5	3	4	3	3	2	5	2	3	1	5	2	4	4	2	5	3	1	5	3	1	1	2	1	1	3	2	3	3	3	1	4	1	2	5	1	1	4	4	1	2	3	2	4	4	5	5	3	2	3	4	1	3	4	2	4	1	4	1	5	5	2	

All component type numbers for each job to be processed by HSPM
4	74	11	36	2	21	9	1	3	13	7	64	12	47	
1	26	6	42	8	24	11	17	16	62	4	49	12	13	7	50	5	52	14	7	3	2	
4	36	15	20	18	12	0	41	9	22	8	19	11	18	19	74	7	64	
9	18	14	65	19	59	0	38	15	66	3	35	8	45	4	46	
15	71	14	4	11	19	4	13	6	48	19	55	7	50	9	59	1	70	8	67	
0	22	1	66	16	67	6	7	3	71	2	65	7	34	9	53	17	55	
17	13	14	49	5	10	1	37	8	44	
3	64	5	23	15	46	6	21	19	18	
4	25	0	41	5	10	2	22	9	60	6	48	8	75	1	67	11	43	
5	30	12	46	4	19	14	36	15	26	10	58	7	38	1	75	2	15	0	72	13	44	
17	5	6	46	18	59	2	60	10	73	16	14	15	10	
7	19	19	14	14	44	8	66	13	59	4	47	12	63	
19	40	10	22	6	11	16	64	9	73	4	54	12	3	11	16	8	38	3	51	18	70	
12	55	15	24	1	35	14	6	2	30	
0	74	3	1	12	42	10	34	16	63	13	29	8	13	17	67	5	59	
4	17	10	32	5	37	16	42	15	35	0	57	
8	61	11	68	9	13	10	63	13	65	19	35	0	33	15	26	
2	32	4	62	3	18	16	14	6	64	12	2	10	55	11	7	
19	8	17	31	7	51	11	68	8	43	16	58	1	5	5	32	13	47	10	22	14	17	0	55	
13	50	8	74	11	2	7	34	14	69	0	64	
11	62	10	58	17	71	19	54	16	6	9	39	8	11	0	17	5	23	4	65	3	51	
1	11	14	53	15	1	13	17	10	37	18	51	11	57	3	3	
9	14	18	10	19	42	16	41	7	44	14	55	1	20	2	13	15	1	4	36	17	29	5	21	
4	12	10	18	7	32	5	47	14	4	
14	36	8	12	1	63	17	7	6	22	4	34	5	1	16	13	
5	75	12	48	17	41	19	58	7	17	9	64	10	62	11	42	18	39	8	55	6	34	
5	18	8	75	17	73	16	45	13	43	10	72	0	34	1	2	11	51	7	64	
18	39	16	67	10	27	1	37	5	24	0	21	19	52	
1	63	13	38	17	62	9	25	3	51	15	71	12	8	10	70	4	39	
11	59	1	65	9	67	2	14	16	74	18	75	6	18	
13	68	12	49	5	4	3	65	6	18	15	1	7	52	2	43	17	54	4	63	
17	70	18	57	15	38	8	69	2	63	10	73	4	35	
10	34	5	61	1	16	4	54	19	12	9	2	2	55	16	41	0	46	11	44	3	37	6	43	
9	42	3	11	11	65	0	41	17	55	7	17	18	51	2	73	14	68	1	26	13	36	
8	62	6	72	16	9	13	44	19	47	14	66	12	27	
9	67	19	31	1	28	16	10	13	57	5	70	10	41	15	37	17	44	
10	7	8	32	15	36	19	61	4	41	16	55	7	52	
5	56	16	37	15	19	19	36	9	61	17	29	7	68	11	12	
6	17	18	28	4	61	1	47	17	33	9	6	15	60	13	74	14	41	7	24	8	9	
5	71	14	50	12	45	16	6	11	62	
7	5	10	3	18	53	9	43	11	33	14	15	
19	12	14	32	16	34	3	3	9	70	5	47	8	13	1	55	11	21	
11	1	8	52	4	10	13	75	7	31	9	8	14	61	6	29	18	63	3	74	16	66	
18	11	17	38	3	1	7	22	1	18	15	54	14	19	
18	17	0	12	12	30	2	48	11	46	16	18	14	16	7	27	4	10	13	11	17	22	19	66	
17	18	14	55	8	31	6	72	0	73	9	63	7	5	15	9	19	42	
10	10	1	58	6	1	9	26	3	13	14	57	13	41	7	51	11	25	4	11	
14	43	13	65	7	31	0	8	10	32	
5	18	14	30	6	71	8	74	9	15	2	4	4	58	16	56	
12	64	9	42	7	18	4	47	14	11	16	56	15	17	1	44	11	36	6	19	17	46	13	63	
4	44	15	45	19	5	17	50	3	31	10	6	11	54	9	63	1	48	0	61	14	66	5	9	
18	21	6	68	5	24	4	20	10	3	13	41	19	17	3	26	17	75	
12	75	8	21	13	13	1	17	16	22	3	25	9	66	6	5	2	51	10	38	
8	28	9	68	12	33	18	38	11	53	1	3	3	55	13	41	5	43	
3	28	9	44	7	50	10	69	0	14	8	36	
14	33	12	22	17	50	0	17	18	31	7	9	5	20	6	64	
15	15	2	21	16	68	5	71	7	34	19	47	8	50	
5	48	17	46	9	18	1	73	11	31	2	13	
16	14	1	30	19	74	18	21	5	33	
9	73	6	46	1	26	3	20	5	41	4	39	8	68	18	61	14	37	19	35	
9	25	2	18	16	5	13	32	17	19	0	6	18	24	4	63	11	27	
11	26	8	54	18	37	2	41	13	42	
11	20	18	23	0	10	10	24	7	41	1	59	13	27	6	71	5	61	8	28	12	70	9	54	
6	41	1	37	15	66	16	8	13	2	14	71	2	44	11	13	9	19	18	35	
2	35	11	74	7	21	5	10	19	28	12	69	3	53	15	37	18	52	17	62	
4	50	16	65	6	40	17	27	2	64	
6	54	11	31	1	35	12	46	8	52	2	19	18	73	7	11	19	12	4	60	
19	72	1	58	3	10	7	47	18	73	2	7	6	15	8	56	
7	66	12	20	13	12	11	47	19	73	18	35	10	22	4	16	14	13	16	75	
17	33	9	2	4	10	14	20	12	61	7	16	3	21	2	32	19	72	16	27	0	40	8	65	
8	18	4	7	13	54	10	44	15	28	5	30	18	72	0	13	9	11	3	24	1	10	11	8	
11	70	16	3	12	1	18	9	3	14	
7	63	1	70	3	31	6	71	12	44	0	36	14	49	
16	58	18	46	19	14	17	74	3	73	6	39	13	42	9	69	12	44	7	15	0	5	14	35	
1	49	19	6	10	67	8	58	15	73	16	55	
10	69	5	64	12	47	19	31	16	39	13	10	14	28	
12	42	13	15	11	22	10	3	14	9	
5	7	1	33	2	19	13	48	9	56	17	71	11	3	16	70	3	54	6	38	12	21	
12	67	9	47	15	25	1	6	8	49	17	30	11	65	
13	68	3	37	6	6	14	34	5	4	0	8	
16	47	6	18	18	42	8	5	12	52	4	13	13	35	
3	33	5	8	8	51	18	40	15	28	10	61	17	36	4	70	
17	71	7	67	13	49	6	9	5	45	9	11	
14	45	7	71	18	6	17	17	12	31	4	42	
0	63	15	46	10	24	17	3	9	61	7	64	19	2	18	45	8	7	3	32	14	6	13	27	
4	11	8	31	10	21	2	63	12	1	0	40	11	72	18	52	5	57	6	32	
10	3	1	55	0	19	7	30	18	66	12	45	8	34	14	62	
14	70	13	56	3	3	10	10	15	75	17	39	
14	26	15	75	17	34	9	7	1	51	
11	60	13	72	10	51	0	74	2	64	15	69	1	33	6	38	18	75	4	29	12	50	
1	56	4	52	0	23	18	37	19	14	7	4	9	15	5	1	3	74	10	72	2	68	12	33	
17	9	16	2	2	39	12	47	19	61	18	46	15	14	6	48	
3	64	8	75	14	34	6	37	13	51	
16	58	7	52	8	2	13	69	10	4	
5	27	1	1	12	72	19	43	17	54	18	3	2	63	14	69	
14	25	8	36	10	44	1	73	7	17	4	37	18	33	15	50	0	64	17	6	
6	31	5	56	14	3	8	61	16	20	7	68	15	55	0	50	10	27	12	37	
9	25	8	11	14	18	17	41	3	61	18	64	12	44	15	5	11	42	1	71	13	9	0	47	
18	57	4	6	8	3	5	38	16	63	7	39	19	67	11	20	3	23	17	45	13	62	14	14	
8	42	7	68	3	17	2	61	4	31	

All component type numbers for each job to be processed by MFPM
2	14	8	15	
7	21	0	2	
9	16	2	22	7	9	6	14	1	19	
4	17	8	4	2	23	7	14	5	2	
1	10	5	18	0	19	
5	9	6	3	4	11	
2	15	3	5	1	8	
3	13	0	7	
1	18	
8	25	1	2	
3	18	9	9	1	3	4	24	2	23	
1	16	
1	23	3	4	9	14	4	12	
3	12	7	20	1	2	2	10	5	5	
7	19	1	4	2	22	
0	5	
0	14	6	17	8	11	5	4	
7	21	6	1	3	5	1	24	8	18	
2	24	7	1	8	2	
0	15	2	25	1	17	
2	9	8	19	4	20	0	15	
3	18	0	20	6	19	8	5	1	22	
0	14	9	21	4	15	2	4	3	7	
5	9	
5	18	3	15	4	3	
5	21	
5	9	6	2	0	23	9	7	8	6	
8	15	1	6	
2	6	
7	10	1	15	6	4	
9	4	7	25	1	19	0	3	5	2	
5	6	9	21	8	9	2	17	3	10	
8	24	7	3	3	16	5	23	6	25	
0	23	2	13	
2	16	4	21	3	13	
6	8	5	11	9	22	
9	13	4	10	8	6	6	15	
2	1	
5	15	6	16	8	21	0	19	9	20	
7	9	8	20	5	8	
2	10	9	13	4	21	1	7	
5	8	6	3	1	14	
4	3	5	6	6	15	
6	1	5	23	
9	2	7	9	8	6	1	12	5	11	
2	18	9	22	
5	23	8	14	0	11	
5	21	
8	16	1	11	5	15	6	22	0	18	
1	10	2	2	
6	16	1	5	3	24	2	22	
5	18	9	21	0	22	2	13	
5	13	3	10	
9	13	8	21	4	20	0	19	6	12	
2	12	1	20	5	3	
5	7	
2	2	5	22	9	3	8	23	7	12	
9	13	0	9	5	14	
0	18	
8	20	
5	7	8	13	
5	24	
2	19	
7	9	6	2	1	5	
7	1	1	15	
8	19	9	11	7	6	
7	25	9	24	8	20	
2	3	3	8	0	21	
6	4	
2	14	6	1	5	11	4	4	
6	12	
4	10	3	1	
7	11	3	17	4	9	9	1	8	4	
4	13	
3	22	
2	14	9	12	3	20	4	18	
1	11	8	9	7	20	9	19	
8	4	
6	2	0	5	
3	9	7	1	5	10	
5	4	3	14	
1	7	4	1	2	25	6	20	
1	17	2	5	0	13	6	16	
4	24	9	16	2	11	8	3	5	9	
8	6	6	20	3	5	0	24	5	22	
0	17	3	7	5	2	
1	4	2	18	
5	24	7	18	2	9	
1	10	3	4	0	1	9	8	
0	18	
5	8	9	15	6	22	
9	9	6	15	0	18	5	25	
1	14	5	10	
8	14	9	18	7	6	6	23	
9	11	
1	5	0	2	4	17	2	6	
9	17	
1	4	9	11	6	8	7	3	3	17	
3	25	5	11	4	16	1	3	8	5	
4	2	3	11	

Three processing times per job on each machine
The best scenario
536	494	
437	751	
174	240	
153	432	
249	233	
144	332	
548	844	
461	612	
577	391	
355	237	
477	917	
152	318	
105	227	
653	388	
108	176	
584	557	
290	485	
493	198	
399	690	
78	91	
466	421	
327	917	
73	167	
719	242	
311	496	
389	146	
658	292	
182	108	
178	71	
72	80	
880	444	
222	320	
377	539	
663	411	
65	128	
473	445	
229	616	
612	473	
314	275	
303	110	
550	1471	
760	250	
261	194	
278	525	
53	87	
194	724	
773	609	
423	195	
992	282	
147	531	
764	1176	
275	101	
462	344	
323	561	
363	297	
493	248	
197	88	
306	988	
279	224	
324	304	
60	161	
180	167	
177	713	
130	588	
676	662	
659	283	
302	375	
166	111	
127	398	
505	386	
379	203	
361	645	
353	693	
568	477	
400	363	
96	106	
863	500	
207	669	
226	290	
299	109	
271	577	
726	888	
473	790	
699	239	
1120	1438	
933	597	
444	610	
927	341	
262	189	
1023	306	
651	1059	
488	536	
234	392	
752	335	
297	106	
168	170	
337	222	
254	112	
249	505	
261	791	
Most likely scenario
805	546	
611	772	
292	257	
280	512	
294	248	
246	601	
1086	1268	
523	723	
741	738	
378	264	
889	931	
197	332	
201	419	
720	403	
170	309	
630	1010	
317	527	
693	337	
491	740	
122	116	
582	468	
386	1163	
85	187	
919	415	
552	512	
529	184	
761	492	
278	115	
197	127	
92	94	
1128	602	
270	490	
519	819	
1057	779	
96	135	
486	674	
276	700	
801	668	
589	379	
361	170	
611	1500	
1058	324	
368	205	
375	729	
68	155	
244	770	
1165	1137	
586	237	
994	285	
233	837	
965	1194	
322	174	
500	500	
373	653	
453	341	
687	383	
301	92	
392	1113	
326	366	
429	579	
102	311	
223	244	
312	743	
179	693	
812	924	
667	539	
394	447	
176	123	
170	415	
521	617	
489	388	
433	967	
585	739	
1082	637	
611	423	
104	193	
872	928	
411	865	
331	429	
409	177	
382	647	
791	1070	
762	976	
746	324	
1211	1457	
1358	1057	
682	842	
987	559	
448	234	
1456	392	
1103	1074	
712	755	
339	559	
920	459	
537	168	
244	202	
391	319	
435	213	
341	701	
361	1089	
The worst scenario
878	718	
638	978	
371	375	
283	594	
342	345	
359	883	
1492	1696	
552	918	
888	755	
511	302	
1126	975	
285	430	
242	478	
859	580	
240	399	
864	1204	
420	743	
710	465	
587	1091	
178	139	
691	633	
532	1639	
91	260	
937	529	
680	677	
633	242	
910	503	
401	128	
271	164	
121	127	
1350	835	
342	651	
685	966	
1245	976	
98	153	
507	785	
359	775	
1064	734	
648	388	
509	248	
660	1694	
1107	391	
511	268	
540	920	
88	157	
260	1060	
1432	1329	
695	320	
1092	342	
348	915	
1412	1704	
466	215	
572	697	
428	785	
509	391	
722	420	
397	116	
448	1528	
347	542	
628	610	
109	339	
334	345	
363	959	
186	709	
920	1070	
807	611	
463	620	
235	181	
191	581	
731	770	
598	495	
571	1062	
848	807	
1276	931	
915	504	
124	197	
1207	1004	
541	1163	
428	629	
509	259	
421	746	
874	1551	
932	1085	
883	453	
1645	2070	
1860	1272	
830	1045	
1436	728	
633	334	
1655	569	
1312	1295	
975	1077	
352	581	
1108	634	
795	226	
260	280	
581	412	
460	261	
497	1042	
505	1518	
