Factories	2	Jobs	200	Machines	2

Total number of component types per job processed by HSPM
12	7	7	6	10	8	7	5	10	5	6	12	5	9	6	10	9	6	6	7	11	12	11	11	11	8	5	12	10	9	12	11	7	8	10	9	11	6	11	6	9	11	10	11	10	11	6	9	7	11	5	9	8	5	7	5	6	8	6	6	12	12	12	8	11	12	6	11	6	12	8	12	11	5	9	11	11	7	8	6	11	7	7	6	12	9	7	8	9	8	5	6	7	11	11	7	9	10	10	5	12	10	6	5	8	12	10	5	9	5	6	9	5	9	6	6	7	10	5	10	11	8	10	11	11	9	10	8	9	11	6	5	6	6	6	11	10	8	5	7	5	12	7	10	5	11	9	9	9	5	8	5	6	9	5	5	7	11	8	11	11	6	10	5	10	11	7	5	7	8	11	11	5	12	12	8	11	10	9	7	9	5	9	8	8	11	7	12	5	12	5	8	6	12	7	11	8	7	9	10	

Total number of component types per job processed by MFPM
2	4	5	5	3	3	4	3	3	1	2	2	5	2	3	1	4	3	1	1	1	5	2	4	2	1	1	3	3	3	1	5	4	4	1	3	4	4	1	4	3	4	4	5	1	3	1	5	3	4	4	5	4	5	5	4	4	4	5	1	2	1	3	2	1	2	4	4	3	4	2	5	5	5	4	5	3	3	1	1	1	4	3	3	4	3	1	5	1	3	1	2	3	5	2	4	2	1	4	5	4	2	5	4	3	4	1	3	5	4	4	1	4	4	2	5	1	2	2	4	4	4	1	3	2	3	3	1	2	1	4	3	2	1	2	3	2	2	3	1	1	4	3	4	3	1	3	5	1	3	1	1	2	2	2	4	2	1	4	5	3	4	3	4	4	4	2	2	5	2	2	4	4	2	1	4	1	5	5	1	5	2	5	3	1	3	5	2	1	1	1	4	2	2	3	4	1	3	2	3	

All component type numbers for each job to be processed by HSPM
11	2	3	1	18	8	14	40	9	33	7	71	13	37	2	31	0	44	17	12	10	48	1	3	
3	66	0	18	18	57	17	27	16	50	4	19	19	38	
12	73	7	22	18	10	4	46	2	57	16	60	11	26	
10	67	8	8	7	4	9	70	13	35	17	11	
18	71	14	60	3	50	17	21	19	45	5	11	4	40	15	41	7	55	8	33	
8	40	10	18	13	44	19	17	9	32	5	14	4	74	18	12	
10	59	16	32	4	39	2	24	0	56	15	28	6	33	
8	31	4	39	6	3	3	43	5	45	
3	56	4	10	19	51	13	1	8	32	15	75	16	17	1	33	10	23	6	26	
10	60	5	55	8	71	15	54	4	6	
17	55	13	21	16	45	14	68	1	34	10	32	
15	25	2	29	18	10	11	39	10	6	4	17	8	27	3	18	5	63	12	28	13	32	19	45	
10	49	1	50	5	73	8	45	3	38	
15	46	6	70	13	24	11	49	4	20	9	23	7	66	14	17	0	44	
2	63	0	48	7	7	5	15	3	22	8	34	
1	64	10	55	15	67	14	15	7	68	17	38	5	36	11	3	0	10	19	22	
3	68	7	37	5	28	10	19	19	62	16	36	2	16	18	53	0	18	
7	26	17	11	16	38	10	57	5	14	6	8	
6	2	15	43	4	33	2	12	16	21	17	6	
4	69	10	14	1	30	13	3	18	59	0	5	2	72	
19	56	18	60	3	17	17	40	0	2	12	15	9	3	1	22	4	68	5	58	16	72	
10	40	17	50	13	57	12	21	14	43	3	48	0	22	2	73	16	39	5	74	9	7	19	66	
1	42	13	22	9	23	17	60	3	45	10	29	19	69	15	72	8	33	18	4	14	18	
16	33	10	21	19	73	3	42	12	39	6	5	13	58	17	52	2	30	9	57	5	26	
13	69	17	38	12	68	15	37	5	23	9	35	10	51	8	46	14	6	3	13	7	4	
4	32	14	29	17	34	16	49	18	14	9	10	2	13	12	61	
3	9	9	73	6	13	12	55	13	50	
16	32	9	60	14	45	18	17	6	56	19	11	17	73	4	41	11	13	1	1	3	62	10	75	
19	13	4	63	17	53	18	47	6	25	10	19	3	73	9	33	14	62	13	11	
7	22	6	57	0	11	3	38	15	49	17	58	4	54	19	53	14	30	
9	35	10	68	7	63	18	48	4	13	1	23	3	33	11	52	15	46	16	2	19	11	17	74	
14	28	10	61	19	59	5	57	18	70	16	7	11	38	2	72	8	64	0	42	1	43	
15	37	10	50	18	70	16	42	19	5	17	10	6	48	
19	56	2	63	13	15	7	65	16	34	10	11	11	29	18	75	
6	43	5	19	0	31	13	48	19	27	9	20	18	59	2	72	12	18	3	37	
16	40	9	24	10	20	7	47	12	36	1	1	14	10	15	27	0	69	
8	54	1	45	6	33	12	20	17	14	7	36	2	13	18	60	3	67	0	70	4	6	
12	69	14	24	7	58	11	4	1	70	4	7	
17	54	3	26	19	44	9	72	8	25	16	9	12	31	5	7	13	2	0	43	15	40	
0	9	19	51	18	5	3	71	5	31	2	25	
7	9	17	44	8	53	4	3	15	56	10	1	12	60	5	25	13	6	
14	11	10	68	15	47	9	16	11	73	12	42	17	9	1	53	18	44	16	34	8	24	
0	66	16	71	9	61	10	69	18	14	11	17	3	62	4	12	17	47	2	70	
7	41	19	21	3	19	17	73	13	30	1	37	15	27	5	34	18	64	10	16	2	18	
7	55	15	69	9	48	2	33	18	17	6	36	14	19	12	50	11	9	10	65	
4	55	2	35	5	64	17	8	18	61	12	72	9	27	0	13	3	57	7	49	14	43	
8	33	19	10	12	64	10	15	0	71	13	38	
13	56	10	72	16	15	18	12	7	14	2	63	4	60	17	9	15	74	
4	57	9	48	7	74	10	46	14	25	19	11	1	33	
12	69	9	9	17	52	7	31	16	32	14	59	15	48	13	11	11	17	19	4	5	65	
15	21	8	24	5	15	17	68	1	69	
4	23	19	35	7	63	13	2	16	46	14	54	9	4	2	24	0	27	
5	41	1	24	17	12	3	66	2	53	6	39	9	67	18	65	
18	24	4	65	19	51	15	52	13	17	
8	26	19	72	6	14	13	40	14	45	1	43	15	20	
13	69	8	19	15	66	12	25	10	75	
10	29	5	63	3	41	17	4	6	51	2	24	
13	51	7	14	1	10	6	67	15	72	14	1	10	58	18	24	
14	36	4	52	10	29	15	56	8	49	9	9	
1	44	0	69	10	28	5	30	2	6	9	61	
8	41	3	3	10	58	5	11	14	71	19	21	4	33	18	1	9	65	0	37	7	35	17	46	
12	17	6	37	10	33	7	59	17	22	5	51	8	64	18	23	0	6	11	25	3	9	1	54	
15	61	17	57	14	64	13	49	4	3	7	46	6	52	3	41	16	7	11	58	1	14	2	48	
7	64	13	68	10	67	1	20	17	31	5	46	15	55	3	29	
15	24	19	74	2	2	9	56	4	69	8	3	6	23	12	51	17	34	7	59	11	27	
18	39	7	36	0	18	2	30	11	34	9	1	15	37	1	58	6	60	8	48	16	17	17	28	
18	63	0	13	10	6	9	73	14	5	13	60	
17	41	15	25	11	35	0	57	18	67	5	18	3	56	1	9	13	33	4	45	14	60	
18	36	1	26	7	31	2	3	6	60	8	64	
7	34	9	5	8	6	2	63	19	17	16	32	15	71	5	66	4	24	18	1	12	43	1	23	
3	17	17	54	16	53	0	12	18	61	9	59	1	73	11	50	
2	8	15	65	10	20	4	19	11	43	14	58	1	70	13	52	7	62	12	14	3	50	17	48	
10	15	2	50	18	45	15	5	5	43	13	75	3	14	16	8	0	32	12	30	14	22	
13	17	0	55	9	70	3	31	2	62	
14	24	13	57	11	74	16	45	7	25	3	9	17	28	12	59	5	63	
2	65	14	28	12	53	10	73	7	6	5	18	11	63	18	30	15	14	13	61	0	68	
15	38	11	29	4	30	10	5	7	68	5	63	14	61	1	6	6	8	8	47	13	14	
16	59	3	64	12	41	14	60	1	34	5	5	4	1	
9	45	6	17	16	64	18	21	11	22	12	14	4	42	19	4	
10	59	2	71	6	56	19	13	7	32	1	25	
8	21	16	64	4	33	11	9	13	70	3	50	15	16	7	17	17	20	9	4	12	41	
16	37	3	66	11	13	2	17	17	58	1	68	18	67	
7	47	10	56	6	64	12	10	15	23	9	74	13	40	
8	42	6	33	4	67	0	9	11	69	15	7	
15	18	19	3	8	16	18	39	6	12	17	75	11	21	7	70	5	55	12	53	9	36	4	23	
3	69	13	31	10	25	11	8	15	19	6	39	12	3	5	15	2	29	
11	36	10	60	12	49	14	43	4	74	13	72	0	55	
12	74	18	24	9	64	19	58	0	3	7	70	16	55	2	56	
0	53	10	38	2	75	1	64	7	52	3	69	18	44	11	28	6	66	
4	57	12	64	8	52	0	13	17	14	14	5	18	56	5	8	
5	3	16	39	3	66	6	52	17	27	
5	65	1	56	19	23	10	29	14	18	16	25	
11	40	3	13	16	6	0	22	5	3	17	60	15	31	
18	16	19	14	7	73	2	69	15	11	4	18	0	20	1	32	8	52	10	7	6	10	
2	54	6	58	12	45	19	7	4	4	5	27	9	16	7	55	18	3	16	74	0	10	
11	32	9	15	18	63	1	6	5	71	16	18	15	8	
0	68	12	55	13	67	3	16	4	12	1	10	17	49	18	8	6	57	
17	72	4	53	11	75	12	19	19	67	14	30	9	1	13	4	8	56	5	48	
6	48	2	23	8	45	1	69	18	16	15	64	12	57	17	44	16	32	5	5	
3	55	17	16	11	6	6	8	18	40	
7	27	8	10	13	69	9	11	18	37	11	54	4	41	15	56	12	55	14	38	5	46	16	48	
4	1	12	50	13	21	6	49	15	3	17	16	18	60	14	4	3	10	1	26	
10	6	7	22	5	40	17	73	13	28	1	17	
1	21	14	31	12	71	16	14	19	22	
10	65	12	49	3	47	8	41	2	45	4	5	1	75	17	52	
3	33	2	68	14	54	4	49	10	50	12	45	5	43	15	32	9	29	8	40	6	58	7	16	
9	15	19	55	13	58	8	69	0	48	10	73	17	68	18	29	15	27	7	53	
0	42	16	11	3	34	5	48	18	73	
18	70	11	4	16	37	8	62	19	26	14	39	17	49	15	14	0	33	
4	61	0	44	1	41	14	74	6	11	
6	63	4	26	5	35	15	42	9	12	18	28	
7	24	6	15	5	16	15	63	9	38	13	21	8	45	0	5	14	20	
0	31	15	58	14	29	2	3	18	60	
16	69	15	17	18	19	17	61	8	29	0	18	1	63	14	20	19	75	
13	39	16	29	15	36	0	67	6	19	4	50	
9	68	0	5	15	61	1	35	7	67	4	74	
15	1	5	10	10	43	0	36	1	5	11	58	16	25	
12	40	8	74	13	31	6	34	14	8	3	28	1	48	5	69	2	30	10	35	
8	24	14	44	18	26	17	30	2	20	
12	65	13	33	4	19	18	37	6	40	14	68	5	1	7	43	1	17	9	74	
19	42	13	9	6	21	4	75	16	3	7	60	9	31	10	71	18	29	8	37	17	14	
0	34	9	74	12	54	18	15	10	30	4	18	14	27	7	21	
14	64	7	26	10	4	15	23	17	53	2	6	19	1	8	69	9	17	3	33	
3	74	4	48	14	21	5	35	0	33	15	41	11	32	18	27	19	58	1	56	13	42	
16	2	3	9	7	20	19	58	4	66	0	72	11	36	6	51	9	22	18	65	13	30	
9	34	19	4	3	53	15	68	14	16	11	39	18	9	1	42	16	45	
3	33	2	2	6	11	5	6	19	7	0	66	13	47	1	12	8	60	17	53	
19	23	3	67	16	47	14	65	8	55	18	75	10	22	4	43	
17	27	10	17	16	7	4	47	19	9	3	29	7	5	14	18	9	61	
11	1	0	58	17	33	5	54	6	35	12	29	9	73	8	65	18	50	7	28	2	52	
6	35	15	1	17	7	4	42	5	33	2	59	
6	42	9	73	7	39	16	67	3	59	
19	28	12	39	18	65	2	35	15	38	10	19	
5	54	10	17	15	24	7	40	0	61	13	63	
14	6	15	70	13	71	7	69	19	12	6	7	
11	13	1	49	15	29	17	2	5	15	14	70	12	20	16	1	2	71	7	31	18	16	
11	37	10	41	19	61	14	35	15	4	2	69	0	14	5	10	18	23	17	67	
18	42	6	29	14	72	11	41	4	17	9	5	1	54	12	43	
13	22	6	48	3	50	10	60	18	15	
3	9	15	15	12	32	14	12	19	13	10	67	17	60	
14	22	2	59	1	75	18	70	16	29	
0	63	3	50	18	6	17	35	9	72	11	17	12	61	1	23	19	57	6	41	2	11	13	54	
6	8	2	58	15	24	1	68	4	34	10	45	17	71	
2	12	10	13	4	23	3	64	19	73	8	43	15	49	5	33	0	61	11	67	
8	51	5	48	0	16	6	54	14	53	
16	37	6	34	5	59	17	26	11	13	7	3	4	68	2	65	19	49	1	11	8	28	
15	16	4	58	17	27	12	51	9	70	8	10	7	52	11	11	1	1	
16	13	0	57	3	9	11	29	8	23	1	43	14	12	19	2	10	39	
4	8	13	62	12	29	1	61	15	15	10	20	8	35	9	28	6	59	
8	57	10	75	4	27	11	36	13	25	
16	73	1	63	17	68	6	8	4	47	14	20	8	42	19	55	
15	27	11	18	16	11	8	52	4	55	
1	26	17	36	12	9	19	11	10	43	8	61	
5	13	19	8	0	18	4	19	11	27	18	35	7	23	9	36	8	71	
9	50	5	40	4	20	2	32	15	33	
11	1	12	37	13	75	4	20	0	24	
11	67	6	42	18	69	13	48	14	60	15	72	9	56	
5	47	17	73	1	21	16	74	2	64	12	59	13	52	8	23	7	49	9	20	15	62	
5	35	19	59	11	61	3	15	16	60	9	21	10	19	0	27	
3	42	9	25	4	27	10	24	16	61	1	23	8	50	0	57	5	64	14	73	2	65	
8	64	1	52	16	56	7	3	17	13	11	68	6	32	4	10	0	72	2	41	14	9	
8	72	9	13	6	73	11	6	19	60	12	38	
11	14	9	18	18	32	17	8	6	28	10	72	7	69	19	6	2	31	16	13	
11	38	8	6	4	73	15	48	1	21	
17	2	14	8	12	54	2	75	7	20	15	51	18	4	4	66	5	34	1	24	
16	18	15	61	7	6	18	53	12	67	3	56	11	51	17	32	13	19	8	17	1	2	
16	41	7	70	14	49	15	66	11	1	13	14	6	44	
18	46	13	72	15	50	11	11	0	68	
5	15	15	65	8	28	18	61	14	8	4	43	17	1	
8	60	4	51	6	22	9	66	17	7	11	12	3	57	16	21	
3	28	11	13	12	9	4	46	14	27	9	64	1	15	7	70	15	48	6	47	0	44	
19	66	3	42	0	11	12	28	4	30	18	23	9	17	6	16	15	34	17	58	11	40	
11	25	14	46	10	42	6	72	7	71	
8	31	14	61	10	27	17	45	11	34	7	68	4	19	16	42	13	46	9	36	1	49	19	58	
8	12	10	49	9	9	19	60	15	69	12	68	18	70	6	14	16	45	5	6	11	63	14	50	
4	71	8	25	7	28	2	75	17	9	10	7	3	73	6	5	
3	75	10	31	11	33	16	23	15	54	7	30	0	72	17	10	6	73	5	5	9	4	
17	52	15	57	9	38	3	25	8	14	16	62	7	17	11	64	13	36	18	32	
8	13	10	30	4	49	1	56	2	34	0	50	9	51	13	21	19	62	
3	25	11	16	14	3	8	57	15	63	5	29	1	62	
13	28	4	71	3	12	19	30	2	75	17	56	10	24	7	15	5	4	
5	57	19	63	8	15	12	47	16	60	
2	34	6	62	4	28	18	15	14	46	19	35	1	38	12	7	10	5	
4	47	1	40	10	57	17	16	13	54	5	67	16	21	9	10	
5	37	3	19	17	36	6	5	4	18	18	2	9	35	13	75	
10	52	0	69	11	31	7	11	8	12	2	56	19	38	14	16	16	37	5	2	1	48	
12	69	14	52	11	71	19	16	9	62	2	6	16	63	
9	20	2	61	6	62	7	46	13	48	11	43	8	33	15	2	19	57	5	59	0	8	1	16	
5	59	13	3	9	11	12	2	14	21	
4	7	13	46	17	59	2	68	0	24	15	52	10	3	1	10	6	72	16	50	19	22	5	28	
10	71	18	3	16	57	1	22	11	33	
12	5	3	15	15	41	13	39	9	18	1	17	0	23	17	68	
3	71	8	5	5	35	11	36	19	10	1	54	
19	12	5	68	13	15	17	11	6	35	4	36	18	25	8	21	3	16	7	41	0	37	15	56	
1	32	16	74	2	11	6	34	17	21	7	6	13	54	
2	52	11	63	5	4	8	16	13	30	7	46	15	48	19	39	9	50	4	10	18	5	
4	65	8	25	10	14	9	1	19	37	1	62	16	24	14	45	
13	31	16	9	6	42	15	68	9	27	19	52	17	4	
16	46	17	55	1	14	18	27	5	6	10	41	3	37	8	32	13	52	
11	22	12	57	4	33	2	32	6	34	5	2	8	46	0	65	17	58	7	41	

All component type numbers for each job to be processed by MFPM
1	23	9	12	
6	4	9	24	4	15	3	8	
2	9	0	20	7	19	3	1	1	24	
7	13	5	2	0	18	2	25	6	6	
0	5	8	6	1	10	
3	19	6	3	1	22	
0	15	1	6	6	2	9	18	
6	3	2	16	1	19	
2	9	7	2	0	16	
0	24	
6	13	0	7	
2	23	5	19	
8	15	1	20	7	6	9	16	3	7	
9	12	5	25	
6	20	8	2	9	16	
4	13	
3	13	0	11	9	23	6	3	
8	18	6	12	1	1	
0	9	
4	3	
7	20	
3	16	5	11	7	19	6	24	2	7	
1	7	3	24	
5	25	3	2	6	20	7	12	
7	13	0	14	
0	22	
6	3	
4	21	1	16	6	19	
8	23	6	21	3	4	
8	8	3	19	1	15	
2	21	
4	18	6	11	7	19	1	5	3	22	
4	13	3	20	6	6	0	8	
6	1	9	13	8	2	5	12	
6	8	
7	13	1	8	3	10	
7	4	0	11	6	16	1	18	
2	4	0	3	9	24	6	5	
2	5	
6	14	5	23	0	16	3	25	
5	1	3	14	9	2	
5	17	2	5	9	8	6	25	
8	12	0	10	4	8	6	2	
0	23	4	3	6	18	9	22	5	1	
6	23	
2	14	5	18	4	12	
5	11	
9	3	7	4	4	16	2	6	0	8	
6	6	0	8	2	20	
0	10	9	5	2	22	7	25	
2	21	3	12	9	1	5	22	
3	10	4	4	0	18	1	12	5	11	
0	11	3	21	8	3	1	18	
7	1	6	23	4	20	3	18	2	10	
4	14	8	19	1	17	7	16	5	22	
7	11	1	25	8	12	9	9	
7	23	2	20	9	1	0	19	
5	10	4	23	0	7	1	15	
8	10	1	3	5	15	9	23	6	7	
3	22	
2	1	1	6	
0	22	
7	20	8	12	0	2	
8	8	2	18	
2	13	
5	2	1	20	
9	16	2	19	1	1	5	22	
7	25	4	23	3	5	2	9	
4	18	9	20	7	22	
8	5	4	2	1	7	0	15	
0	11	3	15	
5	22	1	10	4	20	0	9	3	13	
2	4	7	20	6	19	9	8	0	7	
6	6	1	10	5	18	3	15	7	4	
4	13	7	21	3	14	6	18	
5	22	6	16	9	10	2	21	0	17	
8	3	9	18	3	5	
4	23	0	6	6	17	
5	15	
8	19	
8	20	
1	4	7	16	2	25	4	14	
6	22	3	5	0	21	
1	16	3	13	0	24	
3	13	1	14	2	4	8	9	
6	24	0	22	3	19	
3	8	
1	22	2	23	6	11	5	16	7	14	
7	4	
5	4	1	16	3	1	
6	20	
7	13	0	10	
1	5	6	14	4	1	
8	16	6	19	7	24	3	10	9	1	
2	6	1	12	
4	5	3	24	2	7	9	2	
4	2	7	1	
7	21	
1	4	5	24	0	18	2	9	
1	23	6	17	8	11	0	14	7	22	
5	17	8	25	9	7	2	2	
8	8	5	9	
2	3	5	19	3	5	7	17	4	13	
3	14	0	7	6	6	7	13	
4	21	5	19	3	20	
4	7	2	24	8	15	7	4	
6	6	
4	8	6	1	5	9	
4	6	1	4	3	1	9	18	8	7	
1	10	4	23	5	18	3	24	
3	4	5	20	8	6	4	13	
0	5	
4	11	9	23	0	18	6	14	
4	2	2	19	6	23	9	13	
8	14	9	23	
7	19	8	4	3	5	1	9	6	13	
3	22	
2	13	0	22	
1	17	9	12	
3	6	6	15	5	13	9	9	
3	25	9	11	6	17	5	3	
8	20	3	6	4	17	0	11	
5	3	
0	9	6	20	3	18	
0	18	7	7	
0	9	9	18	6	10	
6	13	8	16	1	22	
4	14	
0	11	2	25	
7	2	
8	16	6	18	5	10	7	15	
3	13	0	7	1	18	
2	20	9	7	
6	14	
3	6	7	23	
4	21	3	12	6	16	
6	12	3	9	
6	24	2	25	
2	14	4	2	1	17	
8	8	
8	6	
0	9	1	19	8	14	7	11	
1	2	3	19	7	8	
3	23	8	3	0	5	6	21	
6	3	4	7	2	6	
5	1	
5	2	3	14	4	1	
9	2	4	8	5	22	8	17	6	11	
7	10	
4	14	5	7	1	23	
5	7	
2	22	
2	5	8	20	
5	5	9	25	
7	22	1	11	
0	16	7	20	3	15	6	25	
0	7	6	19	
9	3	
7	10	8	20	0	1	1	5	
0	25	7	2	5	9	6	5	1	12	
3	10	2	2	4	1	
9	11	3	16	2	12	5	2	
9	19	5	8	8	17	
6	23	7	11	0	4	4	21	
9	16	2	8	3	5	1	13	
3	24	9	21	5	14	1	22	
7	7	6	9	
2	1	3	4	
8	11	2	15	9	13	3	3	6	6	
2	24	0	1	
7	9	1	22	
1	12	7	7	3	18	2	20	
0	8	7	25	5	22	1	7	
1	5	0	1	
4	18	
9	19	8	11	0	9	7	7	
5	1	
3	20	7	10	8	25	1	9	4	6	
1	21	4	14	5	6	2	7	9	8	
8	3	
2	17	5	10	9	5	4	2	8	14	
2	4	5	19	
3	4	9	8	6	16	7	15	4	10	
7	21	6	5	2	11	
0	7	
0	24	9	22	1	12	
2	14	0	6	3	10	9	2	1	16	
8	20	7	16	
5	22	
2	2	
7	10	
4	17	6	19	2	25	0	22	
4	15	8	11	
1	19	0	17	
1	23	9	17	6	24	
3	15	5	21	8	20	0	4	
6	16	
9	19	1	13	6	2	
5	21	3	20	
2	15	8	2	0	4	

Three processing times per job on each machine
The best scenario
105	194	
174	237	
181	157	
115	141	
51	65	
236	116	
152	398	
47	23	
206	120	
501	268	
67	223	
288	259	
234	134	
94	91	
30	178	
329	182	
81	47	
139	429	
87	286	
379	89	
43	45	
165	122	
72	105	
38	22	
119	277	
148	189	
45	22	
342	189	
74	35	
91	242	
140	152	
83	108	
109	60	
134	288	
50	74	
41	47	
145	149	
167	380	
439	202	
86	107	
154	233	
23	52	
180	70	
60	169	
70	22	
67	52	
201	215	
287	170	
88	267	
115	232	
213	106	
220	430	
191	78	
76	36	
47	99	
56	84	
224	142	
16	66	
244	227	
90	36	
74	25	
90	92	
209	272	
250	259	
136	68	
213	167	
48	87	
212	75	
125	186	
52	103	
32	31	
386	127	
114	77	
285	87	
175	315	
426	177	
311	141	
294	116	
67	120	
42	45	
205	134	
376	276	
115	67	
277	126	
154	265	
36	75	
135	104	
161	83	
143	54	
285	311	
23	47	
45	35	
234	251	
94	60	
406	182	
126	93	
81	54	
259	187	
295	252	
134	248	
330	108	
68	68	
47	44	
286	193	
169	152	
308	128	
46	38	
60	37	
89	80	
152	281	
69	99	
293	180	
339	241	
253	265	
263	177	
314	223	
135	130	
129	296	
81	33	
21	29	
157	188	
22	35	
153	146	
329	159	
107	277	
153	134	
96	70	
192	160	
85	260	
248	83	
396	97	
99	228	
378	217	
288	439	
288	262	
168	158	
44	86	
62	95	
101	145	
175	377	
36	52	
40	50	
47	127	
192	62	
156	144	
199	92	
179	273	
330	246	
228	149	
90	71	
34	60	
57	38	
517	363	
60	32	
114	203	
484	555	
91	98	
109	52	
303	388	
346	316	
56	136	
163	97	
309	107	
307	403	
219	72	
109	190	
248	473	
132	111	
71	114	
128	406	
176	238	
161	117	
229	255	
212	334	
234	218	
408	200	
74	153	
310	174	
195	94	
247	94	
205	223	
131	311	
215	158	
138	225	
117	69	
136	53	
138	284	
522	165	
66	300	
140	85	
81	331	
29	18	
30	35	
73	216	
68	78	
15	40	
99	71	
147	312	
412	395	
228	242	
Most likely scenario
161	234	
202	253	
250	172	
229	175	
98	94	
260	142	
239	401	
61	39	
210	128	
506	485	
118	248	
353	407	
393	156	
104	124	
45	187	
360	204	
85	70	
183	449	
152	396	
432	131	
52	82	
317	214	
79	191	
74	31	
147	417	
277	240	
57	27	
473	372	
88	48	
167	462	
253	180	
110	149	
180	101	
157	341	
95	104	
50	61	
234	152	
333	564	
515	205	
101	142	
175	276	
37	100	
198	124	
78	206	
76	40	
131	74	
204	229	
350	338	
133	285	
139	246	
415	177	
243	504	
247	101	
82	52	
66	113	
94	116	
314	175	
23	79	
257	333	
112	55	
97	48	
91	128	
390	381	
449	346	
148	106	
216	331	
50	160	
228	133	
170	199	
54	177	
52	51	
446	218	
127	121	
383	166	
343	348	
546	224	
502	264	
322	145	
98	147	
49	58	
255	251	
438	310	
118	115	
382	140	
276	319	
58	90	
254	152	
163	128	
181	76	
371	541	
34	52	
58	50	
358	394	
125	69	
440	253	
135	137	
85	61	
279	233	
446	254	
198	321	
351	200	
101	72	
50	66	
429	290	
198	242	
492	143	
54	40	
79	65	
151	92	
218	455	
79	100	
309	200	
402	462	
294	272	
288	277	
502	320	
179	185	
169	475	
91	44	
34	41	
203	258	
25	43	
257	262	
493	187	
123	337	
190	158	
98	98	
257	207	
142	518	
354	120	
409	136	
141	312	
414	223	
421	452	
448	366	
229	184	
61	87	
109	98	
134	178	
227	430	
49	87	
42	58	
75	178	
214	72	
181	159	
214	143	
298	293	
334	265	
328	165	
151	98	
60	82	
60	53	
577	389	
100	50	
152	206	
600	577	
124	160	
147	96	
382	470	
486	438	
102	202	
224	192	
312	130	
352	414	
223	87	
201	283	
318	551	
182	172	
79	116	
245	433	
336	467	
237	166	
439	345	
308	379	
245	282	
462	325	
125	162	
420	193	
240	156	
249	108	
387	229	
254	437	
302	214	
165	227	
132	98	
170	105	
210	373	
531	221	
81	321	
214	132	
160	493	
39	30	
33	47	
106	217	
94	128	
19	43	
138	101	
286	471	
478	527	
300	379	
The worst scenario
176	259	
228	290	
295	201	
254	257	
125	111	
326	148	
327	506	
78	53	
304	179	
686	558	
160	308	
522	445	
544	191	
128	168	
47	262	
534	249	
121	83	
271	633	
174	492	
533	167	
72	120	
372	242	
86	272	
107	44	
188	425	
299	294	
80	39	
488	386	
101	63	
204	667	
329	205	
139	170	
220	106	
215	431	
99	110	
56	69	
317	177	
443	819	
520	306	
138	171	
252	311	
53	102	
232	148	
92	309	
90	56	
156	85	
300	240	
521	370	
186	364	
202	330	
572	248	
266	697	
353	123	
102	65	
78	158	
117	172	
318	206	
32	99	
376	385	
113	76	
145	51	
100	186	
423	553	
594	413	
191	136	
262	349	
55	219	
260	167	
250	217	
55	178	
60	64	
465	250	
155	152	
521	184	
444	466	
615	282	
701	268	
428	149	
99	163	
57	77	
382	316	
482	458	
131	118	
463	182	
329	387	
61	107	
342	207	
239	187	
271	82	
426	754	
46	62	
79	62	
457	462	
142	87	
536	290	
190	143	
113	79	
309	248	
489	270	
293	360	
435	277	
135	98	
56	69	
576	359	
272	328	
556	194	
68	43	
103	95	
157	108	
320	550	
105	140	
432	283	
522	659	
345	321	
420	411	
579	462	
247	241	
188	482	
101	66	
45	52	
273	289	
28	54	
278	379	
734	276	
169	452	
200	212	
136	118	
320	301	
157	736	
413	136	
429	146	
167	462	
465	333	
583	652	
638	393	
313	186	
65	111	
138	143	
157	265	
258	440	
56	108	
50	69	
103	196	
267	97	
190	232	
312	176	
346	320	
413	331	
429	175	
167	131	
86	96	
62	65	
813	489	
111	55	
162	244	
661	856	
160	216	
193	129	
397	516	
715	602	
137	205	
324	264	
350	179	
458	452	
323	95	
205	373	
424	724	
266	229	
117	165	
300	609	
344	700	
349	242	
656	482	
447	480	
259	400	
665	477	
136	213	
554	210	
311	197	
283	149	
535	328	
346	446	
377	309	
196	293	
167	131	
209	137	
303	411	
581	285	
92	390	
256	148	
170	696	
42	34	
40	48	
107	228	
107	170	
28	57	
168	132	
329	504	
688	655	
399	385	
