Factories	2	Jobs	100	Machines	3

Total number of component types per job processed by HSPM
10	9	5	6	7	9	7	10	10	10	6	11	9	9	6	9	5	9	11	8	10	8	11	7	5	5	11	9	6	9	9	9	8	11	10	9	7	9	5	5	10	11	7	11	8	10	8	6	7	9	6	11	11	11	8	11	5	5	6	10	12	5	8	7	8	12	12	5	12	8	12	10	11	5	7	6	7	12	6	6	6	12	9	10	6	9	12	11	10	10	5	9	6	7	7	12	7	11	11	10	

Total number of component types per job processed by MFPM
4	3	1	5	1	2	4	1	3	2	3	3	5	5	5	1	1	1	5	4	5	3	4	1	3	2	3	2	1	2	4	2	2	4	4	2	2	1	5	4	2	3	2	2	5	1	4	1	5	2	2	5	5	3	4	2	3	1	1	1	4	3	2	4	1	1	3	3	1	5	2	2	1	3	2	1	3	4	2	2	4	5	2	4	3	2	3	3	5	1	1	3	4	5	3	5	3	2	1	1	5	4	4	5	3	4	4	2	2	3	5	1	5	4	4	4	5	5	2	1	4	5	2	4	5	4	1	2	5	4	3	1	3	2	1	1	3	4	4	1	1	3	4	4	4	4	1	2	2	1	3	5	5	2	4	3	1	1	4	4	1	1	4	5	5	4	1	1	1	2	4	3	3	2	2	5	4	2	1	2	1	4	1	2	5	2	2	3	2	2	4	3	3	2	3	2	3	4	2	4	

All component type numbers for each job to be processed by HSPM
5	16	9	30	0	39	11	61	18	72	17	56	3	48	6	46	19	12	15	15	
11	55	15	71	2	17	3	61	7	49	8	67	14	75	12	13	19	2	
16	23	19	29	6	44	2	26	10	27	
9	10	11	68	15	1	7	73	18	51	14	20	
9	43	15	40	16	11	3	25	2	47	1	16	18	1	
7	32	0	75	14	55	9	33	3	68	18	59	15	37	6	3	12	25	
10	40	0	12	12	35	5	37	7	71	14	18	2	34	
8	39	7	58	2	42	16	44	10	10	3	67	11	26	0	18	14	27	13	8	
12	43	5	9	0	58	9	25	15	34	10	40	7	12	8	10	4	44	6	37	
13	32	5	46	8	30	4	74	16	41	0	5	10	6	17	2	1	68	19	36	
1	69	9	11	15	25	5	35	6	34	16	3	
6	60	12	63	7	20	17	51	11	23	0	40	15	24	3	31	14	33	5	28	16	48	
12	53	1	13	13	11	18	49	0	42	10	9	11	67	5	25	6	1	
17	46	19	69	9	71	7	14	10	4	2	39	16	56	6	9	8	62	
18	8	5	3	15	38	6	15	1	41	10	35	
15	68	12	71	13	30	8	42	9	25	18	63	3	22	4	36	19	38	
19	69	5	2	16	50	14	73	1	62	
13	72	5	21	7	41	9	10	4	43	1	36	17	34	14	75	12	23	
19	40	8	68	18	59	4	7	16	60	10	24	17	22	11	27	5	38	1	35	12	72	
13	20	0	54	11	49	10	26	15	38	1	2	16	53	14	11	
18	8	3	75	6	67	12	69	11	61	13	73	19	29	9	19	17	21	5	65	
3	6	9	22	5	66	13	75	18	35	8	50	11	48	1	34	
14	73	13	7	3	23	15	33	0	66	8	70	17	69	16	39	7	31	19	65	10	58	
7	35	6	49	16	38	12	61	5	11	13	36	0	45	
17	70	1	11	16	38	4	41	6	47	
2	31	6	7	14	5	16	18	17	8	
19	45	0	58	9	21	10	26	14	73	8	10	11	75	16	55	1	57	4	46	7	69	
7	49	2	56	12	69	14	72	10	2	1	24	16	42	17	8	8	32	
14	21	1	38	16	70	5	6	2	65	9	3	
11	56	7	34	6	21	12	25	1	38	10	37	5	65	9	60	17	33	
1	9	19	43	16	32	7	8	2	68	9	48	17	15	3	22	0	57	
5	34	1	9	4	64	3	26	18	8	10	20	15	19	9	28	13	53	
3	65	6	55	10	45	7	32	9	26	18	64	16	6	15	38	
1	66	10	37	19	34	2	68	13	38	9	3	4	33	6	27	5	40	3	45	7	8	
3	36	15	58	7	6	18	5	13	18	10	62	1	56	2	23	17	49	9	43	
14	74	5	25	4	29	17	33	18	12	0	56	3	35	6	27	9	4	
17	50	8	29	6	3	5	38	3	25	0	41	13	62	
14	20	6	57	16	70	5	37	10	27	12	53	18	10	9	75	3	9	
15	15	18	31	2	33	3	5	8	41	
3	2	19	30	16	65	1	10	11	35	
16	57	1	37	12	69	0	10	11	65	3	45	4	41	13	53	8	54	9	74	
3	6	8	53	4	73	11	58	13	32	14	51	10	49	18	42	16	28	7	16	0	31	
1	25	16	54	10	19	6	34	4	7	15	33	11	16	
19	70	13	1	9	56	11	68	4	29	1	57	15	54	5	3	0	75	10	71	6	66	
7	47	3	62	13	49	8	1	10	36	2	38	15	40	4	22	
15	58	9	53	6	43	2	2	3	30	11	56	10	47	5	48	17	28	1	35	
19	29	13	1	15	11	3	73	10	10	1	34	2	47	5	51	
10	18	8	28	16	32	1	16	9	55	11	69	
14	48	17	31	2	10	10	23	7	62	13	26	11	51	
10	70	8	4	11	60	12	41	9	1	4	52	1	13	6	29	13	9	
3	10	12	11	5	61	2	71	4	44	15	6	
17	35	0	41	10	62	9	40	8	9	18	52	11	23	5	5	16	45	19	39	15	26	
11	33	0	29	1	62	13	3	3	27	16	6	6	66	10	39	12	31	18	11	2	57	
3	25	2	9	7	15	17	21	18	6	12	60	11	7	5	33	19	19	14	29	8	55	
6	71	14	13	10	20	19	22	13	65	3	66	1	31	4	61	
18	27	7	62	6	60	0	24	11	5	10	55	14	68	19	51	17	66	1	64	2	4	
2	33	11	16	8	26	15	7	5	30	
11	11	15	35	5	6	10	14	19	44	
7	25	16	43	12	50	0	74	5	39	13	2	
14	26	9	2	5	22	17	30	16	7	3	48	8	34	12	31	0	10	7	3	
19	18	4	1	6	65	16	53	3	44	1	38	2	27	14	59	8	64	18	51	5	19	9	30	
16	15	13	2	1	22	5	58	7	42	
9	9	12	17	13	19	4	54	3	60	0	37	10	68	11	10	
10	69	15	7	4	24	17	39	8	23	5	54	6	44	
18	15	5	39	14	28	17	67	4	33	13	42	9	23	16	34	
2	59	19	18	18	34	12	66	6	6	13	46	8	16	17	32	4	53	3	24	16	26	15	36	
6	6	7	52	17	42	2	69	12	16	9	14	5	37	16	12	14	32	0	39	11	11	4	61	
19	33	9	69	3	9	13	24	0	16	
5	36	6	49	11	72	9	38	4	73	2	25	0	30	8	23	16	41	3	7	17	51	13	46	
17	12	8	37	0	62	6	38	10	73	14	58	12	7	7	43	
9	8	15	57	2	13	12	64	13	10	1	32	6	30	0	71	3	18	11	29	7	39	8	26	
7	39	9	21	3	53	16	42	13	66	19	48	11	4	4	75	15	5	8	13	
4	46	1	5	3	68	15	14	2	62	19	3	13	8	5	26	9	44	8	55	6	50	
14	56	2	41	0	42	6	38	11	2	
15	1	2	59	3	57	0	3	19	49	6	64	14	16	
3	10	15	40	10	29	4	71	17	14	13	12	
18	14	4	49	6	3	3	27	12	60	5	9	7	55	
5	51	3	54	9	10	19	38	15	75	12	65	1	57	10	50	8	21	6	46	4	15	7	72	
13	25	18	56	15	2	14	67	7	50	8	58	
18	75	8	50	12	15	17	14	11	61	10	30	
1	5	0	36	17	6	10	45	3	38	11	65	
9	43	2	50	18	41	4	59	0	18	13	52	7	22	15	21	12	32	6	72	5	13	10	60	
19	25	15	67	8	45	3	58	5	37	4	44	16	21	12	9	17	13	
1	53	7	8	3	74	12	42	13	11	5	70	19	61	17	39	10	52	16	21	
8	72	0	74	12	62	14	44	15	35	6	36	
12	29	7	43	6	24	2	54	0	38	8	11	17	13	18	48	11	58	
9	5	1	23	11	40	2	70	16	12	10	1	6	18	15	48	14	37	19	57	18	56	5	51	
2	28	11	36	14	16	12	35	7	30	10	48	5	68	6	58	3	24	17	46	8	70	
19	63	4	3	5	69	3	42	7	70	18	62	8	22	10	15	17	41	16	12	
7	58	4	55	11	65	1	67	3	13	14	3	10	38	17	71	18	5	9	50	
16	16	13	49	18	7	8	20	14	33	
14	42	10	1	11	29	4	58	18	35	2	9	6	38	1	5	16	64	
19	60	8	31	7	26	9	68	11	67	5	42	
6	59	14	66	15	74	19	71	7	7	0	22	13	70	
17	6	15	39	9	66	13	25	8	31	10	43	18	65	
15	61	2	52	16	63	6	8	3	57	18	74	1	36	9	33	11	14	7	49	0	25	19	43	
4	64	10	34	16	72	15	66	1	19	3	39	7	20	
14	37	16	31	17	3	3	44	0	63	7	69	4	55	2	18	6	27	8	28	19	16	
1	13	10	66	8	43	17	30	13	32	5	37	6	53	15	65	19	2	0	50	12	26	
13	18	12	8	18	15	16	64	8	6	4	52	14	23	3	53	17	28	10	40	

All component type numbers for each job to be processed by MFPM
9	9	3	23	6	16	7	4	
1	39	9	50	0	33	
3	9	
2	50	3	43	4	37	6	42	0	27	
5	5	
5	26	8	50	
1	6	3	7	2	18	9	17	
6	46	
0	20	3	5	9	15	
5	33	9	32	
4	14	7	5	3	20	
1	44	4	37	3	40	
6	17	0	8	2	15	4	22	5	11	
1	35	2	27	5	26	8	36	4	40	
7	4	6	23	8	8	4	5	0	12	
6	47	
4	15	
8	28	
3	1	1	8	8	4	5	23	9	9	
8	50	4	43	5	35	9	46	
1	13	8	3	3	19	9	17	4	20	
5	36	2	28	1	40	
7	9	8	11	9	10	2	21	
4	38	
0	12	3	11	6	21	
9	48	1	34	
1	15	4	6	8	8	
3	42	2	26	
4	22	
2	28	1	50	
8	25	1	6	3	3	9	7	
4	44	0	30	
4	7	8	3	
7	39	4	45	9	49	0	38	
2	4	7	2	0	22	6	25	
0	46	7	47	
2	20	3	25	
2	40	
1	20	6	9	0	24	3	7	4	13	
3	43	6	34	4	35	2	32	
7	17	5	12	
1	39	6	40	4	31	
6	1	0	22	
6	46	4	49	
4	20	0	21	2	17	8	3	9	9	
4	35	
7	1	4	7	3	3	9	20	
3	37	
4	24	8	22	5	5	0	19	1	15	
0	39	5	34	
9	15	6	5	
8	39	1	30	5	29	9	36	6	43	
6	17	0	22	4	16	1	5	9	14	
8	31	3	29	5	48	
1	21	6	5	2	13	8	7	
0	26	5	41	
2	19	8	21	3	2	
1	48	
3	9	
1	34	
5	19	7	24	3	4	8	14	
4	31	7	47	8	34	
7	24	8	1	
1	50	0	46	7	36	6	41	
5	21	
1	45	
8	12	7	7	9	18	
5	26	2	49	1	48	
2	12	
4	34	6	26	9	37	5	49	8	45	
6	22	1	23	
7	39	4	43	
7	7	
3	27	2	29	6	31	
6	9	1	14	
7	47	
8	7	3	23	5	4	
5	29	8	36	9	40	6	31	
3	16	5	8	
3	45	5	33	
9	13	8	20	2	14	5	6	
3	29	6	49	4	47	0	35	8	38	
6	23	7	5	
6	30	3	32	7	40	0	41	
6	11	8	1	4	15	
4	49	0	28	
0	5	7	4	6	14	
5	30	6	32	8	47	
6	16	7	25	9	1	2	6	5	7	
6	27	
1	4	
9	48	0	35	6	34	
1	25	9	22	0	16	5	3	
2	30	7	47	5	35	6	32	4	45	
2	5	4	2	1	22	
3	31	7	27	4	36	8	42	0	26	
8	17	9	22	1	13	
0	39	2	49	
3	14	
9	28	
8	3	0	13	5	14	9	7	6	1	
2	27	0	43	8	36	3	47	
0	6	6	9	4	8	7	10	
1	45	4	34	3	42	2	43	8	33	
6	9	4	11	7	21	
6	35	5	50	9	39	1	33	
9	4	6	21	4	7	3	23	
5	26	1	47	
3	6	6	5	
7	32	9	39	6	40	
5	1	6	15	0	20	1	3	2	4	
4	37	
1	13	2	17	0	6	8	2	6	16	
5	27	6	34	2	47	8	39	
0	17	3	3	6	2	7	12	
7	37	1	46	2	27	8	31	
4	15	3	18	5	23	7	24	6	25	
0	41	9	42	2	48	7	30	3	49	
0	24	9	15	
6	31	
6	18	2	2	8	19	5	3	
1	30	4	36	6	40	2	44	7	26	
2	4	7	16	
6	26	4	32	1	47	7	36	
9	13	3	17	4	18	5	20	8	7	
6	42	8	29	5	26	7	45	
9	7	
8	27	9	30	
3	2	1	21	6	16	9	6	8	12	
2	26	5	40	0	37	3	49	
8	12	0	6	1	11	
3	33	
5	8	1	2	8	4	
2	36	3	34	
3	12	
5	41	
8	7	7	22	3	15	
5	45	1	32	6	29	0	31	
9	12	8	4	1	22	2	13	
1	44	
8	23	
1	47	8	43	9	39	
0	8	3	2	4	16	2	20	
1	28	8	42	9	48	4	41	
4	16	5	20	0	2	7	23	
5	47	0	33	1	41	4	45	
8	13	
0	40	1	28	
9	9	6	17	
5	35	
1	21	6	17	0	15	
8	33	1	26	3	34	0	30	2	43	
3	11	5	10	7	4	8	20	0	24	
0	28	5	37	
4	23	7	21	9	13	6	14	
3	37	8	31	5	26	
9	25	
1	46	
6	13	7	14	0	15	4	2	
2	40	3	47	6	39	7	35	
3	20	
4	48	
7	6	0	10	4	23	5	1	
9	47	6	49	8	31	5	27	2	32	
6	8	7	24	0	3	1	22	3	17	
9	49	3	30	0	46	1	32	
5	1	
5	37	
6	16	
3	28	9	45	
6	23	0	21	1	10	2	15	
1	49	5	36	7	41	
9	6	0	2	3	11	
5	43	8	36	
5	17	1	8	
2	31	1	48	9	42	4	29	3	49	
2	13	3	6	9	5	1	11	
2	39	5	34	
8	8	
3	29	2	45	
4	12	
9	43	6	38	1	39	7	26	
5	17	
6	27	4	47	
2	7	1	13	4	8	9	5	3	25	
2	27	8	49	
5	24	3	22	
3	45	2	42	6	31	
6	11	9	22	
7	29	9	26	
7	19	8	10	6	25	3	20	
0	37	2	47	7	49	
1	7	9	22	8	11	
8	45	0	34	
4	1	9	10	7	25	
5	27	3	48	
3	9	1	15	9	23	
2	34	8	50	4	37	9	33	
5	2	4	5	
5	30	0	34	1	46	6	43	

Three processing times per job on each machine
The best scenario
139	110	118	
227	96	94	
154	128	277	
38	40	30	
77	35	62	
140	56	157	
26	27	29	
23	49	71	
162	143	186	
151	47	78	
101	184	70	
146	231	414	
85	129	65	
60	195	64	
75	60	119	
91	119	37	
156	186	310	
107	38	149	
61	99	140	
207	156	135	
215	562	247	
346	354	131	
23	27	22	
89	145	123	
156	93	195	
235	353	239	
317	105	102	
218	295	319	
267	277	353	
314	374	188	
197	289	271	
63	83	121	
397	436	150	
226	87	145	
148	94	106	
75	71	42	
318	123	472	
151	174	345	
318	97	122	
84	36	155	
161	382	229	
121	294	254	
110	339	173	
45	78	87	
44	15	24	
118	143	423	
133	116	179	
129	95	89	
211	385	160	
61	76	41	
19	34	80	
69	85	63	
54	84	83	
26	61	60	
201	404	539	
211	160	240	
250	151	114	
34	35	10	
151	131	121	
120	165	313	
270	273	420	
384	112	99	
438	252	183	
485	300	294	
258	241	164	
361	162	155	
196	115	165	
306	354	215	
179	149	170	
346	313	188	
76	57	81	
180	425	184	
210	180	267	
35	69	65	
145	422	157	
58	119	101	
164	210	60	
166	95	312	
481	321	245	
236	333	166	
168	207	88	
95	149	126	
195	132	88	
419	154	277	
109	82	44	
135	157	74	
362	134	257	
125	68	73	
260	233	139	
90	183	140	
302	197	370	
106	184	116	
222	327	327	
135	288	180	
67	118	83	
126	226	196	
82	97	71	
50	16	34	
322	111	450	
93	138	203	
Most likely scenario
224	203	152	
271	131	166	
278	161	287	
72	54	42	
85	60	105	
177	106	171	
28	47	58	
28	96	103	
181	185	313	
174	67	115	
190	198	82	
236	367	534	
94	138	116	
91	265	111	
120	84	153	
130	125	56	
166	308	359	
155	64	188	
99	143	245	
336	181	180	
238	581	415	
376	464	155	
32	28	43	
133	272	188	
278	94	271	
391	364	473	
383	185	130	
286	508	335	
352	304	447	
385	404	227	
347	296	437	
83	152	214	
462	590	175	
227	126	217	
172	176	113	
89	96	80	
458	229	557	
214	324	372	
345	113	135	
86	62	210	
218	383	298	
207	332	471	
125	345	195	
79	121	103	
47	16	38	
133	168	468	
194	125	263	
181	122	169	
215	460	277	
92	88	44	
31	38	87	
87	115	93	
80	103	127	
51	66	101	
241	446	560	
226	225	387	
325	275	117	
39	55	18	
154	158	144	
204	259	450	
404	311	458	
454	198	167	
475	374	262	
575	354	307	
311	247	278	
392	180	205	
250	179	205	
361	525	225	
277	211	229	
391	343	191	
97	80	121	
193	436	336	
323	332	389	
47	83	71	
248	430	291	
78	137	111	
258	350	86	
297	183	347	
515	581	470	
372	532	219	
277	379	131	
98	240	161	
268	138	90	
445	259	305	
208	84	75	
137	174	114	
400	208	350	
151	128	133	
372	299	161	
112	350	245	
402	230	461	
194	206	167	
234	408	485	
218	427	290	
130	165	152	
131	259	250	
109	120	81	
63	21	35	
366	136	496	
163	184	216	
The worst scenario
330	206	158	
383	191	197	
288	191	389	
94	62	62	
87	75	119	
204	108	202	
39	67	84	
34	136	122	
202	188	414	
200	83	147	
241	296	115	
331	374	632	
112	154	122	
131	376	130	
130	98	189	
146	154	78	
243	411	498	
156	69	228	
114	160	284	
474	215	221	
303	688	610	
476	490	170	
47	30	47	
188	368	239	
296	128	272	
392	543	496	
475	268	185	
332	729	403	
360	317	560	
568	579	333	
507	428	554	
84	168	274	
471	864	231	
316	142	243	
202	221	159	
91	128	105	
573	321	558	
291	472	413	
509	133	191	
118	67	275	
260	558	357	
283	482	529	
130	365	276	
102	152	105	
61	23	39	
152	230	477	
211	174	277	
195	168	200	
304	638	400	
135	114	59	
37	42	123	
104	159	127	
82	146	175	
59	70	130	
330	643	715	
308	316	390	
403	410	145	
42	63	20	
179	197	202	
257	305	542	
532	319	602	
510	248	223	
541	489	289	
615	410	361	
434	313	352	
471	227	275	
294	189	211	
449	609	248	
362	263	313	
473	418	238	
145	115	162	
279	468	403	
332	347	413	
61	115	84	
360	456	328	
89	153	153	
259	404	105	
405	213	427	
713	734	678	
539	621	274	
291	542	145	
104	309	234	
283	171	102	
543	355	309	
292	103	91	
171	251	160	
513	223	406	
158	154	169	
396	439	223	
121	448	350	
559	243	564	
229	222	240	
242	532	520	
227	532	391	
163	214	197	
163	313	308	
123	138	98	
88	26	50	
408	179	643	
210	256	320	
