Factories	5	Jobs	100	Machines	3

Total number of component types per job processed by HSPM
9	11	10	6	8	7	12	12	7	7	11	10	9	5	11	9	5	9	7	8	11	10	7	10	11	5	8	12	10	5	5	10	6	5	5	11	5	10	12	10	9	11	6	6	6	5	9	12	7	10	11	11	6	11	12	8	10	6	5	12	6	9	9	11	8	7	11	5	7	10	8	11	9	11	6	10	11	6	5	12	10	9	5	8	10	6	9	6	5	6	11	7	7	9	7	12	7	12	12	6	

Total number of component types per job processed by MFPM
3	3	5	3	4	5	5	4	2	5	5	5	4	3	5	2	5	2	4	2	3	3	5	1	3	4	1	3	3	1	5	4	1	4	5	2	1	5	1	4	3	4	2	4	3	5	5	1	1	2	3	1	1	4	4	3	4	5	2	2	2	1	3	2	4	3	3	1	5	1	4	4	2	5	4	4	2	3	3	3	3	1	1	2	4	5	1	2	2	2	4	1	3	5	5	2	3	1	3	5	5	2	3	2	5	1	2	4	1	3	2	2	2	4	3	3	1	5	3	1	3	3	4	5	2	2	5	2	1	4	3	4	2	2	2	3	3	2	4	1	4	3	4	4	4	3	3	1	1	3	2	5	1	5	3	2	2	3	5	4	4	1	4	3	4	1	3	2	2	1	4	3	5	3	4	4	3	4	4	3	2	1	3	2	3	2	3	2	1	1	2	3	1	4	4	1	1	1	5	3	

All component type numbers for each job to be processed by HSPM
11	32	10	14	15	66	6	18	19	45	0	3	3	36	16	72	7	50	
8	1	6	31	16	27	7	61	3	35	14	14	19	24	2	74	17	12	13	70	18	68	
7	47	14	63	15	62	0	23	10	21	8	25	5	16	3	39	4	61	18	54	
5	73	13	40	16	34	1	57	12	66	9	9	
1	65	4	64	2	47	16	26	8	19	0	32	13	57	6	71	
8	44	6	46	19	42	17	20	7	61	9	21	12	5	
9	54	16	21	10	60	2	61	8	49	18	28	3	55	14	33	17	23	13	37	4	8	0	70	
16	50	14	58	5	7	8	16	11	29	15	67	12	26	13	21	9	44	0	17	4	2	10	4	
1	34	5	15	17	28	18	32	4	56	8	75	11	7	
12	23	4	24	11	49	5	35	18	7	16	66	17	2	
6	37	15	18	4	49	17	35	7	59	11	17	19	4	18	19	9	64	1	61	2	50	
4	12	14	27	12	15	0	7	3	17	8	14	18	31	2	64	15	61	9	70	
1	52	18	59	3	12	7	74	8	33	9	30	10	32	11	73	13	71	
1	52	11	70	2	60	18	38	8	48	
17	20	8	70	7	17	12	64	3	57	15	75	2	22	1	19	5	16	9	36	13	24	
9	61	12	65	10	24	3	11	4	69	7	21	0	58	2	29	11	3	
9	63	4	55	10	72	2	22	15	47	
19	39	4	51	5	27	9	42	18	6	1	7	10	58	13	19	7	25	
9	51	10	74	13	67	3	35	11	10	15	21	14	59	
4	29	1	53	10	16	2	46	3	72	11	43	14	40	13	71	
10	66	7	73	5	71	16	64	15	32	17	2	9	58	18	5	19	55	3	59	1	34	
0	22	16	17	13	62	14	42	5	51	10	54	8	50	3	10	7	70	9	43	
4	58	2	46	12	59	9	47	7	19	8	21	0	2	
3	58	13	21	8	67	16	1	12	36	18	43	7	17	6	53	4	61	9	52	
17	22	9	24	13	39	11	1	10	60	12	17	3	36	16	75	8	67	18	11	15	18	
16	21	9	42	3	51	0	10	11	24	
15	56	6	13	13	37	19	16	0	25	5	36	18	26	12	2	
13	61	18	28	10	59	14	9	0	56	16	34	12	53	19	10	2	6	17	58	11	12	4	51	
18	32	2	7	19	27	10	67	5	60	4	3	12	50	11	6	16	46	3	41	
13	42	15	23	11	8	16	65	3	25	
18	72	17	3	2	15	19	69	4	18	
1	13	3	24	10	61	8	71	13	36	7	6	12	5	17	67	9	32	5	25	
3	71	9	57	15	36	2	6	11	5	6	31	
13	47	9	40	17	67	5	32	1	72	
16	38	0	75	17	69	8	23	7	10	
14	59	7	5	8	31	5	66	16	43	6	11	0	70	10	38	19	7	12	32	11	26	
3	30	5	6	14	35	9	20	17	48	
13	53	15	46	5	60	6	75	19	19	3	22	16	17	18	7	17	24	12	50	
17	2	3	3	12	4	1	63	10	16	9	6	18	68	4	35	7	47	6	20	19	37	14	31	
4	31	7	7	9	1	2	21	12	28	15	14	18	33	10	12	5	41	0	17	
12	69	3	43	2	75	19	74	14	49	6	33	4	3	9	19	11	45	
17	58	19	68	4	39	11	46	2	72	6	49	1	37	7	27	13	74	9	59	3	31	
14	70	7	40	4	71	16	47	8	2	1	23	
11	42	7	16	14	43	4	60	3	64	1	13	
5	12	7	64	9	47	18	36	15	58	14	22	
15	40	18	30	2	11	11	36	4	53	
17	45	7	8	12	21	18	65	2	34	4	19	5	23	11	55	3	16	
13	72	4	12	17	11	12	59	15	4	8	47	14	6	11	36	5	23	10	70	7	25	6	66	
9	48	7	64	12	31	15	67	6	6	4	23	11	75	
15	41	19	51	2	9	6	18	17	27	3	59	11	48	8	69	13	54	5	44	
14	62	16	33	8	15	1	10	15	71	6	45	7	18	17	39	4	58	0	67	5	52	
0	45	9	21	19	15	12	74	2	53	7	41	15	60	5	36	17	7	11	37	4	52	
14	38	9	20	11	33	15	53	19	9	6	65	
5	18	13	9	1	38	7	20	2	43	19	32	0	30	3	29	18	46	17	70	11	35	
18	64	5	63	14	6	0	8	17	17	4	35	8	5	1	55	16	10	3	43	15	9	11	41	
12	18	17	50	18	35	15	31	4	34	0	13	14	68	3	14	
3	13	18	1	11	61	17	65	12	43	10	28	9	60	6	33	0	46	7	35	
12	65	2	62	19	66	5	57	6	60	10	29	
17	56	18	32	9	63	2	46	10	17	
5	39	14	50	4	37	8	31	2	34	17	2	16	42	10	53	7	10	11	43	9	54	0	9	
4	4	16	57	8	14	6	5	2	33	10	32	
19	18	10	75	18	32	1	27	14	45	5	30	17	65	9	39	12	28	
11	40	7	21	10	48	4	22	12	59	8	60	0	38	18	19	6	74	
0	68	2	38	18	46	4	61	12	1	5	60	3	15	16	53	1	17	11	62	17	72	
13	5	18	56	2	38	16	24	3	59	17	32	5	3	12	33	
2	1	14	63	8	4	10	69	6	30	5	42	12	51	
6	4	17	28	18	3	15	23	5	13	12	17	9	21	19	53	1	48	13	29	0	35	
10	32	2	15	5	41	0	17	6	43	
1	30	13	71	10	54	6	46	8	67	2	37	9	22	
6	43	13	68	1	71	4	69	12	28	2	70	0	65	9	10	10	3	5	1	
16	39	7	23	9	10	14	43	1	20	19	49	3	18	17	72	
3	19	1	12	15	21	7	14	4	68	8	56	11	13	16	25	17	15	6	34	0	23	
4	65	16	51	0	44	14	73	5	15	12	56	13	59	15	61	8	66	
12	74	5	42	7	66	4	31	11	56	1	13	0	25	18	46	6	36	10	12	8	11	
0	68	19	42	10	47	1	9	7	70	3	31	
0	55	19	70	14	75	9	68	17	1	3	60	4	26	10	21	12	35	13	66	
6	44	17	17	10	50	15	36	13	34	7	14	8	66	11	73	19	53	5	20	18	47	
16	36	7	43	2	5	1	1	4	51	5	14	
10	55	4	9	7	2	6	1	19	27	
15	56	14	21	18	44	19	75	3	68	6	47	12	25	11	10	2	19	13	16	17	24	16	18	
18	5	17	71	12	51	19	27	3	75	14	72	15	29	11	19	13	21	16	20	
7	6	5	70	3	5	10	56	15	52	17	13	8	35	4	39	1	15	
5	31	2	46	12	53	9	29	17	36	
12	54	7	3	1	68	14	45	3	65	9	23	17	73	2	64	
12	70	9	5	10	59	13	58	14	13	16	75	15	8	17	53	19	57	3	43	
10	35	18	37	8	29	11	43	6	18	4	51	
19	42	5	30	10	22	16	33	11	66	8	49	15	59	12	25	6	74	
12	55	8	22	9	9	3	74	17	28	6	21	
2	36	17	73	14	35	9	66	1	52	
12	74	4	67	11	11	3	39	0	17	7	72	
16	17	11	1	17	71	8	44	15	70	3	52	12	37	9	68	0	61	6	5	13	46	
2	64	18	14	8	17	13	50	5	69	12	60	7	53	
18	45	17	57	11	6	12	4	7	36	2	47	5	21	
9	24	1	58	4	54	10	27	8	32	6	71	14	10	12	9	7	66	
19	54	14	48	1	73	2	43	0	8	11	46	8	75	
17	32	15	66	2	24	8	10	14	64	10	37	9	56	3	19	4	61	7	30	1	7	18	28	
7	22	13	29	14	73	3	26	10	40	8	72	12	30	
16	2	15	12	17	49	12	35	10	73	3	11	18	14	13	13	7	26	0	56	4	30	8	40	
4	15	8	61	14	48	13	20	16	26	15	62	10	29	0	13	19	32	12	67	17	43	3	38	
6	54	15	64	10	28	4	57	2	14	8	10	

All component type numbers for each job to be processed by MFPM
1	21	2	5	8	16	
5	45	7	42	8	26	
2	9	7	17	6	1	8	4	4	21	
2	34	1	40	4	44	
8	24	4	25	6	4	9	8	
7	40	2	32	5	38	1	37	3	43	
8	15	2	7	3	6	1	20	9	17	
8	30	6	31	4	26	5	46	
2	9	4	16	
2	42	0	48	1	47	5	30	9	26	
6	20	4	9	1	3	0	12	7	7	
6	45	5	49	9	42	2	48	0	35	
7	8	9	15	6	1	2	7	
0	45	7	38	8	39	
3	3	0	1	6	22	5	25	7	21	
6	27	2	44	
2	9	1	24	6	6	5	15	8	1	
4	38	9	48	
0	24	8	1	4	16	7	9	
6	38	3	27	
1	13	4	16	9	5	
2	48	1	46	5	37	
9	14	3	21	5	6	4	16	1	1	
9	46	
0	18	7	23	8	5	
8	42	3	50	6	49	4	31	
9	20	
5	31	7	36	2	39	
2	13	9	1	6	18	
3	50	
7	16	2	15	6	2	8	19	0	8	
3	38	7	44	6	29	2	40	
4	20	
1	30	5	44	2	29	8	35	
6	25	3	15	7	8	5	11	1	6	
5	34	0	42	
3	4	
6	50	7	32	2	38	9	26	5	46	
9	6	
8	35	1	42	0	46	5	43	
3	19	2	11	9	1	
2	43	5	42	7	35	3	26	
8	18	2	13	
3	37	0	49	1	30	2	39	
2	8	9	14	8	5	
7	43	9	47	1	28	2	42	6	35	
1	12	4	9	8	10	9	20	6	7	
8	36	
5	14	
2	35	4	40	
7	3	9	23	8	18	
3	36	
9	24	
6	28	7	48	1	38	9	47	
7	14	6	25	4	5	1	12	
6	29	5	39	9	36	
0	5	3	1	6	25	4	21	
2	33	6	47	9	36	8	32	3	30	
2	22	8	16	
1	44	2	39	
9	4	6	11	
4	30	
4	2	7	8	5	17	
4	33	2	47	
9	2	6	7	8	19	2	6	
6	34	3	47	7	35	
0	5	1	23	6	25	
2	33	
9	16	1	25	5	23	6	8	3	9	
0	32	
1	16	6	12	4	23	5	6	
3	45	4	34	7	50	2	29	
8	24	4	14	
1	31	7	43	6	49	2	42	5	50	
7	8	8	20	2	7	0	25	
1	32	4	31	9	40	0	37	
9	6	4	5	
1	47	5	48	0	45	
4	5	9	15	1	7	
5	38	9	46	3	42	
8	21	7	19	9	9	
8	38	
9	23	
9	49	0	37	
7	11	0	19	5	17	6	5	
1	27	8	30	4	37	9	36	0	47	
2	3	
9	41	4	45	
5	15	8	23	
4	36	1	27	
6	12	4	9	1	21	3	3	
7	50	
1	14	3	15	9	20	
6	28	1	27	5	32	2	50	9	38	
6	19	9	3	0	13	1	14	4	25	
3	47	1	41	
2	10	1	22	4	21	
1	31	
9	5	2	14	3	23	
4	30	6	33	9	41	3	34	0	40	
4	17	2	21	8	6	5	11	6	8	
0	30	1	49	
4	19	8	15	9	6	
0	48	1	46	
2	19	7	17	4	18	5	2	1	14	
9	33	
0	10	3	1	
0	27	3	31	5	48	1	50	
8	9	
6	49	5	27	0	30	
4	21	3	24	
1	32	6	45	
0	23	2	15	
8	46	6	32	2	38	7	31	
9	4	2	6	6	9	
8	42	0	31	2	41	
2	22	
6	38	1	46	7	37	5	27	0	34	
0	18	1	23	2	5	
6	50	
3	22	1	10	0	5	
6	45	9	27	3	35	
2	22	6	18	0	3	7	11	
1	48	4	34	0	33	2	44	6	31	
9	4	6	23	
2	28	3	44	
2	6	8	10	9	15	6	5	7	7	
4	42	1	38	
4	3	
4	27	7	47	6	48	9	33	
3	24	8	10	1	2	
4	39	6	27	1	50	3	31	
6	17	4	6	
0	45	2	31	
9	12	0	2	
5	47	7	37	0	46	
3	20	1	2	8	12	
0	48	2	37	
8	12	4	22	0	18	3	23	
5	43	
4	19	2	3	7	25	1	5	
0	38	9	32	4	43	
6	7	5	12	2	21	9	16	
0	43	8	35	3	37	1	32	
0	9	3	7	2	13	6	12	
5	30	1	29	0	43	
8	24	4	17	6	21	
2	28	
6	23	
6	46	5	44	9	47	
2	10	7	9	
7	35	0	41	5	29	8	33	9	39	
1	6	
4	27	2	31	0	39	5	42	8	50	
5	10	2	21	1	17	
7	36	8	50	
8	7	4	5	
7	49	8	48	4	38	
3	19	1	9	0	24	5	4	8	13	
4	33	8	36	2	42	0	46	
0	20	7	13	8	22	6	21	
0	45	
8	2	5	3	9	20	1	5	
2	40	0	48	5	36	
4	14	8	18	6	2	1	6	
0	38	
6	2	9	12	8	15	
7	50	4	38	
9	23	1	3	
4	48	
1	7	0	12	6	9	4	5	
8	38	2	40	5	42	
0	15	9	11	4	7	1	13	7	4	
4	29	3	27	0	47	
3	11	4	6	7	2	8	21	
7	29	2	39	0	30	8	31	
2	25	8	24	4	18	
0	37	8	30	6	35	3	40	
0	21	1	7	6	14	8	19	
4	38	6	41	7	50	
0	23	6	25	
0	33	
5	12	0	1	7	19	
1	33	7	39	
3	4	4	11	7	9	
5	31	4	26	
2	6	3	2	5	14	
6	38	5	45	
8	7	
4	50	
3	23	7	7	
4	50	8	33	3	31	
2	13	
6	39	5	46	0	34	3	30	
9	22	2	6	8	13	5	14	
9	34	
5	6	
7	39	
0	3	5	20	2	15	6	8	9	12	
1	46	0	45	9	36	

Three processing times per job on each machine
The best scenario
106	162	180	
630	141	252	
660	868	324	
152	199	79	
263	341	391	
408	1048	1411	
216	228	118	
111	181	141	
859	935	331	
333	225	426	
282	119	269	
602	322	334	
322	565	562	
106	379	204	
838	319	846	
540	315	360	
187	305	273	
851	284	755	
470	395	378	
461	249	377	
135	131	59	
356	500	174	
190	150	214	
636	393	552	
134	473	424	
219	241	318	
98	89	86	
244	612	815	
396	292	124	
129	207	232	
864	523	569	
251	650	491	
759	698	456	
1287	606	259	
330	360	320	
1140	311	1145	
879	790	320	
411	555	599	
446	191	462	
206	118	224	
133	58	71	
605	961	435	
887	827	784	
776	605	232	
907	1074	428	
321	174	250	
421	240	376	
107	77	123	
155	281	625	
524	967	633	
132	149	244	
185	229	328	
573	287	295	
436	770	512	
55	73	46	
741	442	596	
194	109	258	
109	73	94	
630	695	776	
389	79	272	
962	220	484	
968	874	629	
565	779	929	
620	113	640	
427	357	98	
464	505	1104	
171	107	158	
796	685	687	
285	369	94	
335	179	314	
1136	910	955	
463	508	344	
362	364	690	
769	216	213	
643	474	99	
88	135	56	
155	99	241	
269	237	507	
979	562	775	
529	442	416	
382	233	525	
817	1047	582	
475	417	720	
737	935	692	
740	848	418	
605	452	332	
127	159	47	
414	754	636	
250	635	632	
516	550	470	
490	869	145	
307	234	307	
560	475	511	
283	346	283	
384	631	738	
576	410	311	
300	397	271	
642	624	448	
615	276	191	
367	302	476	
Most likely scenario
124	207	342	
656	221	265	
719	1062	455	
199	206	95	
362	528	433	
549	1453	1435	
430	263	169	
179	292	227	
1029	1420	589	
523	400	517	
374	179	392	
629	341	438	
546	1025	871	
147	457	233	
1045	565	897	
685	570	374	
246	365	417	
964	301	820	
634	518	393	
724	338	411	
197	175	67	
600	625	238	
259	277	217	
652	436	863	
164	566	461	
238	427	437	
133	94	166	
424	626	1122	
490	487	182	
253	281	333	
940	1010	963	
298	815	653	
921	784	803	
1385	832	451	
424	525	447	
1287	469	1352	
1190	1252	504	
747	952	602	
630	335	566	
307	228	267	
247	74	75	
656	1275	581	
1383	857	1364	
1341	620	344	
1200	1332	697	
357	221	277	
481	423	687	
145	97	154	
286	323	717	
713	1044	682	
245	265	282	
361	339	359	
688	358	568	
816	1161	619	
57	127	57	
785	608	807	
303	170	399	
180	84	159	
982	818	1459	
456	156	354	
1115	371	609	
1059	976	800	
601	861	959	
634	220	701	
440	525	168	
740	862	1216	
186	136	271	
1162	737	767	
298	382	164	
343	199	328	
1466	1092	1224	
830	918	450	
475	491	721	
1138	323	354	
749	681	183	
110	153	63	
268	187	294	
386	305	931	
1132	1007	1157	
1051	764	758	
691	350	554	
1064	1056	699	
485	557	802	
917	1103	1141	
1099	1082	506	
856	767	544	
145	187	52	
826	1336	662	
279	700	803	
670	1041	572	
941	1026	281	
422	351	460	
707	557	705	
345	411	506	
479	1144	796	
777	760	560	
362	406	341	
945	728	558	
703	403	308	
407	379	572	
The worst scenario
169	214	426	
877	280	365	
804	1587	658	
268	220	128	
427	625	555	
714	1506	1688	
453	323	194	
238	408	326	
1503	1911	845	
658	543	604	
527	208	545	
662	350	471	
644	1194	1214	
166	593	308	
1365	707	1198	
994	851	381	
323	538	525	
1301	411	1180	
897	551	521	
909	399	492	
280	211	95	
621	912	340	
366	337	302	
932	568	996	
230	829	539	
288	460	584	
160	136	212	
455	803	1242	
716	599	233	
373	381	387	
1102	1147	1334	
425	927	756	
1008	1077	1169	
1807	924	493	
545	531	535	
1688	496	1765	
1357	1549	655	
815	1341	681	
936	439	730	
435	335	342	
269	97	112	
738	1499	742	
1466	1064	1679	
1364	778	443	
1742	1825	725	
411	242	341	
706	521	911	
214	107	192	
337	364	1073	
747	1122	700	
261	344	343	
373	377	414	
697	524	681	
948	1358	829	
67	168	58	
976	770	931	
419	243	409	
246	116	221	
1302	946	2148	
501	177	359	
1307	473	770	
1319	1152	1023	
782	1139	1073	
739	242	1006	
639	720	187	
819	882	1473	
272	190	343	
1520	772	1135	
371	456	180	
374	289	448	
1706	1349	1751	
1159	1001	526	
656	704	851	
1269	399	510	
906	765	247	
146	157	76	
370	256	299	
482	349	1117	
1258	1230	1492	
1113	1097	916	
923	400	727	
1288	1343	700	
556	745	893	
1315	1648	1507	
1396	1106	632	
1058	862	736	
159	228	78	
1143	1689	783	
314	1045	1049	
975	1064	727	
993	1297	353	
461	435	613	
799	604	1042	
496	443	571	
508	1300	1152	
913	1064	659	
472	488	371	
1141	1035	805	
935	441	424	
610	487	746	
