Factories	6	Jobs	100	Machines	3

Total number of component types per job processed by HSPM
11	7	8	6	10	8	7	12	12	5	9	7	11	9	7	10	7	8	5	5	8	8	11	9	10	5	7	12	10	10	8	8	9	12	6	8	7	9	8	10	10	10	6	11	6	5	9	7	7	6	7	8	5	6	11	10	7	12	5	12	12	12	6	9	5	5	6	8	7	8	10	8	8	5	8	8	8	8	12	6	10	12	8	7	10	6	8	7	9	6	12	9	7	10	9	8	8	11	10	7	

Total number of component types per job processed by MFPM
3	4	5	1	3	4	5	2	5	3	1	3	5	2	4	3	1	4	4	2	2	5	2	3	3	2	3	3	2	5	2	5	5	4	4	3	4	1	2	2	2	1	4	1	4	2	5	4	5	4	5	5	1	2	3	2	5	3	1	4	2	3	4	4	3	3	3	5	2	3	3	4	1	4	4	1	3	3	2	3	3	1	2	5	1	1	2	3	4	2	2	2	5	1	5	2	4	2	2	2	1	3	2	3	3	5	4	3	4	2	5	3	3	3	4	5	4	3	1	2	2	5	1	4	5	2	1	2	2	3	4	1	2	3	3	4	5	3	3	5	1	4	1	2	1	4	3	2	4	3	3	3	5	3	5	3	4	2	5	3	5	5	3	4	2	2	2	4	2	3	2	2	2	4	5	4	1	5	4	5	1	2	5	5	4	4	1	4	2	4	3	4	4	4	2	5	3	4	4	5	

All component type numbers for each job to be processed by HSPM
15	19	6	62	16	29	5	40	11	5	19	8	4	72	1	66	18	37	13	63	0	9	
19	38	4	54	15	4	11	53	5	58	9	73	8	72	
11	45	7	71	15	12	8	67	1	5	12	13	6	36	10	23	
15	45	0	21	7	52	6	64	17	73	11	34	
15	49	13	37	14	9	5	59	9	32	1	5	12	21	10	34	19	42	11	58	
14	60	18	6	11	31	9	53	16	2	5	22	3	1	8	72	
7	32	14	47	9	23	18	9	8	1	0	48	1	27	
7	23	15	46	11	28	10	17	4	67	1	41	19	1	3	45	18	29	6	54	0	13	13	11	
15	61	3	23	0	75	18	57	7	22	13	42	12	27	19	24	1	48	17	34	4	47	5	67	
5	42	4	44	0	29	12	25	10	19	
7	26	19	27	11	65	0	8	1	4	2	56	17	40	12	3	18	68	
13	67	9	16	1	71	19	65	12	53	2	38	18	52	
11	73	0	47	19	21	6	66	3	41	14	12	10	48	4	28	2	50	7	58	8	16	
18	8	0	33	9	1	16	70	11	56	6	18	17	64	7	46	12	54	
17	32	11	51	4	37	12	38	19	41	14	56	15	21	
16	28	0	25	1	35	4	24	14	27	15	26	6	19	12	4	13	20	8	14	
12	60	11	53	0	1	18	6	7	36	3	68	16	54	
11	54	15	49	5	15	0	32	4	57	19	11	7	17	10	30	
2	47	7	62	9	14	3	28	19	50	
18	62	5	30	12	32	19	68	16	69	
16	24	12	19	10	28	8	56	14	8	6	9	3	12	13	43	
19	4	6	17	11	43	1	9	14	69	7	38	13	34	9	57	
11	43	3	55	8	33	5	27	19	60	15	65	7	25	18	44	14	24	1	9	16	19	
7	30	13	8	8	70	17	75	9	68	15	40	0	64	18	41	10	31	
13	21	3	35	4	45	10	64	16	49	19	66	17	15	5	69	6	53	1	65	
17	27	10	1	5	42	7	33	3	26	
13	29	15	41	19	30	1	51	18	71	3	32	16	7	
11	11	3	30	7	65	5	14	15	42	0	36	8	13	9	62	6	67	2	68	19	7	13	54	
14	40	0	73	5	37	10	15	18	55	6	64	19	5	4	67	1	10	15	48	
14	2	8	4	1	1	10	35	6	42	16	63	15	70	5	28	17	74	18	62	
5	44	10	22	9	5	18	56	1	50	8	43	15	48	13	18	
16	33	14	32	8	62	18	69	19	38	13	19	3	51	10	22	
2	46	13	51	0	49	11	41	10	44	18	69	9	9	15	17	7	11	
6	18	1	44	16	4	0	3	12	73	9	54	3	59	2	12	17	7	14	37	5	2	7	19	
15	65	13	22	10	62	17	45	3	25	2	75	
3	24	13	70	16	1	4	53	5	54	1	18	18	69	19	66	
0	45	8	6	5	65	2	22	12	44	9	7	15	55	
5	14	16	6	17	29	8	21	0	28	6	5	12	67	9	71	14	45	
11	71	9	26	4	56	7	46	13	25	1	64	12	38	0	59	
16	59	19	18	14	41	9	21	12	71	4	47	11	46	0	75	5	13	7	54	
6	45	15	73	3	1	0	14	10	40	16	55	17	24	4	7	7	49	8	5	
13	36	19	5	18	57	5	37	10	39	7	13	12	12	6	45	14	31	0	24	
5	36	6	39	0	27	14	21	10	5	2	73	
3	48	10	50	2	35	13	55	4	2	0	30	5	1	14	63	15	38	17	36	7	52	
2	64	1	65	9	39	5	57	8	51	15	70	
4	51	3	47	16	44	12	69	7	66	
16	75	14	67	6	69	1	33	12	36	19	29	5	22	11	45	4	27	
19	73	12	53	6	12	1	47	0	5	3	71	2	14	
16	62	17	18	8	5	4	12	19	73	2	46	18	40	
4	60	15	7	7	67	11	51	18	28	17	58	
18	48	5	28	0	56	4	71	9	64	6	70	7	30	
6	33	16	52	9	48	1	75	10	65	11	11	13	73	0	74	
7	61	19	40	3	22	4	55	10	15	
11	32	2	34	6	39	8	60	15	13	9	50	
9	45	2	25	3	5	15	44	17	55	6	70	14	43	18	38	19	63	0	42	7	46	
14	68	11	39	2	47	4	7	19	36	16	71	1	57	0	44	6	65	10	14	
0	32	1	30	15	20	9	37	13	61	12	34	3	2	
5	11	11	65	13	60	7	48	2	51	15	74	9	49	19	70	10	15	0	24	14	9	8	25	
4	13	0	10	5	8	14	33	6	44	
5	4	8	57	0	68	11	7	2	2	18	39	19	1	6	50	17	30	3	67	14	26	12	14	
11	33	0	39	15	16	19	21	7	38	10	30	12	18	9	50	8	42	6	7	13	19	18	37	
16	28	4	59	5	6	12	3	15	19	0	56	6	5	8	13	19	17	17	35	13	34	14	48	
6	72	15	25	11	67	4	36	17	21	9	8	
4	58	0	68	7	8	2	30	8	19	6	33	15	38	1	9	17	16	
14	52	12	41	10	57	5	14	17	4	
0	21	15	70	8	55	12	46	9	2	
5	36	12	15	9	26	1	20	18	38	11	17	
0	20	4	63	11	27	15	54	9	50	2	42	18	38	14	39	
18	48	9	33	8	67	3	24	5	73	2	72	13	36	
2	4	12	36	0	6	16	57	17	64	8	43	3	54	11	29	
0	16	5	73	10	43	11	9	18	17	19	20	15	63	2	11	6	14	9	31	
12	63	16	65	15	36	19	35	3	57	8	49	14	16	7	1	
18	32	14	75	3	64	8	54	5	29	16	7	9	73	15	37	
12	43	18	3	5	1	7	32	6	53	
9	40	16	21	19	23	7	13	10	53	1	68	17	50	11	66	
13	59	11	61	17	15	18	48	16	25	15	7	0	62	10	2	
9	7	13	40	2	9	17	33	14	28	3	6	5	17	19	47	
6	17	4	53	17	22	2	56	12	45	1	4	9	39	13	33	
6	35	10	11	9	40	18	51	8	21	17	56	3	9	13	69	15	55	4	70	0	54	1	39	
9	61	10	26	19	56	7	73	15	39	1	14	
0	59	14	58	3	64	17	36	19	54	9	2	11	46	4	53	10	66	5	34	
15	74	14	51	8	41	16	11	18	26	2	40	0	75	9	47	17	2	13	16	3	35	5	44	
12	55	19	10	8	11	2	61	4	20	7	5	17	22	5	21	
5	22	10	58	17	56	0	74	15	62	3	14	12	15	
18	72	12	60	1	34	3	28	10	37	0	22	4	24	15	14	2	26	6	5	
0	43	18	6	9	4	14	50	13	65	1	55	
7	68	10	16	4	18	9	56	19	37	18	61	11	12	3	8	
15	65	3	49	16	61	8	59	19	22	7	75	0	35	
16	63	13	5	11	55	1	45	7	51	2	50	19	12	17	8	6	53	
2	49	7	43	3	33	15	56	10	25	5	34	
12	14	15	67	19	32	17	51	1	39	13	5	11	8	0	21	9	63	7	56	8	73	14	20	
2	44	16	21	0	46	19	63	18	54	6	74	3	53	9	20	15	6	
19	4	8	67	12	3	17	15	13	16	14	54	4	18	
2	58	10	12	19	8	18	32	7	65	11	45	3	56	15	71	17	40	14	36	
6	70	4	40	14	29	7	54	11	7	2	64	18	61	16	47	13	41	
13	36	3	75	11	7	16	58	6	21	7	17	17	53	1	54	
5	12	3	27	9	61	13	40	11	21	6	55	8	18	10	63	
17	47	7	75	10	66	9	2	18	73	2	68	15	41	19	39	11	45	14	5	1	44	
18	47	8	42	15	44	10	40	1	26	5	67	7	14	12	55	0	13	17	65	
12	9	17	20	18	6	3	65	5	52	13	62	14	21	

All component type numbers for each job to be processed by MFPM
2	7	9	20	5	1	
8	34	7	46	1	27	9	40	
9	19	4	9	8	23	1	2	3	16	
1	27	
2	6	8	10	6	4	
4	31	1	26	2	46	3	32	
4	8	8	6	6	11	9	21	7	12	
4	28	1	38	
1	18	4	17	6	15	0	10	5	11	
6	35	7	44	4	33	
3	8	
9	45	4	27	2	47	
7	19	1	9	8	3	5	7	0	16	
6	30	5	36	
9	8	8	11	4	21	0	4	
6	50	1	45	8	36	
8	21	
8	47	4	30	7	32	3	33	
7	9	3	17	8	13	2	1	
3	33	0	36	
0	1	2	22	
1	44	4	41	7	46	6	49	2	48	
9	17	2	25	
0	34	3	32	2	46	
8	11	4	14	6	19	
4	32	5	36	
6	7	1	2	2	5	
2	28	7	27	1	50	
5	9	7	24	
9	35	8	48	7	40	6	26	4	39	
5	13	4	9	
9	29	6	31	1	32	4	38	0	46	
8	8	5	23	4	12	7	16	2	6	
2	33	8	48	9	31	5	42	
8	13	7	5	3	16	2	2	
8	40	5	29	3	45	
2	23	3	9	7	6	5	4	
7	48	
6	2	7	1	
6	39	0	49	
8	5	3	23	
4	49	
5	13	4	9	0	4	2	2	
3	29	
3	20	1	19	0	9	4	2	
3	46	7	49	
3	15	8	8	7	17	2	2	1	7	
8	41	3	46	6	47	2	37	
1	6	6	2	3	25	9	15	8	12	
2	36	1	43	0	41	6	39	
6	11	7	19	5	12	3	13	8	22	
2	37	6	50	3	36	8	32	1	31	
2	10	
4	47	1	38	
3	13	5	9	6	8	
3	28	0	47	
1	6	4	25	9	14	7	23	2	16	
5	47	4	38	6	37	
9	13	
3	31	6	49	2	39	5	30	
8	7	6	5	
3	33	9	27	8	26	
6	8	9	15	1	17	3	3	
0	38	8	26	1	32	4	49	
9	16	1	11	6	22	
3	44	7	32	1	37	
7	24	6	20	2	25	
4	35	8	45	6	36	2	28	1	29	
5	24	9	19	
8	39	6	36	3	44	
3	4	9	9	1	7	
7	50	9	35	0	34	3	37	
0	8	
4	50	6	42	7	45	8	27	
6	11	9	2	1	4	5	21	
6	44	
1	18	5	14	2	2	
3	36	6	34	2	39	
4	9	1	2	
9	31	7	27	4	26	
8	16	3	1	2	19	
2	35	
1	14	0	8	
9	30	0	39	4	34	6	47	3	37	
6	9	
1	32	
2	10	6	16	
8	30	5	40	4	47	
4	21	3	12	6	4	8	18	
5	43	3	28	
1	2	0	11	
6	50	4	42	
8	25	6	19	4	22	3	8	2	11	
6	40	
1	22	5	10	3	12	2	21	8	9	
9	32	8	28	
1	16	0	17	9	21	6	6	
2	28	4	44	
7	3	8	16	
3	40	9	32	
5	10	
8	29	5	45	0	41	
8	20	5	7	
7	49	3	36	0	48	
7	25	6	5	3	24	
5	36	3	39	6	31	7	27	2	30	
4	23	3	5	5	22	7	6	
0	39	6	46	8	50	
8	20	9	16	4	21	5	9	
9	44	4	48	
0	13	3	6	9	24	7	1	6	14	
5	49	2	37	6	39	
4	22	1	3	2	1	
1	35	0	41	6	28	
4	14	7	19	5	15	8	6	
7	27	9	35	2	28	0	50	5	41	
6	21	7	19	0	24	1	11	
8	42	2	40	9	50	
8	16	
3	39	4	32	
3	12	9	23	
4	32	9	29	0	37	3	39	7	47	
1	19	
7	36	0	46	6	35	2	43	
0	18	8	4	6	13	1	6	3	19	
9	44	5	35	
1	11	
2	26	8	48	
9	16	0	21	
5	38	0	37	4	49	
8	4	5	10	0	16	7	19	
4	26	
8	6	7	20	
8	50	6	34	9	33	
0	22	5	3	4	10	
3	38	7	49	0	33	5	43	
6	16	1	1	0	6	5	3	2	13	
3	32	4	42	7	50	
5	5	2	2	6	22	
7	46	3	42	1	47	6	43	2	32	
6	14	
6	35	1	34	3	39	7	37	
5	20	
0	35	1	29	
1	8	
7	40	1	30	6	29	5	33	
4	21	3	9	9	10	
0	45	1	36	
9	8	7	2	1	9	6	25	
1	39	0	38	9	49	
9	23	7	25	1	12	
7	28	0	34	9	36	
8	13	4	22	7	3	2	9	6	4	
0	41	6	38	3	35	
6	6	4	25	0	4	2	21	1	7	
2	45	9	29	5	42	
3	13	6	18	7	14	8	1	
3	42	9	28	
5	20	0	25	1	3	8	9	7	22	
6	35	7	32	0	40	
9	2	6	8	8	6	3	10	7	17	
9	43	7	48	3	34	6	47	2	32	
0	2	1	10	4	23	
5	32	2	28	7	39	9	45	
4	25	3	17	
7	37	5	46	
2	1	6	22	
2	42	8	34	7	31	9	26	
1	8	4	19	
6	42	2	35	1	39	
2	19	7	17	
0	40	2	37	
5	24	0	2	
9	48	4	50	7	29	1	41	
0	1	9	12	6	11	8	7	1	24	
2	33	3	28	0	26	8	46	
2	15	
4	27	0	36	6	46	1	39	9	32	
7	21	5	9	3	15	1	12	
6	30	5	39	0	46	9	27	2	48	
8	8	
4	34	3	50	
5	25	4	21	3	22	1	23	9	17	
9	32	5	39	1	34	4	35	0	46	
9	6	0	3	5	15	3	24	
3	43	2	37	4	35	8	29	
7	22	
6	27	0	35	2	36	4	30	
9	12	1	19	
3	26	4	38	9	33	2	27	
0	12	2	4	7	3	
3	46	8	45	6	29	4	36	
6	6	2	3	7	8	1	5	
8	46	1	43	3	41	0	33	
4	10	5	7	
7	32	9	39	1	50	3	36	8	29	
3	12	2	2	9	9	
2	41	9	44	7	29	6	46	
8	16	6	12	9	14	7	6	
0	39	5	42	2	44	9	33	8	30	

Three processing times per job on each machine
The best scenario
188	289	614	
273	382	615	
469	300	761	
560	575	694	
281	281	328	
605	318	330	
167	94	161	
458	152	427	
274	154	219	
1086	304	375	
499	612	742	
111	244	187	
694	773	275	
369	146	796	
286	688	184	
182	128	182	
884	577	278	
562	806	315	
207	227	326	
108	144	51	
219	240	489	
220	292	135	
1016	522	834	
830	632	821	
302	242	242	
1094	669	903	
150	181	291	
234	803	887	
630	539	457	
551	238	336	
1117	348	965	
752	981	590	
652	240	260	
754	254	499	
213	125	227	
1115	987	523	
447	352	408	
853	406	329	
156	790	450	
352	966	1006	
346	202	859	
451	456	281	
182	546	541	
922	337	609	
509	861	1002	
331	715	1319	
228	105	188	
348	436	583	
188	439	598	
415	448	183	
730	702	830	
63	39	68	
156	104	202	
132	40	57	
526	343	794	
261	274	704	
465	227	496	
91	82	63	
546	353	481	
856	745	926	
197	329	228	
297	220	159	
570	375	449	
354	629	686	
54	183	109	
830	937	1067	
298	634	240	
333	137	663	
286	502	509	
934	210	219	
441	161	267	
357	237	586	
388	702	165	
114	213	147	
249	536	471	
357	106	268	
782	795	609	
445	859	1038	
94	85	133	
205	256	100	
344	554	721	
205	186	281	
243	386	398	
145	334	328	
166	162	262	
388	248	85	
633	734	298	
247	561	658	
1117	509	703	
207	377	93	
756	483	1266	
985	841	380	
652	307	451	
111	63	148	
565	697	307	
718	680	1035	
272	283	167	
180	195	194	
543	556	1278	
712	322	375	
Most likely scenario
374	389	752	
525	407	964	
600	477	1043	
803	792	859	
316	308	559	
616	493	409	
255	188	204	
587	243	447	
345	189	243	
1098	456	596	
569	626	816	
211	337	280	
1190	894	418	
570	281	903	
416	913	358	
241	211	238	
1192	586	537	
575	964	551	
224	282	357	
120	206	90	
325	393	597	
294	340	153	
1340	802	1341	
841	913	858	
327	299	376	
1107	1338	922	
189	289	542	
333	903	1050	
1007	1020	644	
579	419	492	
1185	465	1084	
921	1300	1032	
698	283	520	
1258	452	538	
341	249	346	
1149	1007	803	
796	528	520	
889	606	561	
301	882	685	
621	1035	1043	
612	294	991	
486	458	462	
279	702	772	
1005	359	904	
747	1091	1169	
427	741	1443	
453	142	223	
401	582	663	
339	481	637	
434	494	217	
1038	949	1121	
91	71	120	
193	172	251	
157	77	90	
791	454	923	
410	283	839	
512	320	591	
120	161	125	
816	436	691	
1420	830	1221	
284	361	357	
319	256	287	
641	750	793	
356	729	702	
64	206	141	
834	995	1081	
559	696	470	
488	239	694	
358	725	829	
979	323	266	
612	219	486	
394	300	773	
619	781	305	
227	316	263	
282	619	820	
390	188	290	
812	796	737	
812	885	1045	
125	110	138	
235	264	140	
573	578	796	
302	200	419	
248	467	481	
224	425	417	
231	169	511	
433	411	126	
662	855	443	
341	604	1039	
1159	965	1039	
296	545	151	
967	904	1331	
1063	898	453	
1138	406	723	
123	64	150	
1118	744	386	
990	1056	1076	
457	320	304	
207	221	378	
956	798	1356	
927	452	655	
The worst scenario
398	396	1051	
740	528	1413	
749	596	1535	
1055	983	1180	
346	400	588	
643	555	548	
353	248	206	
877	363	478	
455	279	353	
1140	556	695	
805	679	861	
244	468	366	
1300	1072	531	
703	416	1037	
612	1053	442	
243	246	323	
1232	713	617	
705	1033	791	
281	355	420	
163	273	97	
437	441	605	
308	500	155	
1736	871	1564	
1035	1344	906	
398	446	404	
1176	1486	1124	
264	302	729	
439	1033	1084	
1326	1400	861	
656	568	678	
1277	651	1245	
1264	1547	1453	
1021	412	578	
1404	669	637	
378	300	450	
1574	1207	923	
815	550	585	
1258	880	702	
369	1087	793	
823	1488	1245	
869	309	1165	
593	533	483	
293	932	938	
1483	395	1031	
981	1585	1517	
472	976	2047	
614	163	331	
459	729	895	
487	548	659	
463	516	232	
1188	1313	1467	
104	81	179	
200	243	353	
218	96	130	
1172	456	1343	
538	352	1031	
614	359	767	
141	206	163	
1060	536	970	
1427	1056	1730	
341	509	396	
324	374	367	
829	849	1035	
407	854	864	
84	214	170	
846	1105	1213	
621	911	549	
639	253	996	
411	815	885	
1261	413	270	
639	280	701	
468	342	912	
702	1148	307	
238	338	363	
350	865	976	
558	194	371	
912	1010	1004	
979	977	1552	
156	136	165	
287	341	146	
755	669	1145	
366	275	627	
293	684	506	
259	544	581	
313	186	579	
464	553	140	
881	917	632	
441	842	1278	
1731	1257	1157	
418	760	223	
1025	1197	1620	
1340	977	550	
1698	415	955	
126	79	186	
1536	829	469	
1058	1220	1407	
540	376	379	
255	256	472	
1096	1167	1948	
1036	458	812	
