Factories	6	Jobs	200	Machines	3

Total number of component types per job processed by HSPM
11	6	10	9	10	7	10	7	8	12	12	9	8	6	12	8	5	7	12	8	12	7	5	5	8	5	6	7	6	9	11	10	10	10	7	8	9	12	6	11	9	12	12	6	6	7	10	12	6	8	10	11	7	8	9	10	7	11	12	9	12	9	6	7	6	10	9	10	10	5	11	10	8	10	11	7	7	7	12	5	7	8	9	5	7	11	9	6	8	11	6	11	10	10	8	6	6	5	7	5	11	11	9	5	5	6	9	5	11	5	9	12	7	9	9	5	12	6	8	9	11	12	10	6	6	7	10	7	9	12	10	11	6	6	10	11	8	7	5	6	10	10	10	8	8	9	9	11	6	10	12	11	8	8	8	9	10	7	12	8	9	7	10	12	9	5	11	12	9	7	8	5	12	6	6	9	9	9	10	7	5	7	5	5	7	5	9	12	5	9	5	11	5	6	6	6	6	10	7	8	

Total number of component types per job processed by MFPM
3	2	1	2	3	2	2	5	1	5	3	4	5	5	4	3	3	5	5	1	4	5	4	4	2	2	3	1	3	2	5	1	4	3	2	4	3	5	4	1	1	5	2	3	3	2	3	5	3	1	2	5	5	5	3	1	5	3	2	1	3	5	2	4	4	5	4	2	4	1	1	4	2	2	4	4	5	5	4	4	5	1	5	2	4	2	1	3	5	3	1	5	2	3	4	2	5	4	5	5	5	1	2	4	1	1	1	5	5	3	2	1	2	3	5	1	3	4	2	1	5	1	1	4	4	4	1	1	2	1	2	3	5	5	1	1	3	3	2	1	4	2	5	4	5	3	5	2	5	3	1	4	2	2	2	4	5	1	4	1	4	1	4	4	2	4	4	2	1	1	1	5	2	1	2	3	5	4	5	1	4	4	3	3	5	2	2	3	4	5	4	4	1	4	4	5	4	5	2	2	1	2	2	4	1	5	4	1	3	2	2	1	4	3	4	5	2	2	1	4	3	4	2	4	1	1	2	3	3	2	2	3	3	2	4	1	1	4	3	4	3	3	3	4	3	4	1	3	2	1	5	5	5	3	1	2	2	4	3	3	2	1	5	2	5	3	1	4	3	1	2	4	2	3	3	4	3	2	1	2	5	4	2	3	2	3	1	4	4	5	1	1	5	2	2	1	5	3	4	5	4	2	2	5	1	5	2	2	5	4	5	3	1	5	5	4	4	4	1	3	3	5	5	2	5	1	3	1	5	5	5	2	2	3	3	2	5	3	1	3	4	3	1	3	1	5	5	5	3	1	3	1	2	5	1	5	1	3	1	3	1	4	3	5	2	4	3	4	3	1	2	1	4	2	2	2	4	5	4	5	3	3	3	4	2	1	4	5	3	1	5	1	2	3	2	2	5	2	3	1	

All component type numbers for each job to be processed by HSPM
18	37	13	41	9	52	2	28	10	67	8	18	16	48	12	53	5	1	1	26	6	58	
13	14	3	13	10	11	4	24	0	67	8	73	
2	59	1	58	16	40	4	53	3	9	7	75	11	52	10	2	0	68	5	30	
2	69	13	36	0	35	14	74	1	38	7	68	19	52	18	19	9	55	
16	65	5	11	15	12	7	2	13	68	17	3	2	66	0	63	18	71	10	38	
4	53	9	38	15	24	7	58	11	61	0	32	18	47	
14	67	5	3	6	20	15	12	3	50	8	14	0	69	11	71	9	21	1	37	
17	17	15	48	8	12	12	7	19	50	4	33	3	63	
10	75	7	52	14	15	11	39	13	41	4	21	19	35	12	42	
4	30	3	70	8	53	14	14	2	6	13	36	7	69	15	19	0	20	17	10	9	41	5	24	
6	40	4	28	8	32	3	1	0	53	14	46	11	56	10	37	7	55	5	8	13	57	18	29	
6	51	2	4	19	67	5	34	3	36	0	15	10	29	17	1	9	42	
8	18	12	48	18	44	11	1	1	62	6	35	9	30	10	45	
19	47	2	3	15	12	18	26	0	16	8	66	
14	27	9	42	11	49	7	53	17	62	15	70	19	65	1	73	6	24	13	2	18	4	16	37	
8	73	5	50	12	54	4	30	7	20	11	44	0	8	18	13	
5	22	4	1	18	23	3	24	2	46	
16	16	18	75	11	74	19	5	6	70	0	66	7	14	
8	60	3	53	18	34	9	47	7	63	11	41	15	37	14	44	16	22	10	20	13	18	12	52	
0	41	6	29	15	43	13	13	12	11	4	40	16	27	17	15	
3	62	11	20	4	1	10	74	5	31	7	59	0	30	8	13	18	65	15	8	6	18	14	15	
0	45	19	23	3	69	2	66	1	44	16	11	5	68	
3	66	1	41	2	32	19	24	8	72	
18	27	9	32	3	34	11	57	14	19	
2	23	18	74	3	31	19	64	14	17	6	68	0	66	8	48	
3	17	4	6	14	65	11	23	13	38	
2	64	8	36	16	47	5	44	7	55	0	46	
9	4	0	11	19	15	1	68	17	51	18	1	10	9	
6	67	5	27	8	23	10	11	1	41	15	66	
12	34	4	10	8	38	11	62	18	69	19	21	13	49	0	18	15	54	
4	4	17	39	11	62	7	28	6	40	19	15	18	1	3	26	1	43	5	65	16	57	
6	44	18	37	16	10	12	28	1	60	7	13	2	11	0	75	5	29	19	53	
11	60	2	53	0	73	16	40	15	24	13	7	7	44	5	14	8	58	17	4	
14	34	11	29	19	39	2	64	15	8	3	5	13	65	6	46	16	63	12	68	
2	21	5	69	12	17	18	39	16	48	17	45	11	38	
15	4	18	13	17	28	4	9	1	43	19	36	12	63	6	58	
1	62	7	73	0	38	14	74	4	24	19	25	11	41	5	63	12	6	
8	18	12	14	1	48	19	21	6	55	4	17	15	2	11	32	0	4	18	46	13	65	9	11	
2	9	17	31	5	13	4	21	19	18	3	46	
19	69	9	64	14	75	4	6	8	33	17	55	7	19	6	2	10	37	2	60	11	29	
15	9	8	52	2	1	7	60	1	28	17	26	9	69	18	24	5	49	
1	30	14	5	5	23	13	43	8	51	19	74	15	33	7	62	6	11	2	17	17	32	10	15	
2	75	0	69	10	22	13	29	6	58	5	59	17	28	3	63	7	19	1	68	18	71	19	62	
15	48	19	75	0	58	1	61	3	55	11	42	
5	36	7	45	11	28	10	66	9	34	19	62	
17	9	7	29	5	13	13	34	0	28	12	38	9	39	
10	46	15	42	5	36	12	51	16	45	9	60	14	6	4	12	11	68	7	38	
0	5	9	22	6	50	14	19	17	35	5	41	10	40	18	62	4	48	16	21	8	46	1	20	
7	63	3	6	16	28	8	35	2	41	10	72	
2	58	16	24	17	16	8	9	4	40	14	17	1	26	5	69	
13	54	14	36	15	9	11	7	5	16	0	45	16	14	1	44	3	72	12	52	
9	63	6	36	17	65	12	61	0	21	16	49	2	40	3	37	10	58	15	53	13	20	
18	9	4	73	0	12	6	32	13	18	14	46	9	1	
18	17	14	15	6	13	4	71	13	30	5	5	10	26	19	19	
6	1	3	45	2	53	4	69	14	71	15	52	5	63	19	31	17	6	
11	13	19	19	6	5	2	17	16	6	13	28	7	4	10	40	15	60	4	57	
17	63	16	11	6	43	12	8	7	3	8	72	15	56	
6	19	14	32	2	18	12	15	17	48	15	16	10	23	18	65	11	34	8	59	7	11	
7	64	16	66	19	13	1	18	6	28	11	40	18	8	4	11	14	9	17	55	15	57	10	49	
10	53	2	30	11	64	8	52	13	58	0	44	14	14	3	40	6	28	
4	62	12	66	2	40	9	41	8	64	3	63	17	9	18	31	0	70	16	20	1	33	5	18	
15	2	18	42	5	69	9	10	11	1	1	13	17	67	6	46	13	3	
16	20	17	26	15	73	7	36	10	22	8	55	
1	41	16	63	3	14	5	5	13	35	9	50	7	17	
14	64	2	69	12	39	1	55	0	35	6	67	
10	62	14	28	12	43	17	34	1	24	11	47	6	22	16	35	4	45	2	71	
16	28	15	60	1	52	5	8	12	34	9	63	4	43	13	10	7	73	
6	44	10	59	0	39	2	3	5	74	11	5	1	62	8	30	7	11	18	31	
17	17	18	49	9	3	13	63	4	47	12	56	19	28	7	10	5	64	6	5	
7	63	6	7	2	62	16	36	8	26	
17	37	3	71	7	63	9	40	14	3	10	30	6	45	13	73	2	4	11	39	4	35	
2	54	0	53	5	49	3	9	14	13	9	25	1	65	18	17	13	55	8	7	
0	15	9	16	5	70	12	31	16	3	7	38	13	46	11	6	
19	41	11	34	5	11	10	6	0	33	1	5	17	39	12	56	4	3	18	14	
17	26	6	56	8	1	11	12	4	28	12	70	10	39	14	29	16	42	18	41	3	47	
15	24	12	4	0	75	1	26	5	1	14	50	17	37	
3	7	0	39	14	25	12	11	5	36	1	33	15	73	
4	50	3	34	18	40	6	69	5	39	7	70	17	9	
8	53	9	40	16	24	4	8	6	46	10	41	19	52	0	4	11	67	17	6	14	66	15	48	
10	72	8	53	15	45	4	44	6	14	
2	16	13	39	15	29	4	12	5	63	9	66	8	7	
15	46	7	66	1	31	13	22	10	54	0	23	2	36	8	65	
15	61	18	71	1	59	0	41	12	47	19	20	9	52	10	56	5	22	
17	9	18	18	16	52	10	70	1	17	
4	39	9	47	13	9	11	22	10	28	12	43	0	45	
12	48	14	62	6	44	10	49	15	37	16	22	7	6	13	27	9	17	19	2	18	47	
3	66	0	72	18	70	17	55	13	69	12	42	16	35	15	75	11	13	
8	22	10	57	3	5	16	24	11	13	6	7	
13	47	19	9	8	36	16	32	14	64	0	16	17	58	9	74	
4	47	8	49	11	8	5	70	1	56	0	50	10	18	17	43	12	51	15	41	13	48	
18	34	3	36	8	68	0	31	6	32	9	61	
1	5	13	59	19	27	2	34	7	8	11	60	0	24	17	29	12	71	18	25	6	75	
11	66	9	65	12	50	8	69	17	8	5	24	15	37	2	49	13	60	7	42	
14	7	19	11	1	2	17	75	5	48	4	4	0	72	11	32	12	53	2	14	
4	63	6	32	16	35	15	59	19	72	7	23	13	66	1	15	
6	29	16	50	7	42	3	13	8	14	13	41	
4	60	13	50	9	39	5	30	18	61	2	47	
7	26	18	73	13	8	16	21	17	67	
6	6	19	11	5	10	17	51	2	31	14	8	18	55	
6	64	13	63	18	73	15	30	0	65	
19	48	1	34	18	36	16	25	3	63	6	69	12	22	2	17	0	55	14	61	13	49	
3	66	18	29	6	16	12	18	10	25	15	20	5	7	2	32	9	44	8	50	16	52	
2	2	0	61	12	63	14	22	19	12	11	41	5	14	10	5	18	10	
14	75	11	47	4	1	13	29	7	36	
4	65	11	5	19	35	13	56	1	37	
4	60	13	65	3	30	0	27	18	43	15	48	
13	52	1	20	0	47	12	14	2	11	4	68	5	39	7	60	15	67	
8	13	7	39	15	24	10	66	16	51	
5	27	6	59	12	48	16	19	0	26	10	43	14	15	19	36	8	37	1	18	7	1	
4	52	12	74	11	6	17	58	15	14	
6	27	16	14	18	53	17	58	7	37	14	30	4	72	12	73	5	20	
5	30	19	64	10	67	15	31	17	33	8	11	18	20	2	10	4	74	3	48	16	49	7	57	
8	71	3	25	4	4	19	73	14	53	7	57	10	58	
12	30	18	73	11	23	4	34	5	20	9	22	6	26	2	52	13	55	
7	6	17	73	8	31	11	17	18	20	10	5	12	46	16	74	4	4	
2	62	6	25	18	15	7	30	11	26	
8	15	6	4	15	45	19	58	13	25	12	41	10	12	3	28	5	61	18	7	4	54	17	20	
16	19	11	48	0	10	17	46	19	37	18	11	
18	66	13	58	2	47	14	49	9	16	8	64	6	71	11	2	
2	70	15	55	16	69	12	60	6	39	10	11	3	52	0	19	18	8	
14	47	18	43	15	55	19	54	9	42	6	71	8	59	2	24	1	70	7	12	12	46	
13	8	12	5	3	48	10	37	9	71	4	51	8	9	1	41	0	34	11	58	2	12	6	39	
6	10	1	41	12	29	0	66	11	21	5	49	7	70	19	3	10	71	18	13	
1	38	5	13	7	51	0	70	13	59	6	49	
15	55	7	26	0	53	19	3	5	27	1	66	
0	17	5	68	15	48	12	28	9	11	13	2	8	54	
5	24	16	59	13	19	17	51	9	27	3	46	7	26	15	33	4	71	12	69	
3	30	6	51	1	26	19	55	2	70	10	23	7	20	
1	39	14	57	7	31	12	50	17	35	11	59	0	72	19	49	6	60	
9	45	16	9	6	42	2	4	3	51	19	72	10	57	5	64	7	34	4	16	0	74	12	62	
7	62	2	75	1	60	11	32	5	5	3	7	16	61	12	33	9	29	18	53	
15	75	3	24	4	70	14	40	19	34	13	10	12	45	17	22	8	4	7	2	16	7	
0	18	2	21	18	59	15	28	3	49	13	37	
15	23	18	11	19	50	4	46	13	13	17	9	
4	28	9	44	2	68	10	50	15	26	14	33	7	62	19	48	8	24	5	69	
11	31	5	72	7	50	3	38	12	8	9	25	17	15	19	68	8	27	16	45	14	66	
13	12	10	11	19	7	4	40	1	22	7	34	18	26	0	43	
10	10	16	2	17	41	1	26	13	19	2	67	5	8	
7	6	0	70	15	15	5	19	8	1	
9	69	2	31	17	23	15	3	5	6	6	43	
1	45	3	51	5	68	7	20	9	49	14	74	2	75	0	21	11	9	13	8	
10	51	11	2	13	9	9	34	19	3	4	21	6	65	7	26	1	32	15	63	
5	12	4	54	15	35	2	19	17	22	7	27	10	4	12	31	13	17	3	57	
6	55	0	68	3	23	19	67	1	45	8	22	11	16	7	30	
0	71	16	11	4	28	2	37	12	69	14	3	3	13	17	55	
13	54	9	66	1	1	19	15	5	46	14	65	15	13	3	36	16	35	
0	15	17	68	7	54	6	64	2	37	15	16	13	71	10	49	14	57	
9	49	13	50	17	27	14	9	0	37	10	1	8	75	11	59	7	18	15	67	3	65	
2	58	9	1	7	75	3	10	6	68	1	16	
10	35	8	69	17	19	14	57	1	65	0	31	5	25	13	45	6	42	2	5	
14	22	0	5	3	3	15	63	1	7	10	40	16	49	4	72	13	43	6	56	19	10	8	48	
2	13	5	71	1	47	16	58	10	72	0	59	8	4	3	33	13	30	15	74	17	73	
3	26	8	69	13	18	17	28	19	21	0	3	5	54	4	34	
9	11	16	74	0	13	18	2	19	67	13	52	14	32	5	22	
0	28	2	37	8	52	14	12	19	66	10	70	9	26	12	53	
12	61	17	57	15	35	8	47	5	62	1	3	19	9	7	48	2	28	
15	23	11	58	5	68	18	65	13	57	0	52	8	28	6	38	4	55	17	67	
3	73	0	9	18	55	17	22	9	50	2	64	15	33	
1	70	6	71	8	27	4	45	3	63	10	15	13	20	12	21	11	33	14	60	5	53	7	39	
5	2	3	44	15	27	16	67	0	63	6	46	11	33	4	55	
17	75	6	6	10	26	1	5	11	9	2	46	13	34	16	19	5	10	
13	22	14	59	17	54	1	48	7	10	12	75	9	53	
5	69	3	18	17	58	12	6	14	2	6	25	7	31	8	65	1	3	10	34	
15	10	14	39	2	56	5	68	10	26	1	14	6	35	9	24	13	28	17	11	4	50	8	19	
11	53	6	61	10	5	16	20	5	1	9	31	1	41	13	15	17	30	
11	16	18	71	17	3	0	70	1	55	
14	13	1	66	19	69	0	67	6	12	10	43	16	31	9	28	8	45	3	24	18	8	
13	47	10	25	8	38	6	33	12	65	5	10	14	41	9	73	7	56	1	29	11	40	15	35	
14	45	5	1	11	30	16	37	2	46	7	59	17	27	8	8	0	26	
13	20	4	33	7	22	10	75	14	73	16	32	18	15	
4	38	2	16	19	68	13	50	16	36	6	73	11	67	14	40	
12	50	11	18	1	17	7	32	10	45	
0	9	16	28	4	16	14	27	17	19	8	70	9	7	19	61	10	38	11	29	18	26	15	71	
4	2	15	62	11	8	17	26	3	69	18	64	
5	48	0	68	8	21	3	25	7	38	12	54	
15	40	0	26	5	5	14	44	1	74	12	45	6	24	11	55	10	50	
4	16	5	27	2	39	14	32	15	45	0	12	1	37	10	69	16	66	
8	71	7	75	10	59	2	70	12	26	17	63	0	67	19	6	5	60	
17	65	0	16	3	60	10	29	2	47	9	70	7	31	1	21	19	37	8	18	
4	56	10	60	12	15	14	7	17	62	3	52	13	5	
19	35	13	21	2	66	7	38	17	10	
1	15	17	35	3	55	2	45	18	44	10	2	8	10	
12	62	14	20	9	75	4	74	19	46	
17	47	7	35	12	30	13	18	10	9	
7	62	11	31	12	23	6	18	13	69	5	35	1	55	
5	26	3	14	14	29	19	10	1	73	
5	69	15	41	14	31	11	55	1	7	6	21	2	53	18	68	17	30	
18	69	13	67	5	5	1	68	14	33	16	4	11	28	19	2	10	31	17	16	9	71	2	20	
2	25	12	42	15	6	1	55	18	60	
7	3	13	69	19	48	18	59	8	29	12	7	11	58	2	66	4	56	
16	68	13	6	18	5	17	28	3	33	
11	25	9	70	18	8	15	32	10	11	14	35	0	30	13	13	2	26	17	31	1	12	
18	51	14	65	1	27	6	33	10	41	
9	11	0	49	3	12	6	3	4	54	12	70	
16	69	15	61	17	10	12	32	6	17	3	40	
15	6	11	7	10	48	12	69	19	57	13	75	
2	6	1	1	11	49	10	4	18	54	13	53	
5	37	14	13	10	52	6	26	12	5	17	54	0	10	1	30	16	9	11	49	
14	60	7	34	19	31	10	25	2	15	15	35	1	64	
12	46	19	71	6	63	1	17	14	53	15	54	18	70	16	14	

All component type numbers for each job to be processed by MFPM
2	24	1	4	5	7	
8	36	4	48	
4	6	
9	50	7	47	
6	18	0	12	5	14	
5	32	4	37	
5	19	7	25	
4	26	1	39	5	49	9	36	8	33	
0	25	
7	30	5	33	4	44	2	50	6	40	
7	16	5	12	2	18	
9	33	8	39	4	47	1	44	
7	8	8	12	6	20	0	23	2	1	
4	38	0	26	8	34	5	27	6	46	
2	12	3	25	6	9	7	24	
2	47	5	35	8	46	
5	9	1	23	6	24	
8	43	7	46	3	45	4	49	9	29	
3	1	9	16	4	14	5	19	7	10	
1	36	
8	12	6	4	5	2	1	16	
9	37	3	41	7	35	1	33	4	29	
1	3	2	12	4	24	9	8	
4	41	2	44	5	32	3	35	
2	19	6	11	
3	29	5	38	
9	2	1	14	0	4	
6	29	
2	23	7	19	8	5	
7	33	0	37	
9	11	0	25	5	1	4	8	6	24	
8	44	
4	2	0	21	5	14	2	1	
5	38	6	44	2	45	
1	16	0	7	
7	27	8	46	6	43	3	33	
3	3	1	19	5	12	
4	27	5	33	1	46	2	28	6	32	
3	23	9	6	7	20	4	13	
2	32	
7	24	
8	43	7	30	2	47	9	40	4	31	
0	20	6	10	
9	39	0	31	2	48	
0	16	7	13	5	23	
8	48	4	43	
8	25	0	2	4	4	
9	26	2	33	5	49	4	29	7	50	
8	2	7	20	6	15	
5	41	
2	12	6	18	
1	37	3	38	0	46	4	40	9	42	
6	21	9	4	8	23	4	20	0	1	
0	40	7	38	5	41	3	43	8	28	
2	4	5	18	8	20	
6	41	
4	21	2	6	3	10	9	15	5	1	
2	39	4	42	6	47	
3	19	7	15	
8	35	
6	11	0	16	4	17	
4	27	3	32	1	35	7	46	9	33	
3	7	4	12	
0	30	4	47	2	46	8	41	
3	15	8	8	9	11	1	12	
6	49	2	48	9	27	3	36	7	34	
9	10	2	16	0	8	5	3	
2	48	4	36	
1	13	0	1	9	12	6	17	
9	38	
1	1	
4	38	0	41	3	28	1	36	
4	5	3	22	
2	33	7	30	
2	4	5	16	6	22	4	24	
8	32	0	46	7	37	3	47	
1	11	3	14	0	2	6	1	4	3	
3	26	2	47	5	34	9	38	4	30	
8	11	6	23	2	5	4	25	
2	26	6	48	4	41	5	37	
9	5	0	19	3	18	2	9	7	13	
4	46	
7	4	2	9	9	2	4	13	3	8	
8	39	7	43	
4	2	1	15	3	3	5	21	
3	48	2	32	
2	19	
6	31	4	48	9	33	
6	12	3	15	9	3	5	10	1	8	
3	47	4	43	9	44	
5	6	
9	42	8	36	3	46	1	44	2	43	
4	17	7	6	
5	48	8	40	6	42	
0	25	2	13	8	1	3	11	
3	35	2	43	
0	13	9	1	6	5	7	18	8	3	
5	26	3	44	8	45	6	50	
7	11	4	25	9	13	2	4	8	14	
5	30	6	48	7	26	8	40	2	45	
5	15	1	1	2	3	3	8	7	6	
4	46	
4	22	6	6	
7	26	2	31	9	33	4	32	
1	12	
4	28	
9	1	
5	41	4	29	7	38	6	27	8	34	
8	12	3	4	7	7	9	20	4	17	
7	29	9	30	0	50	
7	14	4	23	
6	44	
1	8	9	17	
9	28	0	48	1	29	
5	13	2	8	7	2	8	24	0	10	
6	29	
9	25	8	19	0	21	
1	36	0	31	9	27	2	39	
6	5	3	13	
3	32	
7	16	0	10	6	6	8	1	2	19	
4	39	
9	17	
0	34	7	41	3	50	8	45	
2	7	3	19	4	13	6	1	
3	26	4	36	7	29	5	49	
4	4	
5	28	
7	23	4	4	
6	50	
2	8	4	6	
6	48	8	37	9	33	
3	25	7	14	6	13	2	24	5	17	
1	26	5	31	4	43	2	45	6	37	
8	20	
1	43	
0	12	5	13	9	7	
4	41	5	33	1	44	
7	19	6	4	
3	38	
2	8	3	22	7	7	4	18	
9	37	5	50	
3	15	1	16	6	11	4	18	2	7	
3	33	6	41	5	32	0	31	
7	23	4	12	1	3	8	2	9	6	
3	43	0	28	2	36	
3	23	1	19	7	13	6	11	4	22	
7	43	3	33	
1	6	7	15	0	16	8	3	6	7	
5	34	4	40	8	31	
2	24	
9	34	5	50	1	37	6	26	
1	10	5	7	
2	49	1	34	
8	13	4	20	
3	33	1	36	6	40	2	43	
8	22	5	9	9	7	3	21	4	23	
5	49	
8	15	0	21	1	8	5	18	
7	46	
7	5	0	11	6	19	5	1	
4	36	
4	6	8	15	9	12	6	8	
9	29	3	48	2	36	6	26	
3	1	9	15	
7	37	4	30	1	43	9	42	
6	18	1	17	4	10	7	12	
8	31	7	48	
2	10	
8	40	
5	12	
7	41	1	44	2	36	4	32	0	39	
6	17	4	14	
6	31	
0	14	7	11	
7	43	1	30	6	48	
1	11	8	2	3	8	9	21	6	25	
8	28	7	45	6	44	3	26	
3	20	0	18	9	6	6	21	4	11	
2	34	
4	21	7	18	6	1	5	20	
6	44	1	38	8	27	0	47	
7	11	9	5	8	21	
4	32	0	28	1	41	
7	9	4	22	6	7	2	13	9	5	
1	34	8	50	
3	10	6	24	
3	30	8	35	9	38	
9	4	8	8	2	10	6	7	
5	30	6	45	0	35	7	42	3	32	
3	14	7	15	5	1	0	12	
1	31	5	47	4	30	0	40	
9	11	
7	33	0	43	2	44	8	40	
9	15	0	3	8	4	1	18	
5	26	4	31	2	48	7	29	9	43	
1	11	4	16	2	21	3	3	
6	33	0	37	4	49	9	31	3	43	
0	24	3	19	
3	26	0	30	
3	15	
4	26	7	50	
8	15	6	10	
6	30	4	50	7	42	5	38	
0	19	
4	36	0	40	7	31	5	48	3	27	
4	11	5	19	7	25	6	5	
0	48	
2	20	9	23	4	16	
5	34	2	41	
7	12	5	3	
8	42	
6	22	8	23	1	2	9	6	
0	44	1	30	2	34	
4	12	0	8	5	5	9	9	
6	37	9	38	5	36	8	47	3	33	
9	14	0	22	
6	33	4	48	
0	21	
9	35	5	31	7	41	8	29	
8	15	4	21	0	17	
2	43	0	36	5	46	7	35	
7	12	4	2	
9	33	3	45	6	26	4	44	
0	23	
3	39	
2	9	5	8	
5	46	3	41	7	38	
9	5	6	12	1	3	
4	50	2	33	
7	20	6	21	
6	46	7	39	1	30	
4	4	2	3	9	16	
9	34	1	38	
5	4	1	24	4	3	9	12	
1	31	
9	19	
5	35	4	29	6	50	1	38	
8	12	6	16	5	8	
9	33	7	30	1	40	3	41	
1	8	0	9	3	4	
3	28	8	42	4	32	
0	24	4	8	9	12	
3	38	7	49	8	33	6	29	
3	23	9	25	1	24	
8	36	5	31	3	33	7	39	
9	6	
1	40	0	37	7	32	
6	3	4	24	
4	30	
1	6	2	9	0	5	4	20	6	12	
8	42	0	38	5	37	7	40	6	39	
5	18	0	21	1	16	7	13	8	7	
9	29	0	36	2	30	
7	14	
6	44	1	33	
8	2	6	6	
8	33	5	46	4	44	2	42	
2	16	3	11	7	21	
2	29	1	45	7	48	
3	25	9	23	
2	39	
4	19	1	13	5	21	0	10	2	24	
7	29	1	42	
0	19	1	1	8	2	6	22	5	11	
7	48	8	49	1	28	
3	3	
8	30	6	44	5	42	7	37	
2	4	5	23	7	22	
1	41	
7	1	5	7	
7	36	3	38	8	40	9	29	
7	21	2	22	
8	28	1	36	7	38	
9	25	8	16	4	19	
2	34	8	43	5	38	4	44	
0	8	2	1	7	15	
8	44	0	34	
5	16	
8	47	4	29	
5	1	0	14	3	18	7	16	2	3	
5	33	2	30	1	48	4	38	
6	17	0	15	
0	36	8	45	5	38	
5	21	3	10	
7	34	2	49	8	50	
8	9	
1	26	8	44	6	41	5	37	
1	1	4	23	7	18	6	21	
4	48	7	38	9	27	5	40	3	37	
2	21	
3	29	
0	25	6	7	3	17	2	10	8	9	
4	32	0	46	
6	3	2	12	
8	38	
3	25	4	10	6	3	8	12	7	19	
9	40	7	42	6	49	
3	14	0	20	6	18	7	3	
7	30	8	31	4	28	6	41	3	40	
1	5	4	23	2	17	3	3	
0	48	7	34	
3	12	0	23	
3	38	9	48	0	44	8	39	6	45	
4	4	
3	49	4	38	7	26	1	40	0	36	
0	4	6	9	
9	47	2	29	
7	14	2	2	1	21	3	5	9	16	
2	28	9	35	4	46	1	37	
6	12	4	5	8	1	0	14	1	20	
7	45	5	32	8	30	
2	21	
8	33	0	34	7	29	6	41	3	40	
5	23	1	14	2	10	4	6	8	1	
6	43	4	41	0	40	3	29	
8	12	3	25	9	14	2	1	
4	29	6	42	9	41	7	27	
9	13	
8	33	2	35	6	47	
9	13	1	10	5	23	
7	42	1	43	5	49	0	40	9	45	
7	2	8	18	5	11	4	17	6	7	
6	33	3	41	
8	2	2	22	0	6	6	3	1	17	
3	37	
9	7	6	11	8	21	
4	44	
6	13	8	22	2	19	1	11	9	23	
3	37	2	36	8	26	4	46	1	32	
5	19	0	4	6	6	2	17	1	1	
5	32	4	40	
6	20	3	4	
2	41	9	44	7	39	
7	24	8	13	5	22	
8	28	1	35	
5	6	1	22	2	1	6	20	0	15	
4	46	0	40	9	42	
7	17	
2	40	7	44	8	48	
5	10	2	4	8	22	7	9	
2	43	8	45	7	42	
0	8	
0	27	9	50	3	32	
2	15	
6	37	7	26	3	29	0	45	2	30	
8	4	5	12	7	8	9	21	0	18	
1	40	9	27	2	35	7	42	0	45	
9	8	4	13	7	7	
7	26	
3	19	6	3	9	23	
5	34	
0	8	8	4	
5	47	8	50	0	32	3	33	1	40	
9	17	
9	42	5	26	3	49	8	44	2	37	
0	3	
0	42	2	38	7	39	
9	14	
5	42	7	47	6	41	
8	18	
4	36	9	29	5	49	2	33	
5	24	3	4	1	21	
1	47	7	42	8	30	0	33	4	34	
9	25	2	18	
5	50	1	37	4	36	3	31	
2	12	1	11	6	21	
3	44	1	31	7	39	0	28	
6	3	8	11	5	13	
7	44	
8	2	6	15	
7	30	
0	7	8	12	1	25	7	3	
2	38	7	47	
9	22	8	10	
3	42	9	40	
6	1	0	24	4	23	2	9	
6	26	1	35	8	41	0	42	4	50	
8	25	2	18	1	16	4	6	
4	35	8	30	3	47	2	44	9	48	
0	25	8	5	7	1	
5	47	2	42	9	41	
4	13	9	3	0	7	
2	42	3	45	7	29	1	39	
4	22	7	2	
5	37	
9	8	7	2	5	23	3	21	
8	38	7	44	1	34	0	31	3	43	
3	23	7	17	0	21	
1	48	
9	15	1	20	0	25	4	7	6	4	
9	38	
4	5	0	9	
8	45	2	38	5	28	
5	18	0	8	
9	26	6	37	
7	9	5	15	1	24	2	25	3	1	
4	32	0	44	
4	5	6	6	9	20	
5	38	

Three processing times per job on each machine
The best scenario
876	194	360	
115	214	134	
73	38	52	
207	409	801	
180	155	294	
446	494	532	
651	605	226	
773	468	295	
679	671	277	
896	555	590	
476	367	896	
425	487	903	
785	527	867	
58	51	95	
390	382	295	
141	317	348	
107	203	299	
290	932	783	
309	405	164	
1233	1338	766	
272	592	279	
123	146	179	
113	90	162	
747	278	508	
134	58	24	
927	655	522	
213	546	237	
497	314	135	
299	294	466	
328	203	214	
142	171	130	
772	281	314	
337	569	363	
1048	209	204	
341	171	369	
268	491	305	
600	213	268	
268	78	132	
66	60	110	
173	269	222	
664	536	575	
683	927	712	
506	228	389	
224	70	71	
791	290	190	
876	689	512	
505	896	627	
786	588	635	
450	286	543	
115	48	44	
495	793	668	
392	459	222	
403	263	302	
62	125	64	
186	150	221	
536	637	520	
172	179	237	
249	381	234	
1128	247	717	
473	843	432	
278	111	128	
425	329	689	
537	842	665	
165	270	252	
508	537	392	
284	365	447	
364	318	657	
225	523	375	
601	471	149	
180	93	74	
370	1000	524	
303	116	297	
972	296	673	
233	36	154	
118	221	229	
659	573	766	
484	221	222	
170	97	125	
569	247	232	
340	345	345	
334	389	348	
348	342	433	
215	309	168	
290	523	248	
162	258	486	
359	137	269	
420	344	508	
410	397	549	
286	224	195	
1014	639	609	
278	177	216	
146	181	277	
517	511	652	
153	223	315	
298	955	478	
532	209	159	
109	56	146	
330	371	320	
168	66	215	
1002	444	593	
146	294	163	
309	165	312	
243	358	141	
526	479	643	
264	601	409	
357	525	186	
212	222	123	
120	202	87	
188	238	127	
204	175	158	
334	183	585	
338	268	189	
683	588	402	
529	969	547	
79	255	153	
945	486	518	
80	244	346	
312	248	97	
73	137	95	
272	626	215	
225	228	337	
173	137	433	
479	325	751	
78	47	71	
104	229	340	
436	305	111	
354	379	347	
101	151	61	
321	628	160	
367	148	350	
160	177	83	
382	345	349	
178	425	90	
731	794	161	
724	847	552	
53	138	239	
386	656	619	
536	304	460	
353	235	410	
261	559	150	
338	306	502	
721	475	557	
384	521	586	
984	825	394	
262	320	247	
591	944	412	
193	381	282	
340	1064	1004	
654	476	505	
124	348	279	
608	414	213	
252	341	77	
502	418	395	
317	75	219	
64	64	59	
341	667	625	
604	679	675	
115	125	399	
239	1009	356	
63	39	65	
84	217	129	
167	111	186	
346	779	745	
570	306	316	
153	121	197	
417	602	718	
878	842	591	
244	1157	615	
312	283	1394	
434	851	709	
327	376	687	
639	435	365	
277	198	209	
1040	898	626	
431	464	340	
330	475	558	
416	460	556	
912	406	406	
838	1182	290	
430	300	394	
322	659	314	
1207	814	1007	
683	429	222	
377	286	69	
607	336	439	
373	486	279	
258	103	340	
107	132	374	
154	294	226	
372	375	354	
913	248	186	
59	33	81	
507	515	364	
321	206	673	
685	473	628	
318	129	488	
419	614	527	
139	61	61	
1055	928	539	
267	112	279	
Most likely scenario
907	291	386	
222	299	223	
139	50	62	
290	751	836	
249	241	527	
767	723	564	
996	818	314	
823	488	347	
713	683	536	
1011	807	1022	
796	490	935	
775	564	1025	
1465	830	1279	
83	57	146	
553	553	342	
170	521	451	
173	288	333	
550	1047	1066	
351	612	286	
1471	1500	920	
412	738	347	
133	241	260	
117	134	173	
981	506	717	
156	72	45	
1498	716	746	
409	825	434	
504	471	260	
585	351	813	
387	382	221	
176	271	131	
1279	555	350	
387	576	679	
1145	397	288	
576	308	437	
363	577	542	
939	359	323	
280	114	240	
108	66	197	
267	282	266	
1104	805	970	
1014	991	824	
813	322	393	
239	98	124	
850	386	271	
1133	764	1005	
506	1068	638	
1242	947	1151	
829	564	772	
169	54	62	
935	1279	880	
513	605	444	
682	502	514	
91	141	84	
252	156	236	
594	901	562	
256	194	238	
390	725	239	
1348	340	797	
698	1225	754	
281	208	210	
671	599	825	
704	1020	1175	
225	282	288	
580	556	759	
418	384	582	
454	521	1036	
299	525	721	
627	606	169	
189	164	102	
641	1012	885	
373	138	327	
1319	511	895	
254	70	268	
189	274	392	
912	695	835	
706	369	355	
179	154	193	
619	300	334	
375	569	448	
476	559	588	
531	478	751	
317	408	256	
307	561	321	
205	474	537	
472	182	281	
609	405	512	
703	457	559	
398	359	205	
1023	710	711	
392	337	256	
218	231	320	
944	876	746	
183	409	366	
520	1086	649	
606	405	278	
115	78	170	
629	574	475	
212	119	219	
1142	553	800	
151	316	182	
494	264	581	
310	507	188	
581	953	773	
516	622	623	
432	529	223	
231	422	225	
209	294	90	
300	269	203	
257	270	299	
626	289	700	
404	432	283	
830	659	524	
990	970	663	
98	290	285	
1195	688	893	
121	338	372	
460	364	177	
85	225	121	
286	919	233	
362	297	477	
213	223	657	
540	360	868	
87	61	76	
123	350	369	
517	511	213	
597	531	521	
109	226	89	
521	639	231	
550	237	371	
301	242	85	
468	364	691	
228	495	169	
888	1003	251	
1221	1122	773	
71	226	287	
750	874	975	
785	534	567	
426	380	434	
494	671	256	
547	537	747	
859	508	814	
452	924	699	
1151	869	446	
304	368	255	
1068	987	663	
250	432	366	
439	1096	1184	
744	839	589	
198	687	318	
731	630	349	
356	356	115	
725	505	704	
356	138	233	
94	100	83	
554	885	880	
880	1278	749	
156	206	468	
460	1295	473	
94	65	118	
117	429	237	
284	179	246	
348	932	820	
823	441	462	
179	143	280	
821	711	1296	
1236	1103	902	
394	1252	1202	
573	505	1447	
819	917	1189	
433	719	1175	
891	547	485	
309	276	259	
1212	1086	933	
471	615	563	
530	579	802	
616	554	667	
1291	703	510	
1115	1224	566	
508	316	589	
360	842	340	
1295	854	1302	
741	804	381	
448	383	124	
1048	576	798	
637	873	385	
407	194	346	
155	136	435	
248	389	313	
472	447	582	
972	433	235	
60	62	106	
532	692	458	
332	326	857	
697	692	640	
450	257	545	
520	655	904	
154	83	108	
1076	1457	1023	
335	145	322	
The worst scenario
1152	297	504	
277	339	314	
197	67	71	
295	1044	944	
253	283	720	
1120	997	811	
1369	1110	399	
1037	693	354	
833	840	744	
1274	909	1225	
1031	579	1074	
965	798	1236	
1943	874	1315	
106	76	190	
704	589	392	
255	549	675	
181	429	463	
774	1216	1184	
433	880	403	
1634	2010	1316	
450	1046	485	
189	322	334	
147	150	218	
1105	535	979	
220	96	50	
1615	835	827	
558	1045	550	
736	481	366	
824	432	1080	
395	517	315	
193	403	137	
1632	636	495	
409	592	686	
1612	430	415	
809	327	527	
405	845	777	
1094	495	419	
364	167	347	
124	92	201	
275	382	286	
1381	859	1203	
1223	1209	951	
1127	386	540	
276	114	133	
965	392	320	
1156	942	1070	
643	1282	932	
1264	1412	1603	
895	710	1126	
228	70	67	
1025	1507	891	
644	817	506	
730	718	603	
94	163	89	
275	208	341	
874	1042	578	
342	202	357	
490	777	287	
1821	348	1185	
1001	1253	956	
342	217	253	
754	717	1121	
751	1109	1362	
241	401	316	
864	616	1132	
457	513	583	
530	779	1189	
398	607	964	
863	846	221	
191	243	106	
673	1515	1195	
453	190	399	
1598	626	1046	
370	99	344	
243	317	562	
1068	1020	845	
1040	397	407	
268	202	263	
841	326	421	
405	730	517	
516	750	598	
786	673	1094	
470	427	299	
316	583	332	
294	648	576	
507	211	415	
745	416	591	
819	592	620	
546	441	222	
1474	1033	791	
504	468	312	
236	257	359	
1345	917	1009	
202	544	423	
657	1396	772	
846	448	354	
139	79	226	
745	797	705	
232	139	237	
1386	732	847	
211	360	229	
646	372	828	
432	708	240	
761	1138	871	
546	676	847	
559	627	284	
284	510	241	
226	374	126	
430	352	279	
277	399	391	
858	298	903	
444	647	424	
1203	799	687	
1198	1262	896	
132	384	329	
1771	1023	1271	
156	469	497	
654	456	202	
105	264	172	
359	1326	244	
441	371	598	
269	282	896	
782	502	936	
128	73	110	
137	453	529	
714	700	237	
738	570	626	
134	262	122	
668	901	249	
647	347	400	
354	299	114	
566	513	941	
255	649	215	
1197	1020	279	
1592	1168	1115	
92	254	344	
849	1201	1064	
1139	555	761	
569	509	585	
519	790	309	
553	630	960	
1207	540	1161	
539	1062	1040	
1510	1031	502	
358	552	322	
1385	1162	940	
251	497	541	
440	1584	1412	
1036	1191	789	
232	759	413	
860	784	479	
397	360	126	
1008	657	1004	
460	145	240	
131	122	117	
679	980	955	
899	1580	1064	
197	235	552	
634	1495	611	
115	80	146	
139	600	324	
375	231	287	
494	1099	1150	
839	460	492	
215	171	316	
1190	798	1796	
1525	1476	1100	
438	1755	1229	
672	589	1640	
1055	976	1434	
530	1072	1598	
997	548	678	
378	369	379	
1818	1236	1204	
577	725	833	
685	620	1151	
680	589	897	
1540	956	600	
1502	1819	671	
748	336	653	
377	1168	341	
1373	1238	1535	
932	1011	504	
545	524	143	
1102	856	1167	
727	1032	573	
455	205	409	
226	165	499	
280	576	325	
601	599	620	
1302	483	337	
70	92	145	
668	851	513	
365	400	1070	
819	960	766	
582	285	793	
527	710	1005	
181	109	148	
1127	1518	1471	
447	173	445	
