Factories	5	Jobs	50	Machines	3

Total number of component types per job processed by HSPM
8	7	10	7	7	5	7	8	7	10	8	6	6	10	8	9	9	5	9	6	8	11	12	12	12	7	11	9	10	7	10	6	12	11	5	8	6	11	11	9	6	6	12	7	7	8	6	10	8	11	

Total number of component types per job processed by MFPM
4	1	2	5	1	2	2	5	1	5	5	3	1	4	1	1	1	5	4	4	3	1	4	2	5	5	3	4	4	5	5	2	2	3	5	1	1	4	5	5	2	2	4	5	2	4	5	1	1	3	4	2	3	2	3	2	2	5	1	4	4	3	1	3	2	1	1	5	3	2	4	5	1	3	1	2	5	1	5	4	3	1	1	3	2	5	5	2	3	1	5	5	2	4	2	5	4	2	2	5	

All component type numbers for each job to be processed by HSPM
0	61	3	30	2	46	12	74	18	3	4	21	17	54	14	6	
10	60	3	46	12	48	11	27	2	3	19	75	14	56	
16	35	2	61	14	43	1	57	17	39	19	70	13	22	3	75	12	38	11	51	
16	55	18	62	4	10	6	28	10	1	15	4	8	54	
0	29	17	73	2	37	19	50	10	39	18	2	15	48	
14	68	7	25	1	36	4	46	9	6	
15	16	4	11	5	27	6	19	10	70	3	75	11	8	
1	60	13	31	4	39	7	11	2	70	9	48	8	6	12	65	
8	23	18	61	19	28	1	70	12	20	2	43	17	3	
6	51	1	23	4	56	18	33	10	68	9	52	13	11	5	44	14	36	17	38	
8	70	0	62	13	54	2	11	4	32	18	75	12	30	3	31	
8	47	17	43	3	66	4	4	19	42	11	65	
2	73	13	68	10	61	8	47	6	15	16	24	
0	10	12	72	14	60	17	61	18	16	11	19	4	29	16	47	9	27	6	57	
7	42	0	33	12	46	1	53	8	7	17	66	19	64	18	35	
2	23	12	31	13	71	15	54	10	57	7	1	0	62	6	9	16	41	
19	68	15	63	0	39	16	6	6	40	17	52	2	54	12	48	4	36	
11	31	16	48	7	16	0	15	1	3	
11	71	12	41	15	8	8	11	14	32	7	45	17	16	1	38	6	24	
18	23	16	3	19	2	15	49	8	31	11	53	
10	26	2	53	11	60	16	65	4	57	18	58	12	19	0	45	
17	59	4	10	6	74	7	58	5	73	15	18	12	36	16	55	10	51	18	69	11	3	
11	63	7	38	0	29	18	37	12	66	8	6	16	67	13	16	9	44	10	21	4	12	17	5	
5	8	3	22	9	73	7	27	6	23	12	72	1	67	0	68	13	41	11	21	18	71	2	46	
6	6	8	46	0	19	4	65	14	49	15	43	5	72	18	29	17	11	3	38	12	27	7	37	
18	38	2	60	6	41	19	8	11	42	14	66	4	14	
0	64	5	66	18	51	1	61	7	34	12	25	11	57	13	69	15	49	16	50	3	17	
15	65	2	31	1	40	11	25	16	61	13	2	10	22	8	10	3	23	
6	31	5	47	4	26	19	55	2	25	14	48	11	21	16	64	9	17	15	58	
18	17	3	4	12	75	4	44	11	48	17	70	14	37	
16	31	1	52	9	62	18	32	19	60	0	30	11	37	8	14	7	1	10	71	
9	7	11	42	14	24	15	54	7	57	13	29	
12	64	9	17	2	43	19	27	5	9	6	45	15	70	0	72	17	1	10	35	1	47	4	42	
0	22	19	11	14	41	9	26	11	72	7	15	4	36	1	19	15	75	16	60	5	13	
6	41	4	47	19	22	16	29	14	67	
2	72	7	75	12	33	3	74	5	2	10	66	16	16	13	14	
4	47	11	57	9	8	17	64	19	4	2	5	
19	35	16	38	8	69	6	18	14	62	7	60	1	12	12	47	13	20	18	71	11	32	
3	43	16	39	1	18	2	58	4	65	5	55	8	63	15	64	19	15	13	37	17	8	
6	40	5	41	15	49	0	47	12	21	16	15	18	11	9	19	1	34	
5	66	18	47	19	64	1	4	8	35	10	30	
4	20	9	5	1	61	5	52	18	62	16	35	
7	54	2	14	16	33	18	53	6	31	0	3	14	9	11	1	13	36	17	21	1	44	9	69	
4	30	17	47	16	4	6	72	2	46	8	42	3	69	
15	41	11	20	3	70	14	10	16	64	7	58	17	26	
7	19	14	4	18	59	11	38	0	29	8	27	1	39	6	33	
15	43	12	66	17	13	2	15	7	32	16	73	
11	71	16	37	19	25	0	75	8	32	12	23	13	41	7	17	9	46	2	39	
19	29	10	32	1	70	8	48	12	37	6	67	7	73	16	13	
10	16	16	70	7	21	4	69	15	32	8	60	9	39	13	44	3	50	12	5	1	58	

All component type numbers for each job to be processed by MFPM
7	18	4	13	0	20	3	3	
7	50	
1	16	2	25	
4	48	6	29	3	45	8	38	9	42	
6	3	
0	43	6	32	
8	19	1	9	
6	45	9	27	8	29	1	31	3	43	
6	12	
3	35	5	28	0	37	8	31	9	27	
5	25	0	12	3	21	8	20	4	15	
9	26	5	35	0	28	
8	16	
4	29	0	45	3	43	7	46	
8	11	
8	36	
0	23	
0	47	9	29	7	39	2	40	3	43	
7	15	3	22	2	2	0	5	
9	48	5	34	1	49	4	39	
4	24	1	12	9	11	
4	40	
6	6	3	21	1	22	2	12	
1	43	8	31	
5	2	2	16	0	12	8	18	9	3	
4	38	1	26	6	47	9	49	2	50	
9	21	8	17	4	25	
9	39	5	27	8	44	3	37	
8	16	9	20	2	18	0	17	
4	32	3	33	0	36	7	47	9	46	
1	7	8	13	2	19	3	16	6	3	
4	33	6	47	
5	25	7	4	
1	38	7	40	0	37	
0	16	5	21	1	24	3	3	7	1	
6	46	
5	19	
7	47	2	43	6	30	4	33	
6	23	5	20	7	16	1	24	4	17	
0	48	7	49	9	29	1	30	2	37	
4	4	1	15	
0	49	1	37	
8	13	4	2	5	15	7	14	
7	44	5	50	1	49	6	38	0	33	
1	19	4	23	
7	34	2	31	8	44	3	33	
0	1	1	23	6	8	3	11	7	13	
2	42	
9	19	
4	39	6	33	8	29	
0	2	7	17	5	1	4	20	
6	28	0	49	
1	1	5	20	0	23	
8	37	9	32	
8	17	4	23	2	19	
9	42	5	38	
0	14	3	15	
9	32	7	46	5	36	2	44	3	27	
5	21	
6	46	2	35	4	26	9	29	
6	5	9	19	0	23	3	15	
7	49	5	44	2	30	
9	12	
5	29	4	43	2	34	
0	16	1	14	
6	49	
4	19	
9	33	7	45	0	31	8	50	5	35	
4	16	2	23	6	19	
5	46	4	26	
9	3	1	13	4	16	3	23	
1	46	5	38	3	39	4	27	7	29	
5	18	
3	49	2	39	1	42	
0	16	
9	39	0	46	
7	1	5	10	2	17	8	21	3	18	
8	31	
1	4	9	10	3	23	5	19	2	12	
9	27	2	48	3	46	8	28	
0	3	4	5	5	16	
5	45	
5	3	
1	45	8	48	9	26	
5	5	7	21	
2	46	7	49	9	26	3	45	4	33	
1	9	5	4	4	11	7	19	3	16	
0	43	3	28	
8	16	5	10	3	18	
5	27	
7	11	1	21	3	15	6	3	4	9	
4	44	5	50	0	43	9	29	7	30	
4	9	3	10	
2	36	6	40	4	32	8	44	
7	9	8	20	
7	46	9	28	3	49	5	44	2	30	
3	9	4	6	8	23	7	3	
0	28	9	33	
6	17	8	21	
8	31	5	37	2	45	6	35	9	28	

Three processing times per job on each machine
The best scenario
487	855	472	
519	591	865	
603	149	574	
623	772	531	
369	404	283	
470	449	506	
292	293	603	
280	260	339	
171	856	927	
1000	495	762	
634	393	841	
829	524	591	
349	468	212	
649	518	459	
583	262	1122	
309	107	410	
179	137	173	
63	200	67	
586	794	330	
267	274	157	
263	441	642	
345	196	125	
274	144	61	
802	390	450	
271	565	545	
269	93	375	
267	295	270	
762	871	338	
526	1331	902	
158	307	944	
481	694	682	
342	617	244	
286	338	233	
316	194	364	
522	846	512	
620	279	674	
362	870	753	
449	672	288	
657	341	240	
445	528	403	
601	613	466	
1241	422	919	
72	135	241	
319	955	613	
664	317	361	
118	93	69	
380	386	319	
384	636	329	
1214	460	619	
241	243	673	
Most likely scenario
624	880	542	
1009	920	1087	
735	231	673	
1044	1009	680	
414	766	481	
569	456	539	
461	389	810	
396	273	650	
336	895	1284	
1245	603	1041	
883	467	863	
970	536	923	
356	666	252	
747	615	756	
935	415	1374	
336	187	509	
316	209	258	
90	247	89	
861	1348	660	
328	305	234	
425	713	698	
349	280	148	
292	150	119	
1348	705	510	
307	944	556	
296	180	480	
319	409	286	
1413	1291	473	
733	1418	1149	
302	313	959	
530	878	703	
417	1102	294	
406	406	407	
338	258	679	
769	903	576	
847	400	790	
460	1081	1348	
472	913	406	
677	657	357	
659	561	575	
757	840	467	
1316	597	1200	
133	154	277	
455	1131	800	
975	594	476	
127	163	84	
489	478	449	
655	656	413	
1257	700	928	
245	264	682	
The worst scenario
902	1296	573	
1341	1199	1261	
806	260	918	
1322	1510	967	
596	909	507	
663	684	775	
612	458	1128	
406	338	773	
472	1318	1845	
1436	894	1553	
1141	683	905	
1141	706	1074	
424	825	281	
748	795	779	
1064	561	2001	
417	263	573	
370	215	307	
125	294	120	
927	1830	751	
443	444	245	
606	878	878	
490	319	177	
352	160	135	
1900	977	538	
337	1364	782	
392	219	530	
329	468	375	
2098	1832	653	
747	1570	1282	
321	356	1281	
749	1078	794	
434	1382	336	
596	540	418	
412	339	680	
904	1071	829	
1269	402	1175	
578	1404	1942	
566	1060	598	
802	733	431	
891	678	862	
860	1113	597	
1336	726	1572	
150	157	292	
669	1623	1031	
1301	646	609	
186	240	98	
608	489	452	
822	942	504	
1499	835	1369	
249	310	796	
