Factories	6	Jobs	50	Machines	2

Total number of component types per job processed by HSPM
5	8	10	10	5	11	11	7	9	5	7	10	10	9	6	7	8	7	7	5	8	6	10	8	9	5	7	11	11	9	7	10	9	10	10	6	9	6	8	10	10	10	12	6	5	6	6	10	7	8	

Total number of component types per job processed by MFPM
3	2	1	2	3	1	1	4	5	1	5	2	4	4	5	3	1	4	5	4	4	1	2	3	1	5	3	5	1	2	1	4	3	4	1	2	5	2	3	2	2	2	3	2	2	2	5	5	4	3	

All component type numbers for each job to be processed by HSPM
4	45	18	70	6	38	12	52	1	53	
16	48	6	60	18	25	14	54	15	44	4	16	3	37	1	74	
13	48	1	75	0	68	14	36	7	56	9	43	2	37	11	30	5	21	16	11	
8	44	12	50	5	31	15	15	2	33	19	68	11	63	3	53	0	47	18	52	
10	69	3	60	2	75	8	3	1	4	
1	55	6	2	17	63	5	45	10	3	2	27	14	18	16	61	15	17	3	22	0	5	
5	8	16	26	1	6	11	50	10	31	8	30	4	3	3	52	18	28	19	66	17	23	
0	67	9	71	13	38	14	14	1	63	3	61	8	72	
6	25	16	1	8	28	5	47	3	2	17	23	18	31	19	39	11	45	
6	16	11	46	7	72	13	34	0	67	
17	16	1	27	14	58	5	41	7	70	2	64	0	11	
7	63	0	42	8	20	19	61	2	32	9	25	3	8	5	26	6	37	16	36	
4	60	10	48	1	6	2	7	7	51	9	2	11	29	13	30	15	27	14	21	
2	9	10	28	14	71	12	35	4	56	16	50	5	59	17	55	11	70	
11	45	12	19	3	26	18	74	0	57	6	12	
0	31	4	44	5	42	9	62	10	19	1	37	19	13	
14	51	2	46	7	1	5	17	19	8	18	19	4	3	9	55	
10	57	11	56	16	66	12	60	7	67	1	40	0	50	
16	9	19	49	2	26	3	47	12	36	1	32	18	68	
0	4	6	2	12	72	4	34	11	46	
14	45	7	24	18	14	0	28	19	19	3	75	4	56	1	73	
3	61	0	58	5	33	18	64	19	4	10	8	
14	4	11	44	19	24	0	8	4	39	16	41	13	74	2	49	12	9	18	73	
10	69	15	9	0	61	19	60	8	20	18	4	16	50	11	29	
18	70	4	32	0	33	1	65	10	38	14	43	7	66	12	57	8	74	
2	36	0	51	7	41	14	64	11	58	
4	60	3	49	16	56	5	67	6	5	8	28	9	36	
18	18	14	5	4	54	17	13	10	63	12	61	3	60	6	43	1	52	11	24	13	22	
6	14	13	45	2	58	14	49	1	29	7	17	4	34	17	50	5	52	11	40	3	75	
16	36	1	23	12	70	0	55	6	48	15	25	13	26	17	61	8	14	
8	28	9	45	19	51	7	40	4	68	0	75	11	18	
1	55	6	52	16	23	4	20	17	65	14	53	2	9	0	22	13	10	12	35	
7	9	5	11	12	34	8	49	0	43	9	68	14	14	6	62	13	40	
14	58	4	42	19	18	8	19	1	24	3	67	11	38	6	52	9	63	10	6	
12	34	5	8	13	75	3	63	19	42	18	70	4	60	16	62	14	57	8	56	
2	43	13	59	16	75	14	4	6	65	5	41	
18	60	9	57	0	33	1	55	17	16	10	38	16	6	4	53	19	15	
19	29	4	3	10	4	16	5	15	50	5	51	
16	10	0	17	19	69	2	5	9	48	10	56	6	33	17	42	
17	43	19	5	2	58	11	28	16	32	7	7	18	66	9	55	4	52	12	56	
0	11	14	25	8	67	13	74	1	49	4	37	2	72	16	13	7	44	18	45	
10	1	2	74	9	21	17	30	19	61	15	47	18	39	3	60	8	69	6	75	
5	45	15	31	7	68	8	33	11	1	17	72	2	2	9	13	12	51	0	41	14	49	19	14	
8	39	19	61	9	46	4	56	11	74	0	57	
14	19	17	1	8	46	19	18	11	12	
4	36	14	50	15	41	3	56	17	20	18	28	
2	38	19	74	1	59	6	25	5	19	8	13	
13	46	10	65	19	9	17	67	7	47	11	61	12	22	18	49	1	12	5	64	
16	6	18	1	5	60	15	26	3	5	2	7	19	25	
10	22	1	61	14	57	12	62	3	68	9	38	2	66	17	34	

All component type numbers for each job to be processed by MFPM
7	24	4	7	8	21	
8	3	1	24	
0	12	
6	21	7	20	
7	16	4	15	5	8	
3	10	
4	17	
0	7	8	8	1	13	4	24	
4	2	6	18	2	7	7	6	8	14	
8	1	
6	15	1	5	5	23	8	20	0	2	
9	6	7	17	
0	19	4	13	1	22	2	16	
0	9	8	19	4	20	1	14	
0	3	5	11	1	5	9	8	3	15	
2	20	9	2	8	8	
7	23	
9	12	8	18	5	15	7	20	
4	8	8	15	3	17	5	22	9	23	
2	6	7	25	1	3	4	20	
7	25	6	4	3	24	1	15	
1	2	
3	19	9	4	
5	8	7	16	2	10	
3	15	
0	20	1	12	8	9	5	4	3	13	
0	7	9	8	6	5	
0	4	4	8	2	15	1	3	3	25	
1	10	
9	18	1	8	
9	21	
7	18	9	14	2	24	3	5	
9	4	7	18	4	1	
1	2	6	13	7	3	2	23	
0	6	
4	23	7	8	
7	25	8	6	5	19	4	12	2	18	
5	12	7	22	
4	5	9	9	5	23	
5	4	6	13	
7	25	4	22	
8	20	5	9	
0	16	9	1	7	13	
8	5	2	14	
8	18	4	22	
3	24	8	3	
8	15	1	12	3	23	2	19	5	2	
3	2	1	25	5	9	2	14	4	13	
4	5	0	12	7	10	6	21	
3	22	1	21	8	8	

Three processing times per job on each machine
The best scenario
264	482	
501	688	
162	160	
94	172	
721	775	
339	313	
460	139	
290	502	
423	798	
108	214	
298	857	
948	853	
110	63	
1001	905	
321	151	
769	450	
860	1107	
247	175	
294	315	
628	294	
36	47	
109	74	
408	760	
288	274	
158	198	
394	308	
262	297	
641	523	
350	885	
64	59	
488	712	
297	465	
253	221	
589	723	
464	506	
659	248	
954	1202	
61	49	
357	474	
289	251	
61	84	
157	197	
478	406	
578	923	
345	348	
137	324	
379	283	
178	257	
818	875	
322	293	
Most likely scenario
471	550	
553	1025	
218	204	
99	178	
757	1010	
373	480	
725	257	
532	832	
632	887	
155	230	
532	974	
999	1084	
131	122	
1310	1052	
468	200	
913	475	
941	1331	
466	266	
415	610	
658	297	
60	89	
200	136	
730	829	
421	399	
187	250	
544	507	
445	360	
987	716	
414	985	
90	88	
823	828	
310	481	
260	249	
1140	1252	
649	724	
858	411	
1128	1317	
69	73	
445	548	
306	262	
67	121	
260	229	
584	601	
678	1048	
472	392	
185	471	
428	319	
276	266	
986	1064	
369	334	
The worst scenario
484	687	
735	1175	
277	303	
110	186	
823	1316	
543	592	
853	283	
540	1124	
681	923	
181	290	
795	1227	
1219	1606	
138	158	
1600	1393	
589	258	
1334	604	
1167	1432	
508	316	
590	847	
781	322	
70	97	
298	140	
763	1153	
505	469	
267	286	
569	740	
546	377	
1236	925	
520	1198	
101	121	
1004	979	
330	514	
272	347	
1382	1701	
971	1006	
1242	616	
1250	1687	
100	108	
577	570	
326	294	
87	136	
318	271	
664	688	
836	1097	
479	482	
246	666	
589	426	
279	363	
1221	1349	
452	391	
