Factories	6	Jobs	50	Machines	3

Total number of component types per job processed by HSPM
9	6	7	7	5	6	7	11	7	6	8	11	9	6	12	6	7	10	6	6	12	5	12	12	12	8	6	5	9	10	7	12	10	12	12	7	8	5	11	6	11	12	6	9	5	12	8	9	5	5	

Total number of component types per job processed by MFPM
1	2	1	4	4	2	4	5	5	1	2	2	5	1	3	4	2	3	2	1	4	3	5	3	5	2	3	1	2	2	1	3	1	4	4	2	4	3	3	3	3	5	4	4	4	4	2	1	1	3	3	5	3	5	3	4	5	3	3	1	5	1	3	3	1	4	5	1	2	4	5	2	5	2	5	1	3	5	3	4	1	1	4	5	5	3	3	4	1	4	3	2	3	5	4	4	2	1	4	2	

All component type numbers for each job to be processed by HSPM
12	22	7	18	13	35	19	63	8	20	9	30	16	48	1	17	14	38	
14	41	7	5	9	27	12	26	0	63	1	73	
5	57	2	30	18	50	11	54	13	60	12	9	9	26	
3	33	12	6	13	75	15	4	6	8	8	22	10	65	
19	55	17	8	11	75	16	14	13	72	
16	33	15	59	19	72	1	61	18	39	4	25	
0	19	16	4	4	46	7	25	5	24	13	68	10	38	
5	62	7	34	16	49	9	4	14	47	2	1	18	13	3	58	12	50	0	3	6	57	
11	60	16	53	19	4	18	3	12	10	5	65	7	27	
2	10	16	43	7	60	15	9	9	34	10	54	
11	46	15	57	5	66	6	52	1	16	0	26	18	75	14	73	
18	10	0	14	2	74	1	8	19	17	17	55	13	33	8	26	12	57	3	37	6	45	
16	72	15	75	5	63	0	46	8	7	2	5	11	12	17	14	14	67	
12	56	10	21	13	6	0	42	15	65	7	51	
0	69	12	62	11	63	9	14	1	58	13	34	5	12	17	66	3	46	19	22	4	72	16	70	
0	17	10	38	14	74	11	44	7	32	9	29	
10	61	18	17	8	39	5	6	16	14	19	19	11	16	
6	25	18	69	5	37	10	43	16	20	7	19	1	7	17	73	15	30	9	49	
19	16	16	75	5	23	12	22	4	43	9	53	
1	52	3	51	4	31	6	28	15	23	14	53	
2	56	5	1	12	52	11	26	4	29	9	13	0	20	18	61	3	27	6	72	19	46	16	65	
4	42	8	69	6	38	14	32	19	22	
5	47	2	24	19	34	1	50	18	59	3	73	8	19	11	23	6	4	13	66	7	51	10	31	
16	22	6	25	15	1	4	55	10	53	11	71	1	29	0	50	14	33	17	13	5	32	12	58	
12	34	4	27	11	46	18	6	5	54	8	37	16	60	6	16	19	55	7	1	14	64	10	57	
14	60	5	70	2	18	17	14	19	1	3	23	7	25	11	66	
6	62	9	25	5	72	14	66	11	15	1	41	
0	17	10	61	5	22	12	51	4	66	
4	61	17	49	19	36	8	28	2	17	9	32	18	55	3	72	13	60	
2	14	6	42	4	15	14	56	3	63	10	51	8	55	7	9	18	69	9	72	
0	7	7	38	19	75	12	4	8	18	6	58	5	11	
8	72	14	45	1	8	12	50	4	24	19	57	9	54	15	2	2	53	5	17	17	30	7	21	
4	24	3	19	1	1	10	18	7	50	19	2	15	57	17	5	14	40	12	34	
15	38	7	13	4	61	2	32	10	59	9	63	1	49	17	51	5	46	8	36	13	10	11	48	
19	6	16	14	15	36	10	47	14	60	6	32	9	2	7	40	8	56	2	29	11	9	4	59	
4	26	13	14	6	4	11	61	2	72	10	45	0	47	
17	6	1	66	16	33	2	52	8	21	18	36	7	15	14	25	
19	1	2	31	3	56	9	6	12	35	
9	63	13	1	15	52	8	5	0	47	2	39	14	21	1	73	19	59	18	64	17	7	
17	33	13	38	6	67	0	46	10	7	8	57	
9	49	10	58	13	48	12	7	4	8	14	26	16	25	15	30	5	38	8	59	1	75	
10	17	8	42	17	71	1	60	13	49	16	5	2	65	11	55	5	19	19	34	12	39	0	74	
3	20	10	69	17	68	6	52	9	6	4	50	
3	40	15	37	7	71	14	54	16	11	6	64	18	50	8	20	17	59	
16	25	18	52	9	30	7	21	11	17	
2	23	15	52	5	49	4	39	9	30	8	4	6	41	13	58	10	9	3	24	16	14	17	12	
8	58	10	25	5	48	15	16	19	1	11	32	7	5	18	69	
6	41	9	7	4	42	5	58	3	44	18	69	13	10	2	8	10	48	
16	64	5	57	17	70	14	20	8	71	
9	70	19	72	3	57	10	58	8	34	

All component type numbers for each job to be processed by MFPM
4	16	
7	35	4	28	
2	15	
8	40	9	27	0	35	6	48	
4	4	0	21	2	10	5	19	
8	39	5	31	
5	15	2	12	1	4	3	17	
9	49	8	40	3	34	6	27	7	47	
3	14	7	8	0	7	1	20	4	23	
9	33	
3	1	7	14	
4	38	9	29	
7	16	9	24	4	14	3	1	2	5	
8	40	
1	4	0	15	2	5	
1	40	8	43	6	27	4	28	
2	9	8	4	
6	38	8	49	0	45	
1	2	9	25	
8	31	
1	9	9	15	6	19	7	21	
9	26	8	28	1	43	
2	3	5	23	9	21	7	16	8	10	
6	29	5	33	0	37	
5	2	7	19	6	8	4	7	9	23	
7	26	3	39	
5	18	0	22	8	19	
3	41	
0	10	7	14	
0	29	4	28	
9	21	
9	46	7	40	2	30	
2	5	
9	44	4	30	5	50	7	48	
7	2	4	4	1	16	5	8	
6	33	2	50	
0	4	3	14	2	13	7	19	
9	42	8	50	5	37	
1	10	6	25	9	16	
8	26	2	43	5	39	
6	12	3	10	4	11	
6	45	7	29	8	26	9	31	4	39	
7	5	2	6	4	17	9	20	
0	35	6	26	5	29	8	48	
3	16	1	10	0	7	8	5	
9	46	5	30	2	33	4	49	
7	22	2	13	
4	47	
6	4	
7	26	6	34	1	29	
2	17	3	15	8	18	
6	33	2	42	4	46	0	26	9	41	
6	10	1	16	7	9	
4	48	7	34	3	49	0	39	5	30	
7	4	8	21	1	9	
4	40	9	36	2	38	5	27	
9	19	6	17	8	8	0	16	5	18	
9	44	0	41	5	28	
1	7	3	12	8	6	
3	38	
1	6	4	2	7	18	8	16	3	12	
2	30	
0	20	2	22	4	6	
7	43	5	41	6	28	
6	1	
1	50	7	28	8	48	2	36	
9	1	0	20	3	22	5	10	8	21	
6	34	
3	17	8	11	
7	32	0	36	8	46	9	37	
3	8	5	2	2	10	0	3	9	11	
6	39	7	50	
3	19	8	12	4	20	1	23	2	6	
1	30	7	46	
8	16	1	17	6	15	3	20	5	4	
1	37	
7	8	0	6	2	23	
0	41	8	38	5	46	3	36	2	30	
8	12	9	9	5	4	
2	42	8	26	4	48	6	41	
4	17	
7	38	
9	20	2	7	5	3	0	23	
8	41	9	42	5	35	4	48	0	44	
0	25	2	1	3	4	9	14	7	12	
3	30	8	37	5	45	
0	15	2	1	9	8	
4	47	9	31	7	26	8	38	
4	2	
3	39	9	40	6	49	1	45	
4	2	0	17	6	25	
9	30	8	47	
9	15	8	20	4	10	
9	29	1	39	5	48	6	44	0	47	
3	18	4	6	8	21	1	23	
8	27	9	36	2	43	6	37	
8	4	3	20	
5	44	
6	20	3	17	4	7	5	1	
8	26	6	45	

Three processing times per job on each machine
The best scenario
590	914	1261	
485	301	404	
397	235	516	
269	256	351	
99	163	142	
401	370	632	
689	389	328	
532	536	282	
209	679	213	
193	223	611	
164	236	396	
209	268	379	
587	270	434	
369	300	322	
515	316	445	
190	175	218	
758	724	346	
920	454	875	
425	678	308	
179	289	615	
716	328	888	
152	438	220	
431	761	1048	
209	521	702	
275	432	620	
454	123	667	
277	415	174	
642	705	437	
601	269	364	
52	74	65	
405	530	526	
656	329	520	
947	665	225	
87	177	125	
365	383	894	
704	863	395	
456	601	691	
511	405	348	
421	420	835	
98	116	71	
206	71	155	
424	638	616	
455	903	414	
273	766	589	
320	257	386	
658	303	309	
515	480	240	
421	206	360	
737	278	326	
109	113	75	
Most likely scenario
611	1272	1553	
614	485	462	
484	286	565	
472	313	562	
195	177	150	
467	692	676	
1151	584	649	
535	686	505	
323	851	367	
350	263	723	
165	422	473	
210	407	556	
794	459	847	
628	302	418	
576	518	455	
222	290	372	
993	786	599	
1010	547	1032	
561	720	458	
320	422	787	
1219	403	1358	
209	451	322	
846	1075	1258	
300	613	879	
317	855	709	
599	242	783	
453	545	280	
726	1074	627	
648	305	538	
93	96	71	
723	793	831	
1111	474	887	
1130	828	406	
97	346	140	
376	584	972	
766	1148	765	
629	717	873	
683	802	370	
721	426	873	
136	186	92	
352	141	236	
552	934	726	
671	1028	767	
320	914	640	
324	431	641	
903	369	383	
861	939	465	
524	368	692	
860	394	624	
169	198	122	
The worst scenario
864	1738	1690	
659	555	623	
544	306	659	
698	413	689	
264	248	172	
585	988	735	
1598	869	761	
657	1029	641	
418	915	534	
436	345	1019	
229	601	609	
276	478	660	
1025	470	921	
817	359	446	
586	578	618	
298	315	526	
1089	857	752	
1186	737	1316	
640	941	595	
390	587	952	
1389	511	1622	
312	603	333	
1124	1224	1441	
430	753	1165	
444	948	867	
801	291	927	
517	692	400	
930	1486	797	
858	341	578	
137	136	89	
1001	848	877	
1489	475	928	
1386	1022	527	
119	368	177	
517	591	1159	
793	1574	1066	
905	821	1241	
904	918	484	
1051	507	1186	
193	259	93	
504	153	310	
824	1139	879	
920	1416	850	
477	1293	960	
431	565	664	
1087	451	483	
1124	1028	471	
765	517	1030	
1001	490	832	
193	220	178	
