Factories	3	Jobs	150	Machines	2

Total number of component types per job processed by HSPM
8	11	6	9	12	8	9	7	7	6	12	8	11	12	7	7	5	8	11	7	5	5	10	5	6	6	8	11	6	12	8	7	8	12	10	11	8	5	11	5	6	8	5	10	8	9	9	7	9	5	10	8	6	12	12	5	10	9	5	9	8	8	10	12	9	7	5	12	7	8	6	8	10	6	8	5	8	6	6	12	10	9	5	12	5	7	11	12	6	5	8	12	10	9	12	12	5	6	9	12	9	12	11	6	9	9	5	9	6	6	6	8	10	11	12	11	11	5	7	11	10	9	9	11	5	9	5	6	10	6	6	12	5	6	9	9	12	9	5	7	9	7	9	10	7	12	8	12	8	6	

Total number of component types per job processed by MFPM
3	5	3	4	3	3	5	4	2	5	4	3	3	3	4	1	5	5	3	1	3	5	3	1	5	2	2	3	1	3	1	5	1	3	3	3	1	4	2	3	4	3	3	4	3	5	5	1	4	1	1	4	2	1	5	5	3	2	3	2	4	4	1	3	4	1	1	2	4	3	1	1	3	3	3	2	1	1	2	5	2	2	4	3	4	5	5	3	1	4	1	4	2	2	2	4	2	2	2	3	4	5	4	5	5	1	2	3	2	1	1	1	1	4	3	1	1	4	4	4	2	1	4	3	2	4	1	5	3	3	5	3	2	3	2	1	4	4	1	5	3	5	5	5	5	2	5	3	5	4	

All component type numbers for each job to be processed by HSPM
3	56	8	40	12	38	18	62	6	61	7	30	2	24	1	55	
14	16	8	74	7	51	18	4	12	38	11	49	3	65	17	21	0	10	2	30	5	5	
2	9	12	7	8	15	5	56	3	17	16	53	
2	71	0	45	10	44	16	63	11	48	7	50	17	21	6	67	8	55	
10	3	8	23	7	74	12	21	19	65	18	25	0	59	16	30	2	17	3	63	14	26	9	67	
11	12	14	56	6	59	7	7	5	63	1	13	15	3	13	27	
4	54	6	15	12	37	13	30	3	63	17	69	1	50	15	6	16	42	
4	19	0	72	7	69	18	33	19	71	13	50	12	32	
5	49	7	5	12	36	19	2	16	16	6	69	4	34	
3	24	11	16	9	35	10	27	4	47	18	34	
16	68	13	24	7	60	18	6	1	69	0	36	15	34	5	15	4	5	2	8	8	45	6	65	
4	62	5	73	9	5	3	75	13	69	11	36	16	9	10	45	
10	21	8	5	0	43	12	42	1	13	17	65	5	50	11	48	19	31	18	7	14	51	
13	4	8	7	2	1	7	38	16	8	12	20	0	45	5	10	6	64	15	53	18	14	10	48	
12	27	5	55	14	72	15	33	3	34	11	3	9	19	
12	21	2	8	8	14	6	49	13	72	4	27	19	41	
19	38	5	66	8	9	13	42	18	28	
10	36	17	71	8	35	16	3	15	46	4	22	3	38	18	47	
11	64	9	61	1	51	17	4	2	62	12	35	8	70	4	9	19	27	3	15	14	28	
13	58	10	16	6	3	1	14	9	45	4	73	3	44	
15	51	0	73	19	31	4	2	5	5	
0	22	8	52	10	21	9	17	2	50	
4	27	6	61	16	44	14	34	7	72	9	54	0	31	1	56	12	14	2	67	
7	61	18	30	8	53	12	43	3	46	
14	35	0	49	13	22	19	30	3	8	10	46	
1	26	4	39	3	74	18	31	0	23	2	50	
5	22	6	65	7	50	16	73	19	12	11	33	4	41	13	26	
17	32	3	1	10	23	12	66	6	64	5	47	18	71	4	39	9	10	11	69	8	30	
11	58	14	49	19	17	18	63	12	34	15	53	
11	22	16	7	4	58	12	27	2	45	14	12	18	5	0	64	5	46	6	49	13	59	15	41	
6	64	7	43	2	16	9	39	3	59	19	44	16	1	17	31	
5	17	8	62	18	4	15	16	11	9	0	48	19	63	
9	33	14	14	11	2	17	36	12	67	6	17	3	39	18	28	
12	3	18	1	10	46	8	20	6	30	16	39	1	57	0	45	19	6	4	33	13	29	5	2	
9	17	7	56	0	7	16	16	3	19	13	47	10	21	14	50	8	3	5	4	
2	68	16	45	4	74	13	9	12	13	19	15	8	56	9	73	10	12	3	35	0	29	
12	41	3	7	10	30	6	8	13	48	7	36	19	37	5	45	
12	57	8	9	7	35	14	12	15	8	
4	11	0	57	19	19	16	55	11	60	3	25	18	2	12	26	1	41	17	20	8	28	
2	42	13	4	8	1	11	48	0	33	
11	28	6	55	8	2	5	44	2	30	14	59	
0	55	16	67	8	17	15	29	9	49	4	74	10	50	19	75	
6	59	2	7	19	10	1	64	8	62	
17	35	5	29	8	44	15	57	18	10	11	4	10	17	19	36	14	33	3	70	
3	54	12	69	18	20	15	35	1	12	8	9	2	10	5	5	
19	38	17	42	5	51	13	35	8	30	2	49	18	74	9	22	3	44	
0	4	3	70	14	60	12	55	16	2	15	47	2	59	1	61	8	19	
7	60	4	67	10	4	3	26	11	74	18	32	15	57	
16	4	1	21	10	36	17	9	11	15	5	58	14	60	8	57	12	38	
12	56	7	28	17	20	9	15	14	49	
14	68	18	59	9	40	0	50	2	24	1	61	5	41	7	13	19	44	3	65	
12	57	19	71	6	58	16	10	15	33	10	23	18	5	2	36	
11	45	19	41	10	8	13	5	2	24	7	34	
16	47	4	51	8	17	13	23	17	46	19	4	11	36	15	54	2	9	18	40	9	50	14	7	
19	75	0	43	17	66	14	67	10	65	1	27	2	40	11	21	7	48	5	52	13	31	12	62	
12	67	7	46	5	43	15	27	14	22	
5	15	9	61	12	64	3	14	18	32	16	51	0	31	2	50	14	23	6	20	
6	12	19	5	12	64	18	34	9	6	7	8	3	15	14	32	11	61	
12	8	5	48	1	38	17	47	10	2	
6	30	7	13	10	56	15	11	3	47	18	24	11	4	4	37	12	12	
3	44	14	18	15	50	16	22	18	37	6	45	12	32	8	66	
5	53	3	47	19	10	15	11	7	25	11	23	4	4	8	9	
16	12	6	73	2	31	13	8	0	46	8	69	1	7	12	57	11	19	4	54	
12	4	6	23	15	8	8	20	16	30	0	47	14	28	2	17	11	70	10	69	19	1	9	39	
19	54	13	19	1	2	15	5	18	22	4	20	12	56	8	61	5	21	
9	8	14	48	5	24	15	15	0	67	8	43	3	40	
12	16	6	24	1	15	7	26	0	2	
10	51	2	68	9	21	0	41	12	8	19	26	6	17	8	66	4	1	16	45	7	64	5	38	
13	57	4	24	6	21	1	63	2	36	0	11	17	69	
5	69	9	40	10	7	13	56	6	68	3	62	7	10	17	51	
13	73	15	29	16	57	19	40	7	37	11	19	
0	45	12	44	11	31	7	36	9	67	13	30	18	68	14	53	
19	21	11	53	17	24	5	48	4	15	7	54	3	32	0	4	8	50	6	44	
12	8	1	1	16	23	14	14	15	3	9	37	
4	14	17	19	14	49	9	74	5	52	3	71	0	60	19	11	
10	34	5	17	6	27	13	2	16	14	
13	65	15	45	6	1	11	28	9	75	10	52	7	67	14	9	
11	11	6	26	18	18	13	4	12	54	19	37	
0	6	14	22	1	70	6	34	9	72	5	14	
14	66	13	55	2	70	11	47	7	58	9	65	4	54	18	14	16	18	12	4	3	38	15	41	
11	10	4	30	5	11	18	54	8	74	16	38	6	19	2	60	1	21	19	46	
5	33	12	38	6	39	8	75	14	12	17	49	16	70	10	36	0	54	
6	42	15	6	9	60	14	67	19	19	
0	4	5	32	7	66	12	30	18	57	9	65	14	24	4	64	19	28	13	13	11	69	17	35	
17	39	3	8	4	69	8	38	10	71	
16	3	15	62	19	58	9	29	10	63	12	53	0	42	
9	8	3	40	7	70	5	62	11	18	12	44	1	39	6	28	16	20	13	32	8	17	
4	67	0	57	11	25	9	48	12	33	14	21	17	12	3	60	10	4	8	23	1	24	18	43	
16	22	12	56	2	13	10	69	1	12	14	60	
12	5	2	72	4	60	8	39	16	13	
4	1	1	13	19	23	3	54	0	40	13	31	14	29	10	45	
12	64	2	58	11	46	5	34	13	32	18	2	1	49	14	8	10	4	0	69	4	30	15	44	
15	23	10	3	13	24	9	17	3	43	1	70	0	36	18	28	6	74	4	18	
10	44	5	8	13	5	1	12	15	74	18	59	19	27	14	54	11	29	
8	36	2	12	3	4	15	70	7	9	12	7	1	17	18	6	0	72	19	42	14	1	6	60	
5	32	13	4	0	75	4	10	7	30	18	33	10	65	12	40	2	41	14	74	9	15	3	73	
0	8	13	47	19	56	1	23	6	6	
8	30	13	59	6	46	19	18	15	4	3	35	
0	49	8	69	12	64	4	41	1	70	2	1	15	14	17	44	7	32	
16	32	5	61	13	67	18	72	12	73	11	45	7	33	10	70	19	71	9	31	6	59	14	7	
7	34	5	49	6	4	3	64	4	5	13	16	1	8	2	1	9	14	
15	48	11	51	1	32	19	52	4	21	0	13	9	61	17	26	5	34	10	11	8	16	2	36	
17	57	14	64	16	40	7	42	15	18	13	72	19	3	0	30	10	69	2	59	18	23	
7	54	10	55	1	56	9	15	16	71	14	39	
7	39	6	22	9	48	15	28	13	43	18	53	10	14	8	35	16	25	
17	27	3	38	4	59	0	43	14	28	11	5	9	40	10	3	18	49	
10	55	18	22	5	26	3	71	7	72	
6	50	14	75	17	67	3	30	13	16	15	54	1	1	19	62	4	17	
13	1	5	30	12	9	4	40	7	75	0	69	
18	54	13	19	5	39	19	45	7	34	12	69	
17	67	9	16	2	8	16	70	3	23	6	43	
16	26	5	8	7	51	14	11	6	73	9	74	17	70	3	7	
1	39	5	62	15	3	11	7	10	21	3	51	16	64	0	28	8	16	17	30	
11	26	19	38	13	10	4	68	5	66	18	58	10	40	15	5	6	32	12	63	7	73	
18	51	8	37	11	56	19	20	15	49	7	57	17	39	10	38	14	53	1	45	13	73	16	34	
0	9	19	55	10	58	3	20	1	23	9	50	13	5	12	66	15	68	18	43	17	12	
17	71	8	45	0	55	3	8	1	43	16	21	11	3	5	61	7	10	14	31	9	11	
17	34	15	41	0	19	5	43	4	55	
5	7	8	39	9	29	7	75	16	47	6	63	0	9	
6	55	18	42	13	20	3	2	14	70	10	41	1	35	4	31	17	38	0	26	12	73	
13	19	9	14	18	1	7	59	1	57	11	64	14	44	10	12	0	65	17	74	
15	49	17	11	13	66	9	17	1	12	5	53	12	18	8	56	11	2	
2	39	0	10	10	43	17	52	3	66	5	9	12	7	4	41	8	4	
5	38	9	44	18	68	11	24	4	41	6	31	16	52	10	54	14	30	12	37	3	3	
1	23	3	38	6	61	15	51	2	35	
2	58	4	2	15	48	0	1	8	39	11	23	13	71	9	20	17	44	
14	41	3	6	16	72	19	33	2	19	
2	68	11	51	17	57	5	74	6	27	0	71	
10	69	5	4	12	52	7	40	3	23	15	54	1	33	6	48	9	32	19	68	
17	57	8	6	7	62	2	25	13	39	10	36	
15	5	2	9	19	34	11	57	10	23	9	48	
14	66	6	9	18	47	3	17	4	28	7	6	15	16	0	55	12	63	16	64	5	21	13	44	
18	42	13	52	7	13	15	47	4	67	
18	26	2	3	16	13	7	69	17	33	0	47	
4	54	5	56	14	16	9	38	3	75	17	34	16	62	6	53	18	27	
6	43	13	57	9	7	11	73	15	10	4	41	7	40	0	55	3	69	
15	6	9	3	4	27	11	53	7	45	2	5	16	66	14	43	10	30	1	68	8	48	5	29	
7	1	12	27	2	4	17	49	16	70	13	61	6	10	0	24	11	43	
9	26	16	25	12	63	0	50	18	60	
18	20	14	55	12	65	3	11	0	52	10	8	9	53	
1	14	8	48	17	11	14	3	9	26	10	28	19	21	16	71	0	59	
19	44	2	24	17	1	6	42	10	51	14	14	0	68	
15	73	0	3	1	61	16	16	14	31	17	30	10	67	3	75	11	49	
5	54	17	68	12	43	3	72	1	30	7	25	4	23	18	46	19	60	6	50	
12	59	11	14	7	9	6	26	9	66	4	20	1	58	
4	75	13	41	12	63	18	30	17	62	15	34	14	64	6	14	2	17	7	26	1	68	8	4	
16	44	8	23	4	65	6	67	14	69	10	55	12	54	11	59	
5	75	7	63	18	38	4	50	6	11	15	7	3	4	19	9	0	13	11	19	8	8	1	59	
15	36	11	61	12	69	6	28	1	2	18	68	10	37	14	17	
15	73	3	18	4	31	18	15	9	70	11	36	

All component type numbers for each job to be processed by MFPM
3	10	4	6	5	14	
9	24	1	16	6	11	0	1	8	15	
5	24	8	4	3	22	
1	9	0	24	4	23	7	22	
2	9	6	5	1	18	
6	24	7	7	2	20	
3	25	9	15	2	5	7	21	5	23	
8	10	3	7	9	6	7	15	
8	16	4	6	
3	4	8	14	1	11	9	5	0	18	
8	19	0	1	6	25	3	3	
2	20	1	25	8	19	
0	20	6	6	4	10	
6	22	1	19	5	25	
9	15	4	23	8	14	6	5	
0	17	
2	12	8	20	7	19	3	25	5	6	
0	20	5	12	2	11	4	21	1	22	
8	5	4	3	1	11	
3	17	
1	14	9	19	3	1	
3	4	4	18	5	8	0	9	1	20	
9	23	6	13	0	12	
8	25	
9	11	2	20	6	16	5	7	3	4	
7	21	5	24	
0	17	3	10	
6	17	9	19	7	5	
5	7	
1	9	6	16	3	10	
0	11	
4	25	8	19	5	2	2	10	7	8	
4	23	
4	6	1	1	7	17	
4	5	5	13	2	16	
7	25	6	3	9	1	
6	25	
5	22	0	3	9	4	6	16	
6	12	0	19	
0	9	8	25	4	11	
5	25	7	8	0	11	9	14	
9	8	0	22	7	7	
7	20	8	25	2	22	
0	5	4	14	1	20	2	4	
7	2	4	20	9	1	
3	11	8	5	7	16	9	7	0	8	
7	6	6	13	9	25	4	22	8	24	
8	24	
1	17	9	15	3	10	2	14	
9	6	
2	23	
2	14	0	15	5	5	3	1	
2	24	8	17	
4	5	
2	20	6	4	3	5	1	17	5	25	
8	22	6	20	5	14	0	1	4	4	
2	11	1	16	0	19	
6	15	9	7	
0	25	6	8	1	24	
5	1	2	16	
6	25	5	17	7	7	0	6	
5	25	0	13	3	7	2	24	
4	13	
2	4	4	23	6	11	
8	7	5	17	3	8	0	15	
5	23	
2	14	
0	24	1	14	
5	24	0	14	8	12	7	21	
6	2	5	5	3	7	
2	21	
3	16	
4	2	3	1	6	19	
8	11	9	25	4	17	
2	12	5	7	1	15	
8	24	9	19	
2	6	
8	13	
7	19	4	6	
6	2	7	4	2	25	1	9	9	15	
4	1	1	8	
3	12	6	15	
0	13	3	19	6	18	4	9	
2	12	7	11	1	5	
1	18	5	8	7	10	0	13	
4	14	9	19	3	23	0	8	2	5	
3	21	7	1	2	18	1	14	8	12	
0	7	2	25	1	16	
9	19	
6	7	9	9	5	25	2	18	
3	6	
3	3	9	6	4	14	6	10	
1	25	3	11	
1	12	7	16	
3	23	4	9	
1	20	5	10	3	19	6	6	
6	10	0	9	
2	15	4	23	
2	21	5	5	
6	25	1	11	4	15	
1	16	9	6	7	21	6	8	
8	7	7	15	1	3	0	20	5	25	
4	24	7	10	5	16	8	15	
6	24	2	18	3	10	7	11	0	21	
3	4	8	22	6	1	5	15	4	13	
8	19	
0	22	9	5	
0	6	9	16	5	10	
1	1	2	19	
3	7	
0	3	
1	16	
1	23	
0	17	4	16	5	22	9	12	
7	23	9	16	8	18	
7	21	
6	8	
9	10	4	3	5	21	0	2	
6	7	1	5	9	2	2	10	
0	7	7	6	2	9	8	3	
2	1	6	16	
6	17	
9	18	1	20	0	8	7	25	
5	1	7	12	3	11	
6	1	8	22	
9	8	0	7	7	19	5	3	
6	18	
8	5	0	23	4	9	3	1	5	8	
3	1	9	18	2	4	
6	18	3	16	9	19	
2	10	6	4	7	6	5	5	8	15	
8	2	9	22	7	18	
0	4	7	9	
6	22	8	25	3	5	
9	20	6	23	
6	18	
4	25	9	18	8	8	2	13	
5	17	8	15	3	3	1	14	
4	20	
9	15	2	12	5	6	4	22	1	9	
7	14	2	16	5	23	
6	16	4	3	7	7	8	15	0	18	
9	20	5	22	4	1	6	5	7	13	
5	5	1	25	9	16	3	17	7	18	
1	5	4	22	7	4	2	17	3	18	
8	2	5	23	
7	4	8	18	1	15	2	19	9	12	
3	23	6	25	0	9	
9	16	6	13	5	24	0	12	1	25	
3	18	0	14	7	12	5	7	

Three processing times per job on each machine
The best scenario
251	278	
141	241	
311	351	
176	308	
628	319	
270	407	
1041	398	
225	844	
165	69	
806	326	
55	82	
860	218	
265	255	
1170	365	
439	342	
352	329	
738	485	
289	204	
155	52	
217	277	
488	213	
776	592	
261	638	
435	250	
410	295	
368	541	
434	521	
544	727	
441	439	
630	295	
565	537	
636	670	
220	362	
1027	805	
295	391	
30	97	
189	442	
154	102	
175	163	
132	110	
350	474	
55	47	
718	422	
451	223	
188	127	
187	75	
182	237	
251	242	
446	271	
279	582	
360	491	
268	951	
739	240	
166	439	
594	679	
75	232	
196	145	
365	236	
406	83	
846	386	
230	353	
325	184	
452	456	
411	889	
882	506	
150	360	
502	727	
435	389	
557	178	
230	221	
132	444	
198	87	
499	687	
577	700	
155	35	
406	212	
195	177	
167	614	
361	92	
850	572	
755	161	
100	92	
481	716	
593	295	
446	698	
476	901	
723	292	
197	112	
325	331	
216	342	
430	283	
761	464	
157	164	
655	290	
289	235	
136	119	
290	459	
82	193	
486	642	
422	622	
138	287	
953	1106	
320	1398	
671	820	
702	957	
262	292	
638	991	
559	708	
823	619	
671	407	
441	193	
280	333	
231	258	
749	587	
517	117	
300	501	
164	136	
358	319	
773	628	
736	886	
341	325	
143	302	
139	55	
636	702	
323	227	
623	459	
148	174	
240	113	
161	240	
763	216	
191	133	
260	346	
277	300	
574	745	
200	172	
368	474	
325	359	
390	1043	
168	224	
779	608	
747	790	
692	657	
629	480	
206	287	
516	435	
116	161	
537	583	
407	664	
541	362	
624	531	
Most likely scenario
261	509	
142	330	
503	469	
241	445	
853	373	
484	409	
1458	723	
389	1064	
216	108	
988	361	
106	153	
1134	383	
325	347	
1461	687	
471	410	
573	645	
926	600	
309	329	
172	67	
378	479	
634	382	
1143	699	
359	1010	
697	274	
551	365	
735	831	
589	531	
684	991	
622	692	
1112	312	
827	785	
796	782	
240	517	
1137	844	
539	416	
54	173	
301	548	
240	170	
177	257	
140	173	
569	538	
72	58	
884	501	
458	360	
357	250	
260	97	
303	308	
286	253	
833	377	
393	602	
455	509	
499	1543	
835	447	
281	591	
635	829	
147	446	
231	203	
626	292	
431	112	
923	607	
291	488	
452	228	
586	730	
563	1218	
1071	786	
250	622	
693	977	
637	552	
561	256	
302	294	
216	695	
313	96	
709	1060	
933	950	
208	52	
555	271	
275	249	
289	682	
600	176	
1106	642	
791	204	
105	94	
733	1107	
724	384	
539	1038	
585	1001	
980	477	
214	172	
532	439	
237	427	
680	309	
795	537	
213	187	
1174	542	
325	241	
233	157	
537	794	
146	248	
668	1072	
581	796	
156	308	
985	1127	
447	1550	
984	1183	
1234	1168	
401	538	
697	1058	
691	742	
925	916	
797	587	
511	268	
443	597	
355	488	
816	595	
644	171	
363	759	
248	261	
465	355	
831	657	
743	1297	
550	424	
251	477	
145	90	
652	1117	
457	416	
1149	550	
252	182	
290	212	
194	274	
817	417	
225	190	
284	440	
372	342	
605	859	
273	194	
559	927	
341	435	
750	1079	
252	250	
985	772	
764	916	
1246	761	
829	895	
271	460	
625	549	
169	243	
595	668	
531	746	
987	594	
705	560	
The worst scenario
350	712	
194	464	
594	610	
248	500	
1051	501	
542	416	
1824	1009	
400	1174	
269	146	
1399	419	
145	202	
1646	461	
357	467	
1701	985	
528	604	
841	763	
1285	885	
323	392	
256	100	
487	485	
721	512	
1692	984	
372	1387	
825	301	
711	486	
928	971	
866	669	
695	1169	
652	962	
1343	363	
1153	923	
927	1041	
257	540	
1206	1212	
771	544	
66	206	
352	696	
242	243	
250	309	
201	209	
698	794	
103	63	
1214	529	
619	527	
399	286	
390	121	
432	363	
309	343	
902	400	
448	660	
477	516	
608	2268	
1033	502	
334	717	
904	913	
155	601	
234	225	
744	427	
635	158	
1215	771	
390	531	
656	325	
751	955	
673	1463	
1574	913	
308	888	
706	1355	
638	655	
704	326	
308	302	
261	960	
422	121	
821	1445	
1287	1227	
278	67	
803	307	
388	328	
290	888	
897	222	
1561	942	
933	238	
141	122	
796	1569	
913	413	
761	1254	
825	1114	
1371	582	
265	253	
701	598	
329	547	
695	454	
899	639	
236	223	
1430	590	
343	247	
335	158	
700	1041	
148	343	
702	1541	
693	853	
213	413	
1384	1235	
489	1576	
1006	1293	
1849	1659	
492	629	
992	1318	
743	901	
1209	1351	
928	650	
691	303	
540	818	
412	717	
984	603	
658	184	
433	1110	
283	353	
470	516	
961	773	
1102	1936	
624	534	
362	646	
174	125	
770	1287	
655	599	
1257	707	
294	246	
420	315	
274	367	
1181	612	
301	238	
302	648	
509	451	
837	1082	
294	290	
705	1018	
486	506	
884	1375	
307	281	
1002	849	
1115	923	
1555	1036	
830	995	
404	680	
753	751	
202	326	
852	669	
718	1056	
1415	701	
986	587	
