Factories	2	Jobs	200	Machines	3

Total number of component types per job processed by HSPM
7	8	9	11	7	7	11	5	5	8	11	6	8	9	8	9	12	8	6	9	11	11	8	5	6	5	8	10	10	10	5	8	9	5	5	8	5	7	11	12	5	11	10	7	9	8	11	6	8	7	11	7	5	5	9	9	5	11	6	5	12	12	6	12	9	7	6	9	7	6	7	8	5	6	10	6	8	8	12	11	7	7	11	6	7	11	9	7	8	5	9	11	8	12	8	11	7	7	7	6	11	12	6	9	5	9	10	12	11	9	10	7	7	9	6	12	8	11	9	7	7	10	9	11	5	8	12	6	11	5	6	8	10	9	8	8	5	11	11	8	11	10	5	10	9	5	11	11	7	6	8	7	10	12	5	5	11	9	10	12	5	9	11	6	12	12	6	12	5	6	12	11	8	5	7	5	5	10	11	10	6	12	7	9	9	9	6	10	10	7	9	6	6	10	7	9	10	6	8	6	

Total number of component types per job processed by MFPM
1	5	3	3	5	5	2	3	5	5	3	4	2	2	1	3	4	4	1	2	3	5	2	3	1	5	1	2	2	3	1	2	2	4	4	2	5	3	1	1	5	4	4	2	4	5	4	3	1	1	5	1	1	5	4	5	3	1	2	2	4	3	4	2	2	1	5	5	3	4	5	5	1	2	1	3	2	1	2	1	4	1	3	4	4	4	4	1	4	2	4	1	3	1	5	3	1	2	5	4	1	3	2	2	4	1	2	5	5	5	3	3	3	4	1	5	4	2	4	3	2	3	2	2	4	4	1	1	2	2	2	3	1	5	4	5	4	4	1	1	5	3	4	2	3	1	1	4	2	2	1	5	2	2	5	3	5	4	2	3	2	5	2	4	5	1	5	4	4	3	1	4	1	1	4	1	3	1	1	2	1	1	1	1	3	2	5	4	1	2	5	2	4	1	2	5	4	1	2	1	4	1	1	2	3	4	2	3	1	2	3	2	3	4	5	2	5	3	4	4	3	1	4	4	3	5	2	3	1	2	1	3	2	5	3	2	1	5	1	4	5	4	5	3	3	2	5	5	5	2	4	4	3	2	3	3	5	5	5	1	3	2	5	2	5	5	5	3	1	4	2	1	3	1	3	4	2	3	3	5	1	2	4	5	4	5	2	1	4	2	3	4	3	2	5	3	4	3	1	1	3	5	5	4	1	2	4	5	5	5	5	2	1	3	3	3	2	1	3	1	1	4	5	2	4	3	5	3	5	1	3	2	2	5	1	4	2	5	1	3	3	2	2	5	2	4	3	1	1	3	3	2	5	5	5	1	3	2	5	4	3	5	4	4	5	2	2	4	4	3	2	3	5	5	3	3	2	3	4	5	3	3	2	3	2	3	1	3	2	1	2	3	4	1	1	5	4	2	3	1	

All component type numbers for each job to be processed by HSPM
16	21	5	60	1	40	9	34	4	22	17	48	8	66	
2	65	3	49	8	31	9	11	11	30	15	71	13	5	10	59	
13	52	17	70	14	69	0	19	16	44	1	57	10	47	6	67	18	10	
6	73	18	57	0	9	15	35	17	66	13	58	4	32	11	65	8	7	12	67	1	3	
10	43	9	24	6	13	4	16	14	11	12	2	18	57	
5	43	16	59	11	12	7	11	10	70	17	16	6	73	
9	26	8	61	5	29	0	53	2	32	16	46	15	11	18	39	6	22	3	3	12	25	
7	47	8	26	18	68	10	56	2	50	
7	14	8	2	12	58	6	70	0	8	
8	27	5	68	0	46	3	30	1	5	13	60	9	62	12	56	
9	8	12	75	3	38	8	35	2	29	5	27	11	58	16	70	0	74	17	60	10	18	
13	39	11	4	19	1	4	17	8	71	6	58	
13	1	2	23	14	2	4	33	1	72	9	58	0	21	7	4	
11	47	10	33	9	41	15	59	7	69	16	35	17	65	14	24	2	64	
3	8	19	51	11	44	5	68	14	2	18	53	0	46	15	35	
10	70	1	25	17	10	11	15	16	75	3	66	6	60	9	3	12	11	
9	12	12	73	10	27	16	26	3	46	6	62	11	24	5	20	17	8	18	31	7	71	14	1	
9	72	13	37	18	57	15	47	8	19	0	49	7	59	3	17	
17	73	8	65	1	72	9	55	10	38	12	70	
19	42	16	49	4	69	7	68	18	45	12	56	17	48	2	9	3	43	
6	15	5	67	19	6	17	12	16	30	11	74	1	48	2	16	8	27	15	66	4	56	
4	27	1	4	18	19	19	16	16	32	11	45	5	46	2	36	10	33	15	63	3	26	
12	49	5	31	3	73	17	65	10	16	4	35	0	40	7	25	
18	6	13	14	11	57	7	4	15	19	
14	32	0	14	3	66	15	74	4	67	7	62	
12	56	16	41	1	27	11	70	5	33	
19	2	7	17	13	33	5	71	8	62	17	75	16	49	11	46	
9	43	13	25	4	67	3	42	8	19	6	66	1	31	17	47	0	3	5	24	
12	54	10	56	8	72	7	65	18	46	6	11	11	1	13	75	4	45	19	21	
18	25	17	69	15	68	1	61	2	48	5	49	10	33	19	71	6	2	0	59	
19	32	14	73	15	29	9	27	7	31	
11	73	9	53	19	42	14	30	1	3	12	66	2	43	16	29	
13	6	7	37	8	36	10	34	9	2	16	17	5	52	15	8	14	48	
13	20	7	65	1	54	0	48	14	61	
5	63	12	21	0	28	19	52	10	24	
10	69	8	65	7	29	19	70	4	22	5	43	13	45	3	13	
4	3	0	11	14	23	7	30	8	18	
13	9	6	68	3	72	11	52	14	46	0	40	17	32	
7	19	16	59	6	42	4	9	3	1	17	69	9	33	10	64	8	74	0	65	14	16	
10	44	14	26	18	16	4	59	2	57	13	25	11	51	15	42	3	71	7	27	6	29	17	12	
19	33	1	49	12	57	3	58	5	21	
5	71	14	63	18	39	3	61	12	48	9	15	13	18	15	20	11	53	0	65	16	45	
15	3	10	7	3	31	13	29	12	72	18	65	16	27	6	4	5	73	4	55	
2	57	12	40	6	4	14	45	16	68	15	28	19	34	
7	8	19	57	16	45	14	23	3	3	18	63	9	30	8	75	11	40	
3	52	6	74	15	8	9	9	16	50	7	48	10	29	0	58	
5	41	19	72	7	61	11	23	2	40	9	15	1	59	6	27	17	39	15	42	16	50	
9	49	18	26	6	72	13	66	10	23	2	65	
5	61	13	74	17	72	19	36	8	44	1	63	4	39	3	65	
18	42	12	54	1	10	16	8	9	28	5	46	2	70	
2	2	16	18	12	30	17	72	0	49	13	69	1	75	7	68	10	43	11	13	15	32	
11	18	13	19	19	44	1	58	12	57	7	46	17	49	
8	45	19	21	2	31	6	42	7	5	
4	30	1	73	8	28	16	1	17	57	
14	33	12	1	1	4	4	6	3	20	11	52	15	9	5	25	0	17	
19	13	0	45	12	64	5	49	13	20	6	18	3	51	4	17	17	62	
6	34	16	38	9	1	19	21	5	74	
9	65	16	6	6	17	14	68	3	21	5	59	11	58	10	64	12	30	8	7	19	1	
5	67	10	66	4	40	16	34	9	61	18	5	
0	17	10	24	8	3	14	56	16	22	
9	58	2	56	1	38	6	51	0	71	11	41	7	57	17	65	19	29	12	8	16	47	18	63	
17	20	1	37	9	22	10	65	12	40	2	39	5	73	7	15	8	10	19	2	0	53	6	46	
9	44	5	3	10	62	15	61	18	34	17	45	
10	60	8	59	1	54	11	52	16	37	12	68	0	73	14	33	19	57	18	12	4	26	6	48	
7	22	14	11	0	18	15	66	4	37	2	55	8	75	12	5	5	12	
4	28	18	7	5	61	14	41	0	59	3	35	2	64	
14	55	4	32	15	11	8	65	6	64	0	50	
18	50	3	28	5	63	12	12	16	55	9	39	7	44	8	5	13	62	
15	29	0	43	19	4	18	21	2	59	8	73	3	44	
2	49	17	65	10	69	0	12	4	62	5	47	
4	3	18	6	5	32	3	20	0	66	8	23	1	24	
16	59	9	47	19	1	4	28	13	57	1	43	7	54	12	44	
14	55	15	39	8	15	9	8	2	66	
5	31	0	1	3	57	19	71	10	8	17	28	
11	75	10	30	6	39	2	63	18	6	15	26	17	54	8	57	1	37	5	12	
2	18	17	71	7	59	16	21	5	45	9	56	
4	71	16	49	5	13	18	1	10	38	17	3	7	23	13	28	
13	16	17	29	9	3	5	11	19	34	14	14	7	1	3	65	
13	10	18	38	4	32	8	45	15	63	5	5	11	24	9	36	16	3	12	25	17	55	3	72	
15	37	4	65	14	62	17	20	8	29	5	40	13	69	16	12	0	6	9	39	6	28	
8	15	5	12	17	23	11	53	2	24	12	48	15	41	
8	7	6	11	16	43	15	54	0	73	11	57	10	1	
16	36	13	67	14	63	7	21	4	4	15	3	17	18	6	33	1	51	9	47	11	31	
5	58	3	31	6	23	1	69	12	46	17	41	
10	15	11	44	18	5	16	12	3	16	17	66	0	14	
8	43	13	32	11	53	5	6	2	35	3	29	16	47	10	66	19	38	18	71	9	4	
2	41	6	15	12	30	16	23	13	69	19	14	11	42	15	62	18	38	
18	14	15	31	0	27	14	41	16	45	2	39	12	22	
8	29	1	11	12	31	7	16	13	26	4	67	2	22	6	47	
1	8	12	26	19	30	18	41	8	50	
18	52	10	20	12	63	3	24	6	36	4	3	8	53	14	70	9	4	
13	7	16	59	18	31	11	69	4	22	10	39	19	45	7	3	8	67	0	73	1	50	
15	42	4	30	12	21	14	70	5	11	19	4	6	41	18	72	
7	66	2	68	18	7	4	63	10	22	6	2	9	47	12	17	17	34	3	44	5	13	11	54	
11	64	9	70	12	71	0	15	5	65	13	66	4	60	18	68	
5	59	6	39	9	4	2	25	8	44	15	68	10	38	16	62	1	55	7	26	14	15	
11	15	8	1	0	30	18	65	15	58	3	56	1	49	
19	33	16	17	1	62	9	11	11	47	6	14	5	27	
14	10	16	15	4	73	12	7	13	19	3	2	10	37	
1	29	18	1	7	53	3	13	13	43	4	31	
7	23	11	24	15	25	14	16	12	9	8	72	0	31	16	17	2	55	18	43	9	69	
19	9	7	5	15	30	16	25	2	16	1	3	5	53	13	23	10	17	14	11	11	73	17	31	
11	8	18	16	12	67	9	19	8	5	2	58	
9	34	2	32	7	7	4	56	1	36	11	63	15	38	17	42	10	54	
17	2	2	16	9	12	19	8	4	66	
2	62	13	58	8	65	0	6	19	18	1	43	10	55	3	50	5	15	
2	57	14	36	6	21	4	7	5	63	11	3	15	4	10	64	0	71	16	13	
17	26	7	15	5	49	16	59	12	70	18	9	1	65	19	64	8	47	15	20	3	73	4	3	
8	75	1	29	17	68	12	63	7	52	13	47	0	6	4	71	2	51	11	69	10	56	
18	24	0	64	16	73	17	42	2	18	7	60	9	58	14	5	13	54	
17	35	13	70	19	65	16	24	14	31	1	16	12	72	3	8	8	15	7	40	
19	53	14	69	10	75	9	39	2	30	1	41	12	16	
18	11	1	31	16	38	6	66	2	15	17	43	8	54	
1	45	9	52	13	9	0	72	10	39	2	57	18	18	12	31	4	8	
11	54	14	71	1	30	8	61	16	5	0	11	
5	49	13	47	10	55	12	12	17	63	11	56	0	68	18	14	7	8	6	52	19	26	3	19	
9	3	17	4	11	38	3	47	5	14	12	63	19	71	14	37	
16	59	5	36	11	73	19	4	1	24	12	55	14	16	0	6	8	69	9	43	2	50	
5	62	12	6	1	33	10	60	7	68	16	42	11	75	4	50	8	19	
8	2	19	56	4	28	14	34	6	47	0	3	10	75	
13	53	12	32	15	62	19	69	1	46	4	61	8	22	
18	26	16	59	6	43	17	75	13	35	10	40	5	51	4	74	7	11	9	18	
9	15	18	46	10	26	19	62	6	44	1	50	16	38	2	53	7	3	
1	10	18	54	8	52	11	59	3	69	15	55	10	8	4	67	13	6	9	72	19	16	
1	66	19	24	2	3	16	9	14	20	
11	55	2	58	16	49	8	38	12	52	6	59	5	11	15	22	
0	65	11	1	1	59	13	55	10	35	15	17	7	48	6	54	8	44	3	61	18	28	19	9	
13	58	16	30	5	16	1	20	10	6	2	27	
19	55	12	70	0	71	14	41	11	67	7	69	17	35	10	34	2	46	13	39	15	19	
14	60	12	71	1	61	19	50	7	70	
17	26	1	2	11	16	6	7	14	32	16	40	
1	71	19	63	13	4	14	22	18	30	7	27	17	18	8	44	
4	15	2	72	9	8	1	53	15	24	0	3	13	63	19	45	14	40	12	50	
14	39	12	25	7	57	8	43	16	66	4	32	0	73	10	42	6	30	
8	33	4	18	5	6	16	20	11	65	14	40	1	43	13	13	
1	26	7	4	4	16	5	40	6	8	11	21	10	25	14	2	
0	33	19	60	8	35	15	63	3	43	
13	31	7	65	14	11	10	43	0	19	12	17	5	7	19	61	4	4	17	16	2	38	
8	60	12	47	18	48	10	20	0	16	2	55	4	28	17	71	16	29	6	9	7	62	
7	37	2	21	15	17	3	48	16	50	4	36	1	16	14	53	
17	18	6	61	11	43	16	70	15	6	3	4	8	30	10	31	0	60	12	66	9	20	
10	32	6	13	16	54	18	63	13	49	3	53	17	66	7	72	19	5	1	73	
6	56	0	23	14	57	15	51	5	71	
12	46	17	47	19	20	10	1	8	72	16	58	2	50	14	71	13	17	6	30	
12	22	9	46	7	68	13	39	18	14	4	49	10	17	14	44	1	30	
14	73	19	9	1	28	5	7	16	3	
8	32	6	7	11	49	17	13	12	16	13	66	2	18	15	67	14	58	9	20	10	25	
19	19	10	54	13	49	17	14	3	60	12	24	15	55	8	12	9	62	18	17	4	4	
18	68	10	11	15	72	3	10	9	65	0	40	5	21	
18	24	13	75	9	40	0	64	17	30	5	27	
11	61	2	64	17	29	14	36	4	46	0	35	18	18	15	67	
13	38	9	46	18	10	10	14	11	11	14	75	7	52	
18	24	7	56	10	63	9	2	2	26	5	31	19	14	14	36	12	33	16	18	
7	27	13	62	6	2	8	41	19	48	10	20	4	69	3	9	0	12	5	47	12	1	17	29	
9	58	6	62	16	70	12	5	11	69	
16	53	12	55	11	34	2	46	15	71	
16	4	3	54	2	63	1	73	11	40	18	69	9	28	4	9	17	16	0	68	19	26	
3	57	1	33	0	18	16	6	13	37	14	21	17	31	4	73	2	51	
12	34	6	50	18	55	16	26	13	64	3	8	7	9	8	63	9	69	2	46	
11	7	17	27	10	63	1	73	13	19	12	67	6	50	7	31	8	38	2	30	18	54	14	51	
19	39	11	75	16	45	15	55	9	52	
3	20	17	18	15	58	1	33	12	19	14	24	10	31	9	73	18	46	
8	70	2	52	15	54	11	39	16	36	17	37	9	9	7	48	4	21	1	23	6	12	
19	72	13	48	10	51	17	73	3	58	8	33	
0	35	15	36	17	11	8	39	9	20	4	29	10	31	1	8	19	67	14	59	2	64	18	69	
1	54	3	49	4	75	10	36	14	47	6	29	16	60	19	69	9	67	8	24	11	7	15	27	
14	17	0	65	6	19	10	53	17	64	5	70	
2	22	17	37	4	29	9	19	18	58	12	42	3	53	19	14	7	23	1	68	16	3	8	63	
16	42	15	54	13	68	1	12	0	69	
8	68	12	1	17	61	3	49	9	21	18	23	
1	14	14	39	11	17	6	41	10	8	17	47	0	70	15	61	9	66	4	4	16	30	19	2	
16	14	11	52	4	62	2	67	12	69	5	70	14	58	18	19	10	48	19	63	9	42	
5	41	11	24	2	37	8	43	13	54	7	59	4	11	12	17	
18	52	5	56	4	4	15	47	0	32	
4	70	18	25	12	8	5	54	14	9	7	12	8	38	
13	46	6	60	18	24	15	48	0	52	
13	37	9	69	12	20	3	38	14	54	
12	38	7	37	19	43	13	28	8	57	17	24	2	40	9	54	0	32	16	65	
1	22	16	43	0	5	14	62	12	53	3	24	9	9	10	16	6	8	11	60	4	74	
15	23	10	28	3	58	11	60	14	30	5	67	7	9	12	50	6	4	9	17	
4	71	10	62	12	12	18	3	15	57	11	38	
2	57	0	49	14	58	16	33	6	18	18	69	19	65	4	55	17	59	7	37	10	56	15	1	
9	53	12	67	17	64	0	5	5	36	18	46	4	38	
19	54	17	18	0	43	15	56	3	28	12	14	6	47	8	65	7	3	
10	4	16	70	1	48	19	54	3	17	9	47	11	43	5	28	4	29	
5	14	1	35	14	16	10	56	8	19	17	38	15	36	12	40	16	67	
19	63	4	56	13	41	16	51	18	57	8	17	
17	68	10	72	1	38	13	41	3	35	14	32	16	3	11	34	4	1	15	21	
0	12	15	51	18	19	5	15	12	50	9	44	8	42	3	34	11	60	14	65	
7	27	11	6	19	29	0	5	3	30	4	14	12	13	
5	20	18	17	8	56	14	48	15	19	7	35	10	22	19	63	12	21	
4	7	15	14	16	74	11	3	14	38	10	21	
10	47	11	14	12	25	14	49	18	9	3	51	
9	52	0	6	8	72	12	10	3	47	6	28	7	51	4	67	14	53	19	22	
4	13	3	26	17	74	18	65	19	18	11	60	0	22	
14	1	12	3	9	5	3	38	6	7	5	31	10	72	16	28	11	18	
12	28	9	11	11	66	7	53	13	29	10	61	3	10	16	58	15	12	8	2	
8	5	5	13	1	4	15	28	19	15	14	16	
5	68	14	1	13	54	0	48	19	45	1	57	16	19	4	38	
18	69	14	44	5	71	19	66	0	8	3	4	

All component type numbers for each job to be processed by MFPM
0	10	
6	41	5	28	1	29	7	36	0	26	
4	16	2	14	7	15	
2	49	8	47	6	44	
4	13	7	7	9	19	1	21	8	20	
6	43	9	27	4	49	2	40	0	35	
8	24	2	7	
3	49	7	32	5	50	
3	16	5	21	4	25	1	6	0	11	
0	35	2	48	6	39	1	43	8	30	
1	23	5	24	2	1	
9	41	2	48	6	43	8	50	
5	14	9	9	
0	26	3	47	
9	11	
7	38	2	35	9	49	
7	2	1	19	8	22	6	18	
4	34	5	49	0	35	6	27	
9	15	
5	37	2	36	
1	19	0	25	5	22	
3	43	4	41	7	50	5	47	2	33	
5	4	4	1	
3	36	8	31	4	30	
9	4	
4	43	6	37	5	38	7	30	2	28	
8	10	
3	32	9	47	
3	1	9	16	
2	43	5	31	8	32	
3	4	
2	41	6	45	
5	21	6	20	
8	27	5	34	6	30	4	35	
5	17	4	15	9	13	6	8	
1	27	5	36	
7	11	4	9	2	8	3	20	6	24	
6	39	2	36	9	35	
7	17	
3	37	
6	7	8	23	0	14	9	2	1	13	
8	26	3	30	5	45	9	40	
2	7	6	21	8	20	5	11	
0	29	4	32	
9	11	8	2	5	19	2	17	
1	26	4	46	0	39	2	47	5	35	
0	10	2	3	5	20	3	1	
6	39	9	46	0	48	
3	23	
4	50	
0	4	6	1	4	12	8	19	1	5	
5	41	
3	24	
3	40	8	41	6	27	5	35	9	26	
0	9	8	13	7	24	1	19	
6	30	9	33	8	28	3	48	2	42	
2	13	8	15	3	3	
8	26	
2	22	7	18	
3	43	8	44	
9	15	1	4	5	17	2	11	
2	36	7	32	0	46	
9	22	4	3	0	23	3	19	
3	35	1	44	
6	12	1	22	
0	48	
0	25	8	7	5	5	3	15	1	16	
4	48	7	34	6	46	8	44	3	49	
0	10	2	19	1	25	
5	38	1	35	7	42	9	28	
6	3	8	18	9	19	2	24	5	10	
2	32	8	43	1	38	0	46	5	30	
7	2	
4	27	3	40	
4	11	
0	33	4	34	9	37	
4	14	5	4	
6	36	
8	22	6	19	
1	29	
2	1	5	5	3	21	0	7	
7	33	
8	19	2	1	7	7	
7	44	4	27	9	42	1	38	
1	6	4	21	6	16	5	22	
7	36	5	37	8	42	6	45	
6	6	1	19	9	5	4	12	
1	46	
8	22	2	20	4	14	3	5	
4	29	8	34	
3	15	8	11	1	3	4	21	
1	42	
9	25	4	7	0	23	
3	38	
4	21	8	18	2	16	1	5	3	10	
2	35	5	47	0	30	
2	24	
1	50	5	30	
4	19	1	11	5	16	2	15	7	10	
4	43	2	44	5	39	9	36	
9	15	
6	49	3	30	4	26	
8	22	0	3	
0	38	1	50	
3	8	2	10	9	11	8	16	
6	34	
6	15	8	8	
0	48	6	31	5	40	1	39	9	27	
4	10	8	13	7	15	6	17	5	25	
3	44	9	48	1	31	6	33	0	30	
2	8	9	3	7	16	
4	39	2	31	5	34	
5	25	1	14	6	13	
0	40	3	27	4	26	5	46	
1	11	
2	34	5	44	6	33	3	32	4	43	
9	9	8	13	1	4	0	15	
2	40	0	41	
5	20	2	6	0	21	9	3	
4	47	8	27	7	40	
7	15	4	5	
2	43	1	32	9	46	
8	11	0	23	
2	50	6	28	
0	12	6	1	7	6	2	11	
3	31	0	50	2	28	8	41	
5	18	
6	49	
6	21	8	14	
5	45	1	44	
1	12	3	3	
9	46	0	27	8	41	
1	21	
3	50	9	45	1	39	7	38	8	27	
1	10	8	2	2	1	7	23	
0	38	3	42	2	28	5	39	8	43	
9	12	3	24	4	10	1	4	
6	38	2	36	3	48	8	35	
9	10	
9	47	
5	25	0	24	7	7	4	22	3	10	
0	27	3	41	1	46	
0	5	1	19	5	11	7	4	
5	50	8	39	
2	20	4	25	3	24	
5	40	
1	1	
3	49	2	27	7	40	0	30	
9	15	1	14	
2	45	8	39	
4	23	
4	28	0	37	7	40	9	46	2	35	
2	14	9	16	
1	44	3	38	
1	24	6	19	4	14	0	25	2	13	
9	34	6	27	5	40	
9	24	5	16	0	20	1	23	4	13	
6	39	5	38	3	46	0	26	
9	21	7	22	
7	27	2	47	5	45	
1	13	2	3	
3	29	6	49	7	38	9	26	4	36	
3	7	6	22	
7	31	9	29	1	42	0	49	
3	8	0	2	9	18	8	7	2	23	
9	34	
4	15	3	20	7	12	5	2	1	19	
0	27	4	42	3	37	9	48	
1	24	6	13	5	9	3	5	
3	41	2	26	7	44	
3	21	
6	29	4	37	9	34	1	42	
2	4	
9	34	
5	14	3	10	6	1	8	2	
5	37	
0	17	6	1	3	6	
4	30	
1	21	
6	42	1	33	
7	14	
6	42	
1	17	
8	35	
9	8	6	25	4	21	
4	41	5	28	
6	16	8	2	9	25	3	23	1	12	
0	44	2	45	3	32	8	41	
5	1	
2	42	5	33	
7	7	1	4	8	3	4	15	2	8	
1	36	7	40	
2	2	1	14	9	22	6	10	
6	36	
8	2	9	15	
7	43	2	44	0	36	3	31	5	32	
3	25	5	1	6	24	7	7	
1	43	
5	15	0	23	
4	31	
0	24	3	16	7	22	5	11	
9	36	
4	5	
1	36	8	41	
7	24	2	18	6	11	
6	31	4	33	0	26	3	34	
2	8	5	11	
4	40	9	50	1	28	
3	14	
4	30	2	39	
1	19	7	20	3	4	
1	44	5	40	
0	15	6	23	7	22	
4	49	6	30	9	37	0	33	
3	5	5	22	7	23	2	8	1	3	
3	36	4	34	
7	8	3	6	4	21	2	5	6	2	
5	45	4	41	2	37	
0	1	3	11	8	14	7	21	
0	27	9	46	8	29	3	50	
0	13	6	9	4	24	
0	31	
2	5	3	20	7	8	9	24	
9	42	2	46	6	35	7	48	
8	13	7	20	9	4	
3	40	6	33	2	30	8	28	4	38	
6	3	9	13	
9	31	3	33	5	45	
6	8	
7	45	5	40	
6	8	
8	29	3	39	7	44	
2	12	7	4	
1	27	7	41	4	37	5	35	9	30	
6	16	7	7	1	17	
6	42	9	50	
3	22	
7	36	5	35	9	44	2	41	8	33	
4	23	
7	50	2	33	5	32	9	36	
4	3	6	2	8	15	3	13	7	6	
0	27	6	34	3	32	7	38	
0	6	1	12	8	24	3	5	5	2	
7	39	8	41	4	27	
0	24	3	10	9	20	
8	40	5	28	
9	18	2	7	1	14	3	2	4	25	
7	41	1	27	3	45	6	39	5	34	
7	22	5	11	1	23	3	15	8	24	
0	48	1	33	
7	14	9	15	5	12	0	25	
7	26	3	49	2	34	9	27	
7	12	1	24	6	1	
7	32	4	27	
1	6	5	19	6	3	
3	28	8	38	1	33	
0	2	5	8	6	10	3	7	8	24	
7	50	8	40	5	26	4	34	0	36	
5	8	6	17	1	21	8	5	4	20	
3	47	
0	21	3	8	1	7	
7	41	0	43	
9	5	0	17	3	4	4	12	7	13	
7	27	9	28	
6	16	0	11	4	14	5	10	3	15	
4	34	3	47	6	35	5	43	8	49	
6	1	7	24	2	20	0	22	8	23	
5	46	7	33	9	42	
5	15	
2	32	4	47	8	30	3	34	
3	19	0	4	
5	36	
0	16	5	21	4	17	
3	46	
2	13	6	17	3	15	
8	27	3	32	9	48	0	47	
8	24	7	15	
0	31	2	43	6	48	
6	23	5	13	9	11	
0	26	6	43	1	31	4	50	8	41	
9	11	
8	41	0	32	
9	25	5	14	1	10	3	3	
0	35	8	40	5	44	9	29	3	43	
3	4	8	15	2	12	5	22	
6	44	9	41	8	46	7	30	2	39	
2	9	9	24	
9	48	
3	22	9	11	5	6	2	3	
8	33	3	45	
4	11	3	10	1	24	
6	39	2	31	5	28	7	38	
2	16	1	22	6	18	
3	47	4	35	
1	6	4	16	9	12	0	4	8	8	
4	38	6	32	7	46	
2	3	4	1	9	13	3	12	
0	28	4	38	7	49	
2	10	
5	40	
4	9	8	10	2	8	
0	41	8	42	5	37	3	28	2	34	
3	15	9	7	5	14	7	8	4	16	
0	49	8	42	6	45	1	50	
3	16	
9	38	3	43	
4	1	8	6	6	10	2	2	
1	49	3	39	0	50	2	28	5	31	
3	19	0	10	5	16	4	5	2	8	
7	48	6	49	0	34	4	29	9	38	
2	6	8	17	1	19	7	7	3	3	
2	28	9	37	
3	5	
8	46	1	44	5	42	
3	14	2	7	9	10	
7	44	4	36	1	34	
1	21	6	11	
4	38	
2	7	6	17	1	15	
6	34	
3	16	
6	50	1	37	3	48	0	34	
2	10	6	24	1	25	0	19	7	21	
8	46	3	26	
4	13	6	20	3	9	0	1	
9	34	4	40	0	39	
2	17	5	13	7	23	4	18	1	2	
1	50	2	34	9	28	
8	6	9	12	5	4	2	20	1	7	
3	44	
4	2	0	8	9	22	
8	30	1	44	
2	22	8	2	
2	47	4	35	3	38	0	48	7	50	
5	4	
3	35	1	34	0	49	6	26	
0	11	7	16	
3	47	6	30	5	45	9	32	4	37	
0	5	
9	50	7	32	6	38	
8	10	7	17	6	20	
3	40	1	47	
0	10	2	22	
1	27	6	48	8	41	3	47	7	37	
6	11	2	22	
1	35	0	37	4	36	7	31	
3	14	7	13	2	3	
1	41	
7	19	
7	37	0	34	6	46	
3	13	2	23	4	8	
3	44	0	29	
3	6	7	14	1	19	4	23	2	4	
3	46	2	35	0	42	7	30	4	29	
6	18	4	7	3	23	0	17	9	12	
3	45	
9	8	8	14	2	20	
4	36	6	29	
6	9	2	7	9	17	4	22	0	24	
4	43	5	37	2	49	1	38	
2	19	8	23	3	7	
0	40	4	41	3	39	5	45	9	34	
8	24	9	16	3	17	0	14	
8	32	5	48	9	41	0	42	
5	6	3	16	0	8	9	20	8	11	
9	31	0	28	
4	21	2	1	
3	50	1	27	8	49	4	32	
7	15	9	18	3	2	6	4	
3	44	7	40	0	28	
1	14	8	24	
7	49	4	38	3	42	
5	23	6	6	3	14	8	24	1	21	
5	41	3	39	6	49	9	29	7	47	
5	18	1	21	2	5	
8	29	6	43	4	36	
3	21	4	11	
2	44	3	27	4	42	
9	15	7	2	4	19	8	24	
0	32	5	26	3	48	1	35	2	27	
1	16	7	13	0	24	
3	32	2	29	0	28	
9	23	8	18	
7	45	2	48	3	26	
3	11	5	10	
0	38	1	31	6	48	
6	1	
2	33	5	37	1	44	
2	12	3	15	
8	31	
2	6	5	22	
6	44	5	38	3	32	
5	12	9	11	7	10	8	5	
3	44	
2	10	
6	28	9	36	3	35	7	38	2	47	
8	16	6	6	3	10	9	15	
3	48	1	42	
8	24	7	20	1	9	
8	41	

Three processing times per job on each machine
The best scenario
223	244	287	
103	154	126	
59	236	69	
180	419	351	
183	323	326	
37	37	36	
89	125	273	
147	81	67	
258	275	319	
77	117	136	
101	31	40	
93	62	75	
150	141	147	
170	162	307	
114	187	65	
197	80	85	
48	44	41	
73	131	37	
27	176	104	
156	75	129	
17	33	30	
48	49	73	
90	312	207	
126	103	241	
128	318	304	
185	338	93	
101	269	118	
139	252	162	
172	92	119	
73	125	117	
33	61	36	
90	33	92	
200	347	527	
249	90	165	
122	154	91	
103	39	59	
240	83	140	
181	74	163	
312	439	97	
282	231	286	
74	155	138	
192	247	158	
237	132	227	
69	52	25	
175	246	172	
120	377	307	
74	36	36	
408	464	273	
68	44	68	
136	192	212	
40	12	42	
129	167	74	
55	20	51	
40	32	28	
199	140	82	
234	164	475	
100	91	61	
243	163	69	
123	81	118	
413	231	213	
69	58	94	
84	38	55	
201	69	110	
127	61	56	
37	45	133	
370	222	337	
214	251	87	
203	254	288	
157	57	132	
34	35	31	
186	173	137	
131	206	102	
32	179	66	
107	459	282	
188	317	195	
92	215	169	
101	145	75	
63	88	69	
144	158	94	
84	140	95	
196	112	118	
114	142	73	
168	64	87	
128	79	349	
322	286	166	
40	80	96	
69	214	133	
98	284	66	
49	38	49	
261	210	145	
156	30	61	
63	28	81	
101	151	49	
54	46	64	
276	340	80	
94	163	232	
228	185	121	
55	62	91	
386	135	309	
508	171	429	
147	86	124	
350	280	393	
76	129	110	
134	120	122	
356	157	93	
317	309	87	
100	114	167	
287	133	241	
301	229	242	
152	102	66	
270	100	249	
103	117	41	
24	53	61	
48	23	21	
10	43	30	
110	168	121	
77	22	102	
67	101	125	
62	55	103	
64	73	51	
17	20	43	
199	174	128	
497	268	136	
128	49	74	
26	39	21	
205	207	61	
30	52	25	
283	149	309	
180	245	267	
341	292	172	
72	41	50	
293	97	171	
151	79	277	
82	46	44	
299	309	199	
153	148	134	
119	177	174	
54	188	218	
93	125	73	
15	44	80	
190	286	155	
249	249	239	
166	177	129	
52	55	42	
141	53	137	
65	196	312	
245	172	209	
268	106	260	
438	209	208	
90	105	217	
85	109	68	
284	475	194	
156	331	225	
165	101	97	
171	191	117	
68	121	136	
114	261	434	
105	46	64	
76	178	179	
269	162	102	
77	73	35	
91	43	89	
283	175	346	
67	65	37	
509	146	123	
132	77	142	
47	36	25	
329	518	246	
51	109	33	
160	134	369	
116	167	141	
276	115	171	
32	47	43	
93	143	239	
71	41	39	
66	26	32	
32	24	24	
23	29	28	
212	216	289	
317	140	276	
276	215	132	
246	241	200	
172	103	116	
167	234	415	
169	288	285	
118	143	193	
104	210	203	
236	140	144	
39	31	20	
145	217	184	
167	41	120	
373	111	143	
15	20	47	
131	233	161	
200	88	102	
80	125	68	
422	280	148	
77	123	128	
207	337	339	
370	290	389	
Most likely scenario
423	445	493	
181	264	174	
82	267	87	
266	480	458	
340	535	343	
61	51	49	
105	188	293	
223	144	106	
488	293	399	
78	149	169	
130	42	42	
123	101	90	
214	278	247	
202	195	371	
219	246	75	
281	124	140	
76	55	53	
94	158	71	
53	204	196	
162	86	161	
23	35	33	
91	68	109	
116	325	270	
127	166	258	
183	393	396	
292	341	144	
162	282	123	
144	286	211	
226	175	180	
113	164	126	
52	69	62	
126	42	123	
245	356	550	
316	174	191	
124	201	111	
106	72	89	
257	139	165	
286	97	208	
337	469	127	
532	328	537	
126	175	259	
347	320	161	
239	152	285	
114	66	40	
179	411	263	
226	391	383	
122	63	64	
426	535	518	
127	84	134	
156	315	286	
51	17	58	
175	185	90	
58	25	67	
70	61	49	
236	250	93	
262	272	589	
153	133	71	
287	307	111	
134	132	132	
498	407	258	
88	76	100	
93	66	82	
247	113	148	
148	62	60	
73	59	155	
374	304	355	
286	267	112	
388	382	334	
175	94	194	
42	37	32	
271	196	169	
134	228	168	
64	183	73	
126	466	496	
365	361	336	
173	302	199	
178	200	118	
96	119	74	
148	171	106	
88	190	113	
229	191	127	
139	195	118	
174	110	173	
205	145	401	
351	334	230	
71	90	146	
132	335	165	
166	361	116	
77	52	74	
264	304	155	
158	54	115	
84	44	125	
127	256	66	
57	55	79	
432	508	153	
141	211	419	
265	296	241	
58	85	95	
517	221	392	
527	216	495	
150	153	245	
533	535	471	
95	149	126	
223	158	146	
392	216	154	
361	381	149	
151	187	226	
466	160	299	
305	364	435	
160	158	95	
352	145	496	
137	120	66	
35	90	70	
51	28	38	
17	62	42	
191	286	198	
92	42	110	
111	139	130	
77	69	104	
116	136	77	
18	23	50	
213	178	154	
498	488	271	
145	87	79	
31	68	23	
229	240	66	
47	70	47	
414	288	534	
265	400	380	
377	318	182	
88	73	62	
361	148	266	
198	155	543	
90	64	48	
478	404	379	
175	295	262	
224	235	193	
77	195	227	
97	130	133	
26	64	93	
363	352	263	
308	414	286	
223	242	225	
83	57	62	
260	68	229	
103	331	354	
315	195	239	
332	107	291	
459	326	390	
166	121	360	
88	141	102	
362	551	289	
220	545	311	
203	126	114	
238	279	149	
102	134	165	
145	447	506	
113	47	77	
117	206	276	
407	180	116	
95	103	67	
142	71	163	
399	229	410	
111	111	45	
527	164	239	
221	84	190	
50	58	39	
335	519	271	
54	110	43	
300	245	380	
155	173	202	
374	143	223	
61	67	66	
161	173	334	
80	61	78	
102	35	41	
44	47	48	
28	53	47	
286	381	304	
340	278	357	
402	393	163	
390	301	320	
201	156	196	
197	257	446	
250	290	292	
198	225	222	
114	226	229	
290	214	284	
68	51	29	
218	304	189	
184	76	129	
496	168	197	
16	36	59	
235	241	167	
217	128	202	
103	144	110	
430	322	211	
120	205	172	
320	378	455	
387	450	478	
The worst scenario
614	550	606	
230	303	185	
103	283	103	
350	690	516	
360	658	437	
75	63	58	
147	253	347	
230	206	140	
512	394	579	
102	199	239	
195	53	62	
153	123	133	
244	386	289	
276	199	469	
236	282	112	
354	171	145	
81	62	67	
132	213	104	
67	287	224	
209	123	203	
25	38	49	
129	73	119	
135	434	387	
171	187	368	
247	406	591	
302	360	162	
164	420	177	
215	338	296	
298	189	183	
163	187	162	
67	78	90	
136	54	152	
305	375	734	
377	181	201	
148	269	112	
133	92	120	
314	171	214	
344	118	296	
441	485	134	
533	436	707	
186	178	260	
482	392	192	
247	167	339	
128	97	59	
265	604	313	
292	396	532	
124	75	89	
442	776	558	
138	93	163	
162	423	323	
52	19	81	
192	211	123	
68	30	93	
85	73	65	
318	329	120	
322	313	695	
177	180	72	
429	431	145	
197	163	192	
689	437	324	
98	112	137	
136	79	99	
251	159	186	
167	77	81	
99	67	156	
443	307	421	
403	375	154	
547	399	374	
257	123	244	
50	42	36	
296	229	226	
183	317	226	
68	198	93	
170	532	628	
534	379	411	
207	345	252	
224	220	144	
140	153	100	
200	223	152	
108	257	146	
249	286	132	
165	266	119	
210	153	235	
238	152	598	
523	460	268	
97	119	209	
186	396	242	
221	528	124	
79	72	97	
275	336	191	
202	75	166	
104	45	167	
138	366	80	
79	74	92	
617	611	206	
160	249	458	
388	418	270	
78	111	125	
555	304	509	
631	218	497	
211	218	338	
770	787	582	
126	196	147	
264	225	177	
452	261	195	
492	455	195	
175	272	332	
485	217	364	
307	465	652	
217	183	113	
412	147	568	
142	173	73	
47	108	79	
64	40	50	
22	83	63	
250	323	226	
131	43	135	
141	206	176	
94	87	105	
125	204	112	
21	27	69	
221	219	226	
617	713	382	
162	119	106	
45	90	29	
270	272	95	
62	88	50	
554	334	542	
305	522	512	
434	344	264	
91	82	82	
501	167	312	
236	185	659	
132	72	62	
627	505	546	
179	377	269	
258	317	203	
103	206	278	
121	160	158	
28	71	97	
518	477	302	
359	506	320	
230	257	298	
85	71	90	
368	76	240	
132	488	460	
447	249	355	
349	140	384	
461	386	494	
182	139	516	
125	155	135	
402	811	433	
292	691	335	
251	133	124	
278	389	196	
131	151	204	
193	504	693	
140	62	114	
160	304	414	
580	183	150	
119	104	76	
206	97	232	
532	337	447	
119	120	46	
661	241	244	
237	124	191	
61	64	48	
388	682	310	
65	149	63	
337	366	559	
206	185	279	
380	175	255	
74	93	87	
188	225	487	
93	84	88	
126	42	61	
59	55	68	
33	66	51	
358	484	379	
458	377	430	
522	408	222	
505	438	432	
220	230	214	
289	321	498	
268	336	354	
251	252	252	
143	330	246	
305	304	289	
88	52	36	
260	414	215	
192	100	157	
631	174	212	
24	51	62	
342	284	176	
276	180	221	
148	165	123	
542	403	219	
153	276	181	
467	405	516	
411	568	638	
