Factories	7	Jobs	200	Machines	3

Total number of component types per job processed by HSPM
6	10	6	8	6	11	12	10	5	7	6	8	10	11	7	12	8	10	9	5	5	7	9	6	11	9	10	9	5	8	7	8	5	7	11	12	12	11	11	10	9	11	7	11	5	9	12	10	6	8	5	11	11	5	12	11	7	11	11	11	10	10	8	8	5	8	9	8	12	10	11	5	8	12	10	6	6	8	12	7	10	12	6	5	8	7	12	7	12	5	10	10	8	9	9	11	6	10	7	10	7	9	5	5	12	10	7	10	11	9	7	10	12	7	11	10	11	5	9	12	9	8	8	6	7	6	8	8	10	8	5	11	5	8	8	9	11	12	7	8	5	12	6	11	11	9	5	10	6	6	11	9	5	12	12	7	6	8	8	7	8	8	12	12	6	6	12	9	7	11	9	6	11	8	7	10	9	9	11	5	7	11	11	5	9	8	6	5	6	8	6	8	7	10	11	12	10	12	10	12	

Total number of component types per job processed by MFPM
2	1	3	5	2	2	1	5	4	4	3	3	3	5	4	3	1	5	1	4	2	2	5	4	1	3	2	4	2	3	1	5	5	2	5	4	5	5	5	2	5	5	4	4	3	3	2	2	1	5	3	1	4	3	5	1	3	1	5	5	1	5	1	2	5	3	3	3	1	1	3	2	4	2	1	1	4	4	5	3	5	4	4	2	4	5	2	3	1	4	3	2	3	2	4	5	5	5	5	3	2	5	1	2	1	4	1	5	5	3	2	2	2	1	5	4	3	2	2	1	1	1	2	3	1	5	3	4	4	3	2	5	4	2	3	1	1	5	5	4	3	1	4	3	5	2	4	5	5	3	3	5	2	1	4	3	2	1	2	3	4	5	2	3	2	2	4	4	3	4	2	4	5	3	1	1	3	5	2	3	1	4	4	4	2	1	1	2	3	1	4	1	5	4	1	2	3	3	3	5	1	5	4	1	2	1	4	3	1	4	4	2	4	4	4	1	3	5	2	4	5	5	2	5	5	1	2	4	3	2	5	4	1	1	2	3	4	1	4	4	2	1	4	2	3	4	5	5	3	1	1	3	4	3	3	1	3	4	3	2	4	4	2	4	1	2	1	2	4	5	5	3	4	3	5	2	5	1	5	4	5	3	3	5	2	5	3	5	3	4	3	4	3	2	1	3	1	1	3	1	5	3	3	1	4	5	5	2	4	4	2	1	3	4	1	3	3	1	5	2	3	2	2	1	2	2	5	1	3	1	2	3	2	2	4	1	4	4	3	5	4	3	5	4	2	3	1	1	5	5	1	5	2	2	2	2	5	2	1	4	4	2	1	3	1	3	3	5	1	5	2	3	4	4	3	1	3	2	3	4	3	4	1	5	4	3	2	4	5	2	5	5	1	2	4	2	5	2	5	2	

All component type numbers for each job to be processed by HSPM
6	8	18	43	14	59	4	29	15	7	10	10	
16	46	5	5	7	10	10	64	0	9	2	6	6	31	13	44	8	62	18	45	
7	28	5	20	14	58	10	17	8	14	16	65	
1	13	0	12	19	36	15	73	9	17	11	70	16	56	18	43	
18	58	15	73	2	68	17	56	5	16	16	27	
16	32	14	52	9	28	3	3	4	75	11	40	2	54	6	1	8	38	12	42	7	16	
12	5	16	25	5	51	0	1	8	70	10	65	7	74	13	72	2	11	3	64	11	39	6	23	
0	8	10	21	13	17	15	7	6	60	5	69	16	27	2	24	19	48	14	62	
1	28	7	4	5	73	13	33	18	12	
10	65	18	18	1	52	12	75	13	62	8	16	19	61	
7	24	2	61	6	55	9	28	12	73	13	27	
13	2	11	13	1	1	8	12	10	15	4	59	9	8	12	6	
14	15	17	68	5	40	18	36	13	54	11	44	1	14	3	75	15	29	8	41	
6	64	8	35	2	57	18	37	9	67	15	27	17	10	4	53	5	8	14	40	19	30	
7	22	12	46	3	72	9	69	2	52	11	48	14	67	
17	5	13	55	15	54	9	45	7	63	11	28	0	46	10	50	16	39	1	22	14	6	18	71	
1	5	14	64	4	10	0	62	19	19	11	25	10	24	15	6	
6	58	13	39	19	46	2	26	16	61	8	24	12	75	10	6	1	70	5	53	
19	30	16	67	13	40	4	26	3	13	11	37	0	54	1	27	12	68	
17	12	7	32	8	45	18	5	10	15	
18	59	2	29	5	72	7	5	17	61	
8	58	2	61	13	65	18	66	7	15	1	48	5	35	
13	62	0	3	12	9	1	49	9	73	17	17	11	56	18	19	5	31	
4	19	0	17	7	12	15	20	17	44	3	29	
15	50	4	12	18	15	16	58	19	37	3	9	2	5	1	61	13	17	12	26	17	33	
9	14	16	64	4	25	14	39	8	56	6	23	5	12	18	63	15	40	
9	52	6	16	14	31	1	63	3	5	15	55	0	15	2	73	19	67	5	68	
16	75	17	48	15	11	18	30	19	17	11	44	3	62	13	28	2	49	
10	45	17	4	6	18	0	14	3	7	
8	8	16	31	18	72	0	26	7	14	12	54	4	68	14	69	
4	2	11	48	14	37	17	8	10	27	3	55	15	46	
10	24	3	58	4	54	14	37	11	13	7	35	16	31	12	33	
9	15	14	13	17	5	4	14	6	56	
18	63	3	12	2	17	0	10	10	67	11	72	14	28	
17	46	1	14	14	45	0	72	8	38	2	55	19	67	12	49	5	48	18	52	9	57	
12	26	14	75	15	59	3	58	0	18	6	69	9	33	19	35	18	39	1	67	5	42	10	72	
8	19	15	14	11	40	6	62	17	20	13	29	4	74	9	9	0	21	12	70	14	47	16	34	
1	57	8	19	7	55	16	11	17	46	4	56	0	1	10	71	12	21	13	39	2	75	
16	73	1	36	6	37	14	24	15	44	5	16	8	45	17	67	12	42	10	8	13	59	
19	8	8	74	14	1	6	36	13	68	0	7	2	9	3	47	7	49	10	13	
19	59	11	47	18	50	15	13	14	73	7	40	5	39	3	34	8	64	
17	47	18	17	9	45	6	56	11	24	10	33	14	50	5	73	19	44	0	6	7	11	
17	29	15	28	3	50	16	46	11	33	14	35	4	75	
4	25	3	67	5	63	18	34	8	53	6	68	17	38	15	26	1	5	19	14	10	4	
0	46	6	48	5	24	4	42	9	52	
16	39	5	5	19	53	9	26	18	8	0	37	7	44	15	54	17	52	
3	49	8	66	17	46	2	2	10	37	1	32	0	10	15	61	13	8	5	53	19	4	14	70	
16	15	17	63	12	9	1	7	8	52	4	58	14	4	15	16	11	26	2	31	
16	74	18	10	6	30	10	66	1	53	4	22	
2	59	8	73	13	26	9	56	16	67	18	58	1	34	17	43	
4	17	10	42	6	28	3	15	13	22	
11	36	15	33	16	27	8	55	18	31	5	4	4	1	14	41	13	2	10	28	7	21	
18	64	7	12	8	17	10	53	2	29	11	19	4	35	9	65	19	60	1	24	17	28	
7	62	14	7	16	18	19	1	18	53	
19	50	9	22	13	70	2	8	4	18	3	1	15	2	1	45	18	44	7	46	5	4	12	38	
5	44	7	30	15	27	0	43	18	57	14	13	12	65	16	6	17	73	13	28	3	55	
5	75	10	24	13	59	3	26	9	65	15	4	14	55	
13	72	1	45	15	24	18	34	19	55	3	63	14	39	16	66	5	2	11	49	7	64	
14	22	2	1	16	9	8	6	10	16	9	24	5	40	15	70	13	52	0	57	12	13	
4	32	10	21	0	42	9	20	1	12	14	53	19	70	16	35	11	34	12	9	5	66	
6	38	9	25	1	61	8	21	14	13	3	18	19	27	4	40	10	6	5	23	
5	27	17	24	18	55	6	58	0	72	14	30	19	7	10	50	2	12	13	48	
9	60	15	30	2	28	6	42	7	72	18	67	4	38	12	63	
10	70	6	6	12	60	11	5	19	10	8	49	3	8	5	48	
10	25	17	62	6	20	18	72	16	61	
4	55	12	34	7	40	3	42	6	15	2	60	14	1	9	47	
3	15	7	64	0	75	15	68	6	24	16	37	18	29	4	51	14	26	
5	53	18	38	11	72	2	6	4	14	8	13	17	52	6	48	
9	19	0	2	6	11	12	17	11	74	1	73	18	59	3	50	7	62	13	4	10	26	8	37	
13	62	12	54	4	39	0	17	9	29	7	74	19	71	16	26	6	56	14	69	
17	62	19	68	10	11	7	12	18	3	3	44	0	57	12	5	9	40	5	73	1	38	
2	69	0	42	13	55	9	23	17	40	
2	11	5	40	18	75	15	47	12	53	16	4	13	2	17	51	
3	46	13	17	8	60	16	75	7	70	19	54	1	24	6	66	2	44	17	35	10	47	18	41	
4	2	12	21	7	17	3	51	13	65	17	5	10	22	18	58	15	55	14	62	
4	51	9	5	1	52	8	8	17	63	6	4	
11	33	1	10	18	59	0	57	5	67	10	20	
14	45	15	27	12	51	17	24	2	39	19	61	8	54	16	75	
7	15	4	16	13	13	6	53	12	44	14	2	18	32	5	52	19	25	9	46	16	7	1	42	
16	25	7	3	2	59	8	12	17	44	9	7	18	4	
12	75	11	2	17	49	10	12	0	72	2	45	18	4	19	15	16	41	13	61	
0	74	7	70	19	7	14	29	8	75	11	72	13	6	10	51	3	41	1	27	4	16	12	36	
14	59	3	8	10	33	5	44	17	18	12	45	
0	7	17	61	10	32	3	69	11	30	
0	28	16	29	2	75	4	61	18	62	9	16	10	49	14	65	
18	16	19	72	12	71	6	59	14	49	10	25	1	61	
2	3	16	65	9	39	15	53	0	22	12	75	6	48	19	32	11	62	7	37	10	26	17	60	
3	10	1	60	10	56	7	18	9	63	4	72	15	50	
11	30	4	20	9	71	0	14	10	74	18	38	2	13	16	55	3	18	14	58	7	41	6	35	
6	65	14	53	18	15	9	5	5	13	
1	47	18	44	19	2	3	8	5	30	17	45	15	6	0	25	4	14	2	23	
13	10	15	17	9	75	17	29	12	35	1	56	18	73	3	40	8	25	4	52	
3	18	8	55	6	8	16	5	10	4	12	70	9	7	4	28	
6	51	8	19	16	3	11	73	9	4	13	13	19	29	15	16	0	33	
19	62	17	46	5	38	14	57	7	55	0	53	9	32	6	52	15	72	
1	17	14	74	15	61	2	57	7	56	18	47	8	52	6	8	5	45	12	59	13	62	
12	45	8	70	4	17	5	71	15	10	2	3	
11	45	14	25	9	53	4	49	19	24	1	13	16	29	13	23	5	38	10	20	
17	16	15	1	19	27	10	43	1	58	5	51	2	13	
5	31	19	33	14	15	10	40	4	28	13	67	9	21	8	7	11	24	2	35	
3	25	1	66	10	19	7	68	12	38	18	17	8	22	
0	55	10	61	18	35	1	54	3	33	15	29	17	13	12	75	14	7	
7	25	11	64	19	10	6	34	16	19	
8	59	10	49	0	30	14	52	13	17	
14	29	11	50	4	22	8	52	12	16	3	40	15	37	0	61	9	5	6	71	2	60	13	75	
15	5	3	46	11	52	17	64	19	15	13	44	12	25	14	20	10	9	2	1	
0	61	6	62	1	70	12	16	15	46	14	13	5	60	
12	49	6	64	15	52	1	50	7	34	5	16	8	44	16	35	0	22	18	39	
14	35	12	73	0	38	18	6	7	60	2	13	11	17	16	44	6	34	10	18	15	41	
5	48	9	10	13	3	2	58	18	54	6	24	19	40	7	72	3	41	
0	10	16	2	14	22	10	15	13	23	2	16	19	43	
8	63	1	3	9	24	11	72	2	67	18	46	17	73	10	6	3	25	14	54	
13	17	0	26	19	28	9	9	7	48	16	70	3	44	12	36	17	18	5	49	11	69	1	5	
15	16	11	38	1	22	6	29	5	5	10	33	9	44	
4	10	9	59	2	17	3	28	10	1	14	74	0	43	12	68	5	62	19	51	7	12	
17	14	13	9	14	52	3	68	19	32	5	26	7	5	8	43	12	39	6	10	
15	73	5	53	9	9	0	7	10	31	6	75	2	56	11	16	13	50	18	40	4	44	
18	23	14	72	9	39	4	38	17	42	
4	24	9	1	17	34	7	38	0	44	2	30	5	6	6	21	18	47	
19	58	7	63	10	10	4	4	0	26	15	14	12	42	16	1	8	47	1	36	18	54	11	38	
17	60	3	9	8	5	9	10	14	11	4	15	11	62	6	73	2	3	
6	51	16	5	4	17	8	6	5	22	13	60	17	65	15	41	
11	64	16	18	5	27	6	32	19	43	0	25	13	49	1	73	
1	27	17	22	9	71	12	75	8	43	6	18	
16	22	15	64	11	40	5	15	1	67	2	36	3	6	
15	56	0	22	4	14	16	53	5	72	11	28	
4	12	3	36	18	71	17	68	10	58	14	11	0	15	7	31	
3	44	11	28	19	24	10	38	13	3	15	36	12	67	8	7	
4	29	9	27	11	65	14	11	15	13	5	51	17	9	0	16	10	68	1	42	
0	72	14	31	18	17	7	30	5	23	15	16	19	53	2	20	
18	35	17	45	11	72	5	52	15	56	
10	46	1	4	8	71	12	54	18	30	16	38	13	59	5	20	15	52	11	60	19	70	
19	47	7	70	17	42	1	58	16	2	
18	2	11	7	16	22	4	33	7	63	6	61	0	44	19	45	
4	62	11	54	9	15	15	57	10	9	0	26	6	38	14	39	
14	67	5	25	10	40	11	21	4	18	18	29	16	70	15	42	19	60	
7	61	6	13	18	44	12	23	13	45	17	50	1	32	16	39	8	48	4	40	5	51	
19	56	18	49	2	48	3	73	13	39	5	50	17	6	9	21	8	47	4	19	7	68	14	72	
0	20	19	2	13	61	9	37	1	19	6	46	17	25	
10	26	7	34	15	15	18	29	17	14	13	57	0	4	2	39	
6	10	10	6	9	5	3	18	2	48	
11	39	3	12	0	72	18	63	9	70	10	43	5	6	14	21	17	11	1	57	7	1	13	73	
8	14	19	45	9	51	14	28	18	61	4	10	
7	55	15	49	0	20	1	8	13	30	12	57	16	31	19	13	14	67	17	4	2	21	
2	56	5	32	1	24	15	8	7	72	10	34	9	73	11	4	18	66	12	68	17	50	
5	37	9	19	12	30	2	39	19	24	13	16	6	53	18	61	16	8	
6	34	18	7	0	16	10	72	7	18	
6	38	5	2	14	74	2	64	17	36	0	68	11	20	1	9	15	19	19	42	
5	22	8	6	19	12	11	74	6	65	14	23	
3	70	5	24	8	54	2	44	4	58	15	49	
14	49	0	7	10	36	13	68	1	60	15	69	16	9	11	75	7	30	12	31	17	13	
17	62	0	65	18	12	11	13	12	39	9	67	8	14	2	7	10	1	
12	23	3	37	17	52	14	73	1	26	
1	75	6	60	2	44	13	45	7	4	17	33	5	30	10	12	4	28	15	21	14	10	3	71	
2	4	10	56	1	30	6	20	3	41	5	22	11	60	14	26	18	21	13	72	15	61	9	42	
15	39	8	68	0	70	17	27	16	61	7	65	4	34	
18	65	2	36	11	57	5	42	7	18	0	6	
17	44	12	22	5	59	10	68	18	46	4	26	0	24	19	57	
10	44	3	10	11	16	17	58	7	9	6	41	18	63	4	27	
12	26	3	59	11	27	8	51	7	18	0	60	1	75	
11	61	10	32	1	59	2	7	19	66	9	40	13	10	7	64	
10	66	7	45	8	73	2	52	13	12	16	3	0	6	14	47	
6	58	17	70	0	50	2	49	10	27	1	37	3	26	19	1	9	60	14	38	5	43	8	39	
10	54	4	3	9	28	17	8	13	34	16	74	0	51	3	55	7	27	19	21	12	14	8	64	
13	58	2	28	19	15	8	60	1	35	17	49	
11	33	18	72	12	20	6	18	17	42	7	9	
14	75	4	32	8	25	19	63	11	55	10	17	3	58	9	2	15	59	12	39	18	40	16	71	
13	8	8	4	19	17	1	59	15	30	12	32	16	37	11	27	7	7	
4	18	6	45	11	22	19	74	1	65	10	67	17	70	
12	46	3	11	13	20	14	57	6	39	17	42	16	71	9	19	2	72	8	36	19	34	
14	1	12	75	9	11	2	37	7	22	16	18	18	31	6	7	19	3	
18	33	13	36	8	66	15	68	4	17	0	30	
14	7	2	41	10	18	3	55	9	22	4	51	11	3	0	48	12	72	16	16	15	75	
8	36	18	58	15	50	19	29	4	23	6	30	16	56	14	27	
16	65	14	19	12	3	10	60	5	28	9	34	1	48	
15	6	11	61	0	22	19	65	4	31	16	19	7	35	6	13	1	20	2	47	
2	65	12	8	7	73	3	64	5	56	6	36	14	14	9	13	19	55	
17	40	16	39	2	49	5	22	1	21	18	2	12	24	9	34	6	69	
19	59	17	21	7	63	10	33	18	11	14	64	11	18	8	55	13	23	2	57	9	49	
13	61	8	52	12	45	4	8	15	23	
11	20	18	58	0	66	19	22	2	6	3	48	8	55	
4	39	14	49	16	37	18	56	3	61	9	8	2	65	0	1	6	63	13	13	10	19	
2	67	0	18	11	29	1	5	16	16	6	14	13	61	10	32	12	54	17	12	18	58	
2	10	8	19	16	52	7	48	0	66	
4	28	2	40	8	55	10	65	18	57	0	52	3	53	9	12	1	45	
3	62	15	11	5	14	7	30	19	74	11	1	14	18	0	53	
0	44	9	14	3	74	1	69	8	4	13	47	
0	17	7	13	1	21	5	25	2	66	
12	36	11	8	15	19	18	37	8	67	1	42	
1	4	5	70	7	39	2	64	0	35	14	45	6	33	13	23	
14	34	16	60	17	66	19	32	5	54	3	42	
10	5	12	46	16	17	13	44	7	7	0	72	4	9	2	64	
6	68	11	6	7	56	13	10	4	17	9	43	16	34	
4	20	3	36	11	1	0	35	9	38	10	24	19	26	2	9	18	50	5	72	
2	44	10	63	3	14	9	39	14	12	12	31	7	65	13	49	18	29	6	6	16	22	
19	56	17	46	8	22	11	38	14	62	10	16	7	27	0	57	16	40	9	50	2	48	3	55	
2	6	1	23	14	50	17	17	11	43	16	24	8	64	3	16	12	20	15	45	
4	11	17	13	11	72	8	59	13	44	5	75	15	18	7	67	12	48	18	37	16	21	19	70	
11	57	6	29	18	25	17	62	15	11	8	6	10	73	1	40	9	61	12	44	
10	33	14	25	16	24	3	16	13	61	0	11	8	4	11	17	6	28	2	22	15	47	1	65	

All component type numbers for each job to be processed by MFPM
5	3	3	16	
0	40	
1	2	8	17	4	5	
1	33	0	32	8	41	4	40	3	29	
1	5	7	13	
5	27	3	41	
2	18	
3	35	5	33	8	32	0	38	4	45	
7	23	5	13	9	16	0	5	
4	38	3	46	7	30	5	48	
6	10	9	5	8	25	
5	45	4	49	7	32	
4	15	9	11	7	1	
8	45	0	47	9	46	6	28	2	48	
8	7	0	4	1	17	3	9	
3	44	4	43	6	34	
9	17	
0	37	2	50	9	26	3	28	4	30	
2	10	
4	39	5	43	0	35	7	27	
8	5	0	25	
6	40	7	26	
1	18	7	19	4	20	0	23	9	12	
7	49	3	40	0	31	9	37	
7	19	
5	34	1	27	9	46	
7	23	8	13	
5	39	7	26	1	37	8	36	
3	16	2	17	
5	31	1	29	8	48	
4	22	
8	29	7	38	5	31	0	32	2	26	
2	12	4	2	3	16	0	21	5	18	
7	42	8	33	
8	23	6	7	7	16	9	1	3	14	
1	28	4	44	2	35	9	41	
3	16	5	23	6	15	9	24	1	21	
8	26	4	40	7	32	1	44	0	47	
5	11	3	13	0	19	8	18	6	4	
5	37	1	33	
4	19	5	13	6	14	0	22	2	11	
3	49	5	44	4	34	7	27	2	50	
9	2	1	7	8	17	5	25	
9	45	4	29	3	36	5	43	
1	16	9	11	3	2	
1	45	4	40	3	36	
7	25	3	8	
2	48	5	31	
3	19	
8	36	9	40	2	39	4	49	5	45	
9	9	5	3	2	22	
1	42	
7	15	4	19	3	14	8	3	
7	26	1	36	0	32	
1	16	5	6	9	23	4	4	0	9	
3	26	
3	9	1	18	0	4	
7	26	
2	1	1	7	6	14	9	3	0	10	
1	32	7	29	9	40	6	33	5	44	
7	5	
4	43	9	34	1	27	2	41	7	49	
1	4	
6	28	8	46	
3	1	7	14	0	25	9	16	5	9	
0	28	8	27	7	40	
4	21	5	1	6	3	
6	33	0	49	5	31	
1	1	
2	39	
7	24	6	4	8	16	
8	48	9	34	
3	21	0	19	6	3	5	1	
2	50	8	37	
3	11	
5	50	
4	12	3	14	5	11	8	1	
0	30	1	34	4	44	8	38	
2	12	8	14	9	21	6	15	0	8	
6	44	2	49	3	27	
1	1	9	5	2	16	4	10	7	21	
7	29	6	49	4	43	5	45	
5	3	1	20	4	11	6	8	
5	35	6	41	
5	14	3	18	2	13	8	11	
3	48	4	30	9	26	8	34	2	44	
2	18	9	13	
0	47	9	46	2	33	
6	18	
9	45	8	35	1	39	3	42	
6	13	3	25	1	22	
0	36	5	28	
9	7	8	17	0	19	
3	34	6	43	
3	24	5	15	4	19	2	12	
7	26	3	27	5	33	4	36	6	31	
9	6	4	10	8	17	3	9	0	25	
6	40	8	31	0	45	2	38	5	27	
9	1	7	12	3	13	1	11	5	21	
1	37	6	50	2	39	
6	8	2	1	
0	42	4	28	7	49	1	46	3	33	
5	7	
9	36	3	37	
0	1	
4	42	9	36	2	48	8	49	
7	16	
7	28	1	37	3	41	2	27	9	50	
8	23	5	4	1	24	2	17	7	14	
3	46	1	41	4	44	
3	6	4	17	
1	43	3	32	
4	10	8	25	
7	40	
3	1	7	10	1	15	4	17	8	8	
3	43	1	45	8	46	4	29	
9	21	3	11	5	8	
4	43	2	41	
8	10	3	23	
6	48	
8	21	
4	37	
3	18	6	23	
6	27	7	40	3	31	
8	18	
8	32	1	34	9	47	4	49	0	27	
2	7	7	13	6	20	
2	45	9	37	1	32	7	48	
5	16	3	25	8	19	2	15	
7	31	3	37	1	36	
3	6	4	5	
2	48	3	50	9	46	6	31	4	34	
5	19	9	22	2	10	0	14	
4	35	3	45	
0	12	2	22	7	16	
2	50	
7	8	
8	38	6	29	4	45	0	37	9	27	
0	22	6	23	7	13	8	21	9	4	
4	26	7	41	0	45	9	38	
3	22	4	2	9	20	
4	47	
7	19	6	10	9	20	3	9	
3	50	0	38	9	48	
8	3	5	6	0	18	3	23	4	1	
2	46	0	42	
5	21	4	16	0	9	9	15	
0	40	1	36	2	49	8	35	4	44	
4	14	3	19	9	15	7	4	1	6	
4	28	0	36	3	44	
3	25	6	11	4	22	
6	45	5	39	2	31	7	49	9	47	
2	24	4	11	
9	34	
9	18	7	25	3	4	2	20	
6	30	3	38	0	36	
7	13	4	2	
7	44	
5	3	8	24	
1	42	4	33	9	41	
6	19	2	14	7	4	9	8	
4	37	1	28	5	36	8	41	3	47	
1	8	8	3	
9	33	1	40	3	34	
3	5	4	9	
7	39	8	46	
5	7	9	12	3	4	6	10	
7	38	8	30	0	37	9	26	
8	19	2	1	6	11	
6	32	2	31	8	39	7	43	
0	19	2	21	
0	45	3	49	1	39	5	44	
3	20	0	9	5	13	8	24	7	18	
2	44	6	30	4	27	
7	15	
0	26	
7	5	0	12	1	25	
8	28	0	26	9	39	3	42	1	46	
4	21	9	9	
4	48	9	37	0	41	
6	24	
2	28	6	31	8	48	3	37	
1	23	5	10	9	14	8	6	
9	28	6	30	1	29	0	32	
7	21	6	14	
5	44	
8	15	
9	27	6	48	
8	7	7	3	0	21	
0	28	
1	10	6	2	7	6	3	19	
2	46	
6	25	0	21	5	11	1	3	9	24	
4	45	1	42	5	40	8	38	
7	25	
3	43	1	50	
8	16	0	5	2	13	
0	49	1	38	8	31	
3	25	9	22	5	18	
4	28	9	39	2	26	7	38	5	37	
7	23	
6	49	2	39	3	38	9	48	0	32	
3	9	9	4	5	7	8	20	
8	33	
2	10	7	7	
6	36	
2	23	3	18	4	11	6	5	
7	28	0	32	6	50	
9	10	
9	49	7	34	5	43	2	35	
2	21	7	10	6	12	5	19	
1	36	5	44	
3	17	9	13	6	3	7	23	
0	47	6	27	4	46	2	37	
1	5	0	16	5	18	3	10	
9	31	
7	25	5	21	4	1	
8	28	0	32	4	47	9	45	2	34	
2	22	9	21	
5	29	8	49	0	32	3	46	
4	4	6	2	5	13	0	7	1	23	
9	34	5	46	0	26	8	29	6	50	
0	3	8	6	
0	50	3	28	2	44	8	29	6	36	
5	6	0	24	1	15	4	2	6	7	
7	45	
3	23	1	7	
5	29	6	38	8	37	0	43	
5	5	9	14	1	17	
2	32	8	45	
3	9	4	1	0	22	9	8	5	5	
2	36	4	30	3	35	9	31	
8	15	
7	33	
9	21	1	1	
6	49	2	38	5	40	
4	4	3	22	9	5	0	17	
0	41	
4	25	9	22	3	7	2	4	
9	40	0	46	8	34	4	45	
9	4	0	14	
5	31	
5	13	2	8	4	14	6	1	
5	33	1	45	
2	10	3	19	5	11	
0	29	1	26	3	33	5	49	
9	16	7	19	0	10	5	22	8	23	
2	47	9	41	3	34	8	28	7	38	
7	12	2	2	3	13	
3	30	
2	17	
2	32	8	47	9	30	
6	18	5	6	1	10	4	25	
6	39	9	26	7	37	
4	20	0	22	7	6	
0	33	
9	7	3	4	5	17	
2	46	7	45	1	37	8	31	
9	24	1	25	5	3	
4	40	0	43	
9	4	1	7	3	24	6	21	
8	49	7	35	9	32	5	28	
8	7	7	2	
9	37	7	46	0	47	6	26	
6	2	
9	45	5	49	
0	8	
0	35	6	43	
6	15	8	21	4	11	2	14	
2	38	1	43	7	45	5	36	8	30	
2	15	8	23	5	22	7	14	0	8	
7	39	3	47	9	31	
6	24	1	14	5	21	4	12	
4	34	1	29	2	35	
1	17	6	3	9	16	0	13	8	14	
9	34	4	43	
3	19	6	2	4	24	2	8	1	5	
8	27	
9	20	7	17	0	12	1	19	8	21	
5	33	4	38	6	49	3	35	
3	18	8	7	5	2	1	8	4	6	
4	42	8	31	1	26	
2	9	3	8	6	13	
6	27	8	50	5	31	0	48	1	36	
3	19	6	23	
8	40	5	49	9	31	6	50	3	48	
7	6	5	14	1	18	
0	31	2	43	1	32	8	48	5	37	
5	9	0	2	4	21	
7	32	0	46	3	44	9	50	
6	24	1	1	5	13	
7	36	5	26	4	29	6	40	
2	17	7	14	4	20	
1	38	3	32	
2	16	
8	47	6	33	7	44	
8	16	
7	50	
6	3	8	15	5	6	
0	49	
2	15	9	13	0	22	7	19	6	23	
1	48	8	49	2	38	
0	20	6	11	3	25	
0	39	
5	16	0	15	1	9	9	22	
0	40	3	27	7	49	6	38	8	37	
3	17	0	19	9	18	6	7	2	1	
6	49	4	36	
0	18	3	23	4	4	7	2	
4	43	8	35	5	38	6	37	
6	3	8	1	
4	36	
0	9	1	8	6	10	
9	48	2	35	1	26	4	34	
7	15	
6	50	1	47	9	44	
7	6	5	2	9	19	
1	47	
2	4	3	14	8	5	7	17	1	21	
7	47	9	34	
2	10	8	20	3	16	
1	49	5	38	
1	21	5	8	
1	29	
1	17	7	2	
2	43	9	44	
2	2	9	10	5	4	1	11	0	14	
0	39	
9	9	6	20	3	14	
9	26	
0	10	8	5	
7	45	8	46	2	50	
8	15	2	11	
8	50	3	39	
5	11	4	12	2	3	8	23	
1	36	
0	9	6	2	3	14	1	4	
9	39	0	26	1	49	5	30	
5	1	2	12	9	6	
4	44	1	46	3	31	8	41	2	26	
1	8	9	9	4	22	3	14	
2	46	3	36	7	41	
0	22	4	20	8	8	3	4	7	24	
1	49	2	45	4	48	9	44	
3	1	9	7	
7	33	5	37	2	35	
7	8	
6	47	
4	20	9	13	6	9	1	24	8	15	
9	28	3	30	7	50	6	29	1	36	
4	7	
9	42	1	35	2	28	5	48	4	40	
7	14	8	2	
0	33	9	48	
6	11	0	18	
1	47	7	30	
1	15	6	19	4	8	3	10	2	9	
7	48	2	30	
9	24	
8	38	5	33	4	41	6	27	
9	4	6	16	4	15	8	24	
9	36	4	43	
9	13	
1	37	8	49	5	27	
7	22	
4	41	5	31	6	44	
9	25	4	16	0	21	
9	27	1	48	3	31	4	35	2	26	
9	9	
5	43	3	50	1	44	9	31	4	49	
1	20	3	7	
0	41	6	44	3	27	
4	10	7	15	1	2	3	24	
3	35	5	34	4	40	0	31	
0	9	8	8	6	22	
6	32	
7	5	8	17	3	18	
4	42	2	47	
3	14	5	20	6	4	
5	50	7	33	9	40	6	27	
8	5	9	20	1	11	
3	44	9	31	7	35	2	38	
6	9	
0	26	3	33	6	39	1	43	5	50	
9	11	7	15	3	17	6	13	
8	49	6	33	2	50	
9	17	7	14	
2	46	4	29	7	40	6	37	
9	24	8	5	3	15	7	11	2	16	
9	34	5	49	
9	16	7	23	5	4	4	3	0	6	
8	36	6	33	9	43	4	29	1	47	
7	6	
9	45	2	36	
7	1	3	4	1	9	4	7	
3	38	7	31	
2	2	8	15	4	19	0	21	1	18	
7	32	8	47	
4	14	0	11	9	23	7	7	3	8	
7	30	5	46	

Three processing times per job on each machine
The best scenario
712	398	548	
485	192	542	
860	296	364	
48	83	78	
217	675	549	
199	229	141	
219	310	183	
486	333	504	
804	249	964	
48	158	163	
576	564	560	
428	285	282	
531	875	828	
197	157	301	
360	452	128	
1045	427	1206	
128	38	120	
259	197	333	
172	391	456	
538	232	279	
223	118	478	
293	255	752	
511	652	398	
609	826	628	
614	163	501	
621	626	614	
253	297	443	
57	181	96	
817	1036	527	
679	741	455	
110	86	149	
36	87	118	
664	573	247	
830	745	674	
1118	309	654	
357	640	408	
283	209	351	
87	402	149	
126	45	97	
694	572	196	
312	295	231	
187	231	296	
439	463	205	
131	248	166	
144	131	58	
275	133	170	
167	187	60	
96	118	86	
115	92	109	
129	359	191	
399	336	243	
260	500	616	
160	214	145	
254	688	757	
73	110	115	
344	251	250	
629	278	391	
619	1065	994	
118	131	122	
154	242	345	
275	93	106	
153	196	442	
73	236	74	
736	128	156	
780	268	280	
107	206	182	
1040	901	359	
338	122	244	
297	251	302	
515	213	302	
600	363	222	
202	321	383	
109	85	158	
349	518	441	
280	343	752	
413	319	885	
622	974	1041	
271	374	197	
233	204	388	
355	578	704	
168	328	484	
129	201	139	
587	455	346	
483	250	519	
509	566	392	
387	605	572	
196	232	105	
223	99	253	
106	171	206	
281	80	204	
291	553	567	
315	107	108	
330	827	590	
513	1078	429	
378	291	715	
709	221	230	
164	287	467	
450	990	609	
231	320	265	
1149	509	671	
352	176	196	
610	498	396	
216	442	797	
593	535	255	
592	290	580	
93	61	118	
305	61	249	
181	436	101	
842	611	432	
412	517	393	
750	279	562	
347	585	351	
205	275	200	
1125	347	1071	
285	725	712	
713	262	639	
219	275	344	
360	301	163	
440	645	746	
202	329	423	
830	666	237	
202	146	264	
93	62	145	
497	139	293	
51	153	122	
206	97	150	
287	513	854	
310	421	639	
459	810	255	
147	48	88	
490	660	459	
479	490	688	
489	344	719	
874	224	862	
229	110	163	
96	64	94	
183	435	551	
389	196	355	
859	991	427	
808	902	333	
521	567	732	
292	270	223	
57	122	109	
83	110	39	
632	1359	1328	
170	549	565	
762	569	520	
305	461	338	
1231	277	511	
399	1031	506	
68	124	116	
474	1392	656	
435	567	305	
132	128	90	
446	832	971	
140	132	93	
178	193	121	
69	119	129	
697	448	499	
330	135	295	
206	215	441	
190	459	304	
470	426	105	
119	34	183	
205	176	151	
549	422	606	
85	91	65	
129	119	287	
95	109	93	
99	46	143	
576	587	547	
314	333	683	
165	157	116	
430	299	171	
216	636	237	
260	346	229	
291	412	301	
506	560	619	
280	251	348	
868	865	833	
171	321	239	
286	679	587	
459	266	340	
981	1110	1047	
100	406	185	
173	474	397	
374	474	345	
300	533	438	
1082	332	569	
131	217	216	
125	141	121	
341	174	268	
1049	935	1364	
619	436	441	
282	345	393	
313	327	1307	
329	407	294	
242	310	243	
111	82	316	
350	227	209	
Most likely scenario
1119	662	683	
736	285	784	
1063	333	473	
71	138	88	
361	1234	1073	
317	317	154	
297	406	318	
881	588	908	
1090	403	998	
81	229	206	
798	967	1031	
749	315	293	
925	955	1048	
345	243	323	
377	453	217	
1394	796	1378	
143	68	172	
368	245	432	
317	537	502	
676	435	419	
363	187	507	
415	501	1269	
588	912	415	
1213	1135	1192	
620	284	590	
761	1089	992	
349	416	453	
84	185	145	
843	1072	542	
1295	777	675	
135	99	152	
53	130	155	
860	745	345	
988	1254	911	
1363	573	1097	
465	687	715	
323	277	384	
154	514	154	
145	62	111	
1230	1102	373	
420	526	381	
360	236	488	
691	681	252	
144	265	173	
240	186	107	
465	258	268	
234	200	100	
149	183	122	
118	153	137	
246	470	357	
484	408	404	
417	725	957	
203	333	225	
462	1079	1089	
109	150	150	
678	320	252	
894	497	513	
1129	1091	1080	
126	133	160	
202	312	424	
330	136	195	
202	219	496	
112	344	145	
779	232	221	
1010	347	312	
163	336	321	
1100	1130	699	
401	165	283	
380	368	333	
567	291	444	
634	649	331	
215	617	423	
176	96	182	
558	625	683	
514	411	893	
541	435	964	
857	1089	1154	
307	560	241	
465	220	544	
426	923	865	
316	528	506	
160	244	184	
593	636	444	
864	355	685	
520	597	498	
615	701	806	
331	302	119	
390	133	276	
134	186	305	
386	112	290	
303	705	573	
368	153	179	
364	1045	1180	
758	1505	511	
512	494	828	
785	437	397	
214	448	603	
578	1436	934	
402	370	301	
1228	673	1035	
409	297	383	
941	969	488	
342	444	1095	
1041	997	377	
667	494	629	
144	65	194	
312	108	266	
209	600	169	
1014	829	717	
741	819	663	
812	511	683	
653	627	372	
248	292	218	
1219	483	1149	
333	942	741	
908	393	1073	
236	301	506	
429	366	236	
499	769	1084	
292	632	521	
1086	847	312	
220	157	327	
161	118	176	
561	278	559	
73	222	127	
312	193	182	
378	681	1052	
377	777	764	
490	858	263	
253	74	95	
544	785	474	
533	677	702	
823	492	1137	
1056	360	978	
234	170	215	
181	87	145	
276	504	569	
550	391	504	
990	1316	666	
1015	912	405	
602	769	735	
295	329	255	
65	168	172	
124	111	50	
868	1517	1458	
211	599	792	
809	687	546	
447	496	578	
1308	508	590	
515	1162	849	
79	189	146	
665	1503	992	
590	859	448	
185	173	103	
741	1284	1192	
169	142	168	
206	224	138	
129	141	183	
940	729	560	
391	218	335	
410	293	550	
313	515	324	
617	539	198	
133	57	190	
304	244	238	
607	496	858	
112	125	99	
175	143	317	
160	177	120	
147	83	189	
618	762	1044	
468	546	781	
292	285	119	
453	480	340	
233	671	252	
286	403	367	
533	448	373	
994	707	876	
419	381	433	
980	898	969	
232	398	429	
546	732	738	
657	289	472	
1064	1278	1216	
194	535	210	
278	478	418	
576	911	458	
550	604	458	
1100	492	941	
211	294	401	
167	220	201	
381	217	327	
1192	964	1419	
631	790	820	
522	524	541	
597	505	1459	
521	516	537	
252	515	354	
221	137	530	
607	363	285	
The worst scenario
1123	741	1022	
763	306	1165	
1319	479	508	
74	149	123	
508	1630	1567	
443	445	230	
419	501	375	
1205	622	1172	
1199	535	1358	
96	331	290	
839	1450	1126	
1071	349	332	
1026	1152	1269	
480	260	445	
393	640	229	
1841	988	1847	
202	80	222	
519	329	470	
358	740	676	
902	476	549	
492	200	621	
613	597	1817	
674	1305	517	
1315	1355	1409	
834	418	793	
809	1171	995	
405	524	617	
104	250	187	
1181	1436	726	
1705	1133	952	
200	121	196	
61	186	160	
978	1044	370	
1126	1546	967	
1738	616	1273	
643	722	786	
448	352	541	
208	617	197	
180	66	124	
1432	1169	398	
549	708	549	
433	329	528	
893	822	355	
153	333	186	
252	253	138	
520	355	401	
236	235	101	
168	248	137	
158	167	193	
262	554	523	
558	502	406	
615	972	1199	
223	467	292	
661	1496	1533	
115	219	173	
1009	479	348	
1122	665	636	
1624	1387	1253	
146	134	219	
213	445	624	
399	167	197	
219	325	549	
131	439	151	
901	338	282	
1092	417	435	
234	357	342	
1548	1225	737	
462	191	323	
499	383	355	
778	350	627	
823	846	456	
250	706	580	
248	111	202	
803	800	976	
597	487	1127	
755	616	1340	
1061	1343	1689	
389	672	282	
601	323	717	
579	1294	921	
355	544	679	
212	281	264	
785	857	511	
948	407	917	
765	834	702	
658	875	996	
348	348	167	
501	165	350	
175	233	361	
548	124	338	
409	907	661	
500	224	202	
365	1221	1753	
777	2201	756	
573	585	1101	
1160	452	400	
245	516	639	
684	1846	1325	
585	418	305	
1568	1003	1128	
569	359	530	
972	1027	637	
462	593	1176	
1218	1114	557	
706	694	846	
187	79	270	
387	139	299	
310	890	219	
1389	1222	872	
896	845	808	
1193	586	974	
859	767	512	
289	367	244	
1335	719	1337	
487	1027	783	
1069	491	1502	
298	397	621	
518	531	342	
572	1100	1297	
347	645	682	
1545	1094	386	
296	209	353	
224	154	179	
799	350	602	
101	284	160	
319	267	185	
542	901	1473	
520	985	784	
553	1214	297	
254	108	123	
639	956	637	
667	969	966	
894	535	1454	
1461	429	1330	
335	242	221	
270	114	182	
360	707	732	
825	567	661	
1236	1703	870	
1189	1089	502	
801	898	854	
396	472	264	
80	177	200	
184	155	52	
1151	1845	2166	
218	620	840	
1159	797	667	
471	508	827	
1365	616	687	
676	1596	915	
106	279	170	
900	2094	1296	
777	1142	535	
247	238	109	
868	1562	1745	
187	152	195	
249	235	202	
166	158	192	
1402	997	683	
528	325	398	
586	345	696	
467	692	483	
845	608	210	
168	62	208	
308	305	254	
680	578	876	
158	159	144	
241	209	402	
180	203	150	
203	120	220	
692	994	1549	
541	763	995	
411	292	120	
568	519	471	
297	673	292	
420	420	471	
785	498	426	
1209	774	1059	
443	516	462	
1434	1125	1056	
276	484	546	
607	817	1105	
670	349	486	
1241	1854	1269	
250	643	287	
365	551	537	
618	964	537	
688	659	679	
1620	708	1049	
293	327	575	
176	267	279	
526	222	425	
1611	1204	1905	
646	856	863	
665	730	658	
687	587	1680	
748	670	582	
281	686	425	
268	202	741	
829	391	321	
