Factories	3	Jobs	200	Machines	3

Total number of component types per job processed by HSPM
6	6	7	6	12	7	10	11	5	8	12	12	12	8	10	9	7	5	10	11	6	8	9	8	11	10	12	8	10	6	11	6	11	6	11	12	5	11	12	8	5	7	10	11	7	5	7	5	12	12	9	9	6	8	7	6	8	9	10	8	9	8	10	12	10	7	7	12	5	8	9	10	9	9	10	7	12	6	10	6	8	7	11	5	9	12	6	12	5	7	5	10	5	9	11	12	12	7	9	6	5	6	11	7	10	5	10	8	10	10	11	6	10	7	8	8	8	6	5	11	12	11	5	12	7	9	6	5	8	8	11	12	5	6	9	8	7	11	12	6	10	9	10	11	11	11	8	10	10	5	12	8	10	5	11	7	7	9	11	8	7	9	12	12	12	6	11	5	9	12	7	8	11	11	7	6	10	12	11	11	8	10	11	6	9	6	5	11	12	8	11	5	9	11	11	8	11	9	9	6	

Total number of component types per job processed by MFPM
1	4	3	2	4	2	5	4	4	5	4	4	1	3	4	2	1	3	3	1	2	2	5	5	5	1	2	2	2	1	4	2	2	2	5	1	1	5	3	1	3	5	2	1	1	2	5	1	5	5	3	1	4	1	4	1	2	5	3	4	5	3	5	1	4	4	4	3	1	4	2	3	2	4	3	1	1	4	5	5	5	1	4	2	3	5	3	4	3	2	4	2	4	2	2	1	5	2	4	3	4	1	2	1	4	4	5	5	3	1	2	4	4	4	2	2	3	2	3	4	5	2	5	5	4	2	3	2	3	1	1	1	2	2	3	5	3	1	4	4	2	4	1	1	4	3	3	4	1	3	3	1	4	4	3	1	3	1	1	2	4	2	1	5	1	3	3	5	3	3	2	2	3	4	1	3	5	3	3	3	1	5	3	4	1	5	4	5	5	4	1	1	4	3	4	2	5	3	5	4	3	2	3	2	5	5	2	3	4	5	5	4	4	2	3	3	4	1	4	2	3	5	5	1	2	3	3	1	5	4	3	5	1	4	5	1	2	2	1	1	2	5	1	1	5	3	4	1	2	3	2	4	3	3	5	5	5	3	3	5	4	3	5	3	3	1	2	1	1	2	1	1	1	4	4	3	3	1	1	5	4	4	2	1	2	2	3	4	5	5	2	3	5	3	3	1	1	5	2	1	1	3	5	5	5	5	2	5	4	4	3	5	4	4	4	3	5	5	2	2	5	4	4	4	1	4	1	5	5	4	2	1	1	2	4	1	4	3	4	3	2	3	5	4	3	2	4	3	1	3	4	1	5	2	4	1	5	1	1	2	1	2	1	4	4	5	1	2	3	2	3	1	5	2	2	4	4	1	4	5	2	1	1	4	4	5	5	4	5	2	5	1	3	4	3	5	3	1	3	1	

All component type numbers for each job to be processed by HSPM
2	4	0	71	3	74	18	40	5	54	9	51	
18	58	14	45	13	59	1	2	7	57	16	38	
2	24	18	43	14	63	19	36	4	22	5	40	16	50	
9	36	1	72	14	28	6	51	11	12	16	42	
15	56	0	39	6	58	5	44	17	27	11	48	16	45	2	47	3	13	4	22	19	20	1	66	
3	17	8	26	11	35	6	33	14	23	5	64	16	37	
9	28	7	33	5	52	13	37	16	44	15	5	8	45	17	34	0	74	6	50	
5	49	1	9	3	11	13	16	15	6	14	30	6	32	7	7	4	40	17	72	19	53	
8	49	13	21	6	12	7	65	15	43	
16	12	2	18	17	36	3	37	13	42	12	10	6	19	8	1	
17	34	14	19	10	23	8	18	5	48	15	13	18	66	19	63	2	64	0	36	7	25	12	56	
19	65	11	49	10	55	13	16	6	70	2	69	9	1	8	8	4	22	17	13	7	15	5	59	
1	16	5	58	4	28	12	27	3	14	7	39	10	2	8	70	15	72	18	36	14	53	16	47	
16	59	17	34	3	36	13	2	4	13	9	29	19	72	6	24	
15	49	8	40	6	17	12	54	13	64	11	41	7	56	0	58	5	62	14	16	
2	20	14	36	1	58	3	42	5	16	12	74	6	9	17	31	0	1	
1	69	12	59	14	34	16	42	7	41	17	2	10	44	
8	1	3	40	17	45	9	47	7	46	
2	44	9	14	15	31	0	25	3	33	10	47	17	28	6	60	13	36	16	64	
12	43	9	65	16	41	11	6	10	11	13	21	17	59	8	9	18	5	0	64	5	60	
14	19	6	16	2	22	15	56	1	61	5	66	
17	63	14	24	2	50	1	27	0	33	19	20	7	5	4	2	
11	39	16	74	9	32	17	11	15	58	19	56	18	21	0	23	2	53	
3	52	16	10	2	34	4	21	8	25	12	73	19	2	1	33	
6	22	11	74	13	67	2	21	3	26	18	37	17	23	15	34	19	11	0	36	9	6	
0	12	16	9	18	33	11	24	10	4	5	2	19	25	7	57	8	17	6	29	
1	3	5	57	9	52	6	30	15	35	18	33	4	55	3	66	7	19	19	28	8	18	14	43	
14	53	1	12	0	9	2	16	3	57	11	40	7	25	6	54	
17	41	2	73	11	56	12	59	8	27	13	49	18	26	9	66	4	17	14	72	
2	14	6	42	1	63	8	31	15	8	17	43	
19	40	6	75	4	12	9	31	15	32	18	15	12	74	17	58	0	11	3	35	5	27	
17	72	12	9	14	49	0	2	7	42	1	41	
2	19	11	57	17	62	15	58	12	41	14	20	19	72	8	70	7	67	10	25	6	37	
8	42	12	22	1	43	15	6	19	55	11	56	
15	50	8	69	1	41	19	70	18	57	7	55	5	59	11	2	6	72	12	35	3	74	
4	73	15	66	12	63	1	51	11	55	16	1	3	48	9	18	7	27	2	56	0	17	14	2	
16	1	14	72	9	64	17	12	6	43	
4	41	8	35	12	11	0	61	14	18	17	23	9	5	13	72	7	10	11	7	18	8	
7	42	13	25	6	29	3	55	5	17	12	33	19	6	11	64	8	24	17	27	10	70	14	68	
13	43	6	33	0	67	8	19	1	62	9	17	11	50	10	51	
1	74	4	29	19	17	8	8	2	12	
11	46	12	25	14	68	4	14	19	39	13	65	1	9	
18	5	13	27	11	25	8	42	17	10	4	49	1	61	9	73	0	54	3	33	
17	14	0	8	15	67	9	45	5	46	6	2	7	42	19	44	8	39	10	11	3	64	
4	28	19	18	11	21	2	69	18	51	7	14	10	15	
14	23	17	73	3	15	5	28	0	14	
13	60	6	27	5	63	14	45	12	69	7	72	10	52	
18	30	3	25	13	59	19	54	15	47	
18	70	5	60	7	30	14	17	9	65	6	1	11	63	3	9	0	11	13	42	10	26	17	50	
17	43	15	31	2	19	16	65	4	26	1	51	14	37	7	25	12	20	5	18	10	29	18	62	
16	12	3	44	1	15	19	22	11	11	10	24	5	10	17	64	18	13	
5	74	7	37	16	25	19	4	4	34	3	13	10	15	18	52	12	3	
1	26	16	56	7	67	12	5	17	6	18	61	
15	6	17	56	4	35	19	70	13	68	18	64	5	67	6	54	
19	36	3	62	11	5	12	33	17	30	6	3	5	14	
1	7	18	17	13	41	5	24	11	44	6	75	
13	31	6	57	4	2	5	18	9	11	15	9	12	48	7	29	
16	47	9	2	13	19	8	58	12	64	4	16	5	35	6	43	1	70	
15	68	3	73	19	67	12	34	17	30	13	71	9	47	5	33	1	75	0	29	
3	1	6	8	7	61	9	43	17	26	14	9	12	18	11	32	
14	48	19	12	7	40	8	10	18	45	11	49	4	32	13	14	15	37	
17	52	12	7	10	65	7	35	5	12	8	9	9	18	15	30	
2	7	16	60	5	11	0	1	8	44	4	69	6	25	14	26	15	35	18	67	
16	7	9	16	3	72	1	43	8	3	7	18	17	44	13	19	18	5	4	14	12	62	15	33	
8	37	7	21	12	70	10	75	13	34	14	54	19	52	18	12	6	38	11	28	
3	42	12	41	8	70	15	37	7	43	13	34	6	5	
13	36	18	40	17	29	19	23	8	64	3	28	12	27	
12	71	17	21	15	19	1	6	11	36	7	30	6	22	13	38	0	17	10	63	8	25	3	40	
16	68	14	3	5	6	8	50	13	59	
18	8	7	47	11	71	13	1	2	11	17	14	15	16	19	36	
7	5	19	4	2	31	5	47	9	56	13	73	0	11	4	35	17	20	
4	14	17	22	2	31	5	51	1	61	12	12	16	74	8	50	18	49	3	24	
13	69	7	45	10	61	14	33	9	51	15	63	0	68	12	30	11	72	
7	74	4	26	11	56	19	35	17	11	9	23	3	18	12	33	16	52	
11	61	15	36	4	11	19	23	10	53	13	62	17	70	5	16	8	19	18	10	
17	74	1	75	18	30	8	32	19	59	15	42	4	45	
8	7	17	68	19	24	14	17	16	4	13	23	15	29	1	47	6	64	9	56	12	21	18	6	
18	10	15	21	8	1	7	23	4	24	17	57	
1	36	17	72	2	69	4	61	18	21	3	54	10	58	14	30	12	12	16	51	
10	11	14	48	8	59	16	1	13	55	6	56	
17	69	12	8	0	66	13	53	7	40	16	23	8	51	6	68	
18	36	16	19	13	16	0	35	6	17	19	34	10	22	
8	63	3	71	15	8	9	66	14	9	12	18	1	6	6	27	17	41	10	16	19	44	
1	74	3	34	19	36	15	23	8	38	
5	51	15	41	12	61	17	5	2	13	10	47	7	36	11	38	18	75	
19	67	1	57	14	69	16	49	15	35	11	65	8	3	3	44	18	29	5	7	0	33	13	50	
8	60	11	21	6	52	19	6	2	66	10	74	
19	50	15	24	8	10	18	53	16	28	9	12	1	41	14	54	11	51	4	72	10	63	17	65	
17	6	6	30	10	27	11	16	3	67	
12	71	13	32	10	54	16	24	3	49	19	27	7	52	
12	74	19	31	6	4	14	50	7	24	
5	27	14	10	15	7	9	45	12	11	7	36	3	41	8	54	6	16	18	49	
10	4	1	8	9	14	17	75	18	20	
19	68	3	41	11	5	13	3	4	26	12	28	10	19	1	25	16	32	
6	4	14	32	13	37	8	41	16	44	12	16	18	24	9	8	3	18	4	70	11	57	
4	71	15	64	3	24	12	38	17	3	0	54	9	41	13	15	10	29	7	45	8	37	18	34	
12	8	1	72	11	27	4	1	6	49	5	54	3	28	2	69	14	47	19	66	17	5	13	25	
10	28	5	32	3	8	17	67	0	24	2	51	1	62	
6	63	3	27	17	43	5	28	2	44	11	34	0	64	1	35	13	8	
1	66	19	70	8	18	13	31	18	72	4	55	
4	75	14	26	1	11	17	9	9	48	
16	58	15	70	19	31	9	55	10	34	6	39	
19	32	7	50	17	1	0	73	18	15	2	63	15	13	12	54	16	29	10	31	13	12	
2	58	6	54	7	24	14	62	15	66	5	29	0	15	
4	3	13	64	1	55	15	11	18	5	5	70	16	13	6	50	7	68	19	66	
17	10	12	75	4	21	10	60	13	46	
5	31	16	61	4	48	7	44	19	64	6	69	12	74	8	8	15	60	11	66	
2	5	17	75	3	56	11	24	8	16	7	29	14	20	4	2	
5	2	12	36	4	69	8	27	18	7	6	70	13	46	9	67	17	17	16	50	
19	13	6	67	15	50	8	53	12	47	14	37	16	31	9	23	13	28	4	62	
17	34	15	37	10	10	2	65	1	26	7	55	13	1	0	48	19	41	9	69	6	8	
9	52	15	17	19	40	12	25	7	24	18	7	
9	70	11	8	10	46	15	31	4	47	18	66	16	65	8	74	17	5	13	53	
4	42	14	21	3	6	16	59	6	20	17	7	11	28	
2	5	3	62	15	24	7	72	11	68	19	57	6	28	10	10	
12	4	1	17	19	24	18	22	10	49	11	53	9	15	0	54	
0	1	11	53	10	44	15	58	14	30	1	11	6	20	5	10	
9	62	18	72	14	45	17	58	4	2	15	70	
1	55	10	34	19	5	6	59	17	73	
18	15	12	65	5	54	7	33	16	50	1	4	14	68	8	36	0	31	10	13	3	29	
11	19	12	75	16	43	19	26	1	67	17	12	14	54	8	52	5	65	18	58	6	73	9	36	
8	28	13	74	3	11	16	5	15	22	1	73	17	47	19	45	14	39	0	53	7	48	
0	36	7	39	18	72	12	73	5	26	
5	65	10	64	4	40	11	38	0	57	1	26	8	68	13	9	2	45	19	59	17	34	16	33	
12	33	16	40	5	57	6	56	4	18	2	55	3	15	
16	8	9	53	6	67	2	36	5	42	10	24	3	17	8	13	7	23	
2	50	1	69	18	45	11	1	14	39	4	7	
16	64	6	40	7	22	8	44	18	18	
6	10	8	59	2	66	12	54	1	16	5	55	7	28	19	11	
15	55	9	44	10	72	1	71	11	52	6	34	4	24	13	6	
6	30	16	56	1	49	10	20	5	25	17	38	12	34	7	70	15	11	19	57	4	31	
16	27	15	59	4	25	11	33	5	18	0	52	6	11	9	23	17	74	13	29	8	3	3	32	
0	18	10	6	19	24	15	74	6	42	
3	7	19	36	5	31	6	66	17	50	12	4	
11	13	5	66	2	34	0	21	13	58	14	49	1	44	12	54	18	69	
11	36	10	24	1	19	18	56	4	37	9	2	14	10	13	14	
6	37	13	21	17	26	19	12	9	8	10	46	12	64	
14	57	2	64	9	71	15	4	5	49	18	72	13	25	17	53	1	23	11	22	19	61	
19	7	16	47	7	9	14	26	10	56	1	15	3	64	6	19	12	65	13	30	2	32	18	11	
17	13	14	68	7	43	18	39	0	69	2	33	
1	2	8	26	0	15	5	68	4	72	2	62	10	27	12	36	3	7	7	59	
2	68	15	48	8	56	18	27	11	3	6	71	12	21	19	17	9	19	
18	63	6	62	2	71	11	59	0	13	3	70	10	29	16	61	17	47	8	9	
14	62	11	22	9	24	15	49	4	54	5	41	10	3	0	14	1	10	2	31	18	27	
1	20	15	66	9	32	0	74	5	31	13	27	12	7	19	53	18	23	7	16	10	38	
9	29	8	8	2	43	4	70	10	33	6	40	19	10	7	47	5	28	1	55	13	39	
8	70	19	75	11	19	2	65	5	8	13	45	16	36	17	44	
0	34	17	19	7	11	6	45	16	71	5	44	18	70	15	5	11	25	4	17	
12	70	9	38	5	29	1	68	2	8	19	9	17	41	10	36	11	52	18	24	
13	47	11	21	6	67	17	60	1	52	
12	49	16	9	5	45	13	72	0	69	6	36	18	38	9	52	7	41	17	62	3	20	15	54	
12	47	6	53	4	21	17	25	1	15	16	57	19	48	5	40	
16	34	13	14	19	8	18	24	10	35	9	19	4	60	8	12	12	21	2	62	
5	42	19	55	6	73	11	71	0	63	
5	2	1	56	13	60	4	49	2	51	6	8	17	64	16	54	3	58	9	31	12	13	
15	69	11	28	5	41	7	7	17	27	16	53	0	72	
3	41	7	9	13	33	17	61	8	72	4	74	9	10	
2	8	10	48	0	15	16	21	11	72	18	56	7	69	8	53	17	44	
7	45	3	73	5	14	13	7	8	10	2	15	10	19	6	39	16	4	11	51	19	35	
11	44	8	9	17	64	12	17	19	24	9	62	2	45	3	59	
6	41	17	39	5	34	1	69	2	15	9	66	13	30	
13	4	17	75	11	24	4	59	8	42	16	41	7	52	3	63	1	18	
8	52	14	55	18	33	17	72	7	28	1	29	2	50	19	5	11	9	5	57	10	1	0	38	
10	41	14	10	6	22	8	11	4	49	3	14	15	42	5	75	19	33	12	16	0	50	17	4	
2	1	1	19	14	55	11	38	12	58	19	64	8	41	6	25	0	11	17	29	4	5	16	24	
17	29	10	10	19	55	15	9	7	12	18	32	
9	14	1	65	6	10	14	66	3	13	10	35	18	54	13	30	4	53	19	55	8	75	
9	31	12	48	8	61	18	59	11	9	
15	14	2	5	12	75	14	53	4	39	17	37	9	57	16	33	8	67	
3	17	17	20	2	3	6	28	1	49	11	54	16	74	0	72	18	5	14	37	7	43	19	42	
14	52	18	11	17	46	12	50	1	4	15	63	5	37	
2	39	17	54	13	25	8	30	5	70	3	2	16	60	14	11	
18	53	1	49	13	1	15	12	14	10	11	70	9	27	16	57	2	41	5	20	7	37	
7	67	3	14	17	53	8	18	11	43	15	3	4	19	13	55	6	64	9	27	1	75	
8	69	5	20	1	28	15	22	4	59	9	16	12	41	
8	2	17	44	13	10	12	70	11	11	3	53	
7	27	4	64	5	37	10	53	3	74	0	11	11	3	6	58	9	55	12	34	
15	68	2	52	1	10	5	9	12	15	7	61	13	57	10	33	11	31	8	46	14	58	9	48	
17	21	12	35	1	56	15	29	10	68	13	58	19	15	0	18	3	40	11	13	6	74	
3	2	4	10	17	20	5	32	18	68	11	74	8	47	0	59	1	63	12	61	10	9	
9	35	14	22	12	16	7	45	3	66	11	24	1	68	19	2	
3	38	18	33	13	14	17	37	7	18	4	60	1	31	2	12	14	57	19	49	
8	31	15	4	3	41	17	48	4	49	1	25	16	19	5	9	18	2	9	68	19	18	
2	69	19	8	18	29	14	18	17	71	5	22	
13	20	5	31	19	34	18	56	8	67	7	6	2	25	15	16	16	62	
12	15	16	24	11	47	7	23	0	60	4	51	
10	4	11	24	15	46	4	75	12	71	
12	2	11	65	9	17	13	14	18	24	7	31	2	52	19	66	6	8	1	47	5	67	
16	45	4	4	2	55	3	35	13	31	15	24	9	22	6	16	11	48	14	30	10	52	19	36	
7	42	19	40	6	44	18	53	0	22	12	20	14	49	15	3	
16	44	5	55	13	37	8	70	3	30	17	71	4	45	1	22	11	4	2	32	19	58	
5	26	17	8	9	16	11	52	4	74	
13	14	15	70	16	41	2	38	9	3	0	36	14	33	4	52	7	46	
9	62	18	74	12	44	17	40	1	66	4	5	5	52	2	51	16	12	10	28	8	75	
1	35	0	74	17	70	3	31	9	32	19	40	10	26	12	69	8	66	11	41	18	57	
10	32	3	34	14	23	9	63	19	17	16	74	6	15	17	71	
16	51	19	17	0	31	10	73	8	25	18	34	13	24	15	21	6	26	3	15	9	47	
15	8	4	63	9	40	3	71	5	18	17	27	10	13	13	75	2	33	
12	25	9	44	1	64	15	70	8	16	3	6	11	41	7	7	19	9	
12	3	3	48	14	11	19	29	18	42	7	5	

All component type numbers for each job to be processed by MFPM
7	5	
1	50	6	34	5	37	4	43	
5	5	0	4	7	13	
3	29	9	28	
3	3	4	20	5	23	9	6	
8	46	2	29	
8	14	4	24	2	16	0	4	7	6	
4	50	5	33	1	40	2	38	
1	18	9	25	5	17	2	16	
1	39	2	36	4	29	0	30	6	38	
9	8	0	24	1	3	3	18	
5	50	8	46	2	29	3	38	
0	23	
2	47	3	41	8	32	
8	13	0	15	6	14	2	9	
8	46	2	36	
6	19	
0	36	9	37	2	48	
3	6	0	13	5	5	
3	44	
8	25	4	8	
4	39	9	30	
1	12	3	6	8	19	0	23	7	3	
8	32	4	33	0	27	6	40	7	45	
3	19	7	18	2	21	1	22	0	11	
7	28	
1	2	8	19	
5	30	8	41	
1	11	4	17	
3	41	
0	11	9	23	6	21	5	16	
5	46	1	48	
6	25	4	12	
3	29	0	49	
6	13	3	21	0	10	8	25	2	17	
7	33	
5	4	
0	42	8	50	3	39	2	32	1	40	
4	16	1	20	8	21	
0	35	
3	25	9	3	8	22	
6	31	4	47	1	33	5	35	9	38	
2	17	3	3	
8	38	
9	7	
8	27	0	34	
7	13	8	12	3	15	9	22	0	25	
6	28	
3	11	2	15	9	5	1	2	6	10	
8	27	9	34	7	32	6	46	3	33	
3	12	5	15	9	1	
4	34	
4	21	3	6	0	7	8	19	
2	27	
3	13	0	17	7	1	2	12	
5	32	
4	19	6	13	
2	39	7	50	6	35	3	31	4	49	
1	23	6	10	9	6	
1	27	0	42	4	36	7	29	
6	16	4	18	8	20	1	22	5	15	
8	48	9	44	0	37	
0	5	2	10	4	20	9	23	5	3	
2	45	
3	11	6	18	0	16	5	1	
0	40	9	27	2	37	6	47	
9	18	2	20	4	19	1	11	
2	29	1	49	0	28	
3	13	
5	46	6	48	1	30	8	38	
3	7	4	24	
4	32	7	27	2	47	
7	12	5	15	
4	47	9	28	3	38	7	48	
5	17	0	11	4	6	
9	48	
3	12	
9	41	3	37	2	32	1	35	
8	24	6	16	4	14	2	22	1	21	
5	38	4	47	9	31	3	35	6	42	
9	6	3	8	6	10	5	3	7	14	
5	35	
9	24	6	12	4	3	5	10	
0	34	9	46	
0	20	4	10	9	7	
3	43	4	35	5	42	0	47	7	31	
5	19	0	6	3	14	
6	36	9	43	3	32	1	30	
7	22	4	20	6	8	
9	38	1	36	
7	15	6	2	8	19	5	23	
8	38	4	49	
5	23	6	3	9	17	7	6	
9	35	2	44	
7	3	9	16	
2	41	
6	17	4	23	7	20	3	25	8	15	
1	27	9	28	
3	8	8	9	5	7	9	17	
5	30	4	37	7	40	
4	22	3	8	9	5	8	11	
9	46	
9	16	7	24	
5	34	
3	25	5	2	2	17	4	6	
1	38	0	50	4	41	5	30	
0	9	7	18	6	14	3	15	9	25	
3	35	2	41	4	44	6	50	9	33	
8	24	2	20	1	3	
7	45	
9	21	7	11	
4	50	9	35	6	31	8	36	
5	3	6	25	2	6	1	10	
8	29	9	46	3	26	1	33	
8	25	7	15	
4	46	6	31	
8	4	4	7	1	16	
2	41	0	31	
8	17	2	9	7	19	
3	50	7	48	4	30	6	34	
3	22	5	16	4	17	7	25	0	10	
8	36	9	28	
4	19	5	13	2	4	0	12	7	25	
8	40	6	31	5	39	3	42	2	33	
3	8	5	24	4	11	7	16	
5	33	6	40	
0	2	7	13	5	18	
6	39	5	27	
8	21	9	12	1	11	
7	48	
8	25	
5	48	
1	20	4	2	
9	33	5	49	
3	22	5	10	2	9	
7	27	2	31	8	33	5	41	9	29	
9	15	8	23	4	8	
6	31	
7	20	1	13	4	16	8	3	
0	29	3	34	8	45	4	38	
1	13	8	23	
7	38	2	44	6	49	3	26	
2	25	
9	40	
1	12	7	18	9	7	6	3	
0	37	3	48	9	34	
4	7	9	24	3	10	
6	47	7	44	8	48	3	45	
5	5	
3	29	9	36	8	46	
9	11	4	13	7	9	
2	39	
8	9	9	14	1	15	4	24	
6	38	8	26	3	36	4	32	
1	22	6	21	0	19	
1	42	
0	2	7	7	4	11	
8	43	
5	13	
7	49	4	43	
3	18	5	19	9	15	6	22	
9	37	1	45	
8	24	
3	28	2	46	6	26	5	45	8	47	
4	4	
0	44	2	36	7	47	
3	23	4	24	9	16	
5	32	2	37	6	38	9	41	1	29	
8	5	5	20	9	18	
2	40	5	48	1	34	
7	19	1	9	
0	45	6	35	
6	6	9	21	4	15	
1	29	2	36	0	42	5	48	
5	25	
1	30	5	26	0	45	
2	1	8	24	0	5	5	10	3	21	
0	31	5	36	3	26	
2	21	3	19	8	5	
3	50	2	34	0	44	
8	2	
1	42	2	34	4	48	7	47	3	43	
5	8	3	22	2	12	
9	40	5	35	4	26	1	44	
7	20	
6	38	2	30	9	29	5	46	4	42	
8	13	6	16	4	17	2	4	
1	32	5	26	0	28	3	30	8	37	
0	4	9	14	3	15	4	11	8	2	
7	42	0	36	3	28	6	32	
2	3	
6	30	
8	5	9	21	1	25	5	24	
4	26	1	37	3	34	
3	20	1	16	5	13	2	6	
3	28	0	30	
4	6	9	25	8	10	1	18	6	23	
9	45	1	32	3	42	
6	23	0	24	9	21	2	17	7	9	
5	30	6	26	3	35	9	34	
4	11	1	13	6	16	
1	50	6	44	
1	6	9	17	2	20	
8	26	2	36	
6	1	1	11	4	5	3	22	2	8	
0	29	9	49	1	34	4	44	2	30	
0	19	6	10	
1	26	5	33	8	28	
1	13	5	2	2	24	4	8	
2	31	0	36	6	43	4	46	8	30	
1	9	7	1	5	23	0	12	4	7	
1	46	9	50	5	30	7	31	
0	19	8	14	7	7	3	10	
6	29	9	31	
5	22	7	4	2	15	
6	34	4	33	2	49	
3	17	9	4	6	11	0	16	
5	30	
5	2	0	8	7	21	8	3	
2	41	7	26	
3	9	1	4	5	17	
8	35	7	30	6	28	9	32	0	27	
1	16	6	3	3	23	9	25	5	1	
7	33	
0	14	1	13	
1	37	0	33	5	40	
0	16	6	12	3	9	
3	33	
5	2	2	11	1	17	8	8	0	23	
2	33	5	48	1	42	4	38	
3	15	0	22	8	23	
1	29	3	38	6	31	8	45	9	27	
7	1	
0	37	7	40	5	27	8	50	
9	25	0	3	1	17	3	1	4	16	
5	43	
8	24	7	20	
3	41	6	43	
2	15	
9	45	
8	15	7	13	
0	37	8	44	5	42	9	39	4	49	
1	18	
7	38	
8	2	7	13	9	20	1	25	4	15	
7	43	9	39	1	48	
8	11	2	18	9	21	0	5	
3	48	
8	14	1	8	
5	43	2	39	0	50	
7	15	2	20	
8	41	5	32	2	43	0	46	
5	16	9	10	0	21	
6	42	5	48	2	40	
2	2	3	21	9	24	8	11	4	4	
9	37	8	45	7	38	4	46	2	29	
4	18	8	5	7	3	1	10	9	6	
0	32	5	40	2	49	
0	19	7	18	8	3	
7	26	1	44	2	47	3	36	8	42	
2	23	3	16	8	13	0	7	
2	40	1	45	9	47	
6	25	0	6	9	2	3	24	7	13	
4	39	9	27	3	26	
1	25	3	5	5	10	
8	40	
2	23	5	8	
6	40	
0	6	
2	26	6	33	
4	7	
9	47	
3	4	
8	50	4	27	5	43	0	37	
8	3	9	5	2	22	7	11	
9	41	0	44	8	28	
2	13	9	22	0	15	
6	28	
9	23	
9	34	5	49	2	36	7	33	0	44	
0	6	9	16	4	12	2	2	
9	27	3	40	1	45	8	36	
8	7	6	1	
3	42	
9	8	7	15	
4	42	1	34	
9	17	8	3	1	2	
4	47	0	36	3	33	9	41	
7	23	9	15	2	18	4	14	8	11	
7	31	6	26	8	39	3	27	9	33	
5	11	0	19	
3	35	7	27	6	38	
7	7	5	24	2	1	9	5	0	16	
6	43	4	33	0	41	
1	6	3	4	9	15	
9	36	
5	23	
2	45	1	26	0	39	3	29	4	34	
3	17	5	1	
3	41	
4	8	
4	27	3	29	5	44	
4	12	9	22	5	2	2	9	6	20	
3	31	2	39	5	29	1	49	0	40	
0	4	9	22	2	16	6	9	1	14	
0	46	1	39	2	38	7	29	9	50	
9	16	0	8	
3	27	0	41	5	50	6	29	1	30	
7	24	2	20	9	14	5	25	
1	34	5	27	6	49	9	28	
1	16	8	7	2	24	
3	30	0	34	6	36	5	49	4	31	
0	18	3	19	4	21	8	22	
2	30	8	48	9	32	1	42	
1	17	6	12	8	25	0	1	
2	43	4	45	9	48	
8	14	7	11	1	20	4	4	9	25	
2	42	9	49	1	27	4	32	0	48	
0	7	4	25	
8	26	2	32	
5	3	2	24	0	10	7	4	6	12	
7	32	8	30	4	40	5	29	
5	7	8	1	1	24	2	13	
6	26	9	28	7	50	0	49	
1	6	
6	40	9	47	7	45	3	49	
5	6	
3	39	2	30	8	33	9	28	4	40	
6	17	3	21	4	18	0	15	5	1	
4	35	3	40	8	32	6	27	
3	24	6	22	
3	43	
1	2	
0	32	4	31	
2	7	0	14	5	1	7	4	
1	47	
7	11	8	18	0	8	4	4	
4	41	0	34	2	40	
3	15	8	7	9	12	2	18	
7	42	8	43	5	34	
1	13	3	1	
5	36	8	44	0	29	
0	14	3	12	2	22	5	25	9	8	
2	32	9	27	3	45	7	38	
2	13	6	24	0	19	
8	46	9	48	
6	14	1	16	5	1	0	20	
3	40	7	50	0	27	
1	8	
0	26	1	43	7	30	
5	22	4	24	1	10	9	5	
8	34	
9	16	7	5	0	10	6	24	8	18	
7	46	4	32	
1	8	6	9	0	12	8	3	
0	37	
3	22	9	18	1	2	8	20	2	9	
1	47	
1	11	
7	46	8	47	
4	5	
1	32	3	27	
4	19	
6	42	3	33	9	46	0	29	
2	24	8	20	0	8	3	16	
7	32	5	50	2	41	6	28	8	30	
8	10	
2	28	9	41	
9	4	2	12	3	3	
2	37	5	42	
5	25	4	9	2	19	
0	27	
3	15	8	2	5	8	4	11	2	19	
8	27	4	40	
9	6	7	22	
2	48	5	39	1	40	9	30	
9	20	1	22	5	5	3	14	
1	36	
6	12	2	7	9	2	7	23	
2	50	6	28	5	42	3	44	0	38	
5	22	1	4	
8	39	
3	6	
5	40	6	48	0	30	4	45	
5	15	7	4	9	6	1	16	
1	28	4	26	0	35	9	46	8	34	
1	9	6	17	4	6	2	23	9	7	
8	49	5	32	4	38	1	30	
4	5	0	3	8	8	7	18	6	17	
1	42	9	27	
4	1	0	4	1	2	5	23	3	6	
1	48	
1	11	0	23	2	17	
1	46	5	36	3	47	6	37	
0	12	4	5	6	19	
4	49	8	48	1	50	5	43	9	31	
6	5	1	17	3	18	
4	30	
8	2	0	14	4	13	
6	30	

Three processing times per job on each machine
The best scenario
155	121	258	
135	195	353	
357	785	578	
203	451	394	
591	163	247	
191	149	351	
71	165	165	
412	125	282	
140	178	164	
98	129	73	
185	379	272	
732	420	617	
448	565	352	
780	661	433	
349	555	458	
360	515	449	
584	402	388	
201	305	290	
468	360	577	
340	549	650	
143	134	119	
735	719	683	
1010	422	656	
972	330	575	
91	109	126	
458	357	267	
355	222	254	
315	260	387	
136	317	297	
89	494	236	
103	66	238	
625	532	303	
131	79	67	
638	711	524	
374	386	427	
169	279	203	
1021	991	631	
212	324	254	
748	231	652	
313	774	176	
743	468	504	
238	201	207	
1026	889	1147	
288	223	462	
53	124	101	
310	264	203	
226	546	266	
443	239	116	
589	428	394	
240	414	274	
499	353	797	
355	294	145	
146	490	193	
263	316	135	
394	287	487	
527	417	233	
223	215	289	
503	347	427	
222	87	184	
911	329	864	
325	579	825	
307	753	532	
892	597	903	
185	495	177	
117	109	274	
308	232	317	
283	395	186	
403	437	466	
959	756	344	
405	469	460	
331	562	465	
177	697	531	
701	505	666	
108	210	78	
192	227	205	
93	365	170	
321	268	152	
260	251	658	
300	759	748	
119	131	77	
495	388	804	
408	256	290	
735	481	748	
281	539	256	
1004	1078	323	
353	788	452	
299	720	339	
121	413	119	
132	279	125	
94	137	88	
219	362	665	
468	583	321	
333	80	171	
80	94	223	
190	254	189	
326	292	81	
227	434	435	
228	109	235	
609	165	150	
435	393	862	
224	342	348	
241	209	145	
83	77	130	
522	411	627	
492	912	358	
236	1125	534	
781	1307	880	
194	225	456	
455	318	652	
140	181	83	
119	107	231	
373	197	423	
348	396	452	
391	691	678	
689	541	940	
604	313	794	
381	262	741	
146	140	58	
697	224	188	
473	257	289	
576	113	326	
311	1341	492	
381	227	959	
567	573	527	
617	359	863	
241	328	586	
957	571	571	
286	562	914	
130	178	91	
653	545	568	
273	145	122	
397	787	1286	
370	204	293	
339	194	458	
957	551	963	
116	248	446	
181	311	173	
154	72	156	
210	304	358	
387	1286	391	
494	452	951	
257	358	673	
785	525	410	
361	145	176	
159	118	74	
296	302	672	
117	115	79	
840	365	492	
692	566	494	
592	407	253	
275	933	631	
335	348	446	
210	269	168	
118	298	161	
197	242	552	
272	187	209	
80	134	105	
494	1048	667	
503	160	338	
453	1147	904	
413	114	238	
218	84	429	
98	113	165	
180	37	64	
268	357	448	
668	506	548	
345	764	548	
176	838	518	
76	78	80	
118	138	135	
111	70	68	
962	285	682	
523	618	354	
192	33	76	
788	892	506	
137	95	89	
1112	757	1333	
542	574	727	
896	450	1205	
483	138	257	
732	305	770	
381	174	289	
247	626	527	
740	257	399	
503	322	692	
143	188	163	
787	855	499	
533	309	365	
274	220	94	
290	97	301	
132	314	102	
198	563	304	
291	533	217	
585	565	722	
89	46	65	
167	241	257	
731	568	641	
850	705	1016	
375	335	242	
562	473	391	
Most likely scenario
225	235	355	
201	225	383	
534	1163	629	
337	611	430	
763	300	491	
202	248	451	
84	170	213	
452	210	346	
260	260	260	
168	150	90	
208	432	372	
1045	655	1025	
579	643	686	
1212	1215	814	
653	594	533	
594	770	612	
741	538	765	
258	358	358	
657	544	1025	
421	668	693	
285	204	183	
873	1256	863	
1082	502	695	
1163	449	1021	
137	183	190	
473	469	373	
487	404	289	
597	417	452	
183	451	545	
176	556	305	
177	124	260	
832	592	351	
231	103	108	
710	718	669	
431	704	544	
248	425	281	
1160	1304	651	
223	483	387	
825	459	662	
373	784	337	
817	608	641	
333	217	226	
1309	1280	1191	
535	307	611	
84	174	134	
577	502	303	
388	598	274	
478	291	178	
773	725	423	
319	649	405	
877	410	934	
550	378	223	
182	492	280	
315	400	184	
548	511	542	
560	429	268	
344	333	349	
762	431	658	
268	131	219	
1122	658	1040	
575	1040	972	
409	842	554	
944	1118	930	
333	847	328	
179	186	313	
488	389	497	
393	673	296	
644	858	502	
1469	1315	587	
524	719	612	
411	1048	615	
261	710	653	
1063	862	757	
204	228	87	
302	361	396	
98	397	189	
445	384	271	
422	428	776	
356	1193	971	
216	211	115	
610	765	845	
799	276	296	
905	511	1109	
443	563	476	
1073	1204	594	
448	868	622	
382	983	584	
130	431	157	
209	359	149	
145	266	166	
320	515	912	
731	782	342	
370	149	234	
134	124	320	
229	415	300	
338	343	143	
291	706	539	
287	149	317	
622	281	215	
619	683	907	
403	419	579	
291	285	169	
142	101	204	
846	432	856	
656	984	446	
364	1130	748	
827	1504	1335	
206	359	628	
740	523	939	
185	208	105	
193	160	246	
603	303	547	
547	491	551	
640	836	942	
811	997	1207	
1111	570	877	
481	308	759	
234	180	98	
701	276	316	
478	276	508	
735	208	402	
413	1383	881	
394	381	1109	
786	757	599	
731	461	916	
359	532	708	
1178	646	647	
555	710	991	
242	283	122	
790	714	842	
355	203	128	
644	1302	1376	
479	239	521	
489	338	806	
1113	584	1005	
196	257	468	
292	375	256	
271	129	232	
357	326	666	
564	1289	548	
628	605	1018	
295	545	831	
1336	570	606	
401	255	283	
182	123	146	
489	577	1198	
191	152	86	
850	501	602	
770	716	646	
728	674	277	
467	1223	825	
408	451	719	
223	307	208	
209	361	247	
391	349	650	
321	211	286	
135	150	138	
950	1289	1279	
827	225	579	
488	1226	1353	
491	207	467	
220	145	438	
124	141	186	
208	57	100	
455	428	451	
812	668	698	
393	818	599	
335	883	828	
104	143	146	
164	149	262	
164	103	127	
1277	380	802	
644	653	463	
207	59	105	
895	1003	681	
183	162	136	
1253	1242	1369	
1067	1067	872	
1405	560	1321	
562	187	346	
840	590	882	
495	272	393	
474	746	683	
880	506	695	
959	352	910	
242	260	170	
1169	1085	663	
714	330	684	
291	284	151	
310	159	358	
182	348	107	
253	826	528	
498	545	378	
674	877	1061	
96	85	74	
193	296	316	
789	725	794	
1032	1047	1376	
376	471	354	
636	895	730	
The worst scenario
252	302	529	
259	257	463	
710	1390	842	
478	694	491	
1017	330	496	
250	260	493	
98	253	225	
477	293	428	
376	379	347	
194	216	98	
224	577	418	
1146	914	1081	
770	908	725	
1668	1801	947	
734	734	736	
881	879	638	
753	684	772	
374	525	513	
964	632	1201	
492	759	935	
342	279	244	
1171	1451	877	
1311	533	1002	
1426	670	1447	
155	271	202	
646	585	485	
686	453	393	
680	570	540	
244	639	580	
194	747	317	
259	174	271	
1014	872	358	
314	104	137	
1058	789	995	
584	1010	774	
277	426	367	
1583	1344	803	
295	536	400	
960	652	930	
463	828	496	
1216	689	860	
351	309	338	
1465	1522	1442	
567	403	781	
97	252	170	
696	536	311	
503	852	351	
587	325	215	
1040	867	573	
439	767	567	
1104	565	990	
617	560	238	
260	493	334	
345	477	264	
775	662	675	
764	455	367	
385	376	375	
1043	608	778	
348	143	289	
1166	878	1315	
657	1163	1095	
497	1245	559	
970	1587	1367	
413	1091	489	
224	267	366	
677	398	645	
421	756	304	
922	1012	730	
1655	1525	847	
541	1057	669	
432	1479	818	
311	897	961	
1296	1149	1022	
226	300	125	
354	411	529	
108	583	278	
570	447	301	
545	578	818	
482	1698	1036	
219	216	128	
904	1079	854	
1116	334	323	
1023	632	1231	
633	575	630	
1114	1313	804	
546	949	739	
525	1140	746	
179	433	180	
257	373	166	
197	333	203	
426	531	976	
749	967	468	
479	163	236	
155	128	360	
259	435	369	
355	418	178	
372	1050	608	
324	167	471	
843	365	288	
728	1009	1291	
522	605	738	
360	410	229	
159	146	295	
1264	559	1213	
735	1268	560	
393	1544	989	
1087	2249	1819	
210	499	824	
990	602	1349	
218	227	134	
274	240	307	
881	369	641	
745	584	826	
724	899	1246	
969	1390	1256	
1398	655	1004	
663	322	1019	
283	217	108	
844	357	442	
680	361	532	
804	212	543	
450	1786	973	
442	467	1497	
1088	966	615	
987	649	1358	
379	749	989	
1478	808	941	
651	749	1227	
299	339	162	
1184	757	1244	
414	211	178	
760	1738	1754	
618	283	725	
717	340	1126	
1212	609	1422	
212	348	619	
356	499	352	
377	191	251	
382	414	948	
765	1545	560	
826	628	1510	
303	711	895	
1562	784	757	
481	345	316	
259	164	154	
494	695	1551	
215	163	126	
1244	725	796	
1067	772	694	
807	888	283	
502	1770	1164	
513	482	929	
317	453	269	
252	377	285	
489	430	845	
352	293	407	
199	207	192	
1249	1497	1485	
986	230	768	
497	1332	1654	
654	267	660	
315	169	607	
169	184	210	
298	66	135	
515	609	574	
1119	840	757	
530	1102	810	
416	1110	1099	
132	188	163	
174	202	370	
191	123	135	
1679	557	908	
657	874	484	
282	64	132	
1216	1272	706	
185	166	159	
1696	1808	1414	
1380	1480	974	
1549	688	1909	
654	192	352	
976	677	1087	
549	283	491	
700	1034	694	
885	723	807	
1198	526	1024	
245	311	174	
1579	1138	676	
1068	381	1019	
352	304	222	
351	210	409	
197	521	134	
363	954	549	
533	588	415	
691	1070	1541	
133	108	82	
284	302	365	
798	922	876	
1380	1471	1519	
443	582	518	
878	1324	876	
