Factories	2	Jobs	50	Machines	3

Total number of component types per job processed by HSPM
5	8	11	7	7	12	8	8	11	11	11	9	12	11	7	7	12	9	9	6	6	8	8	5	12	5	5	11	10	11	5	10	10	10	12	10	10	6	5	10	11	12	7	11	11	8	10	5	6	5	

Total number of component types per job processed by MFPM
2	1	2	3	3	4	3	1	2	2	4	3	2	1	4	3	1	1	1	5	5	1	1	4	4	4	3	4	2	1	1	4	1	2	4	4	2	2	1	4	4	3	3	2	1	1	2	5	3	4	1	4	2	5	3	5	1	3	3	4	4	3	5	5	5	1	5	3	4	4	4	5	4	1	4	4	1	4	3	2	5	2	3	1	1	5	3	1	5	1	5	4	5	4	5	5	1	1	1	3	

All component type numbers for each job to be processed by HSPM
6	60	12	75	19	26	14	6	8	10	
11	4	1	45	0	37	13	38	4	73	14	51	10	68	7	10	
15	30	0	26	12	39	8	42	11	58	18	35	17	56	16	52	7	24	14	66	2	57	
6	34	2	59	7	71	0	36	19	31	3	43	8	50	
6	66	12	42	9	61	1	2	4	63	8	52	3	40	
12	51	7	29	1	75	13	10	19	5	17	4	0	25	8	53	4	15	14	62	15	68	18	70	
15	14	12	43	2	57	18	12	9	19	17	67	0	8	6	7	
19	23	11	17	2	39	17	25	8	32	10	4	6	62	5	24	
2	4	4	43	19	46	15	71	3	51	17	17	0	67	5	30	16	29	14	28	11	38	
16	40	5	33	15	13	13	51	9	48	10	19	11	47	2	63	17	6	7	1	0	27	
12	31	16	57	18	48	11	45	1	39	17	40	10	32	4	35	19	49	13	16	7	58	
17	20	4	19	0	45	2	23	19	49	11	12	6	40	1	72	16	74	
15	69	3	70	16	59	19	28	8	66	11	56	4	23	12	32	7	19	18	26	2	6	1	45	
11	3	2	31	0	48	9	57	4	45	18	49	16	52	1	44	12	61	10	47	3	20	
3	14	12	21	0	66	19	56	6	11	14	53	8	70	
13	47	7	2	3	61	0	32	10	17	17	51	12	26	
8	37	18	69	5	6	3	57	0	7	7	58	10	60	1	63	15	2	14	1	9	46	6	29	
2	65	0	25	5	59	4	20	1	26	13	60	6	63	14	51	12	21	
15	26	19	74	14	29	4	54	11	28	12	52	18	65	2	38	1	15	
0	7	6	37	16	61	11	58	10	68	8	71	
19	1	10	73	17	18	6	20	2	29	3	8	
5	6	7	66	11	20	17	7	18	4	2	55	9	59	8	38	
8	65	11	30	10	18	4	47	7	10	18	55	0	27	1	1	
16	33	15	5	0	65	17	9	9	60	
10	44	9	18	4	35	8	7	16	65	12	66	17	13	1	32	13	27	15	22	14	31	0	37	
8	41	18	49	5	15	13	12	19	13	
9	16	7	23	17	71	6	42	12	19	
10	20	15	42	2	11	18	19	8	13	19	21	14	12	6	67	17	65	4	57	16	71	
4	50	15	74	3	71	19	34	7	1	12	60	9	23	8	72	6	57	13	42	
10	47	15	8	11	49	14	9	18	60	0	19	1	23	12	39	4	42	3	61	7	69	
2	16	0	51	15	53	8	38	4	34	
17	25	3	34	18	56	16	20	6	57	15	35	12	13	8	39	0	1	2	41	
13	21	6	49	3	50	17	69	15	41	7	74	10	61	5	1	2	8	11	14	
11	20	13	17	5	66	14	49	19	40	12	33	18	73	8	42	2	62	1	48	
2	66	10	49	0	4	12	34	3	26	15	63	19	32	14	62	11	13	1	58	5	29	9	6	
2	73	9	18	0	25	1	44	14	13	13	20	6	43	15	52	16	51	12	40	
19	14	5	13	12	30	15	6	6	38	17	43	2	27	8	42	9	67	3	35	
1	4	5	73	18	72	12	39	11	59	19	47	
18	63	17	21	12	20	7	14	10	68	
4	22	3	48	15	49	6	7	11	9	18	6	7	20	8	30	17	17	13	12	
1	40	11	70	10	52	17	49	19	6	14	45	12	63	4	50	8	59	13	16	18	66	
19	10	16	36	13	53	1	27	7	34	18	42	2	13	17	71	14	66	9	49	10	63	0	18	
7	37	14	44	5	39	0	64	11	75	2	68	15	11	
17	5	1	42	7	71	9	53	2	50	6	39	15	47	12	40	14	57	10	61	16	22	
15	17	1	75	3	46	9	73	5	58	2	65	16	70	8	55	12	34	10	49	14	67	
2	7	19	44	16	46	15	15	4	68	6	54	12	26	0	2	
9	55	18	37	15	6	11	35	19	5	3	16	7	30	13	7	1	1	17	53	
1	53	7	39	11	66	5	44	12	51	
9	40	14	66	12	24	8	23	3	17	16	4	
19	55	15	11	5	31	17	52	18	72	

All component type numbers for each job to be processed by MFPM
7	15	1	16	
7	41	
9	18	4	15	
0	41	9	43	8	39	
1	22	0	19	7	4	
2	37	4	45	1	42	5	46	
5	6	7	16	3	18	
2	31	
2	11	1	1	
4	30	9	29	
9	17	3	20	5	16	6	3	
1	44	7	32	6	46	
6	13	2	1	
2	40	
7	4	1	10	2	15	9	25	
9	46	3	39	5	29	
3	23	
6	32	
8	19	
6	42	4	45	5	37	1	39	0	26	
3	5	8	8	7	20	4	22	5	10	
7	41	
4	6	
3	30	9	49	2	27	0	37	
8	18	4	4	1	13	9	11	
4	42	9	40	7	37	2	39	
7	3	9	22	3	19	
5	45	0	35	3	28	2	40	
9	8	6	1	
1	29	
9	12	
0	46	5	41	8	31	1	38	
6	16	
5	32	6	40	
6	9	2	25	9	15	5	13	
4	42	1	27	8	38	9	40	
8	24	0	18	
2	47	7	46	
8	19	
4	44	6	30	3	34	7	29	
3	1	2	25	4	14	0	15	
9	35	4	41	1	30	
0	8	7	13	1	7	
2	50	0	26	
7	15	
8	33	
9	8	4	2	
3	49	9	35	1	31	5	43	8	39	
5	22	6	14	1	5	
4	48	2	43	7	44	0	34	
8	4	
4	33	8	34	9	36	3	29	
1	1	6	21	
9	32	0	44	2	43	7	45	3	48	
6	4	1	23	5	3	
0	50	5	32	7	49	9	44	1	39	
1	7	
3	26	8	47	6	45	
9	7	2	3	8	6	
5	43	1	42	2	31	6	45	
3	3	4	11	8	1	9	22	
0	35	1	37	2	30	
2	20	0	4	1	5	7	24	8	11	
1	48	8	45	4	30	3	43	5	46	
0	7	3	16	8	4	1	25	4	13	
3	40	
4	8	7	2	3	14	6	20	9	1	
3	29	5	31	2	38	
8	24	1	22	4	6	5	12	
9	33	8	40	3	27	7	34	
6	15	7	3	5	20	2	25	
5	41	4	27	6	40	2	44	8	30	
5	17	6	6	1	24	3	14	
7	47	
9	3	0	6	4	19	8	8	
0	29	8	26	2	38	1	47	
4	23	
1	34	9	46	4	32	5	47	
5	7	6	23	2	12	
9	39	3	47	
4	7	3	9	8	15	6	6	2	4	
4	41	3	27	
9	19	8	13	2	8	
1	42	
3	5	
3	28	8	44	7	39	0	31	6	40	
0	22	9	18	8	21	
6	32	
9	9	7	4	4	7	2	8	1	23	
5	37	
5	3	0	20	6	1	9	9	3	10	
3	26	4	45	5	37	7	32	
3	11	8	15	6	2	1	19	2	16	
4	43	2	33	7	38	9	42	
4	25	7	1	9	10	8	17	2	12	
1	42	7	47	8	40	0	38	5	48	
1	13	
1	28	
4	10	
7	46	0	28	8	27	

Three processing times per job on each machine
The best scenario
53	65	28	
59	84	43	
107	64	101	
520	293	283	
297	73	150	
194	234	531	
50	39	166	
69	58	27	
241	151	139	
212	124	340	
347	251	225	
163	150	206	
194	67	158	
36	12	44	
74	262	146	
77	84	149	
33	61	54	
37	35	43	
191	167	208	
122	317	198	
333	301	385	
282	179	342	
310	270	180	
129	95	179	
100	71	28	
61	69	63	
67	246	98	
234	207	158	
101	247	88	
174	67	123	
81	75	83	
181	151	134	
60	45	48	
154	76	150	
187	69	131	
90	123	109	
160	101	68	
244	189	198	
120	120	149	
226	247	153	
139	98	132	
116	86	175	
162	230	71	
86	38	89	
173	95	171	
238	115	104	
290	261	479	
512	339	382	
98	82	67	
404	318	151	
Most likely scenario
59	79	29	
106	99	67	
195	73	181	
551	344	311	
302	114	193	
303	369	559	
95	58	209	
72	78	33	
257	219	225	
226	248	439	
457	361	383	
221	251	338	
271	129	231	
60	15	47	
133	320	173	
154	96	249	
48	85	73	
68	40	65	
193	220	242	
167	399	205	
436	426	483	
449	285	360	
341	341	222	
162	116	226	
109	118	34	
86	92	70	
130	324	120	
296	219	160	
155	279	143	
234	113	243	
124	134	118	
242	189	148	
72	66	88	
174	90	154	
196	78	186	
127	136	115	
191	157	79	
354	321	299	
169	131	214	
431	268	282	
270	171	179	
160	92	258	
297	249	113	
100	64	98	
300	104	189	
284	154	177	
425	456	574	
534	447	491	
138	129	89	
625	504	290	
The worst scenario
65	102	40	
157	125	85	
281	76	256	
741	476	399	
417	128	234	
365	489	645	
136	80	235	
88	97	42	
344	294	289	
269	358	502	
605	465	390	
254	255	486	
317	160	292	
69	20	60	
169	403	209	
175	120	360	
68	120	102	
97	41	70	
222	272	331	
222	449	295	
516	500	719	
519	313	494	
342	415	309	
176	139	230	
128	138	44	
103	103	82	
194	401	146	
355	314	232	
211	350	148	
344	149	295	
167	192	152	
256	241	179	
95	84	90	
225	102	186	
238	92	249	
164	198	124	
241	219	82	
419	380	360	
209	151	269	
543	315	300	
278	218	249	
185	102	316	
441	372	123	
133	85	101	
370	138	204	
319	204	240	
593	676	843	
726	454	699	
176	181	128	
714	533	299	
