Factories	5	Jobs	100	Machines	3

Total number of component types per job processed by HSPM
5	6	11	10	7	7	5	11	11	11	10	10	9	9	5	7	12	9	6	12	5	10	5	10	7	9	12	7	11	11	8	6	12	5	9	6	5	9	8	8	9	11	9	11	11	5	9	10	8	9	9	9	10	5	12	12	7	11	5	9	9	9	5	6	7	7	12	6	11	7	5	8	5	10	7	8	9	8	8	11	12	8	5	5	5	9	8	5	9	7	10	11	7	11	9	8	6	12	11	7	

Total number of component types per job processed by MFPM
3	4	4	4	3	4	1	4	1	2	3	1	3	3	4	5	1	4	4	3	2	2	1	5	1	3	3	2	3	5	5	1	5	3	2	2	1	3	3	4	3	3	4	3	4	3	5	5	5	1	1	5	1	3	1	3	3	1	4	2	5	1	3	2	5	5	5	5	2	1	4	2	2	4	3	2	5	1	2	4	3	1	5	5	1	1	5	4	3	3	5	4	3	2	2	3	1	5	1	2	2	4	2	5	3	5	3	1	4	5	1	2	5	1	4	1	5	1	4	4	4	4	3	1	5	3	3	1	5	3	5	3	3	5	5	1	5	1	3	3	2	1	1	3	1	1	4	2	4	4	4	4	2	5	5	1	3	1	3	4	5	3	2	4	2	4	5	3	5	4	3	3	5	1	5	4	1	2	2	2	1	4	5	5	5	2	1	1	4	4	5	1	5	2	2	4	1	1	2	1	

All component type numbers for each job to be processed by HSPM
12	1	15	48	10	25	16	50	1	8	
13	70	0	22	2	52	10	4	6	3	12	25	
9	67	16	59	6	1	15	43	18	62	3	16	1	13	7	46	13	28	8	5	12	8	
6	41	18	13	5	23	16	24	3	39	9	37	8	65	7	35	0	72	10	19	
8	36	5	28	9	66	1	69	7	72	19	60	17	48	
5	64	9	9	2	4	3	38	15	21	8	63	16	13	
19	64	18	46	10	69	17	30	5	41	
6	32	13	22	2	51	17	28	12	71	14	53	18	57	3	69	1	34	16	29	19	42	
2	52	19	24	1	6	17	53	15	69	13	41	3	71	5	51	7	54	9	49	16	36	
0	53	12	47	15	29	16	67	2	38	13	46	1	30	19	4	7	5	6	49	17	25	
1	3	7	74	6	5	16	57	14	61	12	30	4	13	17	71	9	33	10	37	
2	33	7	10	11	44	8	14	12	62	13	2	15	48	17	49	5	3	6	18	
11	41	2	47	4	13	18	65	17	68	1	12	7	36	12	17	19	3	
19	69	12	33	6	42	5	61	10	39	7	70	3	57	1	13	8	15	
15	24	11	14	12	28	14	54	16	62	
12	5	16	53	7	34	1	60	4	42	3	18	9	12	
13	58	4	52	8	18	7	47	15	21	3	10	9	57	0	13	14	64	18	73	17	70	5	69	
15	54	18	65	4	64	0	52	16	7	8	31	6	6	5	61	7	40	
11	45	1	28	16	69	6	11	19	2	4	41	
14	49	15	13	13	43	10	63	4	64	11	68	16	37	9	22	12	18	2	62	8	10	17	16	
9	55	16	46	0	6	5	33	7	36	
14	50	16	1	11	69	15	2	6	46	0	5	2	38	1	53	13	3	18	16	
1	22	16	31	15	68	3	53	17	4	
2	8	5	37	14	55	12	25	11	35	1	13	15	31	7	22	16	24	10	59	
17	24	16	10	10	28	7	11	11	55	6	62	9	42	
7	35	1	14	8	49	17	23	13	62	6	58	14	28	18	45	11	2	
5	4	16	40	17	67	6	23	2	30	19	55	10	17	1	41	15	70	18	33	14	11	0	25	
14	10	13	62	16	72	0	38	15	44	4	48	3	8	
5	21	13	3	8	16	16	57	2	64	1	15	4	9	3	33	0	20	12	71	6	46	
10	47	11	57	15	27	2	75	18	56	7	26	9	31	19	33	0	32	8	19	6	58	
2	72	8	36	11	70	14	40	0	7	12	21	7	45	10	59	
15	56	19	23	2	63	6	10	10	20	5	37	
8	73	3	64	0	21	12	56	14	75	16	66	1	37	17	14	2	52	19	34	6	30	7	58	
12	6	17	9	6	41	19	42	9	1	
6	70	14	74	19	14	18	51	16	69	3	19	15	22	10	23	12	13	
3	48	15	22	7	15	9	4	2	55	17	66	
10	74	15	55	2	41	12	12	14	34	
8	70	0	23	15	30	17	54	18	40	16	51	1	57	11	4	13	74	
4	1	10	20	8	13	15	60	16	51	13	50	2	40	0	7	
13	47	14	44	18	33	4	41	16	60	1	61	17	49	7	42	
1	12	11	33	8	59	19	27	7	68	18	73	9	45	14	70	12	41	
17	51	3	54	5	41	6	38	4	43	14	24	0	69	13	34	12	73	10	67	8	4	
12	2	6	20	13	32	3	63	0	37	19	28	1	47	17	8	15	40	
17	31	11	12	1	6	12	16	16	41	4	20	8	24	2	30	15	23	19	26	0	32	
19	16	13	65	10	44	2	29	5	35	3	34	12	53	17	54	14	2	1	13	11	31	
17	31	16	52	18	25	19	70	1	73	
4	59	8	49	0	3	3	33	19	24	10	22	2	56	9	19	11	21	
6	37	12	4	16	38	8	33	3	50	19	41	4	21	0	13	9	8	10	9	
17	69	4	32	14	8	13	43	2	36	18	30	9	67	3	1	
18	16	19	53	1	27	6	25	10	26	14	37	15	38	8	10	12	70	
5	30	7	65	1	45	2	71	17	44	15	23	14	38	16	24	9	25	
15	37	16	4	19	42	6	28	13	33	11	66	4	53	3	45	1	72	
10	59	5	48	9	18	13	60	0	36	19	29	11	72	15	27	17	5	16	73	
7	41	10	34	15	19	17	40	2	14	
11	32	12	54	1	6	16	55	8	71	5	12	9	68	14	38	4	52	10	65	3	4	15	73	
16	20	11	16	5	66	3	43	12	39	1	61	15	44	4	59	13	31	14	75	6	2	2	65	
16	70	9	31	12	65	8	51	5	30	11	40	15	49	
12	9	9	50	1	58	5	15	6	13	10	39	8	19	0	42	11	5	14	3	13	35	
1	45	13	13	12	25	19	49	9	51	
6	49	3	16	12	32	10	61	2	31	8	33	15	5	19	54	13	12	
19	16	11	69	16	40	7	49	6	26	2	60	17	70	13	51	10	7	
14	7	18	67	2	11	10	10	12	28	8	62	17	20	5	1	4	14	
17	54	13	11	3	69	14	62	9	68	
4	56	1	48	8	22	0	32	17	25	18	37	
14	74	15	7	0	53	18	51	5	43	16	72	3	25	
8	9	19	56	10	75	3	74	7	67	16	1	9	24	
4	47	15	59	3	58	8	71	1	37	17	16	12	30	7	43	2	11	13	34	19	28	16	25	
11	35	19	69	10	56	14	7	3	8	8	15	
11	51	3	27	10	65	8	28	19	26	4	7	17	72	1	8	2	12	0	4	15	40	
13	34	19	40	15	70	7	15	14	5	5	66	16	22	
11	28	5	14	19	39	3	65	14	52	
19	23	9	44	4	50	3	62	8	43	18	39	16	41	14	61	
0	69	8	66	7	46	6	25	14	21	
9	14	17	41	16	21	11	51	5	57	14	31	6	73	4	23	3	54	18	74	
17	58	12	2	11	60	16	34	18	68	15	54	9	62	
12	43	18	10	3	28	10	35	17	19	7	40	11	11	6	45	
2	12	15	56	16	73	4	30	11	6	13	43	1	35	19	39	12	24	
13	17	4	24	5	71	14	6	19	33	11	28	12	50	1	62	
11	62	5	20	10	56	19	9	1	66	12	15	14	17	16	71	
14	20	10	26	13	5	3	1	2	25	11	71	17	17	12	51	4	67	18	60	6	11	
6	32	9	14	14	26	18	58	0	27	12	18	16	46	2	63	8	15	1	20	7	41	4	35	
0	14	4	12	17	73	2	75	11	66	19	6	3	28	1	23	
6	44	13	47	4	42	16	34	12	20	
13	71	19	17	11	70	2	35	5	51	
13	17	18	67	3	48	19	32	1	45	
12	17	6	67	3	33	9	72	16	58	19	34	17	25	2	21	15	46	
5	15	14	69	9	47	13	41	0	18	19	4	18	31	17	24	
12	21	8	36	3	5	15	43	1	19	
1	34	6	22	13	61	15	17	7	46	18	9	10	16	9	1	8	33	
9	35	8	15	1	53	14	40	7	75	5	73	0	69	
15	16	19	60	1	40	11	35	13	38	2	28	14	24	6	46	16	56	9	37	
4	70	12	10	5	21	2	74	1	32	0	49	6	15	10	18	15	53	18	3	8	67	
16	57	19	73	6	29	2	74	13	34	10	50	1	59	
6	13	0	30	2	34	10	71	14	75	5	68	18	52	4	20	13	72	12	63	9	61	
7	25	19	48	8	28	18	4	0	31	10	68	13	29	9	22	6	10	
1	21	2	74	0	38	7	4	5	75	11	15	12	13	9	43	
7	71	3	21	19	67	18	17	17	26	16	14	
14	62	18	15	8	10	13	42	12	39	6	55	16	40	10	4	5	44	15	64	11	59	4	28	
2	16	4	48	11	29	16	15	5	43	9	28	0	74	10	72	19	37	8	9	15	32	
5	34	7	24	17	36	16	41	9	8	0	9	14	61	

All component type numbers for each job to be processed by MFPM
2	17	0	5	8	24	
6	44	3	33	0	46	2	27	
0	21	2	12	6	24	9	9	
4	26	2	38	6	39	0	34	
1	3	7	23	5	19	
0	39	7	46	2	26	1	30	
7	19	
7	30	1	26	0	28	4	43	
6	4	
4	34	7	31	
5	24	1	4	9	25	
4	32	
9	21	2	23	5	9	
7	41	1	42	8	36	
6	13	5	24	9	3	3	19	
9	30	7	42	5	44	1	29	3	28	
7	6	
8	50	5	27	7	33	9	42	
3	19	7	24	0	6	8	13	
9	43	2	42	7	49	
4	4	2	19	
2	32	0	50	
5	21	
0	47	1	32	9	50	3	38	6	26	
7	14	
1	41	5	28	8	45	
7	3	4	5	2	4	
9	46	4	34	
7	25	2	13	3	19	
0	43	5	44	2	38	6	36	8	42	
1	4	8	15	3	23	0	18	5	12	
7	46	
1	9	4	2	2	1	8	18	9	21	
0	34	8	43	9	33	
6	10	7	13	
6	48	1	27	
1	14	
1	41	3	44	7	48	
6	1	2	7	7	10	
1	38	0	42	4	50	8	46	
8	18	5	23	3	1	
4	48	3	31	2	34	
6	9	8	5	3	4	9	24	
0	29	5	37	7	48	
8	6	9	25	3	4	5	11	
3	46	6	34	1	41	
4	4	5	9	7	20	6	15	1	24	
3	41	8	48	5	28	4	37	6	47	
9	5	6	16	0	22	3	24	7	17	
8	30	
9	25	
8	46	6	49	2	33	9	31	1	35	
8	17	
1	39	7	35	4	41	
8	24	
9	47	6	40	8	44	
0	24	3	20	2	16	
3	49	
4	18	6	16	7	14	3	13	
1	28	4	41	
5	2	3	23	0	12	7	24	1	21	
3	38	
7	19	2	9	1	24	
5	26	2	49	
2	16	3	18	9	24	5	5	1	10	
7	39	9	31	3	44	8	26	4	34	
1	16	9	2	2	13	7	10	0	7	
7	39	8	50	2	30	9	40	1	34	
6	12	4	13	
2	41	
9	12	6	22	4	6	3	15	
3	39	7	37	
5	4	4	20	
1	44	5	48	4	29	3	45	
2	13	1	6	5	25	
1	34	6	33	
5	22	1	4	6	15	0	24	9	21	
2	49	
2	14	7	2	
7	45	4	50	1	49	3	31	
3	3	1	7	2	10	
8	38	
8	25	7	9	4	23	2	13	5	7	
1	45	6	42	3	44	9	36	4	48	
4	23	
5	27	
0	3	9	20	7	2	8	19	4	4	
0	40	7	26	3	39	8	42	
1	16	8	10	5	17	
2	32	6	40	3	47	
5	8	3	5	2	1	8	3	0	13	
0	39	2	44	8	43	7	49	
8	5	4	11	6	6	
1	47	7	27	
7	3	6	18	
5	46	3	49	4	43	
8	20	
8	27	9	28	1	26	4	35	0	41	
6	6	
6	44	7	41	
0	22	8	1	
7	31	0	44	8	50	5	29	
6	5	0	19	
7	35	6	40	0	36	4	43	5	41	
4	18	2	1	8	5	
0	42	4	34	8	27	2	45	3	44	
8	9	6	10	5	14	
0	37	
2	9	3	1	8	18	1	25	
7	36	3	43	9	42	5	28	1	32	
6	8	
0	35	3	31	
9	21	2	13	8	19	0	5	7	17	
8	26	
0	10	7	25	5	21	4	9	
4	29	
9	1	7	25	3	7	5	15	6	6	
4	29	
8	20	3	8	4	21	7	6	
0	36	2	48	7	33	3	26	
5	13	6	7	3	22	2	21	
6	38	4	28	2	50	9	33	
5	17	9	15	6	23	
4	45	
3	4	2	3	8	7	4	23	9	14	
9	28	4	44	1	31	
6	15	7	24	0	5	
2	42	
3	24	7	17	4	9	6	3	0	14	
4	36	6	32	7	28	
9	13	3	8	8	4	5	17	7	11	
4	50	1	44	0	46	
1	7	5	18	9	1	
1	26	6	46	9	45	3	48	7	50	
2	22	0	20	8	24	4	18	1	2	
3	43	
1	7	8	15	0	2	5	21	4	14	
8	47	
6	13	9	8	2	23	
4	32	7	27	1	46	
7	14	6	4	
5	28	
8	23	
9	50	8	26	7	29	
8	23	
3	40	
5	13	4	11	1	16	8	8	
0	40	3	27	
3	1	6	24	1	5	0	15	
4	39	1	26	3	38	5	43	
7	7	0	19	8	16	2	4	
1	39	4	43	2	37	6	32	
6	3	8	1	
5	45	3	44	0	49	4	47	7	32	
6	22	4	7	2	17	5	20	3	8	
4	28	
7	12	8	4	9	1	
6	49	
3	1	1	9	5	19	
9	37	8	41	6	33	7	45	
7	3	4	17	0	7	2	2	9	4	
4	35	6	41	8	26	
5	4	9	6	
9	26	5	30	7	44	0	42	
2	16	6	24	
7	41	6	49	2	29	8	44	
9	4	6	18	4	10	2	5	3	8	
0	45	4	48	3	31	
4	12	9	18	2	22	5	16	6	7	
5	49	8	34	2	44	6	26	
6	23	0	6	1	21	
5	34	3	43	0	32	
4	18	7	11	2	9	6	6	0	8	
5	37	
9	3	1	9	5	10	4	8	6	1	
8	31	3	43	9	39	0	28	
3	21	
6	33	9	28	
4	9	6	15	
3	28	4	34	
7	2	
6	27	9	48	7	36	1	34	
7	17	3	19	8	13	6	24	9	1	
2	49	4	35	8	30	3	50	1	36	
1	11	9	22	2	5	8	16	4	23	
4	45	7	36	
0	12	
7	38	
7	8	0	13	5	4	4	5	
6	34	9	28	5	49	2	32	
7	25	6	22	3	2	8	20	1	11	
0	43	
0	5	3	23	9	18	2	21	6	6	
4	44	0	34	
9	21	7	23	
5	44	8	33	0	47	3	49	
7	11	
9	41	
2	25	8	2	
4	30	

Three processing times per job on each machine
The best scenario
346	294	442	
85	58	61	
632	755	790	
706	543	582	
156	105	261	
376	221	530	
239	479	564	
316	314	107	
320	165	167	
246	600	278	
1152	924	531	
415	429	259	
996	365	317	
264	612	278	
185	199	246	
699	735	692	
121	66	50	
644	285	643	
312	232	136	
201	166	359	
440	796	284	
286	745	454	
366	462	342	
133	263	292	
303	270	192	
264	592	445	
114	200	158	
352	373	630	
814	1017	624	
542	419	383	
186	163	282	
230	667	259	
258	238	139	
309	799	188	
194	82	98	
840	659	948	
195	152	245	
325	597	446	
747	906	259	
142	103	99	
124	366	207	
608	710	596	
771	715	337	
549	255	394	
160	225	281	
93	236	268	
238	286	340	
383	419	549	
77	266	91	
353	370	266	
485	1197	621	
467	238	255	
500	389	644	
132	165	135	
938	469	385	
45	54	142	
601	552	290	
261	256	205	
38	185	79	
410	362	479	
1010	882	405	
791	502	784	
651	332	854	
662	827	336	
304	371	530	
116	166	211	
397	1025	1133	
195	389	250	
509	1035	834	
371	320	129	
394	195	207	
302	100	292	
782	758	765	
150	222	132	
286	112	284	
526	997	290	
762	735	631	
924	415	664	
406	706	347	
333	230	139	
435	593	782	
652	498	621	
578	783	483	
1149	595	1025	
243	192	91	
188	286	354	
450	147	215	
173	200	162	
359	513	180	
297	237	230	
64	150	334	
286	191	288	
191	98	83	
159	123	107	
315	240	134	
647	1170	315	
238	265	695	
207	294	101	
250	526	211	
298	364	784	
Most likely scenario
415	362	539	
170	63	69	
633	1035	796	
1307	838	943	
254	186	369	
390	305	595	
302	824	568	
368	354	142	
356	186	273	
321	611	399	
1158	1014	609	
585	641	311	
1307	549	567	
346	722	460	
289	302	252	
891	1104	974	
149	67	52	
1010	371	652	
320	390	203	
276	218	550	
696	900	396	
528	796	503	
404	676	386	
210	280	359	
490	383	289	
377	745	749	
170	262	187	
528	582	765	
855	1138	918	
832	750	689	
280	204	440	
290	692	340	
306	284	152	
431	830	309	
225	101	103	
1445	754	1526	
328	263	329	
553	654	660	
931	981	399	
191	177	185	
244	402	390	
724	1119	1160	
806	1290	653	
778	452	531	
203	442	517	
116	266	397	
267	419	455	
421	599	561	
137	394	147	
441	700	288	
800	1327	1037	
751	384	310	
967	589	1079	
177	266	227	
1033	796	564	
46	105	148	
829	706	530	
322	488	327	
65	205	150	
547	505	523	
1221	1200	521	
842	574	1113	
798	396	883	
839	1103	559	
585	625	733	
186	251	239	
510	1419	1574	
388	478	306	
801	1143	1019	
389	610	219	
569	320	398	
312	138	439	
992	1197	1258	
164	329	163	
365	134	384	
669	1116	434	
1004	828	945	
948	655	1265	
675	781	552	
524	387	217	
488	667	818	
680	503	626	
777	811	616	
1530	1124	1095	
344	314	143	
292	312	671	
545	244	306	
282	281	234	
500	528	236	
352	365	315	
112	286	456	
503	273	397	
262	171	106	
254	222	135	
445	428	207	
1095	1260	428	
272	294	708	
356	403	175	
472	537	289	
552	379	852	
The worst scenario
422	383	630	
202	94	78	
822	1486	930	
1408	872	1146	
361	200	507	
394	425	791	
430	912	572	
378	384	171	
421	244	354	
424	888	536	
1615	1237	847	
800	734	352	
1600	726	603	
452	939	665	
390	347	265	
1139	1135	1273	
190	90	76	
1077	373	755	
387	418	294	
348	276	593	
847	1171	402	
787	1083	518	
435	759	564	
215	310	429	
701	559	406	
398	957	862	
210	345	235	
763	861	980	
1100	1651	1262	
1047	853	865	
380	258	534	
323	990	343	
320	285	155	
458	1086	356	
228	128	154	
2105	902	1804	
389	370	474	
760	958	695	
1137	1092	521	
203	213	277	
271	524	423	
780	1306	1253	
809	1887	898	
1161	517	746	
247	526	633	
129	392	538	
338	512	515	
550	685	723	
182	486	152	
518	866	411	
838	1397	1050	
1083	398	341	
1427	728	1246	
247	268	302	
1102	1161	644	
62	130	200	
865	730	697	
437	631	393	
96	285	225	
652	659	743	
1441	1360	638	
1130	834	1160	
1087	451	935	
1077	1481	589	
614	724	824	
254	318	345	
529	2113	2146	
580	711	422	
919	1712	1142	
412	835	276	
735	372	551	
439	202	487	
1091	1732	1799	
212	384	173	
366	156	409	
750	1134	574	
1472	1223	1171	
1240	701	1491	
770	1122	785	
632	424	282	
691	860	1118	
756	573	694	
1137	1147	848	
1812	1537	1394	
355	461	197	
422	340	857	
796	293	322	
366	316	305	
609	704	347	
520	426	437	
136	325	546	
555	275	419	
362	191	158	
353	264	148	
592	460	267	
1162	1810	626	
389	314	720	
521	538	218	
590	606	363	
610	430	1204	
