Factories	2	Jobs	200	Machines	2

Total number of component types per job processed by HSPM
11	11	11	6	8	6	7	8	7	7	8	8	5	9	7	5	7	11	7	10	8	12	11	6	6	7	11	6	8	7	11	9	10	5	5	5	5	7	9	8	8	11	9	9	11	5	10	8	6	5	8	12	6	5	8	12	8	9	12	7	8	7	11	7	12	9	7	11	12	9	11	5	5	12	5	12	7	10	8	10	12	6	5	8	10	9	11	9	10	11	12	5	9	12	10	7	7	8	10	8	7	10	7	5	6	10	10	7	8	9	9	10	7	5	6	8	5	8	10	7	12	6	10	8	11	7	8	9	12	9	12	5	12	10	5	10	11	12	10	11	5	10	6	8	8	10	12	11	7	12	7	12	5	9	6	8	6	7	5	12	11	5	7	8	12	10	11	10	12	11	5	9	7	12	6	12	7	6	6	9	7	10	9	10	7	5	8	5	10	5	10	10	12	11	11	11	7	9	11	7	

Total number of component types per job processed by MFPM
3	3	2	3	1	1	1	2	5	4	4	2	3	1	5	5	5	1	2	4	1	5	1	4	3	2	4	1	4	1	2	5	2	2	1	3	1	2	1	3	1	1	2	1	1	1	5	3	3	1	2	3	3	5	1	3	3	2	1	2	4	2	3	3	5	4	1	5	1	1	5	5	4	3	2	2	4	4	5	2	2	5	4	5	3	1	1	5	2	2	4	5	1	5	5	1	3	5	5	5	4	3	3	3	2	4	1	5	4	1	4	1	2	1	4	1	2	1	3	1	2	4	2	2	4	2	1	1	4	2	1	1	1	3	5	3	5	3	5	4	2	1	2	4	4	3	4	1	1	5	4	3	4	3	1	2	1	2	3	1	3	4	2	1	1	1	4	1	4	5	3	5	1	5	3	3	5	5	3	3	2	4	1	3	2	4	1	3	2	1	3	2	5	5	5	3	2	4	1	1	

All component type numbers for each job to be processed by HSPM
2	58	9	4	11	49	0	60	16	26	3	29	1	50	10	70	6	68	7	36	19	2	
6	45	8	19	14	9	12	35	9	73	13	26	17	14	7	67	4	41	19	72	16	30	
13	64	0	46	14	26	7	12	18	57	12	35	5	11	10	14	19	34	6	36	2	5	
4	41	11	18	7	57	9	65	8	75	17	12	
2	21	9	42	6	50	5	60	1	46	7	57	13	47	11	28	
9	54	10	64	18	22	6	69	14	66	7	51	
10	7	0	15	15	57	7	58	11	53	4	26	3	23	
0	37	18	26	6	38	2	50	8	67	15	42	11	40	1	31	
17	10	15	37	2	67	11	36	10	25	9	62	7	40	
10	38	18	55	0	62	11	51	19	1	3	22	7	10	
11	46	4	36	10	34	13	54	12	64	3	56	0	14	14	35	
2	8	8	16	0	29	5	56	9	13	6	70	16	39	1	24	
14	51	19	22	0	30	18	48	6	40	
13	19	7	8	2	70	11	62	1	75	5	37	6	10	9	20	18	49	
1	1	13	46	18	74	12	4	8	51	17	47	11	44	
11	44	2	23	8	24	15	20	0	52	
1	19	13	24	2	37	10	12	0	51	19	58	17	40	
1	44	8	16	7	56	2	45	19	20	10	66	13	63	12	65	0	72	6	12	9	5	
12	51	3	58	13	29	5	45	0	60	2	23	15	66	
1	53	13	50	11	11	19	21	6	48	12	30	10	8	16	9	9	37	15	33	
19	20	17	42	4	12	8	46	11	17	3	74	0	57	9	44	
17	7	12	10	0	40	16	22	15	66	6	54	1	33	3	32	2	60	11	56	10	59	13	16	
8	15	3	7	5	61	10	52	1	64	19	62	2	13	6	69	0	35	13	55	17	75	
16	53	9	51	13	36	5	34	14	70	8	60	
10	23	5	48	19	29	9	5	15	16	0	49	
15	24	17	69	6	57	7	20	18	70	1	36	13	37	
12	22	18	36	13	7	5	59	2	46	16	11	9	72	10	50	15	5	6	41	7	51	
6	59	11	60	18	51	9	42	19	11	8	56	
7	75	2	59	6	4	5	74	15	71	19	2	10	39	16	36	
5	20	2	70	16	49	14	69	6	12	19	18	4	23	
19	41	4	37	13	69	12	42	11	25	14	12	1	20	8	64	0	6	2	26	6	62	
12	58	8	1	17	43	7	35	3	2	2	72	0	46	15	21	9	71	
3	23	11	8	13	45	8	44	16	66	2	37	1	58	19	21	9	12	12	18	
12	46	5	53	4	35	0	16	7	10	
1	19	3	27	5	15	16	50	8	21	
6	51	14	60	16	4	8	72	2	15	
3	23	12	29	17	5	9	8	14	54	
2	59	3	63	12	72	8	4	18	22	13	53	16	57	
5	21	3	50	7	44	11	59	9	31	19	60	6	7	4	36	2	56	
1	1	10	19	12	42	4	32	17	27	14	69	13	62	6	40	
17	73	1	41	18	60	11	38	7	63	3	35	15	16	6	5	
8	61	5	16	16	40	10	38	0	41	3	65	7	52	6	39	11	54	4	43	18	24	
7	39	14	40	18	50	3	30	9	38	0	72	5	23	16	36	6	44	
15	39	12	69	16	22	3	26	14	30	4	7	8	12	19	46	5	1	
9	34	19	66	6	29	8	15	7	59	17	69	13	42	2	25	16	36	3	6	14	55	
7	21	3	25	18	54	1	72	6	9	
13	12	19	31	0	34	16	29	15	13	18	15	8	56	3	36	5	4	14	25	
18	18	15	22	5	19	12	75	0	71	17	64	2	69	7	37	
14	32	1	55	10	69	4	64	9	6	19	11	
0	60	8	6	12	7	19	20	10	74	
12	1	16	16	2	72	6	51	1	13	11	63	8	55	7	36	
18	67	11	30	8	49	14	19	19	62	15	57	6	55	5	48	10	51	1	59	2	40	4	15	
16	53	19	11	5	64	2	44	15	23	17	55	
5	23	9	12	4	42	19	20	2	5	
11	67	0	34	18	61	17	56	19	44	14	30	16	3	15	22	
19	39	17	13	8	7	5	47	3	58	1	16	6	62	18	12	14	74	2	28	15	3	10	68	
12	53	10	22	7	21	3	25	11	10	18	49	14	71	17	24	
4	44	8	55	18	47	19	71	12	26	11	10	17	23	7	37	9	4	
18	59	2	21	5	60	15	2	6	42	19	53	0	70	1	15	4	40	11	24	13	26	9	9	
10	21	16	18	7	72	5	66	19	22	4	75	18	49	
16	7	5	55	11	47	3	25	4	38	0	45	17	59	1	26	
18	57	15	15	0	17	16	3	12	38	6	6	1	20	
0	61	2	17	4	49	13	68	3	8	7	7	10	11	9	48	8	9	14	50	12	4	
18	14	15	50	10	2	13	41	14	6	16	65	2	74	
15	73	17	10	6	49	12	30	9	36	14	56	16	33	11	23	0	69	5	71	19	44	18	27	
10	44	8	34	14	30	12	22	13	1	9	55	3	68	15	14	2	8	
1	31	3	7	6	9	14	2	9	50	8	36	11	20	
8	43	1	53	13	63	18	75	16	10	17	27	15	3	7	46	4	50	0	37	12	54	
7	60	10	12	17	15	14	63	1	33	12	6	3	14	6	46	16	43	15	70	4	27	0	66	
15	33	3	30	13	8	14	75	17	45	4	12	8	32	11	48	0	38	
15	8	1	49	5	4	4	12	11	64	19	23	3	42	18	69	16	60	6	37	13	25	
8	6	7	49	6	41	5	53	16	24	
5	33	7	68	3	65	4	26	19	28	
10	14	4	8	3	74	9	54	18	68	11	69	19	36	7	10	1	41	8	43	15	5	16	70	
6	61	8	44	7	43	11	18	9	19	
12	56	16	48	1	25	13	59	6	7	15	38	4	2	0	54	10	50	17	37	19	64	3	12	
19	63	2	6	9	9	15	19	7	30	13	54	8	14	
13	66	3	31	4	49	8	50	17	75	6	58	12	40	10	41	14	63	7	5	
12	13	15	39	18	15	8	36	6	25	11	46	10	40	3	61	
8	21	18	40	6	45	5	41	2	51	12	75	13	49	4	50	1	64	16	61	
10	47	7	28	11	59	18	17	19	75	6	15	3	19	9	54	4	68	17	9	13	18	8	22	
8	50	11	12	3	60	15	67	13	8	17	29	
3	49	14	71	1	33	6	21	5	7	
3	4	4	5	13	72	17	36	15	58	7	24	14	62	11	19	
7	19	10	6	18	38	19	40	0	73	12	18	1	4	15	45	17	57	16	44	
13	42	8	23	14	57	19	44	9	21	5	2	10	41	17	34	3	13	
10	45	19	33	1	26	7	41	9	42	17	32	12	68	18	62	11	69	6	1	13	72	
5	39	13	61	14	21	12	58	19	36	0	4	9	45	7	46	1	72	
5	31	11	28	8	46	2	68	7	34	15	55	3	74	14	20	12	53	0	54	
1	30	12	56	7	50	18	67	6	49	5	42	2	65	19	62	17	23	4	26	16	11	
18	55	2	43	19	56	17	14	14	18	16	64	1	63	0	57	4	58	15	51	11	41	3	24	
18	7	0	26	17	73	6	32	10	60	
13	60	4	1	5	56	6	19	10	13	16	57	17	62	11	42	9	65	
6	45	3	43	12	3	16	17	9	47	4	70	1	10	0	60	2	46	13	73	8	57	5	12	
19	65	13	17	3	62	5	71	15	53	17	23	11	6	12	68	6	50	4	21	
12	5	2	13	5	46	0	21	7	73	1	56	13	6	
13	57	8	23	0	42	7	64	18	38	12	71	11	41	
17	30	7	34	1	69	6	59	13	9	12	12	15	37	0	26	
13	51	11	48	0	22	14	68	17	37	16	40	19	67	18	8	1	36	9	73	
6	47	1	73	0	18	19	2	14	53	9	59	4	6	18	36	
17	32	5	65	6	50	11	22	18	73	10	35	19	8	
5	71	16	64	19	41	2	53	1	67	17	54	9	38	0	11	4	39	10	23	
10	64	9	41	7	56	16	73	19	62	3	67	1	45	
17	41	7	52	1	33	12	60	2	55	
9	58	15	75	12	13	4	51	7	4	19	53	
3	59	11	51	17	22	15	30	14	36	2	52	13	21	10	46	19	50	0	7	
15	32	1	67	12	50	16	17	9	12	0	48	19	43	18	11	6	46	7	51	
11	47	5	23	6	73	13	28	14	24	1	72	16	27	
18	48	3	69	6	64	15	62	4	1	14	35	16	71	8	66	
9	41	19	48	5	50	1	14	7	33	16	70	14	46	10	66	13	22	
12	58	15	61	1	45	4	55	5	65	6	26	2	70	19	18	3	60	
8	33	13	56	11	58	2	41	14	20	9	69	6	11	17	71	3	34	7	45	
13	28	16	34	12	57	11	22	19	43	18	32	9	24	
0	43	17	27	2	28	3	9	11	23	
7	30	9	45	10	3	14	51	11	55	17	64	
12	39	13	42	18	23	1	69	2	62	14	18	17	50	16	58	
16	24	12	11	3	31	5	33	15	73	
16	63	13	18	1	60	4	1	6	28	18	74	19	30	3	59	
9	58	2	2	14	57	15	9	13	20	1	45	5	74	3	69	8	42	16	66	
19	64	13	33	16	47	11	40	18	21	6	23	15	4	
0	43	2	49	3	33	13	32	5	14	18	48	16	56	4	24	7	58	8	73	9	17	12	69	
8	23	11	27	19	53	7	52	5	22	0	40	
11	22	15	13	9	55	19	21	16	14	8	28	17	7	0	33	14	74	1	5	
16	48	8	26	19	9	12	27	15	55	1	66	5	54	7	45	
11	22	7	60	6	71	19	57	3	28	9	32	4	26	18	39	16	15	17	1	8	45	
15	26	6	2	0	64	5	24	7	74	14	39	9	72	
11	74	3	73	18	19	7	47	6	75	13	27	5	25	2	16	
8	59	0	74	5	34	1	29	4	71	18	5	9	73	10	42	7	61	
2	66	12	73	3	41	10	30	1	68	19	62	14	22	6	37	8	6	0	11	17	51	9	20	
3	8	11	10	6	37	1	2	2	73	12	7	18	36	13	17	5	41	
6	25	3	57	11	10	19	62	16	48	18	38	7	47	10	3	0	60	4	1	15	15	8	58	
18	31	19	68	4	52	11	39	10	71	
7	19	1	13	15	34	4	49	5	39	12	16	2	59	3	40	16	41	10	54	0	28	6	6	
13	30	6	59	7	60	19	3	1	33	18	8	4	46	10	7	16	43	8	69	
16	34	15	20	18	5	10	17	14	30	
5	41	10	55	2	42	18	53	3	51	9	2	13	28	6	22	16	63	1	15	
6	5	10	15	9	32	0	24	5	11	19	34	13	38	7	53	4	14	18	41	14	25	
16	59	5	43	11	41	13	60	8	20	12	18	9	56	17	15	0	29	14	63	1	34	15	33	
13	11	7	21	0	50	3	33	2	65	11	26	12	22	4	69	17	59	1	20	
9	73	17	30	15	41	11	9	4	7	19	14	5	40	6	26	18	24	8	66	7	68	
16	68	3	35	11	64	6	8	8	30	
6	55	4	63	13	23	18	16	7	36	2	66	3	70	5	53	17	59	0	61	
8	39	12	21	7	41	14	28	11	18	10	68	
12	49	3	26	10	17	16	55	4	53	14	41	9	35	6	52	
5	23	17	46	8	29	10	28	3	47	14	32	19	52	12	63	
2	43	8	68	19	8	15	21	9	11	11	63	1	27	18	72	16	45	14	60	
11	46	12	24	19	15	13	43	9	68	16	62	15	21	6	61	3	60	8	64	0	23	10	40	
12	22	17	6	2	54	8	33	18	38	15	37	5	9	3	23	11	62	6	4	16	29	
0	63	3	13	15	4	19	17	4	23	11	5	2	36	
9	26	10	3	13	73	4	66	5	33	6	24	17	18	8	7	15	31	1	32	19	19	12	9	
9	18	19	29	6	28	14	19	1	57	15	11	3	4	
7	43	16	72	10	53	11	23	14	17	6	69	12	3	13	27	18	1	1	8	3	30	5	65	
17	62	19	7	0	6	9	23	5	5	
13	12	18	54	12	67	17	14	16	34	6	63	14	52	9	13	11	15	
8	60	19	57	15	33	9	25	3	39	16	52	
19	52	8	39	17	66	9	3	18	15	13	55	2	53	4	42	
14	8	16	74	15	9	2	48	13	11	11	58	
4	14	13	66	9	39	0	7	15	68	7	29	17	1	
10	42	14	55	18	58	8	14	6	5	
15	32	12	17	19	25	1	36	0	13	3	65	8	23	4	38	18	68	5	74	17	53	9	49	
19	13	6	4	9	35	16	37	13	57	2	61	10	71	7	46	3	10	4	49	1	17	
4	10	0	30	11	71	19	44	7	52	
8	35	13	58	10	50	4	4	17	69	14	17	5	41	
18	42	1	60	14	75	12	29	2	22	7	58	17	2	10	72	
15	72	19	11	6	16	5	25	0	1	11	65	7	46	16	33	9	48	18	58	10	64	4	57	
17	21	3	73	15	66	13	4	0	68	16	32	9	64	8	11	6	59	19	41	
6	74	3	75	12	11	19	24	9	9	7	47	4	28	18	33	15	52	1	55	2	71	
15	24	18	11	14	57	19	33	11	46	0	6	10	41	1	45	2	49	9	7	
1	59	3	46	13	37	18	51	16	1	6	67	5	20	2	69	14	50	8	48	19	13	17	23	
5	13	7	61	9	57	3	50	4	8	17	36	6	14	11	17	0	33	1	3	15	73	
14	40	16	57	6	39	0	63	1	10	
12	69	7	4	11	30	2	1	14	62	5	70	3	8	4	20	18	59	
18	37	0	6	10	38	14	57	12	21	13	36	1	2	
13	70	19	46	1	23	5	15	6	7	17	11	2	38	15	29	3	48	8	66	10	18	9	61	
18	45	1	30	3	75	16	38	17	29	0	14	
14	2	11	43	16	66	0	20	17	27	19	46	7	44	12	9	1	70	10	75	5	17	3	56	
16	59	6	40	11	31	17	63	2	24	3	19	15	7	
14	16	11	72	6	67	9	41	12	63	3	36	
19	69	17	55	9	13	2	73	7	63	8	28	
4	58	12	14	6	68	14	65	19	8	10	5	17	70	18	74	9	75	
0	25	9	33	5	41	12	50	13	39	17	7	18	67	
0	7	5	19	2	64	3	17	1	47	9	62	11	34	7	58	18	49	10	39	
15	2	18	1	11	64	16	45	10	58	0	20	6	16	1	17	4	50	
6	5	10	69	15	24	19	13	7	21	18	33	2	44	3	51	16	7	0	75	
11	15	18	47	13	7	7	75	1	1	8	57	5	73	
0	61	9	45	4	18	7	42	13	44	
0	17	3	71	7	56	10	3	14	74	4	54	11	47	13	4	
0	26	13	69	17	74	8	59	15	32	
2	13	15	52	3	12	4	67	0	37	6	58	5	5	17	50	18	42	10	19	
3	15	7	55	13	51	14	23	0	45	
4	54	9	48	13	24	2	51	0	1	5	62	7	21	14	67	6	4	1	39	
0	18	1	6	16	7	4	71	7	11	17	61	10	65	8	62	5	30	12	25	
16	42	0	12	7	11	8	60	2	51	4	64	12	69	14	73	6	47	17	19	3	44	11	25	
3	48	11	14	14	13	18	57	15	8	1	43	13	46	5	45	0	5	19	41	12	33	
5	68	14	69	3	24	7	41	15	64	18	22	12	54	17	29	0	45	1	40	19	63	
7	37	13	38	19	25	6	36	16	9	0	40	12	53	2	24	15	54	1	7	3	26	
1	17	8	13	11	48	16	68	13	24	5	57	19	2	
4	31	10	15	2	5	11	72	13	34	9	32	17	13	8	35	6	65	
12	36	8	27	10	16	15	24	7	10	14	28	4	74	19	42	17	67	2	4	9	75	
17	23	9	43	1	71	16	8	7	63	5	72	12	13	

All component type numbers for each job to be processed by MFPM
7	22	4	2	1	8	
1	17	5	14	3	16	
3	17	5	18	
9	3	4	20	7	23	
7	12	
6	14	
5	18	
2	23	6	25	
5	4	2	13	1	18	9	2	8	20	
8	3	9	6	4	13	2	15	
0	20	1	14	5	12	2	23	
4	10	8	16	
6	3	1	9	4	1	
1	3	
8	24	0	1	4	5	7	15	5	22	
7	18	4	19	2	1	8	12	1	23	
7	18	6	5	4	25	9	22	3	17	
2	7	
7	9	1	25	
8	11	9	18	1	4	7	20	
8	10	
2	19	1	10	9	17	8	18	5	16	
0	7	
2	24	5	5	1	17	9	10	
0	17	4	3	6	6	
5	9	0	4	
2	10	3	13	9	21	0	19	
0	10	
8	12	9	20	2	25	3	19	
2	9	
0	6	7	4	
3	13	5	3	7	20	0	6	6	21	
1	15	6	24	
6	24	7	3	
6	25	
3	15	9	9	5	7	
3	20	
9	1	4	12	
2	9	
4	16	3	24	7	11	
5	23	
1	17	
8	10	1	18	
0	17	
1	5	
0	12	
5	24	8	2	9	1	7	20	2	25	
7	23	0	2	8	25	
3	13	4	12	8	10	
9	15	
9	19	1	23	
2	24	9	14	8	11	
3	22	1	17	2	3	
7	23	0	20	3	11	9	5	2	9	
2	18	
3	24	5	7	4	20	
8	2	4	12	5	24	
6	2	4	3	
9	1	
2	2	0	17	
7	19	4	13	5	8	8	22	
8	14	5	11	
0	2	8	10	3	22	
2	11	5	3	3	15	
5	11	9	10	7	25	1	6	2	7	
1	11	4	14	2	22	0	16	
7	22	
5	24	8	3	6	11	1	18	0	25	
8	16	
9	15	
3	18	8	22	9	1	6	21	7	5	
1	1	9	5	4	19	7	4	0	12	
9	7	1	4	2	2	7	25	
6	16	2	10	8	24	
0	25	8	16	
4	12	5	11	
7	2	0	1	8	5	2	10	
9	23	5	15	3	19	0	13	
3	23	9	14	8	13	6	24	7	7	
1	15	8	16	
7	1	2	8	
8	12	3	11	7	9	9	4	6	5	
5	17	9	25	3	6	1	21	
2	1	9	23	1	9	4	3	7	24	
2	16	0	6	4	13	
9	23	
3	3	
7	5	5	3	9	21	1	8	6	11	
6	14	9	17	
4	7	7	9	
0	6	9	4	6	3	1	16	
5	1	4	21	6	7	7	24	9	5	
6	14	
4	9	3	10	8	15	6	16	5	5	
8	3	3	4	6	17	1	23	7	14	
1	23	
5	4	6	9	3	15	
7	14	6	5	2	22	5	11	8	20	
1	10	9	3	8	16	5	17	2	4	
8	10	7	2	6	17	1	21	9	5	
4	9	3	14	7	6	5	19	
9	3	6	5	0	18	
1	20	4	21	0	15	
8	16	7	4	2	17	
8	7	1	6	
5	16	6	25	8	2	4	11	
9	8	
0	9	2	14	8	12	7	7	4	13	
3	4	0	12	6	6	2	24	
0	25	
6	10	4	9	0	21	8	15	
8	8	
4	2	6	19	
6	18	
0	6	4	18	5	5	7	23	
8	7	
8	18	3	3	
6	4	
9	2	3	23	2	19	
5	22	
2	13	3	19	
4	24	1	5	7	18	0	21	
0	4	1	12	
7	10	0	8	
9	18	5	2	1	7	8	9	
2	4	8	20	
3	23	
7	25	
2	21	3	14	5	13	0	24	
5	19	7	5	
1	4	
9	21	
4	15	
7	16	8	12	1	20	
1	24	4	16	7	9	8	7	5	22	
7	21	8	11	0	16	
4	16	3	2	9	5	1	25	6	7	
1	3	6	23	5	9	
8	12	7	17	2	14	1	13	6	6	
8	19	4	20	7	25	5	4	
8	3	5	19	
9	15	
7	23	5	21	
5	11	4	10	7	18	1	12	
0	13	9	9	1	6	6	21	
6	6	0	17	8	12	
4	25	3	19	1	17	8	2	
3	20	
4	10	
9	17	7	8	8	9	1	14	0	16	
6	21	9	19	0	14	2	15	
7	17	9	18	2	16	
4	18	8	15	2	16	7	1	
3	8	7	21	2	7	
7	22	
7	12	5	10	
7	10	
4	14	2	4	
4	7	9	25	3	18	
0	14	
1	25	2	16	4	1	
5	24	8	4	7	10	1	13	
6	1	3	4	
6	19	
8	4	
6	23	
0	25	9	20	3	23	5	2	
7	19	
5	8	9	16	3	22	2	7	
7	12	6	7	1	24	2	23	0	10	
0	24	8	17	6	3	
6	15	0	16	3	14	4	20	9	23	
3	21	
9	3	4	14	5	7	2	5	8	12	
6	18	7	1	2	9	
1	13	7	19	4	17	
5	12	0	17	2	5	6	4	1	11	
5	17	4	12	2	3	0	11	9	22	
9	11	6	8	1	25	
3	8	5	19	1	7	
9	16	3	24	
5	21	2	17	7	1	9	10	
6	25	
6	7	4	11	8	23	
9	18	7	15	
4	25	7	4	9	23	1	17	
7	15	
4	12	5	19	1	21	
0	8	8	23	
5	12	
4	1	5	17	2	12	
1	2	9	5	
3	20	4	11	0	19	2	2	8	7	
7	15	0	12	1	7	4	3	9	22	
0	5	8	13	6	12	7	3	5	24	
6	6	3	18	9	17	
1	1	3	14	
1	12	4	19	9	24	5	7	
6	3	
1	24	

Three processing times per job on each machine
The best scenario
766	311	
427	621	
44	94	
118	68	
163	65	
474	220	
232	240	
83	123	
580	348	
169	206	
139	224	
540	389	
168	244	
765	329	
232	199	
381	613	
311	280	
565	681	
506	245	
212	146	
465	691	
214	127	
777	488	
652	577	
194	320	
599	302	
52	51	
182	115	
133	83	
184	232	
308	453	
179	64	
556	353	
403	659	
192	258	
209	239	
381	376	
371	432	
159	398	
370	675	
465	621	
397	540	
167	590	
615	904	
183	164	
133	223	
437	340	
126	56	
539	519	
455	80	
643	689	
367	182	
333	403	
290	281	
142	159	
179	342	
509	524	
532	400	
424	662	
107	97	
261	473	
280	424	
636	516	
575	507	
365	127	
298	759	
157	403	
226	201	
202	243	
204	381	
363	509	
58	73	
285	173	
431	206	
594	361	
240	321	
889	260	
542	240	
85	174	
106	134	
179	370	
174	82	
206	301	
283	229	
254	655	
112	200	
82	76	
571	668	
735	194	
466	647	
443	183	
1063	589	
866	1026	
181	545	
548	1169	
179	314	
539	642	
714	326	
193	185	
500	449	
456	276	
352	564	
939	1092	
357	299	
815	817	
730	518	
570	1160	
155	98	
183	316	
149	101	
687	550	
546	457	
387	257	
61	193	
710	1072	
263	321	
508	305	
634	305	
745	678	
623	526	
534	127	
447	177	
522	467	
526	455	
133	143	
362	264	
216	419	
654	357	
153	170	
172	188	
109	75	
268	148	
92	222	
112	123	
544	458	
456	299	
198	116	
982	1070	
192	147	
346	587	
245	237	
149	135	
644	790	
600	1012	
173	260	
246	111	
169	237	
452	557	
496	347	
353	666	
106	178	
310	363	
207	260	
770	666	
253	639	
129	426	
206	119	
246	1205	
297	194	
271	273	
442	272	
318	201	
419	1416	
459	534	
261	491	
136	148	
239	342	
368	867	
203	317	
324	225	
460	1022	
247	387	
650	437	
148	171	
1038	587	
466	614	
116	72	
77	90	
97	179	
103	151	
610	264	
934	798	
515	330	
505	352	
268	718	
182	69	
413	216	
77	220	
85	96	
450	270	
324	299	
239	576	
159	272	
48	35	
1010	437	
406	342	
481	391	
106	85	
99	87	
245	231	
Most likely scenario
1045	509	
618	1123	
78	158	
209	81	
226	68	
596	274	
387	296	
157	155	
809	464	
240	393	
259	295	
641	540	
262	349	
1096	578	
393	311	
436	750	
565	462	
674	755	
677	302	
227	279	
865	1213	
307	224	
1032	943	
671	881	
282	405	
1026	593	
56	68	
208	170	
135	119	
262	362	
363	566	
276	104	
606	676	
660	705	
269	295	
226	266	
434	398	
572	772	
230	462	
571	998	
905	803	
488	912	
273	654	
617	913	
304	253	
193	377	
693	591	
134	59	
609	642	
514	140	
1105	995	
698	355	
522	761	
479	540	
196	223	
310	578	
894	644	
966	440	
628	1002	
159	132	
485	724	
450	488	
1205	604	
1131	919	
492	131	
392	850	
265	588	
263	272	
320	424	
352	493	
477	682	
67	117	
322	272	
438	356	
613	477	
371	339	
1015	444	
573	379	
86	188	
133	143	
240	585	
237	88	
210	382	
435	297	
287	690	
203	354	
129	80	
715	810	
934	328	
512	797	
517	198	
1098	771	
949	1045	
263	647	
702	1394	
271	316	
1008	775	
808	472	
244	274	
748	767	
626	470	
483	637	
1319	1290	
526	383	
900	1335	
1000	550	
637	1295	
158	159	
281	343	
221	138	
1021	673	
808	623	
771	341	
68	218	
827	1284	
317	362	
636	357	
761	593	
842	767	
914	540	
730	233	
511	289	
644	528	
829	723	
192	225	
554	366	
254	465	
1178	690	
251	195	
249	328	
169	99	
428	274	
143	321	
115	211	
663	688	
477	342	
207	135	
1004	1092	
200	183	
380	598	
392	240	
153	159	
1089	1091	
811	1257	
301	328	
312	129	
187	352	
490	935	
766	397	
652	703	
115	270	
523	473	
282	344	
934	886	
435	1101	
202	549	
210	197	
473	1322	
450	260	
457	451	
578	493	
585	352	
523	1427	
469	1063	
441	554	
266	153	
374	422	
440	947	
388	595	
562	300	
462	1339	
423	531	
1002	861	
161	232	
1325	751	
661	994	
149	76	
125	115	
189	320	
114	232	
749	515	
1081	1039	
608	355	
760	388	
325	818	
237	116	
484	300	
110	264	
92	131	
671	342	
394	396	
263	1005	
169	328	
81	56	
1344	758	
436	507	
506	458	
179	155	
133	173	
456	364	
The worst scenario
1367	755	
733	1617	
115	203	
238	117	
272	83	
618	340	
492	324	
176	216	
927	487	
343	563	
373	396	
644	598	
330	368	
1318	816	
587	322	
484	792	
631	652	
908	1012	
1002	321	
284	413	
878	1216	
442	246	
1288	962	
827	1222	
316	475	
1275	635	
76	90	
251	233	
193	159	
287	517	
439	840	
352	146	
897	1000	
828	838	
367	337	
281	335	
561	491	
743	988	
315	674	
628	1355	
921	1187	
589	1152	
305	923	
873	1362	
389	324	
249	477	
1019	680	
192	78	
908	945	
761	161	
1577	1077	
1011	485	
630	999	
668	614	
250	332	
396	711	
1080	865	
1179	560	
873	1415	
171	133	
539	899	
626	501	
1723	708	
1139	1154	
538	165	
439	1016	
359	649	
295	284	
399	463	
456	661	
707	926	
79	154	
391	392	
533	390	
810	587	
520	444	
1031	640	
590	403	
92	271	
199	159	
328	868	
300	116	
231	443	
471	349	
330	832	
215	513	
190	117	
1063	954	
1372	483	
518	904	
757	223	
1507	1063	
1339	1267	
314	707	
960	1929	
359	379	
1347	1027	
998	552	
350	332	
842	1067	
855	509	
639	933	
1792	1472	
747	523	
1079	1943	
1072	739	
831	1594	
164	164	
359	425	
321	155	
1333	720	
1185	655	
780	485	
72	295	
1004	1912	
405	454	
821	463	
829	838	
1021	841	
980	806	
807	291	
710	375	
937	575	
962	1015	
245	257	
746	381	
355	527	
1217	767	
307	219	
264	344	
207	108	
484	334	
158	427	
131	231	
874	791	
584	453	
222	136	
1029	1107	
267	250	
499	720	
563	350	
226	175	
1463	1308	
957	1817	
350	382	
418	138	
242	388	
733	1249	
1049	542	
860	773	
153	368	
703	497	
294	375	
1028	1090	
543	1236	
207	804	
296	209	
626	1746	
468	290	
584	533	
861	621	
624	456	
694	1862	
702	1303	
494	724	
378	160	
455	524	
520	1036	
572	767	
778	396	
673	1614	
549	554	
1479	1243	
241	288	
1542	757	
890	1250	
204	108	
152	122	
204	470	
119	301	
1086	529	
1412	1046	
782	503	
1034	415	
381	855	
283	137	
714	304	
133	371	
98	145	
816	435	
440	479	
340	1444	
201	442	
97	62	
1751	954	
534	670	
532	499	
188	215	
187	236	
627	400	
