Factories	4	Jobs	200	Machines	3

Total number of component types per job processed by HSPM
7	7	7	9	12	7	8	6	7	7	9	8	9	9	5	7	9	6	8	9	11	10	9	6	10	8	10	11	9	8	9	12	7	7	12	5	9	6	8	10	12	5	11	5	12	9	11	8	6	11	6	12	5	11	11	9	11	5	9	7	5	11	7	12	5	11	12	7	10	10	8	5	10	9	10	10	11	8	11	11	7	8	10	9	6	5	10	7	8	11	10	8	11	8	11	11	9	11	7	9	6	12	7	9	9	12	6	8	9	6	5	7	10	6	6	8	7	8	5	10	10	12	11	5	10	9	5	7	5	8	5	9	6	11	7	12	8	5	7	8	12	11	9	5	7	12	9	11	8	5	12	8	8	8	6	8	11	5	5	10	6	9	6	8	10	7	7	7	8	5	5	8	12	8	7	6	7	10	10	8	8	11	7	10	11	5	10	7	5	5	11	10	7	7	10	6	9	8	7	9	

Total number of component types per job processed by MFPM
4	2	2	5	1	2	4	2	1	3	4	1	3	5	4	1	3	2	1	3	4	4	5	1	3	4	4	2	4	4	3	1	2	1	3	1	4	2	4	3	5	5	3	3	3	4	4	4	5	2	3	4	1	3	1	1	1	3	1	2	5	5	4	1	2	1	3	1	4	4	4	5	4	2	2	4	2	4	4	2	5	2	5	3	4	1	3	3	3	5	2	1	4	1	1	1	4	4	5	2	5	1	1	5	2	1	5	2	2	1	3	2	2	5	3	5	3	3	1	2	3	4	3	3	4	3	1	2	3	3	2	2	1	3	2	2	2	4	5	4	3	4	4	2	3	5	3	3	4	3	1	5	3	2	4	1	4	2	4	4	1	5	5	1	4	5	1	5	4	5	5	5	4	2	1	2	3	2	1	2	2	1	1	2	1	4	1	5	2	2	4	4	2	1	4	1	4	2	4	4	2	4	3	1	1	4	2	1	4	4	3	5	5	1	2	5	4	5	4	4	3	1	3	1	4	5	3	5	4	3	1	4	4	4	4	1	1	4	5	2	4	4	2	1	5	1	5	4	1	4	4	5	4	2	2	2	3	5	1	1	3	2	1	3	4	5	4	2	1	3	5	5	5	2	1	3	1	2	3	1	5	4	4	4	3	4	2	2	4	5	5	4	4	3	1	3	3	1	1	3	1	1	1	1	5	5	3	2	4	2	2	2	1	1	2	2	5	3	4	2	2	3	2	1	5	3	4	4	1	4	2	4	5	2	2	4	4	3	4	4	1	2	5	3	5	2	2	5	4	5	1	4	4	4	1	1	1	4	2	1	3	2	3	3	2	3	1	1	1	3	2	4	3	1	5	5	1	1	1	1	5	5	3	2	1	5	5	5	1	1	4	2	5	2	1	2	3	1	5	2	

All component type numbers for each job to be processed by HSPM
1	25	5	56	17	34	6	31	9	22	14	66	10	12	
12	67	6	41	14	43	17	47	10	21	15	65	18	13	
17	60	3	34	11	40	14	31	1	59	9	32	2	70	
3	52	8	12	6	28	2	4	14	27	19	62	17	30	15	66	11	40	
7	62	12	1	11	44	8	67	9	72	1	20	17	32	16	40	13	21	18	39	10	60	15	36	
12	61	4	54	18	40	14	35	3	8	16	19	17	75	
8	35	10	9	17	34	7	51	18	18	6	49	19	38	12	68	
18	66	14	1	16	44	4	9	2	75	6	69	
13	29	3	52	16	27	5	7	4	51	7	41	18	4	
17	69	7	66	0	46	2	72	1	30	4	58	18	19	
16	66	3	18	5	72	9	68	12	6	1	1	2	47	7	24	8	45	
3	38	6	59	5	54	1	62	2	50	4	69	13	56	14	16	
10	35	15	34	6	73	16	49	1	58	3	21	2	26	0	47	12	4	
5	48	1	31	3	16	8	4	12	38	16	40	14	14	2	64	13	56	
15	39	18	10	11	57	16	37	10	30	
8	33	13	75	0	10	12	48	6	28	15	31	10	15	
4	66	0	10	8	30	11	23	17	18	1	67	5	55	15	64	19	73	
16	5	9	10	4	68	17	37	0	48	14	57	
18	6	6	8	10	58	19	36	15	13	5	69	2	55	1	73	
15	54	4	33	13	65	9	66	10	75	14	44	16	64	1	63	12	17	
3	73	8	27	15	4	4	25	18	57	2	7	10	5	7	20	19	3	16	64	14	66	
15	2	18	50	4	10	6	24	16	41	14	47	3	13	0	64	10	12	1	73	
16	15	0	19	19	51	17	32	9	18	18	58	12	30	1	69	6	10	
7	71	10	48	16	43	3	49	4	4	15	19	
0	68	5	73	13	5	16	17	17	6	3	46	12	64	9	9	4	30	10	70	
13	50	9	37	5	55	18	24	7	27	4	68	1	36	10	10	
4	11	1	2	3	20	19	60	17	51	2	15	8	10	9	35	16	40	12	64	
12	71	8	45	14	53	3	5	9	30	4	46	13	66	0	70	7	23	6	50	19	72	
16	43	0	37	3	16	5	1	15	28	11	48	18	32	8	36	4	46	
10	75	1	47	15	70	19	58	5	45	7	71	16	69	6	10	
6	31	13	13	18	28	7	58	19	22	15	49	1	11	17	35	16	64	
14	61	13	8	4	42	5	71	9	49	15	50	3	45	12	25	2	14	19	23	7	26	8	36	
13	18	5	20	1	29	16	54	7	44	17	52	9	19	
19	62	5	9	18	74	4	72	2	3	8	43	16	11	
9	53	16	16	19	68	6	20	14	65	7	71	3	33	8	45	5	12	13	54	17	49	12	29	
5	8	17	1	15	65	6	50	9	67	
19	2	10	49	13	19	7	46	5	1	11	18	1	53	8	63	14	50	
0	70	16	24	9	72	4	59	1	35	14	25	
4	4	13	57	16	52	11	43	3	10	8	50	6	24	0	9	
18	20	3	69	1	55	10	43	0	15	8	46	19	38	4	33	15	5	13	56	
19	57	15	14	2	39	5	29	7	66	10	1	16	17	17	6	18	8	0	72	6	48	11	28	
2	23	4	18	11	43	1	10	14	60	
12	21	0	69	18	43	9	41	17	29	4	40	19	15	8	72	1	35	7	6	13	36	
3	16	2	70	14	38	12	26	7	61	
15	42	2	19	13	13	7	64	5	70	18	8	4	54	0	43	19	11	1	29	3	22	16	48	
4	39	18	15	17	41	16	2	3	54	0	18	9	14	15	11	14	44	
16	46	9	9	5	1	8	18	7	14	18	40	3	8	14	22	17	24	0	63	13	32	
18	9	7	39	0	67	15	61	3	14	11	12	2	44	1	16	
6	58	14	46	15	44	13	69	7	37	16	67	
2	44	15	53	12	49	16	67	17	4	13	42	1	73	8	37	3	28	0	59	19	66	
13	43	10	3	6	49	18	45	15	64	2	9	
2	62	0	37	12	11	10	69	5	66	9	52	3	41	8	19	17	75	6	17	19	1	18	4	
14	11	0	10	18	23	19	64	4	65	
14	7	11	10	0	14	16	9	3	16	18	66	17	43	9	32	4	5	19	13	8	11	
14	23	7	65	9	49	18	72	17	16	6	15	11	14	16	64	12	57	0	35	5	32	
19	71	1	49	18	59	12	66	2	10	3	45	4	51	11	2	15	67	
6	43	7	4	11	21	1	13	15	73	19	52	10	18	8	9	9	41	2	51	0	17	
3	73	4	43	15	12	14	27	1	41	
15	13	8	50	16	36	14	23	11	33	5	75	9	71	12	47	7	35	
9	50	0	16	2	22	1	21	6	6	3	31	15	62	
6	63	3	75	18	4	0	71	13	16	
18	23	5	4	13	53	4	10	15	59	2	27	12	25	11	40	17	52	14	28	0	47	
1	39	19	6	7	9	8	28	14	42	15	7	18	11	
0	6	19	10	10	24	2	62	4	49	18	22	14	60	7	58	15	26	8	39	13	5	16	1	
18	41	3	53	2	69	12	48	6	3	
9	5	13	29	19	22	2	45	5	52	14	42	15	61	3	72	8	9	1	1	16	33	
8	63	4	69	15	39	7	36	13	59	18	52	14	34	6	24	16	70	11	54	1	9	19	73	
4	12	12	3	13	31	10	40	14	20	1	7	8	22	
14	5	6	34	19	71	10	24	1	64	11	17	16	35	4	13	15	67	5	9	
18	21	0	75	1	51	11	62	3	57	17	40	16	30	14	22	12	27	19	47	
16	7	5	70	2	61	0	35	13	18	9	16	4	73	15	3	
18	22	2	47	17	59	16	39	13	2	
0	66	18	51	10	71	16	22	8	16	3	18	5	73	19	32	15	20	6	49	
9	2	3	52	5	27	16	17	14	70	6	65	0	46	7	7	15	38	
5	60	19	41	8	39	2	73	0	66	17	68	13	10	4	42	3	28	10	8	
11	8	13	29	17	37	9	67	19	51	7	47	0	28	1	58	6	33	18	2	
10	71	19	31	17	2	11	37	2	43	14	26	15	21	13	16	7	56	0	8	9	72	
9	51	3	55	8	69	19	71	17	25	6	49	14	44	11	46	
4	15	7	45	1	14	16	65	12	41	17	44	19	13	18	30	9	69	13	31	10	57	
8	67	16	29	13	12	0	62	18	6	2	23	3	42	11	35	5	49	15	24	14	25	
17	29	10	70	18	37	2	10	12	39	9	16	5	69	
15	72	8	34	11	12	19	50	9	39	12	65	18	45	0	54	
3	70	16	24	6	28	11	68	9	1	10	59	18	37	1	50	19	22	14	31	
13	17	16	1	4	23	1	68	0	59	11	38	15	16	10	18	7	44	
4	31	18	47	0	66	15	50	8	15	11	13	
0	57	3	75	16	19	5	43	18	22	
11	12	9	25	7	11	5	4	12	68	8	51	6	56	4	49	17	23	0	63	
0	74	6	62	9	44	15	65	13	10	12	51	2	49	
11	12	16	45	17	49	6	53	10	20	4	26	7	38	5	63	
2	59	9	36	0	72	5	31	1	30	8	57	7	62	12	64	13	5	3	63	19	70	
3	31	8	13	0	3	7	39	14	41	9	18	4	20	15	12	16	19	17	37	
15	39	19	64	0	65	9	44	14	68	6	18	7	14	1	38	
4	59	0	44	10	51	17	12	6	67	8	70	11	33	16	55	5	15	15	35	3	2	
2	14	14	33	9	24	5	70	1	28	7	32	10	69	0	71	
13	50	4	23	5	72	6	4	1	25	18	51	3	3	15	60	17	53	11	21	7	28	
13	60	3	75	12	32	16	64	4	1	19	37	8	24	11	18	10	36	15	23	14	21	
6	12	16	36	15	54	4	39	10	20	9	51	8	68	13	11	0	38	
8	20	6	61	2	58	3	31	12	42	5	21	11	19	19	67	15	41	14	73	16	36	
18	57	3	23	2	58	1	63	19	48	11	46	5	28	
10	3	3	49	6	58	16	32	1	19	5	74	15	30	14	33	8	67	
13	74	16	67	11	33	6	26	17	34	3	29	
8	70	11	18	18	41	12	37	13	4	16	23	6	25	17	17	4	38	14	65	10	36	0	11	
7	46	6	34	8	69	5	35	12	26	10	6	18	8	
13	71	8	18	19	66	1	31	10	42	11	34	2	62	3	2	9	36	
7	9	8	60	4	18	0	3	13	47	15	28	2	65	12	46	16	59	
8	8	16	58	11	45	7	18	9	13	13	67	4	56	14	49	19	12	5	2	10	75	0	26	
8	10	6	63	15	70	11	7	9	21	17	29	
12	65	16	22	6	64	8	3	18	38	4	75	9	61	19	1	
8	44	14	6	0	43	11	56	12	26	2	51	18	50	9	21	15	8	
7	31	17	47	16	9	0	37	19	62	2	25	
4	55	14	32	19	27	6	30	2	15	
2	56	11	47	16	11	8	37	6	33	9	14	4	34	
4	32	3	53	8	1	11	36	18	34	7	73	14	41	15	38	19	17	17	72	
17	67	2	61	1	75	4	19	8	74	15	73	
2	37	17	75	19	60	5	2	8	48	14	69	
6	17	3	64	15	47	2	39	14	51	10	11	1	62	9	43	
16	50	2	19	3	5	15	28	18	20	10	3	17	18	
13	60	1	48	11	29	2	14	18	45	17	68	12	23	5	67	
16	53	9	6	8	2	12	12	17	7	
3	72	8	7	1	50	9	48	19	29	13	40	6	54	12	67	18	19	10	64	
10	22	0	6	3	14	12	46	17	60	15	54	5	33	16	52	8	59	4	66	
7	59	19	55	12	31	2	25	3	22	0	21	16	16	5	67	18	9	8	5	1	68	10	63	
4	37	16	6	10	44	14	59	7	32	9	31	11	19	19	46	6	54	17	65	1	1	
9	19	10	49	6	52	7	11	11	74	
1	32	8	7	4	48	13	46	0	15	2	44	10	74	17	37	18	52	9	63	
6	18	12	27	11	61	8	25	5	48	3	22	13	67	17	40	16	29	
4	70	8	74	7	5	9	18	13	17	
12	68	18	62	10	59	13	33	19	46	11	61	16	40	
13	60	10	54	11	57	12	69	18	40	
11	22	19	3	5	33	0	32	15	52	8	8	7	14	9	5	
5	41	13	25	0	56	17	74	4	31	
13	43	11	6	5	37	14	14	2	55	8	62	10	22	1	40	9	73	
0	23	1	14	15	38	6	5	16	36	4	61	
9	53	17	28	8	55	6	34	2	6	15	30	7	19	14	54	16	9	10	12	12	71	
19	26	7	19	1	42	17	67	18	51	8	34	12	36	
14	74	1	6	18	30	15	10	12	24	16	53	11	28	7	52	10	61	19	70	17	22	4	59	
0	19	10	10	1	39	4	55	12	68	11	73	2	18	7	34	
17	28	16	73	10	39	5	9	7	17	
15	17	0	55	5	38	16	63	10	21	14	46	11	70	
2	60	9	49	18	69	5	6	19	59	12	7	13	64	11	55	
12	71	15	4	17	8	13	60	0	58	1	63	10	46	11	31	5	13	18	64	4	65	9	28	
0	5	18	56	1	13	2	10	6	25	10	57	13	35	7	52	5	66	14	26	4	1	
19	5	14	59	4	42	16	4	5	55	12	36	10	45	15	57	18	38	
19	44	11	75	6	73	7	3	2	52	
13	5	14	13	8	34	18	35	7	19	17	67	19	40	
11	64	17	50	2	48	4	54	14	5	10	22	18	70	7	68	13	49	15	62	6	24	0	66	
13	19	1	73	14	12	19	31	2	37	11	23	8	45	4	25	10	41	
7	51	1	5	19	19	10	38	8	33	3	57	2	39	14	55	12	68	4	61	6	3	
18	19	9	5	0	64	11	22	13	23	19	42	5	1	10	27	
7	14	1	64	12	35	17	25	2	54	
19	19	16	7	9	10	0	50	15	75	5	39	1	40	4	4	6	25	7	49	3	14	17	21	
18	52	13	61	16	63	9	38	0	8	1	34	4	35	11	14	
9	75	14	51	3	47	15	61	1	56	5	27	16	37	12	24	
6	50	0	35	7	1	1	43	3	37	17	31	12	27	13	26	
2	32	17	58	15	15	6	59	18	48	8	67	
14	35	15	53	18	13	3	39	1	55	2	68	0	48	12	28	
3	28	14	3	7	24	4	48	19	68	16	26	9	55	1	18	11	56	18	71	13	14	
6	18	10	1	11	29	8	57	18	38	
4	25	10	43	16	12	18	28	0	52	
12	70	2	41	18	66	7	74	11	65	14	68	0	61	16	75	15	39	19	18	
13	61	18	18	9	40	4	69	16	14	5	66	
10	28	8	35	17	68	15	38	12	22	4	4	16	66	14	64	6	3	
16	22	7	72	10	21	6	27	12	17	19	18	
2	5	13	56	12	60	10	39	19	28	1	47	4	75	8	58	
16	65	18	63	1	28	3	51	12	14	14	20	4	25	11	73	5	69	0	72	
11	26	7	65	12	70	19	52	3	64	2	53	16	35	
17	21	12	3	19	59	3	72	6	24	9	65	4	54	
3	4	0	23	7	50	4	41	5	11	18	60	12	55	
19	40	1	73	0	68	16	59	17	17	7	53	13	55	18	19	
9	19	1	44	11	65	13	29	2	72	
4	44	3	23	5	27	9	16	1	56	
7	75	8	59	6	30	11	23	16	70	18	31	12	14	10	38	
17	52	3	18	4	11	0	74	16	20	2	70	8	30	18	49	15	66	11	41	10	43	14	63	
19	66	11	72	9	38	8	62	16	22	18	4	3	56	10	17	
14	21	3	27	7	72	1	31	12	70	10	19	8	50	
17	73	6	54	14	75	3	26	19	40	15	21	
3	3	13	15	0	18	8	71	19	4	15	60	16	5	
12	27	6	57	16	72	9	29	1	65	2	20	7	28	5	9	10	5	11	19	
2	31	13	30	0	35	10	67	11	4	9	50	17	24	14	65	5	34	19	58	
0	57	3	2	7	60	6	59	8	34	9	9	10	44	5	50	
12	17	1	18	19	45	13	75	4	74	17	54	10	52	11	32	
9	30	8	44	12	56	11	4	17	50	6	70	10	34	1	6	7	40	18	64	4	68	
17	33	7	68	0	73	4	31	13	2	15	54	12	14	
1	68	12	72	9	9	10	54	7	50	3	49	13	7	8	5	0	30	17	16	
7	46	18	64	0	1	10	16	19	62	3	37	2	2	11	56	6	40	8	69	16	9	
9	49	1	8	13	68	2	53	15	25	
11	68	6	1	17	20	2	44	10	2	14	7	19	28	9	73	7	43	15	75	
16	67	6	57	15	44	5	20	13	38	14	60	3	66	
5	42	6	9	9	15	11	54	16	30	
15	56	6	25	19	12	0	14	10	41	
8	51	11	62	3	37	15	50	18	45	17	43	19	17	2	5	14	27	4	74	0	30	
1	51	5	66	19	52	2	22	14	38	18	12	10	3	11	44	3	16	7	47	
8	12	15	35	0	47	4	31	14	6	11	28	10	37	
12	61	13	37	10	9	9	55	19	66	3	59	2	25	
11	45	7	16	6	59	15	13	13	34	9	8	10	66	0	21	3	5	1	23	
12	52	11	40	13	70	7	15	5	59	10	30	
9	60	8	25	13	22	7	30	0	67	12	21	16	41	6	33	15	24	
15	20	13	38	18	67	0	25	8	57	11	61	2	19	16	3	
19	30	7	12	3	4	18	26	2	28	13	63	8	29	
5	33	19	40	18	9	16	22	1	20	17	62	3	19	14	75	0	49	

All component type numbers for each job to be processed by MFPM
6	15	7	23	5	10	1	18	
0	33	6	26	
5	2	8	25	
7	49	1	30	5	33	8	34	2	48	
4	13	
9	32	3	28	
7	4	9	5	1	2	8	6	
8	29	3	30	
1	21	
3	46	0	39	5	30	
3	15	7	2	5	20	1	23	
8	40	
0	21	8	7	4	19	
3	27	8	29	7	42	5	26	4	35	
3	10	4	22	8	24	2	4	
5	32	
2	17	8	5	6	19	
2	32	1	47	
6	21	
4	38	1	32	3	45	
3	9	1	4	4	7	5	22	
9	27	3	32	8	29	5	47	
0	13	3	10	1	8	9	6	4	19	
7	48	
1	11	9	21	0	9	
3	31	8	40	6	36	4	46	
6	5	1	23	5	25	2	3	
0	31	7	40	
0	9	6	5	8	15	2	20	
9	33	3	42	2	49	5	35	
2	14	7	19	3	12	
0	29	
9	16	7	21	
2	29	
4	4	2	21	3	11	
2	41	
3	22	9	3	2	21	7	13	
8	28	0	34	
9	2	7	23	0	6	4	13	
6	47	3	37	0	46	
1	5	6	18	5	3	0	17	2	16	
1	34	6	33	9	31	4	28	7	50	
4	2	1	5	8	17	
1	33	5	32	6	27	
2	12	5	13	3	2	
7	37	5	34	6	39	9	50	
3	6	2	18	0	19	9	9	
7	45	9	43	0	42	5	27	
6	6	8	25	7	4	1	9	9	12	
7	41	8	37	
9	25	1	22	8	9	
7	31	1	36	4	26	5	48	
0	22	
5	28	3	43	7	45	
7	19	
7	31	
8	18	
7	47	2	41	5	29	
9	19	
7	42	3	37	
9	25	6	2	3	24	7	3	5	12	
4	40	2	34	7	33	1	35	6	49	
5	11	6	18	7	13	8	21	
2	34	
9	7	8	13	
2	47	
0	10	4	20	1	22	
9	28	
0	1	4	21	3	17	1	3	
8	40	3	39	5	42	1	27	
2	12	0	23	8	17	9	24	
3	32	4	30	8	50	2	42	9	26	
4	12	7	22	0	18	2	13	
8	30	9	33	
9	5	8	6	
8	33	7	37	1	41	4	30	
1	18	7	9	
3	29	9	33	8	28	1	26	
0	21	2	10	8	9	3	20	
2	43	9	41	
0	19	8	22	5	15	6	16	7	2	
1	44	7	33	
7	15	6	16	5	3	0	4	3	19	
6	42	2	32	3	31	
7	17	8	11	4	14	6	24	
9	36	
0	13	2	5	1	1	
6	36	0	45	7	26	
9	3	6	16	0	17	
6	29	2	37	9	39	1	26	5	45	
3	11	0	1	
8	36	
8	14	6	5	1	3	2	24	
7	31	
5	12	
1	38	
4	2	1	25	9	12	2	23	
5	49	2	43	3	28	9	35	
5	23	0	20	9	14	6	25	3	18	
3	50	8	41	
3	3	5	12	1	25	9	17	4	7	
7	26	
9	7	
7	33	5	28	0	36	9	26	1	38	
6	22	0	12	
5	26	
4	13	1	20	0	6	5	22	7	7	
8	31	7	28	
5	8	3	6	
5	47	
4	19	3	6	2	17	
2	49	7	42	
2	22	3	11	
2	45	6	37	1	47	0	42	8	36	
0	3	9	18	4	8	
1	28	9	49	3	27	8	47	7	44	
3	13	6	8	8	18	
6	47	3	29	4	39	
9	18	
3	36	5	40	
8	24	6	7	1	19	
4	33	7	31	1	29	8	41	
9	12	7	25	1	4	
9	50	0	49	6	40	
5	10	7	16	2	24	6	25	
6	26	7	49	9	30	
4	14	
7	35	4	49	
7	6	3	10	5	12	
4	36	3	45	7	38	
0	2	5	1	
9	45	6	42	
7	16	
4	26	5	49	0	30	
5	11	3	17	
5	50	2	26	
9	3	2	14	
9	42	8	41	7	43	4	33	
2	7	8	2	7	9	3	17	5	10	
5	35	1	44	6	45	7	26	
6	6	5	18	9	21	
0	31	8	42	6	40	7	39	
0	1	3	18	6	9	2	8	
7	30	1	43	
7	7	0	9	1	20	
0	29	2	27	7	32	8	39	1	33	
7	24	1	15	6	14	
0	46	2	29	4	48	
3	13	2	14	9	5	6	24	
3	36	8	27	5	30	
9	21	
2	33	3	27	1	30	8	38	9	31	
4	23	9	7	0	19	
0	33	7	29	
3	22	1	7	2	9	6	16	
5	31	
9	9	7	15	8	1	4	18	
7	48	9	34	
8	23	1	3	4	5	7	17	
1	26	3	40	0	28	9	33	
7	5	
1	47	8	34	5	48	9	35	4	30	
3	23	6	7	4	10	0	9	5	1	
2	47	
8	14	3	10	6	7	5	21	
8	49	3	44	4	35	7	45	6	39	
4	23	
5	32	9	44	6	27	0	41	1	39	
3	7	9	2	8	24	6	10	
2	35	8	28	4	49	0	48	3	38	
2	23	9	13	1	17	4	9	8	18	
2	28	7	26	8	32	0	44	1	45	
1	25	4	1	6	20	9	14	
0	44	8	43	
9	7	
6	32	9	26	
5	14	8	13	7	1	
4	49	8	29	
8	21	
5	40	7	27	
5	25	3	20	
4	31	
0	1	
9	43	7	41	
4	24	
0	38	8	36	6	29	5	30	
3	9	
4	30	3	42	7	38	2	29	6	43	
8	25	0	1	
2	42	9	49	
6	14	9	22	7	7	3	24	
4	43	5	38	1	45	6	50	
0	1	3	22	
9	47	
1	13	0	7	2	4	3	2	
3	39	
9	21	5	6	6	9	0	23	
7	45	3	38	
7	15	5	20	9	18	1	12	
8	45	2	37	6	33	3	34	
9	11	1	10	
0	26	6	48	5	30	3	42	
6	4	7	22	9	11	
8	28	
5	7	
3	37	1	28	2	34	0	46	
3	3	2	1	
9	44	
7	19	0	18	2	20	1	3	
9	43	0	37	8	45	4	29	
5	13	9	8	6	12	
5	26	0	49	4	42	6	48	3	32	
1	16	7	20	9	13	5	10	0	4	
9	34	
8	7	1	13	
3	50	7	40	5	30	2	45	9	37	
6	2	9	4	0	5	4	20	
7	37	3	42	5	43	6	27	2	38	
2	3	3	23	9	2	8	25	
3	47	4	43	8	33	0	49	
2	14	0	16	3	8	
5	39	
8	8	5	5	4	6	
1	32	
7	13	3	14	6	8	9	20	
1	47	7	43	5	42	8	39	0	27	
1	14	9	15	7	18	
0	47	6	48	7	27	2	31	8	40	
9	22	5	19	4	12	0	1	
3	47	7	35	0	34	
0	18	
6	41	7	30	2	43	9	28	
8	22	1	6	2	14	4	18	
9	46	1	45	4	37	0	44	
9	16	8	18	5	22	7	23	
4	29	
2	24	
9	30	1	45	8	46	5	47	
2	3	6	12	4	1	8	16	9	9	
9	44	5	39	
6	15	3	25	5	16	0	23	
4	46	8	42	6	29	2	30	
6	20	8	12	
5	46	
6	15	9	22	4	18	7	4	0	16	
7	33	
4	21	1	23	2	22	3	20	6	14	
5	31	1	38	2	30	7	37	
4	8	
9	34	7	36	8	26	2	29	
3	12	5	22	6	21	9	10	
7	47	6	44	0	50	2	28	4	29	
4	6	0	15	6	8	5	3	
8	38	6	27	
9	2	4	13	
2	46	5	34	
7	8	0	23	9	10	
6	38	7	50	5	31	8	47	1	29	
8	15	
5	33	
8	21	1	13	3	10	
1	38	5	36	
2	22	
1	27	7	35	4	38	
4	5	0	8	3	21	6	15	
9	48	0	45	2	44	5	49	3	36	
0	18	2	12	1	11	7	2	
8	41	2	49	
2	6	
4	28	9	30	1	27	
1	7	9	10	0	21	2	4	5	24	
8	28	2	27	1	45	0	36	6	44	
6	21	4	3	9	7	0	19	7	2	
6	43	4	49	
0	24	
6	35	3	31	1	39	
5	23	
2	40	8	32	
9	25	8	7	6	18	
4	46	
6	1	5	21	1	16	7	15	3	8	
5	43	7	45	4	46	3	28	
0	20	3	2	9	9	8	3	
5	39	4	38	3	42	2	36	
6	15	8	8	7	6	
7	28	9	37	1	47	5	38	
7	25	3	10	
8	42	3	35	
5	6	1	12	9	16	7	17	
5	32	4	29	7	40	1	43	8	45	
5	6	0	5	8	15	4	16	7	12	
3	37	5	45	1	31	2	28	
0	12	9	20	1	16	2	13	
1	50	7	30	4	27	
6	3	
3	29	4	32	9	42	
9	4	7	8	1	12	
3	45	
9	6	
6	31	0	33	7	46	
4	16	
2	38	
3	4	
5	34	
6	13	7	6	1	24	2	16	5	21	
1	47	2	42	7	48	3	27	9	28	
2	3	0	21	1	4	
8	43	7	50	
7	4	8	2	6	12	5	19	
1	45	8	30	
8	9	0	22	
6	45	9	36	
9	7	
7	50	
9	9	2	15	
8	42	9	35	
6	25	9	5	5	1	1	22	3	10	
6	29	3	42	8	45	
0	19	4	5	6	24	1	6	
7	28	6	26	
8	13	7	6	
7	30	8	26	3	36	
5	8	7	17	
6	30	
3	22	9	4	8	16	1	19	2	9	
3	46	1	30	2	48	
6	25	7	4	8	11	4	7	
6	43	1	46	4	49	9	35	
7	17	
4	41	5	37	7	46	1	38	
5	11	6	18	
1	42	2	50	7	28	3	30	
3	24	0	16	6	21	2	3	5	17	
9	32	7	49	
0	6	6	16	
8	41	2	31	3	43	7	28	
0	21	4	19	7	12	9	13	
0	40	7	43	5	31	
0	3	2	11	8	21	5	24	
1	33	6	42	3	36	7	49	
2	3	
9	27	8	50	
0	12	3	6	4	7	2	24	9	21	
9	26	7	50	8	39	
2	9	4	25	1	11	8	24	6	22	
1	38	5	46	
5	4	2	23	
8	44	1	47	6	38	3	32	0	34	
0	18	6	16	8	24	4	20	
8	27	4	46	5	33	9	30	2	36	
7	20	
0	44	1	41	3	29	9	28	
3	21	5	2	4	4	7	18	
4	39	3	50	2	47	6	27	
3	13	
0	26	
5	22	
5	47	8	43	7	48	2	49	
2	1	1	10	
4	49	
7	25	1	7	8	8	
2	26	7	29	
7	11	0	16	9	5	
1	26	7	44	8	41	
9	8	2	11	
4	37	0	39	1	49	
5	18	
1	31	
2	6	
8	32	0	26	1	27	
7	18	6	24	
9	41	2	34	8	48	0	46	
2	17	8	1	3	15	
8	36	
8	22	0	1	7	13	5	14	4	16	
4	41	9	47	8	31	2	34	6	36	
0	15	
3	46	
0	15	
0	49	
7	4	9	23	4	25	6	9	0	17	
8	50	2	39	9	47	0	27	5	35	
6	18	1	21	3	17	
0	34	7	26	
0	5	
6	45	0	39	2	46	5	49	1	37	
6	2	4	1	5	7	1	10	0	5	
2	40	8	26	7	47	0	43	1	42	
4	6	
9	39	
3	23	2	18	4	22	8	2	
8	26	7	41	
0	22	7	17	8	19	9	24	5	8	
1	34	8	40	
7	24	
4	29	7	39	
3	1	9	9	2	3	
9	29	
1	24	2	10	4	12	0	6	9	15	
5	30	0	35	

Three processing times per job on each machine
The best scenario
84	156	106	
219	135	89	
206	86	75	
109	204	101	
290	172	155	
187	185	120	
192	222	142	
65	24	45	
90	130	86	
67	68	55	
118	138	231	
112	264	160	
40	53	32	
63	92	128	
31	15	60	
50	154	81	
188	129	124	
126	159	111	
259	253	78	
34	35	18	
92	191	176	
148	251	175	
305	142	466	
197	241	440	
79	69	37	
81	92	44	
71	57	65	
12	26	17	
456	266	484	
165	161	459	
15	28	57	
196	118	248	
40	21	23	
72	98	162	
30	26	44	
144	170	75	
294	253	377	
76	43	103	
41	38	30	
337	95	110	
293	140	219	
215	367	276	
84	153	94	
14	17	10	
152	230	379	
34	155	139	
153	82	77	
286	340	318	
184	162	166	
159	93	99	
213	100	269	
347	337	146	
181	382	144	
21	57	46	
65	77	64	
72	96	70	
302	484	198	
30	61	64	
47	24	26	
144	54	98	
58	106	135	
152	107	185	
33	17	24	
168	250	211	
173	324	65	
229	99	68	
160	117	134	
61	64	119	
100	86	79	
43	23	36	
115	188	248	
153	248	187	
158	152	266	
187	179	205	
27	29	44	
150	128	88	
68	229	66	
291	194	361	
238	220	212	
68	85	101	
27	18	19	
45	55	86	
55	61	27	
61	71	41	
247	153	237	
130	193	150	
204	235	292	
53	82	98	
111	76	93	
371	171	430	
177	183	205	
120	52	73	
68	48	96	
163	187	298	
157	232	109	
141	141	38	
353	361	173	
331	357	271	
282	321	110	
206	195	202	
140	93	130	
166	257	209	
328	274	228	
160	33	61	
271	247	147	
35	28	31	
72	82	36	
95	202	395	
63	29	21	
169	127	188	
123	71	124	
74	434	233	
73	93	43	
56	244	247	
90	267	193	
215	148	115	
136	418	121	
410	267	339	
22	97	127	
25	150	36	
251	165	361	
94	78	114	
58	93	101	
241	124	215	
299	221	120	
139	284	185	
104	58	183	
304	250	144	
306	242	110	
114	171	119	
229	205	288	
164	199	450	
256	221	164	
125	196	119	
109	92	195	
95	40	41	
103	555	202	
307	362	227	
214	69	169	
93	73	129	
201	118	105	
23	36	36	
194	176	419	
99	75	22	
85	92	208	
143	172	146	
97	268	149	
298	321	220	
121	46	143	
89	73	132	
98	330	289	
305	207	172	
41	42	32	
41	101	45	
34	46	98	
399	246	277	
23	31	30	
40	23	58	
282	181	129	
273	274	296	
195	55	98	
109	137	132	
73	175	176	
293	244	363	
20	40	44	
133	117	111	
529	416	285	
52	40	110	
203	163	203	
51	31	41	
46	36	89	
324	337	117	
174	355	442	
86	63	106	
57	55	85	
302	241	97	
53	86	179	
138	416	322	
47	33	80	
78	162	382	
138	287	123	
421	121	251	
116	168	236	
121	242	212	
83	312	76	
40	151	69	
259	137	216	
324	299	269	
249	275	220	
455	288	128	
296	161	193	
46	152	96	
445	131	137	
364	125	192	
45	83	147	
133	51	194	
254	371	208	
265	144	200	
50	125	103	
118	72	52	
Most likely scenario
115	233	178	
228	206	122	
284	87	81	
174	371	176	
384	279	163	
239	191	125	
303	281	145	
72	29	55	
151	137	120	
98	121	73	
188	139	291	
204	384	215	
47	56	55	
126	103	154	
61	23	62	
67	187	115	
307	240	154	
217	208	136	
380	348	136	
36	39	32	
109	230	264	
254	282	212	
380	165	535	
361	355	495	
104	130	69	
84	113	51	
103	91	76	
15	35	25	
489	335	625	
241	165	572	
30	52	61	
226	140	252	
71	38	38	
110	183	242	
39	45	63	
229	295	146	
404	430	429	
142	57	120	
51	54	36	
346	127	171	
474	187	273	
272	449	400	
113	223	151	
22	22	17	
249	331	419	
66	173	195	
177	145	149	
353	476	549	
253	240	172	
221	146	124	
322	182	342	
398	420	187	
234	388	222	
41	73	72	
77	106	121	
106	149	132	
379	549	255	
57	65	73	
60	29	31	
145	92	122	
89	154	222	
179	181	231	
53	32	48	
196	263	413	
209	364	112	
257	110	102	
274	191	136	
73	125	125	
157	94	99	
60	27	44	
129	300	277	
169	457	209	
279	177	372	
233	192	403	
37	37	70	
215	144	176	
96	232	131	
445	203	444	
371	287	397	
135	105	102	
31	26	38	
60	67	140	
81	101	40	
67	83	63	
390	279	300	
243	350	164	
372	405	293	
85	108	105	
126	129	103	
514	274	454	
182	247	210	
215	70	139	
110	88	120	
240	274	328	
297	289	115	
155	153	57	
414	437	220	
536	525	302	
368	574	192	
360	213	209	
251	105	166	
178	268	257	
496	322	235	
185	46	110	
427	343	157	
48	56	54	
92	114	37	
156	380	447	
67	46	38	
173	190	307	
134	135	202	
110	457	269	
87	123	53	
81	318	258	
99	307	250	
339	291	123	
157	473	203	
481	336	430	
37	120	142	
47	173	51	
256	277	382	
123	95	179	
107	111	123	
271	193	269	
392	231	142	
159	463	242	
163	95	257	
334	426	183	
385	406	126	
144	225	121	
257	301	326	
173	218	458	
453	229	188	
157	251	148	
126	135	226	
100	56	59	
201	560	320	
338	377	325	
239	126	201	
104	143	196	
248	211	131	
29	49	37	
294	306	551	
102	76	27	
89	104	221	
220	275	161	
144	294	162	
375	589	360	
147	80	161	
128	107	179	
102	364	411	
439	341	255	
75	77	46	
45	161	59	
57	51	152	
579	309	551	
25	44	36	
72	39	98	
318	341	131	
436	352	333	
199	91	163	
202	203	199	
123	254	240	
374	488	403	
24	48	51	
152	226	145	
580	578	454	
98	80	112	
206	185	217	
65	50	67	
47	41	102	
395	405	204	
264	385	515	
141	68	159	
113	64	114	
361	331	136	
94	104	297	
214	476	496	
62	54	134	
149	247	429	
182	314	156	
435	194	277	
145	249	262	
161	346	356	
101	364	92	
77	222	115	
402	214	365	
493	303	470	
373	504	234	
539	409	147	
376	209	231	
86	180	117	
451	247	252	
370	152	262	
48	135	162	
194	63	221	
395	576	209	
403	273	312	
60	128	111	
150	104	82	
The worst scenario
163	311	257	
330	264	143	
373	110	87	
181	478	232	
497	369	221	
257	225	180	
366	406	162	
94	42	74	
223	203	176	
115	162	91	
254	197	393	
223	563	223	
58	71	67	
168	112	220	
79	26	83	
95	247	130	
337	251	164	
323	210	166	
413	453	155	
48	49	39	
142	254	391	
324	423	312	
382	174	573	
382	481	609	
133	163	82	
90	164	60	
108	100	87	
20	43	37	
502	456	894	
351	242	629	
36	58	72	
267	172	348	
76	51	40	
150	215	351	
54	55	74	
299	442	191	
543	593	471	
164	67	175	
52	57	53	
441	177	219	
640	229	381	
354	603	501	
145	317	193	
25	24	24	
349	470	625	
81	235	254	
265	155	203	
406	541	689	
320	353	194	
233	202	138	
345	206	490	
413	531	233	
277	489	333	
44	81	75	
100	107	139	
128	197	164	
552	626	300	
73	73	101	
71	37	41	
156	137	138	
132	205	260	
196	231	245	
63	42	49	
284	343	462	
279	484	124	
324	153	144	
350	194	170	
104	147	174	
213	140	145	
61	33	57	
139	419	406	
217	670	273	
327	264	471	
307	286	452	
53	42	84	
224	199	222	
112	304	136	
558	302	641	
527	353	523	
145	144	132	
33	27	44	
67	72	167	
101	140	48	
83	106	76	
440	309	356	
323	524	204	
509	553	394	
97	162	133	
184	182	154	
631	411	573	
262	352	243	
242	99	147	
146	110	167	
252	325	357	
412	365	167	
209	210	58	
564	524	276	
691	622	322	
480	706	239	
491	319	222	
352	130	246	
231	295	349	
739	381	345	
219	51	151	
551	382	224	
63	84	70	
115	135	39	
197	469	563	
71	47	43	
181	233	370	
141	184	239	
152	608	383	
91	143	66	
84	472	355	
148	323	360	
463	422	180	
225	562	296	
504	402	557	
42	147	193	
54	257	59	
381	370	410	
174	120	247	
134	136	141	
371	283	339	
566	258	208	
177	590	245	
239	133	369	
356	544	224	
481	589	139	
149	333	136	
374	343	453	
194	243	624	
526	329	265	
167	341	149	
174	177	310	
124	79	73	
293	745	358	
466	529	326	
328	169	283	
149	211	253	
308	251	168	
41	55	47	
359	459	800	
139	85	32	
93	126	247	
257	374	201	
185	353	241	
531	872	404	
212	105	213	
175	137	194	
144	540	436	
617	393	317	
93	85	64	
60	168	62	
68	56	161	
842	359	712	
26	53	39	
102	47	137	
424	369	154	
539	382	425	
268	101	178	
267	238	238	
174	288	267	
445	526	554	
25	62	67	
191	247	152	
714	651	562	
142	93	116	
228	255	302	
85	65	74	
53	60	109	
460	473	301	
313	425	569	
176	76	188	
124	87	151	
494	353	153	
128	106	389	
255	501	598	
74	68	183	
172	294	483	
272	406	173	
444	244	405	
195	360	366	
180	473	431	
139	388	97	
88	270	151	
550	272	513	
537	322	693	
548	698	239	
735	550	155	
475	252	290	
123	228	144	
456	255	321	
467	191	345	
60	187	207	
198	81	311	
434	778	229	
521	281	435	
87	138	125	
224	128	93	
