Factories	4	Jobs	100	Machines	2

Total number of component types per job processed by HSPM
11	6	9	7	7	11	11	8	12	9	9	7	11	6	7	9	7	6	8	9	12	7	12	8	10	11	5	12	7	5	6	7	11	7	5	9	5	12	10	8	7	9	8	8	5	10	5	6	12	10	5	9	9	10	11	11	7	6	10	11	5	5	8	7	7	8	12	9	11	12	10	7	7	11	5	8	10	7	5	11	8	9	9	10	10	9	6	7	5	7	8	6	9	10	8	12	5	7	8	6	

Total number of component types per job processed by MFPM
5	1	5	3	1	1	2	1	1	3	2	4	3	1	5	1	5	5	4	3	5	5	1	2	5	2	4	5	4	1	2	1	5	2	2	4	4	3	3	2	2	2	3	5	3	2	2	3	3	1	4	2	3	5	1	2	2	2	5	4	3	5	3	2	5	1	1	5	1	1	3	2	1	4	2	3	4	3	3	4	4	2	4	2	3	1	1	3	3	4	3	5	5	4	3	4	3	5	4	3	

All component type numbers for each job to be processed by HSPM
13	31	6	22	8	14	7	72	0	11	12	46	10	26	3	68	9	35	1	28	18	34	
4	10	16	29	14	7	2	63	10	74	18	53	
15	26	10	27	18	34	2	43	3	18	11	51	6	61	12	28	0	30	
19	51	7	45	2	30	3	73	5	21	4	9	15	42	
3	47	18	54	1	6	13	68	5	44	10	57	0	75	
9	19	7	66	18	43	12	51	6	1	17	22	15	55	1	14	2	59	14	57	5	13	
6	5	5	7	12	6	19	22	13	71	0	52	4	60	9	37	11	57	18	3	1	39	
7	37	6	67	3	47	14	15	13	22	15	13	18	28	16	65	
7	41	6	62	11	5	18	27	2	14	15	23	13	32	14	28	5	46	8	47	3	66	9	55	
8	8	14	65	11	19	6	62	15	60	3	53	0	33	9	32	4	28	
13	49	5	61	1	58	17	47	19	18	7	6	14	73	16	1	2	20	
13	36	18	37	19	75	12	70	7	31	15	24	16	9	
18	53	14	13	19	46	15	10	11	4	8	29	16	49	10	65	17	61	4	12	2	26	
1	1	9	66	13	36	6	3	4	42	15	40	
15	60	3	68	17	70	18	9	11	59	8	55	16	46	
10	33	0	3	3	38	1	5	6	56	2	57	11	20	15	36	4	35	
19	65	11	39	5	5	7	9	18	37	17	15	14	3	
7	67	4	42	16	7	5	75	11	9	19	63	
10	69	12	45	14	12	1	31	2	32	13	33	9	2	6	16	
18	3	1	66	6	73	5	62	15	52	13	50	9	6	16	28	14	39	
13	67	4	40	18	52	17	54	0	48	6	31	9	18	5	2	2	38	12	7	3	20	7	13	
17	40	12	41	4	56	19	36	0	13	13	33	2	8	
8	73	2	37	18	74	4	48	16	70	9	57	3	32	0	12	17	4	12	34	5	17	7	61	
12	72	15	67	13	61	11	29	9	46	7	53	8	40	19	7	
6	28	17	7	16	12	2	64	12	27	14	61	0	69	5	58	7	1	15	68	
1	72	3	35	5	50	18	33	8	45	0	34	13	5	11	23	19	40	16	52	14	46	
9	28	6	37	5	30	14	32	11	40	
7	40	17	18	12	29	10	69	14	68	18	27	9	4	3	1	0	5	16	45	15	31	1	48	
1	24	6	73	9	42	12	54	17	48	4	6	10	51	
19	59	14	24	13	23	7	26	18	39	
6	48	18	1	8	22	11	63	9	72	12	3	
1	70	4	65	8	69	7	15	2	11	11	14	19	25	
7	11	16	67	9	18	11	69	15	63	2	40	6	48	1	52	8	12	5	59	10	68	
16	69	11	4	15	67	14	62	13	38	12	66	0	11	
5	8	17	35	11	65	9	38	3	12	
3	45	11	2	12	33	16	26	2	65	13	58	19	50	5	24	15	59	
6	3	16	44	13	23	0	68	2	57	
5	32	2	57	18	10	17	23	4	26	11	73	12	43	19	71	14	29	13	22	15	14	10	53	
19	16	16	73	11	40	13	66	3	7	17	26	9	6	2	41	5	17	10	19	
5	11	2	27	10	33	17	50	6	47	0	5	12	6	18	46	
10	63	4	15	17	75	14	61	11	22	13	46	16	32	
14	12	13	68	6	73	0	14	8	41	16	2	1	31	9	49	11	40	
10	59	2	49	7	55	3	38	17	27	6	64	11	62	12	68	
11	23	14	62	19	39	17	35	15	8	1	21	10	46	9	27	
9	74	3	27	4	48	12	46	1	8	
2	45	15	31	9	37	16	8	11	5	13	14	10	71	3	73	8	6	18	61	
6	8	11	6	13	4	2	18	15	13	
13	59	9	73	11	9	6	24	4	30	3	46	
16	43	12	73	4	42	17	74	7	13	5	15	9	29	3	67	18	1	19	5	15	21	1	38	
16	57	14	23	3	48	19	52	18	18	2	13	0	36	17	45	10	68	1	61	
7	49	18	12	0	21	4	40	17	75	
4	68	0	25	11	10	17	53	6	11	16	1	3	6	7	24	15	19	
11	16	3	48	17	1	18	23	5	32	15	68	8	12	16	19	10	53	
10	68	13	44	8	2	5	12	4	20	16	49	11	59	0	16	7	56	1	60	
6	72	12	34	0	18	9	17	4	45	3	64	14	65	10	73	18	61	19	24	13	43	
19	18	14	13	15	73	10	43	17	16	1	12	18	60	5	11	8	2	11	14	6	35	
9	24	1	72	8	37	17	47	3	34	19	73	10	21	
19	3	8	18	0	48	1	5	3	49	15	59	
3	18	4	72	8	7	17	30	2	73	16	64	6	53	9	6	10	9	5	24	
18	60	6	30	7	38	0	19	16	51	2	75	19	6	9	31	3	53	11	15	14	56	
13	53	15	22	10	29	9	50	4	37	
7	37	4	20	2	73	11	30	18	69	
16	18	18	43	15	36	14	35	13	2	12	9	9	16	11	72	
4	14	6	35	18	4	3	47	11	34	13	27	1	70	
6	64	11	28	9	17	19	48	4	36	12	63	14	39	
14	29	2	37	17	4	7	2	1	39	6	47	12	74	3	22	
13	34	17	55	3	52	8	53	0	36	4	44	10	66	18	48	2	70	19	7	5	58	15	14	
12	58	8	51	15	39	19	15	5	60	3	16	0	72	11	45	17	32	
4	28	9	69	16	38	19	36	10	54	15	66	1	13	14	55	11	39	18	22	2	21	
1	30	6	46	3	2	18	36	14	41	19	64	2	20	4	42	8	53	16	35	12	50	15	55	
3	47	8	44	9	75	10	13	2	68	11	72	4	42	7	71	0	69	13	33	
3	21	5	75	10	36	19	62	18	32	17	50	4	53	
6	45	13	68	18	75	8	7	7	37	2	22	0	69	
19	30	10	1	18	71	17	29	3	37	9	24	14	73	8	25	5	52	1	17	15	9	
16	17	14	60	1	32	12	39	19	61	
15	24	4	46	7	55	16	12	18	41	19	51	6	65	2	70	
6	61	17	56	15	38	10	69	0	45	7	41	13	1	19	43	16	37	4	22	
13	29	19	59	11	46	1	71	15	67	5	35	6	65	
14	56	8	53	7	69	3	27	6	47	
11	5	2	50	0	72	9	65	4	1	7	38	1	43	16	71	14	48	3	30	18	10	
11	61	6	70	8	55	17	12	10	22	14	72	5	10	19	44	
4	42	3	55	9	12	14	57	8	11	11	21	1	59	19	17	12	60	
4	58	1	71	8	55	3	59	14	13	5	5	13	74	18	19	9	28	
3	42	12	56	6	2	7	73	11	33	1	27	2	26	17	21	18	50	19	3	
4	37	10	39	14	33	12	15	2	50	13	57	18	28	17	52	16	22	8	41	
7	53	13	51	1	33	2	6	16	20	9	16	18	47	0	2	17	37	
8	52	14	53	3	58	11	41	4	61	9	4	
17	51	12	31	11	62	16	71	0	20	7	43	6	22	
14	28	17	68	0	60	10	42	9	54	
10	32	2	50	19	47	8	75	14	23	12	43	0	20	
3	11	11	6	14	20	7	67	12	30	2	18	13	38	16	36	
19	60	11	8	2	31	14	34	12	61	18	54	
6	17	17	45	1	63	14	9	7	75	9	21	10	70	5	53	12	56	
3	31	6	57	12	23	0	34	11	21	19	4	8	59	9	42	15	30	13	70	
5	36	12	64	0	62	1	26	17	41	4	30	8	20	16	31	
11	56	3	20	5	30	17	53	6	21	2	41	12	16	9	37	1	27	8	26	10	19	13	14	
16	12	2	29	10	8	9	15	5	20	
19	62	14	53	11	36	5	47	3	6	13	21	17	68	
8	18	1	11	4	65	11	7	18	38	9	4	17	34	7	44	
12	40	11	37	18	2	19	71	9	56	5	21	

All component type numbers for each job to be processed by MFPM
6	19	1	23	3	25	4	17	7	11	
8	17	
0	12	2	17	1	15	9	21	3	11	
7	18	1	7	9	15	
1	7	
1	4	
5	6	3	17	
5	20	
2	24	
8	16	3	24	0	22	
0	9	9	10	
3	10	0	9	9	12	7	14	
0	12	1	20	6	21	
5	20	
5	20	3	23	9	5	4	11	8	8	
0	20	
4	16	2	2	6	15	5	10	9	12	
1	12	0	11	3	5	5	25	9	9	
3	24	1	9	6	15	2	5	
0	21	9	1	5	6	
3	12	2	23	7	19	1	17	4	11	
3	21	0	12	1	16	8	11	5	5	
5	14	
1	15	3	10	
9	3	1	6	3	24	0	16	4	1	
2	13	6	1	
2	20	9	14	8	11	0	7	
9	22	0	24	8	18	7	12	6	9	
9	12	4	16	2	7	0	8	
7	4	
0	1	8	10	
2	9	
4	22	2	19	8	18	7	13	9	5	
0	1	1	16	
1	3	4	1	
9	12	2	10	8	9	6	24	
5	14	8	2	7	23	4	19	
3	3	9	11	4	18	
6	4	3	5	0	14	
7	19	4	15	
5	6	2	13	
2	19	8	1	
8	16	6	15	0	13	
6	5	3	3	8	4	4	19	5	20	
1	22	3	14	9	12	
1	16	5	1	
3	13	5	21	
3	16	6	18	1	6	
5	17	2	9	0	8	
0	11	
4	7	6	24	3	11	7	13	
5	1	9	19	
2	2	4	9	3	6	
1	2	6	12	8	9	9	18	7	17	
8	4	
0	22	9	25	
5	7	2	9	
2	4	3	15	
9	14	7	13	8	10	3	21	0	1	
0	7	8	25	5	4	1	2	
5	16	0	21	1	9	
0	15	8	3	5	23	7	18	9	12	
6	18	9	1	5	21	
7	2	0	10	
4	5	7	20	3	4	1	17	9	2	
9	13	
4	12	
1	3	2	22	8	21	4	23	3	9	
6	2	
8	11	
3	22	1	11	4	19	
5	19	1	10	
9	1	
7	7	0	4	1	23	2	13	
7	18	2	1	
0	5	3	1	9	19	
5	24	4	22	0	16	3	12	
5	3	2	22	9	13	
6	25	4	23	9	11	
2	11	0	14	4	9	7	22	
1	2	4	11	5	14	2	21	
1	16	4	4	
4	18	9	20	0	25	2	19	
4	6	7	2	
3	6	8	8	7	21	
7	23	
1	4	
9	5	0	25	5	21	
8	11	7	19	2	23	
0	13	6	21	5	23	1	14	
6	16	9	3	7	17	
2	4	6	19	5	15	3	2	1	18	
4	10	7	16	6	18	5	20	3	12	
3	20	1	9	0	12	4	21	
2	6	9	2	7	15	
1	9	8	20	3	16	9	25	
8	10	5	21	3	11	
6	11	9	7	3	22	7	14	1	15	
5	20	3	5	4	15	0	17	
3	19	7	16	9	10	

Three processing times per job on each machine
The best scenario
521	827	
570	295	
706	250	
415	844	
774	636	
837	385	
210	113	
594	685	
137	126	
57	107	
566	276	
340	286	
223	147	
140	126	
568	643	
326	767	
60	181	
935	273	
597	286	
933	1324	
526	415	
118	112	
611	351	
269	326	
643	485	
997	427	
975	745	
738	694	
692	219	
143	131	
244	123	
286	224	
85	36	
34	134	
87	133	
127	90	
522	894	
326	214	
104	200	
527	465	
123	374	
50	88	
349	141	
415	213	
273	538	
180	67	
289	405	
130	162	
468	773	
302	654	
157	312	
557	763	
313	307	
419	211	
198	440	
175	186	
425	870	
107	477	
551	691	
608	301	
79	98	
531	1128	
231	220	
146	88	
250	458	
86	75	
386	885	
119	350	
380	147	
225	80	
72	96	
552	305	
116	198	
181	146	
365	178	
409	105	
41	135	
725	323	
340	773	
414	144	
782	929	
87	325	
644	237	
410	500	
802	355	
702	437	
401	420	
171	235	
302	289	
296	654	
648	304	
110	441	
326	587	
207	306	
193	463	
146	234	
524	388	
28	54	
225	147	
339	275	
Most likely scenario
709	910	
819	515	
925	440	
668	1217	
860	1255	
848	416	
235	140	
709	724	
221	137	
61	126	
997	526	
368	404	
242	152	
233	149	
952	713	
331	1157	
82	256	
1014	486	
681	371	
1344	1522	
585	629	
123	176	
814	449	
299	396	
1183	583	
1066	468	
992	779	
808	945	
825	370	
161	153	
297	140	
309	261	
87	62	
50	142	
123	149	
165	124	
788	958	
497	401	
127	206	
570	605	
146	507	
87	168	
461	239	
440	256	
336	811	
218	115	
295	648	
249	304	
694	1087	
309	714	
296	437	
775	828	
371	506	
557	268	
274	599	
310	252	
465	913	
173	511	
580	1198	
1111	308	
92	103	
753	1342	
448	297	
163	129	
321	464	
153	145	
772	903	
213	592	
626	196	
251	140	
82	168	
602	467	
216	295	
202	188	
654	194	
640	187	
62	199	
1190	395	
343	946	
421	217	
825	1093	
144	410	
801	316	
697	722	
851	623	
732	692	
469	470	
329	437	
595	326	
440	820	
848	465	
145	482	
364	930	
266	572	
218	497	
260	256	
559	718	
48	71	
241	197	
612	355	
The worst scenario
847	1188	
977	736	
1301	523	
792	1444	
1060	1753	
1246	604	
283	185	
755	945	
300	182	
71	138	
1159	784	
439	603	
272	193	
282	214	
1183	1061	
474	1264	
85	259	
1517	721	
771	393	
2016	1804	
599	927	
142	233	
926	632	
399	477	
1331	692	
1209	599	
1012	1162	
1150	986	
1012	451	
196	208	
444	189	
451	351	
127	81	
63	211	
149	204	
230	143	
989	1244	
625	423	
143	229	
809	906	
180	626	
90	244	
627	275	
523	343	
427	837	
220	160	
377	910	
351	383	
964	1340	
333	922	
416	613	
1042	855	
544	693	
571	308	
363	665	
433	303	
543	1101	
201	627	
726	1664	
1316	395	
99	113	
1091	1956	
459	384	
187	192	
425	579	
209	159	
955	960	
283	777	
925	251	
265	204	
97	197	
654	613	
262	348	
233	225	
743	255	
787	264	
63	285	
1243	583	
490	1373	
524	323	
866	1226	
209	574	
1068	446	
795	1003	
1222	866	
993	778	
490	476	
456	640	
618	380	
494	1005	
861	690	
155	716	
504	1276	
280	687	
264	509	
300	341	
616	769	
58	75	
315	207	
884	503	
