Factories	4	Jobs	100	Machines	3

Total number of component types per job processed by HSPM
9	6	5	5	10	9	11	7	5	11	7	5	10	11	5	8	11	6	6	9	7	11	10	5	10	11	7	5	10	11	8	9	5	5	10	6	10	12	11	6	5	7	11	7	7	7	8	6	5	12	12	5	7	5	10	11	12	7	10	11	12	9	8	8	6	5	12	7	12	8	5	5	11	6	7	11	7	8	7	7	7	7	12	5	5	6	9	5	9	11	8	7	6	6	9	5	12	5	11	7	

Total number of component types per job processed by MFPM
1	2	5	3	3	5	2	1	2	5	1	3	1	1	5	4	2	1	2	4	2	1	4	3	2	4	2	3	4	2	2	1	1	5	2	3	5	3	3	1	3	4	1	5	1	1	1	1	5	5	2	2	2	3	5	5	2	5	5	5	3	1	4	5	3	1	2	5	4	2	1	4	5	4	4	3	5	2	5	5	2	3	4	4	5	2	4	3	4	3	5	5	4	5	4	4	2	3	4	3	5	5	4	1	5	3	2	5	4	2	4	2	1	3	4	3	5	5	1	2	1	1	2	4	2	2	4	1	5	2	5	2	3	2	3	1	4	4	2	2	4	2	4	4	4	2	2	3	1	4	1	4	3	1	3	1	3	1	3	2	3	2	3	2	3	4	3	4	3	5	4	3	4	2	2	2	5	3	1	3	4	3	2	1	5	4	2	1	5	2	3	3	3	2	1	1	1	5	4	1	

All component type numbers for each job to be processed by HSPM
7	71	9	26	18	53	1	74	8	23	16	46	17	55	0	3	19	64	
0	15	9	61	3	48	19	73	8	40	5	7	
17	39	0	16	19	53	11	57	12	27	
12	41	15	30	14	51	10	70	0	18	
15	60	12	27	11	62	8	9	1	23	10	20	17	48	14	35	0	33	16	30	
5	46	19	56	7	1	9	22	12	74	0	17	15	15	14	5	11	35	
8	58	13	40	11	49	12	73	19	22	15	6	7	74	14	17	10	33	1	64	3	28	
18	67	12	26	14	43	15	3	3	51	8	58	4	5	
5	45	13	69	6	32	17	44	2	50	
3	20	13	6	8	53	1	30	6	58	16	64	11	49	19	44	17	37	0	36	5	46	
4	63	12	52	0	54	3	33	18	74	2	28	17	65	
8	13	10	35	0	59	17	7	15	40	
8	56	11	30	3	35	6	47	7	44	19	23	14	53	5	34	12	54	17	42	
9	39	16	6	3	28	7	34	13	56	11	22	18	63	12	37	15	55	17	68	10	35	
4	40	0	28	10	51	19	34	3	7	
10	48	0	33	14	73	18	9	16	12	19	28	15	32	1	1	
7	30	3	8	9	55	15	24	10	20	13	26	5	50	0	12	6	70	4	19	16	29	
14	73	2	9	10	51	4	14	12	38	3	62	
10	28	9	48	13	5	5	34	11	29	17	26	
18	67	12	17	11	29	17	10	7	64	5	69	0	15	9	52	16	30	
19	8	6	56	10	64	5	58	1	39	15	15	7	21	
5	64	6	46	12	67	19	34	1	20	17	72	15	6	18	24	16	4	14	13	10	19	
2	28	18	62	0	22	4	63	5	41	1	54	17	38	14	25	6	26	15	21	
18	57	2	42	13	24	9	18	0	22	
17	50	19	32	14	53	0	25	4	6	3	46	12	28	6	16	2	57	16	52	
3	30	13	44	5	11	10	26	4	49	7	52	14	65	18	68	12	37	11	47	17	22	
12	58	11	66	15	49	8	73	3	72	16	43	17	31	
7	14	0	67	9	75	3	17	18	25	
11	30	2	67	13	27	8	57	10	75	12	4	15	11	18	12	19	7	6	70	
9	43	13	2	4	61	15	8	0	9	2	13	8	74	18	11	12	20	1	27	14	60	
12	39	15	37	7	36	4	16	11	4	14	54	19	64	16	28	
5	41	15	55	8	43	1	32	0	37	13	58	17	13	16	36	18	24	
16	72	4	69	8	52	11	43	1	56	
10	47	5	46	13	27	9	39	16	43	
9	40	12	58	6	22	3	56	18	8	10	13	2	53	13	10	14	9	5	38	
12	75	2	17	17	72	5	64	11	18	6	30	
13	1	0	69	1	59	18	53	5	13	4	3	15	7	11	48	12	41	19	68	
19	18	5	62	11	12	14	31	9	51	12	1	1	3	2	29	16	65	13	48	17	22	4	52	
10	72	15	15	3	39	2	23	1	75	18	27	11	70	12	50	14	1	17	52	19	53	
7	65	17	4	19	22	18	12	3	33	15	59	
13	66	2	8	1	61	17	50	5	21	
17	40	1	19	16	37	19	56	10	18	4	57	13	20	
15	7	19	66	0	51	8	42	11	46	17	70	4	13	13	72	1	17	7	24	10	26	
14	54	19	18	0	29	5	5	4	68	13	62	1	59	
17	52	15	11	10	57	11	10	4	46	3	16	5	22	
5	13	19	11	15	19	17	35	7	31	9	5	8	63	
3	68	14	24	13	4	15	63	1	62	11	6	8	29	12	1	
14	15	17	39	3	59	19	29	13	63	5	12	
12	42	3	23	19	47	8	67	5	9	
2	32	15	53	13	12	10	15	7	20	17	41	14	27	1	69	16	54	19	6	12	21	3	61	
5	45	18	39	14	9	11	49	10	44	1	37	3	23	6	65	13	7	9	12	15	56	17	53	
7	27	9	53	15	4	1	23	18	62	
7	57	1	50	18	34	10	28	11	44	5	71	17	52	
16	46	7	15	15	48	0	16	10	60	
15	59	7	26	12	40	6	22	11	8	3	74	10	34	0	42	8	52	2	49	
10	74	5	20	13	5	19	8	2	61	12	39	6	32	9	3	4	72	16	65	1	57	
17	2	1	72	16	29	2	58	9	30	6	21	12	33	5	13	4	70	7	20	19	34	0	62	
12	27	19	68	0	47	13	75	14	33	3	49	2	32	
17	32	4	66	19	8	1	48	9	35	13	3	2	58	10	49	5	67	15	24	
13	3	15	8	2	26	8	51	4	75	14	42	6	29	12	50	9	66	5	72	16	38	
16	43	9	5	3	63	5	40	17	2	12	34	4	67	15	17	18	65	14	14	13	11	2	22	
7	51	17	66	0	7	16	75	2	16	15	68	14	60	12	40	9	72	
7	1	13	24	11	38	17	11	1	59	19	3	14	49	4	48	
16	33	8	45	0	48	3	13	1	55	11	30	15	58	19	7	
16	48	13	16	2	50	7	23	19	19	14	25	
7	49	12	22	14	43	16	69	11	3	
12	17	4	9	6	3	7	47	15	35	8	37	16	33	2	22	9	4	5	63	0	24	10	44	
9	52	5	21	13	13	11	67	10	24	18	74	4	71	
8	33	1	13	2	30	15	29	12	7	13	48	0	54	7	35	3	73	10	49	17	45	4	27	
3	34	4	59	8	55	11	75	5	35	0	32	9	61	2	3	
2	73	16	30	13	23	19	4	3	49	
14	58	4	62	5	6	19	3	6	50	
11	55	10	73	9	48	6	6	8	12	1	10	15	35	0	46	12	67	18	20	16	33	
9	49	13	58	16	59	1	62	10	15	5	61	
10	1	1	36	5	64	19	49	7	42	0	43	16	50	
14	35	6	56	7	4	12	40	3	29	10	43	2	55	0	15	13	12	17	32	19	58	
14	71	9	16	1	17	17	41	11	38	0	56	15	35	
19	51	1	8	17	23	5	11	0	10	13	7	2	33	4	15	
11	64	17	17	19	58	6	19	8	65	15	50	5	45	
13	5	17	20	14	58	11	51	7	7	15	21	2	19	
16	24	19	74	14	2	17	25	0	73	6	38	11	29	
6	33	12	38	9	3	10	21	4	11	18	32	19	31	
10	44	18	42	14	3	15	35	7	13	6	25	19	53	16	11	2	59	3	45	12	16	0	15	
14	27	1	55	17	18	9	36	13	13	
13	17	12	47	5	72	3	33	10	61	
10	1	1	62	6	64	15	59	19	52	0	55	
15	18	10	34	0	25	4	36	11	35	7	71	17	23	12	48	13	70	
13	36	14	4	18	31	11	53	10	30	
2	73	10	54	8	28	3	48	0	57	15	42	13	50	1	49	7	22	
13	67	19	22	8	19	1	66	14	23	15	40	12	28	4	17	17	33	7	8	10	30	
17	41	10	11	5	60	19	64	2	20	15	57	11	33	16	24	
2	16	17	8	14	56	15	35	9	22	8	53	16	48	
14	51	13	72	6	52	19	35	15	10	10	60	
3	30	0	60	12	27	7	35	17	43	14	17	
16	21	7	6	4	55	19	25	5	60	0	61	14	71	3	19	18	57	
19	1	18	32	12	35	16	31	17	50	
3	40	10	2	4	11	18	35	5	55	7	70	6	12	9	34	0	21	12	25	2	74	15	59	
7	34	0	9	18	19	12	11	17	35	
8	53	5	52	7	43	2	64	13	62	11	17	10	4	12	54	15	66	1	20	3	60	
13	63	18	38	0	56	15	70	1	1	4	68	7	19	

All component type numbers for each job to be processed by MFPM
5	4	
8	38	1	50	
7	18	0	2	5	19	9	24	1	4	
6	37	7	36	8	39	
4	21	1	25	6	24	
3	49	7	35	8	46	6	31	4	38	
1	3	5	16	
5	32	
2	13	3	4	
6	41	4	42	1	39	7	45	3	28	
6	12	
9	41	4	36	5	46	
7	17	
4	38	
2	5	5	2	4	25	8	17	3	1	
2	47	9	41	0	37	1	48	
3	11	1	6	
8	31	
6	19	4	4	
2	35	0	31	7	28	8	38	
9	11	4	23	
6	34	
8	24	4	25	3	1	5	6	
0	48	6	39	5	28	
7	15	6	25	
3	32	7	46	6	28	9	36	
1	8	6	15	
3	35	6	27	8	47	
9	8	3	7	8	1	1	6	
0	33	4	37	
9	2	0	22	
2	34	
7	20	
7	50	1	33	9	30	0	26	3	34	
8	17	0	6	
2	33	9	44	3	31	
4	23	7	14	8	12	2	10	6	8	
0	34	3	40	1	30	
1	2	5	14	4	4	
1	26	
0	14	8	12	3	8	
1	28	4	43	7	47	3	42	
3	8	
7	32	2	36	9	47	6	43	3	33	
0	9	
1	33	
8	16	
4	50	
6	19	1	5	3	6	5	21	2	17	
4	26	1	49	7	42	9	48	8	46	
3	22	2	7	
0	40	7	37	
2	4	5	12	
4	36	9	50	1	44	
5	24	0	11	1	18	9	16	7	2	
9	26	6	48	2	45	5	33	4	41	
9	1	2	15	
1	40	0	32	3	46	6	26	5	31	
3	18	1	6	9	4	2	1	8	10	
0	28	4	38	2	36	6	50	9	33	
3	23	8	24	1	12	
6	45	
4	13	2	3	8	19	3	10	
6	34	5	27	2	44	7	31	0	30	
7	4	5	6	0	25	
9	39	
6	5	2	12	
3	37	4	46	9	39	8	36	1	45	
4	19	8	5	5	12	9	4	
5	37	8	41	
8	3	
5	26	6	29	2	42	7	43	
0	19	6	20	1	16	4	3	8	25	
0	30	8	26	4	38	2	44	
2	15	8	18	6	1	4	4	
2	48	9	26	3	45	
4	5	6	6	3	15	0	7	1	13	
7	29	0	35	
0	24	6	23	9	2	2	13	8	17	
6	37	1	42	3	39	2	38	9	35	
5	7	0	14	
8	37	2	31	3	49	
1	16	9	10	8	13	6	11	
0	47	9	39	2	49	5	29	
1	11	4	9	5	23	7	19	0	25	
1	49	0	36	
0	17	1	9	3	5	6	20	
0	42	3	45	7	29	
5	19	4	11	9	2	1	20	
5	50	1	46	4	38	
9	11	7	16	6	25	8	24	0	21	
7	41	2	38	6	47	5	46	0	31	
1	23	2	22	0	17	8	12	
5	26	0	49	3	34	2	31	4	45	
7	18	4	2	3	20	0	16	
2	28	0	44	5	31	8	35	
5	13	6	3	
6	29	3	26	0	32	
2	23	7	11	1	18	0	19	
0	29	5	35	1	28	
0	1	9	13	6	15	8	14	1	5	
1	40	8	41	3	28	5	33	0	35	
5	16	3	23	9	17	7	14	
0	42	
2	7	0	11	5	16	4	21	3	25	
9	27	2	30	5	36	
0	13	9	4	
2	29	0	42	8	46	7	36	4	34	
0	25	7	19	9	11	8	4	
4	40	6	37	
2	8	0	1	1	3	6	21	
1	49	5	39	
9	15	
2	45	0	34	8	33	
0	9	2	17	6	3	3	7	
6	38	7	31	0	37	
2	21	8	2	1	22	0	8	3	3	
3	42	6	41	5	47	1	38	9	46	
9	8	
6	47	4	44	
9	14	
4	48	
5	7	8	13	
5	50	4	45	9	49	3	48	
1	17	8	12	
5	38	4	32	
7	3	4	10	8	5	6	7	
9	46	
7	14	9	5	2	17	8	11	6	10	
9	30	5	31	
7	21	8	19	0	22	3	17	4	13	
2	39	6	31	
7	9	1	23	2	15	
5	33	2	37	
5	4	3	7	7	9	
0	46	
2	12	5	20	0	15	9	1	
5	35	8	48	7	30	3	31	
1	16	8	9	
1	38	4	33	
5	20	7	12	2	11	8	13	
3	44	0	35	
2	17	5	9	7	25	1	16	
5	39	3	48	4	35	8	26	
7	2	5	10	0	6	2	9	
5	46	4	35	
0	5	4	6	
3	48	6	28	2	30	
6	8	
5	34	6	48	8	27	3	33	
8	23	
8	49	9	33	3	42	5	44	
3	23	4	18	9	3	
0	28	
6	4	1	19	7	12	
5	35	
5	6	8	18	4	15	
3	50	
2	2	3	22	4	23	
3	46	2	50	
4	25	2	22	7	8	
6	33	1	29	
0	8	7	2	2	7	
5	43	4	44	
0	25	2	23	3	5	
0	27	2	49	1	37	5	28	
1	21	5	24	8	17	
7	44	2	46	6	40	8	34	
5	23	1	19	3	2	
4	26	5	39	0	33	1	29	8	34	
1	9	0	10	8	12	4	22	
8	42	1	48	3	47	
9	11	7	9	6	12	1	6	
6	40	4	37	
2	9	3	7	
3	37	2	33	
4	20	0	8	7	5	3	15	2	10	
7	38	4	49	0	27	
2	22	
8	49	9	44	4	32	
5	5	8	17	6	22	4	21	
7	44	1	30	6	47	
5	19	1	3	
8	32	
0	12	5	24	4	19	2	1	8	5	
1	32	0	36	6	33	2	42	
6	19	2	2	
0	30	
1	20	7	10	3	16	8	4	0	9	
7	36	2	43	
8	20	6	17	9	13	
9	35	8	27	7	46	
8	5	3	23	1	24	
9	26	2	50	
5	21	
7	33	
9	19	
5	47	0	45	3	36	7	30	1	28	
8	9	0	15	3	17	1	6	
6	48	

Three processing times per job on each machine
The best scenario
323	659	662	
486	484	444	
378	240	529	
547	688	364	
98	136	74	
144	444	314	
305	288	297	
583	301	553	
108	211	255	
654	851	244	
618	743	258	
680	612	822	
444	202	157	
312	341	184	
393	696	696	
179	108	60	
268	409	289	
134	75	165	
241	205	151	
220	185	335	
194	107	185	
249	107	245	
419	227	247	
329	124	358	
549	284	522	
388	226	184	
116	127	215	
405	178	252	
479	634	358	
92	265	199	
185	435	694	
620	738	632	
525	838	492	
991	360	625	
82	118	50	
309	309	561	
199	299	202	
611	399	367	
470	318	295	
386	803	323	
300	671	613	
215	299	715	
141	84	105	
223	238	243	
663	511	372	
197	369	1060	
493	557	333	
82	66	43	
73	132	50	
231	301	202	
406	893	216	
598	205	396	
491	354	666	
558	967	472	
822	257	615	
386	476	219	
496	757	890	
201	225	183	
457	958	754	
107	127	377	
175	353	465	
1002	1262	909	
482	594	383	
376	674	347	
851	701	1076	
271	769	491	
205	176	203	
265	171	244	
487	531	583	
102	60	159	
570	374	660	
144	177	256	
124	113	88	
693	339	545	
654	740	907	
159	235	218	
247	294	118	
593	303	364	
148	205	550	
461	191	289	
657	585	429	
310	272	273	
1143	236	618	
839	446	427	
740	545	672	
658	705	654	
848	477	354	
630	613	363	
584	272	544	
139	121	124	
613	354	935	
753	394	636	
271	337	1003	
254	241	863	
833	902	604	
198	205	196	
117	50	112	
777	745	756	
82	81	140	
310	122	274	
Most likely scenario
598	898	1212	
521	956	673	
498	369	534	
775	1063	379	
165	186	92	
208	537	583	
458	421	378	
694	567	634	
156	335	259	
841	1144	317	
647	1210	386	
930	802	954	
446	319	269	
435	426	291	
474	864	821	
348	145	98	
407	657	309	
261	90	272	
335	325	160	
264	239	376	
201	196	289	
493	178	366	
696	348	295	
442	194	574	
882	462	1019	
416	293	206	
136	140	231	
482	250	277	
536	650	409	
139	277	263	
264	516	714	
1112	1022	657	
934	891	589	
1055	590	945	
153	137	85	
332	502	971	
384	570	344	
846	735	595	
583	540	353	
503	834	598	
428	730	708	
271	356	937	
237	160	139	
418	352	336	
966	541	516	
275	373	1123	
865	565	496	
92	80	78	
106	157	69	
303	356	342	
434	1058	286	
900	238	734	
809	387	747	
691	982	640	
1059	483	619	
734	586	345	
886	1106	1076	
241	419	191	
614	1176	947	
180	232	469	
191	580	544	
1303	1366	1272	
506	731	694	
578	708	681	
1321	911	1338	
503	931	536	
262	337	271	
280	293	322	
788	848	768	
130	112	194	
956	584	1053	
172	254	269	
183	161	106	
1045	358	807	
707	969	953	
186	359	253	
317	380	204	
601	384	515	
268	212	587	
740	331	472	
666	685	683	
386	294	377	
1228	400	1080	
1033	591	702	
1010	902	783	
1311	1236	1220	
1046	593	564	
751	622	617	
816	364	877	
141	180	142	
690	452	946	
1173	420	882	
528	540	1123	
363	377	925	
1201	1325	852	
378	255	392	
128	79	133	
1294	1397	1137	
98	114	222	
531	156	535	
The worst scenario
607	1202	1489	
563	1296	851	
602	372	727	
935	1559	452	
225	193	137	
281	634	853	
685	487	550	
790	711	778	
166	439	282	
1166	1415	374	
927	1747	551	
1385	1018	1428	
659	407	327	
475	477	331	
704	1274	846	
386	189	145	
580	940	373	
289	126	399	
339	418	191	
303	256	507	
259	247	391	
626	235	430	
977	407	312	
497	268	677	
1251	463	1137	
533	410	262	
143	156	232	
713	355	335	
682	727	548	
180	311	288	
290	762	1040	
1570	1405	828	
1135	1077	647	
1256	618	973	
228	200	86	
351	746	1324	
469	588	471	
1087	1102	864	
743	743	459	
732	1116	776	
495	1021	984	
336	390	1103	
336	171	155	
561	359	338	
1295	749	764	
409	499	1596	
962	831	613	
101	93	99	
125	220	99	
341	515	469	
515	1435	408	
1182	274	985	
919	470	1083	
788	1123	914	
1232	563	750	
1062	857	349	
895	1337	1521	
298	570	200	
789	1495	1111	
220	330	617	
255	588	628	
1932	1526	1761	
509	827	908	
586	1058	1001	
1496	1218	1361	
693	1229	793	
383	496	341	
333	438	324	
906	881	927	
180	113	195	
1282	680	1439	
251	334	290	
227	226	111	
1223	448	844	
956	1278	1399	
238	537	379	
450	395	259	
840	458	612	
375	282	759	
893	412	592	
835	746	810	
549	350	438	
1580	533	1297	
1538	829	841	
1355	937	795	
1768	1523	1672	
1123	845	596	
1007	813	897	
1164	370	1166	
188	190	205	
1029	497	1356	
1464	435	996	
727	608	1343	
428	459	1045	
1277	1506	906	
474	270	542	
159	96	168	
1496	1756	1504	
115	126	286	
659	225	606	
