Factories	7	Jobs	200	Machines	2

Total number of component types per job processed by HSPM
6	8	8	5	7	7	10	5	12	9	10	11	10	7	10	12	5	10	10	12	9	9	9	10	10	11	5	11	5	7	7	9	7	10	10	12	12	9	5	9	10	7	7	11	7	10	11	7	9	9	12	5	5	8	11	12	9	8	6	12	6	8	11	10	8	9	6	7	8	8	7	10	12	5	7	8	5	12	5	9	9	9	12	12	10	10	7	6	7	7	8	7	10	5	12	5	10	12	11	5	9	6	7	7	9	9	12	10	10	6	7	8	7	10	9	11	10	5	6	8	5	10	8	11	11	6	10	11	5	5	10	7	9	9	6	9	9	12	11	10	8	8	10	6	10	12	12	9	12	10	7	11	9	7	9	8	7	11	12	11	10	10	11	12	7	10	12	7	11	6	6	7	5	9	5	10	10	7	12	7	8	9	11	6	5	8	9	7	8	12	11	5	7	12	5	12	11	9	8	9	

Total number of component types per job processed by MFPM
2	1	2	5	2	4	5	2	1	1	5	4	2	2	1	5	1	2	2	5	4	4	1	4	4	5	2	5	5	4	3	5	2	2	5	4	5	3	4	1	2	5	2	1	1	1	5	4	4	3	2	4	3	5	5	2	3	5	3	1	5	2	3	3	2	2	2	2	2	5	2	5	5	3	4	5	1	3	4	3	5	5	3	5	4	1	2	2	2	2	1	4	4	3	3	4	3	4	5	4	5	1	3	5	1	1	4	2	3	3	3	3	3	3	2	2	3	3	3	2	1	4	5	2	2	5	2	3	3	5	3	1	3	2	2	1	5	5	1	3	1	3	1	1	3	2	3	1	2	4	5	5	4	2	1	5	3	3	1	3	5	1	3	4	5	3	4	1	1	1	3	1	5	2	1	2	2	2	5	1	1	1	2	1	1	3	4	2	1	1	2	5	4	3	4	4	4	4	3	4	

All component type numbers for each job to be processed by HSPM
12	43	14	28	4	45	6	64	15	8	8	53	
8	42	9	36	6	41	18	3	5	9	15	23	12	56	13	25	
2	50	14	54	3	42	18	65	9	43	11	68	8	23	7	28	
8	34	16	62	15	8	18	12	1	19	
8	5	16	13	0	35	6	6	1	2	3	41	12	23	
1	13	9	33	12	11	2	60	19	16	4	24	18	3	
18	62	8	54	1	27	4	14	16	59	9	16	7	11	3	72	14	56	13	36	
10	10	15	29	6	45	1	67	19	59	
10	71	14	45	12	31	2	17	8	66	3	30	17	40	13	48	7	5	16	22	0	70	4	55	
2	29	10	61	3	15	14	73	8	8	7	12	12	7	9	50	6	31	
14	59	10	21	7	13	9	15	18	5	5	11	6	51	13	48	4	36	11	14	
0	28	7	73	9	75	10	58	17	25	6	61	14	65	3	26	15	16	4	74	8	15	
18	17	9	74	4	27	14	35	19	50	16	16	1	66	5	33	13	68	11	43	
12	64	7	36	19	37	10	48	2	25	11	22	15	57	
14	74	1	35	19	3	17	69	6	26	4	52	7	27	9	47	8	17	11	49	
17	40	16	37	13	52	0	53	7	28	3	29	1	50	12	19	19	64	2	1	18	5	5	65	
6	74	13	38	18	17	10	27	17	31	
17	58	6	60	0	57	9	50	14	15	12	29	1	72	19	61	7	62	11	74	
6	27	17	62	10	51	16	8	15	3	8	74	2	43	5	15	7	33	4	38	
11	54	3	73	4	31	8	14	12	28	15	16	13	21	19	27	6	69	10	15	2	4	0	38	
14	30	13	12	12	29	4	4	0	59	15	1	19	72	10	66	2	34	
12	56	7	65	13	40	9	27	0	75	11	2	6	28	3	51	4	55	
10	47	4	43	17	58	2	66	12	69	11	7	18	27	19	22	8	65	
1	58	18	64	4	4	15	38	9	35	3	12	6	26	5	41	14	37	2	47	
2	55	1	33	8	71	9	1	5	39	10	4	12	29	15	46	18	75	6	57	
8	52	0	71	19	46	3	49	1	9	17	26	14	36	6	30	11	57	9	24	10	48	
19	28	10	14	17	13	14	7	1	69	
13	4	11	55	19	35	9	69	15	72	8	5	14	45	16	12	3	8	0	49	18	24	
8	56	9	51	13	7	15	65	6	68	
15	74	6	63	10	56	1	30	16	38	4	12	0	21	
8	2	0	72	12	37	15	54	14	68	4	51	19	57	
19	48	16	2	7	44	8	52	1	21	2	71	4	56	5	47	18	46	
5	24	15	66	9	65	17	67	10	63	14	8	7	43	
15	34	1	40	5	51	12	27	4	43	11	17	17	70	7	2	19	68	3	3	
4	40	9	24	15	62	14	26	19	52	5	58	11	69	0	72	2	30	13	54	
19	55	3	28	0	27	6	70	15	57	16	1	9	22	14	25	5	32	7	64	10	16	4	54	
1	51	6	73	12	26	0	22	17	13	10	31	7	72	14	68	5	39	13	50	16	62	8	18	
12	45	14	71	6	14	9	66	13	41	11	65	5	72	8	16	16	63	
0	71	5	66	6	49	14	4	8	19	
7	42	0	72	2	10	4	12	16	27	10	8	19	75	13	35	11	40	
7	68	1	3	15	53	17	34	2	11	3	56	9	4	6	46	14	25	8	66	
12	54	3	8	17	14	18	50	7	12	19	1	4	48	
12	37	16	66	4	21	18	7	3	40	13	23	5	62	
8	62	6	63	5	67	9	9	18	40	0	15	2	46	7	52	10	72	3	5	1	29	
6	34	10	12	18	53	2	19	1	33	7	26	13	54	
19	60	16	64	11	19	12	42	18	40	15	37	13	31	2	70	0	12	10	8	
13	45	14	34	16	14	9	61	10	37	8	24	7	68	3	33	19	9	11	73	12	49	
2	14	10	70	11	5	12	42	3	3	19	1	6	64	
17	34	4	24	12	4	11	66	5	6	3	41	6	21	2	19	19	60	
17	12	12	70	15	20	9	8	3	9	4	62	10	38	2	33	0	69	
8	37	5	7	3	52	2	43	11	58	4	1	7	29	13	12	17	5	12	19	9	62	15	54	
19	42	2	30	5	8	9	54	11	32	
14	66	12	63	17	18	9	40	13	28	
13	25	17	49	12	16	11	35	15	6	4	51	6	15	16	11	
0	60	2	46	8	19	9	53	16	41	4	71	1	24	19	70	5	62	10	65	18	20	
1	62	5	65	2	39	6	43	11	32	9	35	14	64	0	70	4	63	18	9	15	12	17	2	
14	58	13	2	11	18	0	8	17	30	4	23	19	1	10	38	12	11	
14	62	4	38	19	34	13	42	5	7	1	64	0	66	9	69	
17	30	11	32	5	49	3	59	18	28	10	57	
15	33	4	14	0	67	10	20	16	37	7	7	8	29	5	49	1	54	18	51	17	47	14	64	
10	60	19	70	14	50	11	69	15	2	17	35	
4	25	19	57	16	37	13	56	7	38	14	44	6	32	8	69	
13	50	1	1	3	14	15	71	9	8	2	31	18	11	16	30	4	61	10	32	11	38	
13	23	0	49	15	58	8	12	14	67	2	11	3	51	18	8	12	61	16	35	
15	32	11	60	4	51	13	22	8	34	5	68	18	33	7	5	
18	22	0	72	7	59	5	56	14	29	3	51	13	7	8	41	9	70	
3	30	2	45	5	23	9	7	16	73	14	74	
11	47	14	17	0	54	2	2	7	40	15	21	4	61	
7	24	19	22	16	2	2	36	6	64	1	49	3	65	14	16	
1	64	7	2	5	39	8	10	2	11	17	33	11	9	16	35	
17	17	6	24	11	12	7	11	16	49	18	42	1	26	
11	20	1	53	3	4	13	42	10	36	15	8	5	56	7	19	19	72	12	60	
17	71	10	37	9	60	2	5	1	50	8	12	19	32	18	21	16	67	13	70	11	42	15	25	
1	60	10	10	0	63	5	41	6	64	
6	30	4	28	13	11	19	44	1	66	7	74	12	9	
15	2	8	49	9	31	12	69	5	35	6	74	13	17	18	16	
4	66	8	54	16	7	10	53	5	65	
7	24	18	32	12	15	5	4	17	8	0	59	8	9	10	37	1	43	3	41	13	49	14	38	
18	62	12	33	11	15	17	12	4	75	
13	64	6	51	4	68	18	34	10	23	8	39	16	19	15	45	7	75	
11	35	0	17	13	19	3	56	14	34	18	8	16	4	4	9	5	57	
4	63	11	18	16	29	0	45	13	73	15	23	18	13	8	55	1	67	
12	66	11	40	10	49	0	46	1	54	8	30	2	57	18	35	7	70	19	13	13	63	14	44	
9	54	6	72	1	53	17	42	15	49	13	71	7	61	2	59	11	19	8	1	14	6	0	39	
13	56	3	50	19	30	7	10	17	24	5	21	9	27	18	57	6	63	1	54	
12	33	6	60	13	29	2	3	1	63	3	22	19	1	17	56	9	51	14	2	
15	25	2	7	7	74	14	72	18	21	4	62	19	56	
11	64	13	71	12	74	7	10	19	58	10	72	
11	17	6	61	15	30	2	68	18	10	5	57	1	7	
15	10	6	69	9	27	5	55	1	62	18	57	16	48	
11	37	3	12	5	61	10	51	16	21	9	34	12	43	17	8	
18	5	8	26	2	58	4	68	3	75	10	10	17	1	
14	58	8	43	1	11	11	35	4	1	9	18	13	39	7	37	12	38	18	74	
8	74	6	68	19	34	18	14	13	31	
3	7	12	30	6	15	1	59	15	60	2	55	11	38	5	31	10	40	14	63	17	45	9	70	
11	59	12	70	10	12	1	64	18	68	
0	21	4	12	5	64	3	43	10	29	17	33	11	25	8	31	1	74	9	11	
16	62	0	50	6	40	15	48	2	51	13	12	19	20	11	59	18	14	3	55	5	3	4	31	
13	43	9	45	6	18	8	53	19	1	4	25	1	16	2	41	3	62	11	71	17	44	
4	15	1	58	17	13	3	47	19	20	
10	60	19	3	0	12	3	66	1	74	8	32	7	72	2	69	14	6	
15	13	7	75	16	58	0	22	13	18	11	74	
7	69	16	43	12	11	15	67	18	51	5	27	10	29	
11	8	14	57	10	25	8	15	12	62	17	27	13	42	
8	1	16	59	4	7	10	34	3	47	11	67	12	29	7	8	17	40	
9	67	5	15	7	12	8	39	17	18	4	44	11	13	13	17	0	3	
1	24	8	30	2	28	10	55	4	56	13	49	16	57	6	41	11	19	14	20	0	61	9	6	
16	64	5	48	0	1	9	14	10	50	19	43	1	44	17	12	14	24	8	46	
7	43	18	2	15	4	0	18	16	34	4	46	3	50	9	75	6	68	10	60	
19	25	9	5	3	4	15	43	18	69	13	65	
11	14	14	64	10	10	8	48	1	56	15	37	5	71	
6	1	16	30	3	27	1	62	0	36	12	29	5	23	17	57	
13	38	11	68	4	27	6	65	19	70	9	74	2	51	
14	70	11	28	9	18	13	52	7	34	0	36	6	12	16	42	18	65	12	14	
11	65	9	67	19	26	0	51	17	13	7	60	1	38	18	23	12	53	
15	52	0	1	5	68	4	69	19	43	2	39	6	41	3	54	11	14	7	2	16	58	
11	20	13	7	12	53	1	46	17	3	0	18	2	9	15	74	16	43	8	49	
0	63	8	71	14	28	12	10	15	68	
19	59	9	9	15	71	12	42	7	2	8	7	
1	35	2	72	10	58	7	74	6	65	8	31	18	14	16	71	
13	53	19	13	15	4	8	7	17	12	
4	7	15	42	8	21	5	62	13	63	1	30	12	60	0	2	9	54	7	29	
1	73	8	34	10	66	13	20	12	63	17	75	11	69	18	38	
12	63	1	74	11	17	16	13	8	56	5	54	10	23	6	42	2	41	9	2	0	69	
9	66	5	38	8	33	18	48	16	59	7	13	13	15	10	56	2	9	6	6	19	5	
6	2	19	4	4	24	9	71	10	38	16	30	
12	72	7	44	8	61	19	73	16	63	1	53	0	20	13	56	18	7	9	34	
6	16	17	34	9	14	14	17	15	70	12	21	19	54	2	4	4	45	18	63	16	33	
2	44	5	14	8	12	11	51	12	8	
8	4	18	24	15	20	13	6	11	58	
19	8	4	51	3	15	13	23	7	45	6	11	16	55	1	72	5	67	10	24	
7	17	3	75	19	33	13	53	17	45	14	5	10	46	
1	28	11	1	2	46	10	24	14	58	4	59	12	68	13	10	18	50	
1	33	19	24	15	47	6	12	2	6	12	73	8	13	13	28	7	38	
0	21	8	54	4	28	15	67	7	52	18	19	
14	15	1	58	3	36	10	27	7	25	18	61	19	42	12	57	8	28	
10	63	8	58	15	23	1	30	19	68	3	49	4	26	7	33	14	70	
1	37	10	66	19	35	9	12	13	50	12	30	16	25	6	1	14	54	15	52	11	27	7	26	
6	61	9	48	18	72	2	59	5	20	12	34	7	45	11	21	19	55	17	28	13	50	
6	16	9	18	10	65	3	4	15	72	19	32	12	3	17	37	0	51	1	73	
5	26	9	20	4	24	10	75	2	46	13	29	7	57	11	38	
7	74	10	66	14	7	11	21	8	56	2	8	0	61	19	28	
1	51	13	17	11	60	2	24	19	5	15	56	4	57	9	41	0	71	6	48	
14	45	6	24	10	15	13	49	17	39	19	12	
11	22	9	42	10	27	15	12	6	31	13	1	18	73	7	41	12	52	0	65	
17	54	9	36	8	53	0	26	13	11	14	27	18	37	4	66	2	73	5	52	1	24	3	23	
5	64	2	24	3	35	17	75	19	66	7	23	13	56	1	39	9	50	8	72	10	21	11	5	
13	40	4	62	3	48	5	15	18	9	14	11	7	63	16	20	2	51	
18	3	0	29	11	70	9	74	19	28	4	20	17	22	8	54	12	2	2	59	1	31	14	32	
5	9	13	53	14	70	18	61	10	74	9	46	7	4	8	17	16	33	0	7	
7	29	3	41	14	16	12	74	19	34	15	2	0	1	
18	73	1	28	0	17	9	45	8	43	19	11	17	49	15	5	3	68	4	25	13	47	
16	23	9	21	17	32	3	69	12	37	5	8	15	71	2	73	14	57	
17	50	10	45	9	69	4	19	16	39	2	49	13	35	
14	38	19	64	18	59	15	27	9	14	16	66	12	48	6	69	1	44	
17	63	5	16	18	47	4	43	10	24	16	66	11	44	13	50	
7	5	10	54	14	9	16	71	12	60	3	31	1	56	
10	50	0	73	16	10	12	13	2	30	18	61	8	18	13	63	7	17	6	54	11	6	
19	54	5	73	8	49	16	13	2	41	0	12	1	30	10	57	7	62	11	42	9	14	14	61	
13	23	16	75	3	49	7	35	12	18	5	46	14	56	9	6	17	9	2	44	4	57	
18	28	15	47	13	60	11	56	17	25	6	14	7	13	8	49	16	35	4	45	
13	17	6	36	16	41	1	32	0	52	19	60	4	56	2	15	11	2	9	38	
11	54	5	68	1	51	12	12	3	9	19	45	16	30	6	60	7	1	13	49	9	59	
3	26	15	13	6	17	10	56	12	20	8	35	11	39	16	55	7	45	13	72	14	69	5	14	
14	1	11	17	8	65	19	59	2	50	4	60	7	48	
15	47	17	63	0	68	11	25	1	69	18	10	5	34	9	46	14	19	13	16	
19	30	2	11	0	29	15	31	13	67	11	35	3	71	12	63	17	45	16	8	1	38	5	18	
14	53	9	4	3	41	10	58	6	13	15	57	4	9	
11	69	1	54	17	5	8	44	12	45	6	8	19	16	16	73	7	48	18	47	9	63	
18	3	5	20	9	62	1	4	7	34	13	24	
8	50	19	69	16	6	10	64	7	21	3	40	
4	16	16	15	17	73	10	61	7	13	3	34	9	48	
9	34	7	58	3	55	10	30	0	32	
11	74	6	70	18	40	19	7	5	71	10	20	12	67	16	2	0	27	
17	65	15	27	3	53	12	49	19	72	
3	71	5	47	7	33	11	7	15	11	17	12	9	56	2	48	18	34	12	2	
12	28	7	71	3	24	1	54	4	69	13	15	0	50	19	25	11	65	16	37	
4	66	9	16	14	5	16	71	6	54	3	72	2	30	
17	62	0	41	14	35	12	46	10	8	4	7	18	47	9	44	2	32	11	10	13	69	16	61	
18	32	4	67	2	52	7	16	0	9	3	12	13	68	
16	22	2	14	0	24	5	36	10	1	1	61	7	68	14	48	
1	31	8	40	17	39	14	57	12	16	5	74	10	68	7	70	15	75	
17	30	9	65	4	70	14	64	18	61	7	63	11	10	13	36	1	8	19	59	8	41	
3	56	7	70	16	33	6	14	8	20	9	24	
15	16	7	39	19	54	16	1	2	58	
7	11	8	23	1	31	6	58	18	51	4	40	3	74	2	55	
1	3	18	39	7	48	6	62	19	47	3	56	2	60	12	16	11	15	
9	22	16	18	3	71	14	5	0	31	2	33	15	54	
15	9	3	46	19	55	0	43	2	56	1	5	13	32	8	28	
14	13	17	69	19	31	8	58	10	51	0	40	16	8	5	50	2	37	15	46	13	34	1	61	
17	1	6	23	18	74	16	15	8	63	3	38	11	58	14	36	4	55	12	57	15	49	
1	1	2	61	3	52	0	12	11	66	
4	30	11	45	14	5	6	55	13	75	15	51	7	24	
4	21	15	63	5	10	18	57	2	70	3	47	0	7	1	38	11	54	17	41	9	13	19	72	
10	47	5	64	17	67	11	8	3	69	
12	59	7	49	2	3	16	34	3	1	10	72	17	30	13	45	1	38	0	52	8	28	14	32	
3	65	9	5	16	49	17	52	13	35	2	3	7	47	14	58	4	64	6	70	1	43	
16	21	17	66	19	3	7	13	18	36	8	31	13	37	15	6	12	75	
14	63	9	60	0	14	7	41	18	38	3	27	8	42	19	37	
1	64	4	75	19	56	8	4	3	50	12	29	9	67	14	8	16	40	

All component type numbers for each job to be processed by MFPM
9	1	8	24	
2	13	
5	10	7	3	
0	24	6	13	9	20	8	12	5	23	
0	24	1	9	
3	3	4	16	8	1	2	12	
7	16	1	11	0	23	8	21	4	24	
6	13	3	16	
4	15	
3	23	
4	20	6	1	2	2	5	24	8	7	
5	19	3	18	4	2	0	7	
2	21	5	20	
4	15	2	8	
6	12	
4	21	3	6	8	12	2	2	0	18	
1	23	
5	7	4	19	
8	24	2	7	
3	14	9	5	0	7	7	15	8	2	
2	11	1	9	6	8	4	17	
0	25	4	11	1	1	2	14	
2	1	
9	1	6	5	5	15	0	16	
4	19	3	16	6	25	5	24	
4	23	7	18	6	24	3	4	2	7	
8	5	0	23	
6	5	1	9	8	22	3	7	0	15	
2	25	3	4	9	1	0	24	4	2	
4	3	8	13	6	20	0	7	
2	3	6	13	9	25	
4	4	7	10	0	22	9	8	1	23	
1	19	4	1	
5	17	1	23	
5	22	6	1	0	2	4	16	1	5	
0	9	8	8	7	4	6	2	
4	20	7	10	8	7	2	19	5	4	
5	23	6	9	1	18	
2	24	3	19	8	3	0	8	
4	23	
2	11	6	8	
2	17	4	3	6	13	9	16	8	1	
4	24	8	21	
3	16	
4	5	
3	18	
9	12	8	16	7	19	3	15	1	13	
0	16	4	8	1	24	8	18	
2	12	0	9	7	6	5	8	
3	5	1	24	9	9	
8	5	6	9	
3	10	0	13	2	18	1	7	
3	21	6	11	0	6	
2	20	3	1	4	8	7	22	8	12	
2	16	4	14	0	1	9	2	5	21	
2	7	9	4	
8	22	1	17	7	11	
2	8	8	6	7	13	9	22	1	17	
7	4	9	13	0	25	
7	5	
6	24	9	8	5	6	0	16	4	10	
8	5	4	8	
5	20	8	4	3	13	
5	10	0	14	7	25	
6	15	4	9	
6	13	0	19	
7	11	5	10	
0	5	4	21	
3	5	8	6	
3	19	6	13	7	23	5	14	1	24	
8	4	1	17	
7	16	0	20	4	7	8	24	2	8	
8	25	6	23	4	4	2	22	5	9	
4	6	9	2	1	7	
7	4	2	9	5	18	0	14	
6	8	7	12	9	13	0	22	1	16	
0	21	
6	11	8	17	4	23	
9	6	3	7	4	9	1	2	
5	23	0	3	4	10	
5	6	8	5	3	19	1	8	7	4	
8	17	3	4	6	5	2	8	5	2	
8	16	2	17	4	7	
1	8	4	3	3	13	2	20	5	1	
9	4	1	18	7	12	3	13	
8	1	
3	15	8	9	
2	20	3	14	
4	6	8	11	
8	9	9	20	
0	12	
0	23	2	10	4	24	1	12	
9	17	3	11	0	8	4	9	
8	24	2	13	1	14	
6	19	1	12	3	4	
0	8	4	13	3	21	9	10	
5	18	2	15	1	16	
7	25	2	18	6	23	9	2	
7	18	8	7	9	17	5	5	2	6	
4	15	3	17	7	11	0	12	
5	11	7	9	6	15	3	16	8	24	
6	19	
1	18	5	7	2	16	
5	25	7	4	2	24	3	9	0	20	
8	8	
4	14	
3	14	9	3	1	6	0	19	
6	9	0	8	
1	13	6	19	3	2	
0	11	8	3	4	2	
5	21	4	17	7	18	
5	22	1	7	2	10	
8	23	3	12	9	24	
5	18	0	22	2	5	
1	6	6	5	
5	7	1	11	
6	24	4	1	1	17	
4	16	1	5	9	17	
0	17	3	12	2	25	
7	19	9	1	
1	1	
6	12	8	23	3	2	0	22	
3	21	8	25	5	1	6	24	7	19	
5	23	2	14	
0	25	3	9	
1	6	3	10	2	12	7	7	6	5	
7	13	0	23	
8	11	5	23	1	9	
4	19	3	12	9	6	
9	23	4	14	6	2	5	24	0	25	
9	2	1	16	4	4	
3	10	
6	18	1	20	4	10	
0	25	2	21	
5	24	1	6	
2	5	
5	14	2	16	6	4	7	1	4	18	
7	4	8	25	3	15	5	22	6	6	
8	21	
3	22	6	18	8	2	
1	9	
1	10	6	13	5	6	
1	8	
7	1	
1	22	5	6	3	14	
0	12	1	5	
5	15	4	25	0	12	
3	12	
9	14	4	24	
0	25	5	11	8	6	3	21	
6	13	9	15	5	22	3	4	4	17	
5	15	1	16	8	22	9	24	4	17	
8	23	1	15	9	16	5	10	
8	9	1	18	
2	21	
0	14	9	6	5	5	4	9	3	23	
4	23	7	24	3	3	
0	18	3	15	8	3	
5	5	
9	22	0	19	6	1	
4	11	6	22	2	2	9	1	1	8	
7	20	
9	15	2	14	6	13	
0	11	4	8	2	2	1	19	
1	2	8	10	9	24	2	15	5	8	
9	23	5	12	3	11	
4	21	9	19	6	1	5	3	
1	16	
2	21	
0	5	
1	12	9	10	2	8	
4	7	
2	20	0	4	3	24	9	25	1	23	
9	20	3	22	
2	7	
4	2	0	3	
9	12	6	2	
3	3	4	10	
8	15	3	23	6	20	1	21	9	3	
0	17	
4	18	
8	12	
2	6	5	16	
0	15	
7	19	
1	14	6	5	3	7	
4	11	7	3	2	17	0	15	
0	4	3	25	
0	23	
6	25	
5	3	0	22	
1	5	5	22	0	25	4	14	9	2	
2	16	3	12	9	15	6	18	
1	2	2	3	8	9	
5	20	3	11	0	13	4	17	
3	10	7	15	0	16	6	6	
4	14	2	25	8	16	7	3	
4	19	9	24	1	22	7	16	
2	4	3	7	6	17	
4	13	0	17	1	25	5	2	

Three processing times per job on each machine
The best scenario
73	272	
157	338	
116	41	
157	331	
29	60	
37	109	
63	125	
110	257	
21	61	
54	37	
73	189	
340	294	
280	227	
187	232	
154	164	
30	82	
428	318	
50	36	
95	113	
91	158	
95	133	
62	53	
180	185	
174	99	
246	173	
68	121	
258	334	
139	84	
71	73	
32	64	
264	170	
44	35	
250	93	
61	147	
144	71	
114	132	
231	118	
120	145	
60	91	
456	298	
90	64	
123	252	
301	500	
91	87	
352	240	
290	290	
316	330	
223	458	
193	278	
172	46	
151	254	
41	68	
68	37	
124	146	
48	58	
193	168	
159	217	
144	193	
64	132	
139	231	
219	259	
217	176	
151	327	
45	24	
430	172	
114	128	
21	17	
150	85	
240	222	
279	74	
182	365	
13	43	
133	97	
160	211	
277	120	
80	55	
191	221	
230	183	
328	199	
238	171	
54	148	
181	116	
47	74	
149	237	
269	380	
330	273	
43	35	
147	325	
156	232	
259	80	
85	92	
200	136	
192	209	
175	106	
44	24	
53	227	
116	103	
151	73	
97	127	
107	104	
82	47	
19	51	
310	253	
350	301	
280	136	
213	373	
285	376	
282	174	
105	239	
152	31	
223	146	
36	21	
86	132	
213	174	
226	73	
209	119	
95	118	
375	137	
57	143	
147	254	
146	99	
121	119	
127	260	
95	123	
57	40	
19	31	
23	51	
184	221	
37	25	
64	69	
28	88	
115	50	
176	182	
336	323	
129	179	
137	105	
227	284	
29	31	
33	37	
389	359	
219	337	
313	175	
64	117	
310	516	
110	112	
159	115	
427	280	
97	53	
56	131	
55	64	
52	23	
158	87	
107	158	
66	143	
298	383	
201	477	
440	124	
208	93	
54	97	
26	25	
182	436	
54	45	
392	354	
201	223	
129	492	
46	18	
394	286	
290	374	
41	50	
128	345	
59	43	
40	43	
301	281	
253	205	
20	50	
266	108	
73	176	
122	123	
105	149	
268	270	
62	149	
455	516	
95	103	
159	181	
285	127	
20	30	
170	157	
491	209	
86	202	
225	274	
146	27	
177	70	
192	108	
207	116	
83	30	
30	46	
349	274	
167	286	
295	183	
67	25	
Most likely scenario
137	500	
183	497	
125	50	
181	417	
44	86	
46	130	
81	151	
214	272	
30	70	
59	58	
83	199	
411	382	
429	397	
215	269	
284	185	
54	85	
594	462	
51	57	
119	124	
174	191	
122	206	
77	76	
205	281	
200	168	
370	308	
124	122	
426	526	
189	141	
102	120	
61	74	
336	191	
69	46	
281	147	
120	166	
162	96	
150	195	
366	210	
155	200	
119	122	
523	560	
104	82	
152	367	
572	570	
119	106	
432	279	
357	366	
413	448	
291	516	
275	279	
181	55	
205	271	
74	91	
121	66	
149	163	
80	107	
204	197	
229	261	
180	208	
88	186	
202	281	
264	331	
420	203	
297	561	
54	46	
526	282	
121	185	
30	27	
164	111	
365	304	
326	104	
353	486	
24	68	
186	125	
206	249	
278	197	
82	67	
282	270	
274	284	
347	265	
461	189	
98	179	
356	142	
58	93	
197	321	
415	386	
345	451	
47	47	
287	541	
186	284	
277	107	
136	93	
315	165	
197	399	
235	122	
78	35	
95	229	
128	195	
172	91	
153	139	
137	111	
83	58	
36	72	
355	351	
447	463	
492	252	
339	384	
385	534	
465	236	
179	377	
165	60	
287	221	
57	35	
89	155	
333	348	
254	119	
250	128	
166	166	
379	205	
66	203	
184	265	
159	152	
124	139	
244	290	
155	126	
98	55	
31	33	
28	52	
342	230	
54	37	
128	90	
51	110	
124	89	
302	302	
531	422	
229	189	
141	126	
233	362	
39	51	
49	48	
392	378	
365	473	
336	193	
78	145	
460	592	
156	214	
175	175	
572	370	
112	76	
78	178	
98	122	
77	37	
297	170	
214	251	
75	239	
338	412	
238	503	
550	205	
330	141	
73	120	
49	40	
253	510	
94	65	
429	566	
207	274	
174	508	
69	20	
419	332	
381	493	
48	72	
218	386	
74	57	
51	57	
366	437	
271	360	
26	56	
297	146	
76	194	
126	142	
106	160	
272	320	
105	182	
465	539	
172	119	
296	198	
311	206	
25	31	
237	249	
546	253	
118	274	
226	307	
166	51	
226	108	
304	135	
225	168	
124	41	
41	61	
555	444	
201	482	
413	204	
89	36	
The worst scenario
151	670	
232	700	
128	63	
228	568	
66	129	
53	158	
86	225	
286	303	
36	101	
65	73	
114	214	
498	440	
434	460	
270	324	
359	218	
68	98	
880	509	
55	67	
133	169	
253	243	
139	222	
81	81	
219	416	
241	186	
386	319	
167	152	
558	693	
211	151	
129	148	
91	106	
395	273	
100	66	
413	213	
162	225	
241	124	
175	276	
400	292	
162	244	
142	139	
565	603	
139	118	
154	547	
737	623	
161	152	
515	304	
535	432	
581	653	
414	717	
412	305	
222	64	
253	364	
107	120	
146	80	
221	216	
98	128	
289	235	
273	292	
230	228	
114	210	
283	392	
285	338	
618	293	
372	727	
66	62	
660	408	
170	267	
45	40	
174	146	
486	441	
412	136	
368	507	
32	71	
251	174	
248	257	
328	199	
106	78	
380	334	
373	368	
420	373	
667	269	
116	185	
407	209	
80	125	
285	468	
533	579	
447	467	
62	61	
378	804	
191	377	
309	135	
162	122	
423	235	
226	464	
341	159	
79	41	
141	314	
164	244	
180	125	
158	152	
203	162	
84	62	
49	84	
378	435	
487	576	
534	298	
470	547	
502	557	
537	241	
234	556	
199	64	
337	288	
59	43	
94	181	
450	496	
298	172	
335	152	
214	207	
389	287	
98	287	
259	329	
163	224	
131	175	
269	380	
183	142	
104	57	
32	40	
34	66	
348	284	
73	46	
147	129	
73	139	
155	104	
380	304	
793	562	
330	248	
143	137	
277	390	
43	56	
65	55	
572	444	
440	605	
444	274	
109	181	
607	828	
206	223	
259	256	
823	439	
163	86	
116	253	
115	182	
94	40	
342	251	
287	305	
110	266	
367	448	
284	613	
615	289	
494	167	
99	176	
73	43	
309	737	
111	76	
562	758	
254	401	
250	519	
88	30	
447	334	
554	589	
54	79	
322	447	
77	68	
68	74	
448	574	
346	430	
31	77	
364	203	
102	270	
181	187	
148	209	
339	356	
113	196	
651	660	
253	149	
370	212	
371	210	
26	32	
296	290	
709	340	
132	406	
336	352	
216	62	
236	112	
366	185	
316	212	
134	50	
46	88	
587	503	
293	682	
565	281	
113	54	
