Factories	4	Jobs	150	Machines	2

Total number of component types per job processed by HSPM
11	11	11	6	8	9	10	5	5	8	9	6	11	8	8	7	6	7	9	12	8	11	8	7	7	7	11	6	6	8	12	5	10	8	5	6	6	11	12	6	9	8	7	9	5	10	9	9	12	8	6	11	6	10	11	11	6	5	10	10	6	8	12	12	8	8	7	7	7	9	11	8	5	6	7	8	6	11	9	8	12	8	6	8	5	9	7	6	10	12	5	5	9	10	6	12	6	10	9	9	5	11	6	5	10	8	9	10	5	9	8	10	8	7	11	10	11	7	12	7	11	12	7	8	6	6	11	12	10	7	9	5	6	8	6	5	9	7	12	7	10	12	5	10	7	12	10	9	10	6	

Total number of component types per job processed by MFPM
1	4	5	1	5	2	1	4	2	2	5	2	1	3	4	4	2	1	5	1	4	2	4	1	1	3	2	3	2	3	2	1	1	5	5	2	5	2	5	3	5	2	2	5	1	4	5	3	1	1	3	5	1	2	5	3	2	2	3	1	3	4	4	1	4	5	3	5	3	1	1	2	4	2	3	2	5	5	1	1	1	2	3	1	4	2	2	3	1	4	4	3	3	4	4	2	2	3	2	4	5	4	1	1	4	5	3	2	1	2	3	4	1	2	2	5	4	3	1	2	1	2	2	2	2	3	2	5	3	3	2	5	2	4	3	1	3	2	1	1	5	3	4	4	2	4	3	5	2	5	

All component type numbers for each job to be processed by HSPM
8	54	14	72	1	65	6	23	0	35	9	52	15	19	12	69	17	20	19	53	13	21	
18	30	3	71	1	35	6	56	7	13	14	16	17	14	9	24	8	73	10	31	2	54	
18	26	2	69	14	72	13	43	11	22	15	11	7	41	1	9	19	61	6	39	10	44	
14	28	18	23	0	12	8	11	7	47	15	56	
2	10	15	19	4	42	6	31	18	75	17	32	12	51	13	30	
14	53	6	56	4	64	5	51	3	47	17	8	8	43	18	67	7	2	
15	12	13	10	8	9	12	40	0	65	16	25	3	19	10	33	11	38	5	15	
19	70	0	17	15	46	10	21	18	64	
6	25	11	29	17	30	4	64	5	63	
12	13	0	41	16	30	1	42	11	3	19	64	15	69	10	11	
9	14	5	25	17	71	8	23	6	33	10	44	14	7	11	3	13	19	
7	64	6	63	14	36	19	16	0	9	5	42	
8	71	16	31	18	12	9	28	11	13	1	40	15	60	2	47	17	18	13	67	7	33	
16	25	5	20	10	44	9	66	12	26	15	57	19	7	0	31	
4	52	7	24	6	61	5	9	9	21	12	14	16	2	10	54	
13	17	8	56	18	26	14	46	10	39	11	48	1	36	
10	62	4	64	2	9	19	60	7	23	14	72	
9	6	11	20	13	33	2	58	1	66	8	17	10	25	
11	74	1	64	0	61	18	17	3	46	15	25	5	59	12	39	13	31	
15	35	14	6	6	70	0	50	5	43	10	4	12	10	16	40	7	29	11	25	9	30	3	49	
17	71	12	53	8	31	5	68	0	32	11	16	13	52	6	61	
17	25	10	50	12	36	8	15	4	19	3	2	14	64	2	61	9	24	19	6	5	59	
7	75	13	63	10	35	6	12	4	66	17	72	14	45	1	4	
4	64	7	31	14	57	5	56	1	13	15	67	17	59	
16	72	3	48	9	15	17	73	13	26	7	65	4	70	
3	25	18	29	2	30	16	55	1	22	4	4	15	51	
17	15	14	53	10	17	15	46	16	48	2	42	13	38	4	61	9	71	1	67	5	2	
10	69	16	8	5	57	0	63	17	39	11	11	
16	12	4	23	14	18	1	29	11	22	9	75	
0	15	9	1	17	26	18	25	2	48	8	27	5	14	4	8	
14	1	11	73	18	20	12	27	3	42	0	65	7	16	16	14	19	47	5	72	10	24	15	43	
3	61	2	7	18	73	4	17	10	28	
7	63	9	56	16	26	5	32	17	50	10	6	12	4	4	35	13	12	15	44	
1	34	18	13	17	2	11	29	8	55	15	4	10	44	4	56	
14	62	11	61	12	36	16	19	5	31	
10	2	9	29	7	41	6	56	19	49	4	15	
11	71	5	66	13	4	3	67	10	54	16	5	
4	28	18	64	6	45	8	18	10	19	16	48	3	35	0	29	12	9	15	66	2	56	
18	74	14	23	8	31	2	30	10	50	15	38	0	60	13	34	6	42	19	71	3	46	1	17	
18	33	11	13	12	67	9	57	1	5	4	48	
7	11	15	8	19	58	5	23	1	33	16	24	6	36	0	35	3	15	
3	24	15	27	2	32	1	40	5	73	12	30	0	74	6	48	
6	48	4	46	19	73	0	53	11	41	16	36	13	39	
8	36	13	65	16	61	19	48	9	30	7	57	10	6	6	44	2	32	
15	9	8	18	17	74	10	37	3	75	
4	38	1	60	10	23	0	70	7	56	12	62	19	31	2	35	13	26	17	41	
11	11	3	68	12	4	1	47	16	70	17	48	15	18	2	72	0	50	
19	1	8	61	2	53	16	26	10	50	12	71	3	74	14	60	17	7	
2	9	18	5	1	18	7	68	3	58	6	8	0	55	12	39	10	52	5	21	8	17	11	16	
19	50	5	6	17	2	4	56	1	30	15	17	18	28	13	32	
10	34	9	46	18	27	6	3	5	60	7	67	
4	2	2	70	10	75	14	25	15	19	16	14	5	69	0	36	6	54	1	27	19	38	
4	54	1	51	10	70	17	9	6	24	8	13	
10	44	7	41	16	26	9	58	3	28	14	21	6	19	2	20	15	4	19	35	
19	29	14	40	2	24	11	35	1	37	0	18	8	62	7	1	4	58	17	57	10	26	
15	26	12	11	1	73	19	49	7	62	0	12	5	1	10	18	16	25	9	67	14	22	
14	67	12	20	16	13	17	31	10	65	15	41	
11	36	9	31	12	62	19	4	2	64	
19	16	4	45	10	20	9	58	12	47	1	13	13	60	3	57	16	68	18	30	
1	66	16	29	14	24	8	16	4	60	9	64	5	72	19	25	6	52	18	18	
17	48	12	10	16	69	11	31	0	71	19	18	
5	69	6	14	9	50	1	24	16	30	12	28	7	71	10	29	
3	65	12	58	11	50	2	75	1	31	5	67	10	71	8	12	7	39	18	38	0	52	15	57	
17	11	8	9	9	73	3	18	16	29	5	41	14	60	12	2	2	42	7	39	15	75	19	43	
5	57	3	23	10	60	8	26	7	25	1	69	15	46	2	74	
13	57	3	63	12	20	14	7	4	74	0	55	1	68	19	31	
15	25	12	72	0	34	4	14	13	47	5	64	8	58	
14	12	10	32	8	5	3	70	13	23	7	46	4	25	
0	27	4	70	5	69	3	30	18	40	2	65	9	22	
16	52	0	63	1	75	12	67	13	55	3	35	5	22	6	70	18	57	
2	30	11	52	5	49	3	59	19	6	15	29	12	14	4	35	16	50	1	20	10	13	
5	19	15	60	0	2	1	48	7	13	6	72	4	4	8	28	
13	56	7	35	17	11	1	15	2	31	
2	60	11	37	1	69	15	70	13	24	7	4	
15	16	4	64	8	37	18	61	14	21	12	48	11	68	
1	50	8	71	9	58	2	2	0	33	17	59	6	36	11	30	
6	65	0	68	2	16	13	12	18	15	4	35	
15	22	10	56	2	51	11	55	0	21	4	39	19	2	7	9	18	15	12	14	17	1	
2	67	7	37	19	62	16	29	15	11	6	30	10	51	17	24	13	71	
0	5	13	74	18	9	14	69	5	59	6	18	8	51	9	52	
16	22	19	39	12	27	18	41	0	72	6	15	17	38	14	17	2	40	9	34	3	30	7	31	
9	53	13	30	16	60	17	48	3	74	4	14	0	72	10	25	
3	56	19	42	15	26	5	9	6	16	1	75	
4	19	1	43	18	31	5	4	16	27	7	22	19	15	8	52	
5	22	2	73	7	41	8	54	9	71	
3	45	8	12	9	9	6	46	16	60	13	37	12	61	0	20	5	15	
11	48	10	73	5	38	8	27	16	20	19	34	7	57	
17	51	16	39	18	24	7	25	10	4	4	62	
19	52	9	63	12	24	6	61	8	33	11	59	1	13	17	21	14	60	18	57	
8	57	16	20	15	55	1	41	12	17	0	46	3	22	4	37	19	5	5	66	18	40	13	59	
15	69	10	58	8	18	19	28	13	38	
2	65	4	9	1	22	19	28	3	47	
10	3	1	69	5	19	17	33	16	18	12	12	19	1	15	54	8	43	
14	15	2	50	11	64	10	51	8	31	19	16	17	8	16	44	5	32	18	24	
9	31	17	16	18	72	16	26	3	6	15	1	
13	69	18	31	8	28	5	66	16	10	17	53	14	29	4	18	1	75	3	14	2	45	6	35	
1	37	14	57	15	16	8	64	12	73	18	63	
3	67	19	24	2	72	12	46	9	52	7	41	1	54	8	42	4	75	0	30	
13	22	6	31	12	55	15	19	19	11	7	16	10	38	8	13	3	53	
2	67	19	65	15	32	17	52	3	21	7	75	8	74	18	42	0	56	
6	32	10	30	5	20	15	6	11	69	
15	44	5	40	3	39	7	59	19	28	18	41	12	68	8	67	9	34	1	43	16	70	
18	11	13	1	10	44	17	70	5	31	11	28	
7	16	1	29	10	26	18	56	15	41	
8	12	14	27	4	40	11	61	6	18	13	34	10	70	17	17	15	50	16	69	
2	36	12	5	11	6	1	60	19	30	9	27	8	25	14	4	
8	49	1	42	14	37	17	18	6	52	4	75	19	25	10	5	12	29	
15	17	8	48	16	43	14	67	1	68	17	58	7	29	19	57	5	37	11	20	
19	66	12	20	13	68	18	45	7	25	
18	41	5	3	11	1	4	24	14	70	19	52	1	36	6	75	10	72	
5	31	3	28	19	73	4	42	6	55	1	24	9	58	13	22	
15	57	9	6	16	8	2	7	18	13	11	25	0	14	12	63	3	74	7	2	
19	38	14	22	1	23	17	39	3	27	18	28	0	68	9	65	
6	36	4	61	2	7	3	23	18	29	7	60	9	68	
16	63	13	21	7	39	18	57	10	71	6	13	15	47	12	43	2	65	1	61	17	68	
6	3	13	32	3	11	2	22	16	63	8	43	14	4	0	56	18	59	10	69	
5	64	9	1	13	27	7	71	19	3	17	10	11	2	12	29	18	66	10	5	14	23	
8	31	3	73	10	68	1	35	6	49	12	44	17	6	
13	44	6	54	11	17	16	8	9	5	0	39	17	68	3	28	7	52	10	48	14	72	18	9	
16	11	9	46	19	23	5	61	7	48	15	19	11	45	
17	54	5	63	16	29	14	16	12	70	13	56	6	19	1	74	4	26	19	65	7	32	
18	56	6	16	1	25	13	74	16	45	15	64	14	46	0	72	4	41	8	53	2	43	3	38	
3	35	7	61	13	1	12	41	18	66	15	6	9	30	
16	62	13	45	3	72	19	55	8	71	5	30	11	34	10	53	
4	10	14	3	12	61	11	9	3	33	10	39	
11	20	2	57	12	46	10	9	1	24	0	18	
13	48	12	5	9	18	5	17	4	66	11	69	2	46	0	35	17	55	16	22	3	25	
14	44	7	64	2	18	15	35	18	38	13	30	8	43	9	59	17	12	10	75	12	15	4	6	
4	75	17	32	10	65	6	36	9	48	2	44	12	38	1	35	15	22	5	11	
2	49	18	64	16	3	7	5	1	24	11	16	13	41	
15	20	13	53	7	12	9	72	17	41	19	60	8	17	18	34	1	59	
3	61	14	33	8	9	9	57	0	35	
10	25	3	10	5	47	17	6	16	2	11	36	
14	11	12	48	15	51	1	16	3	60	17	73	0	6	5	46	
7	67	9	17	14	63	8	75	16	30	0	19	
8	35	2	17	1	19	7	34	3	46	
1	32	9	13	4	65	17	8	7	39	11	11	15	22	8	59	0	6	
1	35	2	26	6	39	9	66	10	69	7	53	3	61	
9	10	4	15	12	54	10	74	11	1	0	46	1	62	15	35	14	17	6	67	19	55	8	31	
18	49	6	4	2	20	15	23	8	42	5	26	3	47	
18	70	15	1	3	39	9	66	12	9	17	11	13	51	19	27	11	13	1	38	
8	62	14	60	10	1	11	3	17	66	4	64	7	36	18	10	9	20	2	5	13	32	0	40	
6	22	15	6	14	54	3	74	4	17	
14	24	18	53	13	69	9	28	0	30	3	12	2	75	16	41	11	57	15	73	
16	31	1	34	2	59	11	68	6	43	3	71	18	15	
15	42	7	55	0	32	9	59	16	9	6	13	4	60	19	74	14	57	3	38	8	41	2	49	
4	4	12	20	5	17	6	48	11	69	0	58	3	36	9	67	15	75	14	23	
12	39	8	59	19	37	1	18	10	61	16	46	5	29	14	23	11	57	
14	43	1	59	7	51	12	26	18	16	16	45	2	8	13	48	11	63	3	74	
4	72	10	75	2	65	3	63	11	41	18	52	

All component type numbers for each job to be processed by MFPM
6	8	
3	5	8	22	5	3	2	4	
4	5	6	7	9	21	1	2	2	24	
6	10	
6	8	7	22	4	6	9	9	1	5	
9	21	2	15	
5	20	
6	10	2	16	8	25	0	14	
9	11	7	7	
1	13	3	25	
5	6	8	23	3	1	7	4	6	17	
7	20	6	8	
5	25	
9	15	6	21	2	8	
1	14	3	4	8	15	5	21	
4	2	8	8	7	13	9	12	
2	20	0	7	
2	25	
3	22	6	9	1	15	9	3	5	4	
3	19	
8	4	4	12	9	8	0	9	
7	5	8	12	
5	11	8	23	2	13	9	18	
5	22	
1	24	
1	7	8	10	3	3	
4	24	0	25	
5	23	9	1	6	11	
2	6	7	3	
8	2	2	7	5	6	
4	20	3	4	
4	24	
9	5	
0	18	2	13	8	24	6	11	7	9	
7	14	0	23	4	24	9	2	6	18	
5	9	2	11	
5	10	7	12	6	4	0	16	4	24	
4	9	7	10	
1	9	4	12	5	1	8	10	7	4	
7	24	0	14	8	15	
3	19	4	14	6	21	2	4	8	16	
9	9	6	4	
5	3	1	5	
1	1	6	25	8	24	4	3	0	19	
8	6	
6	20	0	6	3	2	2	1	
8	4	1	17	6	14	2	12	3	6	
8	5	9	22	3	15	
0	11	
8	19	
4	11	6	14	1	20	
7	16	3	4	2	13	4	23	5	12	
0	4	
0	8	4	24	
2	11	6	2	5	3	3	1	4	9	
6	19	3	4	4	7	
1	23	9	22	
0	8	3	25	
3	13	5	12	4	9	
3	23	
4	6	9	15	2	5	
0	25	2	15	1	5	4	24	
1	3	8	8	5	9	4	1	
2	13	
4	13	1	6	8	15	7	25	
2	7	7	24	6	18	9	19	5	10	
4	23	3	8	7	16	
8	11	3	6	6	3	9	25	7	9	
6	20	8	25	9	11	
5	20	
2	1	
1	12	3	5	
3	19	2	8	7	12	9	10	
2	10	5	13	
5	7	4	14	6	6	
3	10	4	8	
0	19	7	22	8	13	4	6	1	12	
3	2	9	22	8	5	5	14	2	3	
3	5	
4	23	
9	14	
3	25	9	17	
4	18	7	1	6	24	
7	23	
9	24	2	15	8	2	3	16	
2	15	3	24	
2	7	4	13	
7	1	5	23	4	6	
8	15	
2	9	8	22	6	16	4	1	
9	9	3	1	5	6	8	5	
0	18	5	4	1	3	
2	22	0	5	1	9	
8	15	4	23	7	3	1	20	
1	1	6	14	0	11	4	7	
9	19	6	16	
3	6	2	17	
5	13	7	19	8	15	
0	12	4	20	
3	3	4	19	5	12	9	14	
2	17	6	14	0	11	5	5	8	24	
7	6	9	25	6	1	2	12	
0	22	
8	17	
1	2	8	15	5	4	2	1	
0	3	3	24	7	7	4	1	6	17	
1	4	4	17	0	10	
2	6	4	23	
4	6	
1	9	3	6	
9	5	5	2	2	17	
6	4	2	8	9	13	1	1	
9	6	
0	10	2	25	
0	22	3	18	
7	21	8	16	9	3	6	22	2	2	
5	8	2	23	7	6	4	4	
3	7	1	13	4	17	
8	3	
8	5	5	8	
5	4	
3	5	5	16	
2	22	5	9	
5	22	8	25	
1	11	8	10	
1	2	8	10	7	14	
3	18	9	1	
4	14	8	21	7	5	5	9	2	8	
7	12	5	7	3	11	
7	21	1	11	2	8	
9	15	3	21	
6	13	9	19	3	5	8	20	0	3	
0	19	5	6	
6	21	7	16	1	15	8	22	
3	7	2	14	9	11	
6	21	
3	4	6	6	7	22	
2	8	9	3	
6	23	
5	23	
1	20	9	19	7	25	5	10	8	15	
1	6	2	10	3	4	
8	2	4	12	9	15	0	16	
2	22	3	6	7	2	1	24	
4	24	6	10	
3	13	9	4	1	8	8	5	
7	12	5	11	1	19	
5	20	1	10	2	15	6	7	3	6	
2	15	0	9	
8	16	3	12	9	20	4	18	2	5	

Three processing times per job on each machine
The best scenario
36	24	
140	256	
253	360	
87	138	
79	179	
313	410	
400	85	
394	207	
128	51	
266	106	
108	102	
342	345	
272	272	
121	224	
167	262	
77	56	
282	103	
366	216	
140	207	
43	289	
198	317	
223	375	
161	271	
54	20	
290	258	
43	23	
72	53	
101	231	
107	64	
254	365	
229	195	
21	24	
210	164	
173	222	
118	153	
247	242	
84	126	
106	68	
247	237	
209	168	
444	554	
206	229	
101	150	
241	117	
340	278	
141	183	
67	307	
300	179	
16	54	
119	112	
185	259	
154	195	
86	61	
136	217	
177	158	
175	116	
148	99	
139	47	
93	285	
263	282	
61	39	
392	98	
98	25	
99	187	
157	139	
49	64	
51	62	
47	161	
398	156	
210	175	
46	117	
184	73	
117	97	
155	116	
33	14	
48	91	
219	230	
61	69	
57	47	
124	135	
70	39	
25	29	
214	217	
387	559	
327	161	
157	109	
250	245	
291	185	
190	238	
227	144	
152	43	
190	277	
163	253	
104	35	
94	32	
234	484	
45	79	
218	245	
315	172	
291	228	
207	151	
86	38	
183	45	
92	88	
113	146	
134	131	
51	30	
243	180	
74	145	
85	68	
369	272	
134	243	
304	189	
39	193	
39	37	
24	21	
16	19	
268	287	
82	103	
183	200	
98	397	
299	306	
115	50	
175	66	
129	47	
143	65	
188	259	
102	94	
313	194	
79	282	
285	148	
25	35	
113	96	
167	288	
86	107	
138	407	
41	30	
271	180	
237	215	
199	256	
182	62	
23	48	
450	329	
132	176	
83	100	
243	190	
47	73	
50	110	
160	299	
192	225	
Most likely scenario
59	46	
155	280	
263	374	
102	150	
126	233	
612	444	
439	162	
414	208	
137	76	
362	110	
144	135	
580	580	
389	323	
124	263	
231	276	
85	79	
372	194	
425	269	
192	218	
80	318	
282	562	
240	549	
259	314	
64	29	
298	281	
56	46	
82	82	
147	377	
136	111	
284	411	
430	224	
41	35	
261	231	
274	330	
171	195	
491	288	
129	150	
131	91	
411	361	
266	180	
618	621	
285	354	
196	209	
246	222	
480	336	
242	236	
105	332	
360	196	
32	62	
192	123	
217	292	
161	201	
130	68	
213	230	
213	261	
184	179	
195	130	
192	84	
137	295	
342	409	
95	40	
601	162	
142	47	
125	190	
241	180	
71	83	
64	114	
73	205	
443	171	
290	194	
56	184	
228	144	
164	136	
196	195	
48	20	
84	93	
239	354	
104	120	
61	87	
200	193	
110	62	
38	48	
232	277	
566	577	
585	215	
288	198	
375	306	
309	198	
336	257	
261	174	
182	67	
307	507	
229	466	
180	65	
137	40	
442	539	
60	112	
380	420	
388	241	
376	404	
213	257	
92	62	
195	85	
139	130	
139	209	
143	162	
78	41	
369	227	
122	272	
142	126	
464	401	
144	269	
408	265	
62	210	
78	47	
37	29	
28	22	
343	475	
91	129	
210	242	
143	434	
378	339	
183	52	
189	99	
163	84	
144	89	
310	261	
126	105	
378	289	
133	291	
423	225	
37	49	
187	148	
246	339	
160	199	
257	428	
51	60	
420	306	
265	221	
204	402	
187	70	
42	84	
497	411	
208	251	
115	104	
273	231	
72	78	
85	161	
287	342	
238	249	
The worst scenario
82	53	
187	399	
387	505	
132	207	
152	239	
752	522	
561	189	
543	258	
167	111	
370	148	
203	186	
773	775	
397	344	
145	269	
314	343	
100	82	
557	244	
538	391	
213	245	
115	459	
400	638	
339	683	
388	372	
83	37	
440	411	
65	52	
84	96	
151	513	
138	164	
355	571	
461	288	
50	44	
349	305	
280	403	
214	259	
681	368	
149	215	
133	100	
459	469	
345	266	
682	767	
367	496	
264	252	
361	237	
715	365	
307	285	
134	453	
509	224	
38	67	
275	148	
252	315	
209	301	
185	81	
302	285	
265	277	
273	190	
243	170	
285	107	
177	374	
494	482	
141	44	
862	206	
177	61	
132	230	
310	258	
94	85	
93	131	
93	236	
515	191	
388	211	
72	206	
296	156	
218	149	
290	214	
54	27	
117	139	
332	434	
123	125	
81	122	
242	266	
149	66	
50	49	
289	387	
803	616	
788	276	
364	260	
555	382	
324	225	
393	344	
304	219	
231	80	
389	604	
270	510	
205	82	
186	52	
446	799	
63	140	
554	513	
511	361	
498	460	
280	350	
97	80	
216	116	
190	152	
156	275	
151	199	
90	42	
480	263	
173	380	
172	135	
682	460	
145	355	
477	389	
77	270	
97	56	
43	34	
42	29	
422	604	
111	149	
232	357	
200	628	
478	413	
221	76	
261	125	
219	122	
211	102	
384	321	
162	106	
522	413	
160	431	
520	253	
53	53	
244	205	
355	447	
226	279	
340	444	
63	77	
531	351	
384	290	
259	519	
241	99	
50	110	
551	529	
214	256	
154	138	
342	283	
94	108	
110	227	
428	377	
243	295	
