Factories	2	Jobs	150	Machines	2

Total number of component types per job processed by HSPM
6	11	6	5	6	7	5	12	11	6	11	10	10	5	9	5	9	8	12	5	7	5	5	9	5	6	7	6	11	11	8	10	6	7	12	12	9	10	7	6	9	7	10	5	6	6	8	8	6	5	9	8	12	11	6	7	9	5	5	12	10	12	8	5	11	6	9	6	9	12	9	10	6	5	10	6	9	9	9	6	12	9	8	11	10	12	10	10	8	5	8	11	11	11	12	7	11	9	5	11	7	7	10	5	9	8	10	5	11	7	12	6	10	11	10	5	10	10	11	9	10	5	8	11	9	9	7	8	8	6	7	12	10	11	12	10	11	9	12	9	5	6	8	9	8	5	7	7	10	5	

Total number of component types per job processed by MFPM
5	4	1	3	5	3	5	1	2	3	2	4	2	2	5	5	2	5	3	4	1	2	3	3	2	3	5	3	1	3	1	4	4	5	1	5	3	2	1	5	4	3	3	2	2	1	4	1	3	2	1	3	1	4	1	4	2	2	1	5	4	4	5	3	2	1	3	1	2	3	4	1	2	2	1	5	4	2	4	4	4	1	3	2	4	5	3	5	4	5	1	1	2	3	1	4	4	5	1	1	4	2	4	5	1	5	1	5	5	1	4	3	3	4	5	2	1	3	3	4	5	2	3	3	1	5	5	5	5	4	3	4	3	3	2	2	5	4	1	1	2	2	1	5	1	5	5	1	1	3	

All component type numbers for each job to be processed by HSPM
14	20	15	75	6	32	0	29	19	36	18	25	
2	66	8	64	18	6	0	73	5	44	7	26	9	58	14	17	17	75	3	40	10	52	
1	66	3	27	12	62	11	12	16	58	19	1	
8	28	19	22	13	39	11	8	0	44	
17	19	7	32	12	71	14	20	19	50	13	75	
11	69	10	47	8	57	0	62	17	74	4	3	1	40	
9	2	11	1	10	18	13	29	0	50	
0	43	5	19	3	38	12	11	11	53	15	49	16	41	4	28	19	57	2	9	10	6	17	67	
13	11	4	36	15	24	19	25	1	56	18	12	0	2	5	20	11	53	3	59	16	30	
5	6	8	49	6	74	16	72	15	69	1	67	
16	12	8	4	17	5	11	40	3	49	10	36	7	70	1	37	15	72	13	51	6	16	
3	44	11	61	13	66	1	49	9	9	6	24	15	3	17	4	2	45	10	17	
17	65	10	52	3	47	16	14	0	5	2	1	9	75	12	22	1	4	13	50	
12	50	15	8	5	7	13	38	8	25	
11	8	2	43	17	58	9	17	14	57	4	6	6	25	13	37	1	30	
8	51	11	74	1	60	6	18	0	54	
11	55	16	42	1	20	19	38	13	45	12	62	17	9	10	53	4	2	
19	53	16	50	14	25	18	16	9	37	6	30	13	52	7	47	
0	11	11	65	12	27	10	37	15	30	6	53	9	46	17	64	13	59	8	32	18	67	2	33	
7	43	12	9	5	32	19	5	3	27	
2	23	4	69	9	39	15	18	8	17	18	32	12	65	
16	53	12	15	11	66	15	29	9	18	
15	74	6	56	4	29	7	15	12	2	
6	73	9	62	12	58	4	12	15	64	18	52	11	21	19	23	2	57	
2	19	13	42	5	12	8	39	10	44	
11	1	17	65	4	12	8	5	18	11	10	47	
9	66	7	41	18	72	2	48	8	70	6	15	1	8	
17	64	8	30	19	28	15	48	13	54	4	22	
1	45	0	31	3	41	9	59	8	60	5	72	11	38	2	69	16	53	7	16	12	68	
8	57	11	25	13	37	18	52	3	21	14	20	6	44	5	49	7	2	19	36	0	74	
5	10	8	15	12	26	10	5	14	42	6	69	16	16	7	67	
14	12	7	1	18	58	13	50	6	64	12	17	4	71	11	33	9	5	17	42	
17	47	6	63	14	41	16	43	10	28	1	33	
4	74	14	49	16	50	6	1	17	2	8	19	7	59	
16	50	7	75	12	51	0	16	8	48	1	74	2	29	18	67	19	44	4	25	17	63	13	60	
4	75	7	47	12	7	15	46	3	15	10	8	2	32	19	12	9	64	16	20	5	2	18	3	
14	5	7	75	3	28	8	16	16	63	12	25	19	33	11	62	18	6	
0	19	3	3	10	40	5	15	6	18	1	2	14	29	15	56	2	45	16	13	
8	2	1	20	18	36	6	31	3	38	12	69	5	33	
18	25	19	48	2	75	5	38	0	29	7	56	
10	67	4	69	6	70	1	55	18	75	16	38	11	27	13	68	9	45	
18	20	10	74	3	36	6	7	11	55	0	52	9	8	
13	14	8	1	7	39	1	72	17	11	14	37	10	53	5	29	19	18	2	7	
8	74	12	29	13	23	6	72	11	31	
1	18	8	63	7	19	18	26	4	74	3	4	
4	29	13	63	2	55	8	46	18	5	15	27	
15	46	9	72	8	43	1	33	13	50	14	51	4	7	3	5	
15	54	8	65	0	11	1	18	7	33	2	16	14	35	13	63	
14	27	11	34	2	2	8	7	16	55	9	57	
0	18	7	45	8	74	10	39	15	1	
6	31	10	12	12	7	13	55	15	4	1	32	4	13	2	15	19	21	
18	40	0	62	12	22	7	10	13	36	10	16	6	43	8	63	
7	32	1	67	9	72	0	50	16	64	14	75	12	26	6	39	4	7	5	60	19	40	8	43	
16	49	9	44	8	27	11	51	18	60	17	4	0	37	10	43	7	30	12	50	2	9	
7	7	6	27	16	73	0	26	18	40	4	23	
11	61	19	33	8	22	12	45	3	30	10	53	5	52	
2	60	8	49	0	13	15	41	18	61	5	62	10	39	1	48	19	30	
18	25	10	55	14	38	5	63	11	43	
15	57	5	12	13	73	16	14	9	21	
10	52	7	25	14	65	3	23	12	22	17	21	9	62	6	64	11	53	13	17	0	15	15	70	
11	38	7	50	5	39	18	67	2	37	13	44	10	29	12	73	9	53	1	60	
8	73	0	14	7	42	3	20	18	5	6	17	4	46	17	12	15	53	13	36	9	25	2	75	
1	3	11	68	3	2	7	75	13	11	2	25	9	51	15	59	
0	38	19	65	9	5	4	67	18	35	
1	68	4	44	19	51	6	21	16	15	17	40	5	29	15	33	11	5	2	69	3	72	
12	48	19	34	9	7	6	49	18	53	1	44	
16	44	10	39	3	52	4	32	11	66	7	60	8	56	6	5	13	6	
5	45	1	61	14	58	17	48	2	39	19	32	
2	55	11	5	10	18	6	33	17	38	0	44	8	39	5	20	19	57	
8	72	15	31	2	8	13	52	19	49	18	10	11	62	3	28	16	21	10	18	12	60	9	24	
10	63	11	59	6	62	0	21	12	20	8	39	17	66	3	24	16	50	
3	1	18	51	12	30	4	68	6	67	15	52	9	15	16	70	5	64	11	32	
4	73	17	7	0	47	10	63	19	27	14	10	
13	21	4	47	7	52	19	5	12	54	
8	4	14	59	19	13	10	63	13	65	2	23	18	8	16	14	1	11	0	39	
7	6	15	39	5	28	19	57	11	11	10	68	
2	24	6	14	19	72	15	18	5	58	1	64	8	21	13	29	3	27	
15	6	16	75	12	15	4	71	7	47	17	2	19	62	8	55	5	12	
0	55	6	61	15	35	14	23	13	71	1	5	16	6	5	47	7	16	
5	21	10	23	18	8	7	73	17	9	14	69	
1	23	13	43	4	49	7	8	3	29	19	60	5	39	8	62	11	22	12	57	17	48	14	15	
10	71	16	21	8	69	3	41	5	72	18	19	2	63	0	6	13	17	
7	66	19	2	17	67	4	25	12	47	13	15	2	41	14	32	
5	16	0	63	15	11	8	60	12	28	11	4	19	72	4	8	10	26	17	55	7	38	
9	30	3	21	0	69	16	58	1	23	14	28	4	17	11	66	10	6	2	45	
3	12	1	21	10	37	8	73	2	65	4	48	0	44	15	75	18	72	13	32	9	59	16	1	
9	34	14	22	19	47	4	17	7	3	3	16	2	23	10	64	5	49	8	31	
17	65	3	19	10	42	16	14	4	58	6	32	11	64	13	33	5	53	0	45	
16	63	19	69	0	1	15	52	10	38	18	62	12	3	4	39	
4	45	7	28	16	18	10	10	0	66	
4	53	18	4	9	12	8	34	6	35	5	72	13	10	7	68	
9	73	3	8	14	9	13	19	16	29	19	42	0	70	11	32	4	13	12	24	2	48	
7	48	13	29	4	33	9	71	3	45	18	11	10	38	14	42	6	13	8	32	5	14	
7	2	18	17	15	21	16	71	3	30	5	19	8	36	4	58	17	24	9	42	10	68	
9	25	0	4	10	64	1	38	5	59	7	24	4	46	18	20	13	10	19	9	2	47	12	61	
11	28	7	58	14	62	0	56	17	22	2	67	13	69	
2	49	17	70	0	23	4	12	19	58	14	24	9	16	11	15	5	65	13	51	3	45	
1	64	12	41	9	56	3	57	16	45	6	10	2	17	17	20	11	27	
12	8	15	7	0	67	10	9	2	19	
13	55	19	69	14	33	2	67	8	47	15	25	17	37	0	56	5	71	11	57	7	11	
6	37	1	11	7	49	12	68	5	53	4	29	19	64	
4	25	1	22	6	23	12	46	11	12	3	24	19	74	
3	72	4	12	8	26	16	47	18	1	17	5	5	67	2	63	10	21	12	70	
6	66	17	51	1	34	10	46	7	63	
16	11	7	61	11	41	2	12	12	25	15	19	9	43	1	1	3	26	
16	31	12	62	3	32	18	51	5	3	15	9	13	17	14	25	
19	67	10	69	12	75	5	72	7	24	11	26	13	9	14	25	18	2	9	65	
3	72	8	42	6	19	4	26	14	11	
7	1	6	53	10	4	17	5	4	65	1	35	16	9	19	6	9	29	8	13	15	39	
8	65	1	14	7	19	14	12	15	17	11	23	18	36	
4	58	1	18	10	19	11	73	2	10	3	74	0	64	12	33	14	55	13	70	7	9	18	46	
18	37	14	32	10	47	1	53	4	20	19	39	
6	4	14	59	8	37	18	47	11	11	16	65	5	31	0	20	3	67	17	55	
2	36	18	18	12	46	13	2	8	63	6	20	15	19	4	1	11	42	14	34	5	7	
5	41	17	61	7	11	1	33	3	52	4	42	10	31	11	6	12	38	2	8	
7	7	12	2	17	57	6	70	18	28	
0	69	17	5	5	39	11	26	16	13	4	32	2	61	12	19	13	50	14	36	
9	31	12	11	2	5	6	64	10	8	8	18	13	42	16	56	14	63	18	15	
8	31	9	17	11	11	15	34	1	32	14	55	5	38	0	2	19	20	10	65	4	15	
3	58	18	66	11	8	12	75	14	46	16	41	8	6	9	47	2	42	
8	59	5	32	12	31	4	52	19	46	3	36	17	15	15	16	0	62	16	69	
7	24	5	33	6	32	0	47	3	17	
12	25	8	13	0	51	9	33	17	57	7	4	13	5	4	17	
9	69	16	47	14	3	7	4	8	18	12	64	2	24	0	13	10	32	17	50	13	59	
0	27	2	60	6	9	14	52	5	43	19	5	15	30	11	53	18	28	
19	75	16	70	9	19	10	59	15	40	18	11	8	3	1	42	5	25	
13	13	3	65	18	73	5	3	11	75	14	54	4	30	
2	54	18	7	19	14	17	26	0	20	4	17	9	69	7	33	
16	72	19	15	7	74	3	60	0	24	13	33	18	32	5	1	
8	24	6	48	16	17	19	50	7	75	9	52	
0	2	5	29	16	64	12	41	13	51	1	26	10	59	
3	22	2	47	5	12	9	17	7	45	11	43	1	27	8	44	12	71	0	60	10	65	16	56	
14	48	18	18	5	43	8	37	9	24	15	52	13	60	17	8	1	26	11	13	
9	32	15	19	2	71	14	75	10	67	7	46	12	74	8	65	3	40	0	4	4	49	
14	65	4	13	2	51	13	47	10	5	15	64	16	58	1	25	18	49	9	21	17	70	19	59	
7	7	14	19	15	72	9	43	19	39	8	1	11	24	12	51	13	28	6	20	
10	54	11	17	14	22	8	56	13	64	12	16	18	65	15	37	19	55	1	61	0	19	
1	23	9	41	16	68	8	66	15	75	19	55	14	1	17	8	6	72	
13	31	19	35	3	60	17	37	15	15	12	24	1	43	0	69	5	12	2	8	16	70	7	34	
3	68	6	64	9	23	14	58	18	27	16	38	2	29	1	36	19	10	
13	10	6	41	18	32	17	6	5	8	
17	50	13	16	4	4	2	5	12	59	18	51	
3	64	17	31	0	49	19	29	10	75	13	32	7	37	16	9	
10	66	7	38	18	74	11	27	15	37	4	49	13	33	16	29	5	59	
7	15	9	72	3	64	16	4	10	57	5	19	18	50	2	24	
3	55	1	14	18	16	11	42	10	40	
17	58	8	2	18	72	13	40	12	33	2	75	6	67	
10	3	17	13	16	66	6	54	3	30	11	28	1	12	
4	52	8	60	3	22	18	19	7	10	14	28	19	54	6	63	13	26	2	32	
15	53	11	36	10	6	13	24	3	26	

All component type numbers for each job to be processed by MFPM
8	22	1	20	9	18	3	8	6	16	
9	7	3	6	0	23	2	25	
2	9	
3	5	6	21	2	7	
6	11	5	10	4	6	3	19	2	7	
1	16	9	7	0	13	
0	17	9	22	6	4	2	11	4	24	
3	19	
4	19	8	22	
3	3	5	16	1	23	
1	3	4	2	
2	6	0	20	6	17	8	24	
3	21	2	22	
5	14	0	3	
9	18	4	22	7	10	0	8	1	6	
6	15	1	10	9	14	5	23	8	12	
0	16	6	17	
4	6	2	10	5	2	3	11	0	12	
6	19	4	14	2	24	
3	17	2	10	9	15	1	25	
8	10	
0	10	3	23	
7	8	0	10	9	4	
7	21	2	8	9	23	
9	18	2	22	
9	19	7	17	5	14	
7	22	6	17	8	13	3	23	0	5	
9	13	8	10	5	19	
8	10	
1	17	2	22	3	8	
1	24	
6	19	2	9	0	1	4	3	
4	9	6	24	0	15	9	18	
4	8	8	17	2	4	5	16	7	9	
6	23	
6	9	9	2	2	15	3	12	1	23	
4	10	1	25	0	11	
0	18	5	1	
2	7	
8	23	4	7	5	12	6	6	7	5	
6	3	9	7	1	22	7	14	
6	6	4	15	2	10	
2	20	5	7	3	23	
9	15	8	16	
1	25	5	22	
9	7	
2	2	6	20	3	3	4	12	
7	3	
3	8	5	25	1	13	
8	14	4	18	
5	15	
2	8	7	23	4	17	
4	21	
4	21	8	5	7	24	5	12	
3	22	
3	2	9	17	4	10	0	8	
1	21	4	16	
9	11	7	12	
4	10	
8	4	4	21	3	12	9	15	0	6	
8	11	2	13	0	24	3	4	
3	16	2	4	7	3	1	20	
5	22	3	21	6	13	9	16	8	11	
3	5	1	10	5	15	
5	20	9	3	
8	4	
6	7	9	25	0	23	
3	16	
3	17	4	21	
7	3	1	10	6	24	
4	1	2	17	5	13	9	19	
4	10	
5	6	0	23	
5	9	1	4	
8	17	
4	8	5	22	2	2	1	6	8	11	
2	12	4	15	5	4	0	19	
2	14	8	25	
7	3	2	7	6	24	4	12	
0	10	4	21	5	3	8	4	
3	8	0	17	2	16	5	22	
5	6	
0	14	3	13	5	6	
6	6	5	4	
9	19	7	12	8	24	3	15	
9	23	5	22	2	2	3	24	1	8	
1	6	5	11	0	14	
7	17	4	8	5	4	6	22	1	7	
9	9	6	21	3	17	4	4	
5	23	1	10	4	4	9	6	8	21	
3	15	
0	21	
8	19	9	7	
7	2	8	19	4	10	
1	13	
6	6	9	14	8	11	1	9	
0	9	6	1	9	15	4	11	
6	8	5	18	8	24	1	20	0	1	
5	11	
4	19	
2	11	3	10	0	16	7	14	
9	13	2	17	
6	8	8	24	5	14	3	5	
7	19	4	18	0	17	3	8	9	3	
0	10	
0	8	9	9	2	12	6	16	4	2	
3	24	
6	11	4	19	8	2	3	14	9	20	
8	10	6	20	0	13	4	16	3	12	
7	5	
7	11	0	3	4	23	5	9	
6	14	8	22	5	9	
3	21	5	4	6	12	
1	19	4	13	7	11	2	24	
2	17	8	13	9	2	4	11	7	22	
0	2	3	25	
4	9	
4	6	7	21	3	2	
7	20	5	14	0	11	
5	10	1	1	8	20	9	13	
4	21	0	13	1	18	2	6	8	7	
1	6	3	12	
3	14	2	11	4	22	
0	14	8	23	6	11	
0	23	
8	17	2	15	1	22	4	25	0	7	
9	19	2	6	5	8	3	18	7	21	
5	4	0	7	7	3	9	25	4	8	
6	6	8	10	7	23	0	18	2	15	
2	13	4	4	7	25	8	20	
9	16	6	14	1	4	
7	13	9	11	6	18	0	3	
5	25	4	2	1	6	
8	6	1	1	2	12	
9	21	1	10	
2	2	3	3	
5	13	3	8	2	4	1	6	4	7	
6	5	8	10	9	14	3	9	
2	24	
2	6	
9	17	1	21	
0	8	5	12	
6	12	
1	7	6	9	8	16	3	19	7	4	
4	3	
6	25	2	16	0	11	1	5	8	13	
3	16	2	1	6	3	4	2	8	17	
2	9	
0	17	
3	17	4	14	7	9	

Three processing times per job on each machine
The best scenario
261	338	
613	459	
95	180	
425	117	
260	283	
874	940	
901	814	
822	793	
535	291	
161	651	
616	911	
201	358	
837	423	
404	903	
186	586	
148	180	
448	1160	
410	780	
189	120	
233	73	
323	168	
466	282	
800	589	
545	411	
478	305	
89	117	
344	122	
389	407	
360	332	
393	355	
188	187	
195	206	
165	96	
467	323	
293	516	
112	189	
230	288	
437	604	
583	556	
610	464	
192	242	
167	196	
358	212	
480	941	
1201	765	
342	600	
357	393	
492	744	
206	626	
96	78	
173	308	
369	193	
221	233	
140	381	
116	232	
1155	511	
929	587	
522	426	
577	1294	
1003	1320	
404	547	
242	370	
145	164	
306	406	
269	531	
646	805	
144	654	
907	274	
213	371	
152	89	
458	462	
439	532	
119	202	
133	401	
857	234	
1200	712	
143	177	
1343	1186	
467	226	
118	230	
287	371	
637	475	
455	265	
374	210	
389	693	
143	443	
387	446	
205	406	
284	462	
814	634	
277	252	
460	531	
489	330	
234	411	
527	594	
717	331	
135	150	
748	664	
232	139	
422	475	
247	623	
1165	1192	
248	58	
507	133	
523	246	
419	439	
447	205	
367	725	
81	105	
636	631	
934	1057	
725	943	
525	1047	
93	280	
168	1021	
93	221	
710	251	
51	131	
282	304	
375	467	
977	439	
80	92	
716	631	
600	466	
349	402	
134	312	
840	576	
347	1001	
131	55	
892	923	
133	95	
292	489	
340	791	
132	138	
234	1005	
1215	703	
179	142	
258	110	
688	661	
157	248	
60	155	
1088	615	
328	407	
296	171	
128	98	
639	732	
109	272	
366	730	
104	160	
639	507	
Most likely scenario
355	409	
709	853	
189	291	
561	183	
296	463	
944	986	
1128	1320	
1313	1011	
687	382	
308	663	
829	957	
279	604	
1070	558	
771	912	
372	945	
194	250	
530	1274	
799	909	
335	237	
264	129	
464	295	
779	545	
869	690	
574	497	
508	343	
134	146	
655	206	
455	488	
524	369	
729	619	
190	316	
204	251	
230	187	
485	464	
538	904	
182	334	
450	379	
780	664	
711	944	
735	919	
225	305	
219	225	
517	267	
630	1025	
1443	1135	
386	817	
414	650	
695	818	
328	723	
113	106	
239	355	
566	346	
237	441	
244	477	
207	339	
1345	691	
1081	698	
537	521	
643	1415	
1231	1343	
745	895	
371	422	
215	258	
481	603	
296	980	
847	838	
273	705	
979	383	
406	378	
190	171	
622	522	
658	706	
146	317	
228	494	
1026	392	
1222	1224	
192	337	
1405	1357	
593	231	
212	339	
427	706	
762	655	
488	522	
651	219	
644	720	
233	451	
525	736	
237	463	
321	496	
1215	740	
439	278	
791	680	
594	466	
298	640	
587	603	
766	628	
172	185	
894	674	
360	179	
512	656	
299	818	
1373	1198	
266	114	
571	195	
813	314	
491	634	
627	307	
667	726	
119	166	
967	731	
1083	1203	
1326	1217	
903	1108	
142	496	
288	1097	
148	240	
930	438	
97	143	
463	426	
587	846	
1445	491	
105	163	
811	800	
749	590	
459	509	
154	404	
1171	833	
540	1072	
169	95	
1296	945	
175	109	
558	516	
506	1086	
139	271	
335	1020	
1275	845	
263	176	
264	173	
698	683	
239	339	
104	222	
1138	859	
376	411	
381	198	
137	148	
794	810	
210	316	
678	944	
106	175	
842	844	
The worst scenario
371	419	
780	1171	
251	387	
808	240	
396	506	
960	1181	
1349	1951	
1891	1098	
872	536	
368	699	
879	1321	
353	896	
1496	770	
1029	1071	
458	1014	
288	333	
760	1881	
1014	1293	
484	341	
369	188	
588	429	
1050	767	
1225	970	
677	722	
619	363	
144	208	
913	222	
562	604	
668	413	
835	631	
221	451	
236	372	
259	252	
584	595	
645	913	
204	365	
644	420	
1082	755	
768	1316	
825	1093	
315	426	
256	276	
606	325	
664	1267	
1537	1330	
476	992	
534	704	
992	858	
475	950	
155	154	
312	424	
597	390	
349	591	
317	676	
233	360	
1949	805	
1145	802	
699	706	
833	1971	
1305	1527	
1033	1265	
524	516	
320	350	
652	813	
434	1424	
913	862	
402	1052	
1335	440	
459	529	
203	254	
915	629	
889	1029	
192	441	
327	595	
1385	477	
1452	1826	
198	344	
1957	1801	
603	273	
227	378	
458	903	
1107	742	
540	682	
834	313	
941	930	
307	635	
672	763	
300	563	
336	706	
1452	1063	
607	415	
1079	939	
661	525	
315	953	
642	608	
1056	738	
250	222	
1124	995	
386	248	
673	874	
427	926	
1783	1534	
276	142	
585	247	
1150	461	
553	783	
726	444	
970	784	
171	179	
1132	985	
1395	1312	
1344	1688	
1289	1540	
168	688	
323	1378	
202	246	
1269	651	
130	160	
648	504	
621	1246	
1529	539	
127	180	
987	894	
985	786	
547	737	
223	410	
1566	922	
560	1120	
214	121	
1690	1230	
246	162	
734	679	
587	1553	
152	336	
441	1104	
1362	1038	
351	188	
356	226	
1009	770	
312	349	
143	280	
1399	1282	
509	545	
430	294	
163	199	
923	945	
291	321	
743	1348	
130	177	
1130	1066	
