Factories	4	Jobs	50	Machines	3

Total number of component types per job processed by HSPM
12	8	8	8	6	9	10	12	7	5	9	8	7	5	7	8	6	12	7	12	6	6	10	8	12	7	12	9	8	7	6	9	10	5	5	5	8	10	10	5	6	8	11	11	5	11	11	8	7	6	

Total number of component types per job processed by MFPM
5	1	5	5	4	4	2	5	4	4	5	4	3	3	2	3	4	5	4	4	4	1	2	2	3	2	3	3	3	1	5	4	5	1	5	5	1	2	3	2	3	5	2	3	1	1	3	1	1	3	3	1	3	4	2	2	4	1	2	2	5	3	3	2	5	5	1	5	2	2	4	4	5	2	5	2	3	3	4	4	2	3	1	5	5	2	3	3	5	2	2	5	1	1	4	2	1	1	4	5	

All component type numbers for each job to be processed by HSPM
5	60	18	67	17	39	0	53	11	55	12	6	16	36	2	17	3	27	7	21	8	5	15	33	
7	35	15	37	19	30	13	58	3	51	2	39	18	48	1	65	
6	39	18	18	19	35	8	52	10	41	3	46	9	34	7	21	
4	35	18	22	9	2	12	48	15	3	3	69	7	6	17	67	
15	59	16	47	5	11	7	10	17	38	19	53	
1	37	12	18	2	2	6	72	17	47	5	45	16	7	8	42	11	35	
3	39	4	48	2	43	0	26	19	24	8	19	12	58	18	68	17	6	7	11	
14	30	10	58	7	46	5	13	8	55	18	6	4	12	1	10	11	61	0	56	2	62	13	38	
14	34	18	30	15	10	13	46	9	71	11	12	3	62	
0	75	5	9	13	59	4	69	16	37	
16	52	10	8	14	67	7	45	11	73	2	18	5	74	15	5	3	25	
19	74	15	61	8	29	13	6	1	46	9	40	18	69	17	36	
9	7	17	20	10	58	4	2	16	60	18	16	12	66	
15	3	6	59	4	54	12	63	10	20	
7	21	12	11	17	38	9	72	15	75	8	10	10	63	
0	45	3	26	7	66	12	8	1	62	14	65	10	54	15	24	
17	23	11	63	3	19	2	59	12	29	6	60	
7	25	3	21	19	44	11	38	4	26	15	74	8	20	2	53	1	68	5	56	9	22	17	17	
6	65	11	68	3	1	10	8	12	25	14	29	16	34	
10	71	5	64	0	72	8	10	4	18	7	74	17	66	1	65	19	1	18	6	12	34	6	19	
14	29	7	47	8	26	11	28	18	1	5	56	
6	14	19	70	13	18	12	32	7	71	3	13	
0	62	13	74	11	20	15	41	2	32	19	55	4	29	17	9	8	6	10	18	
14	35	10	8	6	56	0	10	4	57	16	58	18	43	9	17	
19	59	10	11	16	10	17	51	6	52	13	63	5	44	4	35	11	64	3	32	7	25	8	16	
8	9	0	44	5	74	19	72	4	66	13	16	18	20	
3	65	17	3	9	15	5	39	2	4	7	55	6	16	19	17	14	11	10	7	1	61	18	14	
7	70	2	4	19	41	17	13	13	50	9	5	11	58	16	49	3	60	
15	34	6	23	12	25	18	14	14	21	8	32	5	2	13	56	
11	69	3	24	13	50	4	74	17	65	6	31	5	4	
1	42	13	68	5	46	16	43	7	63	14	49	
17	51	4	31	7	56	2	20	14	64	16	59	3	68	19	73	18	67	
3	43	11	58	17	22	14	73	7	49	9	62	0	6	8	20	12	67	16	17	
5	58	0	70	12	13	4	69	19	45	
6	39	18	57	14	54	19	6	17	66	
16	1	13	54	18	64	3	24	10	6	
1	59	4	5	0	27	17	39	18	3	11	6	7	4	2	23	
13	6	6	29	0	61	15	17	8	45	11	3	17	22	1	10	9	31	19	49	
1	37	4	29	5	3	12	23	7	42	14	62	15	34	6	40	0	46	18	75	
17	46	6	37	14	74	2	53	1	73	
4	73	17	71	11	40	3	3	2	45	7	35	
7	27	19	4	9	40	11	65	10	41	18	34	13	54	17	24	
1	17	13	74	10	39	9	52	4	34	14	63	7	26	15	19	5	21	8	65	3	47	
7	50	13	46	6	71	15	51	5	16	11	2	0	48	19	68	4	17	14	15	3	64	
15	17	8	41	1	53	17	8	4	66	
4	20	15	56	8	71	18	59	10	53	13	25	16	57	0	41	5	6	17	46	1	31	
10	35	2	38	9	63	1	65	8	30	5	24	4	58	13	56	7	15	14	72	12	43	
16	3	7	32	11	60	9	71	19	31	5	63	14	45	2	35	
16	31	11	20	8	25	15	75	19	29	3	35	2	26	
13	3	17	29	1	66	12	22	6	70	5	14	

All component type numbers for each job to be processed by MFPM
7	20	5	22	0	17	2	4	9	16	
6	38	
1	15	7	19	5	8	9	10	4	17	
3	31	0	41	5	48	7	30	8	35	
5	3	9	4	7	9	1	6	
7	31	9	47	0	42	3	46	
0	17	1	3	
3	45	2	44	9	42	4	30	5	33	
2	16	5	21	1	10	0	24	
7	36	9	33	8	27	3	35	
2	20	5	24	9	13	6	11	1	7	
0	47	9	39	3	43	5	27	
2	1	6	25	1	23	
1	30	7	46	6	49	
1	16	3	18	
0	38	4	46	8	33	
0	12	4	17	2	20	3	9	
6	31	8	45	4	41	2	29	3	27	
1	18	0	20	5	1	8	4	
2	50	6	45	9	40	3	35	
1	20	2	12	0	16	3	22	
5	43	
2	7	3	2	
9	46	8	42	
3	2	7	22	0	21	
5	41	6	37	
6	21	2	7	1	12	
0	45	5	41	6	31	
4	21	7	13	3	20	
6	34	
1	14	2	1	9	24	4	20	8	22	
0	26	7	40	3	35	6	27	
4	3	7	14	3	13	2	5	8	1	
3	44	
4	23	3	7	7	1	5	8	0	2	
5	34	7	43	4	35	0	49	8	50	
5	14	
1	45	7	40	
5	10	7	8	6	5	
9	30	2	27	
7	25	8	8	4	24	
9	38	5	49	2	48	4	34	7	37	
8	20	1	4	
1	40	4	31	0	33	
0	5	
4	42	
1	24	7	23	8	9	
2	45	
2	12	
6	45	2	37	3	27	
9	23	3	1	5	4	
3	46	
3	19	1	2	0	12	
5	43	2	31	6	33	1	47	
7	10	2	22	
2	46	8	43	
3	1	2	20	7	17	1	23	
6	39	
6	12	4	9	
2	35	0	31	
9	5	3	10	1	2	4	7	5	20	
9	33	3	38	8	43	
2	23	8	17	6	8	
8	34	6	37	
6	7	5	8	0	24	7	3	4	9	
8	38	4	37	7	46	3	26	2	39	
2	17	
6	47	5	36	9	30	7	39	1	32	
3	1	8	5	
5	33	1	38	
2	10	6	6	9	23	0	4	
2	28	1	47	8	31	4	35	
7	13	8	25	6	23	3	3	4	22	
0	46	5	47	
9	3	8	25	5	19	0	4	4	20	
7	34	1	45	
7	20	8	14	6	11	
3	33	8	46	5	36	
0	15	6	14	3	12	9	7	
0	41	6	33	8	31	9	40	
2	16	9	13	
3	39	7	45	0	34	
7	17	
2	45	9	33	0	30	7	35	1	36	
2	2	7	4	8	18	6	10	5	8	
5	34	9	31	
0	9	7	18	2	2	
8	34	1	46	4	50	
4	11	3	14	9	13	2	17	8	4	
3	26	5	30	
5	7	6	22	
2	42	4	34	6	33	1	27	3	48	
0	21	
7	35	
5	16	6	24	9	3	7	23	
2	32	0	38	
9	11	
8	41	
5	22	1	25	6	17	9	1	
4	50	1	34	6	36	9	28	2	31	

Three processing times per job on each machine
The best scenario
67	61	33	
47	88	84	
78	83	91	
51	22	19	
134	136	167	
195	198	118	
61	100	134	
191	134	130	
116	214	121	
317	110	257	
24	29	13	
305	169	253	
143	207	83	
271	143	231	
170	275	342	
163	183	123	
138	283	213	
48	42	12	
50	22	27	
127	71	108	
125	58	168	
198	76	42	
31	131	112	
26	15	22	
177	189	230	
23	20	47	
227	131	290	
283	177	176	
178	168	237	
204	91	183	
262	400	149	
238	186	53	
99	44	76	
201	96	328	
56	46	15	
122	170	152	
180	171	150	
102	109	252	
267	209	118	
96	90	152	
153	127	47	
302	166	525	
55	82	203	
230	79	136	
403	207	325	
183	286	139	
182	237	228	
143	498	229	
298	127	259	
91	96	107	
Most likely scenario
70	65	58	
48	97	106	
138	131	130	
58	40	35	
212	239	293	
317	255	162	
114	158	163	
305	169	242	
173	241	144	
383	189	394	
41	58	17	
539	214	285	
277	277	135	
378	204	326	
281	327	468	
255	231	144	
269	385	259	
50	45	15	
84	41	40	
176	94	141	
180	89	201	
203	83	71	
61	178	120	
34	18	26	
214	211	262	
26	35	84	
260	175	299	
290	222	205	
331	299	375	
220	105	235	
404	451	256	
306	297	102	
127	63	100	
253	129	356	
58	48	21	
133	186	207	
265	227	179	
180	152	364	
356	362	123	
167	130	156	
179	144	90	
319	300	539	
64	94	222	
250	87	194	
611	256	358	
364	321	156	
307	252	445	
185	574	323	
357	154	446	
115	164	145	
The worst scenario
86	88	60	
67	133	115	
163	190	177	
78	47	43	
261	348	325	
436	335	231	
117	183	239	
347	174	270	
192	352	179	
415	265	422	
50	73	21	
780	292	403	
368	345	200	
409	282	487	
359	436	529	
364	304	167	
399	419	335	
69	65	19	
95	51	47	
243	140	156	
208	121	207	
225	95	82	
80	222	158	
41	24	38	
243	239	300	
39	42	109	
387	252	409	
406	247	221	
341	411	470	
221	110	294	
521	470	261	
317	428	119	
143	91	146	
336	140	410	
87	51	31	
134	194	299	
308	253	203	
225	214	435	
424	534	149	
190	156	184	
212	150	135	
378	344	671	
85	120	228	
375	122	256	
642	380	374	
378	404	199	
450	308	641	
206	618	453	
454	207	577	
169	197	167	
