Factories	5	Jobs	50	Machines	2

Total number of component types per job processed by HSPM
7	5	5	10	5	6	9	11	9	5	12	9	5	6	11	11	5	7	8	5	8	6	7	10	11	9	8	9	6	7	5	11	12	5	7	12	5	11	12	8	6	8	5	8	12	11	5	5	5	12	

Total number of component types per job processed by MFPM
1	5	4	5	4	4	3	3	4	3	4	5	3	4	1	4	5	5	5	2	5	5	1	3	4	4	4	2	2	1	5	4	5	2	2	1	2	3	5	4	5	5	1	3	3	3	4	5	3	5	

All component type numbers for each job to be processed by HSPM
18	41	5	27	7	72	8	28	15	1	3	65	12	61	
7	16	11	53	15	68	10	24	4	29	
8	58	3	34	16	41	17	56	9	9	
17	18	1	71	0	75	16	22	19	62	12	30	13	44	5	63	6	23	2	56	
12	60	0	35	17	43	13	8	3	2	
19	1	18	36	6	20	7	22	1	50	11	35	
18	13	19	18	16	74	4	39	8	51	3	41	7	27	15	58	12	42	
18	75	13	64	16	60	3	57	4	43	17	9	1	25	14	65	7	44	2	39	9	1	
10	50	4	42	8	13	17	74	14	12	0	3	13	31	9	72	16	49	
13	62	5	72	16	71	2	53	8	21	
19	65	8	2	14	55	18	69	4	20	11	3	0	37	10	24	15	27	13	14	9	67	2	41	
15	16	11	31	19	55	3	39	16	25	13	28	1	37	6	57	4	7	
17	19	12	43	0	47	11	33	13	37	
12	22	8	18	10	73	9	24	6	25	7	64	
0	68	1	44	12	56	5	21	16	16	11	55	9	46	4	28	8	48	3	70	6	73	
7	8	13	64	18	12	17	65	5	20	14	53	3	27	1	31	2	66	16	61	6	36	
4	72	8	6	10	37	1	46	16	73	
18	58	3	63	8	53	10	14	5	23	14	68	13	5	
14	15	16	39	3	22	8	23	13	59	17	11	12	40	9	68	
1	6	4	32	14	38	3	11	16	60	
7	55	5	28	3	19	18	41	13	48	12	23	2	27	17	59	
5	30	6	25	12	58	4	69	11	45	18	74	
18	15	8	52	16	25	7	30	0	40	1	66	4	13	
10	17	7	68	19	69	12	4	1	66	13	20	5	31	2	49	16	19	17	45	
14	18	17	70	0	60	4	15	2	46	11	24	9	63	1	25	15	75	13	42	8	13	
14	64	4	1	7	43	1	37	19	65	17	19	5	5	2	13	15	56	
6	59	15	35	7	16	0	4	8	6	9	57	10	27	14	11	
10	32	3	31	6	16	9	35	7	56	4	51	18	64	16	12	19	23	
0	11	15	31	18	15	5	19	2	24	17	25	
14	9	4	6	1	43	6	51	9	59	7	74	11	10	
0	31	11	27	7	39	1	11	5	38	
12	64	16	75	3	25	15	14	6	39	7	26	5	18	8	7	1	42	14	24	0	69	
1	4	6	32	15	40	9	73	3	21	11	50	17	47	12	67	7	20	5	24	14	12	10	25	
5	39	14	34	2	55	18	70	12	8	
13	53	9	55	10	49	15	71	0	4	2	40	14	52	
13	52	14	13	4	50	9	8	5	64	17	41	2	53	12	21	15	55	10	40	6	12	11	11	
13	58	4	71	5	57	8	8	18	32	
12	14	18	48	10	45	4	71	5	25	17	3	15	41	8	75	19	30	3	46	6	26	
3	47	8	38	14	54	7	26	10	15	0	61	15	39	1	58	4	48	11	19	18	20	19	45	
1	57	17	67	7	3	9	45	5	75	4	22	10	59	2	35	
7	55	2	47	17	61	1	3	4	70	18	27	
3	21	4	50	15	43	18	62	7	17	1	48	14	19	12	51	
9	38	16	71	0	56	12	2	5	28	
9	13	17	7	2	23	10	75	12	26	15	18	13	14	5	41	
12	11	13	32	15	10	18	22	8	7	9	69	10	42	4	58	3	67	16	14	6	40	19	72	
10	18	15	24	18	11	5	9	9	25	19	60	6	48	12	66	3	72	17	59	11	75	
16	7	4	48	7	8	10	26	2	45	
8	48	12	72	14	18	3	37	18	62	
8	52	7	73	16	41	17	44	14	58	
9	25	19	62	5	63	12	11	15	57	3	64	13	15	14	12	17	37	2	19	1	45	16	67	

All component type numbers for each job to be processed by MFPM
6	6	
0	13	2	11	1	21	4	12	5	5	
2	24	1	20	0	14	4	23	
7	7	0	3	1	5	2	23	6	18	
2	6	0	18	9	9	4	3	
1	19	3	2	9	22	7	1	
1	2	7	15	3	5	
0	16	2	1	3	2	
0	25	3	11	1	6	8	19	
3	15	6	21	0	2	
0	11	8	16	7	22	9	2	
8	11	6	4	3	22	2	8	9	3	
8	25	2	16	6	1	
1	8	7	9	3	18	5	11	
6	11	
1	20	2	12	4	13	5	2	
0	6	5	24	6	1	2	15	7	19	
2	19	4	3	1	15	9	13	7	9	
2	22	8	21	4	6	0	5	3	24	
9	3	6	2	
5	10	8	9	7	22	2	13	3	20	
1	23	3	10	4	25	2	6	5	4	
1	14	
7	1	2	16	5	23	
7	10	8	20	2	4	1	19	
0	23	4	2	7	11	8	25	
0	22	1	4	3	6	4	3	
0	20	5	25	
9	2	0	3	
0	7	
3	17	6	23	8	18	5	10	1	14	
3	14	4	6	7	19	2	4	
6	5	3	7	7	15	5	8	4	9	
8	1	2	14	
3	3	6	19	
5	9	
8	20	6	15	
3	20	8	21	2	4	
5	3	6	2	0	14	8	19	3	25	
8	12	4	19	3	25	2	20	
6	6	2	13	9	20	4	4	0	3	
8	3	4	11	9	23	5	25	0	7	
6	17	
5	22	2	10	1	7	
1	25	0	22	8	10	
4	6	3	15	7	4	
6	19	1	20	7	21	0	16	
1	20	3	24	4	16	2	15	7	1	
0	18	1	19	7	14	
6	21	7	5	0	7	2	4	9	3	

Three processing times per job on each machine
The best scenario
87	220	
357	316	
388	434	
56	68	
487	324	
436	158	
111	225	
350	537	
352	652	
77	94	
179	159	
502	307	
811	817	
261	544	
308	216	
611	496	
334	172	
126	30	
577	563	
808	929	
277	440	
226	103	
310	341	
393	881	
303	75	
538	462	
94	186	
332	168	
1230	235	
157	185	
302	357	
718	314	
698	284	
229	595	
393	273	
114	374	
408	737	
248	309	
704	548	
776	721	
277	529	
395	539	
56	92	
599	212	
161	108	
169	269	
359	966	
426	221	
496	330	
381	948	
Most likely scenario
141	257	
496	611	
593	765	
94	84	
622	369	
483	297	
169	356	
598	627	
497	668	
98	111	
183	281	
536	320	
998	902	
343	770	
365	281	
1176	683	
550	264	
128	56	
905	698	
822	964	
469	470	
247	175	
540	360	
400	1141	
313	138	
687	896	
177	199	
436	265	
1275	367	
230	287	
324	477	
849	350	
787	428	
392	636	
720	396	
173	503	
557	879	
270	391	
1217	845	
1029	734	
317	750	
415	700	
105	169	
692	363	
262	126	
312	365	
612	1286	
442	333	
629	654	
609	1257	
The worst scenario
210	331	
683	704	
711	804	
114	123	
781	533	
621	402	
190	433	
674	673	
686	909	
136	115	
193	346	
597	336	
1168	1023	
358	1089	
500	315	
1544	934	
584	324	
163	57	
1255	854	
1038	994	
501	647	
289	248	
601	466	
598	1183	
458	205	
931	995	
192	235	
437	298	
1602	504	
344	344	
464	621	
1048	430	
1102	562	
470	725	
856	550	
241	655	
829	1203	
392	552	
1787	1034	
1422	808	
388	907	
419	710	
145	235	
1029	510	
266	181	
461	437	
814	1392	
627	433	
916	882	
868	1854	
