Factories	2	Jobs	100	Machines	2

Total number of component types per job processed by HSPM
11	8	8	5	11	6	9	6	8	9	9	12	11	10	5	8	8	11	6	7	12	11	5	11	10	11	7	5	7	10	12	9	7	7	5	10	7	5	5	9	5	12	10	8	5	5	12	11	5	6	5	9	11	7	8	6	6	12	7	5	10	12	8	6	7	9	8	10	12	9	11	6	9	12	10	7	10	7	6	11	11	9	12	9	8	12	10	9	11	6	9	6	12	8	11	11	12	7	6	12	

Total number of component types per job processed by MFPM
1	1	2	2	2	3	1	2	3	5	4	2	1	1	1	2	1	1	5	3	5	4	3	2	2	1	2	1	4	5	4	1	5	3	4	4	4	1	1	2	5	5	2	3	4	1	3	1	2	1	4	2	1	1	4	3	3	5	2	5	2	1	5	5	1	2	1	3	5	5	5	4	1	2	2	3	4	1	1	2	5	3	4	4	3	1	3	4	1	2	1	1	4	2	5	5	2	4	5	5	

All component type numbers for each job to be processed by HSPM
5	61	19	74	1	26	16	27	17	22	12	66	6	13	9	53	7	16	14	6	15	56	
13	3	3	1	16	29	17	64	12	39	8	58	15	11	2	21	
9	54	0	71	19	75	4	70	15	22	11	3	16	14	14	30	
0	46	12	14	11	70	9	52	16	20	
6	44	3	75	16	34	13	32	11	10	9	41	15	59	17	5	14	68	4	28	8	43	
8	11	11	27	12	21	5	36	4	25	10	73	
15	32	0	58	2	74	11	46	19	44	14	66	6	10	4	12	7	75	
14	38	5	22	1	19	15	70	6	43	11	41	
14	5	7	10	18	11	12	44	5	17	8	50	6	47	11	64	
10	10	8	23	13	55	4	16	2	67	12	65	6	17	19	52	9	4	
4	63	10	26	17	30	9	37	2	60	12	70	15	21	14	32	5	58	
5	42	15	70	10	25	17	59	9	65	3	17	19	53	13	75	8	68	18	15	1	13	0	26	
5	42	10	64	7	18	14	37	2	49	16	12	1	33	8	55	15	22	3	69	6	54	
4	72	9	3	19	75	17	58	13	33	0	32	2	65	7	6	3	7	16	35	
11	67	3	56	7	34	10	64	18	33	
5	6	15	24	19	65	4	35	13	14	11	44	6	4	7	50	
5	5	6	6	16	73	1	53	15	13	12	54	10	42	8	57	
2	69	19	8	6	35	11	41	18	37	8	66	16	60	12	72	9	40	1	58	17	31	
18	40	19	44	0	5	9	29	6	45	13	20	
19	32	13	24	3	44	12	41	11	58	16	15	10	18	
2	53	7	58	5	64	11	13	9	26	4	27	16	66	19	11	10	51	14	24	3	62	0	74	
11	7	5	57	15	36	8	64	0	22	9	20	10	74	1	51	16	21	17	67	14	28	
19	70	4	24	3	62	7	1	9	43	
0	41	8	56	5	45	16	3	18	49	17	58	13	68	4	22	9	65	19	62	12	23	
3	68	11	40	12	69	8	18	10	5	6	63	9	46	2	32	17	35	19	43	
15	16	9	7	13	37	8	39	19	18	0	11	4	63	10	75	2	72	14	35	17	52	
1	75	18	44	9	3	19	70	8	48	13	10	4	20	
16	22	8	34	0	63	1	38	15	33	
3	7	17	68	18	11	12	73	5	10	4	62	2	70	
2	4	8	60	14	61	17	10	12	56	18	28	6	23	10	47	9	67	3	51	
18	39	15	72	8	74	16	30	1	17	9	61	7	63	6	10	4	4	13	59	5	40	19	22	
14	28	2	46	3	23	17	29	12	60	18	11	16	70	10	48	7	19	
17	29	13	71	10	68	15	52	3	26	5	45	11	63	
13	7	17	60	16	11	9	54	7	24	1	16	10	23	
1	1	3	9	5	66	4	16	10	70	
4	34	13	61	6	48	1	33	11	22	0	45	5	70	3	12	8	19	14	53	
15	14	19	69	2	75	10	56	3	41	14	27	13	39	
19	49	5	60	1	47	12	48	11	20	
5	29	16	71	19	50	2	13	12	43	
2	24	5	71	6	41	10	7	1	15	17	52	16	23	8	40	18	60	
18	70	13	51	2	16	4	40	0	19	
17	33	9	5	5	19	2	17	16	8	1	51	13	65	7	56	3	66	4	48	12	11	18	46	
11	13	6	6	15	41	1	68	8	34	5	17	0	53	18	28	7	20	9	73	
10	29	4	10	18	64	8	59	14	20	12	24	7	62	6	32	
3	34	13	50	2	29	7	45	1	32	
4	24	10	5	7	59	12	31	19	22	
10	21	13	10	8	13	2	71	18	6	14	66	15	65	7	69	4	27	12	41	1	47	5	32	
13	46	18	60	3	37	4	56	9	68	12	35	5	38	0	20	16	8	15	75	10	51	
3	18	0	2	14	34	9	69	7	28	
2	13	14	36	5	38	0	50	4	7	12	6	
13	66	5	67	19	9	15	15	2	72	
12	21	8	70	3	44	4	35	11	22	13	33	5	5	9	20	15	1	
13	28	7	45	9	44	4	62	3	21	2	41	10	56	14	72	19	9	15	50	11	32	
10	44	5	27	1	26	0	20	11	25	6	17	8	31	
16	47	8	26	12	4	10	60	4	70	6	50	13	40	7	8	
12	28	6	57	14	59	7	4	4	41	2	29	
5	9	11	41	0	45	12	46	16	71	15	67	
7	23	3	64	12	17	11	15	4	29	17	54	15	59	0	7	8	47	9	60	1	10	6	45	
1	71	19	10	2	33	12	20	9	5	11	37	4	12	
9	47	16	14	10	60	18	26	5	55	
8	67	9	53	5	70	19	3	10	11	0	32	4	10	15	59	16	34	17	19	
12	11	15	71	3	37	0	60	11	53	18	14	1	74	13	41	2	10	5	70	6	31	4	28	
5	36	1	56	11	33	6	39	3	53	16	19	18	44	14	38	
5	1	10	26	6	22	18	15	2	5	15	60	
5	28	4	17	10	39	8	45	3	51	15	37	18	72	
9	32	11	53	1	36	16	22	15	59	5	17	3	38	4	48	10	1	
17	19	19	3	2	27	10	30	12	44	18	16	11	31	13	1	
17	37	1	42	15	71	0	75	10	52	7	28	13	66	19	26	16	44	6	19	
10	37	2	53	7	63	9	28	19	35	6	30	16	52	13	1	8	65	3	66	14	3	1	48	
6	64	11	47	18	71	10	65	8	10	16	5	15	35	0	60	4	74	
13	47	5	6	19	39	12	35	3	74	16	62	4	50	14	30	1	65	6	32	15	42	
0	35	7	43	1	37	3	31	13	68	11	3	
15	44	6	43	1	33	10	10	18	74	4	41	0	64	13	62	12	45	
16	56	12	30	18	10	0	22	9	7	4	50	17	12	3	45	14	70	1	53	19	24	10	35	
3	40	1	4	12	12	15	10	13	70	16	3	18	36	0	24	11	56	14	37	
4	25	0	7	5	44	17	75	16	23	2	58	12	46	
12	2	19	22	7	50	5	30	1	55	2	39	16	54	6	65	14	61	17	4	
7	2	19	19	10	11	3	74	17	39	18	72	2	13	
9	75	10	24	7	17	15	36	2	31	16	58	
10	35	4	13	1	32	16	43	0	71	3	55	7	28	11	41	19	57	15	38	9	34	
9	34	13	18	11	24	4	30	15	31	16	7	14	14	17	4	8	6	6	44	10	45	
0	9	14	65	18	35	6	43	19	73	10	66	17	70	4	47	8	7	
15	22	13	30	1	57	4	54	16	69	2	13	11	2	5	18	17	43	12	70	9	42	3	32	
10	60	5	22	19	33	4	42	13	36	7	20	12	47	11	28	15	15	
6	29	2	68	19	61	12	13	3	20	0	21	4	58	10	41	
1	31	0	70	2	56	7	38	17	21	4	14	5	36	9	47	8	74	14	9	19	17	6	34	
12	9	17	67	16	66	9	16	10	42	7	35	6	56	0	55	5	14	4	10	
11	8	12	21	3	26	2	15	7	37	4	5	9	30	13	14	18	52	
15	34	19	3	14	37	11	70	13	52	5	54	9	15	18	61	8	57	12	41	0	53	
8	27	14	4	4	68	19	52	1	35	13	41	
18	28	15	58	8	50	6	39	10	37	17	22	1	69	2	1	14	48	
18	73	19	6	17	8	5	56	8	17	1	26	
2	2	17	53	9	16	16	62	1	38	3	46	4	64	11	30	10	59	12	73	15	28	14	3	
6	61	7	66	4	5	11	25	10	11	1	15	13	40	14	43	
14	43	17	58	11	44	18	66	16	60	2	36	9	32	10	14	4	47	13	22	0	23	
7	7	0	63	11	64	3	42	1	9	9	23	14	56	16	49	10	3	19	30	18	66	
2	55	0	68	17	58	16	5	14	16	18	43	6	32	3	20	1	50	8	21	11	9	4	41	
8	20	2	60	12	24	16	23	9	26	13	36	6	18	
2	29	6	72	0	20	1	65	5	55	3	43	
4	73	1	58	5	32	11	27	18	70	19	12	7	40	9	28	8	5	3	54	0	66	12	38	

All component type numbers for each job to be processed by MFPM
8	2	
5	20	
2	4	5	19	
6	16	1	12	
8	5	6	25	
8	11	4	8	3	25	
9	18	
1	3	5	4	
8	23	0	6	1	1	
5	12	9	17	2	2	0	1	6	11	
8	16	6	18	3	1	7	4	
8	16	1	8	
1	18	
5	5	
0	20	
8	6	0	13	
7	13	
2	17	
5	17	2	19	4	21	8	11	9	9	
5	16	1	4	3	17	
0	25	9	3	1	6	6	4	8	18	
2	19	8	2	7	10	4	3	
1	8	4	4	8	11	
4	22	7	2	
4	9	8	24	
9	11	
8	16	9	6	
1	13	
2	19	5	6	4	7	7	3	
5	8	8	21	3	12	2	2	0	18	
8	8	3	14	1	11	0	4	
2	22	
5	25	3	17	4	14	9	13	8	5	
3	4	4	2	9	11	
7	15	2	22	3	8	6	24	
5	4	9	23	0	21	2	15	
4	6	1	10	9	24	7	13	
4	22	
3	15	
1	15	2	18	
0	23	7	5	2	1	3	8	6	12	
9	5	1	18	8	13	3	17	5	16	
5	1	2	8	
7	6	4	7	3	1	
4	6	2	16	6	2	0	22	
2	15	
8	24	4	25	9	2	
9	18	
9	3	2	21	
2	12	
3	5	7	7	6	3	5	4	
6	25	3	21	
3	22	
7	2	
1	15	6	13	7	7	0	12	
5	8	9	3	8	6	
0	24	5	14	8	3	
0	1	6	21	7	22	2	24	5	8	
1	19	3	5	
1	23	8	25	3	1	5	4	9	7	
6	1	1	14	
6	17	
7	13	6	3	9	20	3	16	8	2	
5	24	0	2	7	10	6	20	8	5	
6	4	
4	14	8	5	
7	14	
6	24	1	17	8	9	
6	18	2	15	4	14	7	16	0	19	
3	9	6	21	9	18	7	14	4	20	
7	21	1	11	8	8	6	20	9	24	
8	8	7	3	9	7	0	23	
7	10	
8	7	1	17	
8	4	4	24	
6	11	9	19	3	12	
3	15	9	19	6	14	0	17	
8	1	
4	11	
0	20	3	19	
9	3	3	12	8	2	1	25	4	6	
7	3	0	6	1	4	
3	20	8	12	4	24	1	21	
8	19	6	22	1	10	2	4	
6	21	4	3	5	5	
8	14	
9	2	7	12	2	18	
1	22	2	13	5	11	3	23	
4	14	
4	25	1	22	
9	20	
0	23	
7	9	8	2	2	20	0	5	
2	21	1	15	
3	17	7	1	6	3	9	25	2	22	
6	14	0	25	9	3	5	24	7	22	
8	18	1	20	
2	9	8	1	1	5	4	11	
8	1	9	5	6	18	0	4	2	14	
2	22	6	6	8	25	0	3	7	11	

Three processing times per job on each machine
The best scenario
61	58	
285	222	
554	186	
94	360	
198	259	
487	130	
51	52	
164	336	
53	255	
110	236	
54	105	
142	48	
200	178	
245	132	
288	130	
202	93	
318	90	
152	205	
188	214	
152	45	
134	88	
115	98	
107	53	
113	120	
89	177	
133	77	
126	207	
415	446	
397	313	
141	153	
257	125	
88	286	
280	233	
176	83	
412	118	
222	54	
193	62	
93	76	
339	370	
321	221	
139	173	
85	51	
95	252	
85	44	
252	106	
139	60	
122	49	
158	81	
201	340	
127	358	
37	131	
106	195	
141	123	
195	386	
139	124	
43	104	
160	240	
131	237	
56	16	
195	86	
23	31	
188	243	
252	179	
110	462	
324	154	
291	361	
31	21	
332	152	
131	182	
205	199	
141	38	
349	177	
86	40	
169	104	
386	207	
176	100	
171	201	
83	88	
116	135	
71	129	
70	56	
377	273	
186	318	
494	135	
81	319	
406	100	
140	50	
27	38	
88	120	
269	117	
276	157	
41	24	
180	59	
430	110	
178	350	
165	229	
180	129	
121	108	
27	29	
139	130	
Most likely scenario
73	115	
435	345	
621	348	
184	416	
227	291	
488	176	
57	78	
219	337	
78	262	
162	357	
70	143	
205	54	
339	190	
383	242	
313	242	
288	167	
351	160	
199	221	
276	220	
242	85	
213	139	
127	105	
130	90	
184	205	
119	233	
141	105	
211	397	
540	480	
449	368	
182	176	
270	190	
98	324	
324	426	
187	157	
614	208	
245	90	
228	68	
113	113	
490	422	
411	319	
269	229	
107	61	
150	267	
103	59	
374	158	
241	71	
176	73	
222	121	
263	606	
140	469	
71	254	
211	369	
231	135	
196	413	
156	173	
50	148	
286	331	
205	304	
82	27	
207	93	
46	36	
281	301	
306	356	
180	505	
342	252	
536	467	
42	38	
344	215	
132	185	
357	346	
142	53	
387	290	
125	75	
172	187	
427	307	
226	160	
218	372	
161	135	
139	168	
118	164	
84	102	
380	277	
214	320	
516	138	
144	367	
557	193	
143	78	
33	61	
161	189	
278	123	
440	214	
48	37	
183	73	
434	173	
245	495	
192	294	
193	236	
124	110	
30	48	
268	241	
The worst scenario
82	168	
468	398	
832	397	
216	492	
303	325	
580	222	
84	101	
298	389	
81	316	
226	407	
80	203	
225	65	
500	258	
471	346	
314	278	
299	241	
374	184	
255	301	
347	327	
303	123	
283	198	
155	112	
193	102	
233	235	
148	283	
208	131	
316	444	
615	569	
540	382	
226	192	
378	199	
133	453	
463	616	
254	166	
664	295	
320	102	
329	93	
118	116	
584	546	
501	401	
346	299	
142	88	
174	396	
144	85	
531	221	
318	93	
256	94	
274	148	
312	700	
200	657	
79	330	
216	489	
306	185	
201	486	
226	243	
70	196	
429	356	
294	366	
102	38	
273	98	
64	42	
393	376	
332	364	
233	536	
407	274	
766	564	
44	45	
414	283	
147	227	
363	388	
176	68	
410	324	
182	88	
241	197	
611	423	
332	239	
292	557	
191	137	
206	213	
163	195	
109	133	
485	295	
265	416	
672	199	
157	423	
646	241	
169	114	
41	63	
239	250	
355	134	
619	278	
70	51	
189	80	
465	180	
347	521	
236	424	
256	300	
160	139	
40	58	
390	282	
