Factories	4	Jobs	50	Machines	2

Total number of component types per job processed by HSPM
10	7	11	9	5	7	7	7	7	6	7	6	6	12	11	5	7	12	5	6	8	12	5	6	10	8	10	9	7	9	10	10	8	10	11	9	10	12	10	5	10	11	5	5	7	8	12	10	7	7	

Total number of component types per job processed by MFPM
4	3	4	5	1	2	4	4	4	4	3	3	3	3	1	5	1	3	4	5	3	4	1	1	5	5	2	5	5	1	5	1	2	2	2	2	2	5	2	3	4	2	4	1	4	5	3	5	1	1	

All component type numbers for each job to be processed by HSPM
12	13	1	29	15	68	10	25	8	72	18	23	14	11	19	4	2	7	7	62	
15	18	8	13	5	22	19	39	14	50	3	51	18	62	
19	28	13	73	17	65	16	55	9	31	11	17	14	71	2	53	8	60	1	13	0	30	
6	67	17	24	8	69	14	23	2	50	18	15	13	55	0	31	5	51	
5	34	18	11	6	22	17	51	4	33	
14	50	11	37	1	39	9	69	8	14	2	2	19	23	
0	71	10	12	13	59	11	74	14	26	15	54	19	61	
6	68	17	51	11	27	5	42	14	32	1	43	16	66	
14	43	1	44	2	74	5	27	6	11	8	36	3	38	
13	45	3	9	7	12	17	60	12	38	1	14	
4	68	14	45	1	17	19	24	0	56	7	54	10	2	
3	61	9	29	1	39	2	52	8	25	0	23	
16	67	6	3	1	34	9	68	14	8	5	69	
8	62	0	13	13	4	2	52	7	73	18	29	14	11	1	21	9	48	12	23	6	72	11	34	
0	37	3	55	10	1	8	51	1	53	12	29	17	36	6	71	15	12	14	27	9	61	
17	14	15	49	0	21	14	22	6	34	
17	5	1	17	9	40	19	67	3	34	18	55	0	45	
1	38	5	49	7	34	17	39	3	11	14	74	15	68	19	19	0	41	13	20	12	22	2	14	
4	1	8	63	13	13	6	51	12	41	
16	59	8	42	6	9	4	17	14	14	7	62	
2	52	6	20	7	29	3	35	5	26	17	11	9	72	11	48	
10	53	19	28	17	5	9	15	15	49	14	4	11	17	4	65	5	14	13	20	3	67	12	42	
18	36	17	75	13	45	0	60	9	50	
5	16	10	17	8	61	1	55	17	35	19	11	
8	33	3	7	15	11	7	70	2	57	1	15	12	34	0	40	6	42	10	30	
14	25	3	20	12	31	5	56	8	57	0	52	9	49	16	70	
5	43	9	21	11	10	1	20	10	72	15	59	2	17	14	5	17	18	0	44	
12	57	18	54	17	53	5	2	1	21	13	12	14	67	0	24	9	22	
1	34	13	17	18	58	6	26	15	69	19	56	10	10	
17	38	15	22	9	70	0	66	8	13	10	9	4	36	2	73	7	49	
0	68	19	63	15	72	1	15	12	73	4	12	16	14	17	45	13	26	6	17	
9	2	18	21	7	67	15	37	13	30	3	42	8	56	17	58	4	72	11	19	
9	67	5	59	14	8	15	49	11	44	19	25	3	11	17	38	
6	7	10	2	13	27	4	24	1	6	18	17	9	14	2	57	14	3	17	61	
14	38	8	11	7	45	15	20	10	17	13	12	11	30	6	62	18	44	4	47	12	19	
6	71	13	42	3	63	0	54	18	75	15	30	10	62	14	47	11	61	
5	48	2	1	11	32	15	50	4	18	7	58	19	71	8	49	16	52	9	41	
0	1	9	20	6	38	8	71	7	39	16	19	2	30	14	59	13	15	12	42	17	65	3	36	
11	13	15	53	17	37	5	36	0	64	4	58	7	14	8	18	6	69	16	66	
0	69	14	4	15	27	18	17	16	67	
2	59	6	18	14	69	15	25	10	46	4	10	13	15	3	35	8	66	9	58	
5	63	2	58	12	20	7	52	18	49	9	5	1	17	14	10	0	12	4	42	8	39	
13	7	12	51	7	36	14	5	9	56	
5	8	14	3	10	18	15	48	2	47	
16	11	1	67	13	70	17	45	2	25	4	69	15	6	
13	5	5	19	6	74	4	69	17	31	15	73	9	72	12	51	
10	40	4	36	14	2	17	45	11	26	15	64	0	71	3	18	12	17	9	5	18	1	13	70	
1	11	9	5	14	49	17	72	18	40	15	27	5	24	6	64	13	43	12	62	
5	4	8	5	13	17	17	3	4	33	9	58	10	26	
15	29	7	25	13	5	5	54	2	72	4	49	6	7	

All component type numbers for each job to be processed by MFPM
3	24	5	12	2	5	1	1	
9	23	1	6	5	11	
0	24	9	25	6	14	8	16	
3	16	9	14	2	6	1	20	8	10	
6	17	
0	6	8	19	
9	22	1	18	2	2	7	3	
6	6	5	7	8	10	2	11	
7	8	3	11	4	1	5	14	
0	3	5	17	7	16	3	8	
3	25	9	23	7	6	
1	10	2	17	9	4	
4	18	5	10	7	22	
6	25	7	18	4	24	
0	7	
9	25	3	2	8	20	1	3	4	21	
1	6	
9	17	5	19	2	7	
2	5	9	24	7	11	8	1	
6	3	1	24	2	18	7	12	3	19	
9	18	4	25	1	7	
1	16	0	8	6	6	7	7	
6	3	
9	4	
4	19	5	25	7	18	1	7	8	21	
9	16	0	10	3	18	2	25	6	6	
8	17	7	22	
6	10	1	23	5	18	7	4	8	11	
5	5	0	25	7	23	3	21	4	16	
7	15	
9	16	4	3	8	4	3	18	0	8	
8	9	
5	2	8	12	
2	14	1	19	
6	21	4	2	
7	22	5	3	
9	1	8	16	
4	5	9	12	0	23	7	20	8	10	
8	14	1	24	
0	8	7	3	6	21	
1	17	0	7	2	3	7	14	
0	22	7	10	
8	22	2	18	5	21	1	17	
6	2	
6	1	2	12	9	21	3	24	
3	14	6	12	1	15	7	21	9	8	
3	7	4	25	7	20	
4	1	0	21	3	11	5	24	7	23	
8	4	
8	9	

Three processing times per job on each machine
The best scenario
450	1014	
832	983	
329	219	
1193	237	
869	725	
252	359	
553	522	
415	497	
43	43	
125	87	
199	103	
681	355	
188	328	
69	235	
412	749	
76	91	
476	411	
951	617	
266	216	
161	504	
88	129	
220	234	
446	380	
603	1146	
186	142	
187	173	
1061	654	
350	318	
775	1061	
85	70	
303	234	
703	757	
302	362	
464	836	
139	196	
550	877	
104	188	
150	79	
370	133	
433	908	
398	364	
862	691	
249	484	
400	399	
316	553	
347	168	
325	560	
286	262	
1399	348	
622	800	
Most likely scenario
560	1286	
905	1532	
581	241	
1208	377	
917	737	
341	463	
735	913	
710	592	
72	79	
194	145	
282	149	
1020	419	
322	474	
138	301	
608	944	
147	136	
779	426	
1030	898	
277	221	
295	612	
123	212	
281	436	
845	487	
1064	1347	
342	223	
313	237	
1111	1285	
382	331	
938	1445	
115	79	
359	258	
1391	1067	
307	372	
524	898	
174	232	
1011	887	
168	369	
181	89	
379	203	
743	1080	
557	449	
905	1156	
296	671	
407	710	
566	695	
406	227	
516	632	
304	408	
1424	399	
700	860	
The worst scenario
619	1736	
1318	1916	
762	282	
1627	557	
1080	932	
363	647	
1082	1225	
936	620	
90	106	
241	214	
305	210	
1147	627	
343	641	
168	396	
613	1198	
163	155	
1021	453	
1287	1082	
351	319	
357	863	
164	306	
364	601	
1179	696	
1565	1797	
364	306	
457	261	
1406	1348	
488	412	
1172	1878	
129	81	
498	274	
1444	1129	
400	373	
584	1014	
211	311	
1478	1172	
211	543	
231	101	
491	288	
1053	1339	
621	635	
1020	1505	
415	852	
604	1001	
698	796	
483	336	
644	666	
314	432	
1522	434	
746	1201	
