Factories	7	Jobs	200	Machines	3

Total number of component types per job processed by HSPM
9	5	10	11	10	5	11	8	12	5	5	7	11	12	8	5	7	12	6	9	8	7	10	10	5	10	6	6	7	6	7	6	9	12	5	8	11	9	5	5	8	11	9	5	12	11	12	7	10	11	6	6	12	10	7	8	12	5	9	8	11	9	6	7	9	6	12	6	12	6	6	7	12	6	6	5	6	12	7	9	7	10	8	7	12	10	5	8	8	11	8	8	6	10	9	11	7	12	9	12	5	11	5	6	9	7	9	7	11	7	11	10	8	9	10	11	8	6	7	8	9	9	10	6	6	10	8	10	12	5	11	10	6	8	11	11	7	6	12	11	9	5	8	9	11	7	6	12	8	7	10	10	6	10	8	11	12	8	11	12	8	10	11	8	7	7	7	12	6	10	6	9	9	6	12	8	10	5	11	9	12	5	8	5	8	12	8	5	8	5	11	10	10	11	8	6	8	6	9	10	

Total number of component types per job processed by MFPM
4	3	4	4	2	1	2	4	4	2	3	5	5	5	5	4	2	3	2	2	3	4	3	3	2	5	4	2	2	5	3	3	5	1	2	1	4	2	2	3	2	5	2	2	4	3	1	1	3	5	4	4	2	3	3	5	1	2	4	1	2	3	2	3	3	5	4	2	5	5	5	1	3	1	3	3	1	2	5	2	3	5	5	2	4	4	1	4	5	5	3	2	4	2	3	5	1	4	1	5	2	5	3	1	4	4	2	2	5	4	1	2	5	4	3	3	3	4	2	3	4	2	1	1	2	1	3	2	3	4	1	2	3	2	3	1	2	3	1	2	3	1	2	5	1	3	5	2	4	1	1	2	1	4	1	3	1	3	4	4	2	1	1	3	2	1	4	4	3	3	1	5	2	2	4	2	3	1	3	3	4	2	2	3	5	3	2	2	5	4	1	2	3	5	5	5	3	1	3	4	4	2	4	1	5	5	2	4	4	2	2	4	1	1	5	4	1	4	1	1	5	4	4	4	5	2	5	2	4	5	3	1	1	1	1	1	1	3	3	3	4	3	2	2	2	3	4	2	1	5	1	2	1	3	4	2	2	2	2	1	5	3	4	2	4	1	2	5	5	5	2	1	2	1	3	3	1	2	5	1	2	3	1	2	4	5	1	5	2	4	1	1	5	5	1	4	5	2	1	4	4	5	5	2	4	2	3	3	5	5	4	3	3	2	5	5	5	1	4	1	4	5	1	4	2	4	5	4	5	2	5	1	3	3	4	4	2	4	3	1	3	1	5	3	1	3	4	1	2	1	1	2	5	5	2	2	1	4	5	5	3	1	1	5	1	3	5	5	5	4	3	5	3	2	3	1	4	3	2	3	4	5	5	4	3	4	3	4	1	5	2	1	1	3	2	5	1	3	2	2	

All component type numbers for each job to be processed by HSPM
9	12	4	69	5	66	14	21	16	22	17	49	1	57	3	33	2	17	
8	72	14	54	18	20	5	53	11	23	
4	57	5	62	19	73	2	30	17	6	9	58	0	12	13	13	1	50	18	27	
15	30	0	42	14	50	3	70	8	29	17	59	19	57	18	52	12	44	5	49	4	2	
14	58	15	62	16	52	7	67	9	12	6	46	10	36	0	19	18	53	2	16	
16	30	12	25	2	27	11	69	8	29	
15	36	5	9	11	37	6	61	18	60	4	17	10	3	19	32	2	19	1	29	8	25	
13	33	12	8	5	17	11	5	0	4	6	37	17	70	7	2	
12	61	13	34	7	47	9	55	6	67	17	4	0	33	5	64	14	44	1	8	4	65	11	45	
10	31	14	40	0	52	5	58	2	46	
3	74	7	56	4	66	8	12	6	3	
15	8	6	16	11	26	3	7	13	45	19	32	17	14	
16	45	15	21	13	32	8	17	19	30	9	22	5	75	10	9	11	16	0	57	6	34	
11	56	16	66	13	51	9	9	0	7	4	48	6	18	8	5	3	28	14	21	7	42	15	3	
4	51	14	70	10	58	18	27	9	23	6	68	11	63	1	37	
5	18	18	64	8	1	12	75	3	27	
9	23	15	27	10	65	8	16	19	1	16	38	14	72	
16	33	19	27	0	52	8	44	17	34	9	58	15	17	11	20	13	32	4	55	5	68	14	40	
0	38	19	19	8	70	18	65	11	34	14	66	
4	7	16	39	18	18	5	20	6	26	15	70	9	69	8	44	13	48	
6	25	14	20	7	71	0	6	13	57	12	72	15	13	3	47	
4	63	19	6	12	40	0	8	1	23	3	33	2	10	
11	13	10	26	1	39	2	60	4	48	6	70	3	62	15	47	18	25	19	20	
13	47	1	12	4	64	0	57	11	5	7	54	19	75	10	31	14	70	12	69	
12	1	6	9	5	39	14	59	19	68	
2	53	6	42	15	23	1	54	5	17	18	2	17	5	3	38	16	69	12	32	
2	19	6	15	9	42	12	49	8	39	17	44	
17	5	12	54	10	61	19	1	7	9	2	36	
14	75	5	51	12	70	0	56	1	28	4	35	13	40	
17	56	14	19	2	24	0	61	15	54	8	35	
1	14	14	24	13	64	12	45	2	63	17	21	3	9	
12	21	18	5	0	38	19	50	8	58	10	8	
5	26	9	1	18	41	16	63	3	46	0	29	17	5	7	16	13	43	
12	32	3	54	15	49	6	66	18	60	10	20	4	3	13	71	9	64	16	17	19	1	2	26	
11	17	16	57	17	30	18	23	5	75	
7	41	14	7	4	14	13	21	15	51	1	59	6	27	0	44	
11	4	7	62	8	15	19	75	6	6	16	1	0	37	14	45	18	42	9	21	3	10	
5	49	11	12	0	44	1	61	9	21	12	35	18	30	19	68	8	8	
11	72	0	46	13	64	8	58	18	1	
14	20	6	56	5	13	11	54	13	25	
8	73	5	47	3	24	17	49	7	45	16	6	15	12	13	74	
4	46	19	4	18	71	17	54	14	32	9	35	15	67	5	49	16	28	0	11	10	16	
16	33	5	58	9	30	8	15	17	65	3	70	13	73	11	67	14	37	
14	37	2	31	18	62	17	50	1	23	
3	35	18	33	4	24	13	42	5	22	8	21	11	1	16	52	7	44	9	28	19	57	10	6	
16	21	13	8	14	52	10	42	12	66	17	45	19	29	4	72	11	10	15	30	2	61	
2	58	17	59	12	18	10	70	7	30	4	19	16	67	5	75	14	64	18	50	3	6	11	3	
8	66	3	72	11	71	18	17	5	69	16	13	19	27	
18	53	0	36	7	10	12	64	17	8	10	47	13	12	11	21	19	19	1	17	
3	34	18	32	19	12	7	4	5	58	11	60	10	47	0	66	6	42	14	49	13	18	
14	60	15	31	17	26	11	70	19	52	8	1	
4	69	17	51	2	16	19	18	10	44	18	4	
3	57	11	25	5	5	17	62	1	9	16	39	9	8	10	69	13	1	2	4	14	36	19	11	
3	56	5	10	14	47	15	21	4	50	18	53	12	9	10	26	11	46	19	2	
10	35	5	17	6	68	13	2	18	34	16	22	9	23	
13	5	15	51	11	67	4	54	6	14	17	49	14	40	8	64	
2	5	1	44	17	11	12	13	4	32	0	1	11	55	15	27	19	64	18	17	9	57	13	4	
14	71	0	25	4	7	1	68	15	5	
16	74	17	6	2	22	14	19	4	61	5	33	12	67	8	26	0	28	
3	23	18	45	17	41	11	33	1	61	10	22	12	53	5	38	
2	75	6	29	9	63	16	59	18	53	10	42	1	72	5	55	3	5	7	14	12	1	
4	26	12	58	0	4	14	3	15	57	13	41	1	55	3	46	6	11	
10	4	5	26	11	40	8	14	9	54	12	30	
3	10	14	24	5	23	12	1	4	26	6	4	7	22	
11	17	12	31	19	63	4	21	3	35	15	16	6	12	5	49	8	43	
16	18	4	27	19	68	17	13	5	71	3	54	
18	64	9	54	2	57	4	75	1	55	15	37	12	47	7	70	10	2	17	1	13	14	14	6	
15	41	10	72	14	9	9	47	8	18	3	5	
16	26	10	42	5	20	1	32	0	57	18	56	3	71	14	66	6	22	8	64	4	55	17	41	
6	46	4	38	0	32	8	33	1	71	2	30	
16	52	6	49	7	27	3	41	18	62	14	67	
8	58	14	55	5	7	15	19	1	56	19	32	13	10	
12	37	9	13	17	17	19	27	14	7	1	20	15	10	16	68	6	58	7	53	10	8	0	45	
10	27	16	68	13	44	6	48	1	7	14	41	
8	39	16	20	14	52	15	38	7	69	13	54	
16	14	3	42	1	27	5	45	9	12	
16	16	14	50	6	71	7	28	10	13	18	11	
17	32	0	29	7	23	14	9	6	13	10	47	11	17	18	2	3	5	19	50	13	52	16	37	
13	12	1	6	14	38	4	61	15	29	2	56	5	52	
0	58	1	72	9	31	18	42	12	21	19	46	5	61	3	62	2	19	
14	45	7	58	18	1	5	74	3	54	9	46	12	73	
14	23	7	16	8	70	0	52	5	18	11	46	18	29	4	37	6	11	17	75	
8	58	4	57	5	24	17	29	9	68	12	1	0	12	1	39	
19	49	8	50	1	8	9	54	11	17	2	57	13	72	
12	69	9	22	3	3	19	74	16	47	4	33	10	24	14	42	18	64	15	56	17	39	11	16	
10	52	15	23	0	73	12	62	3	43	7	68	16	59	9	3	1	44	14	61	
9	35	6	43	12	1	10	55	15	39	
4	1	12	22	7	44	6	59	3	14	8	50	9	34	18	51	
8	43	4	27	2	13	0	49	19	34	13	62	14	75	7	74	
0	15	5	75	12	23	6	29	1	69	13	41	11	45	18	17	17	44	3	74	9	59	
12	29	6	42	16	31	3	35	18	5	9	52	13	15	1	34	
2	53	8	12	15	65	3	45	5	14	10	23	4	61	1	17	
6	15	1	41	2	18	5	56	0	49	19	51	
9	73	5	49	6	13	11	12	8	71	10	56	4	9	12	7	17	3	7	43	
12	58	1	32	11	42	7	59	5	63	0	61	18	26	3	5	10	50	
9	54	18	73	3	68	2	5	16	50	19	67	10	36	4	12	8	59	1	75	0	49	
8	63	9	6	5	48	10	18	2	38	14	19	18	21	
13	62	11	33	10	35	2	1	4	20	0	74	14	52	7	31	16	55	6	5	19	14	12	48	
13	31	3	40	17	45	5	5	14	11	1	12	12	6	16	22	18	62	
1	47	8	39	14	52	17	30	10	29	4	19	2	64	3	31	15	32	6	73	19	75	11	43	
14	47	1	27	3	43	16	61	11	70	
9	33	1	17	13	74	4	31	10	66	6	23	8	53	11	73	2	24	3	15	18	10	
5	19	12	45	7	26	8	35	1	37	
11	56	17	17	9	27	18	24	1	16	12	3	
6	9	4	36	2	16	3	1	0	67	5	7	12	32	9	34	11	60	
11	45	16	28	15	1	18	50	6	60	5	39	2	20	
2	41	11	70	12	40	8	65	7	17	15	72	17	46	19	49	6	56	
12	20	13	27	9	3	5	30	11	11	6	66	8	2	
19	20	13	4	5	51	17	68	4	24	9	10	1	74	12	70	16	42	11	12	7	47	
9	18	8	72	12	36	10	26	18	33	7	74	0	41	
10	35	2	46	11	30	17	15	7	23	15	18	8	34	18	74	16	24	14	58	3	67	
13	42	17	25	0	19	11	71	14	62	7	3	5	30	16	20	4	46	3	36	
8	25	16	71	5	30	12	68	2	50	9	59	15	69	11	39	
13	16	14	3	19	75	17	19	18	61	1	28	10	52	9	40	8	48	
7	39	14	21	15	55	12	12	13	33	11	44	19	24	18	65	0	71	9	18	
8	39	2	26	5	5	17	47	9	61	12	29	13	41	11	75	10	42	19	17	1	44	
4	1	3	37	15	6	9	27	1	25	0	69	10	23	2	65	
13	57	1	8	11	34	10	73	7	55	9	3	
9	56	0	8	16	50	10	67	12	15	14	57	5	55	
8	30	5	9	12	59	1	74	0	71	17	61	7	54	19	40	
17	31	14	37	6	67	19	60	16	7	8	12	10	27	5	53	1	70	
9	29	16	28	7	23	18	71	14	43	17	24	19	54	8	17	10	44	
1	3	4	15	5	64	18	29	8	73	14	70	3	26	12	4	19	72	2	55	
17	41	12	33	0	20	18	38	10	24	7	52	
15	73	14	10	0	69	9	60	6	19	7	22	
2	31	19	56	6	70	13	52	12	17	14	24	16	33	7	75	11	63	0	12	
6	5	7	47	11	50	15	2	19	17	13	9	14	65	8	14	
18	57	17	45	6	28	10	42	8	54	7	35	3	63	19	11	1	12	5	61	
5	33	3	32	18	49	14	39	13	53	9	44	4	1	12	6	0	15	7	25	17	60	6	26	
17	5	0	65	1	16	14	2	10	74	
4	37	8	62	6	75	3	19	11	11	15	41	0	21	9	20	17	70	14	65	18	73	
5	58	14	1	15	20	1	9	18	69	6	48	3	65	10	46	4	26	9	25	
14	71	16	57	18	64	15	72	12	49	17	66	
9	45	13	56	0	51	16	37	1	61	19	39	18	9	4	30	
9	30	7	47	0	2	13	58	18	59	15	7	12	31	3	57	5	29	19	33	11	46	
14	67	4	36	16	19	18	14	8	56	15	3	12	17	3	10	2	20	1	62	6	38	
12	33	15	3	0	38	1	52	13	66	10	44	17	55	
17	74	5	2	2	66	11	37	8	11	13	39	
12	44	13	27	4	42	8	24	17	39	19	71	1	10	16	32	15	19	2	53	3	9	9	59	
10	46	4	17	18	68	19	58	2	60	15	65	1	33	13	44	7	54	3	20	14	14	
15	49	6	13	5	62	16	73	12	37	1	26	9	38	19	52	2	22	
5	6	9	17	0	67	13	28	2	10	
1	60	14	55	6	14	10	34	7	59	5	4	16	69	9	66	
4	64	2	73	12	28	9	35	17	57	7	72	5	65	10	75	14	62	
3	27	9	32	10	18	19	30	4	48	12	57	15	70	14	68	8	16	17	19	16	26	
8	35	12	62	10	58	17	75	16	18	7	57	13	33	
5	60	9	23	4	28	15	42	19	7	10	10	
7	3	0	27	15	49	8	14	13	46	12	32	14	33	2	42	6	66	5	36	1	65	18	25	
11	22	13	19	17	7	9	29	8	57	19	75	4	65	2	26	
13	46	15	58	2	68	17	5	11	61	3	22	1	25	
7	7	0	36	18	69	6	60	2	11	12	16	9	54	3	34	19	40	5	30	
9	6	10	57	11	49	2	2	6	16	18	59	15	25	0	74	8	34	1	52	
16	59	15	10	3	15	6	9	7	7	11	11	
14	8	0	47	19	4	4	60	3	13	17	61	10	1	12	55	11	11	2	72	
7	36	15	62	6	7	5	21	0	43	10	60	2	67	12	24	
12	21	0	48	7	51	1	59	11	71	6	6	10	46	16	31	13	40	3	53	5	42	
7	43	8	34	0	31	11	71	10	22	4	19	18	74	6	44	1	55	14	50	5	41	12	18	
13	60	6	1	4	54	17	22	14	33	19	16	7	64	9	38	
18	32	10	46	11	68	8	8	4	26	15	45	12	35	14	28	9	39	17	27	13	64	
1	58	18	18	13	67	15	10	14	66	10	68	0	48	16	71	3	62	6	42	8	64	17	41	
14	27	10	69	8	48	0	75	5	6	12	63	13	8	9	47	
5	63	17	48	19	67	8	4	18	58	14	66	3	25	0	52	1	27	11	17	
4	15	1	31	18	61	19	3	11	67	13	64	9	12	0	34	5	43	10	37	14	57	
13	58	8	65	4	35	5	18	10	12	0	51	17	59	6	48	
4	50	1	35	5	17	9	45	3	6	15	48	16	19	
19	62	3	27	13	21	8	25	18	41	2	51	11	8	
3	38	15	26	9	30	4	42	19	40	8	64	0	1	
4	74	14	20	19	21	10	7	0	12	13	5	7	73	2	63	1	38	18	45	8	61	11	52	
11	31	4	51	12	65	0	74	1	2	6	5	
19	37	9	48	14	58	5	41	7	65	17	57	3	22	11	55	16	19	18	66	
3	31	18	25	6	11	8	59	14	54	17	5	
15	66	11	49	18	2	12	37	4	25	10	4	19	16	2	65	16	6	
0	8	11	32	13	3	7	60	2	27	1	43	16	34	9	55	12	16	
10	47	7	46	11	59	6	26	16	18	13	75	
7	71	19	25	3	68	6	55	4	38	0	15	2	21	16	74	15	66	11	70	8	13	1	49	
6	27	2	64	3	52	5	13	0	55	13	25	15	17	16	28	
15	54	7	56	6	32	11	41	8	62	2	30	9	11	13	29	19	75	12	73	
5	2	3	30	10	59	11	38	9	55	
10	16	16	56	5	46	0	59	12	35	13	49	4	75	7	38	6	18	9	63	18	22	
2	1	10	16	3	15	6	72	18	17	7	9	14	37	8	19	12	50	
9	56	17	66	2	5	8	49	6	1	13	58	7	27	15	22	16	43	12	52	14	28	5	44	
13	34	7	74	2	25	6	68	8	56	
10	11	4	53	3	5	5	73	0	47	13	22	8	50	14	9	
0	72	9	15	2	56	17	8	8	26	
19	71	8	53	6	2	10	33	7	8	3	59	4	54	9	17	
8	64	19	51	6	20	18	31	16	38	4	24	17	10	14	15	3	73	7	35	13	34	9	18	
19	60	2	27	0	29	18	16	12	25	13	49	7	66	10	75	
3	51	10	70	7	14	11	35	14	25	
4	46	5	43	15	27	18	44	0	33	3	70	16	42	1	12	
13	44	1	60	17	32	15	2	4	25	
9	58	2	6	4	14	3	71	5	53	7	63	8	42	15	65	12	9	11	21	13	1	
10	50	0	47	1	68	14	42	13	14	12	54	2	44	15	2	7	7	11	52	
6	75	12	12	1	38	3	46	0	48	7	72	14	40	17	6	19	10	18	15	
11	27	6	30	19	5	14	46	2	70	3	18	15	41	5	22	12	47	0	63	18	74	
10	6	6	45	17	21	14	19	11	34	4	24	1	28	5	17	
4	23	0	70	10	48	6	65	2	39	9	15	
12	43	11	28	4	60	3	55	8	59	18	6	19	58	17	21	
5	34	3	46	19	4	4	23	8	71	12	47	
3	60	6	40	11	22	8	25	10	72	14	62	5	64	19	46	4	47	
12	49	16	16	9	45	0	35	15	4	8	9	5	73	6	1	4	6	2	24	

All component type numbers for each job to be processed by MFPM
4	8	8	3	9	15	7	22	
6	38	2	28	4	37	
2	5	0	23	6	17	8	19	
2	32	8	36	5	38	0	31	
9	17	7	7	
7	31	
9	3	1	16	
6	47	5	35	8	46	3	27	
8	24	9	7	3	13	5	2	
5	48	6	42	
7	11	8	7	9	14	
6	44	2	30	9	50	4	37	3	45	
8	2	2	18	3	17	0	21	4	19	
4	43	5	32	1	35	2	38	6	45	
7	15	4	2	8	4	2	21	1	16	
3	36	8	30	7	28	2	37	
4	11	9	13	
2	48	6	35	5	39	
3	1	9	7	
4	40	2	27	
0	14	6	19	5	17	
4	36	6	40	8	38	0	49	
8	14	9	4	4	6	
9	33	6	27	3	46	
6	1	5	18	
8	28	7	39	0	41	9	46	4	45	
1	23	6	10	7	1	0	19	
0	47	5	27	
6	25	2	6	
0	48	6	50	8	41	4	39	3	27	
7	4	9	21	6	8	
9	48	4	38	6	46	
8	16	7	11	0	25	4	24	6	19	
8	31	
4	13	8	18	
0	46	
0	7	5	20	1	24	9	4	
5	38	9	31	
0	22	4	24	
6	50	2	27	7	42	
2	16	6	12	
9	42	8	43	3	39	1	38	2	32	
6	21	1	6	
6	47	2	45	
0	5	5	10	9	16	8	22	
4	34	2	42	5	28	
4	10	
6	37	
4	12	7	13	9	3	
8	45	9	41	6	27	7	46	0	38	
3	14	2	5	4	11	7	22	
1	38	0	36	9	46	5	35	
6	23	3	13	
9	39	3	48	4	40	
3	13	7	20	2	14	
9	26	0	43	6	33	5	32	8	47	
1	9	
9	29	8	28	
5	19	8	6	4	11	2	10	
1	33	
7	13	4	18	
9	46	1	35	6	27	
3	15	7	4	
8	48	2	29	7	41	
5	11	1	12	4	4	
4	41	1	30	3	29	9	46	0	40	
8	2	3	12	5	8	6	22	
7	31	5	46	
3	15	7	7	1	20	5	24	0	19	
9	42	4	49	8	41	6	40	7	46	
2	6	4	23	3	10	7	15	0	14	
7	47	
7	14	0	21	9	2	
4	41	
8	20	3	4	2	13	
6	40	8	41	4	32	
9	1	
8	34	5	38	
5	14	3	10	6	15	7	19	8	25	
5	39	8	41	
0	12	9	5	4	6	
7	49	2	45	0	43	1	42	3	37	
5	9	8	3	9	14	4	19	2	22	
3	26	5	40	
1	14	9	22	8	16	7	21	
7	43	6	41	2	37	8	34	
4	7	
4	39	5	38	3	44	2	36	
2	23	9	11	6	19	7	7	1	6	
5	49	2	27	1	45	4	38	3	33	
7	12	3	6	0	8	
4	36	5	42	
8	22	4	19	1	15	0	14	
7	50	4	47	
8	15	6	4	1	21	
5	42	3	44	4	29	2	40	0	50	
4	5	
0	36	4	34	3	30	1	26	
7	16	
9	31	0	43	5	40	7	36	2	44	
2	4	7	1	
6	43	9	39	0	40	8	36	3	33	
1	8	6	22	7	12	
6	37	
3	22	5	4	6	5	7	24	
8	31	6	35	2	41	7	34	
6	16	4	12	
9	32	2	37	
0	7	1	5	9	23	5	16	4	3	
6	49	3	45	4	27	5	38	
2	18	
9	30	5	26	
7	17	6	22	1	3	5	14	3	20	
5	35	9	44	6	42	2	39	
8	6	1	2	0	8	
6	29	8	36	9	27	
0	24	8	2	1	18	
0	38	8	45	3	33	7	30	
5	21	4	10	
4	43	1	42	3	29	
2	12	6	8	7	23	1	24	
6	27	2	43	
2	1	
5	38	
3	25	1	17	
7	43	
2	17	6	2	4	12	
8	46	6	43	
4	5	7	13	1	3	
5	45	2	31	6	30	3	28	
1	11	
0	33	6	39	
4	3	9	5	3	4	
7	44	5	42	
0	19	4	16	5	4	
5	31	
5	19	3	7	
3	45	1	31	9	27	
5	20	
3	49	7	37	
1	18	9	25	4	10	
1	36	
8	25	1	15	
4	50	5	42	9	43	0	33	2	46	
3	3	
7	29	5	33	6	31	
5	3	0	8	7	15	8	23	4	18	
7	46	5	36	
6	13	0	4	5	19	8	22	
0	50	
4	19	
7	45	2	34	
3	22	
5	28	6	49	4	47	0	26	
2	1	
6	26	5	27	8	44	
8	19	
6	38	4	39	2	45	
8	6	2	21	9	4	5	22	
9	29	0	49	5	50	2	44	
3	16	2	23	
9	34	
1	25	
0	38	3	36	6	35	
9	24	8	17	
9	33	
5	25	1	2	3	10	8	5	
1	49	9	42	4	47	3	44	
9	19	4	11	0	15	
1	32	6	28	8	26	
6	10	
8	32	9	35	5	37	7	49	2	47	
5	19	0	25	
8	40	9	33	
7	14	5	8	4	2	2	5	
5	45	2	38	
4	12	6	10	0	17	
8	43	
8	19	3	4	5	3	
9	49	1	31	2	38	
1	4	6	6	3	11	0	21	
4	31	5	37	
4	4	6	24	
3	37	0	32	1	30	
4	21	1	6	3	4	2	15	7	14	
9	32	1	34	2	36	
1	18	4	17	
1	33	9	37	
4	24	0	7	7	11	2	17	8	23	
6	41	1	38	5	46	7	35	
2	6	
8	35	4	32	
1	3	3	17	5	13	
6	40	9	27	0	33	1	48	8	45	
6	24	4	8	7	11	0	12	5	23	
8	49	6	30	2	28	4	34	1	42	
3	22	7	20	0	7	
9	35	
5	19	1	7	8	14	
2	35	3	38	1	39	6	45	
6	24	3	1	8	11	4	3	
0	45	8	31	
4	16	0	6	3	7	7	10	
1	31	
4	7	2	23	0	19	6	22	7	25	
8	40	4	44	6	50	9	31	5	42	
0	9	1	13	
9	46	3	43	5	36	1	41	
2	3	8	14	9	20	5	2	
6	50	4	33	
6	19	2	14	
9	47	7	34	1	46	3	26	
1	4	
1	39	
7	8	3	18	4	25	1	14	5	10	
7	35	0	47	3	33	9	44	
4	16	
0	39	8	46	7	31	5	40	
1	3	
9	50	
0	6	4	9	8	14	9	10	6	18	
1	49	7	33	3	48	6	40	
1	6	4	25	9	7	8	9	
8	42	3	33	9	27	0	44	
4	18	8	24	3	9	2	23	6	14	
7	31	1	37	
8	20	6	7	0	19	4	9	7	12	
3	26	1	32	
4	19	0	4	5	24	3	2	
7	44	5	41	8	40	1	38	9	33	
0	2	8	23	7	24	
5	35	
3	24	
7	30	
8	4	
3	47	
2	21	
4	43	8	36	6	27	
9	11	4	17	0	6	
4	40	9	26	2	31	
9	25	2	20	3	5	6	1	
0	32	7	30	9	41	
3	22	7	25	
9	26	0	30	
6	9	3	3	
9	40	5	33	8	50	
5	22	4	4	2	2	6	11	
3	35	6	38	
0	9	
7	29	8	31	1	38	6	30	9	48	
6	2	
4	37	0	48	
6	24	
1	40	3	48	8	47	
2	17	7	9	6	21	9	20	
8	39	4	30	
0	17	9	22	
6	34	9	39	
8	6	7	8	
8	38	
2	1	1	8	0	4	9	21	3	5	
1	47	9	45	4	38	
7	22	9	18	3	25	0	11	
7	37	0	38	
7	8	9	20	0	1	6	5	
9	43	
0	17	5	6	
0	41	7	35	8	44	2	28	4	36	
8	21	9	18	6	5	5	15	3	16	
7	28	3	50	2	46	0	40	5	34	
7	18	8	24	
7	43	
8	10	5	5	
0	38	
3	25	9	13	1	18	
3	43	1	27	5	36	
0	16	
2	43	3	35	
4	2	6	1	8	5	9	14	5	17	
2	29	
4	21	8	2	
7	50	3	26	1	31	
5	10	
9	33	8	34	
7	18	6	2	0	3	2	19	
8	47	4	32	9	27	3	40	2	44	
1	3	
2	44	7	43	5	37	6	33	8	40	
1	6	5	12	
8	35	2	50	0	44	1	40	
7	18	
1	39	
2	3	5	10	7	25	8	24	4	13	
1	30	4	32	8	29	3	44	5	45	
5	2	
4	27	7	50	6	36	0	26	
3	20	5	23	2	6	7	22	9	5	
8	28	6	42	
6	1	
5	31	9	33	8	28	6	27	
3	1	6	25	1	5	9	18	
4	40	9	47	3	30	8	42	6	27	
1	10	6	2	3	9	2	8	0	14	
4	44	3	43	
6	13	5	22	3	21	4	24	
3	28	5	47	
0	19	6	12	2	11	
8	40	9	29	1	46	
4	23	0	1	2	8	5	7	1	17	
9	47	6	34	8	27	5	45	0	50	
6	23	7	10	2	21	4	18	
2	36	0	41	1	46	
6	13	0	17	5	2	
5	43	3	33	
5	24	2	9	1	12	3	4	0	18	
7	32	3	43	5	33	8	45	6	44	
1	13	7	12	4	24	9	10	5	6	
3	27	
1	18	5	5	2	13	4	10	
9	31	
8	22	9	19	5	18	4	6	
3	27	2	49	4	43	8	46	9	48	
8	21	
0	49	5	50	2	38	8	34	
9	21	1	24	
4	44	2	48	3	49	6	40	
5	7	8	22	3	14	6	23	4	8	
8	40	0	30	6	31	1	28	
3	25	7	21	6	18	8	8	4	7	
9	32	3	26	
2	7	8	18	1	12	4	2	7	9	
1	27	
9	16	0	11	6	15	
8	38	2	43	0	45	
5	19	7	1	3	10	2	25	
0	26	2	34	6	45	8	38	
6	15	7	5	
9	40	0	44	3	27	7	35	
5	12	0	17	3	4	
6	34	
9	10	8	11	6	15	
4	38	
4	5	1	13	5	18	6	8	0	7	
1	49	4	30	8	45	
8	10	
1	34	2	27	8	39	
0	1	3	7	4	17	7	18	
3	50	
7	7	9	8	
4	36	
9	13	
7	40	0	41	
9	21	5	17	1	8	4	7	3	16	
8	30	0	42	5	39	3	40	4	35	
8	8	7	22	
4	38	3	49	
9	9	
6	33	2	31	8	50	0	28	
0	12	7	24	3	13	4	14	6	1	
8	47	5	39	9	27	0	45	4	49	
0	24	3	23	5	21	
9	34	
4	21	
9	49	6	41	1	31	8	38	4	47	
8	9	
8	30	5	46	0	44	
3	7	0	6	6	2	1	13	2	23	
9	32	3	28	7	44	5	40	0	30	
6	7	3	24	5	5	7	23	8	12	
0	34	4	43	8	32	5	47	
0	9	1	14	8	5	
8	46	4	30	5	49	3	47	6	42	
8	5	3	11	4	22	
0	33	3	26	
9	13	8	22	6	19	
7	33	
7	6	1	4	3	14	2	22	
9	37	6	41	7	43	
6	20	1	8	
0	40	7	36	4	43	
2	2	1	17	6	25	7	22	
5	44	6	28	2	50	8	38	3	34	
0	15	1	23	4	14	9	5	5	2	
6	40	2	26	3	47	0	30	
8	17	2	3	6	13	
9	46	2	35	3	38	7	40	
1	3	6	14	2	11	
1	26	7	47	9	31	6	43	
7	9	
7	33	0	35	5	40	3	49	2	31	
0	10	3	6	
0	43	
1	20	
1	30	7	49	4	40	
1	5	8	4	
9	37	1	32	2	38	5	36	7	48	
2	6	
1	48	4	26	5	46	
6	10	7	6	
7	36	8	31	

Three processing times per job on each machine
The best scenario
517	203	393	
375	410	236	
523	466	458	
390	541	683	
141	275	223	
455	727	1094	
319	349	325	
1088	1027	730	
213	320	477	
201	155	386	
361	733	566	
864	323	1107	
244	495	267	
334	162	270	
910	758	576	
363	298	224	
264	175	324	
361	320	320	
765	283	412	
273	306	223	
522	390	431	
147	225	287	
285	386	264	
189	283	98	
1080	1188	361	
369	96	94	
686	1315	497	
363	140	349	
621	617	394	
462	313	1061	
291	481	979	
1063	716	258	
707	408	354	
237	636	246	
405	276	223	
1074	1113	920	
790	305	392	
181	296	312	
548	630	537	
337	533	555	
665	386	287	
397	158	309	
297	205	207	
562	614	1076	
657	647	659	
1065	242	667	
450	341	1156	
249	345	403	
323	332	157	
189	180	117	
364	239	191	
257	162	77	
223	223	151	
734	624	571	
548	695	904	
337	263	546	
323	275	261	
429	200	969	
175	964	316	
343	1167	955	
230	354	577	
463	584	772	
402	1112	446	
657	243	514	
165	488	245	
140	95	111	
147	98	66	
391	719	300	
87	247	277	
853	899	417	
81	82	78	
416	253	153	
412	867	847	
320	435	263	
178	326	316	
584	736	842	
228	302	277	
362	654	682	
274	375	414	
349	355	217	
426	1127	389	
612	422	416	
334	466	641	
322	495	619	
100	117	70	
295	557	185	
442	333	355	
120	99	134	
207	140	49	
151	137	184	
768	377	751	
127	189	67	
66	75	111	
157	673	405	
322	309	700	
90	112	66	
186	141	247	
952	357	362	
332	442	279	
117	254	161	
237	376	1213	
363	503	308	
63	282	286	
84	54	104	
155	212	109	
352	608	1176	
134	67	94	
298	203	452	
245	797	422	
94	83	49	
698	441	698	
391	336	541	
371	117	174	
856	260	558	
377	311	458	
862	631	669	
731	285	742	
326	389	336	
576	285	279	
196	189	210	
624	1002	335	
369	546	426	
278	428	148	
756	522	743	
602	454	536	
860	204	642	
420	296	433	
484	433	835	
235	326	334	
277	203	249	
67	162	86	
454	579	160	
269	283	347	
537	754	401	
478	310	582	
136	135	161	
537	319	803	
636	805	393	
542	838	693	
505	283	715	
188	174	254	
636	494	511	
352	337	336	
208	376	175	
236	318	171	
195	467	820	
315	355	355	
302	128	200	
245	409	386	
864	591	820	
638	483	661	
264	632	571	
403	319	927	
67	126	177	
699	202	767	
784	665	393	
303	330	652	
710	273	1074	
245	156	156	
733	955	466	
609	210	338	
124	196	155	
300	192	186	
85	153	167	
167	546	295	
391	186	150	
158	205	164	
1283	907	694	
405	284	311	
530	239	325	
330	301	440	
523	730	419	
167	151	151	
639	385	1006	
614	359	572	
610	449	403	
292	124	503	
391	897	864	
492	244	673	
193	378	416	
722	863	368	
265	357	466	
278	195	222	
153	112	55	
215	341	340	
203	78	124	
488	657	1097	
189	109	225	
919	366	537	
428	169	133	
133	154	128	
401	235	605	
189	140	173	
279	415	176	
671	447	929	
216	71	138	
203	201	163	
207	71	70	
729	1055	695	
265	176	88	
Most likely scenario
737	281	488	
454	800	258	
625	491	602	
506	714	848	
144	374	322	
806	816	1210	
372	594	574	
1154	1333	1321	
297	458	502	
328	229	617	
530	738	648	
1035	374	1182	
290	553	358	
388	165	482	
1015	1135	858	
651	430	374	
267	260	342	
467	469	450	
930	451	792	
340	417	311	
703	613	727	
274	347	378	
555	734	380	
258	287	172	
1396	1459	382	
374	115	115	
764	1338	563	
373	276	417	
850	827	534	
480	352	1134	
508	870	992	
1079	1144	492	
730	669	410	
441	1196	306	
496	440	247	
1433	1330	1385	
938	319	473	
296	314	451	
601	735	547	
511	879	801	
896	466	453	
476	307	457	
465	390	296	
1090	694	1140	
776	1033	1127	
1324	471	1109	
831	403	1378	
352	473	641	
645	398	307	
276	259	120	
462	260	259	
389	317	152	
299	239	215	
787	810	774	
582	1169	1171	
650	424	753	
532	398	521	
472	328	1009	
274	975	403	
465	1406	1450	
456	445	661	
508	848	832	
445	1463	502	
878	461	819	
204	588	378	
219	184	113	
156	151	83	
608	1069	421	
93	279	326	
1022	1036	567	
114	153	85	
445	361	301	
792	949	1194	
346	548	306	
336	439	474	
684	1068	1223	
320	360	390	
503	793	738	
334	461	555	
456	366	322	
464	1180	551	
948	482	685	
364	475	738	
443	505	649	
115	139	79	
315	566	304	
571	408	592	
152	150	207	
254	220	82	
163	207	199	
821	652	800	
207	206	128	
131	82	166	
246	843	520	
558	327	806	
161	148	121	
254	207	256	
1147	403	670	
573	464	406	
157	298	291	
371	456	1379	
373	549	341	
118	422	317	
93	84	111	
243	389	152	
387	955	1382	
183	91	133	
300	315	461	
391	1205	450	
151	93	76	
778	693	907	
505	611	592	
426	171	223	
1482	504	583	
520	580	625	
984	919	892	
866	341	925	
579	438	594	
849	486	341	
355	287	237	
850	1055	445	
587	845	809	
502	597	286	
800	549	1125	
644	620	650	
1008	309	665	
616	418	457	
741	724	884	
356	358	366	
302	307	285	
101	212	114	
475	979	318	
415	373	356	
773	876	641	
548	342	600	
149	231	204	
818	468	943	
900	993	480	
687	1229	931	
889	331	843	
246	184	371	
694	893	572	
490	562	424	
304	485	199	
322	618	219	
313	825	874	
343	549	404	
314	149	369	
405	664	428	
1179	620	1307	
994	697	896	
381	983	894	
488	397	1085	
75	219	210	
843	334	882	
970	887	782	
501	453	685	
909	493	1250	
268	278	191	
851	1028	923	
681	271	369	
137	363	259	
333	299	222	
101	163	208	
253	635	405	
479	258	241	
219	406	325	
1495	1074	727	
463	506	489	
738	447	600	
403	534	461	
562	842	690	
228	169	178	
767	405	1182	
1166	451	691	
723	715	622	
385	179	515	
631	1369	1115	
545	421	675	
330	397	511	
745	1076	569	
275	359	652	
355	244	372	
182	158	82	
311	639	557	
231	95	151	
605	1024	1220	
283	115	281	
1014	540	685	
435	269	253	
203	165	136	
462	362	692	
195	177	176	
482	468	183	
1103	658	1079	
248	72	230	
256	284	215	
217	110	87	
923	1160	1222	
291	312	144	
The worst scenario
917	336	579	
506	890	366	
920	575	787	
625	826	1169	
184	441	410	
872	922	1246	
422	656	820	
1654	1851	1415	
392	653	626	
338	242	665	
738	1097	649	
1368	499	1588	
301	768	488	
541	170	521	
1036	1507	1270	
957	608	510	
361	368	389	
684	479	521	
1033	642	811	
433	529	349	
1002	802	1086	
368	512	420	
807	1080	432	
374	341	182	
1459	1556	502	
543	155	126	
995	1873	642	
451	333	594	
1062	869	675	
498	450	1634	
672	1026	1028	
1438	1149	700	
932	751	442	
453	1322	408	
528	568	304	
1657	1623	1868	
1253	348	548	
380	418	606	
836	872	734	
702	1099	1025	
972	685	512	
619	409	639	
569	511	327	
1247	728	1655	
1158	1080	1248	
1526	705	1566	
1065	580	1825	
520	566	948	
820	582	339	
393	385	161	
499	298	344	
472	425	228	
342	287	295	
906	855	829	
616	1265	1593	
733	425	951	
760	439	760	
638	390	1060	
307	1172	459	
488	1988	1787	
668	659	754	
526	1117	1193	
627	1953	730	
923	596	1152	
225	834	459	
274	234	120	
200	197	123	
729	1107	474	
129	312	451	
1366	1104	840	
165	164	102	
542	474	365	
1096	1176	1268	
404	607	449	
381	600	533	
963	1156	1258	
386	512	441	
504	852	755	
448	507	736	
638	393	375	
501	1328	792	
1167	570	765	
437	516	818	
506	575	905	
136	200	88	
446	585	375	
640	426	706	
208	215	273	
337	265	90	
222	259	232	
920	807	869	
239	213	157	
149	84	187	
264	1081	705	
693	343	856	
178	209	173	
320	288	301	
1565	511	974	
824	553	569	
179	434	330	
526	498	1984	
506	818	412	
173	565	350	
125	92	159	
270	482	214	
481	1305	1408	
223	94	175	
309	327	681	
530	1525	641	
186	105	82	
1009	771	937	
696	662	856	
522	228	322	
1577	540	701	
526	697	912	
1447	1328	898	
962	413	1276	
583	541	840	
1208	718	494	
371	327	328	
1225	1381	584	
592	1239	889	
626	663	295	
1189	714	1448	
904	717	811	
1244	380	829	
844	604	563	
1091	1079	1278	
467	360	408	
328	396	409	
149	287	122	
643	1199	417	
542	478	426	
1095	1167	764	
601	353	667	
188	324	256	
1037	645	1244	
1273	1271	528	
846	1772	1105	
1198	447	1200	
297	189	391	
790	908	689	
570	604	595	
391	564	286	
324	898	272	
374	852	966	
386	638	535	
456	193	492	
457	855	467	
1319	732	1736	
1342	789	897	
475	1302	1048	
602	526	1328	
79	328	307	
921	458	1097	
1152	1159	1016	
619	519	997	
1362	496	1339	
285	280	247	
857	1076	1197	
703	317	533	
191	442	355	
415	411	269	
144	164	258	
353	747	594	
536	303	354	
226	504	441	
2030	1509	877	
520	573	616	
872	452	877	
465	537	546	
764	903	883	
232	181	194	
1053	458	1293	
1224	457	1035	
901	799	632	
462	216	587	
939	1687	1591	
676	434	881	
494	524	673	
881	1577	824	
288	445	752	
466	328	377	
251	191	91	
411	738	614	
317	126	212	
657	1495	1379	
413	125	404	
1450	603	792	
467	339	286	
295	174	150	
680	383	922	
196	195	186	
629	570	237	
1333	886	1490	
340	89	305	
276	409	316	
256	136	120	
1165	1339	1349	
341	444	192	
