Factories	6	Jobs	50	Machines	2

Total number of component types per job processed by HSPM
10	5	6	8	10	8	10	9	10	8	8	10	10	5	8	9	10	8	12	11	7	8	11	7	5	10	9	6	5	10	12	5	10	5	10	6	6	9	10	12	10	7	8	6	6	8	5	6	5	6	

Total number of component types per job processed by MFPM
5	4	3	5	1	2	2	1	3	1	5	3	4	1	3	5	2	1	1	1	1	3	1	2	4	5	4	2	3	5	1	4	3	5	3	4	1	2	3	3	3	2	4	4	3	5	3	1	1	2	

All component type numbers for each job to be processed by HSPM
1	47	0	20	5	11	13	50	19	33	11	16	10	54	7	49	12	32	8	9	
4	31	9	38	18	23	16	66	12	5	
14	75	19	48	15	41	7	42	1	19	17	35	
13	75	14	49	3	60	4	69	10	21	19	44	17	42	5	41	
7	17	17	34	10	30	0	31	11	56	15	38	3	25	16	20	5	64	13	15	
2	72	5	52	4	43	19	73	17	26	16	67	10	28	7	7	
5	43	3	73	10	14	9	55	6	31	2	59	13	49	15	51	11	66	8	62	
6	45	13	57	0	72	10	54	3	51	18	14	1	17	14	22	9	43	
15	72	9	32	11	24	13	19	12	68	1	37	4	71	6	46	5	56	3	1	
14	10	11	59	18	53	9	72	4	12	10	37	19	8	5	11	
16	23	19	56	15	26	13	65	10	70	9	71	1	51	18	28	
13	28	4	2	12	54	6	71	9	35	7	50	1	13	3	36	5	33	2	43	
1	49	6	39	18	31	14	21	5	3	11	44	7	63	15	29	2	40	3	15	
7	51	2	20	1	61	17	15	9	30	
14	20	9	1	16	17	1	27	15	4	13	6	17	5	7	40	
11	61	16	29	15	51	9	52	5	36	2	15	0	23	14	14	8	37	
0	51	15	39	4	28	2	14	5	42	13	46	17	17	12	75	6	22	16	59	
4	26	1	68	3	31	5	1	12	37	2	22	0	60	7	39	
9	7	7	5	2	9	17	64	4	32	13	53	11	19	16	3	0	11	12	52	3	2	5	31	
18	69	19	66	6	25	4	19	14	74	13	3	15	65	8	29	10	41	17	45	16	61	
16	49	6	12	14	11	7	19	9	7	8	52	15	71	
2	36	14	67	11	25	3	29	5	18	12	34	10	66	4	33	
6	37	12	41	7	9	5	55	16	11	1	6	19	75	10	2	0	7	18	59	8	71	
10	27	2	47	14	11	6	4	15	15	7	53	19	74	
14	54	8	53	2	29	7	24	3	46	
18	58	19	41	11	43	13	26	0	69	7	73	12	68	3	64	15	4	4	70	
3	65	14	31	2	69	7	22	15	34	19	39	1	12	6	71	8	55	
11	38	3	40	16	49	14	28	19	13	10	44	
6	15	5	8	12	14	4	58	16	56	
10	20	16	11	7	17	0	4	8	72	11	19	14	2	2	64	6	40	5	57	
8	28	9	60	3	49	6	5	7	44	17	40	0	6	15	55	5	34	2	27	1	22	19	2	
12	22	13	49	9	14	4	54	14	4	
9	2	8	37	14	12	6	13	19	46	13	36	10	21	18	59	4	38	12	25	
4	10	13	70	15	17	18	35	7	37	
8	58	13	44	15	39	9	59	11	24	19	35	4	7	1	43	2	45	12	11	
18	18	8	44	3	25	9	56	12	64	16	47	
4	5	9	30	18	13	2	2	7	44	5	35	
1	28	0	74	2	71	14	53	3	46	15	29	11	8	13	42	18	30	
8	35	13	25	2	48	14	5	1	74	6	11	7	32	16	67	4	59	17	55	
9	11	3	56	13	60	14	10	2	29	17	46	19	23	4	71	0	57	7	33	10	34	11	70	
7	28	8	51	5	58	3	33	13	61	10	31	0	42	18	66	11	17	1	67	
7	71	19	62	8	68	9	8	14	36	12	56	3	21	
19	47	8	17	12	67	9	2	1	30	4	23	3	49	13	63	
0	9	1	44	2	32	5	37	10	28	9	62	
15	52	14	40	16	61	12	16	1	6	19	57	
12	62	15	57	19	58	7	48	9	45	8	22	0	63	4	2	
7	64	1	3	16	40	19	23	8	69	
4	66	0	65	2	36	11	22	6	20	17	60	
4	50	18	58	3	22	14	51	7	12	
17	35	9	57	14	5	1	12	19	13	5	60	

All component type numbers for each job to be processed by MFPM
3	3	9	18	2	11	7	19	8	10	
4	4	3	19	2	14	1	23	
2	3	7	18	1	15	
8	21	3	20	1	10	0	17	7	15	
2	9	
1	18	3	22	
4	11	8	1	
0	14	
6	23	8	6	1	14	
4	16	
6	4	9	13	3	25	7	8	1	5	
9	4	7	21	8	16	
8	5	3	16	7	24	5	10	
9	4	
0	25	2	12	1	9	
7	7	4	21	6	1	9	22	3	8	
3	22	5	14	
3	3	
7	3	
3	3	
7	22	
5	4	1	24	8	25	
5	13	
4	2	1	11	
2	16	0	23	5	2	4	14	
0	25	9	1	3	10	7	21	5	13	
2	5	6	11	3	1	5	6	
3	19	6	15	
7	18	4	1	1	20	
6	3	9	1	4	9	7	21	5	19	
2	10	
7	6	2	10	5	12	0	19	
3	13	4	23	1	20	
2	22	8	18	3	2	4	3	7	6	
3	12	6	25	9	17	
7	6	0	25	4	24	5	18	
0	16	
2	2	8	21	
1	11	4	17	3	16	
9	5	0	11	7	23	
6	4	2	2	5	18	
8	11	6	14	
2	14	3	22	9	17	1	3	
8	24	0	23	7	16	4	21	
3	19	7	15	6	17	
1	12	2	11	6	5	0	22	7	17	
0	1	5	16	6	13	
0	21	
8	15	
5	19	3	6	

Three processing times per job on each machine
The best scenario
338	647	
186	306	
239	525	
456	382	
788	476	
337	727	
1279	605	
158	302	
382	649	
218	274	
775	277	
151	74	
598	597	
744	575	
162	741	
493	370	
248	382	
163	424	
583	710	
569	324	
253	673	
268	87	
611	264	
236	224	
781	719	
507	863	
378	316	
363	877	
127	163	
242	335	
199	181	
791	911	
216	404	
610	591	
401	143	
585	216	
316	1314	
260	317	
157	131	
829	819	
238	236	
221	279	
1124	836	
262	256	
147	397	
118	142	
1053	793	
460	415	
531	572	
784	684	
Most likely scenario
423	1000	
321	421	
359	528	
457	413	
806	845	
399	834	
1314	1095	
288	563	
551	655	
233	384	
792	452	
189	142	
1056	1082	
814	678	
298	954	
569	410	
327	414	
294	474	
851	786	
646	478	
262	683	
402	136	
836	383	
330	242	
1370	1286	
920	961	
474	458	
369	902	
208	275	
283	548	
221	268	
1225	1147	
237	671	
770	819	
417	265	
821	361	
396	1405	
269	442	
168	226	
1295	1036	
314	241	
251	307	
1406	1299	
356	389	
207	537	
217	215	
1077	1149	
598	537	
634	638	
1161	819	
The worst scenario
611	1269	
455	479	
422	574	
462	612	
928	1049	
505	1060	
1811	1116	
305	589	
803	752	
316	481	
796	575	
203	170	
1428	1219	
1134	814	
351	1348	
573	574	
433	415	
437	563	
1070	855	
709	681	
360	936	
424	152	
1252	412	
384	322	
1736	1336	
1244	1277	
681	546	
520	1215	
239	370	
355	622	
225	278	
1251	1704	
302	835	
967	909	
605	325	
919	536	
477	1760	
296	571	
228	321	
1467	1476	
416	313	
362	354	
1520	1616	
532	440	
255	670	
291	268	
1380	1646	
791	739	
902	732	
1321	1090	
