Factories	6	Jobs	50	Machines	3

Total number of component types per job processed by HSPM
6	11	8	11	12	11	12	9	12	10	10	11	12	8	6	12	10	5	11	8	6	7	12	12	7	5	9	6	6	12	7	5	8	8	11	9	7	5	8	5	11	6	7	12	5	6	6	10	5	5	

Total number of component types per job processed by MFPM
2	4	1	5	1	3	4	1	2	4	5	1	2	4	4	4	4	1	1	4	4	2	3	1	1	2	2	5	3	1	5	5	2	2	4	3	3	1	4	5	4	1	1	1	4	5	5	2	3	1	2	3	4	3	5	1	3	3	3	2	5	4	2	2	5	5	5	5	4	4	3	1	5	3	3	5	3	1	1	4	5	2	5	5	5	2	4	5	2	3	2	2	1	2	4	3	2	4	5	2	

All component type numbers for each job to be processed by HSPM
12	16	11	55	5	51	4	58	17	41	9	48	
16	3	7	7	10	18	9	10	1	29	8	50	13	75	18	15	15	65	11	4	4	74	
7	33	16	46	5	60	4	21	18	2	13	23	3	12	8	70	
9	21	8	5	4	20	19	69	5	44	7	39	13	59	15	10	6	38	0	2	16	7	
13	4	17	15	1	46	10	62	12	22	11	17	9	38	18	32	0	57	19	14	7	45	16	41	
3	25	5	5	2	15	4	23	16	26	10	44	18	55	9	17	6	68	17	58	7	61	
8	58	2	14	12	54	6	56	11	22	16	57	7	6	17	74	19	29	18	4	1	18	15	73	
19	53	6	59	0	34	1	54	5	49	11	10	15	42	9	48	16	58	
4	54	16	44	17	1	18	72	8	27	1	22	19	71	14	59	7	66	2	68	13	26	6	37	
18	57	8	43	4	5	3	45	14	49	9	15	13	12	7	37	12	39	19	11	
15	30	18	72	8	75	14	57	6	41	4	43	19	73	13	29	1	55	2	42	
16	20	19	50	6	28	18	7	0	19	15	61	17	52	7	51	8	66	4	41	1	4	
16	13	5	16	1	4	19	73	10	6	15	63	2	72	12	59	7	62	18	60	17	53	3	56	
1	16	11	32	7	13	4	3	14	42	0	40	18	19	13	48	
11	29	14	57	8	17	0	54	6	16	2	18	
18	71	7	30	12	69	13	20	2	6	5	43	17	22	14	47	15	74	1	23	6	53	19	9	
17	27	12	56	5	66	11	12	0	14	4	54	2	25	1	40	10	35	8	31	
10	32	12	33	7	2	17	74	5	44	
13	18	9	15	3	64	11	4	7	65	12	56	1	40	10	33	19	58	5	63	15	1	
6	47	7	7	18	55	1	49	5	24	16	21	8	73	2	59	
2	63	1	17	14	53	17	70	11	32	5	6	
15	51	19	73	14	12	2	19	11	63	8	22	7	29	
18	66	17	68	9	59	7	49	11	3	13	75	19	20	5	28	10	51	4	38	14	15	16	45	
14	58	9	10	17	2	1	64	0	38	2	50	16	61	8	62	6	72	18	47	15	60	11	32	
4	57	11	69	13	60	9	18	15	5	2	34	16	10	
19	74	5	57	10	59	4	52	14	47	
1	65	14	74	8	72	6	37	19	40	5	22	15	62	9	5	16	63	
7	8	15	21	14	47	4	49	5	13	16	73	
0	61	9	58	1	21	13	47	15	67	10	33	
10	54	13	22	15	28	18	25	8	23	1	56	12	50	5	49	14	9	2	8	9	10	7	1	
2	26	18	1	10	50	13	70	8	46	1	71	3	28	
18	40	12	57	0	21	17	45	5	60	
13	6	17	23	0	35	7	40	9	39	16	3	5	53	10	73	
9	28	5	22	3	50	17	45	11	75	16	16	4	70	14	24	
13	7	15	64	2	39	14	14	5	25	6	72	11	48	0	30	8	11	3	41	12	24	
11	62	18	49	2	66	15	3	13	61	4	63	16	46	1	34	6	59	
15	58	1	17	0	44	5	3	11	27	16	13	14	12	
4	16	5	18	14	13	3	35	0	5	
6	60	4	69	17	2	18	30	13	24	8	62	10	45	12	35	
15	34	8	4	16	30	9	48	5	12	
0	63	1	41	16	11	8	18	19	64	2	59	18	57	14	69	10	54	11	7	7	1	
13	34	6	47	0	33	16	51	9	38	5	42	
11	45	8	13	4	53	19	61	16	68	9	58	17	26	
11	63	18	4	5	22	15	73	6	18	12	12	3	71	17	61	16	75	0	68	8	40	7	41	
4	72	9	37	18	46	1	61	2	64	
9	25	16	75	10	66	12	38	18	6	17	19	
2	75	8	66	18	49	3	43	5	29	14	74	
1	52	11	26	3	3	4	13	5	34	6	27	0	30	13	10	15	11	18	51	
16	46	7	24	11	68	12	13	5	71	
18	43	13	52	11	40	0	31	7	45	

All component type numbers for each job to be processed by MFPM
3	16	4	8	
9	38	5	36	1	49	7	28	
5	4	
0	39	1	29	8	32	7	50	4	40	
3	6	
4	49	6	38	9	34	
4	16	6	13	3	17	7	3	
2	31	
0	8	8	25	
6	34	5	42	7	47	0	28	
2	16	7	4	6	18	3	10	0	22	
0	26	
1	2	4	8	
3	49	8	32	7	30	4	40	
3	1	4	18	5	9	2	13	
7	36	5	39	8	40	6	38	
3	20	1	18	9	4	8	13	
0	46	
6	1	
5	40	2	43	3	26	4	42	
7	23	4	25	0	22	9	2	
3	40	6	28	
3	16	8	10	4	3	
7	50	
9	2	
3	31	9	50	
4	12	6	9	
5	39	0	37	2	43	9	36	8	28	
2	5	7	18	9	15	
1	43	
0	7	4	21	2	16	5	6	9	15	
7	43	2	47	6	37	5	38	4	41	
0	22	7	3	
7	41	8	27	
7	19	4	1	5	17	8	18	
9	40	1	36	7	34	
4	23	2	13	8	6	
1	26	
0	21	1	17	9	7	5	18	
9	27	0	26	8	40	5	28	2	31	
4	5	5	16	3	14	7	13	
3	29	
6	11	
2	44	
7	19	8	14	4	24	2	23	
1	45	5	29	8	41	2	28	7	37	
9	10	8	12	5	4	6	11	1	14	
0	41	6	32	
1	16	6	4	4	25	
7	35	
1	2	2	22	
9	26	8	31	7	50	
7	3	2	15	0	10	8	16	
9	38	7	26	3	50	
5	13	4	5	9	21	1	11	7	18	
8	42	
0	17	3	23	7	18	
8	31	7	35	6	41	
3	14	2	24	1	19	
8	35	3	47	
1	11	6	23	9	14	3	22	2	12	
3	27	4	40	9	39	5	34	
8	18	5	14	
8	31	2	50	
2	18	9	13	7	3	3	10	8	1	
0	49	9	26	3	37	6	36	5	43	
6	5	1	13	7	4	4	11	0	25	
1	26	5	43	3	36	7	27	0	45	
7	12	2	22	9	14	8	7	
2	37	5	32	3	46	4	44	
7	14	0	19	6	21	
4	46	
8	19	7	21	6	22	0	7	2	5	
8	40	1	29	9	31	
3	16	7	13	4	18	
4	31	5	27	1	42	8	38	7	49	
8	5	2	7	1	10	
9	44	
0	10	
6	33	1	41	0	32	2	30	
4	12	9	23	3	2	7	15	8	6	
1	49	3	37	
3	7	6	19	1	5	4	9	8	12	
1	31	4	26	7	36	0	34	8	47	
0	19	1	11	6	10	8	2	9	15	
1	37	2	44	
5	3	2	16	1	14	0	22	
3	41	5	34	0	42	6	37	9	44	
7	1	9	25	
4	28	2	34	3	31	
3	15	4	14	
8	44	1	38	
5	18	
0	38	3	49	
2	6	9	5	4	9	3	1	
6	48	3	44	7	30	
2	11	9	23	
1	37	6	49	3	34	0	33	
9	8	3	12	2	21	8	17	4	22	
0	32	1	34	

Three processing times per job on each machine
The best scenario
104	225	125	
378	386	266	
56	54	169	
173	345	223	
269	325	171	
77	37	135	
126	153	356	
254	104	295	
345	162	561	
449	282	192	
164	426	277	
286	161	115	
318	197	179	
242	136	201	
76	76	114	
211	75	161	
197	148	69	
322	197	78	
464	305	324	
28	40	30	
45	48	92	
70	122	144	
58	39	56	
101	184	136	
342	426	158	
382	262	74	
105	194	63	
164	200	303	
39	10	13	
39	110	87	
186	238	232	
319	298	182	
106	53	42	
214	460	131	
57	56	95	
103	160	105	
376	108	271	
38	37	49	
157	241	414	
192	116	71	
41	23	35	
93	25	72	
238	82	151	
177	84	186	
100	96	91	
180	109	358	
260	309	421	
161	251	288	
449	444	320	
108	102	49	
Most likely scenario
109	327	187	
487	447	440	
87	68	170	
302	400	284	
402	434	199	
105	55	170	
134	252	376	
490	127	391	
613	268	565	
517	304	211	
248	525	356	
373	276	120	
329	394	313	
267	189	219	
97	84	134	
396	115	249	
345	172	125	
331	204	142	
518	317	517	
46	74	46	
79	70	122	
96	189	286	
87	41	66	
153	320	178	
427	456	201	
384	328	121	
186	208	64	
231	371	477	
41	18	17	
57	111	124	
314	474	297	
499	373	274	
181	90	69	
302	491	226	
111	73	109	
145	209	196	
387	162	286	
61	49	83	
270	408	426	
197	118	134	
60	39	40	
111	31	107	
258	151	259	
201	102	223	
102	104	108	
333	168	410	
430	506	493	
218	345	311	
584	586	432	
172	108	85	
The worst scenario
122	396	237	
668	560	649	
106	88	248	
364	485	369	
480	539	213	
133	72	223	
193	256	547	
690	157	477	
782	318	718	
559	451	248	
297	757	392	
495	389	161	
364	525	348	
301	219	300	
136	88	152	
582	150	293	
349	200	158	
341	219	205	
760	470	734	
49	106	58	
90	92	130	
117	221	425	
130	52	70	
200	477	245	
465	469	230	
504	369	141	
230	256	70	
319	415	677	
53	23	20	
76	162	167	
370	693	352	
514	389	366	
251	132	97	
348	663	275	
159	107	146	
163	267	275	
475	179	422	
62	63	123	
298	593	472	
276	135	185	
74	47	42	
135	35	158	
363	180	330	
212	121	260	
122	120	149	
395	181	519	
540	707	616	
318	419	411	
809	611	624	
235	137	88	
