Factories	2	Jobs	200	Machines	3

Total number of component types per job processed by HSPM
9	9	5	11	8	8	5	12	12	12	10	6	9	6	12	5	12	5	10	5	8	12	5	9	6	6	6	11	12	8	5	6	9	5	12	9	8	7	11	12	11	5	5	8	10	8	11	10	5	10	7	8	6	9	12	8	10	8	12	5	9	8	10	10	12	5	9	12	6	11	12	11	6	11	8	10	5	8	7	8	11	7	6	6	6	6	9	9	6	12	6	10	10	10	7	12	7	8	12	5	11	11	8	9	5	6	11	12	7	6	8	7	6	11	7	5	9	11	6	6	9	9	12	11	8	6	6	10	5	7	5	5	6	8	7	6	7	6	5	6	11	11	6	7	7	6	10	6	7	9	10	5	12	7	5	7	11	5	6	5	12	8	12	9	8	8	10	10	12	12	8	7	6	6	9	7	6	8	8	9	7	7	12	7	6	7	11	8	10	7	6	5	12	6	10	12	9	5	7	12	

Total number of component types per job processed by MFPM
4	4	1	5	5	4	2	4	1	5	1	3	3	1	4	4	2	4	1	3	1	3	2	4	3	2	3	2	1	3	1	5	1	5	5	4	5	2	3	3	4	3	1	5	5	5	3	5	3	3	5	2	1	4	5	2	4	5	5	2	3	2	3	2	1	3	2	2	3	2	2	5	2	4	4	2	1	3	3	5	4	5	2	2	5	5	5	5	3	1	2	1	3	4	2	5	1	5	2	2	4	3	5	4	1	1	3	2	2	2	4	1	4	3	2	2	3	4	1	5	4	5	1	3	1	4	3	1	3	4	2	3	3	5	5	3	5	2	4	5	3	1	2	4	1	3	1	2	2	5	1	3	3	1	4	3	4	1	2	4	5	4	4	2	1	4	3	1	5	2	3	4	4	1	4	3	4	5	4	3	1	4	1	4	5	5	5	3	3	2	4	5	4	2	1	1	5	3	4	4	1	4	3	3	5	1	1	5	4	5	5	5	1	5	4	1	3	1	5	1	4	2	1	5	3	3	2	1	4	1	5	1	4	4	4	4	3	1	2	2	5	3	3	2	3	4	4	2	5	4	5	2	1	5	2	4	3	2	3	5	2	4	1	3	1	3	2	2	2	4	3	5	3	2	2	2	4	3	1	1	2	5	5	3	1	2	2	1	5	4	2	5	5	4	4	3	4	5	3	3	3	1	3	1	1	3	1	1	1	3	4	3	4	2	4	5	4	4	5	4	2	4	4	2	4	2	1	4	2	2	2	4	1	5	4	2	4	4	5	2	2	1	5	1	5	2	1	5	4	1	2	2	4	5	1	4	1	4	4	2	3	5	4	5	1	3	5	2	3	2	3	4	2	5	3	1	2	2	5	5	5	3	5	2	1	4	1	2	4	4	1	2	4	4	3	1	4	3	1	2	

All component type numbers for each job to be processed by HSPM
19	44	1	12	3	54	17	29	5	28	18	10	10	25	16	38	8	27	
11	18	9	34	10	16	1	8	2	1	19	19	12	33	0	67	14	37	
14	75	15	42	0	69	19	53	17	43	
0	54	5	24	16	59	7	53	15	8	2	46	6	2	14	52	19	66	11	7	1	70	
4	71	5	22	1	73	19	35	14	67	17	3	16	53	7	19	
6	8	14	69	19	32	0	48	9	9	7	59	8	39	16	30	
10	67	19	72	8	54	6	28	14	35	
18	65	16	30	13	8	0	34	4	4	2	23	10	16	15	55	6	45	19	21	5	67	17	35	
5	28	16	47	15	48	3	36	11	35	14	66	12	17	19	7	7	43	2	67	8	33	1	19	
4	22	16	10	15	30	9	42	6	6	1	69	14	17	10	43	5	62	13	71	0	9	19	52	
1	38	13	54	7	65	6	8	9	35	14	12	19	39	4	36	2	20	16	75	
2	6	6	48	4	69	5	67	1	74	8	57	
7	59	18	57	8	6	1	17	0	70	2	20	5	41	19	10	14	25	
12	35	10	43	9	15	14	62	13	61	8	26	
10	42	4	2	19	59	0	54	13	11	16	45	9	40	2	46	6	29	7	52	1	67	8	17	
4	12	7	25	17	72	14	45	5	14	
5	25	2	60	18	40	3	26	12	30	14	17	9	73	11	29	13	49	15	28	10	35	7	55	
2	7	6	56	7	36	4	62	5	59	
4	38	11	58	16	34	10	69	8	9	3	6	9	22	1	44	12	66	18	72	
0	52	7	14	15	58	18	9	6	27	
16	31	12	21	19	51	3	39	4	65	0	13	2	43	6	4	
1	71	0	20	10	48	17	1	9	9	12	27	3	21	11	54	4	53	18	4	14	43	15	56	
15	56	17	34	8	75	2	42	7	73	
11	18	14	48	8	29	7	11	16	13	19	38	18	1	12	45	17	73	
6	30	11	29	3	72	14	13	7	5	15	65	
13	53	19	48	11	59	14	8	12	23	10	71	
3	38	10	6	16	36	18	26	1	15	0	33	
0	68	10	64	1	54	3	35	4	75	9	37	2	66	8	8	17	55	7	4	6	5	
16	18	7	23	13	51	1	46	3	43	17	40	11	5	4	55	12	12	9	36	14	25	10	60	
1	5	8	37	16	72	19	38	17	23	5	40	9	27	12	53	
18	26	9	36	3	73	17	24	1	27	
11	3	5	16	3	35	8	25	2	69	4	8	
5	35	9	75	15	3	13	37	14	57	11	9	10	51	2	59	16	52	
5	64	9	42	11	56	13	7	8	39	
10	46	17	2	0	71	12	6	8	8	15	37	9	59	16	73	6	75	4	56	7	61	11	18	
0	36	9	31	11	12	12	32	3	63	10	9	19	16	14	11	4	4	
7	5	1	10	12	7	16	25	2	28	19	33	5	29	3	62	
12	27	9	10	19	44	13	50	0	22	15	51	7	24	
19	52	2	43	12	44	0	5	13	63	3	55	4	35	15	29	16	22	7	17	10	2	
11	53	14	24	1	31	9	45	3	74	18	6	10	60	7	57	19	54	2	17	4	52	8	23	
9	30	0	40	19	73	3	14	10	61	6	67	18	24	5	43	7	22	14	26	2	39	
18	6	14	38	2	54	4	14	0	57	
5	56	2	74	7	22	1	42	12	65	
16	32	12	55	18	48	10	53	2	19	8	17	19	45	17	30	
2	58	16	60	11	19	18	4	0	50	15	23	14	27	8	52	17	10	3	63	
16	18	17	55	13	45	5	9	1	70	3	46	9	67	15	50	
9	58	1	39	15	53	11	57	7	60	17	3	3	7	16	66	12	14	6	15	4	4	
12	16	6	51	18	38	10	23	19	49	16	45	1	6	17	30	14	19	4	50	
11	40	1	47	4	45	6	27	18	38	
14	63	12	24	15	69	3	74	16	54	19	17	7	29	6	31	1	5	10	65	
9	59	7	47	6	26	12	2	3	29	13	35	15	71	
9	36	15	25	8	72	4	40	12	13	0	24	5	73	11	21	
17	37	1	46	9	21	5	45	6	55	3	24	
14	61	15	10	18	74	0	39	13	67	17	15	6	2	11	56	4	44	
11	31	0	28	5	36	1	58	14	1	4	14	8	63	3	41	7	2	2	33	13	10	17	15	
19	49	13	38	17	19	4	62	14	15	10	40	3	34	7	14	
2	69	9	14	18	24	3	66	11	58	16	29	14	11	4	34	5	37	0	65	
15	54	9	14	17	63	14	16	13	55	1	53	7	31	16	6	
4	1	10	10	1	52	2	62	7	54	12	53	14	18	5	33	17	23	8	20	3	74	15	7	
2	41	12	58	13	32	10	29	4	35	
15	65	11	18	1	26	18	59	13	51	2	48	8	29	7	50	17	13	
4	66	17	49	2	11	10	68	0	34	12	62	6	20	14	35	
1	66	2	44	19	64	14	48	11	5	10	21	18	43	0	35	4	2	3	63	
1	6	5	27	0	16	15	71	19	60	9	67	18	64	16	43	8	10	6	52	
10	64	4	14	6	71	9	50	14	37	19	62	5	18	0	13	17	33	13	53	18	32	1	26	
15	32	6	4	11	6	16	34	18	18	
9	57	1	41	10	75	6	50	16	23	7	72	2	7	8	33	4	30	
14	66	8	44	18	1	17	26	3	31	5	56	4	16	7	37	6	65	11	46	9	45	13	14	
10	23	3	36	14	10	0	25	11	55	2	58	
5	34	0	38	7	3	2	8	14	29	17	9	12	10	13	52	18	12	11	58	3	2	
18	9	0	20	10	66	2	63	16	61	15	26	1	41	9	3	3	7	12	16	17	6	13	58	
0	41	2	50	13	75	8	55	11	10	14	30	3	2	10	68	4	21	17	51	15	56	
17	71	18	47	14	51	6	7	5	31	0	13	
13	26	14	53	18	10	19	19	4	2	3	59	17	57	9	71	8	47	15	5	5	45	
13	25	14	45	7	72	1	71	15	66	9	36	10	65	0	24	
8	5	10	31	5	26	6	40	7	32	1	64	13	49	15	50	12	60	2	73	
2	56	11	65	3	7	4	68	16	73	
13	7	19	1	8	19	5	35	12	52	14	59	9	11	2	43	
10	34	11	39	9	38	12	28	17	20	19	71	0	11	
9	35	15	56	2	51	3	25	4	39	12	31	13	45	10	17	
3	22	17	20	2	64	9	69	18	35	19	36	5	8	7	21	13	31	12	59	1	47	
6	7	17	74	19	63	11	70	7	8	1	41	2	6	
18	46	11	54	5	33	13	75	7	1	1	45	
18	42	8	58	12	40	6	22	0	3	1	51	
1	25	12	67	7	16	16	62	8	39	5	42	
4	54	17	17	11	18	19	71	12	25	2	37	
2	5	7	27	3	16	11	70	15	6	17	42	14	36	16	31	6	45	
18	51	8	10	15	25	1	18	13	31	17	57	0	49	14	64	4	47	
8	23	10	46	6	27	4	52	13	7	15	11	
3	7	16	34	0	42	18	23	5	39	9	40	4	59	11	53	10	29	14	11	17	58	8	66	
2	58	11	3	1	72	4	73	18	56	19	45	
18	30	12	19	4	9	2	31	1	26	3	45	13	58	9	37	19	4	16	73	
19	72	14	48	8	42	16	43	6	16	11	17	4	68	17	51	13	21	12	7	
17	21	8	60	18	44	12	41	5	69	11	30	14	6	19	50	0	36	1	29	
15	53	18	55	3	72	10	16	6	35	11	54	19	17	
16	20	7	34	10	53	19	15	1	32	14	50	2	72	3	64	6	17	17	9	13	6	12	71	
1	20	0	45	2	59	17	36	8	25	15	9	14	10	
17	20	16	47	14	50	10	22	18	23	6	6	11	15	2	68	
18	4	11	44	19	53	12	27	14	62	9	26	13	31	10	9	3	55	15	17	4	46	0	36	
2	31	18	15	10	10	8	30	0	5	
4	9	15	2	18	39	9	55	12	5	1	25	6	38	5	69	17	75	13	32	11	64	
14	23	12	32	16	16	10	24	6	12	11	9	13	63	2	64	9	19	15	53	19	2	
16	40	19	22	12	47	1	45	9	25	0	52	8	29	3	38	
13	58	9	8	0	43	16	71	8	1	14	75	6	53	7	17	11	62	
1	28	8	66	10	63	2	8	16	50	
1	50	2	41	10	51	6	29	12	45	5	62	
15	24	18	36	6	68	4	59	7	40	5	7	17	55	9	1	11	13	3	17	12	56	
7	25	4	28	10	45	19	62	15	60	1	38	16	13	2	53	3	51	5	66	8	72	17	11	
4	65	0	12	13	63	18	23	17	45	6	64	9	57	
16	51	19	68	2	23	12	54	1	5	17	72	
15	40	19	58	1	10	10	34	18	32	9	75	13	45	6	56	
19	26	18	35	1	45	3	30	10	38	11	7	13	68	
19	46	4	36	8	34	15	15	7	63	1	29	
2	36	17	1	18	57	5	33	1	24	3	59	6	54	7	35	11	11	0	53	4	18	
8	19	13	5	17	20	5	8	18	72	4	58	2	23	
1	11	13	75	8	18	6	33	15	44	
4	24	10	25	14	68	0	38	6	42	7	13	2	6	17	10	1	67	
4	75	14	37	3	5	11	53	0	38	18	15	10	62	6	27	12	23	15	73	19	48	
6	40	14	37	17	2	10	45	19	56	8	29	
8	30	17	24	9	58	1	45	13	56	5	40	
12	64	6	12	18	1	19	3	1	30	5	6	17	73	10	2	11	28	
9	34	15	51	8	63	10	43	6	12	17	75	11	74	14	48	13	11	
12	15	0	25	13	18	11	19	18	52	2	21	10	3	15	61	16	27	5	29	19	46	1	9	
7	61	15	55	11	71	8	21	3	37	9	60	6	23	17	34	4	58	5	56	10	46	
9	71	12	52	15	70	13	21	0	44	3	26	6	47	1	72	
8	54	2	46	10	5	7	65	18	31	12	44	
11	16	9	44	8	42	3	66	2	45	6	14	
8	43	4	48	7	52	10	35	17	63	18	65	3	54	14	57	11	4	12	18	
12	46	19	66	11	37	1	10	2	23	
17	59	9	52	7	43	13	11	15	40	0	48	10	63	
17	40	13	36	19	43	6	71	12	70	
1	48	6	2	13	65	18	34	3	74	
9	48	0	61	17	32	18	33	8	8	15	47	
7	14	19	30	3	49	4	6	2	27	6	35	18	15	12	28	
11	24	7	64	17	56	10	75	1	6	13	25	9	38	
18	24	13	55	6	37	10	69	14	2	17	72	
14	4	3	46	4	30	6	74	15	22	5	73	12	15	
9	39	6	45	8	55	10	53	0	49	1	66	
14	71	15	1	18	46	6	50	10	49	
7	36	19	54	6	62	0	70	13	60	15	51	
16	3	9	9	13	68	18	54	19	69	17	34	5	2	15	31	6	16	14	37	4	5	
10	10	9	18	15	58	8	50	16	11	13	31	19	43	2	20	17	51	12	5	5	32	
13	24	2	26	16	73	6	36	14	39	15	44	
13	3	7	26	17	18	2	74	14	21	4	7	18	75	
3	46	18	32	4	47	6	8	12	39	1	66	19	48	
5	14	19	43	8	68	15	46	13	53	14	47	
17	49	14	57	8	17	6	69	5	5	4	37	12	10	18	38	7	67	9	75	
2	41	16	60	14	71	3	9	9	36	11	28	
2	57	6	63	5	34	12	13	16	58	14	8	8	70	
2	60	7	70	11	49	16	29	19	22	4	42	14	19	3	58	18	26	
2	11	7	36	12	4	8	30	1	10	15	46	11	43	0	69	14	26	5	18	
7	24	2	45	13	73	0	13	17	51	
4	60	19	54	9	69	16	55	3	59	11	75	14	62	7	36	5	35	10	22	18	52	12	45	
10	61	13	1	1	68	16	51	14	73	15	75	5	19	
5	5	8	25	7	60	0	38	18	51	
8	71	1	62	6	24	14	74	16	11	7	20	15	13	
17	66	1	64	0	51	11	3	13	27	6	39	2	10	8	32	3	57	15	14	18	29	
16	47	18	44	8	7	7	67	13	20	
17	42	13	20	8	28	5	10	16	17	19	26	
3	10	16	27	0	30	13	7	12	5	
0	66	18	1	11	42	17	19	6	25	13	11	14	10	16	7	15	44	8	63	19	14	10	18	
6	34	16	35	13	58	14	14	11	38	15	13	10	23	0	28	
0	10	13	4	5	31	4	49	16	60	9	57	10	69	2	24	18	67	19	52	7	35	15	45	
8	21	12	17	9	73	10	31	2	74	6	71	13	20	19	10	11	56	
9	7	6	14	5	32	14	40	0	70	4	71	10	3	7	57	
17	64	2	10	0	60	3	62	4	56	9	51	13	30	5	27	
8	25	1	51	17	17	7	54	9	4	11	26	18	41	19	49	12	1	5	3	
11	62	17	8	1	64	3	12	7	35	5	47	0	63	14	38	6	54	12	29	
16	49	14	35	8	10	6	34	18	6	11	75	4	60	19	64	2	42	12	18	10	62	0	4	
12	49	5	61	9	46	10	3	18	72	3	29	8	16	6	47	14	21	4	11	1	14	2	42	
15	2	17	71	4	52	3	5	6	34	16	62	7	44	2	48	
7	17	0	5	4	44	3	12	10	65	5	72	9	62	
7	54	0	47	5	38	11	25	19	59	10	52	
15	16	14	11	17	15	6	30	18	14	11	45	
8	20	0	55	14	38	7	40	15	46	5	13	18	59	13	2	17	7	
0	25	6	53	3	26	16	34	14	28	15	24	1	72	
14	35	5	54	16	26	0	63	1	16	17	62	
5	7	9	72	3	29	10	20	12	42	19	49	8	13	18	21	
12	16	4	54	13	7	5	70	2	1	14	69	19	4	11	8	
14	51	8	19	2	13	4	64	6	45	15	75	5	52	0	59	3	71	
0	39	9	11	4	59	1	12	3	8	15	19	7	27	
2	4	17	32	11	63	6	1	12	9	18	57	15	24	
15	27	18	48	19	17	6	46	4	5	10	34	3	62	1	41	7	65	17	42	0	3	11	49	
9	48	8	75	18	18	3	40	15	22	2	42	10	44	
15	73	1	18	11	2	12	33	6	72	9	65	
12	38	3	42	13	13	7	40	9	2	14	10	15	45	
7	16	2	64	10	27	11	18	14	15	4	25	15	31	12	20	9	62	19	3	13	59	
8	67	9	22	10	25	18	3	3	64	16	34	19	23	15	74	
6	26	4	28	12	63	16	39	7	68	15	24	13	38	1	2	18	12	2	31	
13	67	15	31	2	52	7	62	6	73	16	40	17	10	
18	68	10	23	9	26	8	69	4	36	12	25	
10	65	14	50	19	42	11	21	7	7	
18	71	4	10	2	14	14	57	6	66	17	5	9	37	12	61	0	7	19	6	13	63	3	12	
18	39	6	19	19	17	9	72	10	24	0	54	
9	28	8	14	4	52	5	27	13	26	10	66	0	23	7	43	1	57	14	61	
7	49	19	57	13	10	0	36	1	44	15	27	5	41	11	14	17	73	10	46	18	18	2	25	
7	19	15	59	2	31	1	15	18	9	4	66	0	38	17	1	12	18	
3	57	18	28	8	26	6	41	10	44	
3	11	8	65	7	7	6	51	15	58	18	41	1	1	
18	34	5	74	4	54	15	9	14	1	6	5	11	2	1	40	10	66	13	47	3	38	8	45	

All component type numbers for each job to be processed by MFPM
2	10	9	8	0	13	6	19	
8	32	7	31	1	39	0	41	
8	23	
0	36	1	39	9	44	2	43	8	41	
1	4	7	11	5	1	6	17	9	2	
8	33	9	34	1	28	6	43	
9	16	2	17	
5	33	3	48	6	32	9	41	
2	23	
0	48	2	34	9	38	4	26	5	35	
2	2	
8	42	7	28	1	40	
9	16	1	17	6	6	
0	27	
9	15	2	11	8	4	5	14	
5	34	2	38	3	30	4	31	
3	3	5	2	
2	45	9	28	4	31	5	42	
3	5	
7	45	8	42	0	43	
7	17	
1	42	7	32	6	31	
8	1	5	25	
7	40	4	43	2	31	8	41	
8	18	7	14	3	9	
9	48	0	39	
8	24	1	20	3	11	
4	28	5	41	
2	10	
2	33	6	27	9	50	
6	21	
0	37	9	36	6	43	7	33	3	28	
1	7	
2	43	7	37	1	32	6	30	3	49	
3	10	1	7	2	15	0	2	8	20	
8	36	2	43	5	38	1	40	
2	2	1	11	3	16	6	5	0	18	
7	44	0	46	
8	16	2	5	9	7	
0	47	7	41	6	50	
8	5	5	11	6	10	9	21	
0	30	4	38	2	34	
6	15	
0	35	6	48	4	41	7	32	8	39	
9	25	2	3	0	18	4	11	8	21	
9	27	1	47	5	42	6	33	7	30	
8	1	4	6	6	25	
2	29	9	32	1	33	6	42	5	40	
4	6	6	24	2	10	
2	49	5	50	9	26	
3	8	9	22	2	1	5	25	4	2	
5	30	3	36	
2	13	
7	33	6	40	5	38	2	28	
1	11	4	24	8	18	5	25	6	7	
3	42	6	29	
1	24	7	16	2	1	5	20	
2	39	7	27	3	43	4	29	0	42	
5	13	8	10	6	23	2	15	3	18	
0	34	6	29	
1	16	2	13	3	8	
7	41	6	29	
2	2	8	9	4	20	
2	33	4	49	
2	8	
8	43	0	44	5	46	
3	7	5	21	
7	33	0	29	
0	13	4	20	7	16	
6	50	2	34	
8	14	4	8	
1	31	0	34	3	27	7	30	6	42	
2	20	4	24	
8	30	7	46	5	48	1	34	
5	13	3	16	1	11	0	24	
6	30	0	43	
7	9	
0	35	8	41	1	37	
0	14	8	5	6	4	
0	37	1	33	2	45	3	36	8	43	
0	13	7	23	9	9	8	21	
8	38	9	28	5	35	1	48	6	26	
4	19	7	16	
0	46	2	36	
1	6	4	15	2	18	9	12	3	24	
5	48	4	35	1	45	0	41	8	42	
5	3	1	7	2	23	0	21	7	6	
5	48	0	30	2	28	7	42	6	43	
8	18	2	20	1	16	
9	46	
2	25	9	8	
3	27	
8	12	3	20	1	10	
8	38	3	46	5	49	7	39	
4	18	3	5	
8	43	9	50	6	44	3	34	7	42	
8	25	
1	49	8	50	7	33	6	29	4	28	
9	7	7	6	
1	36	6	46	
4	2	8	8	5	9	0	12	
5	39	2	43	9	40	
0	12	6	4	2	20	8	19	4	21	
2	44	4	50	0	43	9	29	
5	10	
9	41	
2	14	3	21	0	8	
4	27	3	28	
1	7	2	2	
7	26	0	45	
9	23	5	8	4	22	6	11	
4	49	
4	22	5	19	6	4	7	11	
9	35	3	29	6	38	
0	12	8	13	
7	29	2	35	
0	18	2	7	6	11	
9	44	0	50	6	39	8	48	
6	21	
9	44	6	37	2	38	5	48	8	32	
0	4	5	3	4	8	9	23	
4	38	8	35	2	28	1	47	9	34	
5	11	
8	45	6	43	1	48	
2	24	
8	50	2	49	1	46	4	41	
8	11	7	13	6	17	
4	34	
4	25	1	21	7	15	
9	43	4	35	2	41	0	28	
3	12	9	24	
6	41	3	31	2	37	
1	15	8	24	6	10	
9	32	3	40	5	26	4	39	7	49	
1	13	9	18	0	14	7	3	4	2	
2	33	3	40	1	36	
4	4	8	10	1	17	9	14	7	13	
4	48	0	30	
0	14	4	5	5	21	1	19	
2	50	1	29	9	40	4	38	6	42	
1	7	5	2	8	17	
0	38	
3	10	7	15	
9	26	6	40	5	50	2	28	
3	22	
6	37	5	41	3	33	
8	22	
7	32	1	35	
8	24	2	18	
5	47	8	26	6	48	7	32	3	43	
4	15	
9	37	0	41	6	34	
9	8	3	9	7	4	
4	40	
6	14	8	10	2	6	0	21	
0	46	8	44	3	41	
7	13	4	10	9	12	5	7	
5	42	
7	20	3	18	
4	47	7	27	2	38	0	28	
0	8	5	5	3	7	2	18	7	25	
4	37	2	50	3	34	7	41	
9	17	6	4	8	7	5	19	
7	34	1	42	
0	9	
7	48	3	43	0	29	4	28	
1	10	5	1	2	18	
5	36	
7	4	8	15	0	25	2	9	4	14	
8	35	4	48	
5	7	3	5	7	23	
1	42	9	32	8	43	4	31	
3	11	1	20	0	6	2	1	
6	39	
7	22	2	20	3	10	0	2	
6	40	5	42	0	31	
0	11	7	18	6	19	4	17	
9	40	5	32	1	28	3	35	8	46	
1	17	0	7	6	15	3	24	
8	33	7	48	9	30	
9	10	
4	32	2	36	0	47	7	39	
9	7	
7	36	2	41	4	32	8	35	
5	17	0	10	4	13	9	5	8	11	
1	31	3	40	7	48	2	49	0	37	
5	3	7	16	8	5	0	11	3	4	
5	49	3	35	1	40	
3	3	2	11	4	20	
5	48	0	31	
3	18	7	7	6	14	0	22	
6	35	7	41	2	44	9	40	5	30	
4	9	1	4	2	16	3	20	
8	45	0	38	
2	12	
0	36	
0	14	3	24	5	22	8	10	1	20	
6	34	7	50	3	32	
6	7	9	6	7	20	8	11	
0	40	8	37	1	26	3	48	
6	23	
5	29	9	46	8	36	1	32	
9	21	7	13	4	24	
1	29	7	36	6	37	
9	14	2	5	3	3	8	8	0	1	
1	45	
7	5	
3	41	5	40	2	32	4	44	1	48	
6	13	5	20	3	22	4	9	
5	47	9	34	6	39	4	49	1	28	
5	12	0	10	4	13	2	7	8	20	
6	32	2	48	1	31	7	49	3	47	
2	20	
0	38	4	33	5	43	7	48	3	49	
9	2	7	16	8	5	5	15	
1	32	
6	12	4	15	2	14	
1	49	
0	5	2	3	6	4	9	19	7	17	
6	26	
7	20	9	6	8	13	5	10	
2	39	0	44	
4	23	
6	36	2	39	3	45	0	44	8	46	
5	19	1	5	8	10	
2	37	9	33	8	49	
3	1	4	2	
3	28	
4	14	6	12	7	18	8	6	
0	43	
3	9	5	5	4	12	1	13	6	4	
4	26	
9	2	8	8	2	20	7	12	
2	28	6	30	5	45	7	41	
1	25	3	23	4	6	2	20	
3	50	2	43	0	35	1	27	
8	25	0	23	5	8	
3	46	
1	12	6	22	
7	28	5	33	
0	19	2	11	7	1	4	18	9	6	
8	46	3	49	5	48	
8	16	0	19	1	17	
0	34	2	28	
7	25	1	15	2	23	
6	50	0	26	7	46	2	39	
2	3	4	8	3	17	1	2	
3	35	8	44	
7	11	0	2	8	3	4	8	9	5	
8	43	6	34	3	50	5	39	
5	25	9	2	3	19	0	13	4	20	
5	47	2	39	
9	15	
2	31	6	38	4	44	5	50	3	46	
7	2	6	20	
7	35	2	42	3	28	9	46	
3	20	0	2	7	14	
0	31	6	29	
6	3	9	12	7	21	
6	34	7	26	0	42	4	29	8	41	
8	25	3	23	
7	40	9	45	1	49	5	47	
7	20	
7	30	5	43	1	31	
2	1	
0	50	6	45	2	49	
5	24	3	17	
9	50	1	48	
4	2	7	6	
6	26	9	30	4	48	1	28	
8	18	1	8	2	6	
4	33	7	43	6	47	5	37	1	36	
7	10	9	24	2	18	
9	29	3	26	
8	3	6	12	
7	35	6	26	
4	11	9	25	5	4	6	22	
9	43	0	44	2	28	
0	5	
0	31	
8	12	1	23	
2	31	3	50	6	37	1	27	8	45	
0	7	8	25	4	1	1	20	7	4	
5	30	8	27	0	26	
0	5	
7	39	2	27	
4	1	7	11	
5	34	
7	3	1	24	8	25	3	5	6	13	
4	43	6	37	2	46	9	39	
7	11	0	23	
6	46	5	34	0	50	3	27	4	32	
5	4	2	13	6	15	1	23	8	11	
7	27	9	31	3	35	2	45	
1	8	2	15	4	6	9	24	
7	34	4	26	2	49	
8	5	7	1	4	20	1	8	
0	27	8	35	7	40	1	29	5	38	
2	16	6	24	0	20	
9	43	4	45	2	47	
6	12	1	3	8	9	
9	31	
2	11	4	16	9	13	
3	44	
3	22	
8	36	2	50	7	30	
4	25	
8	40	
4	4	
3	46	4	41	6	36	
5	21	8	17	4	9	0	25	
2	32	3	26	9	47	
9	14	7	16	6	25	4	23	
1	40	4	28	
7	18	8	9	2	19	0	3	
3	50	8	33	7	43	6	29	0	28	
6	17	2	6	9	9	8	5	
9	39	6	36	8	40	2	26	
9	12	8	3	2	25	5	24	6	20	
8	47	3	43	5	34	1	32	
4	3	1	24	
7	46	6	47	1	35	4	26	
1	1	2	24	6	13	3	20	
5	44	6	36	
2	7	6	22	0	15	9	13	
0	48	4	35	
1	25	
7	32	1	29	3	28	6	47	
2	7	5	22	
8	43	4	31	
4	19	5	21	
2	28	1	29	9	49	4	35	
2	16	
8	30	9	48	6	27	1	39	4	34	
8	25	3	3	0	8	1	16	
5	48	4	40	
1	16	3	2	4	21	6	10	
7	42	6	47	0	34	4	38	
3	10	1	15	6	23	5	1	0	13	
2	44	6	37	
0	3	7	8	
8	27	
1	11	4	6	9	25	6	7	8	19	
1	49	
1	3	2	11	6	18	7	19	9	10	
6	30	0	41	
6	4	
0	50	4	35	3	27	8	34	5	26	
1	1	8	2	9	17	3	20	
6	34	
2	6	8	3	
8	43	2	34	
7	13	5	17	0	1	4	9	
2	41	7	35	5	42	4	49	9	36	
1	18	
6	50	3	48	7	47	2	43	
8	6	
4	33	9	42	7	39	0	38	
3	17	6	18	8	14	4	22	
4	31	0	49	
7	5	5	1	1	20	
3	35	9	29	4	44	8	47	2	31	
6	10	0	1	2	20	5	11	
3	43	7	45	0	33	4	35	2	26	
5	6	
4	43	3	50	8	39	
8	10	6	19	9	21	5	7	3	13	
8	29	1	31	
9	5	4	18	1	7	
3	28	7	39	
3	19	9	20	5	3	
8	49	2	37	3	44	5	38	
6	24	2	20	
6	41	2	35	7	29	8	32	0	43	
3	16	6	8	2	12	
5	33	
8	11	2	23	
2	41	6	31	
4	14	8	10	2	15	9	11	1	25	
3	36	4	33	1	28	5	47	9	42	
1	3	0	17	2	23	5	21	6	22	
4	47	5	26	9	37	
2	20	3	19	9	11	5	18	1	17	
7	44	2	30	
3	7	
8	39	2	48	5	43	1	42	
5	19	
9	36	1	31	
8	8	6	15	2	5	5	24	
8	47	3	30	6	42	1	50	
0	17	
5	30	1	26	
9	11	8	1	3	17	2	3	
8	29	4	45	0	41	2	30	
4	10	6	23	7	22	
7	43	
6	7	0	16	3	21	2	13	
9	49	6	45	2	47	
0	5	
5	31	0	33	

Three processing times per job on each machine
The best scenario
363	133	243	
155	332	157	
166	662	642	
211	117	115	
510	898	853	
526	647	300	
417	918	605	
457	400	578	
437	379	281	
303	332	455	
49	154	104	
248	268	230	
245	483	424	
185	127	134	
113	49	54	
768	1221	503	
1109	323	813	
773	1069	682	
114	130	161	
364	499	1119	
301	484	196	
52	90	127	
201	313	220	
432	585	432	
130	419	224	
225	148	105	
133	250	196	
83	210	156	
119	265	212	
585	679	165	
710	952	388	
262	72	226	
229	290	287	
329	334	312	
830	505	549	
164	178	110	
105	109	102	
77	88	132	
668	604	708	
365	347	383	
494	327	98	
96	101	53	
449	700	313	
101	84	75	
131	121	288	
513	284	316	
908	581	737	
401	468	489	
509	576	465	
499	381	170	
651	627	526	
174	170	233	
389	521	710	
238	493	711	
637	795	713	
155	188	423	
599	329	405	
851	606	422	
85	172	87	
906	783	662	
527	510	406	
50	66	57	
278	385	803	
295	205	527	
571	247	200	
217	260	270	
304	87	243	
326	599	600	
499	531	207	
429	96	175	
496	500	914	
757	680	544	
343	170	129	
310	361	393	
550	553	411	
864	421	327	
252	280	888	
213	108	79	
264	202	233	
114	164	124	
319	495	501	
248	301	152	
117	89	136	
818	434	222	
91	460	186	
372	331	240	
408	591	625	
137	258	226	
320	271	276	
673	599	745	
97	69	160	
469	351	239	
128	131	197	
597	775	634	
479	471	510	
134	102	197	
286	265	318	
90	63	42	
330	526	376	
73	102	160	
243	166	356	
754	852	471	
147	345	195	
334	436	345	
205	246	196	
320	127	274	
94	122	88	
166	57	198	
192	47	51	
102	235	139	
121	244	172	
223	369	363	
388	354	313	
312	1211	733	
258	154	373	
377	755	281	
212	188	154	
261	782	377	
187	120	170	
297	254	122	
242	372	291	
346	522	188	
629	417	492	
227	421	461	
383	523	242	
953	223	623	
409	365	325	
834	622	247	
787	979	1141	
589	1093	896	
331	165	581	
720	549	454	
238	259	136	
893	828	863	
234	106	469	
788	1094	615	
262	1354	660	
608	343	673	
232	167	255	
458	240	240	
52	46	61	
537	312	316	
131	519	219	
338	547	621	
940	483	977	
207	487	252	
531	890	665	
152	136	61	
610	474	693	
152	155	113	
194	190	228	
649	755	997	
218	134	135	
674	828	247	
760	725	890	
534	1103	1133	
154	144	168	
590	1038	341	
177	182	135	
132	269	112	
482	397	277	
444	421	321	
1172	932	1323	
204	181	446	
74	38	93	
371	637	189	
316	487	470	
146	62	108	
662	295	490	
263	271	459	
165	227	435	
218	103	52	
407	404	775	
224	104	104	
725	190	387	
225	879	990	
260	260	269	
833	541	267	
1058	757	577	
946	833	262	
301	338	1001	
570	476	392	
881	685	556	
260	291	177	
505	310	227	
527	338	544	
68	170	164	
770	371	1157	
221	69	219	
305	201	323	
185	316	447	
394	163	95	
222	1198	290	
421	376	439	
353	332	327	
142	201	183	
504	281	551	
258	204	208	
219	840	960	
197	197	272	
Most likely scenario
374	257	255	
302	529	292	
295	696	860	
298	215	210	
719	1030	902	
830	1081	439	
820	1016	689	
515	751	680	
650	600	562	
454	336	465	
80	219	117	
327	366	250	
391	737	659	
320	155	229	
146	89	70	
1136	1452	608	
1115	563	911	
1305	1230	1213	
167	239	195	
554	637	1389	
352	604	365	
89	109	133	
210	362	334	
625	1022	661	
255	426	289	
296	282	127	
194	256	228	
133	264	202	
191	370	364	
684	697	258	
766	1134	555	
283	101	266	
313	319	381	
351	543	396	
1011	659	1080	
198	225	194	
137	211	183	
90	102	243	
1287	1157	1035	
379	488	507	
538	421	184	
176	127	93	
653	850	524	
141	123	146	
154	210	351	
691	443	321	
1449	743	1093	
405	487	525	
929	617	755	
558	457	331	
1217	1137	812	
235	231	266	
435	872	853	
334	502	808	
751	955	798	
309	280	521	
630	437	472	
855	923	747	
138	174	126	
1081	913	705	
566	512	465	
89	106	63	
332	498	1076	
397	405	624	
616	441	379	
263	287	288	
307	172	248	
464	919	658	
523	572	220	
433	141	297	
733	610	959	
880	975	597	
453	275	157	
589	657	608	
573	573	421	
871	479	527	
304	512	920	
287	139	149	
381	343	375	
166	247	223	
491	561	781	
284	423	247	
154	123	164	
935	855	291	
135	505	314	
497	571	440	
812	714	741	
149	285	354	
342	368	380	
964	731	970	
169	86	174	
706	532	255	
233	246	205	
853	1442	810	
567	567	609	
155	106	252	
481	348	518	
119	95	49	
365	776	417	
109	154	276	
272	283	416	
813	998	544	
227	478	364	
571	780	350	
394	307	271	
438	148	502	
137	166	170	
198	110	355	
238	82	85	
142	372	200	
238	265	190	
418	442	614	
574	689	596	
399	1300	926	
509	215	550	
429	862	312	
311	232	198	
388	1215	662	
195	193	206	
459	313	203	
441	518	406	
595	528	208	
1115	785	497	
329	440	491	
536	530	353	
1319	373	1111	
476	540	560	
934	628	447	
1203	1559	1327	
722	1206	1043	
441	254	715	
781	622	701	
242	266	251	
1099	1520	1415	
371	144	474	
1105	1188	1132	
446	1449	1044	
682	402	716	
321	189	395	
584	275	267	
78	66	112	
579	426	512	
258	531	256	
565	812	876	
1093	502	1027	
405	623	350	
973	1019	773	
209	272	109	
1072	708	1206	
192	187	122	
246	305	299	
1065	1165	998	
324	171	220	
930	1127	428	
875	860	1441	
746	1194	1427	
300	223	214	
918	1148	559	
218	191	160	
139	273	148	
571	472	528	
532	430	609	
1530	1283	1467	
208	352	617	
95	56	174	
386	1089	356	
338	543	575	
237	82	201	
879	483	729	
366	404	729	
252	454	477	
229	152	97	
554	456	1090	
368	205	125	
1013	354	712	
372	1459	1178	
338	367	507	
952	656	463	
1061	1455	858	
1271	1200	422	
443	374	1349	
768	631	670	
929	902	999	
392	323	251	
701	340	386	
901	644	881	
88	261	269	
869	459	1511	
310	126	332	
405	280	357	
298	538	457	
496	325	132	
418	1206	532	
516	509	707	
527	485	365	
144	381	213	
600	373	871	
297	225	240	
384	1305	1146	
213	269	300	
The worst scenario
472	308	295	
357	782	385	
359	756	1239	
405	273	312	
881	1046	1190	
1206	1322	593	
974	1379	1017	
747	861	811	
910	814	566	
649	473	561	
118	305	132	
396	521	282	
511	1014	683	
444	199	283	
168	123	71	
1342	1977	796	
1624	715	1021	
1768	1569	1360	
209	293	221	
760	850	1964	
370	624	461	
123	122	188	
267	419	360	
699	1231	681	
265	598	292	
327	349	171	
264	328	242	
149	361	206	
282	454	481	
797	842	311	
814	1308	639	
415	151	298	
315	386	493	
399	707	502	
1211	865	1306	
237	230	198	
181	249	209	
125	116	280	
1651	1658	1328	
481	592	546	
757	616	208	
264	168	110	
790	1167	767	
191	175	217	
171	298	370	
712	587	402	
2167	888	1408	
417	502	728	
1157	679	895	
650	662	459	
1499	1340	1166	
262	312	392	
452	874	1094	
412	666	1152	
865	1159	937	
398	392	657	
680	597	631	
880	1319	856	
171	191	181	
1201	1075	817	
685	622	574	
92	137	83	
366	548	1525	
454	591	715	
790	598	529	
271	291	428	
454	207	363	
599	1129	739	
756	720	256	
611	167	313	
992	915	1163	
1280	1330	618	
583	388	167	
841	908	738	
823	752	600	
1272	556	559	
420	744	1325	
394	152	193	
524	419	426	
233	329	253	
594	819	980	
293	425	253	
195	145	246	
1173	1064	292	
141	741	455	
716	669	622	
1150	737	1018	
170	360	388	
471	418	554	
1071	883	1452	
174	111	256	
1017	606	369	
240	347	227	
1059	1585	1144	
648	777	882	
228	142	294	
555	367	576	
130	131	71	
371	1006	568	
156	167	292	
402	286	479	
873	1454	698	
303	594	448	
658	874	368	
573	406	306	
511	219	689	
158	234	244	
258	148	460	
294	90	106	
157	395	292	
274	272	253	
457	618	617	
653	933	680	
507	1498	970	
596	257	614	
545	1232	443	
313	306	264	
428	1692	865	
201	259	253	
499	466	219	
619	639	410	
679	718	271	
1186	1078	704	
381	522	699	
788	789	440	
1454	544	1663	
509	745	598	
1399	758	665	
1733	1626	1492	
987	1759	1329	
576	299	1005	
882	638	855	
287	361	335	
1156	2122	1711	
556	161	574	
1549	1563	1298	
456	2002	1416	
997	557	747	
363	250	592	
666	379	355	
105	75	128	
781	598	629	
278	603	344	
838	980	1225	
1402	514	1516	
550	728	510	
1150	1106	791	
266	370	116	
1357	829	1574	
217	195	180	
315	338	399	
1188	1484	1033	
361	234	310	
1282	1135	442	
896	1124	1815	
836	1327	1486	
402	325	321	
1240	1541	787	
256	192	202	
170	345	185	
635	545	708	
631	462	877	
1609	1463	1953	
282	521	782	
104	61	198	
406	1273	389	
481	716	612	
254	119	244	
1248	606	1040	
503	495	986	
354	587	595	
242	155	117	
584	581	1441	
534	220	149	
1203	497	1049	
409	1654	1355	
448	483	622	
1085	659	608	
1567	1758	1090	
1890	1591	528	
639	485	1989	
902	874	703	
989	1326	1401	
494	478	349	
814	438	552	
1196	957	1010	
89	296	290	
910	618	2035	
378	157	382	
580	311	470	
414	641	668	
530	472	134	
452	1234	612	
620	661	985	
556	545	444	
169	565	316	
728	460	1296	
346	316	286	
455	1654	1360	
251	341	328	
