Factories	2	Jobs	150	Machines	3

Total number of component types per job processed by HSPM
10	9	9	10	12	11	7	6	5	5	8	9	12	11	12	12	5	8	6	5	7	7	10	12	7	10	7	8	12	8	12	10	12	12	8	5	7	12	12	11	11	7	12	12	7	10	7	11	5	5	10	9	9	9	11	6	7	5	5	12	12	10	8	7	11	11	11	10	11	9	12	12	7	6	6	11	6	9	5	7	12	9	6	10	9	5	11	7	8	10	5	9	11	7	10	5	5	6	10	10	8	12	5	7	8	11	7	6	8	5	6	9	12	5	11	10	6	8	7	7	12	10	9	5	10	6	5	12	12	5	6	12	7	11	7	6	8	6	7	6	5	9	11	8	11	8	9	8	8	5	

Total number of component types per job processed by MFPM
2	3	2	3	4	5	4	3	5	5	5	3	1	1	5	2	5	5	3	3	1	5	2	2	1	1	4	4	2	4	4	4	4	3	2	5	5	2	4	1	1	5	2	4	2	4	2	1	3	3	1	3	2	5	2	2	3	3	1	1	1	4	2	4	4	2	5	4	1	4	3	4	4	5	1	1	4	3	1	2	5	3	5	5	5	4	2	5	5	5	2	2	1	1	5	3	4	5	3	5	5	5	4	1	1	2	3	1	1	5	4	3	3	3	1	2	1	3	5	2	1	3	2	1	2	3	2	3	5	2	3	5	4	2	1	5	3	3	4	4	4	1	5	2	4	4	1	2	3	1	4	4	1	4	5	5	5	2	5	5	1	4	4	5	2	5	3	1	4	3	3	3	3	1	1	2	1	5	5	2	1	3	4	3	4	3	5	3	3	4	5	3	4	5	2	1	2	4	4	2	4	4	4	3	1	4	5	2	2	2	5	4	3	4	1	5	2	4	3	2	5	1	3	4	3	5	4	3	2	5	5	2	5	2	2	4	4	1	3	2	4	5	1	4	4	2	4	4	5	4	1	1	3	2	3	1	3	2	4	1	2	2	5	2	1	2	3	5	3	4	4	3	4	3	1	1	2	4	3	4	3	2	4	3	5	1	1	4	5	2	1	4	1	2	3	5	2	2	1	4	

All component type numbers for each job to be processed by HSPM
3	19	2	27	10	52	8	17	0	20	4	73	15	30	7	51	6	22	17	33	
0	33	18	22	2	34	13	59	17	29	16	42	1	20	14	74	19	37	
10	52	1	48	0	21	8	13	18	26	3	7	17	29	2	34	4	55	
18	50	11	40	10	4	6	74	17	25	12	70	9	60	1	56	3	61	7	29	
17	59	6	61	9	51	14	29	7	27	11	58	10	64	8	15	12	26	1	10	13	70	0	3	
3	21	4	22	5	17	18	31	1	48	12	1	6	57	2	66	10	65	9	6	17	50	
10	59	14	13	17	57	11	5	7	38	4	23	19	43	
5	47	6	5	11	17	0	27	12	31	13	21	
0	34	3	65	11	67	7	32	14	11	
7	7	17	31	13	69	16	6	11	57	
3	72	0	73	17	25	18	14	4	17	11	1	16	4	15	66	
0	22	9	6	15	1	16	71	12	46	13	56	1	4	3	39	18	3	
1	74	9	67	11	69	14	25	12	37	6	51	13	29	4	11	8	68	5	65	2	63	19	35	
9	3	3	52	14	67	2	8	5	35	0	15	7	44	16	19	13	63	10	54	8	75	
2	41	5	51	13	54	0	72	6	55	7	61	16	63	3	42	14	35	1	43	19	8	11	30	
2	71	1	12	13	38	11	11	10	40	6	45	7	25	9	22	3	70	17	10	8	36	5	34	
12	58	9	33	15	59	14	32	3	65	
17	75	16	36	3	35	7	7	0	14	9	39	8	17	15	59	
7	20	5	61	12	14	19	28	11	46	13	50	
16	20	1	18	2	23	9	7	8	71	
16	3	19	65	12	26	0	42	4	59	17	54	11	43	
6	7	3	2	15	22	7	75	13	33	9	11	10	13	
13	26	16	12	8	6	14	41	0	24	15	3	5	32	19	44	7	62	2	54	
10	17	18	1	6	33	14	28	8	48	17	75	3	10	5	55	15	41	9	30	19	72	12	69	
13	10	16	73	8	2	2	33	9	16	7	55	5	62	
18	14	16	71	17	4	19	32	1	36	9	38	7	58	12	50	13	1	4	40	
10	9	1	3	9	25	0	48	5	18	8	5	14	10	
7	49	13	3	5	55	19	75	3	19	18	65	14	54	9	13	
12	65	7	36	9	21	10	23	5	4	17	54	15	75	0	49	14	38	1	44	4	25	19	56	
16	20	6	27	12	71	7	63	11	73	1	67	18	9	13	11	
16	72	3	51	15	56	8	35	1	9	6	64	4	11	5	38	11	13	0	61	12	32	17	55	
17	40	8	62	15	61	11	67	6	43	9	9	13	6	12	39	5	7	16	24	
3	29	6	7	9	37	14	33	18	28	12	56	5	18	1	65	10	31	8	75	0	11	17	8	
12	70	14	17	3	4	11	71	13	30	4	3	16	2	15	41	1	35	2	28	19	22	9	13	
19	12	7	26	12	10	16	57	1	46	9	7	5	36	15	40	
9	17	3	72	0	2	13	10	19	11	
12	24	17	58	11	25	3	71	19	30	7	1	8	48	
6	7	0	66	7	38	11	52	19	61	1	29	10	39	18	50	4	30	12	32	2	75	14	64	
5	20	15	10	11	61	4	68	6	55	16	73	8	30	17	49	12	15	10	40	18	36	3	48	
11	47	6	66	10	49	9	72	12	3	5	68	19	31	18	62	3	25	0	48	7	4	
17	37	9	25	3	19	12	18	6	5	7	48	8	49	14	60	18	35	4	73	15	32	
13	60	17	21	11	28	19	45	4	22	3	46	7	24	
13	63	18	68	0	74	16	34	14	3	2	17	4	51	5	16	8	44	17	30	1	41	7	38	
4	20	8	55	9	14	0	71	10	5	18	47	17	60	1	29	7	35	16	22	13	41	11	67	
8	18	12	57	11	41	3	20	19	65	13	46	1	51	
6	16	11	59	4	57	7	49	0	17	3	23	17	62	14	46	10	19	16	61	
14	56	12	29	7	71	1	25	3	63	16	66	0	55	
1	16	0	34	2	22	5	13	12	67	6	18	17	57	10	54	3	36	13	29	7	58	
3	44	6	60	1	61	12	69	2	63	
18	15	0	63	7	2	8	4	9	65	
4	39	16	46	15	14	10	30	11	12	14	52	7	69	18	51	0	21	2	7	
1	21	18	61	0	30	9	73	6	74	10	31	14	22	3	58	13	40	
3	38	11	69	17	63	19	4	8	18	9	3	0	61	7	54	18	8	
2	6	1	68	15	45	10	13	3	43	11	9	4	11	13	55	18	21	
2	40	9	9	6	74	10	73	18	30	12	70	5	14	11	51	8	19	4	24	1	50	
10	74	12	51	6	2	5	7	7	41	17	50	
16	51	1	13	0	17	5	10	6	72	13	63	2	14	
3	74	8	73	10	60	7	13	5	57	
3	31	7	34	15	60	16	65	13	53	
5	62	14	58	7	48	1	51	16	7	2	73	10	21	0	27	3	12	4	53	13	72	15	45	
18	10	9	19	4	17	16	16	8	56	3	59	5	6	7	28	13	74	17	26	1	69	6	75	
2	30	5	72	11	51	6	65	4	58	17	66	14	32	12	17	13	19	8	4	
12	9	0	36	4	54	2	15	16	30	13	14	6	57	17	11	
2	9	11	4	9	31	12	34	17	44	6	65	7	23	
0	70	2	16	15	69	8	39	9	28	12	60	4	55	5	15	3	68	14	47	17	32	
2	2	5	69	3	72	0	67	9	70	4	17	12	41	16	9	1	50	19	8	17	61	
15	71	6	44	1	17	0	11	17	3	18	35	9	59	10	70	14	14	2	47	11	2	
3	45	6	7	5	63	10	43	19	58	8	47	12	33	2	19	17	12	11	11	
6	54	11	50	7	72	16	12	14	71	19	8	12	14	2	75	18	17	1	53	10	61	
11	50	2	11	6	19	5	33	1	15	13	13	18	68	14	61	9	3	
15	3	6	66	14	18	11	75	13	59	8	35	19	42	0	40	10	30	4	22	17	58	3	37	
14	36	2	49	12	48	13	10	16	14	9	8	19	65	17	17	6	32	5	1	8	75	0	33	
1	3	8	16	18	23	2	67	10	29	15	58	7	60	
13	24	2	49	18	68	17	2	1	36	9	34	
1	22	14	37	11	51	15	56	9	8	5	49	
3	67	8	42	11	72	15	66	5	58	12	46	6	38	14	60	0	12	7	69	1	18	
6	74	18	11	0	67	9	71	5	42	12	48	
18	44	10	37	2	25	8	13	11	43	4	52	1	33	17	10	14	21	
4	54	11	3	16	12	7	60	10	13	
10	19	9	6	4	28	12	66	1	15	8	46	5	17	
10	29	1	71	5	64	15	51	6	19	16	49	19	28	14	54	4	34	8	32	17	8	7	2	
11	55	17	12	9	63	19	42	2	21	6	66	13	13	1	20	12	37	
4	28	7	31	6	20	13	52	14	15	19	14	
8	25	1	40	14	6	15	5	0	26	9	32	11	8	3	42	19	63	7	3	
14	14	3	29	9	1	13	41	12	58	4	54	1	48	10	22	11	11	
19	38	5	30	14	17	7	2	6	62	
5	29	3	65	9	15	13	26	0	45	2	34	17	56	10	1	6	3	15	38	12	17	
16	67	7	71	13	26	3	25	12	39	10	53	6	24	
3	67	12	45	19	43	11	56	16	31	13	74	1	23	9	11	
13	4	15	69	9	27	5	66	14	25	4	70	2	3	17	5	11	61	0	59	
12	18	15	47	7	16	16	26	6	59	
4	4	13	8	10	68	3	63	19	34	5	39	11	22	6	25	14	42	
19	16	9	49	13	64	5	55	6	46	7	26	12	54	15	65	2	9	1	75	11	35	
4	25	19	62	9	38	15	30	3	40	10	48	18	36	
15	46	18	13	10	42	11	20	8	60	7	33	16	27	2	74	1	15	9	70	
12	33	19	14	4	13	5	34	2	58	
1	24	10	30	4	71	0	18	9	1	
9	56	12	66	0	6	3	9	14	38	10	2	
16	60	13	9	6	38	9	23	7	52	10	24	0	33	8	41	1	28	4	37	
10	43	0	33	8	51	5	47	2	15	6	36	4	9	3	60	11	49	16	13	
1	51	7	75	8	36	14	67	0	13	17	59	2	25	12	62	
1	59	6	75	16	25	9	30	4	29	18	68	12	10	10	31	17	46	2	8	13	3	11	11	
8	7	0	62	19	12	5	75	7	16	
4	72	17	1	19	75	6	8	13	42	14	49	16	21	
2	31	16	3	3	56	8	44	12	72	6	27	11	54	1	68	
4	5	13	24	9	70	19	51	7	44	2	32	6	46	5	19	15	11	17	53	11	18	
13	55	18	35	0	11	9	14	4	6	17	66	8	54	
9	37	14	4	16	33	12	13	10	26	15	53	
10	58	2	11	4	6	15	5	12	29	8	53	11	37	1	1	
10	5	11	21	1	75	9	65	7	46	
17	63	14	48	5	44	11	4	0	73	4	40	
1	17	6	64	15	46	12	29	14	7	13	32	11	44	5	72	2	51	
18	62	14	12	4	57	10	8	12	22	3	58	8	42	5	69	15	14	7	40	11	29	2	66	
12	63	13	51	3	50	11	12	14	60	
0	50	18	26	17	11	8	59	10	25	12	70	4	16	15	24	6	15	9	20	1	8	
18	59	5	12	8	57	2	22	1	62	9	16	17	25	16	73	19	24	14	38	
9	3	7	33	16	23	11	17	17	35	6	24	
8	15	0	63	13	30	14	22	16	13	4	18	12	35	9	17	
7	23	8	21	4	72	17	51	18	8	6	28	12	15	
8	60	2	22	19	56	7	4	17	30	14	55	3	71	
3	70	18	39	7	38	16	53	13	47	9	3	1	26	14	23	5	21	4	73	17	62	2	46	
5	70	18	17	15	39	4	28	10	20	8	4	14	64	9	42	17	36	2	61	
3	59	6	39	16	24	13	23	15	41	7	64	12	38	0	4	1	40	
6	7	5	74	2	59	9	66	16	17	
9	16	11	47	7	75	15	65	12	19	18	39	13	5	17	37	0	70	19	58	
17	55	10	32	13	56	9	21	15	10	6	24	
6	2	18	29	1	45	13	12	10	16	
6	40	13	52	17	17	7	3	10	34	11	58	5	16	16	25	15	75	9	61	8	19	18	37	
15	3	14	5	13	36	3	59	5	33	11	24	2	38	0	67	1	54	6	51	4	48	18	70	
10	54	19	72	13	50	9	3	2	14	
4	60	12	61	7	67	10	59	5	34	13	71	
8	1	14	22	3	53	2	47	9	26	4	69	1	31	18	8	15	58	16	28	0	11	6	21	
13	4	2	36	17	61	8	62	6	9	10	6	15	63	
8	58	1	45	4	57	2	18	17	40	9	15	5	70	10	17	14	54	3	22	7	11	
3	62	9	50	7	19	17	54	5	27	8	35	1	20	
13	44	18	33	2	21	15	62	3	41	14	61	
16	49	14	29	17	47	13	61	10	59	11	74	9	62	12	31	
7	8	1	25	18	56	4	23	17	55	12	49	
5	72	15	41	17	6	4	65	9	53	19	2	10	26	
12	36	16	6	4	74	3	11	10	57	13	73	
6	22	8	10	5	60	7	7	12	11	
7	1	1	29	19	18	8	44	11	40	9	3	17	16	0	5	3	47	
5	42	7	23	19	75	4	17	0	71	14	13	16	68	17	69	2	18	18	47	15	1	
9	1	2	3	13	47	17	32	16	30	3	66	18	31	6	14	
7	8	11	11	1	19	8	51	12	72	4	41	6	20	19	21	10	39	2	53	5	70	
9	26	16	63	17	37	7	31	0	19	12	5	3	18	6	24	
4	43	1	32	2	53	11	29	10	12	8	11	9	30	16	44	15	34	
9	14	16	43	7	67	17	35	6	23	5	53	10	38	13	32	
9	35	15	21	4	72	12	50	18	28	5	64	6	40	3	34	
17	70	12	46	15	5	5	65	3	58	

All component type numbers for each job to be processed by MFPM
5	5	1	8	
1	43	9	32	6	44	
3	24	0	16	
1	38	9	47	8	28	
6	13	0	19	2	17	7	11	
8	27	7	37	9	39	2	45	6	41	
0	6	6	19	5	10	3	18	
1	42	0	29	7	48	
0	2	7	6	9	7	6	3	5	5	
0	50	6	26	4	40	1	42	2	45	
1	23	4	9	6	4	2	3	7	12	
5	49	6	40	3	39	
5	15	
5	35	
5	9	6	23	8	1	9	18	2	4	
4	45	7	28	
2	19	4	21	8	7	0	18	9	25	
7	38	6	36	4	39	1	27	8	50	
9	6	4	3	2	5	
8	43	3	41	2	35	
4	23	
3	36	7	31	6	27	0	49	5	44	
4	7	6	8	
6	30	0	46	
7	2	
0	42	
2	20	0	17	4	12	6	16	
3	36	7	37	1	41	5	42	
2	16	7	21	
5	42	1	44	4	35	9	49	
2	13	1	9	3	20	9	23	
9	41	4	45	3	50	6	26	
4	23	9	16	3	13	1	12	
3	45	1	26	9	32	
8	17	9	1	
8	30	3	32	5	47	1	28	2	42	
3	7	1	20	9	21	6	5	5	4	
4	46	5	28	
8	21	3	3	6	18	7	14	
9	30	
4	23	
6	47	3	35	5	40	2	36	9	26	
1	25	6	16	
4	27	0	40	1	45	8	50	
7	19	6	9	
4	43	1	44	6	35	7	38	
7	17	2	22	
6	31	
3	1	6	6	2	13	
3	50	9	49	8	32	
4	7	
2	40	3	36	4	30	
7	17	8	23	
6	33	3	26	1	41	7	31	9	50	
9	14	5	9	
9	40	5	28	
0	15	4	13	5	10	
9	34	2	41	5	49	
8	2	
5	36	
5	4	
0	49	1	26	9	35	2	38	
0	4	4	14	
4	27	9	46	1	31	0	39	
3	7	7	1	0	8	8	23	
4	46	2	27	
5	18	0	11	2	8	8	10	9	6	
3	28	1	31	7	40	6	41	
8	22	
1	28	3	41	0	42	9	35	
0	11	9	14	4	7	
2	32	7	45	5	41	8	37	
7	11	2	13	5	16	9	19	
0	45	7	38	2	44	1	46	8	29	
0	11	
8	44	
3	10	4	15	7	5	9	1	
3	29	8	40	1	45	
8	15	
0	41	1	50	
1	6	2	18	3	3	4	14	7	13	
9	32	6	48	7	34	
7	13	4	17	6	6	1	7	5	23	
7	45	8	48	5	39	6	42	0	36	
4	9	6	22	2	18	1	7	0	13	
2	43	3	45	4	37	9	33	
5	20	2	13	
6	27	1	39	3	41	7	47	2	26	
0	10	5	1	9	21	8	17	2	25	
9	26	7	37	0	48	4	32	2	50	
8	17	7	24	
3	44	6	39	
0	9	
4	35	
1	11	0	25	8	5	9	4	3	21	
2	35	6	39	7	46	
1	19	7	21	5	3	9	18	
6	42	3	49	5	27	4	40	9	29	
1	9	8	3	7	6	
4	33	1	47	5	43	2	49	8	34	
3	23	9	25	8	6	6	3	0	12	
4	43	7	35	9	33	8	36	5	39	
4	6	5	12	0	2	9	21	
6	27	
8	18	
3	47	2	34	
3	19	8	5	5	4	
4	42	
7	14	
0	30	4	31	8	33	9	48	1	34	
2	12	9	11	0	23	8	10	
6	26	3	47	1	35	
6	18	1	6	7	22	
8	45	6	28	5	31	
8	3	
8	33	7	34	
0	16	
3	30	9	43	2	38	
1	25	7	12	8	1	5	19	4	11	
6	28	3	38	
7	2	
6	41	4	37	9	34	
7	6	5	21	
1	44	
4	13	3	4	
5	34	7	50	8	43	
7	1	5	10	
5	36	3	33	7	48	
2	14	9	25	7	9	1	24	5	7	
6	43	0	37	
2	23	8	2	5	4	
8	35	5	39	9	33	4	38	6	34	
2	18	6	19	5	20	9	10	
4	40	1	38	
6	3	
6	47	9	33	7	50	1	29	4	43	
2	3	7	8	6	22	
5	47	9	33	0	49	
7	22	0	1	9	20	3	23	
1	39	8	48	4	44	0	27	
8	14	7	2	4	16	5	25	
5	39	
2	25	8	5	3	16	1	19	0	2	
6	46	5	30	
9	11	8	2	7	5	5	14	
6	48	3	47	4	39	1	42	
7	1	
7	48	9	32	
7	3	3	16	8	2	
0	26	
1	19	6	2	2	9	5	24	
7	42	1	30	2	43	5	40	
8	11	
3	31	9	45	6	47	2	48	
8	1	6	16	9	6	5	21	4	10	
2	35	0	37	9	47	8	49	3	34	
1	23	2	14	3	10	6	2	4	8	
4	26	2	36	
4	23	8	16	5	4	0	3	2	18	
7	38	5	32	1	30	3	35	8	26	
1	19	
8	39	0	46	4	32	6	26	
1	17	3	12	0	5	7	21	
1	28	2	49	3	33	5	27	7	44	
1	20	9	5	
8	26	5	36	0	50	3	48	9	37	
4	18	3	5	5	3	
8	38	
6	3	8	20	7	24	1	1	
2	35	3	37	4	27	
2	18	0	12	9	24	
6	33	4	27	1	31	
2	18	5	20	1	15	
0	31	
1	2	
2	38	6	48	
4	2	
6	43	3	27	5	45	8	29	7	36	
0	10	8	13	3	5	7	9	5	19	
2	31	1	35	
0	4	
3	29	4	34	0	26	
2	24	8	23	6	22	4	13	
7	42	6	41	4	32	
3	22	1	7	6	6	8	2	
7	47	4	32	0	43	
1	1	3	5	2	15	4	10	6	12	
9	31	3	40	2	30	
7	23	1	5	8	10	
7	45	6	41	4	42	3	36	
4	2	1	14	0	1	7	25	5	17	
7	40	9	37	0	47	
4	8	3	23	2	16	0	12	
5	29	8	27	6	35	0	31	3	37	
6	14	4	16	
9	35	
1	18	0	3	
2	27	7	39	8	35	9	44	
6	14	3	21	8	12	4	20	
5	41	9	42	
7	1	6	23	2	10	5	21	
0	46	4	29	2	30	9	33	
3	2	8	22	9	17	5	8	
5	46	3	33	6	32	
3	13	
0	39	9	31	8	28	5	30	
1	14	8	22	5	15	9	21	2	11	
8	46	9	31	
1	19	9	12	
9	44	8	42	
8	16	4	21	3	3	9	23	1	13	
6	46	4	34	9	49	7	50	
1	8	7	16	3	13	
3	45	5	50	9	31	2	32	
5	1	
1	28	0	33	5	26	7	48	3	47	
7	19	3	3	
1	45	5	44	2	40	9	32	
4	19	1	2	3	5	
4	39	9	28	
6	11	5	24	7	10	8	4	2	14	
8	35	
8	6	4	2	2	17	
6	46	1	49	0	42	2	37	
7	13	9	21	6	4	
5	34	7	41	3	46	0	43	6	27	
4	25	8	18	0	13	7	19	
1	37	0	46	3	34	
4	8	9	6	
3	37	0	34	1	42	6	32	2	43	
3	25	5	10	2	15	4	7	8	14	
8	48	5	43	
3	1	6	15	7	18	1	12	5	8	
8	40	4	32	
6	4	2	5	
7	43	6	27	4	30	5	34	
3	14	6	23	5	18	8	11	
8	42	
3	12	4	8	1	18	
8	27	6	43	
7	22	4	7	5	13	3	12	
9	33	8	50	6	29	5	28	7	42	
5	10	
7	50	8	37	1	30	5	36	
6	5	7	4	9	8	0	13	
6	31	9	27	
7	6	2	25	4	9	3	15	
5	34	1	44	3	33	4	50	
8	6	3	16	4	20	7	18	1	21	
4	46	6	44	9	50	3	34	
3	7	
4	35	
8	9	4	3	3	7	
9	31	7	47	
4	21	6	18	9	7	
6	48	
8	11	2	21	3	2	
1	35	6	31	
5	5	9	8	2	10	7	16	
1	43	
1	18	5	9	
1	45	6	36	
0	23	5	25	8	24	3	3	4	13	
9	36	5	37	
1	10	
4	40	0	27	
2	13	4	23	5	22	
1	48	3	28	0	37	9	47	2	31	
3	19	9	11	5	12	
2	42	6	38	0	34	5	29	
3	18	9	10	4	4	2	20	
1	47	7	49	3	26	
0	19	2	17	3	14	4	24	
7	36	9	38	1	43	
3	17	
7	45	
3	18	1	19	
2	41	3	31	0	43	8	29	
8	5	4	23	6	3	
4	43	2	45	9	33	6	28	
2	4	8	6	0	7	
7	36	2	32	
4	10	1	19	2	7	5	18	
3	45	8	42	1	26	
7	14	1	1	2	23	0	11	4	6	
8	37	
0	17	
9	48	1	41	2	30	0	31	
8	1	6	15	1	12	2	2	9	6	
5	34	4	36	
6	18	
2	42	3	32	1	45	0	28	
6	21	
6	35	9	42	
4	6	9	22	5	21	
6	37	9	29	4	34	7	27	5	43	
4	16	7	13	
9	45	0	39	
4	20	
4	27	2	50	3	41	6	47	

Three processing times per job on each machine
The best scenario
148	147	154	
166	101	203	
12	33	35	
40	13	10	
125	155	243	
146	146	186	
46	37	45	
96	245	65	
219	191	212	
158	204	226	
46	118	124	
29	32	38	
56	61	175	
104	161	189	
104	428	299	
40	116	106	
321	449	212	
273	167	146	
64	74	200	
341	157	292	
545	381	355	
246	112	69	
256	94	110	
86	95	78	
43	61	92	
38	64	60	
67	118	52	
52	88	80	
48	58	37	
385	232	74	
228	111	297	
71	42	94	
53	66	69	
170	144	105	
202	237	103	
73	48	57	
23	37	20	
380	321	154	
65	112	65	
59	249	191	
18	29	29	
109	142	301	
45	53	59	
93	118	167	
39	62	72	
262	146	243	
268	173	357	
91	340	239	
96	157	112	
253	313	242	
120	140	402	
70	179	181	
29	30	32	
62	63	25	
321	391	346	
162	194	134	
104	113	167	
318	270	116	
47	166	67	
238	179	349	
285	65	181	
310	469	202	
53	110	92	
153	206	106	
50	59	103	
120	84	161	
347	301	261	
40	38	32	
87	104	102	
43	44	112	
124	140	71	
100	57	99	
147	89	120	
528	487	255	
88	104	116	
289	167	115	
347	142	272	
63	84	217	
414	398	314	
28	39	37	
173	168	284	
200	110	102	
155	58	39	
51	36	46	
327	64	196	
181	180	216	
439	139	316	
15	49	43	
389	440	82	
262	261	153	
198	103	371	
76	80	69	
57	94	75	
33	45	55	
219	339	136	
47	97	45	
76	93	92	
84	204	318	
73	162	318	
155	138	194	
164	129	159	
256	107	208	
426	105	256	
134	105	195	
42	111	63	
230	226	107	
136	156	53	
110	126	89	
194	272	134	
102	125	196	
240	367	171	
133	130	335	
144	210	193	
67	169	74	
41	47	29	
68	141	50	
431	125	288	
130	168	95	
248	239	214	
257	238	261	
277	377	191	
250	531	368	
51	35	50	
94	116	132	
177	120	253	
233	191	127	
358	98	253	
189	81	137	
183	113	132	
408	282	285	
36	130	144	
91	217	167	
79	169	145	
150	216	321	
357	259	240	
278	130	215	
102	52	28	
52	64	101	
91	129	145	
113	324	140	
134	99	81	
88	157	75	
11	13	37	
208	155	49	
44	33	24	
128	147	133	
71	38	60	
94	164	162	
205	198	201	
259	160	187	
Most likely scenario
272	154	218	
179	180	206	
16	48	47	
41	26	17	
196	226	406	
152	242	290	
47	41	72	
117	346	104	
265	238	393	
204	229	232	
75	122	164	
57	43	44	
112	118	197	
139	210	229	
145	433	341	
42	145	129	
414	525	305	
284	200	236	
98	108	268	
407	259	410	
567	522	619	
270	210	131	
312	177	133	
148	136	119	
70	63	93	
71	82	72	
77	130	72	
75	96	82	
71	69	58	
405	287	136	
248	171	361	
73	44	96	
58	78	90	
256	193	115	
281	256	146	
123	87	105	
34	51	21	
485	387	193	
126	170	73	
113	259	322	
20	52	36	
182	230	325	
58	58	71	
157	145	180	
60	78	116	
416	247	373	
472	261	492	
182	430	470	
108	185	150	
312	316	307	
136	193	524	
88	217	201	
32	44	36	
67	78	41	
448	502	491	
269	209	146	
145	173	194	
502	405	165	
55	187	110	
268	240	360	
299	96	295	
319	513	341	
77	125	131	
224	396	204	
65	79	170	
157	88	190	
437	314	343	
45	62	34	
154	129	122	
82	66	142	
245	255	104	
110	76	102	
187	157	190	
565	510	381	
166	185	199	
402	204	127	
377	259	303	
104	134	230	
437	469	626	
47	66	67	
343	226	428	
311	159	179	
204	92	56	
61	62	62	
395	114	234	
280	217	381	
453	163	340	
27	79	59	
471	462	134	
405	314	216	
238	145	448	
99	107	85	
107	113	121	
49	49	71	
245	518	183	
74	137	55	
87	110	124	
156	251	417	
141	171	392	
164	167	289	
237	157	165	
382	175	343	
439	125	299	
188	199	228	
50	143	125	
373	282	156	
240	247	99	
111	179	131	
269	298	156	
172	167	241	
277	525	290	
232	189	488	
240	296	291	
90	175	76	
80	66	53	
72	149	58	
474	223	510	
252	193	173	
280	301	419	
261	394	282	
303	391	207	
491	536	599	
70	41	99	
106	122	147	
259	166	320	
238	306	130	
513	169	375	
250	98	192	
186	153	207	
514	511	543	
66	209	165	
134	279	174	
106	199	166	
234	298	494	
368	287	476	
286	198	255	
149	83	43	
75	110	119	
119	211	221	
147	341	271	
155	134	94	
123	170	85	
19	25	41	
270	188	68	
74	45	46	
170	230	184	
129	45	79	
97	166	182	
317	325	212	
336	311	267	
The worst scenario
378	231	246	
246	208	270	
22	55	67	
54	39	18	
218	295	607	
189	298	363	
49	60	91	
151	416	112	
346	311	507	
276	256	294	
92	178	224	
64	52	64	
168	166	286	
201	264	273	
206	442	465	
63	204	154	
603	588	410	
341	261	350	
118	116	360	
601	318	456	
604	687	843	
402	303	184	
416	229	162	
193	173	136	
100	90	123	
77	115	76	
102	134	97	
98	99	101	
91	82	63	
516	325	177	
310	192	475	
79	62	129	
86	84	123	
374	197	125	
339	290	166	
160	111	129	
50	68	28	
715	480	275	
146	187	81	
143	298	340	
26	64	40	
248	247	475	
82	71	79	
233	180	202	
73	91	142	
508	333	450	
623	296	551	
262	549	535	
158	206	216	
345	317	372	
201	206	588	
122	238	251	
48	55	51	
79	103	42	
645	508	533	
326	256	165	
201	225	264	
548	438	228	
58	202	118	
320	287	373	
361	110	338	
428	749	485	
102	135	188	
300	465	286	
96	113	185	
190	131	233	
583	408	482	
46	90	44	
183	172	146	
94	98	167	
320	356	120	
148	80	120	
245	166	207	
597	608	471	
246	257	207	
443	247	180	
492	323	444	
112	163	293	
473	574	911	
55	96	73	
459	319	544	
379	189	212	
226	109	78	
69	93	64	
494	159	340	
352	315	450	
574	207	370	
29	117	76	
703	540	191	
607	405	257	
338	211	599	
148	133	111	
130	116	148	
69	50	97	
289	553	213	
94	175	74	
119	123	158	
189	264	601	
191	177	463	
222	217	303	
242	229	175	
493	190	359	
610	135	432	
237	264	314	
54	149	147	
384	402	212	
346	306	107	
158	240	173	
389	371	218	
204	185	306	
364	651	366	
242	270	616	
316	329	385	
116	181	100	
114	97	61	
94	154	80	
484	286	532	
296	277	258	
361	309	504	
390	487	338	
304	452	303	
636	552	711	
75	50	137	
110	153	153	
386	228	393	
251	365	190	
768	211	434	
334	139	240	
187	160	208	
519	729	618	
68	283	241	
142	396	187	
144	226	221	
323	365	547	
534	343	667	
368	209	300	
183	104	45	
77	158	154	
158	269	225	
215	470	355	
181	192	103	
175	225	112	
28	27	49	
397	271	73	
109	49	68	
181	231	189	
138	67	81	
131	235	243	
325	393	269	
440	431	381	
