Factories	6	Jobs	200	Machines	3

Total number of component types per job processed by HSPM
12	7	10	11	11	11	11	5	9	11	10	11	8	11	10	9	5	6	11	7	8	11	5	6	11	8	11	6	9	5	6	6	10	12	7	6	12	7	10	10	11	11	7	7	12	12	10	12	6	10	5	9	11	10	5	10	6	7	10	10	12	10	11	10	8	8	10	9	10	11	11	8	8	12	11	6	8	7	6	10	12	7	9	7	7	12	10	5	7	10	5	5	11	12	8	5	7	9	9	5	6	6	7	9	7	12	6	8	11	11	6	12	6	7	6	11	12	10	5	5	6	10	10	7	5	12	5	8	6	9	6	10	7	8	12	11	9	5	8	5	6	9	11	10	5	9	12	12	11	11	7	11	5	6	11	8	11	9	11	11	7	8	7	8	6	10	11	7	6	6	9	12	9	7	11	12	8	6	11	9	12	7	6	7	9	6	6	8	5	12	8	5	7	12	6	7	11	11	5	5	

Total number of component types per job processed by MFPM
4	2	1	4	5	5	1	2	5	3	1	3	1	3	2	4	2	1	2	5	1	4	1	1	3	2	5	1	2	2	2	2	2	2	4	1	2	4	3	5	5	5	1	3	4	3	1	1	5	2	1	4	3	2	1	5	4	1	2	2	1	3	3	3	1	3	3	1	1	5	3	5	1	4	1	3	4	2	4	5	5	3	3	1	4	1	3	4	2	5	2	2	1	3	5	5	3	1	2	5	3	2	5	4	3	1	5	4	1	2	5	5	5	4	5	3	1	5	4	2	1	3	4	4	3	3	1	4	3	1	4	4	5	1	3	3	4	1	5	5	3	4	1	4	2	1	4	2	2	5	3	3	3	4	4	4	2	1	3	2	1	4	5	3	4	4	2	3	4	5	3	1	1	4	4	4	3	2	3	5	5	2	2	4	2	5	4	1	5	1	4	5	2	4	2	2	5	1	1	3	4	4	4	2	3	4	3	5	5	4	5	1	4	2	2	5	5	4	5	4	5	1	1	1	2	4	1	5	2	1	2	1	4	2	3	2	1	4	1	5	1	4	5	2	1	4	5	5	5	2	3	4	3	5	5	1	2	5	3	5	5	2	1	5	5	1	2	2	4	1	3	1	2	5	1	4	4	2	4	1	3	1	2	1	4	3	1	3	2	2	3	5	1	1	2	2	4	5	5	1	2	2	1	3	3	1	4	4	1	5	1	5	1	5	5	5	5	3	1	3	2	5	5	2	3	3	5	4	3	4	4	1	5	3	5	3	4	5	2	5	2	3	2	1	2	1	2	1	2	2	2	3	2	1	5	3	2	5	3	1	5	4	5	3	2	2	3	4	1	2	5	1	2	5	1	4	1	4	4	3	1	4	4	4	3	4	2	5	5	3	4	2	3	3	5	4	4	3	3	4	

All component type numbers for each job to be processed by HSPM
19	74	4	58	13	60	6	48	12	9	9	6	3	15	16	55	15	52	7	36	2	56	8	12	
17	33	3	42	7	64	4	54	0	2	16	5	19	7	
8	28	15	39	12	50	0	16	16	69	9	32	2	31	1	72	5	67	14	1	
11	45	10	60	18	2	3	3	17	43	5	16	6	19	1	23	16	4	13	64	4	8	
12	68	4	33	19	14	11	67	5	55	15	65	16	73	3	62	0	61	9	10	13	19	
8	46	18	23	0	51	13	44	6	4	17	39	15	49	12	67	10	43	7	71	3	64	
10	45	7	10	9	43	1	51	6	32	19	22	2	41	18	40	17	27	8	31	16	42	
9	28	0	9	3	30	7	45	2	61	
2	24	8	11	11	59	1	38	9	40	7	31	18	29	3	32	13	41	
19	17	17	45	5	60	7	52	2	62	13	51	1	13	15	39	12	32	4	27	11	15	
9	24	11	32	10	71	19	7	6	37	18	53	0	9	13	39	3	19	2	55	
2	3	6	36	19	43	0	32	1	29	15	55	7	62	17	63	3	58	9	10	18	28	
14	9	11	24	6	19	18	50	1	38	10	14	4	65	3	44	
7	6	12	26	6	70	5	55	18	20	11	31	3	61	17	67	10	33	4	69	19	21	
6	74	14	26	13	53	18	1	9	30	0	7	10	51	8	19	11	71	17	65	
15	29	17	19	11	23	3	9	12	37	18	6	1	47	2	24	9	2	
2	44	12	17	16	41	19	13	6	67	
13	40	17	53	18	42	2	73	1	1	11	59	
7	34	13	45	4	7	3	27	0	24	17	52	12	54	9	61	5	40	16	29	15	70	
15	60	4	10	13	50	8	20	2	55	17	35	6	13	
2	34	15	12	12	11	0	32	14	46	19	14	11	68	10	23	
6	61	16	52	5	11	7	13	17	5	4	10	19	73	8	28	18	41	11	72	3	24	
14	8	18	45	9	64	2	67	17	24	
11	33	2	21	13	52	15	27	14	75	8	2	
6	58	17	66	16	63	11	42	3	51	7	61	12	21	18	33	5	68	4	47	13	56	
15	71	19	59	9	49	16	5	8	15	14	22	5	38	10	25	
12	3	11	57	3	7	15	58	0	71	9	6	18	70	13	61	1	28	4	10	7	44	
12	70	1	65	8	38	19	63	16	13	10	25	
5	43	12	17	0	73	19	6	17	21	2	70	18	54	8	66	15	36	
14	20	16	38	7	50	12	40	8	58	
17	23	11	11	18	1	2	35	15	41	16	6	
13	54	15	58	9	51	16	52	10	20	14	50	
4	18	6	74	16	24	3	62	10	60	13	59	17	46	8	69	5	55	1	10	
13	6	0	41	12	56	14	70	4	31	8	52	6	34	1	75	17	32	2	73	10	58	19	4	
19	5	0	4	12	37	10	14	14	75	4	72	3	71	
3	62	6	29	9	24	14	41	16	20	5	65	
19	58	13	65	10	4	5	47	14	25	16	43	11	37	18	52	6	69	15	56	2	66	3	59	
6	57	19	47	1	13	4	43	10	59	12	49	0	16	
15	70	3	74	7	34	19	22	5	3	13	17	18	4	1	53	8	36	17	63	
13	64	10	20	15	27	7	30	16	37	14	67	12	75	6	18	5	13	4	40	
18	50	4	19	17	51	0	63	16	61	10	10	5	13	3	64	13	17	19	41	11	37	
1	38	7	17	16	43	19	58	5	21	0	50	3	25	6	34	11	49	12	7	17	36	
2	7	0	8	9	41	14	59	11	12	5	18	17	36	
6	75	15	2	5	72	16	26	19	5	13	65	0	69	
10	50	4	4	7	2	9	65	17	18	13	5	1	70	11	73	3	25	15	56	16	21	12	37	
12	68	7	22	16	14	6	67	1	17	5	57	17	8	18	13	4	9	15	66	0	51	10	74	
15	39	8	45	2	70	9	74	7	22	19	27	1	2	10	32	14	10	17	72	
7	9	18	46	6	47	3	56	13	75	10	1	15	7	14	23	17	21	0	63	1	40	11	22	
6	68	13	70	9	28	4	52	7	46	0	24	
14	37	15	65	7	40	13	66	12	53	3	67	1	70	6	14	8	16	5	57	
13	37	8	38	12	45	7	35	19	72	
11	47	1	26	7	55	2	52	8	1	4	57	5	45	19	3	10	25	
5	68	12	22	18	17	16	6	15	63	6	1	8	60	14	61	1	24	3	10	11	58	
7	25	14	51	12	37	1	24	19	75	5	7	17	34	0	9	10	44	6	19	
12	59	4	34	18	55	1	11	15	27	
18	53	9	75	2	21	7	12	13	60	3	62	4	73	10	26	19	16	5	37	
15	32	11	10	13	12	9	66	10	17	12	14	
0	29	16	62	4	31	15	36	14	15	18	10	19	7	
12	68	1	52	10	10	7	20	18	72	19	27	2	9	9	28	15	58	11	11	
17	11	7	74	18	17	5	24	10	5	1	37	0	33	11	58	19	36	12	1	
7	31	16	45	5	59	6	6	19	43	4	5	10	12	17	30	11	9	2	23	9	57	1	71	
7	46	3	50	14	26	17	40	1	73	8	35	2	39	18	58	13	24	12	17	
2	40	17	5	8	39	13	71	6	75	14	18	9	70	5	17	16	47	10	15	18	44	
5	13	14	18	1	42	0	72	18	25	16	7	11	52	7	17	10	68	19	8	
8	68	12	72	15	22	10	42	7	29	11	28	13	57	6	55	
14	50	8	44	1	22	4	41	0	40	3	53	18	72	5	45	
4	67	15	42	11	31	0	15	17	57	19	14	5	6	10	1	2	10	16	17	
4	35	8	64	12	43	13	34	6	8	16	13	10	60	2	21	3	61	
18	62	14	45	10	71	15	64	3	48	7	10	19	4	8	29	0	21	11	65	
9	25	5	64	0	68	18	41	13	71	12	70	7	46	3	51	14	66	1	75	17	10	
9	72	1	21	16	65	5	52	0	14	8	46	11	11	17	4	7	60	3	3	19	29	
3	35	11	37	10	8	4	24	1	18	2	1	13	49	6	29	
15	59	17	68	16	65	13	43	1	21	5	62	7	75	6	32	
13	59	9	34	5	2	19	9	8	72	14	63	17	65	6	43	4	12	7	55	12	71	16	15	
10	29	17	38	7	27	13	17	16	49	6	21	12	66	9	55	8	69	3	3	14	19	
6	54	13	50	11	5	16	4	9	65	3	39	
7	15	8	22	2	49	16	47	4	53	1	23	14	63	11	24	
15	32	14	61	1	13	13	50	9	58	4	29	6	30	
5	20	11	21	1	16	17	15	12	67	3	7	
9	64	8	69	14	59	12	60	4	48	17	37	11	5	10	1	1	19	19	16	
0	64	1	60	9	3	19	36	3	62	10	55	13	1	6	23	2	16	4	58	18	6	14	22	
19	64	17	27	18	45	1	67	2	1	5	68	4	48	
1	57	15	49	13	53	16	50	10	37	14	16	4	29	7	12	8	70	
18	46	16	17	1	27	15	75	4	25	14	71	10	33	
1	5	12	63	4	34	11	15	17	62	10	55	5	56	
13	63	18	31	16	43	7	32	1	56	2	39	14	52	8	50	0	1	11	16	9	42	10	61	
16	43	4	15	12	9	5	58	6	63	3	45	13	17	14	55	11	8	19	11	
11	52	12	26	15	22	3	65	5	35	
18	50	11	63	6	15	7	12	12	65	8	66	15	62	
4	46	0	15	11	21	3	63	8	48	13	38	7	57	15	58	5	31	18	60	
4	53	11	15	0	8	6	63	1	19	
4	23	3	55	16	31	14	24	13	17	
9	3	15	20	4	8	14	24	16	47	0	25	8	19	2	27	17	56	10	7	3	12	
0	49	15	12	9	54	17	64	12	14	11	20	4	31	1	26	16	67	2	27	19	25	18	28	
2	41	10	5	5	55	14	6	16	24	18	30	4	14	6	18	
18	34	16	4	11	69	1	28	3	74	
12	44	16	61	18	17	13	13	5	23	6	22	4	2	
1	30	0	51	17	2	3	17	6	19	10	18	19	3	7	4	13	46	
5	55	19	6	3	17	10	10	1	69	7	5	18	62	13	29	8	12	
10	53	9	70	17	24	7	47	0	44	
4	54	14	8	3	63	5	36	17	26	12	51	
2	43	3	59	18	19	7	55	10	27	4	56	
11	62	3	5	7	44	5	4	16	30	8	61	6	18	
3	63	18	61	17	37	9	21	12	59	11	9	16	62	0	43	13	58	
12	26	1	9	10	71	15	42	9	44	14	48	6	54	
4	15	15	10	7	55	9	20	11	6	3	23	12	1	16	18	10	44	17	47	13	30	6	73	
3	1	16	66	18	59	1	71	2	60	7	70	
14	29	19	4	18	58	4	49	12	6	3	62	15	7	0	21	
10	24	7	8	16	20	1	15	6	35	0	43	5	3	2	63	18	54	3	58	19	16	
9	28	16	44	12	56	10	50	11	38	5	5	15	59	0	25	3	21	17	30	7	71	
14	70	5	13	16	5	9	47	11	51	13	54	
5	38	0	1	19	67	8	54	6	9	4	25	18	4	17	36	1	3	14	19	11	29	3	15	
12	27	4	54	15	10	13	61	5	37	14	40	
13	52	6	62	4	40	3	36	14	22	7	7	2	1	
14	43	17	37	4	9	3	32	0	39	2	28	
5	67	10	2	0	73	9	37	19	22	6	69	4	60	8	42	16	66	14	35	2	57	
12	39	7	55	9	49	14	51	15	75	4	26	11	15	1	20	13	2	0	21	3	35	2	68	
8	72	0	15	5	47	2	8	7	48	12	61	14	39	4	69	11	1	9	11	
0	19	11	5	4	57	14	73	3	30	
9	33	6	16	5	58	11	42	12	17	
2	52	17	11	14	20	11	43	3	8	5	15	
5	59	3	67	14	72	0	64	11	26	16	73	12	2	13	69	1	43	2	42	
15	6	17	38	3	35	7	67	11	73	1	24	6	74	4	23	18	54	2	9	
7	17	13	37	4	61	5	65	1	51	18	4	15	39	
2	15	6	44	14	28	12	70	19	24	
16	33	4	29	19	25	17	72	3	3	15	39	5	18	14	53	2	75	12	60	10	30	9	34	
4	67	15	59	12	20	16	62	18	66	
11	4	18	54	1	27	0	28	4	47	7	5	15	26	5	56	
19	45	13	48	7	47	17	25	15	1	18	27	
4	12	3	18	10	22	2	25	9	68	16	19	19	1	11	73	1	46	
10	7	11	75	5	14	3	71	12	4	8	33	
8	28	18	75	10	21	12	18	0	17	17	30	3	63	15	60	7	22	9	54	
5	9	15	62	13	33	1	51	7	36	8	52	14	8	
17	22	3	59	0	20	8	2	2	15	14	10	10	31	7	14	
17	62	12	52	3	34	2	15	1	69	11	59	6	71	13	31	15	38	7	6	8	14	14	45	
18	70	11	67	1	2	5	31	10	63	19	59	12	49	17	52	16	43	0	44	13	5	
19	19	16	2	17	69	11	18	6	75	18	23	8	64	0	15	14	49	
9	23	4	4	14	25	1	9	5	42	
12	2	5	49	19	16	1	20	18	72	13	70	14	9	9	11	
18	20	3	18	15	24	7	28	5	9	
6	69	0	65	15	75	14	38	4	21	3	55	
17	6	9	5	15	58	8	12	0	54	14	32	5	15	2	47	10	56	
12	60	5	58	10	31	14	27	7	68	16	42	1	41	11	75	13	26	8	25	2	63	
12	26	10	20	8	43	16	1	14	32	11	68	9	58	5	49	1	65	19	72	
1	49	5	73	16	22	3	9	11	37	
5	22	1	66	4	36	17	1	11	49	3	37	16	16	18	27	0	67	
8	35	10	25	18	24	6	43	4	30	17	11	16	6	9	48	19	61	7	50	12	70	2	22	
2	36	13	7	6	61	5	58	9	37	16	45	8	40	11	32	7	38	17	49	18	12	10	9	
18	67	8	61	17	22	12	70	1	28	10	38	3	64	0	48	7	69	16	68	13	3	
17	20	0	43	8	11	10	65	6	71	5	24	11	26	16	72	3	4	2	18	15	40	
11	56	9	8	10	27	1	20	2	3	15	21	17	19	
6	32	4	4	14	9	17	59	12	57	15	29	13	45	5	8	11	36	7	3	18	41	
2	59	8	51	0	75	6	52	10	60	
0	23	9	69	8	66	10	11	19	60	5	57	
8	2	10	67	9	19	17	27	7	4	16	68	11	50	18	22	0	33	19	46	13	45	
7	59	1	52	9	55	15	40	8	30	18	15	10	54	2	25	
1	18	15	71	16	2	3	14	10	16	17	46	18	9	6	68	11	29	12	65	8	61	
17	5	9	52	8	6	7	34	18	72	2	73	0	57	15	24	13	2	
6	39	10	34	8	59	11	40	19	30	4	47	5	10	16	54	7	53	3	72	15	44	
8	67	15	29	13	28	0	50	10	2	14	18	16	47	11	64	19	57	18	41	7	43	
8	65	6	33	14	9	16	10	10	61	15	52	18	45	
12	34	1	21	4	63	8	72	16	33	17	65	15	24	7	46	
15	21	13	13	12	9	14	48	17	34	1	38	8	4	
16	11	12	58	7	12	15	59	1	55	17	52	8	44	0	47	
7	61	9	63	0	56	1	52	4	40	6	21	
8	6	2	54	5	25	18	30	14	27	10	16	3	46	11	31	13	12	17	13	
9	66	11	52	7	28	12	44	16	37	15	31	6	17	18	29	17	45	8	65	19	54	
11	4	17	42	9	5	14	37	0	56	2	25	12	57	
19	20	15	63	5	5	2	55	3	40	11	7	
12	24	0	34	18	75	7	41	6	29	14	54	
18	52	3	41	15	44	19	28	8	43	7	15	6	21	16	62	14	13	
4	14	8	22	16	28	12	74	18	29	7	15	9	69	2	64	3	62	14	20	17	6	1	49	
5	34	10	24	12	69	17	68	0	47	11	37	16	72	6	45	13	31	
17	65	16	41	12	55	5	7	6	53	10	59	15	35	
14	16	6	64	4	19	19	6	15	17	3	62	9	71	17	37	5	66	7	61	10	2	
2	67	13	48	10	14	6	63	18	45	12	59	14	54	16	70	17	50	1	30	3	52	15	23	
12	2	5	20	15	21	2	35	3	66	0	43	4	69	13	5	
14	14	10	64	19	54	6	17	18	4	16	73	
17	60	2	2	7	41	6	57	12	29	9	31	1	1	14	46	10	17	4	63	19	68	
19	43	18	63	0	68	8	47	9	7	11	49	13	72	12	32	3	17	
2	75	17	48	6	30	0	56	16	15	13	69	11	64	3	19	19	22	9	37	4	2	8	55	
2	59	4	4	1	8	3	69	16	43	6	27	8	20	
14	3	1	43	9	39	17	60	16	56	3	67	
17	69	15	45	10	36	19	8	16	29	4	37	12	31	
10	13	0	20	7	63	15	44	4	69	11	31	9	2	19	25	14	58	
10	59	4	38	13	51	19	6	15	65	11	28	
8	8	13	32	4	57	6	60	18	27	14	1	
3	70	13	3	7	75	10	59	2	60	15	13	0	51	6	40	
1	75	16	19	2	69	5	71	13	10	
6	55	15	23	0	40	1	62	12	37	7	27	5	58	10	3	11	6	18	32	17	24	2	49	
13	8	6	14	12	35	1	45	3	7	19	37	4	38	15	19	
1	4	4	34	13	39	7	17	18	38	
16	41	4	20	7	53	2	48	9	75	6	56	8	1	
9	41	11	59	4	38	14	44	10	40	15	46	7	15	12	33	5	21	8	8	1	64	18	52	
3	74	17	54	14	12	19	57	8	17	11	35	
13	31	2	16	15	22	18	49	12	8	0	53	6	50	
1	42	7	26	16	47	4	25	6	13	8	27	18	37	13	73	12	65	17	43	9	69	
17	55	13	36	15	12	4	4	8	28	19	14	6	23	2	47	9	6	14	67	0	9	
14	35	0	16	8	5	6	48	16	37	
19	11	4	42	9	23	16	21	1	32	

All component type numbers for each job to be processed by MFPM
1	22	7	18	8	10	9	20	
9	30	5	35	
5	1	
3	29	6	37	9	39	7	34	
8	9	3	17	6	4	9	25	5	5	
5	28	3	41	7	32	2	30	1	37	
6	23	
1	43	3	28	
8	17	1	12	2	14	6	18	3	1	
1	40	7	38	2	48	
2	5	
5	37	9	36	8	43	
0	9	
9	50	6	27	3	39	
1	17	5	10	
9	28	6	32	0	33	5	45	
8	11	5	1	
5	37	
6	7	4	16	
7	31	8	30	3	34	0	28	5	32	
0	21	
5	41	1	30	8	32	7	43	
9	23	
3	49	
3	18	7	23	1	14	
7	44	0	28	
9	8	3	5	7	3	5	24	4	22	
1	29	
4	4	6	23	
7	48	1	38	
9	25	2	22	
1	45	4	49	
0	22	3	9	
9	28	1	41	
1	16	2	10	3	4	0	25	
9	43	
7	15	0	2	
4	41	7	48	0	42	6	35	
2	24	4	21	6	8	
5	49	8	37	4	33	1	40	9	48	
5	20	6	13	8	1	0	10	9	3	
9	41	2	40	0	44	7	31	5	38	
8	13	
6	30	8	40	4	38	
5	14	6	7	3	12	9	1	
6	26	1	48	9	27	
3	10	
6	42	
6	17	5	13	1	11	3	3	8	21	
2	38	9	46	
5	1	
2	37	7	33	5	46	4	39	
8	2	9	21	7	20	
7	35	4	48	
6	10	
8	33	0	27	4	46	6	36	2	28	
5	9	1	2	2	13	8	23	
4	33	
0	5	8	17	
0	29	2	32	
0	23	
9	42	3	36	6	33	
1	12	7	17	8	2	
7	49	0	33	8	38	
1	21	
8	33	0	37	1	30	
7	6	3	8	8	16	
4	35	
9	9	
0	29	3	41	9	43	1	36	6	44	
0	24	8	15	9	5	
8	48	0	44	7	42	6	50	2	38	
3	24	
7	48	2	42	8	35	4	38	
0	12	
5	32	8	42	9	37	
7	13	1	10	6	11	9	12	
7	30	8	34	
6	23	0	4	3	21	1	7	
3	41	9	29	8	42	1	34	4	45	
2	21	7	9	1	13	3	17	4	1	
7	43	1	36	8	44	
9	25	8	15	1	14	
0	36	
4	23	5	14	0	21	7	2	
2	32	
9	8	3	16	6	1	
1	39	9	41	5	28	7	27	
2	13	8	22	
4	46	5	49	8	27	7	40	2	43	
4	17	3	19	
5	35	4	31	
3	15	
3	36	6	34	1	31	
5	9	7	11	9	14	4	25	3	20	
1	26	5	36	9	28	4	38	0	34	
0	14	2	11	7	12	
3	46	
7	25	9	7	
7	49	8	40	2	44	5	38	6	28	
7	5	1	24	0	19	
9	42	5	38	
9	22	3	20	6	14	7	23	8	11	
5	30	8	48	7	44	0	33	
2	2	0	3	6	19	
4	28	
8	1	9	6	5	17	2	19	6	18	
6	32	9	29	1	36	8	49	
5	21	
9	41	6	26	
1	19	3	22	8	13	7	23	5	17	
1	28	9	42	4	39	8	37	6	27	
7	18	1	11	4	8	6	21	9	1	
7	50	1	26	5	36	9	46	
4	12	7	8	8	2	3	10	2	18	
2	48	3	27	0	32	
2	15	
9	39	6	29	3	33	4	45	2	40	
7	25	6	17	8	22	9	8	
0	46	7	39	
7	8	
7	37	0	28	4	36	
9	22	8	8	6	17	4	1	
3	27	6	49	2	33	0	39	
4	1	9	12	7	16	
7	33	6	40	5	50	
9	3	
9	32	3	28	4	37	1	35	
8	13	2	16	5	24	
6	42	
3	24	7	25	5	2	2	21	
5	36	2	37	4	30	8	38	
6	24	3	19	2	21	7	18	5	13	
8	37	
1	20	5	21	8	3	
5	36	4	35	1	40	
4	7	6	1	9	15	8	6	
7	40	
6	21	2	11	4	6	8	7	5	4	
0	36	4	27	2	47	6	46	7	48	
4	8	8	24	7	1	
1	38	0	30	4	35	6	43	
2	25	
0	34	4	39	6	49	2	27	
3	13	2	1	
2	33	
3	8	9	6	4	25	1	2	
4	27	9	30	
1	16	6	4	
8	36	6	31	9	33	0	29	7	28	
0	12	5	13	2	16	
2	30	4	33	8	48	
8	19	9	2	6	23	
4	50	2	45	5	26	6	38	
0	17	6	12	1	11	5	21	
0	31	6	36	3	45	5	42	
1	11	3	6	
3	29	
7	4	4	20	2	18	
1	32	4	26	
9	23	
4	28	9	33	6	41	3	26	
7	17	8	21	0	8	1	25	9	10	
8	26	1	34	6	37	
3	2	4	3	8	19	0	17	
6	32	8	47	0	43	7	49	
5	13	6	1	
6	33	5	41	1	50	
3	22	4	9	7	18	6	19	
7	46	6	49	5	43	9	50	3	30	
7	3	4	19	2	9	
7	46	
7	11	
7	32	3	45	0	26	6	40	
9	23	6	13	0	9	1	11	
1	31	2	29	8	44	9	38	
3	20	1	12	4	14	
0	50	5	42	
9	25	4	18	5	24	
2	46	4	39	6	36	0	43	8	27	
6	5	7	14	5	9	0	10	3	8	
6	42	2	34	
0	20	6	15	
2	39	4	45	1	36	5	32	
3	24	8	25	
7	44	0	38	2	40	5	48	6	32	
6	19	7	13	8	14	5	20	
8	28	
3	16	1	10	8	22	6	23	9	18	
1	28	
6	5	7	11	8	6	2	17	
9	49	4	44	3	41	8	36	5	48	
9	23	8	25	
8	27	5	46	2	35	3	32	
3	8	6	6	
9	26	2	40	
3	6	2	10	4	15	0	2	1	9	
7	39	
2	24	
2	50	9	33	5	41	
7	16	9	7	0	20	5	17	
6	30	2	36	3	50	8	44	
6	7	1	20	0	24	9	15	
6	42	5	28	
0	16	9	7	6	6	
2	40	4	27	6	33	0	37	
2	11	9	12	7	15	
9	47	1	43	0	32	2	34	8	41	
9	18	4	17	2	16	6	9	5	23	
4	45	9	44	8	42	5	31	
2	20	4	15	3	13	7	14	1	11	
6	28	
8	6	7	13	4	23	5	17	
5	29	1	35	
8	13	6	7	
0	45	1	33	7	35	2	48	3	28	
5	14	1	13	3	19	6	21	8	6	
0	49	5	44	9	29	7	30	
4	23	0	8	2	13	1	12	6	4	
3	38	8	50	7	32	0	41	
0	19	3	12	9	10	7	23	8	4	
0	40	
8	23	
6	28	
0	4	7	9	
7	30	8	40	0	38	6	26	
4	21	
0	48	3	40	7	50	4	44	2	45	
7	14	0	24	
2	47	
4	1	7	12	
6	42	
9	6	5	12	8	15	3	18	
1	39	5	43	
4	18	5	14	6	6	
6	32	4	33	
5	1	
4	37	3	48	7	26	5	42	
6	12	
7	47	9	34	0	43	4	44	5	27	
9	4	
9	38	8	34	3	27	5	30	
1	2	6	24	8	1	7	10	5	9	
2	40	6	46	
0	11	
5	32	3	45	8	47	0	49	
9	6	4	11	3	20	1	8	7	21	
9	39	8	42	7	48	4	32	0	33	
9	9	3	15	7	24	6	18	1	3	
2	31	7	40	
3	13	0	7	4	19	
1	42	3	31	8	44	7	49	
8	22	3	25	6	14	
2	42	7	36	3	44	1	31	0	37	
7	4	9	13	4	16	1	19	5	5	
8	28	
9	2	0	5	
9	33	5	26	6	46	0	45	8	31	
6	5	7	23	2	24	
9	29	4	47	1	35	7	43	5	39	
9	1	6	4	1	23	5	6	2	2	
3	50	1	49	
5	11	
8	34	7	31	9	26	4	35	6	38	
5	11	7	25	0	4	9	14	6	5	
0	50	
1	12	3	4	
9	45	6	44	
3	2	1	6	2	19	9	14	
1	37	
0	2	9	16	2	25	
7	43	
1	8	3	6	
7	27	2	34	1	45	9	38	0	47	
1	17	
4	50	6	36	2	33	1	35	
7	8	6	19	0	14	4	23	
0	32	6	37	
0	17	5	11	3	9	4	8	
6	50	
2	6	1	16	5	23	
4	42	
6	13	1	4	
0	30	
8	17	0	15	1	14	2	1	
5	39	6	41	7	29	
5	20	
1	33	9	32	7	29	
1	19	5	5	
8	35	5	42	
0	3	8	10	7	7	
5	46	2	39	3	41	6	36	8	34	
9	3	
3	42	
8	1	6	4	
6	34	9	38	
8	16	4	21	9	20	6	11	
8	48	0	36	1	50	2	30	3	31	
4	1	7	23	3	8	6	5	2	16	
7	48	
4	11	0	8	
6	42	4	29	
1	24	
8	35	2	47	3	46	
7	5	9	14	4	11	
7	48	
2	3	8	24	6	4	9	11	
6	41	2	42	8	36	7	50	
8	5	
2	39	7	40	6	36	3	28	0	27	
3	17	
2	28	4	40	8	44	5	34	3	30	
7	13	
6	43	8	31	4	39	5	47	9	33	
7	6	2	2	1	13	0	9	3	4	
7	35	6	39	9	46	2	34	8	47	
0	20	8	13	9	23	3	16	4	7	
6	48	9	39	5	31	
2	17	
1	34	4	32	2	44	
5	1	4	4	
0	27	6	30	4	35	8	33	1	43	
9	8	3	13	0	3	1	2	2	6	
5	28	4	34	
6	25	5	15	2	2	
6	37	2	35	0	48	
7	24	4	7	2	15	5	25	8	3	
7	33	9	39	4	49	5	35	
8	2	5	11	3	17	
8	32	3	42	7	40	4	48	
1	17	3	3	5	14	7	12	
4	44	
7	21	1	7	8	3	6	4	3	18	
5	30	4	37	2	35	
0	13	5	24	8	21	9	22	3	9	
0	34	7	48	6	27	
2	9	0	12	4	6	7	24	
7	46	4	27	2	29	3	33	6	36	
4	7	6	14	
7	37	9	33	3	27	5	30	1	48	
8	7	9	8	
2	32	5	35	3	33	
8	10	1	4	
2	47	
0	25	6	16	
6	32	
0	21	2	17	
0	29	
9	5	3	20	
6	30	1	48	
4	24	3	2	
7	34	0	36	5	35	
3	16	5	19	
0	37	
8	20	1	1	4	25	2	5	9	8	
1	33	7	40	6	46	
0	23	6	15	
5	43	9	37	1	38	0	28	2	35	
4	16	8	10	0	11	
6	46	
4	16	0	22	7	13	5	14	9	9	
4	46	0	29	8	39	7	30	
8	22	6	19	4	18	9	6	0	24	
8	47	0	37	7	44	
8	9	1	22	
8	44	9	34	
6	1	2	14	8	20	
0	33	4	35	7	42	2	27	
9	13	
5	36	1	27	
0	9	9	23	8	12	6	18	2	5	
0	37	
9	4	4	24	
1	31	9	42	0	44	8	38	7	26	
5	16	
7	50	4	39	5	27	8	28	
0	23	
0	33	4	36	1	32	2	46	
3	24	7	1	0	3	1	18	
2	48	7	30	8	37	
5	1	
5	31	0	48	6	50	8	26	
6	4	5	20	8	1	4	3	
2	49	4	50	9	42	3	38	
8	4	1	10	0	9	
3	48	5	38	0	40	1	31	
8	11	2	13	
1	50	8	49	5	44	9	26	6	40	
8	14	2	18	0	21	7	12	1	6	
0	38	4	30	2	49	
0	22	9	12	8	14	5	23	
9	34	1	50	
6	23	8	17	7	14	
3	39	8	27	1	32	
7	3	0	2	5	10	9	1	1	11	
5	45	6	43	3	36	4	33	
7	14	6	6	3	15	2	2	
3	46	6	49	0	26	
5	3	6	22	4	8	
0	49	1	46	7	33	5	29	

Three processing times per job on each machine
The best scenario
76	134	93	
357	312	213	
263	383	342	
367	177	369	
52	97	85	
239	176	289	
33	42	40	
82	110	103	
61	69	153	
50	26	50	
239	81	98	
78	35	27	
201	312	233	
149	71	84	
20	32	27	
124	244	268	
57	42	52	
281	209	264	
415	274	206	
130	54	89	
113	221	297	
20	38	12	
37	75	12	
216	157	119	
66	178	52	
250	101	114	
40	113	106	
77	140	79	
186	120	317	
164	108	441	
244	135	119	
142	148	129	
109	170	141	
100	174	232	
604	361	337	
143	238	150	
165	295	183	
281	177	234	
45	133	105	
42	69	60	
88	109	162	
109	57	190	
84	146	186	
121	120	288	
107	58	121	
124	132	54	
208	308	337	
293	89	220	
499	423	208	
190	70	60	
169	139	146	
215	110	186	
55	180	248	
133	103	148	
246	131	148	
165	151	257	
109	104	80	
179	146	389	
399	430	335	
39	50	54	
86	83	104	
104	263	511	
68	94	142	
228	239	93	
60	64	33	
157	287	243	
168	91	229	
88	29	37	
71	107	294	
69	61	60	
189	379	220	
37	40	46	
130	181	114	
144	244	389	
121	145	185	
86	40	81	
293	201	264	
11	20	24	
231	259	75	
193	67	57	
123	142	158	
273	316	85	
214	361	161	
236	162	356	
61	52	34	
49	81	103	
145	105	146	
36	44	20	
182	255	100	
97	70	79	
271	247	292	
100	226	164	
153	54	163	
160	119	273	
251	62	48	
107	90	87	
46	154	95	
94	142	237	
94	96	32	
265	299	326	
152	135	217	
215	151	67	
52	92	58	
51	139	110	
64	48	29	
169	173	180	
226	155	256	
59	53	73	
80	58	44	
390	240	89	
45	124	154	
181	150	104	
198	100	293	
109	217	208	
218	94	83	
160	160	301	
172	212	125	
78	45	238	
580	215	480	
164	186	128	
58	199	163	
178	169	251	
84	96	68	
153	174	125	
151	98	87	
286	100	251	
45	46	99	
206	140	149	
285	392	371	
208	120	109	
39	17	12	
71	46	27	
365	184	197	
211	187	351	
86	125	156	
164	87	123	
37	48	74	
212	109	175	
19	28	20	
12	16	48	
28	40	45	
21	75	31	
308	241	68	
42	40	46	
370	279	322	
45	133	126	
135	242	134	
57	41	32	
120	163	242	
48	39	37	
116	133	107	
309	282	270	
147	159	166	
273	230	116	
139	121	116	
119	64	36	
200	264	268	
40	46	112	
159	186	269	
37	49	34	
40	27	38	
152	137	62	
128	72	126	
160	97	167	
175	144	144	
98	238	157	
126	97	182	
173	137	309	
65	45	58	
54	29	99	
340	144	152	
361	224	241	
119	101	206	
109	113	185	
222	284	172	
93	39	29	
123	140	140	
52	15	65	
295	218	125	
260	182	122	
97	71	59	
219	180	205	
289	312	101	
271	161	441	
163	213	82	
68	57	93	
102	68	157	
199	138	85	
332	164	272	
76	21	64	
482	437	353	
210	256	370	
110	122	111	
123	150	126	
227	169	85	
8	31	22	
122	79	74	
214	50	128	
192	164	111	
53	37	41	
Most likely scenario
83	160	96	
618	375	221	
352	514	532	
411	287	380	
79	132	101	
317	194	330	
65	51	52	
85	135	123	
86	92	208	
90	52	55	
259	99	163	
85	42	35	
209	313	376	
151	137	96	
22	50	54	
128	270	393	
64	65	77	
341	295	416	
435	396	222	
131	105	109	
120	258	317	
32	43	19	
41	81	24	
295	243	231	
73	181	85	
393	147	207	
52	133	119	
101	278	94	
312	154	446	
182	161	457	
246	136	181	
207	254	257	
149	251	211	
112	198	265	
628	621	618	
226	242	163	
234	367	236	
328	249	238	
77	194	155	
56	94	119	
170	198	180	
132	64	197	
95	163	244	
161	232	322	
118	80	198	
161	201	71	
354	397	367	
334	143	345	
542	556	405	
221	77	86	
234	159	184	
417	180	256	
99	284	266	
151	163	149	
395	183	211	
307	166	318	
115	110	112	
240	165	474	
498	512	465	
76	71	72	
127	134	125	
169	277	516	
90	144	170	
275	365	113	
79	128	66	
309	390	261	
317	128	230	
92	34	56	
141	169	489	
94	80	115	
365	431	401	
68	44	79	
157	202	188	
215	303	493	
200	252	243	
165	51	102	
363	375	387	
19	30	45	
280	273	90	
215	115	89	
199	166	191	
297	344	112	
325	587	199	
342	193	453	
71	69	46	
84	136	134	
158	166	200	
38	47	30	
203	288	160	
175	72	93	
302	279	381	
162	296	171	
218	86	271	
232	129	274	
265	82	84	
121	134	136	
84	241	98	
100	209	266	
98	163	48	
288	343	370	
193	153	356	
247	191	84	
72	109	74	
59	148	165	
75	67	36	
246	323	224	
342	198	344	
107	83	88	
93	103	73	
446	266	147	
55	176	169	
347	153	119	
231	152	341	
115	274	248	
244	142	124	
300	171	423	
191	218	133	
100	85	274	
597	321	586	
261	307	254	
83	236	166	
186	210	268	
136	183	70	
220	242	191	
176	126	151	
380	113	254	
86	66	100	
267	178	190	
472	437	519	
271	169	123	
46	34	20	
104	61	28	
459	310	323	
218	301	406	
133	183	256	
185	163	198	
69	65	110	
310	194	196	
23	48	34	
15	20	50	
40	48	70	
32	121	40	
377	289	115	
51	59	61	
471	285	528	
52	181	135	
251	446	186	
59	57	46	
170	231	459	
58	45	58	
185	194	131	
424	346	326	
154	176	191	
327	277	220	
166	136	150	
141	117	52	
270	316	310	
60	57	124	
257	273	317	
73	80	67	
56	54	44	
207	167	64	
195	94	145	
223	188	209	
182	186	240	
107	271	238	
156	131	217	
296	242	363	
69	65	83	
55	58	119	
404	227	282	
521	413	302	
169	109	247	
197	169	248	
334	438	234	
138	67	54	
170	230	164	
59	30	74	
366	254	182	
265	336	159	
165	90	95	
235	245	294	
539	345	196	
426	207	495	
184	247	85	
120	102	96	
111	113	163	
239	237	134	
392	309	463	
78	32	84	
523	479	461	
302	478	372	
126	144	126	
124	163	241	
285	275	100	
15	32	26	
158	113	88	
215	97	248	
229	233	142	
54	63	51	
The worst scenario
109	191	116	
624	515	299	
395	662	648	
588	361	444	
91	189	151	
463	231	468	
85	67	71	
92	174	168	
90	117	305	
111	63	58	
314	116	219	
104	56	51	
241	389	515	
180	157	110	
32	71	71	
159	303	424	
83	87	92	
351	404	543	
448	537	269	
136	154	122	
159	324	377	
45	54	27	
49	101	30	
436	335	334	
81	200	99	
497	171	237	
63	165	168	
135	378	133	
382	192	598	
201	235	650	
250	199	212	
282	286	382	
206	345	219	
133	203	347	
811	752	806	
278	359	178	
335	473	319	
432	288	265	
110	220	163	
70	118	171	
199	248	266	
183	81	215	
107	184	307	
228	267	334	
177	95	199	
163	214	72	
438	422	495	
425	187	377	
782	802	501	
255	115	124	
306	205	227	
443	233	271	
115	374	291	
160	221	169	
502	221	220	
384	184	411	
158	112	146	
267	216	534	
628	532	616	
92	74	107	
170	157	127	
212	300	702	
93	150	206	
374	419	123	
82	185	77	
404	478	278	
436	154	316	
117	42	57	
162	194	528	
130	86	153	
435	490	589	
73	58	81	
223	294	267	
266	348	726	
265	300	292	
216	75	120	
522	553	560	
24	45	58	
353	321	95	
307	123	124	
274	188	273	
344	417	147	
412	629	259	
469	271	586	
73	89	65	
93	173	175	
226	168	294	
53	49	45	
252	396	167	
255	92	104	
443	357	411	
183	325	236	
288	89	285	
324	133	400	
375	100	113	
170	162	153	
92	325	138	
104	301	340	
131	209	56	
362	454	403	
230	227	416	
336	227	87	
105	125	110	
72	153	223	
80	87	50	
297	458	271	
472	285	392	
108	107	103	
98	125	92	
490	347	149	
61	231	244	
455	214	140	
275	215	494	
136	321	370	
277	188	154	
363	216	528	
282	242	138	
127	121	384	
889	368	657	
343	413	260	
124	326	208	
189	222	300	
152	258	103	
265	306	197	
261	146	171	
545	137	364	
90	72	121	
321	182	198	
584	607	703	
275	182	141	
59	35	30	
136	71	35	
555	357	447	
303	349	447	
159	194	375	
187	173	208	
78	84	153	
451	253	251	
33	60	51	
17	30	70	
44	60	96	
38	173	44	
444	430	117	
58	75	72	
472	342	690	
77	192	167	
319	538	206	
83	61	51	
226	237	603	
64	57	73	
228	220	157	
440	389	453	
181	248	231	
383	347	297	
235	175	156	
202	121	56	
306	465	359	
74	73	142	
292	343	446	
101	117	72	
82	61	64	
209	246	70	
223	126	209	
334	263	273	
250	274	245	
139	293	306	
216	169	230	
431	263	479	
91	73	97	
67	62	167	
573	238	318	
522	532	424	
206	145	348	
234	227	282	
475	509	343	
202	86	57	
183	296	193	
68	45	106	
464	302	186	
296	359	187	
232	96	134	
301	343	353	
636	496	277	
530	261	601	
216	343	118	
146	133	137	
157	149	188	
245	271	136	
393	372	555	
93	40	93	
741	559	651	
440	698	413	
179	186	165	
170	185	347	
426	289	107	
17	45	28	
234	117	93	
307	140	367	
271	273	147	
68	79	62	
