Factories	6	Jobs	150	Machines	3

Total number of component types per job processed by HSPM
7	7	8	6	10	5	11	12	10	7	10	8	12	5	8	9	6	10	12	7	6	7	7	10	11	5	12	5	12	10	9	12	8	5	6	12	6	5	12	10	6	8	7	6	7	8	7	9	10	10	12	5	6	9	8	5	6	9	9	5	8	8	6	11	8	10	10	5	12	12	7	5	9	8	6	11	6	11	12	9	7	12	6	5	5	7	8	10	12	8	10	8	5	11	5	5	5	11	5	12	6	10	7	5	12	9	12	5	11	8	6	8	7	8	11	12	11	7	8	8	6	12	8	12	11	11	5	11	9	11	6	6	11	6	10	11	7	9	11	6	12	6	6	6	8	6	11	12	8	10	

Total number of component types per job processed by MFPM
2	3	3	2	3	2	1	5	2	3	2	5	2	2	2	3	3	3	5	5	5	1	4	4	3	4	4	2	1	2	1	5	2	4	4	2	3	1	2	1	5	5	1	4	1	3	3	3	5	2	3	1	1	4	5	4	2	3	5	4	2	5	2	4	4	2	5	2	1	1	1	1	2	5	4	5	3	4	4	5	1	5	3	3	1	4	4	3	3	2	1	4	2	3	2	1	1	4	4	2	3	3	3	5	4	4	2	1	4	1	3	5	2	4	2	1	3	5	4	1	3	1	1	1	3	5	3	4	1	4	1	4	3	3	5	2	5	1	4	2	5	5	1	1	2	2	4	3	5	2	2	1	1	1	5	1	2	4	1	5	1	5	5	2	4	1	1	4	1	5	4	3	1	4	2	3	3	2	4	3	3	5	4	4	1	5	4	5	3	1	5	5	3	1	3	2	1	2	5	5	4	5	3	5	3	5	2	5	1	2	4	5	5	4	4	4	1	4	1	3	3	2	4	3	5	4	4	5	3	3	1	1	4	3	3	5	4	1	2	1	2	2	4	1	3	2	3	4	4	4	3	5	1	4	5	3	1	3	4	5	1	3	1	5	3	5	3	2	3	1	4	5	2	2	3	3	5	2	1	1	4	4	4	1	2	3	3	1	4	1	2	4	5	1	4	5	3	5	2	1	

All component type numbers for each job to be processed by HSPM
0	43	3	69	17	13	16	19	6	25	2	23	4	59	
5	15	11	75	8	71	19	53	12	37	16	72	3	13	
7	13	19	8	2	20	12	16	8	60	6	69	13	36	0	72	
10	25	7	33	6	31	4	32	16	18	5	4	
14	1	3	20	13	53	8	12	17	64	15	18	16	28	0	39	19	21	4	36	
10	71	7	31	5	49	9	45	11	56	
3	7	17	65	18	8	1	19	7	28	9	16	16	24	0	69	19	58	10	47	15	42	
19	55	11	11	7	73	12	54	4	27	15	74	16	52	6	1	3	33	5	26	2	70	17	25	
19	24	3	4	4	41	16	63	15	67	0	59	2	37	1	52	11	32	9	8	
15	58	8	63	9	61	11	49	3	2	6	13	13	50	
1	1	13	6	12	37	18	69	15	15	9	72	10	60	3	73	17	26	16	14	
3	12	5	73	6	25	18	30	16	62	9	64	19	54	14	74	
14	34	4	36	12	32	0	60	19	74	18	48	6	6	8	12	7	53	1	66	2	65	13	17	
2	40	4	50	14	21	5	74	0	55	
15	60	3	66	0	1	2	40	12	65	6	4	13	64	16	39	
14	68	15	25	13	40	3	27	5	58	19	57	0	37	2	21	11	30	
14	64	17	27	0	25	10	7	9	10	7	23	
5	36	17	35	9	42	6	47	14	73	15	21	7	22	18	19	19	51	16	33	
2	43	6	54	3	72	4	6	15	57	1	44	8	22	13	26	7	24	18	40	9	9	12	61	
15	44	2	47	19	57	9	17	3	35	11	61	0	50	
3	19	15	49	13	45	0	75	11	21	16	64	
17	3	3	50	18	74	13	11	10	45	8	48	11	33	
12	71	19	64	10	48	6	51	13	41	8	44	2	27	
16	52	11	69	6	43	9	31	14	61	19	14	2	22	1	9	4	28	7	67	
12	39	15	30	6	63	0	31	16	15	2	75	17	34	19	62	10	35	3	8	18	27	
7	15	12	47	16	35	9	62	2	7	
12	39	4	6	8	75	6	19	0	11	16	4	11	61	5	62	19	42	7	51	13	26	10	7	
11	35	1	21	4	42	8	26	6	28	
6	35	13	52	5	38	9	41	19	68	14	60	17	3	7	64	3	74	10	53	18	30	4	29	
9	64	8	3	5	47	11	15	16	67	17	36	19	50	7	17	0	16	15	61	
7	11	1	38	4	67	15	62	3	61	5	71	13	54	11	31	12	55	
18	54	16	26	8	49	3	30	9	10	12	70	15	23	14	47	4	16	2	40	7	18	6	9	
7	52	9	60	1	65	11	44	10	23	14	68	12	41	13	64	
1	72	10	40	11	47	18	39	5	24	
1	67	12	38	6	30	19	52	2	18	13	44	
11	29	3	10	7	46	0	75	14	12	9	37	5	33	2	9	8	47	15	59	19	21	6	56	
3	30	13	3	2	19	7	20	18	48	0	71	
1	29	16	65	4	21	9	19	0	61	
2	7	3	51	12	58	17	30	1	3	4	20	11	49	19	11	7	21	15	6	18	66	6	36	
0	28	12	49	2	65	4	63	8	61	5	22	13	15	15	18	17	43	1	4	
5	44	9	69	7	3	8	4	1	54	11	19	
13	2	15	5	11	72	7	34	4	18	18	48	19	36	10	30	
13	20	16	30	5	59	17	34	11	25	18	47	1	11	
18	61	4	29	1	6	11	35	3	37	19	10	
7	35	15	57	1	25	12	60	4	68	14	12	8	32	
14	19	19	40	4	23	16	63	12	9	15	34	9	70	5	7	
6	26	2	19	15	3	16	73	10	75	7	5	9	72	
6	38	18	54	10	53	2	4	17	51	16	71	1	64	4	43	19	46	
18	68	12	36	3	57	9	46	14	42	5	63	16	39	13	22	11	4	19	65	
13	58	11	74	9	14	18	52	2	63	14	51	8	64	4	43	17	23	0	24	
13	53	1	13	3	43	9	66	2	16	5	65	11	21	16	8	6	31	7	75	17	55	8	46	
5	21	12	5	13	49	15	16	8	39	
19	71	4	54	17	34	10	39	2	12	1	44	
12	65	5	27	0	52	2	41	13	56	16	68	11	18	7	54	8	15	
16	64	12	36	17	12	0	3	18	5	2	20	1	27	4	23	
8	69	12	65	5	27	16	18	18	36	
8	13	7	68	18	19	9	70	0	49	11	44	
18	38	19	27	12	43	5	34	11	19	14	65	8	47	6	36	1	32	
4	74	1	62	11	12	18	27	14	36	16	35	9	72	13	55	8	57	
18	5	4	37	11	44	15	72	9	15	
13	33	2	38	8	75	3	73	6	39	9	2	10	35	7	51	
15	35	17	60	0	29	8	45	9	46	16	24	10	59	14	34	
16	11	10	74	17	66	6	40	3	10	1	52	
14	47	1	19	3	58	6	39	10	67	13	69	8	37	18	9	12	22	5	51	16	12	
6	1	0	16	18	39	7	65	14	12	8	3	11	17	13	68	
7	35	5	5	12	68	15	31	18	59	3	39	16	34	17	60	1	8	9	67	
15	66	17	58	3	42	5	38	9	9	13	70	14	5	4	26	11	2	6	68	
1	18	5	38	3	47	7	72	9	59	
19	1	15	51	12	42	8	34	14	70	16	30	0	5	3	23	18	71	4	63	5	36	10	2	
5	51	14	73	1	35	18	60	4	1	12	2	9	39	13	8	3	75	8	30	10	4	16	74	
9	67	17	27	18	73	14	47	13	70	10	72	3	66	
6	70	14	7	0	18	4	9	5	41	
16	13	8	10	12	43	0	18	19	30	14	68	17	48	10	24	11	46	
13	30	1	15	19	60	7	63	8	25	11	32	16	64	5	9	
12	38	10	45	6	48	19	24	16	52	13	64	
9	23	4	61	7	72	8	20	15	30	18	34	16	74	3	59	14	14	0	17	17	46	
0	7	8	51	9	57	4	37	16	14	14	60	
13	54	6	12	19	24	9	72	1	65	11	29	10	45	14	51	7	68	3	26	15	33	
9	45	1	22	7	58	14	57	4	43	19	37	0	74	13	31	12	17	5	75	2	30	16	73	
14	1	11	3	1	27	6	45	15	54	12	26	18	64	0	8	16	13	
5	34	6	17	10	33	12	4	17	37	3	61	11	3	
1	23	18	32	17	64	14	59	15	31	9	48	6	1	16	58	8	20	12	46	19	30	4	8	
11	5	1	36	18	2	15	18	9	26	4	48	
10	45	16	55	5	21	19	6	2	43	
13	34	17	66	2	64	16	25	18	52	
11	37	17	65	4	28	7	44	12	61	15	35	0	45	
13	9	14	63	5	67	2	16	15	41	8	5	17	22	7	36	
6	11	11	59	13	64	16	33	19	1	4	65	9	45	2	47	3	32	8	7	
12	14	11	55	6	63	2	21	1	39	14	31	10	46	16	6	15	67	8	1	19	45	17	8	
9	46	3	14	10	5	18	70	4	32	13	61	12	49	19	57	
10	10	12	26	13	30	7	67	17	22	18	43	19	56	0	28	2	18	5	20	
18	32	19	40	10	71	12	72	3	70	8	20	2	19	7	56	
8	41	15	29	0	3	13	68	17	43	
9	13	15	17	12	18	10	4	0	48	2	34	16	62	19	61	17	37	7	36	11	33	
15	52	12	68	5	42	11	28	2	57	
19	74	7	38	12	34	11	41	10	17	
5	36	6	67	13	14	3	43	17	16	
16	41	3	62	13	22	4	45	15	30	5	10	8	63	18	38	12	17	11	7	10	33	
7	61	6	8	18	31	19	71	5	23	
3	47	10	75	6	34	5	64	7	73	8	16	0	21	17	2	14	36	19	19	15	32	2	42	
11	53	4	57	18	26	17	49	9	39	16	20	
14	58	8	40	4	17	7	68	10	22	2	48	16	8	15	69	6	32	0	41	
5	24	19	36	17	5	16	53	12	45	13	11	7	71	
5	48	15	49	12	37	1	1	8	24	
1	17	7	45	15	51	5	26	13	44	6	43	19	12	17	72	2	36	4	6	0	64	16	50	
0	54	7	42	16	8	11	63	8	34	2	33	14	43	15	7	19	57	
1	26	17	11	8	2	5	58	9	16	2	18	16	31	13	5	15	63	0	54	3	48	11	44	
19	31	4	24	8	8	12	70	13	40	
0	3	6	2	4	21	7	58	17	43	13	66	9	36	10	71	12	41	8	75	11	73	
14	58	15	41	3	26	18	74	1	62	8	40	11	75	7	11	
10	52	16	45	15	44	0	34	5	41	14	64	
1	58	0	22	8	37	9	10	6	39	12	52	11	63	14	13	
17	55	14	35	2	2	8	48	13	37	19	59	10	63	
10	68	13	8	8	74	3	2	9	58	5	66	15	43	2	38	
9	56	2	60	15	27	18	32	0	41	16	18	12	9	5	62	7	28	10	59	11	25	
12	49	16	9	7	67	10	11	3	51	15	63	6	45	8	5	1	18	9	30	13	43	0	59	
0	57	12	50	1	30	6	67	4	8	9	23	19	70	8	7	16	42	11	19	3	71	
17	58	16	30	3	16	1	47	2	13	0	3	6	69	
13	55	19	9	16	16	1	47	7	15	2	10	12	6	5	70	
5	56	9	26	1	2	6	15	2	21	16	50	4	53	8	59	
5	25	12	53	2	18	0	35	16	10	3	37	
13	16	0	2	10	24	7	59	17	29	5	72	11	62	8	15	1	10	9	54	19	3	2	31	
17	42	2	47	8	17	11	7	10	61	0	40	4	31	12	8	
11	55	4	61	6	33	16	56	18	35	8	17	10	68	15	75	19	26	2	42	12	18	5	24	
5	11	2	21	9	44	11	8	6	33	14	42	8	18	4	66	10	1	19	13	12	47	
1	59	0	32	2	39	10	11	7	12	6	14	3	33	9	57	12	13	17	71	4	50	
19	9	7	44	2	75	14	56	5	19	
18	35	11	66	8	10	16	75	4	18	10	19	19	25	3	49	2	50	6	34	13	43	
16	35	10	30	14	27	7	20	2	19	13	71	18	53	17	6	12	46	
0	48	4	19	17	30	8	25	2	4	15	21	7	35	5	68	18	63	1	23	10	51	
9	61	1	15	10	52	7	29	8	26	12	75	
5	9	15	59	2	31	1	19	4	45	0	53	
10	68	18	16	2	9	7	18	3	37	12	31	5	11	13	62	4	35	15	38	1	33	
17	53	2	70	0	51	11	58	6	17	1	59	
16	74	2	43	9	9	15	53	1	47	8	29	10	30	11	16	4	25	17	27	
6	50	8	26	17	37	15	40	16	32	1	67	4	4	9	31	11	14	13	15	18	36	
2	54	10	34	3	6	1	42	16	74	13	49	7	53	
13	69	2	65	14	43	7	54	9	44	11	20	15	56	10	23	1	58	
12	70	13	41	1	51	0	32	6	23	2	53	4	33	5	65	8	68	10	14	18	74	
14	15	10	51	18	68	9	32	19	54	7	35	
4	68	9	40	3	69	0	21	5	14	11	2	1	61	14	43	8	70	17	72	6	8	2	3	
9	1	6	61	5	75	3	72	10	55	1	74	
16	62	8	31	10	5	12	65	13	19	11	8	
10	14	4	24	2	27	19	54	17	20	16	28	
6	36	17	70	19	21	11	14	18	7	10	27	9	48	0	33	
3	14	19	62	0	71	16	10	2	32	13	24	
3	73	14	25	5	59	16	30	0	15	6	3	1	47	19	50	9	72	2	39	17	46	
15	20	11	42	7	32	17	5	16	38	0	70	12	34	6	6	13	54	5	28	18	60	1	30	
2	54	9	69	11	75	4	11	3	28	10	42	12	16	15	37	
15	12	6	41	10	72	3	52	13	73	18	17	7	7	1	51	2	46	16	33	

All component type numbers for each job to be processed by MFPM
9	18	4	12	
7	33	0	43	2	28	
6	17	3	7	9	4	
9	45	3	46	
5	18	9	3	6	7	
8	39	6	33	
9	21	
9	29	5	34	4	32	3	38	8	40	
8	19	5	13	
4	31	3	32	8	33	
6	10	5	2	
2	34	4	48	8	44	7	30	9	47	
3	19	7	9	
2	48	8	37	
4	12	0	2	
5	32	4	44	8	27	
1	6	4	2	5	3	
1	29	0	34	3	39	
1	10	5	11	2	19	8	23	9	24	
8	47	7	43	1	29	5	31	3	32	
2	8	6	14	1	2	5	25	8	15	
9	44	
9	5	8	25	7	2	4	18	
6	41	7	36	8	45	5	34	
0	4	5	6	9	12	
8	28	4	36	6	34	5	46	
6	9	5	19	1	20	3	24	
0	48	8	30	
2	3	
7	38	2	37	
5	14	
6	46	8	34	0	43	7	32	4	30	
8	7	6	8	
7	28	2	29	8	38	0	45	
5	22	0	25	6	18	9	5	
6	44	2	45	
1	8	7	13	8	18	
4	37	
0	18	3	1	
8	41	
9	22	3	14	5	1	2	21	8	24	
7	41	9	48	2	38	3	32	5	27	
4	1	
5	50	1	44	3	43	6	28	
8	20	
0	31	9	39	8	26	
2	19	9	4	1	3	
6	41	3	44	9	26	
2	16	1	19	4	6	7	1	6	7	
1	43	2	40	
2	6	1	2	6	18	
2	36	
0	9	
4	45	1	27	7	33	6	32	
7	25	8	23	5	18	0	10	9	16	
8	50	9	34	3	29	4	30	
8	12	1	10	
7	31	1	43	9	27	
9	20	4	25	1	18	2	21	3	3	
1	29	8	32	9	40	5	26	
9	3	4	19	
1	47	6	40	3	42	4	43	0	29	
4	23	7	14	
2	33	0	43	6	26	3	29	
7	12	0	4	2	8	4	7	
2	49	6	28	
3	22	9	13	5	1	4	7	8	8	
1	45	3	28	
6	20	
9	43	
3	1	
7	34	
0	16	1	5	
1	29	2	39	8	50	6	30	0	40	
3	16	6	19	4	4	0	15	
1	27	4	34	5	49	9	45	3	35	
7	14	9	4	1	24	
9	30	8	41	5	39	1	32	
1	7	8	3	6	24	5	23	
8	43	0	31	6	28	5	27	4	40	
8	23	
7	31	2	46	6	26	5	40	1	32	
2	4	4	1	1	19	
7	37	6	46	0	35	
6	17	
2	35	0	32	5	30	1	44	
8	20	4	17	2	3	3	15	
1	29	8	32	7	30	
2	20	0	11	8	7	
0	46	5	26	
4	25	
5	33	8	45	1	38	7	34	
8	20	1	19	
6	50	8	38	0	36	
6	13	3	22	
1	41	
6	22	
4	39	6	45	1	48	3	29	
6	5	3	8	2	12	8	13	
9	31	6	41	
6	1	5	9	8	7	
3	34	8	30	9	26	
3	14	6	1	9	21	
3	49	4	35	1	26	9	48	6	39	
3	9	6	5	5	12	0	8	
5	38	6	47	9	33	3	45	
8	5	4	6	
2	48	
2	3	8	7	3	23	4	13	
5	28	
0	4	5	22	8	18	
0	42	2	48	8	28	1	46	5	29	
2	23	0	1	
5	33	2	49	8	47	4	30	
8	9	0	15	
2	47	
2	24	0	13	8	25	
6	32	8	40	7	41	1	30	0	48	
9	9	3	15	5	14	6	10	
3	37	
0	14	8	3	9	6	
2	39	
1	9	
0	48	
6	2	0	5	9	21	
1	42	7	47	9	44	0	36	3	30	
5	6	1	2	3	8	
2	46	8	39	7	26	5	28	
4	13	
0	37	4	40	5	50	3	44	
0	15	
0	41	9	40	2	36	4	37	
2	17	0	25	8	10	
1	36	7	39	5	45	
0	10	5	17	6	11	4	25	8	21	
6	32	1	31	
2	6	1	13	5	20	7	23	3	8	
4	42	
7	23	0	24	1	16	3	18	
7	32	2	38	
4	22	0	12	1	21	7	17	3	15	
5	26	4	46	1	38	2	49	7	27	
4	5	
3	37	
4	5	2	2	
1	39	2	29	
8	2	5	18	4	13	9	6	
0	48	1	28	2	46	
4	8	6	13	1	10	8	19	7	23	
3	47	5	40	
9	4	8	1	
7	32	
9	13	
4	40	
0	15	2	9	6	25	8	10	5	24	
0	49	
4	12	9	15	
9	29	3	50	5	38	8	41	
6	5	
1	31	5	37	7	43	6	49	3	44	
6	19	
4	32	1	46	9	45	0	37	8	47	
8	6	2	4	9	23	7	3	1	20	
3	32	6	30	
6	24	1	14	4	23	9	8	
0	44	
9	14	
6	50	7	39	4	47	2	41	
6	5	
3	26	7	28	0	39	4	41	2	38	
4	13	9	4	1	8	3	24	
6	36	2	49	8	27	
7	15	
7	41	0	33	5	39	1	30	
7	7	2	21	
4	36	7	38	9	37	
6	22	7	9	8	8	
7	45	3	40	
4	9	5	22	6	13	9	3	
1	43	5	49	7	36	
0	21	5	6	9	7	
6	43	1	34	7	40	4	48	9	47	
9	9	7	16	6	8	8	18	
8	30	2	36	5	33	9	48	
5	11	
4	31	2	27	3	47	9	34	7	48	
2	17	1	25	0	15	5	12	
5	41	4	37	3	42	7	49	6	34	
2	21	8	8	0	7	
0	42	
5	1	3	5	2	20	9	2	0	4	
4	45	8	31	9	37	1	33	0	30	
0	8	6	21	1	2	
6	44	
6	9	7	15	3	22	
1	37	0	30	
5	11	
6	35	7	48	
7	4	0	5	9	23	6	3	4	16	
9	39	3	43	1	30	7	26	8	41	
0	9	6	20	5	5	4	6	
1	45	7	29	0	37	4	42	8	40	
5	20	9	25	6	15	
0	41	5	49	8	37	7	30	9	40	
1	9	8	17	3	12	
1	34	0	49	4	38	6	35	2	33	
2	4	8	21	
4	47	2	43	9	26	1	45	3	30	
7	7	
3	39	1	31	
4	22	0	11	6	24	2	4	
4	27	0	41	9	37	8	47	2	32	
8	11	0	16	3	12	7	20	4	5	
4	28	9	48	5	40	8	41	
5	17	2	6	9	22	3	25	
5	46	1	47	0	43	4	27	
0	14	
2	39	0	30	4	43	9	50	
3	15	
2	35	4	37	3	33	
0	22	5	21	8	2	
3	29	2	32	
5	13	6	14	9	1	4	6	
0	27	9	31	7	39	
8	20	2	9	1	15	7	6	0	23	
5	28	4	30	2	49	6	34	
2	16	6	4	0	9	4	24	
4	30	1	44	0	45	6	37	9	41	
1	5	2	12	9	8	
5	48	6	42	0	36	
1	18	
5	28	
3	10	0	3	9	8	4	7	
0	47	4	48	6	42	
3	8	0	13	9	5	
8	46	6	39	1	32	7	40	5	47	
8	9	9	14	0	6	4	21	
8	31	
5	21	7	18	
3	32	
0	23	5	14	
2	39	4	32	
3	22	1	20	2	17	7	2	
9	49	
2	12	6	13	5	14	
4	49	5	45	
7	11	4	25	0	19	
7	26	0	40	1	46	2	36	
5	16	2	2	0	11	9	23	
0	49	4	30	8	39	1	47	
5	15	0	20	7	19	
7	34	8	33	0	47	6	30	3	32	
0	17	
4	45	2	33	0	43	5	39	
7	19	4	1	2	21	0	2	5	17	
3	30	0	36	7	39	
9	2	
3	33	1	31	8	36	
1	3	4	19	9	25	5	15	
4	31	1	42	2	43	3	47	8	41	
2	9	
0	37	5	43	3	36	
8	19	
1	34	7	27	5	36	6	31	8	35	
9	11	2	19	0	12	
4	38	6	37	5	41	9	26	7	30	
4	3	7	15	0	21	
8	46	5	27	
3	15	4	11	1	3	
5	33	
6	20	7	24	5	11	0	2	
9	50	0	44	4	32	2	43	7	38	
9	22	0	1	
0	46	3	49	
1	11	5	18	0	21	
0	48	1	45	8	37	
7	20	5	11	0	9	9	21	3	4	
3	35	0	50	
0	4	
2	49	
2	11	0	1	5	14	7	21	
4	38	2	49	5	35	8	47	
5	13	0	3	2	23	1	2	
8	36	
0	23	6	11	
1	36	8	33	3	35	
9	4	3	13	1	14	
3	50	
4	13	6	9	2	8	0	1	
6	43	
8	4	4	8	
7	48	6	34	5	28	9	26	
2	25	3	2	8	20	0	8	9	1	
5	26	
6	10	7	16	5	6	8	5	
1	40	0	27	3	48	5	36	7	33	
8	5	3	18	0	2	
0	45	4	33	9	31	7	30	2	47	
4	23	5	9	
4	39	

Three processing times per job on each machine
The best scenario
401	845	800	
705	305	619	
187	226	124	
549	282	215	
255	385	253	
352	457	522	
849	581	439	
537	878	228	
848	1261	719	
620	843	163	
665	394	576	
523	427	1061	
579	795	552	
345	155	419	
155	97	96	
60	97	105	
76	55	79	
393	613	418	
967	607	875	
308	491	530	
366	205	281	
953	801	547	
857	791	574	
107	195	234	
135	107	101	
636	641	621	
223	806	593	
281	161	156	
371	728	310	
360	245	447	
252	318	376	
96	93	137	
142	250	420	
114	79	327	
1033	535	1057	
738	234	451	
718	387	470	
109	137	91	
332	156	385	
979	768	647	
231	475	165	
464	593	504	
413	316	474	
288	725	534	
347	385	621	
325	354	348	
152	102	124	
304	759	254	
172	137	107	
167	660	443	
687	1308	786	
1046	645	267	
77	205	94	
932	498	258	
290	921	203	
267	492	502	
695	378	978	
340	566	652	
420	526	161	
522	394	798	
561	430	386	
562	293	457	
305	398	370	
105	166	225	
442	238	220	
436	364	313	
229	388	365	
563	299	103	
837	355	540	
278	597	309	
391	453	330	
198	255	608	
129	130	98	
216	409	270	
341	654	823	
288	157	257	
704	1062	760	
502	411	228	
291	171	240	
214	665	568	
403	1091	680	
186	413	339	
724	241	447	
775	949	1145	
134	206	53	
112	341	143	
97	267	106	
335	708	435	
69	47	98	
380	388	492	
469	102	358	
286	222	258	
407	258	542	
462	705	348	
261	659	300	
107	46	149	
431	889	967	
284	495	625	
479	808	459	
295	366	329	
361	606	161	
578	438	283	
661	465	522	
982	427	351	
306	375	663	
215	172	251	
78	123	366	
505	664	518	
50	58	79	
180	309	588	
570	439	781	
402	156	628	
200	307	453	
245	973	648	
271	694	1241	
86	114	35	
303	591	948	
663	787	913	
304	497	573	
266	524	442	
133	265	343	
1051	315	334	
96	62	70	
293	375	154	
166	59	116	
299	929	441	
895	648	698	
225	354	261	
377	201	317	
145	51	204	
737	492	273	
303	576	447	
149	241	79	
492	603	862	
158	181	437	
394	598	968	
512	487	528	
381	282	143	
272	532	190	
281	353	295	
375	548	417	
286	529	340	
573	722	852	
480	782	210	
261	381	649	
228	124	145	
97	224	192	
405	267	402	
477	347	323	
300	300	273	
Most likely scenario
647	1046	888	
1028	469	681	
373	418	242	
838	503	382	
308	429	446	
367	731	932	
1269	626	737	
553	961	357	
879	1278	780	
634	939	262	
854	579	742	
618	594	1072	
811	1074	652	
630	216	573	
172	174	142	
114	100	187	
144	85	89	
459	940	552	
1073	1200	1379	
542	624	587	
379	254	422	
1028	1038	860	
923	932	625	
160	226	237	
151	155	171	
698	756	629	
312	1056	1010	
378	261	222	
451	746	442	
524	418	568	
266	332	393	
154	105	160	
222	334	428	
171	144	519	
1293	1005	1243	
939	395	659	
760	759	526	
182	187	126	
518	242	651	
1038	778	1050	
253	663	289	
568	737	615	
644	402	811	
397	1338	832	
362	494	671	
610	538	366	
153	125	199	
428	904	423	
199	204	110	
307	754	556	
1329	1449	907	
1376	735	433	
102	278	185	
1102	557	474	
324	1053	390	
428	563	650	
1318	552	1162	
462	622	874	
457	734	296	
707	502	799	
908	860	460	
948	320	464	
331	533	481	
167	181	279	
450	376	223	
770	390	415	
449	507	414	
573	305	174	
1120	701	715	
473	727	327	
541	483	433	
290	427	671	
151	234	101	
292	488	273	
519	901	834	
554	266	370	
758	1207	1400	
585	414	398	
397	246	428	
349	871	764	
712	1409	1055	
268	564	380	
856	305	600	
1474	996	1503	
181	252	105	
196	360	280	
128	323	194	
544	741	800	
123	56	114	
650	451	626	
531	179	534	
502	270	322	
442	484	764	
898	971	593	
423	731	409	
163	83	158	
692	1268	1425	
519	869	768	
505	962	819	
492	538	428	
563	630	267	
877	674	468	
1046	927	749	
1365	740	658	
505	463	705	
216	186	302	
140	152	377	
518	966	777	
86	100	126	
216	354	617	
622	797	1092	
537	288	937	
268	462	516	
364	1032	782	
515	722	1334	
150	177	55	
365	786	1020	
901	828	980	
534	542	686	
339	575	562	
186	478	404	
1239	587	470	
163	92	118	
297	387	156	
253	80	218	
339	944	695	
990	766	929	
395	365	384	
518	309	325	
162	101	291	
964	866	375	
348	649	452	
204	365	124	
726	707	1035	
230	285	438	
429	620	1002	
588	900	913	
480	323	187	
412	564	312	
297	357	367	
494	713	598	
407	829	585	
900	797	886	
921	862	410	
510	509	1001	
230	225	166	
98	302	325	
725	492	512	
832	667	595	
557	311	380	
The worst scenario
734	1066	905	
1525	470	708	
506	459	252	
1102	724	536	
400	548	608	
370	985	1064	
1817	929	905	
616	1099	426	
1093	1515	1035	
732	1363	293	
941	686	838	
904	865	1166	
1208	1345	728	
934	320	620	
205	233	203	
162	109	200	
150	94	94	
573	1093	618	
1225	1675	2037	
566	924	803	
470	305	489	
1305	1443	956	
1224	1013	777	
231	306	307	
188	188	204	
800	953	784	
449	1544	1051	
474	328	296	
649	751	560	
696	485	569	
364	407	459	
160	118	182	
245	440	500	
201	195	521	
1520	1055	1515	
1108	406	810	
1118	896	536	
255	278	157	
584	350	693	
1544	832	1087	
375	873	305	
762	821	712	
796	538	956	
419	1605	1072	
497	618	705	
826	585	439	
192	151	256	
547	1349	560	
219	293	156	
343	1116	754	
1798	1487	1247	
1528	761	598	
118	317	192	
1201	617	493	
370	1352	482	
603	838	841	
1489	753	1355	
540	648	1122	
572	736	372	
1041	573	898	
1126	1196	532	
1060	395	646	
490	694	707	
216	213	385	
492	453	298	
1136	421	496	
633	627	495	
811	443	239	
1314	836	780	
641	927	363	
627	664	489	
298	535	929	
178	297	120	
331	519	397	
594	1175	1048	
678	295	384	
808	1272	1774	
683	490	528	
593	330	535	
454	1294	1091	
857	1715	1231	
300	831	417	
932	445	712	
2040	1298	2187	
261	378	135	
291	518	311	
167	339	264	
599	1017	1112	
160	74	126	
736	455	713	
564	198	774	
616	281	371	
606	640	932	
1336	1388	695	
608	754	478	
223	96	170	
886	1779	1897	
611	953	1137	
521	1443	1161	
518	634	602	
707	752	347	
1134	1003	502	
1166	1078	887	
1817	912	701	
572	637	720	
233	252	375	
142	200	553	
736	1432	849	
98	150	155	
310	406	623	
774	943	1505	
709	365	1082	
361	567	617	
397	1099	885	
575	757	1723	
224	258	60	
516	1123	1400	
919	989	1214	
736	699	723	
352	726	818	
237	709	426	
1289	874	483	
177	101	161	
401	515	178	
281	105	257	
456	1136	811	
1006	819	1035	
510	402	478	
562	366	413	
201	150	306	
1114	1186	419	
371	796	524	
206	539	146	
1072	930	1228	
255	321	485	
550	804	1114	
720	1260	994	
579	366	267	
614	704	429	
419	434	471	
597	879	757	
495	951	661	
1241	1019	921	
998	1074	475	
512	761	1018	
238	230	202	
132	379	431	
781	738	672	
1186	890	784	
580	411	395	
