Factories	3	Jobs	100	Machines	3

Total number of component types per job processed by HSPM
5	6	8	10	12	9	5	5	7	7	7	12	6	5	12	10	10	9	8	5	7	7	8	5	8	5	6	11	12	9	5	5	8	9	8	10	5	12	6	9	11	7	9	7	6	10	7	8	8	12	8	5	7	12	10	7	8	10	9	11	12	6	10	7	10	7	10	12	6	6	11	12	8	12	7	5	8	8	8	7	9	6	7	11	11	5	11	5	5	8	12	11	10	7	8	6	12	6	6	8	

Total number of component types per job processed by MFPM
3	2	4	1	1	1	4	2	2	2	3	2	2	4	4	5	4	4	4	1	2	2	2	3	2	2	1	3	2	4	4	4	5	2	3	5	4	3	2	3	4	5	4	5	3	1	3	4	2	3	4	4	3	3	4	3	4	5	4	5	3	5	2	5	4	2	1	2	1	5	2	3	3	1	5	2	4	4	1	1	1	3	3	1	5	4	1	2	2	5	5	4	1	1	2	5	5	4	2	3	5	2	4	1	3	5	5	2	3	4	2	4	4	5	2	5	3	2	2	4	2	2	3	5	3	2	2	1	4	3	2	5	5	4	2	5	3	2	4	5	2	5	1	2	4	3	4	3	2	5	4	1	3	3	4	5	1	4	4	5	4	4	3	2	5	5	5	5	3	2	2	4	5	1	2	1	2	4	1	2	5	1	2	5	4	1	3	1	2	3	4	2	3	4	3	5	4	1	1	3	

All component type numbers for each job to be processed by HSPM
18	4	14	40	13	16	2	55	17	64	
0	22	16	59	7	60	8	4	17	10	19	3	
9	2	18	55	3	48	0	32	16	16	7	13	15	47	13	62	
1	3	17	72	13	48	10	50	6	73	4	64	7	67	16	30	18	25	11	60	
10	27	8	70	11	42	12	75	4	68	17	44	15	36	13	51	16	17	19	58	3	55	1	21	
9	2	17	21	6	49	5	75	16	24	10	37	7	70	3	36	4	32	
17	46	0	19	7	14	8	69	2	70	
17	65	9	44	16	6	5	14	18	36	
11	18	13	56	18	39	1	6	14	64	15	35	16	26	
7	26	11	58	15	73	14	64	10	18	0	55	17	52	
11	45	8	19	10	59	12	54	18	10	5	2	0	58	
14	35	0	39	2	14	19	43	5	1	4	52	15	2	13	21	18	18	3	72	8	20	12	24	
4	5	15	52	10	75	18	30	16	32	14	51	
10	50	6	12	12	59	0	34	9	40	
2	27	13	25	8	6	10	24	1	26	14	33	3	31	11	7	0	28	5	13	4	68	15	34	
19	45	7	50	8	43	14	61	11	27	5	20	3	8	16	37	6	2	2	70	
0	33	10	72	16	28	4	37	13	29	7	48	19	32	2	24	17	22	1	61	
6	17	3	55	19	25	14	49	7	29	1	65	4	34	18	9	12	54	
16	7	0	52	8	55	12	24	17	37	13	47	11	4	19	60	
17	9	5	48	12	30	6	8	2	60	
4	17	13	8	11	12	5	28	14	59	2	5	6	55	
9	64	3	3	7	48	0	40	12	43	15	29	11	45	
11	33	18	2	0	18	4	42	8	12	14	17	16	8	7	32	
0	70	11	13	14	19	10	50	4	30	
16	30	12	41	3	35	11	67	8	56	6	45	19	54	7	66	
4	61	3	10	19	15	10	62	16	56	
12	34	15	64	13	13	2	52	11	37	18	11	
10	34	11	64	8	10	12	30	17	45	3	5	19	29	9	27	18	20	7	60	1	22	
6	1	3	62	0	75	11	46	13	72	2	17	16	9	12	8	10	73	8	64	9	13	19	32	
5	66	15	8	16	19	13	26	9	18	6	11	7	57	17	31	11	21	
4	51	9	60	5	64	18	27	12	29	
1	31	16	47	17	57	19	30	9	59	
5	38	8	41	16	74	6	52	18	8	11	46	9	43	13	2	
17	56	19	33	4	40	6	25	16	51	8	23	14	35	15	38	7	34	
0	52	17	43	14	17	2	31	5	27	7	66	1	10	9	20	
11	65	13	74	1	4	14	25	15	19	2	23	6	29	0	14	17	27	3	37	
18	47	19	12	17	50	11	72	8	9	
19	27	16	70	9	6	7	31	14	2	15	34	10	71	3	48	18	67	8	44	0	21	4	9	
16	49	6	52	1	12	4	64	18	2	9	47	
6	65	0	18	19	19	15	2	12	46	5	71	16	22	4	41	17	17	
0	35	15	54	5	74	14	41	6	20	10	17	9	72	4	47	12	28	7	55	11	75	
10	31	6	36	0	8	17	39	2	62	5	20	15	3	
13	49	18	1	9	15	15	44	19	28	10	34	5	2	17	59	1	14	
9	2	2	22	7	62	19	75	11	73	15	25	17	30	
4	75	8	5	9	17	11	16	19	51	10	30	
14	63	15	7	7	21	10	44	0	51	3	61	4	74	16	5	19	43	17	67	
9	71	3	47	17	39	4	13	16	40	0	49	12	58	
11	9	2	22	16	11	0	10	19	59	12	12	8	57	1	75	
14	57	17	61	0	22	13	8	10	32	9	15	12	16	18	56	
8	25	6	21	17	15	0	63	13	33	7	59	1	41	11	75	15	53	19	74	12	8	5	38	
12	15	2	27	1	41	5	23	10	7	16	44	3	32	15	70	
7	49	18	62	8	43	11	64	10	17	
13	39	14	17	16	18	15	64	2	15	0	44	7	13	
11	65	8	52	17	29	2	4	1	39	10	69	12	49	18	20	5	30	15	61	6	59	13	55	
17	11	8	16	5	70	14	24	7	28	15	53	1	43	11	37	19	71	9	33	
19	56	6	38	13	35	11	10	18	39	15	21	0	63	
13	51	8	55	9	48	2	46	14	74	7	66	4	39	12	53	
18	66	9	51	12	55	11	53	3	75	5	31	16	34	13	65	8	22	1	54	
15	29	6	62	16	18	10	33	0	27	5	3	3	5	14	48	18	17	
16	74	2	31	6	54	5	18	10	70	4	58	12	38	18	3	14	49	0	36	11	21	
12	12	9	21	5	59	1	14	13	34	18	35	14	36	19	38	10	19	6	16	7	10	16	27	
7	52	5	37	11	62	1	70	0	15	18	33	
17	11	15	41	0	37	9	44	18	63	7	5	19	42	14	19	1	34	16	55	
17	28	1	51	2	9	19	6	9	5	16	73	0	13	
19	36	14	44	0	17	16	70	17	31	3	11	1	23	2	46	5	37	11	25	
4	31	2	36	9	42	15	39	13	62	11	54	12	74	
0	64	5	72	15	30	8	9	13	48	12	34	11	57	10	61	7	66	2	22	
14	1	9	74	17	57	3	18	4	9	5	65	19	41	16	40	8	35	1	63	7	22	12	23	
14	49	4	68	5	51	17	54	16	7	6	27	
17	50	14	22	13	40	18	5	5	12	8	59	
8	57	3	44	19	12	12	51	10	67	1	58	9	28	15	45	11	38	17	43	7	19	
10	75	1	42	19	40	7	56	0	49	9	21	18	31	17	14	12	7	2	15	3	57	15	36	
18	26	0	72	17	33	11	57	19	50	6	43	2	70	3	52	
12	11	13	16	17	14	4	68	6	25	16	45	7	38	5	46	18	49	10	17	15	5	1	52	
10	64	13	32	0	30	1	57	5	73	8	50	11	1	
14	67	1	30	18	47	10	28	5	2	
18	59	4	14	9	57	19	22	5	21	11	67	8	66	15	11	
3	9	8	17	2	44	13	24	7	58	18	7	0	33	4	36	
10	64	6	13	12	17	0	33	2	5	8	44	5	20	9	49	
1	24	11	58	4	49	5	40	0	12	8	75	14	64	
3	55	15	39	8	45	9	70	12	22	0	6	17	27	7	34	4	61	
15	19	0	12	12	67	7	74	5	28	16	30	
16	54	17	64	11	1	8	31	12	12	18	29	0	45	
9	73	16	53	14	66	18	4	12	57	10	32	7	8	8	13	2	56	5	55	17	48	
11	37	16	29	15	59	19	21	12	52	9	10	13	61	3	40	14	17	4	38	8	6	
6	15	17	52	3	60	19	53	7	71	
10	10	5	20	12	9	18	34	3	11	6	67	17	35	8	7	11	60	16	73	0	51	
16	55	14	2	10	1	5	23	11	59	
4	36	3	15	18	70	2	54	1	22	
11	40	4	62	13	9	5	52	0	24	16	41	9	50	12	31	
18	43	2	1	11	20	5	6	9	46	6	13	12	34	4	49	17	53	10	27	15	74	19	26	
8	57	1	44	12	28	0	63	7	72	13	3	10	50	14	26	6	13	16	65	15	45	
7	14	18	28	15	59	1	73	6	48	17	16	8	26	9	11	0	4	14	10	
18	62	19	34	2	43	16	61	13	49	8	69	3	41	
14	37	15	60	1	65	18	6	6	75	10	21	9	25	2	35	
14	42	9	8	17	4	16	17	12	48	2	65	
1	62	6	14	0	26	7	60	8	10	9	41	3	59	13	7	11	53	2	66	10	8	17	43	
19	27	15	58	9	48	2	22	6	43	0	1	
15	15	7	29	3	14	9	41	12	42	4	32	
12	59	9	8	2	11	10	23	1	56	18	49	17	32	16	62	

All component type numbers for each job to be processed by MFPM
7	12	9	16	2	11	
2	43	7	29	
1	24	7	22	0	18	2	13	
8	41	
0	23	
7	31	
8	16	7	8	5	22	9	18	
3	37	9	45	
9	1	1	5	
2	38	0	30	
6	10	5	13	0	17	
3	26	8	38	
4	23	2	3	
1	39	6	30	2	33	9	34	
2	14	9	4	7	17	5	6	
6	44	3	31	1	26	5	50	2	33	
1	11	3	8	4	4	6	18	
0	31	5	48	6	39	9	46	
6	19	0	16	3	20	4	25	
4	37	
0	9	9	13	
4	43	6	29	
8	23	4	22	
9	30	3	40	4	44	
2	15	8	21	
7	50	5	26	
2	18	
3	31	7	44	5	36	
6	21	4	17	
9	46	7	41	1	44	4	48	
5	25	4	24	2	16	0	4	
6	36	4	31	5	28	1	29	
6	10	9	14	3	25	7	21	1	24	
2	32	8	43	
1	22	3	18	8	19	
4	44	6	45	0	31	3	38	5	39	
0	7	1	14	5	16	9	2	
0	29	8	46	4	39	
6	16	5	4	
5	30	1	41	3	39	
9	13	6	11	4	19	0	17	
7	44	2	30	1	38	9	43	5	26	
8	6	6	16	2	8	0	14	
6	38	1	37	4	47	2	35	5	50	
6	25	9	23	4	20	
0	47	
9	9	3	20	8	16	
5	28	3	48	9	46	0	44	
5	6	6	23	
4	31	3	45	0	32	
6	24	4	11	2	21	7	25	
3	42	1	49	9	28	4	26	
9	3	2	11	1	15	
7	50	9	26	6	35	
8	7	2	3	0	12	3	4	
2	49	3	45	0	32	
0	13	2	20	8	7	3	23	
9	27	8	44	0	49	6	33	3	36	
2	3	6	11	7	2	1	5	
1	39	9	34	2	41	6	31	5	49	
6	16	3	9	9	1	
0	44	6	34	5	48	9	36	7	29	
3	3	9	1	
7	46	0	50	8	45	1	31	5	27	
0	1	9	9	5	7	8	8	
7	44	5	46	
3	11	
6	26	4	28	
5	10	
4	40	5	43	8	44	1	45	9	35	
6	9	7	10	
5	50	7	31	4	35	
2	21	0	3	5	12	
0	31	
9	10	5	2	7	23	1	5	2	1	
4	44	5	29	
0	10	8	5	3	14	2	13	
3	47	7	48	9	34	0	45	
1	20	
9	43	
6	17	
2	41	4	37	1	31	
0	12	1	13	7	18	
7	44	
0	5	4	4	6	8	5	12	7	24	
5	43	0	36	9	47	8	35	
4	19	
1	41	4	29	
7	1	2	18	
3	47	8	32	1	28	7	43	9	31	
6	25	2	7	7	23	5	8	0	16	
0	49	9	38	7	46	1	44	
2	16	
2	49	
9	10	0	21	
2	36	9	37	3	32	1	30	0	44	
5	3	6	5	3	16	8	12	1	21	
8	34	9	32	2	42	3	49	
9	25	8	17	
9	47	8	46	6	34	
7	22	6	24	3	9	0	6	8	10	
2	50	4	48	
8	24	1	5	7	25	6	22	
4	30	
1	24	4	14	7	25	
4	49	5	48	0	36	2	39	6	37	
4	22	7	6	3	12	1	24	5	23	
9	27	2	47	
2	10	3	1	1	8	
9	45	3	48	6	28	7	36	
0	15	1	16	
0	31	8	47	2	35	7	43	
8	20	3	21	1	2	4	8	
0	30	6	48	5	33	9	27	3	35	
4	14	8	19	
4	39	3	27	0	35	9	41	8	44	
0	24	8	7	4	15	
7	28	1	42	
4	25	2	9	
0	28	2	50	1	40	9	49	
9	24	8	3	
8	29	9	41	
7	23	0	21	6	14	
7	32	5	41	0	38	8	37	9	45	
4	8	8	25	0	13	
3	27	6	40	
9	4	5	7	
4	27	
1	5	2	21	3	18	7	14	
6	35	8	49	3	43	
2	22	8	2	
6	45	7	26	4	34	1	37	9	42	
1	10	7	12	6	19	9	14	3	17	
9	44	3	29	5	30	8	37	
3	22	5	9	
4	46	2	35	8	29	9	39	3	48	
6	8	0	19	2	3	
9	38	7	29	
1	15	9	14	0	1	7	17	
4	48	1	45	2	33	0	32	5	40	
0	2	5	14	
7	28	8	49	9	34	0	26	3	38	
3	18	
2	30	0	40	
0	1	4	14	6	17	7	10	
5	44	6	33	1	46	
3	11	5	8	9	17	1	21	
8	35	0	34	6	27	
2	10	5	12	
3	36	5	38	9	46	1	28	8	49	
3	9	1	8	8	12	7	6	
4	42	
9	8	2	2	5	5	
8	38	6	48	9	44	
9	24	8	3	5	17	3	13	
4	31	0	44	7	50	1	27	6	46	
9	20	
3	35	9	48	8	40	2	30	
4	24	1	10	3	9	7	16	
9	49	6	38	7	47	5	50	0	42	
5	2	7	3	4	14	8	24	
6	38	0	39	2	30	4	27	
9	23	8	5	7	22	
3	34	5	42	
6	9	4	11	0	25	1	22	8	18	
9	27	2	43	3	45	4	50	7	34	
9	1	8	25	0	15	5	18	4	11	
0	46	1	48	7	30	4	37	8	50	
3	20	2	24	8	18	
0	48	6	50	
0	3	6	21	
3	40	6	31	2	41	1	29	
8	16	6	3	9	1	5	13	0	19	
3	44	
7	2	9	10	
1	40	
1	17	0	10	
5	37	9	47	2	35	6	33	
0	4	
9	44	2	32	
8	10	5	18	9	24	4	5	2	25	
1	35	
9	10	6	5	
9	45	6	40	2	49	0	50	5	26	
2	11	7	3	6	7	5	13	
5	46	
1	23	4	11	6	13	
7	40	
6	22	7	10	
4	48	8	41	2	46	
4	12	1	25	8	6	2	20	
1	37	0	42	
3	6	0	21	1	17	
4	39	8	43	2	40	7	33	
4	9	2	14	5	15	
2	44	9	46	6	40	4	27	7	28	
5	2	1	1	8	16	3	20	
4	41	
2	7	
1	49	8	39	6	32	

Three processing times per job on each machine
The best scenario
349	386	380	
353	454	513	
337	450	670	
735	509	622	
458	378	529	
249	135	175	
475	503	242	
217	75	60	
388	427	181	
315	224	324	
52	27	58	
75	172	231	
158	196	79	
650	299	609	
237	300	166	
889	672	587	
144	215	219	
479	930	742	
387	245	208	
264	314	209	
579	304	477	
59	79	111	
216	324	382	
193	795	789	
375	340	278	
274	402	427	
296	172	488	
984	319	1045	
145	443	254	
86	161	303	
807	897	635	
716	572	1136	
718	445	720	
902	288	574	
540	571	402	
500	376	565	
344	661	409	
1103	553	602	
212	766	496	
98	83	181	
176	350	439	
247	763	1051	
269	183	238	
385	614	467	
241	129	230	
82	127	90	
485	364	453	
922	695	1568	
385	772	652	
269	315	646	
519	294	314	
183	253	449	
717	564	586	
279	363	443	
342	833	279	
269	468	483	
215	165	80	
231	313	285	
287	236	809	
531	451	356	
792	687	436	
104	152	110	
1234	401	980	
547	567	472	
195	180	628	
139	212	261	
68	152	99	
257	106	77	
1001	637	648	
355	482	226	
243	411	322	
166	339	124	
235	156	177	
178	230	315	
362	190	503	
402	187	791	
630	778	379	
187	895	352	
1088	1093	320	
815	724	536	
174	197	437	
167	66	205	
558	534	487	
305	653	494	
694	1201	253	
413	1030	1032	
153	63	69	
153	408	155	
210	186	331	
183	321	353	
167	91	178	
138	284	89	
209	259	344	
358	332	146	
466	706	478	
218	685	325	
275	65	231	
163	145	61	
737	777	601	
411	471	269	
Most likely scenario
617	467	436	
673	858	796	
608	500	692	
798	592	643	
474	505	707	
309	219	177	
584	566	265	
221	138	66	
443	691	356	
323	422	457	
103	47	104	
96	192	263	
242	204	132	
792	356	745	
419	497	272	
1045	1108	674	
280	283	271	
676	933	965	
529	336	269	
304	378	274	
837	422	573	
114	84	144	
239	531	418	
384	1303	1299	
400	459	454	
290	724	792	
563	229	565	
1291	608	1249	
238	665	284	
135	199	419	
1407	1035	1242	
889	1015	1326	
1008	577	746	
968	299	770	
757	823	641	
880	579	754	
499	691	440	
1209	757	633	
336	770	867	
112	112	196	
348	609	532	
332	1022	1168	
341	347	269	
757	764	699	
292	256	296	
103	131	169	
927	723	482	
1033	750	1573	
486	1102	821	
433	546	717	
632	394	389	
291	357	755	
779	1039	790	
440	367	497	
544	863	281	
383	617	894	
255	170	84	
243	525	507	
555	324	1091	
625	616	496	
910	944	443	
161	277	205	
1374	522	1035	
626	635	636	
290	353	655	
261	307	387	
130	227	166	
351	184	144	
1070	875	1052	
519	526	360	
261	816	481	
175	426	140	
284	222	277	
195	319	363	
620	378	634	
421	320	1037	
762	1194	715	
359	1025	647	
1303	1199	568	
1471	986	932	
183	349	467	
198	103	321	
983	651	627	
366	715	589	
745	1275	402	
704	1361	1104	
163	65	89	
198	491	250	
342	337	639	
309	385	659	
189	119	283	
160	309	169	
396	311	356	
462	370	246	
844	870	738	
240	691	360	
336	115	355	
206	283	87	
1059	964	960	
559	545	449	
The worst scenario
635	557	607	
917	1181	1065	
682	706	989	
979	851	933	
602	745	902	
463	294	219	
622	762	350	
270	141	68	
490	779	453	
467	507	637	
153	70	132	
100	258	297	
276	247	149	
1096	469	1100	
555	729	298	
1241	1436	858	
419	306	356	
757	1007	1192	
530	452	337	
308	554	306	
1155	446	738	
143	105	158	
251	553	520	
545	1841	1697	
595	670	583	
301	837	908	
838	304	695	
1788	827	1257	
260	821	395	
165	282	615	
1662	1417	1381	
1307	1459	1989	
1253	660	910	
1188	399	961	
964	887	899	
1052	782	780	
568	866	559	
1492	1121	904	
495	1134	991	
135	131	283	
515	681	684	
456	1460	1572	
447	436	379	
1107	808	764	
344	286	398	
115	180	189	
978	753	599	
1114	786	1988	
666	1285	976	
644	730	936	
875	510	570	
428	511	1116	
1063	1280	1030	
544	420	537	
702	1109	325	
413	651	984	
313	209	113	
323	715	707	
645	332	1233	
747	822	510	
1026	1410	621	
240	396	239	
2056	669	1059	
783	674	723	
292	425	927	
371	342	532	
175	261	182	
517	253	198	
1523	1208	1230	
671	719	488	
305	914	657	
192	573	164	
294	288	308	
278	328	366	
831	453	871	
476	403	1083	
787	1624	811	
364	1064	736	
1539	1674	732	
2112	1179	1224	
273	516	535	
205	153	335	
1304	672	764	
400	940	615	
972	1463	551	
1015	1752	1362	
222	75	95	
206	662	365	
492	342	831	
407	548	841	
271	170	345	
236	367	222	
403	381	443	
555	392	307	
942	878	1055	
293	890	519	
464	122	494	
304	323	113	
1474	1348	1319	
680	645	496	
