Factories	5	Jobs	150	Machines	3

Total number of component types per job processed by HSPM
12	6	8	11	8	11	9	6	10	5	8	9	11	11	10	12	11	7	12	5	9	7	9	9	6	5	10	10	12	11	5	12	9	11	10	12	8	6	10	11	9	11	8	7	7	10	12	10	11	10	6	8	7	8	8	11	6	8	7	9	10	9	11	9	6	5	5	9	6	6	9	11	11	7	12	10	11	9	7	8	8	5	5	9	7	10	9	5	5	7	12	9	5	11	6	8	5	11	10	9	10	12	7	9	8	10	11	10	7	8	11	11	10	9	9	10	9	6	6	7	10	8	8	11	12	9	5	10	12	6	8	12	12	8	11	10	8	12	6	7	10	7	7	5	9	5	11	10	6	12	

Total number of component types per job processed by MFPM
5	4	3	2	5	2	1	4	2	2	4	4	1	4	5	1	3	2	1	5	3	4	4	5	1	1	1	3	1	1	1	4	1	2	5	4	1	5	1	5	5	2	5	3	5	4	4	1	1	2	4	3	1	5	1	2	2	5	1	3	5	5	5	2	5	5	4	5	3	3	1	3	3	3	5	3	2	4	4	1	2	2	3	1	4	5	3	5	3	2	2	1	4	3	1	3	4	5	1	5	5	4	3	1	5	2	3	2	1	2	2	3	1	3	4	1	1	3	4	2	3	3	3	1	1	3	1	4	5	2	5	5	1	5	5	1	5	3	3	4	4	1	2	2	3	5	4	3	2	2	3	5	2	1	1	5	4	3	1	3	1	1	4	3	4	4	4	2	1	1	3	5	3	3	3	3	1	1	3	3	5	1	2	5	1	4	1	2	4	2	4	2	4	3	5	2	3	5	1	1	4	3	3	1	5	5	3	2	5	4	2	4	2	3	2	4	1	4	2	1	3	2	4	2	1	1	1	4	4	1	2	4	2	1	4	5	3	4	4	2	3	5	5	1	2	4	2	2	2	1	3	2	4	2	1	3	3	5	1	1	3	5	5	2	4	3	3	3	4	1	4	1	2	2	3	2	4	2	3	5	2	2	5	5	4	4	3	1	5	2	3	1	1	2	2	5	1	4	3	5	

All component type numbers for each job to be processed by HSPM
17	57	1	47	13	15	10	49	4	25	2	53	14	34	0	71	7	68	9	29	5	36	15	40	
19	46	12	36	18	14	4	6	3	17	16	32	
11	38	7	70	10	26	8	11	4	16	5	41	13	1	2	10	
11	72	15	66	2	17	0	12	9	27	12	22	16	35	14	21	7	60	13	19	18	51	
5	7	13	62	14	60	10	57	15	1	18	54	19	47	7	29	
9	9	4	24	5	73	18	36	17	18	8	2	7	29	14	57	12	5	11	26	13	62	
3	36	19	29	2	21	9	72	5	65	11	52	18	55	12	71	8	23	
4	2	0	13	19	10	10	25	1	71	7	56	
18	14	14	22	1	47	4	19	15	71	2	13	9	35	3	75	0	63	5	62	
18	20	12	32	3	47	14	31	16	28	
19	32	17	24	5	57	6	43	8	46	12	70	14	13	1	15	
9	31	3	55	1	58	12	73	2	32	19	30	17	67	5	26	4	69	
6	14	5	7	1	29	2	2	15	56	16	34	12	17	18	47	3	61	0	46	13	57	
2	48	11	65	7	15	16	37	0	49	4	53	10	63	12	16	19	9	14	32	6	67	
0	53	12	38	3	71	1	8	6	5	14	55	18	29	4	68	7	24	10	48	
14	69	1	75	3	31	18	30	12	5	5	17	7	51	8	6	15	46	9	72	11	45	0	62	
8	51	17	38	7	52	1	15	19	13	9	35	10	3	6	18	13	30	11	57	14	59	
16	2	2	49	1	58	19	68	9	5	13	30	11	3	
5	16	9	67	7	73	12	53	14	70	11	40	8	35	19	33	16	3	2	20	17	57	1	49	
10	17	2	6	16	9	8	54	18	67	
12	18	14	48	5	2	15	13	9	65	6	74	0	64	10	6	4	27	
12	25	15	63	14	38	7	51	6	44	9	74	8	10	
12	68	6	35	1	63	0	54	2	46	3	8	15	50	19	62	4	25	
0	24	19	23	1	8	9	48	11	66	15	35	10	39	2	56	5	4	
14	21	18	75	11	35	13	2	6	12	9	43	
12	10	5	20	14	16	11	64	6	38	
18	46	13	67	10	57	8	17	4	35	6	54	19	38	5	64	2	52	17	51	
3	60	7	75	15	53	6	38	18	44	0	68	4	22	13	3	19	45	11	14	
9	42	19	27	15	60	17	4	13	57	8	48	5	26	0	46	6	3	18	72	7	34	1	67	
5	4	8	60	13	31	1	35	4	75	17	71	15	21	16	51	12	23	14	57	11	63	
5	19	15	11	6	34	2	67	19	45	
1	70	15	3	14	12	9	35	18	18	2	7	11	47	0	50	8	71	19	60	10	46	12	72	
2	21	6	51	4	43	14	24	9	74	17	57	3	60	8	67	1	1	
4	60	15	25	8	14	0	10	17	5	18	40	6	63	2	43	7	57	12	3	16	62	
15	59	6	10	11	73	8	38	19	56	0	13	7	61	1	32	12	43	14	42	
16	36	15	75	18	19	8	43	11	29	12	16	13	70	14	5	10	31	19	64	4	74	2	3	
19	21	6	10	7	72	2	4	18	71	5	38	13	6	8	68	
7	64	14	39	12	14	11	42	19	41	9	1	
15	73	19	13	3	17	16	26	4	27	10	33	8	15	2	62	13	68	0	67	
11	59	12	46	1	60	8	64	17	55	7	41	13	28	0	31	15	54	16	68	3	5	
5	22	11	57	17	24	2	13	19	42	8	3	9	11	3	19	15	37	
9	45	7	24	13	8	3	30	6	73	0	54	17	62	8	59	2	28	14	51	16	46	
5	10	12	56	1	24	0	70	17	31	9	40	16	67	15	17	
5	72	12	60	13	51	14	58	8	65	15	62	2	37	
5	57	12	43	14	53	7	22	1	45	0	68	11	30	
15	54	13	24	2	14	10	8	11	30	3	42	12	70	18	31	4	11	19	22	
10	70	5	3	15	18	18	66	13	55	6	58	11	56	14	2	12	10	1	42	9	51	0	71	
4	29	6	11	12	36	17	50	15	70	10	47	19	53	7	71	8	64	2	1	
9	22	5	30	11	23	13	34	3	70	15	65	6	53	14	68	4	37	2	28	16	9	
3	7	4	72	9	38	1	17	18	35	2	30	16	27	14	12	7	42	19	11	
9	52	0	50	1	65	12	25	8	71	4	12	
11	9	0	1	6	28	18	48	15	5	17	31	19	39	9	52	
16	28	19	18	5	73	12	37	2	14	11	34	18	68	
14	75	10	2	15	45	3	64	6	6	13	59	2	56	7	60	
19	64	5	62	10	67	12	72	14	68	4	5	6	36	7	33	
1	10	17	25	16	3	0	4	10	9	7	67	12	6	3	64	8	65	13	2	19	11	
19	5	17	43	12	17	6	52	10	49	18	68	
6	40	3	28	17	53	18	22	15	61	4	65	12	27	10	42	
11	60	3	23	15	74	8	51	1	54	5	47	7	45	
0	40	15	13	11	20	1	31	12	37	19	73	4	27	7	34	17	39	
7	2	8	9	6	10	19	27	2	1	15	13	4	20	14	6	10	37	0	74	
12	45	0	17	2	48	6	20	13	44	10	73	4	37	7	25	14	60	
9	2	11	30	10	4	16	53	6	3	14	8	3	70	7	10	0	48	15	20	18	23	
0	69	3	47	11	71	12	58	18	67	10	4	9	56	4	3	13	72	
14	45	18	30	16	32	5	62	4	3	8	26	
1	59	10	27	12	58	14	36	2	47	
18	69	4	21	16	17	0	23	8	10	
3	41	0	46	2	53	16	52	18	33	12	70	15	12	4	20	9	32	
7	53	4	51	10	10	5	20	9	9	6	45	
14	45	18	43	5	44	4	49	2	31	1	66	
19	68	13	6	18	37	15	56	2	60	11	3	0	26	12	25	1	51	
7	33	16	41	0	7	13	10	4	13	2	51	10	9	3	2	14	37	1	66	18	67	
2	1	17	33	18	23	12	29	15	74	10	17	19	52	4	51	6	45	1	27	16	21	
3	13	9	61	8	1	14	62	1	16	10	65	11	59	
12	18	3	19	2	72	9	64	4	70	6	55	10	24	13	65	0	5	19	58	14	23	7	16	
7	50	4	28	1	70	0	59	12	31	10	29	3	30	2	20	19	33	18	19	
6	61	15	45	0	47	18	8	14	3	11	29	9	7	13	66	2	40	17	41	3	73	
15	69	9	34	3	68	0	2	12	36	11	44	4	10	14	27	10	6	
5	11	9	66	11	39	17	29	10	9	7	50	4	21	
16	4	1	27	9	22	3	43	15	59	8	16	2	53	18	45	
17	58	16	64	11	48	12	50	9	34	13	4	0	36	3	47	
15	28	18	52	1	33	7	13	14	45	
19	59	9	49	10	11	11	22	16	17	
9	5	10	69	19	12	1	61	3	66	18	17	0	50	5	56	16	41	
6	21	4	41	2	69	14	23	3	37	1	53	9	45	
9	56	2	40	14	29	4	37	13	36	3	61	6	52	11	24	10	64	16	50	
8	47	7	34	3	41	17	50	9	18	5	2	14	69	19	73	4	56	
5	33	10	9	12	14	4	42	11	45	
16	28	19	38	13	23	14	47	9	69	
16	13	14	75	17	69	2	72	19	41	3	46	12	55	
18	18	7	32	1	41	5	15	6	8	2	39	11	65	3	35	15	28	13	46	4	73	19	2	
3	9	18	29	15	26	2	62	13	38	4	61	0	24	5	57	8	27	
9	33	19	34	6	5	2	39	3	25	
16	33	3	6	14	19	18	21	5	53	1	34	2	11	17	31	13	30	12	65	4	60	
6	33	14	43	10	9	11	58	13	74	1	29	
13	4	12	6	17	7	1	35	3	54	11	66	10	5	2	33	
8	5	9	35	19	52	5	34	7	11	
0	42	16	49	7	41	4	70	8	23	14	57	12	65	10	58	19	7	18	9	2	51	
1	9	5	23	7	53	17	38	15	4	10	8	4	6	11	39	13	10	9	74	
18	18	8	24	14	30	15	53	13	51	2	65	1	13	4	59	10	31	
9	17	4	15	17	46	10	30	1	39	19	23	18	29	15	55	13	52	11	10	
18	11	1	22	4	13	6	26	19	21	17	33	16	52	11	14	12	42	9	48	10	62	14	20	
2	73	12	16	14	50	0	9	1	74	16	62	19	24	
19	75	4	56	16	28	2	7	7	37	14	63	18	29	12	59	10	14	
1	46	7	3	19	28	15	12	16	25	12	35	5	34	10	19	
5	38	19	14	2	72	18	16	15	41	0	3	12	23	4	9	10	65	8	11	
19	45	5	61	11	54	15	27	13	63	18	28	7	13	17	53	1	19	9	46	12	38	
1	41	9	69	11	71	15	49	14	44	17	50	8	67	16	75	19	1	18	65	
16	12	7	35	14	63	8	4	0	67	4	21	15	24	
5	2	18	41	10	75	7	43	16	30	1	51	0	29	2	57	
18	31	15	35	19	6	12	56	13	64	7	68	8	27	9	32	11	52	4	34	3	18	
16	30	19	47	15	48	12	49	9	22	14	45	6	11	13	75	8	72	3	44	10	37	
3	38	12	1	14	51	9	74	2	58	19	12	10	7	1	42	6	15	4	41	
3	36	4	27	15	50	2	43	5	26	9	59	10	70	17	69	6	18	
5	2	1	39	0	18	3	5	7	11	6	37	18	70	19	16	13	73	
6	5	1	51	12	74	15	67	16	9	10	27	17	4	18	42	7	35	19	30	
0	4	2	69	12	32	6	42	14	62	9	17	3	59	7	26	11	44	
1	52	18	8	3	17	15	54	5	28	9	18	
4	10	19	57	6	22	3	63	17	7	9	43	
11	57	6	38	13	14	18	2	14	42	16	44	3	19	
3	60	9	2	5	58	8	31	19	30	12	56	10	33	15	73	11	23	6	67	
6	47	16	18	9	65	0	61	11	14	1	10	10	50	18	58	
13	17	12	34	0	45	5	48	14	31	6	3	11	42	10	13	
9	45	3	60	12	59	18	14	19	43	14	28	5	72	0	61	15	30	6	11	8	70	
17	38	7	9	15	73	18	13	10	24	0	21	1	40	6	50	4	26	8	31	9	4	2	58	
19	39	10	29	13	48	18	59	6	50	14	2	15	6	8	34	16	22	
12	64	16	30	10	8	7	5	9	73	
5	16	12	41	14	9	3	50	8	44	10	24	15	62	7	60	17	12	19	2	
16	71	10	26	9	12	4	7	12	35	15	63	5	47	1	8	18	24	14	45	13	39	2	31	
1	20	8	68	18	45	7	24	19	65	5	16	
2	23	4	51	0	22	15	32	9	59	1	63	11	29	6	65	
17	22	19	10	1	31	9	35	7	69	11	33	6	72	18	5	10	60	16	11	14	1	8	9	
4	6	10	60	1	37	16	74	5	75	11	50	8	45	3	38	12	18	18	54	9	7	6	68	
4	39	17	32	16	44	5	6	14	5	18	52	11	73	10	72	
16	58	10	57	12	29	19	37	14	28	7	30	18	72	13	53	1	11	2	24	3	49	
1	58	4	32	11	75	8	53	13	35	16	72	2	61	10	12	17	27	19	7	
8	30	14	71	4	37	16	68	2	13	15	1	9	51	18	74	
5	72	7	68	10	18	13	7	11	49	17	8	4	30	16	71	3	12	8	36	19	1	9	54	
8	36	9	68	13	15	2	42	6	5	10	67	
9	28	17	43	11	4	12	41	15	74	8	34	10	45	
1	75	6	68	19	13	0	4	10	12	16	31	3	54	7	70	4	59	17	50	
10	33	8	7	16	13	9	70	15	38	5	40	11	8	
4	40	7	1	0	5	15	14	5	9	8	63	3	6	
19	71	3	35	13	40	7	72	4	54	
10	33	18	25	12	19	2	58	0	39	5	29	4	8	7	63	17	73	
0	54	13	21	1	34	15	61	11	32	
7	18	13	56	10	8	3	71	14	32	16	64	12	26	9	60	5	51	6	65	4	23	
8	56	7	69	12	72	14	5	0	55	15	47	2	50	10	26	5	25	3	23	
2	22	10	28	13	23	7	29	5	75	8	42	
11	21	3	8	5	28	6	31	16	4	10	45	15	3	14	53	8	41	19	2	4	54	1	13	

All component type numbers for each job to be processed by MFPM
2	22	6	25	1	8	5	13	0	9	
6	38	2	50	0	46	1	32	
7	8	3	20	9	21	
5	43	3	49	
0	12	9	24	8	6	5	10	2	1	
2	43	5	40	
3	10	
1	28	8	31	2	37	5	41	
1	4	6	24	
1	32	5	36	
0	4	3	22	4	20	1	24	
6	32	9	33	4	42	7	34	
5	23	
4	29	6	26	0	47	9	41	
4	10	3	17	1	3	5	13	7	24	
0	49	
0	10	7	18	3	14	
8	32	1	36	
5	10	
7	38	9	42	8	40	1	31	3	49	
0	10	5	22	3	11	
1	34	6	45	8	42	2	28	
8	21	1	23	4	24	0	11	
8	28	6	46	0	36	3	45	9	38	
4	23	
5	33	
2	17	
4	32	8	44	3	43	
3	16	
7	35	
6	13	
0	41	7	29	9	35	3	39	
5	9	
5	46	9	34	
0	12	2	14	8	2	7	11	6	15	
9	34	6	48	3	42	1	36	
2	22	
5	40	0	41	4	32	7	33	2	46	
3	17	
5	47	9	26	6	29	1	44	2	46	
0	8	8	18	4	9	1	11	5	23	
3	47	1	43	
5	13	3	19	0	1	7	5	9	17	
2	50	3	49	6	32	
5	22	7	14	8	23	3	13	1	4	
6	45	4	38	8	43	5	27	
3	21	8	10	5	1	7	11	
9	44	
0	9	
3	34	4	39	
2	17	6	24	8	1	0	8	
6	48	1	39	2	34	
1	15	
4	45	2	35	8	41	9	29	1	48	
5	21	
0	49	2	28	
1	25	3	21	
2	47	9	30	8	33	0	27	7	28	
5	14	
5	49	4	40	6	34	
6	10	7	1	2	21	8	17	3	7	
3	40	1	28	6	38	4	49	8	44	
7	18	9	1	4	16	6	12	2	11	
1	39	4	28	
2	22	1	12	9	13	6	20	0	15	
9	28	6	44	2	31	4	32	7	43	
4	10	1	12	9	16	0	5	
8	35	1	45	0	40	4	33	5	48	
3	19	5	1	1	3	
0	41	7	45	6	40	
1	13	
7	50	3	44	9	35	
8	16	0	15	1	19	
1	39	6	28	4	31	
9	22	6	4	4	6	0	9	8	14	
9	50	5	44	6	34	
1	21	9	25	
2	49	5	26	1	40	8	47	
9	24	8	2	6	16	1	3	
5	30	
9	19	8	14	
4	43	2	28	
7	2	6	16	8	10	
6	45	
3	10	8	16	1	20	5	25	
8	34	1	27	6	49	5	40	9	36	
8	17	0	23	7	7	
2	48	8	29	1	28	4	40	7	50	
4	23	3	18	7	15	
3	48	2	26	
9	7	1	17	
2	36	
6	8	0	21	7	10	5	17	
4	36	0	44	1	43	
8	12	
0	27	4	47	5	28	
0	17	2	13	1	16	5	24	
3	43	7	46	8	47	9	38	0	45	
4	3	
1	28	6	31	0	48	7	37	5	30	
1	22	5	12	3	13	7	8	4	18	
8	40	6	47	0	35	1	50	
5	24	3	4	9	18	
1	34	
9	3	2	22	1	23	5	21	8	6	
3	43	7	30	
2	11	1	25	9	5	
1	38	6	30	
9	5	
5	30	3	50	
9	22	2	14	
4	36	6	50	7	28	
0	25	
7	34	6	44	1	47	
5	4	7	8	8	2	3	11	
0	43	
7	6	
7	27	3	47	4	28	
0	23	3	18	5	19	2	9	
6	45	7	36	
5	24	3	3	6	20	
7	42	1	45	5	37	
4	17	1	9	6	19	
6	29	
8	10	
6	50	9	35	2	30	
2	2	
5	36	8	31	1	41	7	48	
1	9	7	24	6	22	5	6	3	15	
3	43	4	50	
6	5	8	20	0	2	3	14	7	12	
1	50	7	40	6	31	4	28	8	41	
5	3	
5	39	9	32	4	44	8	47	1	49	
9	20	4	22	6	12	7	5	1	11	
2	50	
0	1	8	14	6	11	5	15	7	18	
6	46	4	31	1	43	
7	14	9	13	0	23	
3	28	7	29	5	37	2	32	
0	25	7	10	9	5	5	16	
3	38	
8	13	7	5	
6	35	9	30	
8	13	9	4	2	25	
8	39	4	50	0	42	9	33	6	31	
2	24	3	15	0	5	7	21	
2	43	1	34	6	48	
5	8	2	2	
7	27	6	47	
4	8	2	7	9	3	
4	40	9	39	0	36	8	49	7	27	
1	10	3	4	
4	44	
3	2	
2	45	7	42	5	44	9	36	1	39	
4	7	2	19	0	22	1	11	
4	46	6	47	7	27	
4	21	
4	40	5	30	8	42	
4	10	
5	50	
8	9	4	23	1	15	6	1	
2	38	4	41	5	39	
5	24	6	4	2	14	8	16	
2	45	3	40	9	35	6	31	
6	10	4	9	5	14	9	24	
8	41	2	32	
9	25	
7	41	
7	9	5	4	2	1	
4	38	5	42	6	30	0	48	7	41	
7	25	8	11	0	18	
9	43	0	35	5	41	
6	21	2	22	0	13	
4	28	5	39	2	48	
2	14	
7	36	
4	21	8	12	6	4	
0	43	2	41	6	33	
0	25	6	21	2	2	5	20	3	5	
6	35	
1	14	6	22	
4	46	2	41	5	28	8	47	6	35	
5	21	
3	43	8	27	6	28	2	29	
6	4	
5	32	0	49	
5	11	8	12	0	9	4	22	
3	38	5	50	
5	15	1	25	6	7	7	9	
4	50	6	48	
1	11	8	24	5	23	7	13	
1	41	3	29	8	39	
9	14	2	19	1	3	5	15	6	12	
6	47	9	26	
4	10	8	3	1	8	
6	41	2	31	7	30	8	28	9	48	
1	5	
3	33	
0	24	9	13	7	16	6	11	
5	30	8	29	0	27	
1	15	2	18	8	21	
2	27	
4	4	2	19	5	9	7	15	9	12	
1	40	3	45	7	29	2	38	6	46	
0	20	8	22	2	6	
3	28	5	48	
9	7	1	14	0	20	8	5	4	1	
0	47	4	28	5	42	1	37	
3	7	5	16	
2	38	4	30	7	33	9	36	
8	1	9	25	
1	44	5	32	8	37	
2	4	6	23	
1	45	6	42	4	43	2	34	
0	17	
4	36	1	31	3	47	5	38	
6	23	8	12	
5	31	
9	21	4	10	3	24	
0	45	6	38	
4	12	6	22	0	7	7	23	
1	41	7	30	
5	5	
1	45	
5	7	
0	49	9	32	6	29	1	30	
1	18	7	3	8	22	3	20	
7	32	
2	2	4	20	
0	31	3	42	7	43	5	36	
6	4	1	6	
8	36	
3	8	9	4	0	19	8	22	
1	38	5	50	8	43	0	40	6	27	
3	4	9	2	4	23	
7	32	5	49	0	42	8	50	
0	1	8	8	7	7	6	2	
2	38	3	28	
2	23	7	19	6	17	
4	32	3	27	1	31	8	37	7	41	
4	10	0	25	7	13	6	22	3	11	
0	34	
4	8	3	9	
6	49	3	36	1	28	7	45	
2	4	1	8	
3	26	9	50	
2	24	8	2	
4	31	
6	17	3	20	7	18	
4	44	3	47	
0	1	6	10	1	11	9	25	
5	45	2	44	
5	1	
2	46	9	49	1	41	
9	2	0	10	2	19	
3	42	0	26	4	41	9	44	1	31	
1	13	
3	48	
7	20	4	2	2	21	
8	28	4	46	6	43	9	32	0	42	
4	5	8	21	7	6	5	3	2	1	
4	29	1	37	
2	11	8	24	3	21	9	3	
3	42	2	29	5	30	
7	15	5	7	9	18	
5	36	4	47	0	43	
9	19	5	7	7	1	8	18	
7	27	
8	16	3	11	0	25	2	6	
7	38	
2	14	5	18	
4	38	1	49	
1	20	5	10	2	14	
0	48	8	34	
4	10	8	18	6	16	2	7	
5	36	2	49	
6	4	9	6	8	19	
1	27	3	34	8	38	2	26	4	31	
1	24	2	9	
1	36	7	50	
8	19	4	24	2	22	5	4	7	13	
8	35	4	48	0	29	3	32	6	30	
8	23	7	18	3	5	4	7	
9	40	6	39	0	49	7	34	
6	23	3	22	2	11	
8	32	
9	13	5	8	4	14	7	25	8	7	
9	43	6	27	
9	12	5	3	3	5	
0	27	
0	1	
5	42	7	44	
1	6	7	23	
6	49	9	48	1	40	4	28	3	50	
1	10	
6	31	7	37	1	38	4	29	
6	21	0	9	8	11	
0	43	1	27	8	42	2	46	4	34	

Three processing times per job on each machine
The best scenario
327	256	130	
328	108	147	
249	342	202	
119	46	51	
35	13	36	
361	234	148	
137	219	274	
171	164	163	
236	221	325	
32	80	72	
28	90	51	
151	346	301	
70	84	62	
44	44	77	
122	235	356	
325	245	86	
109	155	89	
108	411	128	
302	81	287	
82	67	41	
281	219	142	
70	91	116	
254	419	203	
199	119	330	
248	135	174	
41	82	150	
126	198	166	
132	97	70	
161	189	170	
31	45	28	
154	160	280	
174	151	89	
131	65	59	
201	197	92	
281	232	261	
20	16	29	
374	193	204	
236	108	129	
110	85	183	
247	267	212	
435	175	85	
554	292	241	
93	152	132	
130	49	86	
215	129	158	
148	305	92	
234	69	259	
38	55	53	
380	162	248	
108	113	236	
78	278	335	
63	182	200	
85	181	216	
206	147	294	
84	73	43	
123	174	376	
280	268	385	
213	340	389	
123	375	344	
148	157	212	
232	169	341	
263	157	182	
140	166	100	
153	280	291	
48	69	63	
122	96	55	
327	122	258	
47	114	46	
207	271	109	
46	37	32	
34	53	73	
175	142	69	
256	161	149	
120	255	107	
271	386	330	
164	266	461	
64	100	97	
219	116	67	
96	75	68	
162	400	172	
70	96	76	
225	173	262	
31	80	61	
38	63	56	
112	28	64	
173	246	170	
135	204	80	
232	228	235	
93	60	69	
292	221	333	
109	137	64	
160	193	195	
30	75	28	
110	111	86	
146	168	310	
275	297	225	
115	233	476	
66	45	39	
80	122	73	
361	418	266	
135	71	212	
126	26	105	
89	280	184	
283	104	97	
35	110	74	
57	297	93	
81	178	71	
69	46	64	
334	337	263	
235	278	251	
31	55	77	
196	200	135	
114	88	208	
230	73	175	
106	114	48	
207	282	206	
205	85	56	
162	194	344	
176	359	65	
32	33	77	
69	99	207	
83	63	31	
130	59	116	
262	80	154	
11	74	41	
241	294	259	
114	61	61	
71	171	182	
213	115	281	
300	288	135	
148	263	377	
134	113	216	
414	402	341	
101	81	64	
201	52	95	
30	42	30	
206	293	188	
352	343	311	
151	80	105	
132	67	181	
249	111	211	
118	82	133	
270	145	140	
48	71	288	
166	77	247	
41	28	15	
147	217	165	
103	98	56	
58	74	93	
33	55	44	
Most likely scenario
365	468	200	
369	163	168	
282	361	218	
127	76	58	
53	18	40	
399	358	170	
171	294	321	
226	290	205	
251	249	335	
59	81	79	
48	119	55	
223	397	416	
74	93	88	
84	86	91	
231	330	415	
397	449	131	
133	176	159	
195	412	182	
373	154	291	
83	81	53	
349	323	205	
85	146	142	
313	563	248	
214	148	336	
274	179	200	
69	98	152	
212	294	174	
249	173	109	
292	280	310	
44	60	29	
246	233	343	
233	216	119	
174	83	83	
251	337	145	
326	397	437	
35	23	47	
469	365	340	
284	147	217	
168	134	185	
313	286	243	
529	302	161	
558	340	262	
171	248	153	
141	51	97	
427	202	175	
162	446	127	
345	117	281	
53	83	73	
509	231	288	
143	173	424	
117	304	448	
109	238	255	
100	185	237	
412	293	364	
97	93	68	
148	348	391	
523	335	405	
291	390	412	
242	556	459	
172	198	312	
338	313	445	
432	186	211	
268	316	103	
207	401	429	
68	113	66	
132	138	74	
531	214	509	
91	116	86	
348	382	208	
48	40	57	
46	70	92	
258	222	80	
315	183	278	
211	285	177	
365	427	383	
279	507	540	
75	108	155	
238	172	91	
127	132	123	
164	405	202	
113	131	125	
242	210	404	
59	95	78	
51	100	66	
114	36	124	
211	393	210	
220	210	133	
344	380	266	
95	118	107	
376	278	392	
119	212	73	
233	272	205	
40	88	51	
116	176	116	
241	190	363	
353	385	294	
150	260	477	
104	74	63	
127	192	126	
566	467	397	
166	126	294	
153	50	167	
146	380	305	
341	153	172	
51	143	137	
103	313	109	
125	183	109	
72	65	74	
463	390	451	
254	342	324	
41	102	85	
199	263	215	
187	143	255	
390	101	338	
156	172	67	
220	316	230	
225	107	82	
282	253	371	
232	367	124	
34	35	119	
119	164	262	
99	95	59	
217	84	127	
294	145	238	
22	83	57	
375	509	494	
187	84	102	
118	189	198	
262	175	373	
310	417	176	
160	356	450	
221	124	222	
532	576	584	
104	82	68	
272	98	99	
41	56	31	
288	350	288	
485	500	436	
227	133	142	
189	113	251	
266	157	377	
150	112	175	
507	175	170	
96	121	318	
293	85	306	
70	32	30	
170	410	273	
120	133	59	
77	110	110	
63	63	75	
The worst scenario
386	579	256	
398	204	191	
398	417	256	
146	94	72	
73	24	44	
598	420	249	
177	311	472	
245	407	276	
273	276	369	
81	99	106	
69	138	59	
307	572	436	
95	128	92	
93	118	104	
252	419	603	
457	564	158	
148	195	205	
245	606	236	
381	226	436	
88	95	75	
393	418	260	
120	209	155	
383	795	363	
255	217	442	
301	233	269	
87	136	224	
247	328	232	
366	214	119	
315	390	338	
60	83	34	
279	296	454	
234	295	134	
226	90	111	
324	373	148	
445	499	544	
44	26	61	
548	525	486	
313	201	282	
212	157	194	
427	323	314	
720	444	196	
668	445	265	
215	371	167	
199	69	144	
449	283	198	
201	653	182	
507	140	407	
74	117	99	
652	275	419	
187	184	471	
163	442	547	
153	284	368	
113	253	339	
522	298	433	
98	129	75	
199	481	448	
647	434	478	
310	564	610	
332	701	478	
238	238	422	
341	383	487	
544	277	293	
400	474	129	
215	468	608	
101	148	73	
149	151	87	
564	230	753	
124	165	125	
509	432	307	
71	48	76	
48	88	107	
370	287	97	
426	219	332	
286	359	217	
469	459	415	
382	648	795	
76	136	225	
340	242	115	
176	174	170	
245	417	254	
167	164	152	
253	295	491	
66	141	96	
69	105	97	
122	44	142	
222	468	231	
276	298	160	
348	489	385	
129	119	145	
553	340	568	
121	222	94	
255	340	297	
41	95	60	
171	241	172	
338	227	385	
477	500	411	
205	366	483	
121	75	65	
135	240	143	
779	682	484	
201	138	403	
220	70	244	
177	506	377	
382	177	224	
52	200	168	
137	377	131	
169	209	129	
94	67	92	
467	553	543	
337	376	341	
48	134	101	
205	337	242	
215	154	276	
537	106	387	
205	249	95	
234	377	288	
278	150	89	
367	369	479	
298	520	168	
48	38	130	
134	171	280	
115	99	74	
258	121	171	
371	172	297	
24	93	69	
399	562	654	
196	123	104	
162	224	226	
354	213	424	
421	535	258	
224	365	568	
317	164	300	
649	630	626	
151	85	92	
297	117	126	
60	61	44	
316	481	430	
723	536	584	
275	164	195	
190	169	318	
380	212	499	
186	136	254	
708	253	226	
104	177	385	
418	108	354	
71	43	44	
246	415	331	
136	184	63	
99	141	142	
92	81	85	
