Factories	4	Jobs	200	Machines	2

Total number of component types per job processed by HSPM
12	12	12	5	10	7	10	5	5	7	6	8	5	6	9	12	11	11	7	11	11	7	6	5	12	7	7	12	10	9	12	6	5	10	11	6	11	7	10	12	12	10	11	6	5	8	10	7	7	9	5	8	8	8	11	12	11	12	8	8	12	5	8	10	6	11	9	9	8	11	7	5	5	11	10	9	11	9	10	6	7	6	6	10	6	9	9	9	7	10	6	10	8	11	6	6	6	6	8	12	9	11	8	9	6	8	10	6	7	7	8	10	9	10	11	9	12	10	7	5	8	8	10	5	6	11	7	11	5	12	5	10	6	6	5	7	9	11	12	7	9	10	5	10	6	5	12	6	10	10	6	7	7	8	12	6	6	5	10	8	10	5	11	8	7	6	7	7	5	10	8	11	10	12	9	6	6	6	8	8	8	11	5	7	10	8	11	7	8	9	8	5	7	9	8	8	12	9	6	10	

Total number of component types per job processed by MFPM
1	3	3	5	2	2	1	2	3	1	5	1	2	4	2	3	5	2	5	3	2	5	2	5	4	4	1	1	2	5	1	1	5	5	3	3	1	2	1	4	1	3	2	1	4	3	4	5	4	4	5	5	2	2	3	4	1	4	3	5	4	3	3	2	2	4	3	4	5	4	2	3	1	2	3	2	3	2	4	4	5	5	4	3	3	3	5	5	4	3	1	4	2	3	4	2	3	1	4	2	4	2	2	5	4	5	3	5	5	3	2	2	1	3	4	5	5	1	4	4	2	3	4	1	1	1	2	5	3	3	2	5	1	5	5	3	1	1	3	1	5	3	1	1	3	5	3	4	4	2	2	1	3	5	4	1	5	5	1	2	3	4	4	5	2	2	2	4	1	4	1	3	3	2	4	5	5	1	1	3	2	2	2	1	4	4	3	5	5	5	3	3	5	4	2	2	3	4	1	5	

All component type numbers for each job to be processed by HSPM
9	43	2	1	17	50	18	30	14	55	11	61	12	4	4	7	7	15	1	60	0	57	6	37	
2	39	6	31	19	53	10	11	16	26	15	29	14	7	11	33	12	28	13	50	9	3	3	64	
10	68	5	26	12	30	19	60	13	13	17	21	6	65	14	3	15	39	2	62	11	44	3	58	
11	5	16	44	18	50	19	6	4	57	
5	47	0	56	11	31	8	25	1	72	12	63	17	15	7	28	2	54	4	60	
7	3	11	23	17	12	1	31	2	50	9	17	8	59	
13	16	6	59	1	69	4	60	8	8	18	48	15	43	11	13	3	37	12	54	
10	2	16	44	14	3	19	23	3	24	
7	30	10	7	4	45	19	50	13	18	
2	1	18	53	10	69	3	56	17	36	14	34	16	72	
6	56	12	70	11	32	10	1	16	67	4	44	
16	21	17	35	18	36	12	55	10	54	8	63	7	33	11	74	
11	23	8	49	4	59	1	20	0	26	
7	15	0	48	16	54	11	38	5	21	13	3	
10	59	5	68	4	46	9	60	11	36	7	53	0	57	8	3	15	50	
14	28	19	66	7	53	15	16	1	11	13	2	3	24	8	18	4	73	5	27	16	69	10	75	
1	6	7	54	2	58	14	17	12	8	3	36	13	39	10	19	19	14	0	7	11	50	
1	16	9	71	5	32	12	27	7	33	8	31	15	10	19	67	4	14	17	18	10	53	
9	74	7	24	19	65	12	34	15	41	13	60	14	57	
3	72	10	24	6	35	0	3	8	26	4	75	14	54	9	22	19	11	2	62	11	57	
13	66	8	30	17	27	12	31	5	5	16	4	9	2	14	44	0	56	7	32	15	17	
10	14	12	73	1	42	19	54	2	74	9	40	14	75	
8	73	13	34	7	62	12	24	18	3	1	44	
15	75	9	62	1	51	19	9	5	64	
5	55	14	32	0	45	19	61	12	2	17	74	10	26	4	8	2	30	16	67	15	3	6	51	
2	37	16	19	7	63	14	51	3	72	8	48	19	7	
12	37	13	29	10	49	9	27	1	55	7	64	6	53	
18	22	4	20	7	35	10	52	9	49	15	32	1	7	14	69	17	4	13	72	8	75	5	56	
10	47	0	53	14	65	2	64	11	52	16	70	12	14	8	19	6	9	18	67	
17	30	19	49	5	29	0	59	12	51	14	1	16	39	10	44	11	16	
18	10	3	47	10	71	14	69	15	19	6	12	19	5	13	49	11	53	2	75	16	7	1	62	
7	4	11	59	3	18	14	69	15	3	13	12	
7	33	10	8	8	23	5	75	6	55	
12	27	9	63	6	74	19	65	7	48	11	39	3	9	5	54	2	34	16	2	
18	8	0	66	15	36	7	47	4	68	13	19	2	55	11	62	8	15	5	6	19	71	
5	72	0	56	12	24	4	61	2	41	8	7	
18	62	16	31	19	43	14	69	5	57	6	14	13	24	7	48	17	26	3	8	1	10	
6	24	12	26	17	7	19	31	13	64	1	46	7	27	
4	27	16	56	2	19	19	34	17	53	6	1	5	8	1	66	8	20	0	12	
2	49	8	33	18	31	10	59	3	66	1	60	16	54	19	71	6	61	13	64	11	10	5	8	
10	52	6	26	14	71	5	61	9	38	17	1	11	32	7	46	1	53	8	18	0	4	2	56	
3	39	1	75	0	11	16	43	7	33	17	35	9	7	14	41	12	34	5	26	
8	55	10	28	15	52	12	54	1	2	19	45	0	50	16	15	9	22	4	43	17	17	
16	55	19	67	14	60	3	51	10	10	9	26	
4	42	18	9	12	5	14	58	17	53	
6	69	11	70	14	26	8	46	12	65	0	63	16	11	3	9	
10	26	2	60	14	32	9	31	6	64	17	1	16	68	1	41	15	17	7	2	
18	65	15	27	11	5	2	2	3	69	16	24	0	57	
12	20	4	38	3	17	16	52	2	72	1	28	17	31	
5	74	17	23	7	29	18	66	10	1	19	70	13	6	11	54	3	34	
3	7	17	18	10	26	14	24	11	10	
1	59	9	5	10	54	14	37	5	45	8	17	7	27	18	55	
12	30	15	41	5	51	18	22	14	74	6	25	4	47	3	63	
14	5	17	39	16	42	10	73	15	9	8	66	5	32	2	33	
17	71	4	12	3	24	6	66	7	3	1	35	8	47	16	45	12	13	19	6	0	36	
4	28	9	31	17	70	7	49	3	20	10	22	11	37	14	16	13	47	12	67	19	71	6	68	
0	12	3	33	7	71	9	36	13	58	12	61	14	2	15	4	16	65	8	73	18	11	
13	60	18	8	10	34	7	30	1	51	14	73	16	21	3	61	12	49	5	52	8	32	0	13	
3	23	6	66	15	3	12	55	8	46	18	9	0	5	17	43	
2	63	13	73	12	61	18	21	8	15	11	47	14	1	5	71	
3	48	12	70	14	60	9	20	18	14	7	50	10	19	13	62	16	65	17	38	8	68	19	71	
5	23	19	60	16	38	15	4	9	62	
10	68	15	66	6	5	7	8	14	1	16	43	3	55	17	47	
4	58	19	74	17	19	7	32	14	56	16	9	10	39	8	33	13	17	6	21	
17	6	0	24	16	26	1	23	9	22	8	17	
12	51	19	60	15	3	5	38	8	13	0	10	6	29	13	49	18	63	11	4	9	12	
0	71	9	29	2	26	13	24	5	14	12	58	16	11	14	59	17	19	
5	58	18	42	16	21	4	68	19	6	13	17	10	23	6	30	8	47	
17	38	0	1	18	72	3	68	10	69	5	63	4	28	14	44	
17	66	18	5	13	25	8	67	12	39	3	51	16	31	19	1	10	23	0	24	5	53	
19	26	3	17	10	59	6	10	9	2	12	15	0	20	
15	15	3	3	19	39	16	31	7	2	
1	43	18	46	3	55	14	51	4	31	
9	53	6	64	17	13	14	63	8	65	3	5	4	49	16	69	7	58	1	39	5	25	
13	20	14	6	5	5	1	46	7	48	4	57	2	55	17	59	18	1	8	53	
5	36	13	1	9	10	3	35	7	8	16	30	6	53	17	29	1	52	
0	73	1	43	18	38	9	11	14	17	4	56	16	74	8	21	15	44	11	68	12	12	
7	31	16	6	0	28	6	47	19	33	9	18	5	54	13	3	2	24	
12	59	6	58	3	26	10	1	9	54	8	31	18	75	2	34	17	24	4	29	
13	57	15	65	2	6	1	30	14	59	19	28	
9	9	14	27	19	3	13	73	10	13	18	38	11	7	
1	24	4	35	17	52	12	14	9	18	3	37	
10	47	1	55	5	69	15	50	4	62	7	30	
16	9	14	62	9	54	10	68	18	56	2	50	15	49	12	64	6	16	13	74	
4	2	11	28	6	1	12	41	0	70	10	7	
4	65	0	48	5	43	18	62	12	6	13	32	14	14	10	2	2	20	
10	21	14	63	9	42	4	50	2	52	3	35	6	32	13	28	15	15	
13	35	16	28	0	58	10	50	18	44	19	70	3	49	7	54	12	55	
3	2	13	47	7	62	5	31	2	17	0	55	19	66	
7	64	19	46	17	58	11	72	1	52	10	38	8	40	6	28	18	75	2	66	
9	47	5	60	1	13	12	44	2	9	19	3	
0	45	14	1	5	66	16	63	1	39	3	9	18	65	17	5	2	36	15	4	
13	35	0	17	9	24	10	47	2	67	4	57	14	37	19	74	
13	50	15	14	14	45	2	16	9	3	8	63	11	70	5	41	17	52	12	38	1	59	
14	42	0	9	6	36	1	39	13	50	19	33	
10	52	7	54	12	45	14	53	8	3	9	9	
0	66	19	16	11	56	1	17	18	14	13	20	
8	22	14	66	10	65	5	4	19	23	7	41	
3	35	18	22	16	73	2	23	1	63	8	1	17	15	14	51	
6	19	5	20	18	51	17	61	1	50	10	28	9	71	4	13	12	37	19	2	13	16	16	52	
19	75	4	54	5	53	12	45	17	60	8	27	14	28	9	34	0	8	
5	18	1	29	7	35	18	73	10	19	17	9	8	39	3	63	19	68	14	12	15	4	
16	32	10	35	17	29	19	5	0	27	2	36	5	69	4	8	
9	4	11	19	7	22	17	7	2	59	16	41	6	6	10	1	15	61	
15	38	16	72	2	6	14	36	8	42	11	56	
10	8	9	9	14	43	3	39	1	48	18	5	16	67	7	20	
10	15	4	24	7	37	12	58	0	46	18	71	2	50	8	72	5	3	14	11	
2	34	9	62	3	50	11	30	4	19	13	12	
4	7	14	52	16	75	8	31	9	34	0	12	13	65	
15	9	17	22	4	74	6	26	7	7	16	54	19	49	
18	15	3	62	8	29	1	10	9	44	16	67	10	59	2	11	
13	9	14	2	5	45	18	23	1	42	16	70	6	10	7	63	9	25	3	47	
0	29	16	40	8	73	9	22	14	64	2	52	7	12	12	46	5	24	
12	25	6	33	19	68	14	17	3	9	15	35	0	39	11	48	18	30	16	16	
17	45	3	37	9	47	13	61	0	7	16	52	18	73	8	17	6	5	4	59	5	35	
16	24	7	49	14	66	15	33	17	51	19	16	0	75	1	39	13	63	
9	72	0	35	3	69	12	41	2	14	8	64	13	21	10	45	19	46	6	25	1	11	17	12	
11	60	17	4	1	65	16	24	12	8	8	75	18	12	0	34	10	51	5	16	
13	31	14	11	3	35	10	68	19	14	11	30	17	74	
19	69	7	37	3	61	16	67	11	47	
16	23	6	54	0	28	10	41	8	15	14	10	1	59	4	36	
0	36	8	1	19	24	13	10	11	53	1	29	16	56	10	17	
18	7	5	50	14	5	17	44	4	12	1	54	7	32	9	62	10	57	11	68	
8	57	4	50	16	37	18	25	13	7	
10	1	19	13	18	49	7	50	15	42	1	16	
7	66	19	37	11	16	14	9	2	41	6	20	0	23	8	32	5	45	18	31	4	74	
6	31	18	37	17	56	12	3	1	63	14	20	9	7	
7	75	13	55	5	8	12	61	9	73	4	67	8	50	15	9	2	44	19	72	16	25	
5	6	10	8	1	57	16	71	0	22	
10	55	6	54	5	16	3	74	4	17	16	21	13	1	12	15	18	48	8	41	0	4	1	36	
4	29	6	22	11	56	13	15	1	2	
18	34	4	57	12	64	1	39	11	7	8	54	17	45	15	17	3	21	16	25	
13	8	2	36	12	46	6	64	19	34	7	42	
18	21	7	47	12	42	5	27	0	12	6	62	
5	62	18	71	3	64	15	20	2	35	
9	24	15	17	13	29	18	32	12	11	16	38	19	59	
14	38	1	46	17	47	9	5	10	48	2	14	13	62	18	35	0	52	
5	46	18	60	6	66	9	35	10	43	0	2	17	71	1	40	3	24	16	36	14	28	
14	24	10	52	18	2	8	37	11	22	19	1	12	39	15	56	1	26	5	65	3	73	7	72	
7	56	16	50	18	59	14	9	0	5	3	30	9	34	
4	70	9	46	12	29	14	50	17	49	11	34	16	9	2	17	6	60	
17	42	13	23	16	70	7	61	4	75	0	69	9	28	14	43	2	4	19	54	
11	10	5	11	7	41	0	50	18	59	
18	50	1	71	17	12	4	18	16	15	3	33	8	7	15	43	19	40	2	60	
17	6	13	73	10	1	3	74	5	33	6	12	
13	41	14	32	2	50	5	38	15	65	
4	23	16	38	13	64	17	13	18	5	9	15	6	12	19	49	1	45	8	53	12	56	2	1	
12	23	0	45	14	35	10	75	17	32	3	4	
9	45	7	49	6	29	11	11	2	66	5	56	10	72	8	35	3	8	19	60	
11	18	18	61	6	6	16	13	4	56	1	50	15	43	2	49	8	29	5	34	
14	11	19	58	6	36	4	62	17	44	8	17	
18	30	10	2	8	66	6	46	16	16	7	74	9	18	
7	69	11	10	6	50	1	60	16	20	10	15	17	70	
1	37	3	48	4	66	15	46	17	36	12	40	0	62	7	64	
2	67	8	1	15	25	14	29	13	56	16	34	10	71	12	15	4	42	1	21	9	28	5	31	
3	29	16	45	6	1	4	47	2	16	0	44	
6	2	11	42	3	13	18	3	9	26	14	18	
2	42	10	56	18	27	17	24	0	18	
8	70	10	68	14	37	19	12	5	23	9	8	6	48	0	61	17	32	11	29	
5	36	13	38	6	17	4	18	17	9	18	34	10	58	9	69	
10	9	1	60	15	72	3	14	6	12	14	33	8	65	5	36	9	26	12	7	
12	18	10	50	4	10	3	29	2	1	
11	24	8	58	3	47	17	46	2	42	4	61	16	34	18	64	10	4	5	44	13	73	
3	6	19	31	7	54	10	37	17	21	8	11	11	19	6	3	
15	15	17	33	1	1	16	13	12	42	13	58	7	41	
12	6	5	34	17	58	11	63	10	56	16	23	
7	56	19	31	6	20	13	30	11	11	15	65	18	13	
17	49	5	20	16	24	0	45	12	55	18	42	4	12	
11	4	18	5	16	52	4	16	1	38	
4	3	10	21	13	20	18	28	16	63	9	56	2	9	5	62	17	16	1	51	
1	70	4	5	11	67	13	37	9	31	7	7	8	1	18	50	
17	35	9	28	15	46	14	2	11	57	2	8	19	25	0	21	5	40	12	33	6	41	
14	72	11	31	0	66	10	57	12	69	16	59	4	17	9	22	7	38	5	10	
2	51	18	69	11	61	0	64	17	4	16	30	12	32	19	58	8	2	15	50	10	68	1	12	
6	2	13	19	17	6	0	47	11	39	15	54	9	32	16	41	7	14	
17	69	13	75	15	5	19	25	11	41	6	29	
4	2	16	66	15	54	19	48	5	67	0	16	
17	30	6	47	3	1	9	40	5	18	7	49	
1	43	5	40	13	25	3	71	6	28	14	23	18	15	7	45	
16	9	15	17	9	53	4	15	17	58	8	3	0	41	11	73	
18	22	6	25	8	36	19	7	12	59	3	16	10	60	16	46	
19	26	5	70	16	42	4	44	7	43	6	32	0	31	2	38	1	59	10	40	9	57	
11	3	14	32	1	55	10	60	5	43	
6	4	0	9	18	17	2	47	15	31	17	49	10	41	
17	62	14	44	13	41	7	12	0	32	3	23	9	18	18	47	8	68	15	71	
13	38	5	30	17	23	1	75	10	1	4	63	8	28	9	44	
10	19	3	13	14	42	9	62	8	22	2	3	1	30	16	38	0	72	4	45	17	49	
5	13	13	27	6	6	12	43	0	53	14	75	9	17	
4	27	10	52	19	16	7	1	5	18	9	3	18	19	12	50	
19	43	2	32	9	52	13	44	5	30	16	57	6	25	7	28	15	22	
2	46	10	10	15	23	3	74	12	15	17	66	7	20	11	44	
18	15	2	48	6	22	7	73	16	32	
18	40	13	19	4	9	17	71	9	54	0	64	15	63	
6	25	0	64	11	51	12	31	17	59	13	20	15	21	8	23	5	33	
3	50	14	27	12	12	0	57	11	55	16	75	5	61	18	30	
0	8	14	72	10	69	19	67	8	57	1	65	18	41	15	14	
19	16	2	1	15	21	8	33	4	75	3	15	0	55	12	4	13	64	7	11	1	63	6	62	
5	51	0	43	16	38	1	61	4	20	12	71	14	70	6	29	11	50	
8	74	11	54	2	30	14	29	3	23	5	52	
14	74	11	55	16	35	6	36	8	47	2	42	1	39	0	19	10	5	4	6	

All component type numbers for each job to be processed by MFPM
1	18	
9	11	8	18	4	16	
2	2	0	24	5	4	
3	15	4	5	7	9	1	4	9	7	
0	9	8	2	
1	18	9	6	
6	15	
4	7	1	17	
3	6	1	21	2	14	
2	14	
3	23	5	19	8	16	9	11	4	17	
4	12	
3	19	5	11	
3	23	4	2	9	7	2	19	
0	19	6	14	
2	19	5	13	4	25	
3	17	1	15	4	6	0	3	8	20	
3	11	6	16	
3	25	2	20	7	7	1	4	6	1	
0	21	4	24	8	23	
8	10	4	11	
3	21	8	2	5	11	0	1	4	6	
6	15	0	2	
9	5	6	2	0	20	8	10	4	17	
4	7	0	18	6	13	8	10	
3	4	4	13	1	18	9	25	
2	17	
3	23	
5	22	8	7	
8	24	6	21	3	17	7	13	1	8	
4	25	
1	24	
7	5	3	4	9	18	5	8	4	25	
8	21	9	4	1	13	6	24	7	1	
9	5	3	20	6	11	
4	18	9	7	6	14	
3	11	
7	25	6	22	
7	6	
3	19	6	8	0	1	5	15	
5	18	
1	16	6	24	8	22	
8	23	7	16	
3	22	
8	7	1	23	9	8	7	11	
0	20	7	17	3	16	
1	10	0	23	7	9	6	15	
2	11	5	21	7	15	8	14	6	24	
7	11	4	23	9	22	2	8	
1	3	0	24	8	5	6	4	
4	25	7	18	5	24	2	11	1	6	
2	2	9	20	1	14	3	12	8	19	
2	17	1	20	
5	24	9	19	
0	17	8	21	6	20	
2	9	9	5	0	3	8	21	
3	12	
0	11	4	9	3	18	1	23	
9	20	4	11	8	3	
0	15	3	20	1	14	5	9	4	22	
0	19	6	8	7	4	2	25	
9	25	5	5	3	8	
3	16	7	17	1	1	
1	14	9	22	
9	14	7	10	
1	11	3	19	0	8	7	17	
5	2	2	21	6	14	
6	9	0	4	9	1	8	24	
3	4	6	9	4	16	9	11	8	3	
6	7	2	3	0	21	7	6	
7	24	2	23	
3	16	1	13	9	10	
4	19	
0	10	7	6	
6	9	7	14	9	8	
4	16	7	10	
9	21	2	18	0	8	
2	1	4	9	
7	3	8	4	6	9	3	11	
6	21	4	9	7	3	0	11	
5	1	3	24	7	23	9	14	6	11	
2	13	4	18	5	14	8	3	0	9	
7	13	8	24	5	9	1	23	
1	14	0	4	9	15	
1	2	5	8	2	17	
3	10	9	24	2	2	
9	24	7	3	8	15	5	9	3	16	
6	7	2	12	8	25	0	17	1	15	
5	25	6	8	7	10	3	15	
8	8	7	6	9	18	
3	19	
0	18	2	13	3	24	5	17	
9	9	6	16	
9	11	7	4	2	16	
4	2	0	22	6	11	1	16	
2	4	6	2	
4	1	5	15	0	3	
2	4	
9	10	6	20	2	1	1	6	
8	1	9	8	
2	10	6	19	4	14	1	23	
2	6	3	13	
4	13	6	14	
2	9	1	19	5	10	9	3	6	15	
1	6	8	23	6	2	7	5	
9	24	0	12	6	19	3	21	5	6	
9	10	5	13	7	11	
2	2	3	19	9	13	0	10	6	17	
8	5	9	3	2	2	6	1	1	10	
3	3	0	1	9	17	
6	4	1	25	
1	23	0	10	
9	8	
3	21	0	6	6	18	
0	8	1	1	7	12	9	18	
1	22	6	19	7	24	3	18	0	20	
2	12	6	24	1	22	0	7	8	23	
1	22	
0	25	4	14	5	22	7	19	
2	11	9	22	6	8	7	3	
8	13	3	21	
3	12	1	13	7	4	
8	19	4	10	9	15	1	14	
4	9	
0	17	
1	9	
0	5	6	6	
7	9	5	13	3	22	9	1	1	18	
5	25	6	8	0	13	
2	24	9	6	0	7	
3	7	2	16	
9	23	5	17	2	7	6	4	4	9	
4	22	
7	19	6	16	3	7	0	13	5	12	
4	5	5	7	7	20	9	12	1	10	
0	25	1	4	7	17	
2	1	
3	19	
2	11	7	6	0	5	
4	16	
2	3	6	20	4	1	0	24	5	2	
7	9	8	18	0	25	
1	20	
9	18	
0	16	2	10	3	22	
0	2	6	20	4	6	2	23	9	7	
3	18	1	16	6	11	
3	10	4	25	8	8	2	16	
3	8	8	4	6	7	4	2	
5	25	3	2	
3	21	2	3	
2	6	
1	17	6	7	5	9	
5	14	2	8	4	3	9	9	6	16	
2	20	0	24	5	5	8	25	
9	14	
7	4	9	25	0	19	6	13	4	8	
2	3	9	20	6	10	0	17	7	12	
7	15	
5	17	2	19	
4	5	5	13	7	1	
8	24	7	7	6	25	3	20	
6	9	3	15	7	2	9	16	
1	17	6	11	4	1	8	7	9	20	
3	20	6	22	
2	25	8	15	
3	3	7	12	
6	2	4	15	3	23	1	8	
2	8	
0	19	9	9	3	18	2	12	
6	6	
9	12	6	6	8	18	
3	18	9	20	4	10	
4	3	3	7	
7	11	1	17	5	23	9	19	
7	5	3	13	1	23	0	4	5	12	
7	16	9	20	4	12	6	17	2	15	
4	5	
9	23	
6	3	9	25	2	12	
3	20	0	16	
5	6	1	20	
8	1	5	15	
0	6	
0	4	5	9	1	2	4	5	
9	3	8	17	4	1	5	13	
5	8	3	23	7	9	
0	6	2	20	6	13	1	8	7	17	
5	5	8	23	4	12	1	16	7	11	
0	16	7	14	8	13	6	22	4	8	
2	7	3	3	4	22	
0	4	8	11	1	22	
9	6	6	22	8	13	0	10	2	5	
6	18	1	4	0	25	8	12	
9	11	2	9	
9	3	8	11	
3	22	7	8	1	16	
5	22	1	25	9	19	6	5	
3	24	
2	14	8	17	9	5	1	11	0	10	

Three processing times per job on each machine
The best scenario
311	511	
207	369	
321	170	
738	557	
438	545	
380	284	
117	194	
140	208	
74	74	
586	174	
275	278	
45	68	
55	63	
885	287	
134	253	
343	200	
1154	306	
579	199	
249	153	
884	642	
499	536	
222	202	
180	87	
149	243	
303	247	
65	243	
345	170	
525	238	
765	554	
444	300	
730	424	
201	384	
450	646	
100	392	
79	107	
262	70	
144	315	
229	364	
147	240	
244	395	
549	546	
418	192	
768	570	
225	428	
188	78	
40	87	
366	690	
272	316	
518	250	
174	294	
317	493	
275	160	
770	419	
346	299	
131	212	
124	90	
655	604	
1013	290	
430	290	
248	95	
111	128	
477	638	
52	153	
408	310	
392	755	
265	171	
134	221	
481	191	
445	765	
933	1039	
794	824	
383	687	
564	711	
699	443	
723	462	
842	697	
118	141	
117	131	
314	189	
676	496	
486	484	
296	487	
669	528	
339	250	
434	345	
251	426	
297	213	
147	112	
60	109	
476	509	
461	475	
242	191	
60	79	
507	550	
1217	918	
864	1198	
350	110	
537	582	
333	878	
252	490	
766	642	
269	225	
128	126	
87	215	
293	58	
955	901	
632	508	
347	534	
613	175	
225	371	
763	960	
254	844	
404	145	
296	184	
146	298	
461	185	
186	269	
427	283	
238	276	
640	213	
427	308	
206	447	
601	842	
223	237	
806	506	
205	187	
526	571	
184	755	
597	279	
206	208	
753	724	
200	432	
504	521	
800	650	
259	218	
902	909	
265	596	
1061	215	
1091	644	
117	66	
91	57	
117	301	
537	771	
577	358	
520	209	
231	141	
497	677	
181	118	
67	135	
102	218	
608	515	
451	453	
671	222	
110	150	
260	191	
133	146	
83	171	
412	735	
1081	1113	
177	259	
1080	861	
175	315	
294	353	
141	202	
1101	926	
286	214	
458	321	
824	384	
655	322	
375	508	
239	204	
715	679	
444	401	
389	777	
508	591	
353	364	
650	211	
412	455	
220	247	
662	891	
527	179	
177	352	
543	512	
696	384	
713	778	
357	189	
262	898	
104	79	
121	130	
121	126	
170	119	
225	955	
245	645	
444	263	
99	104	
551	721	
102	119	
274	391	
425	414	
521	583	
Most likely scenario
403	602	
336	425	
387	276	
1021	1081	
496	605	
403	392	
193	370	
250	346	
119	146	
665	236	
298	384	
73	102	
80	93	
888	349	
200	314	
406	272	
1442	403	
586	321	
404	255	
1137	1007	
826	554	
265	387	
345	156	
249	298	
454	492	
123	265	
387	241	
701	438	
884	627	
739	470	
981	677	
202	506	
609	1047	
166	652	
118	146	
280	133	
246	318	
315	372	
206	259	
356	698	
809	1048	
565	256	
830	589	
409	429	
291	121	
77	88	
654	1085	
334	332	
798	439	
206	406	
465	534	
313	180	
971	543	
501	535	
257	281	
167	122	
1030	905	
1146	484	
575	393	
300	106	
176	176	
532	1233	
99	288	
456	330	
697	816	
322	254	
235	290	
630	269	
596	969	
1300	1226	
1035	1237	
411	801	
751	802	
758	449	
998	497	
930	887	
201	216	
140	150	
510	330	
1005	664	
584	555	
485	727	
745	922	
486	264	
610	524	
483	600	
437	290	
261	196	
90	138	
524	554	
640	933	
285	215	
71	104	
660	677	
1264	1115	
1191	1266	
437	190	
692	607	
438	969	
480	506	
820	823	
357	257	
224	241	
150	308	
325	110	
1163	1119	
733	901	
430	556	
756	349	
371	373	
850	1068	
431	1217	
440	276	
529	327	
151	340	
667	332	
247	407	
611	354	
433	373	
691	246	
791	389	
404	528	
655	865	
328	328	
946	870	
255	285	
902	753	
243	818	
734	410	
213	313	
1158	1351	
368	791	
805	918	
1325	889	
338	235	
1044	1123	
345	617	
1084	355	
1196	785	
186	90	
108	95	
228	376	
686	1208	
1100	590	
582	254	
277	280	
660	1071	
237	166	
110	149	
113	259	
1013	593	
696	745	
747	425	
182	185	
408	311	
136	199	
95	199	
741	953	
1116	1254	
340	479	
1149	1116	
191	579	
300	394	
176	315	
1404	1085	
539	366	
587	491	
829	486	
1040	392	
630	599	
312	284	
978	1181	
477	589	
471	917	
941	1064	
380	389	
831	291	
657	585	
313	387	
977	989	
546	337	
283	442	
588	865	
706	682	
1194	1080	
452	199	
500	899	
203	130	
146	142	
232	139	
237	184	
404	1491	
317	737	
708	339	
152	182	
681	738	
183	153	
283	496	
571	773	
820	817	
The worst scenario
528	626	
347	455	
421	307	
1459	1139	
512	813	
542	508	
219	386	
373	479	
160	204	
839	342	
349	460	
108	148	
91	111	
969	472	
260	403	
580	403	
1707	553	
714	429	
527	376	
1689	1142	
944	691	
275	413	
494	197	
317	446	
627	623	
152	359	
435	261	
853	574	
1300	699	
802	586	
1469	708	
237	516	
705	1055	
213	762	
119	167	
314	135	
310	333	
466	454	
280	327	
532	1032	
1059	1495	
664	371	
1070	647	
531	446	
406	181	
95	112	
917	1157	
485	341	
976	613	
279	556	
539	674	
362	198	
1412	574	
631	680	
274	406	
196	148	
1202	1274	
1515	559	
851	562	
390	120	
182	217	
558	1701	
102	396	
609	361	
890	886	
420	367	
313	393	
632	289	
745	1242	
1551	1465	
1093	1621	
571	802	
1000	941	
911	665	
1116	511	
1173	990	
233	258	
191	219	
566	456	
1331	795	
684	674	
598	731	
838	1376	
703	330	
638	777	
510	707	
608	338	
267	236	
117	146	
739	718	
741	1173	
335	245	
84	131	
896	984	
1447	1302	
1532	1785	
455	279	
1016	699	
451	987	
709	572	
1122	939	
535	379	
247	257	
199	324	
413	157	
1347	1317	
1056	1088	
488	646	
979	455	
531	506	
966	1543	
502	1657	
445	383	
560	370	
153	493	
734	360	
297	487	
806	525	
649	454	
884	363	
898	462	
575	627	
666	1024	
358	383	
1196	963	
288	424	
1183	1048	
279	919	
798	584	
303	430	
1358	1640	
500	928	
912	1044	
1631	905	
446	341	
1299	1637	
497	640	
1256	381	
1669	1166	
223	123	
120	129	
285	537	
1005	1811	
1624	866	
619	321	
347	394	
904	1438	
241	180	
159	221	
130	265	
1069	854	
801	886	
940	512	
263	243	
488	344	
173	241	
138	288	
798	1322	
1542	1620	
465	519	
1631	1577	
194	754	
400	420	
253	403	
1859	1325	
564	527	
653	656	
859	637	
1264	402	
648	883	
343	295	
1099	1715	
495	740	
473	1331	
1023	1475	
472	532	
1156	346	
868	781	
321	462	
1358	1264	
782	398	
418	499	
650	1290	
750	1021	
1647	1510	
510	235	
646	1209	
255	190	
153	196	
305	207	
242	202	
495	1783	
381	797	
836	470	
161	233	
734	867	
200	159	
412	634	
746	892	
1043	1182	
