Factories	3	Jobs	200	Machines	3

Total number of component types per job processed by HSPM
11	11	9	8	9	11	8	8	8	10	8	8	12	11	8	9	10	5	9	9	6	8	11	12	11	9	5	6	11	10	6	12	8	5	9	11	9	10	9	9	9	7	9	11	5	8	7	7	5	7	10	11	12	5	10	5	11	10	7	12	11	10	12	7	10	9	5	5	8	7	7	12	9	7	7	6	6	5	5	9	8	7	10	6	12	5	9	5	6	11	10	6	7	7	12	11	8	6	12	12	12	12	9	11	8	11	10	9	7	11	10	9	12	11	10	12	6	8	8	12	11	12	7	5	6	8	7	8	11	5	6	10	6	6	7	12	6	10	10	5	7	10	12	5	8	6	9	11	10	5	7	10	11	12	5	7	10	6	12	6	11	5	12	5	5	8	10	9	11	5	8	8	8	9	5	7	6	6	7	5	8	12	7	7	6	12	12	5	9	8	11	5	8	7	5	7	11	8	8	9	

Total number of component types per job processed by MFPM
4	5	5	1	2	3	3	2	4	2	4	4	2	3	3	5	5	3	3	3	5	1	1	1	4	2	5	1	4	2	3	2	4	5	3	3	4	3	5	1	5	1	4	2	4	2	5	1	5	3	5	2	1	5	5	5	1	4	2	1	1	5	2	5	3	3	3	1	1	4	3	4	2	2	4	4	1	1	5	4	1	3	4	2	5	2	4	1	1	1	4	5	2	1	5	2	4	1	2	3	3	1	3	2	5	4	5	4	1	4	2	4	2	1	2	1	4	4	2	5	4	4	3	4	2	4	3	2	3	5	3	4	1	1	4	4	1	2	1	5	2	3	1	2	2	4	1	2	5	2	5	5	1	1	2	5	4	2	4	1	2	2	1	2	4	1	5	1	2	3	2	4	4	1	4	2	1	3	3	1	2	3	2	3	3	2	3	1	4	2	1	4	5	3	5	1	3	1	3	5	2	2	4	5	2	3	4	2	5	4	1	4	2	3	2	5	5	3	2	4	1	1	1	4	4	1	4	4	5	4	4	2	1	5	3	2	5	4	3	5	5	1	1	4	5	5	2	4	2	4	4	1	4	1	2	2	5	3	2	1	5	1	5	1	5	4	2	5	5	2	4	5	5	5	4	1	4	1	3	1	3	1	5	1	1	1	4	4	3	3	5	3	1	1	4	3	5	1	2	2	4	1	2	3	5	1	1	5	2	3	3	4	2	4	4	1	4	2	4	4	5	4	4	5	1	5	1	3	3	5	1	5	2	3	3	2	1	2	1	5	3	2	2	2	1	4	1	5	5	3	2	5	3	1	5	4	1	2	2	4	4	4	3	3	5	2	2	1	5	3	5	1	4	2	5	2	1	3	5	2	2	2	4	1	2	4	2	2	1	3	2	5	2	1	3	3	5	3	2	5	

All component type numbers for each job to be processed by HSPM
2	73	1	56	17	43	6	45	18	11	8	13	14	71	13	2	5	32	10	61	4	12	
3	38	19	72	6	47	7	11	2	35	11	10	4	9	13	43	15	39	17	64	9	66	
12	53	11	36	16	2	6	15	0	64	2	69	9	56	13	6	8	39	
8	5	5	65	4	17	7	40	19	70	15	57	1	31	10	54	
10	36	18	20	15	25	16	7	9	62	1	12	6	6	8	44	12	50	
8	46	19	18	0	42	4	50	6	33	2	13	5	7	14	68	17	40	12	54	7	19	
8	12	2	38	11	33	13	69	5	43	3	61	15	62	0	68	
15	38	9	54	1	68	6	50	7	20	2	41	17	33	5	66	
10	39	1	35	18	49	9	48	15	68	13	37	8	67	2	71	
18	55	4	72	15	23	2	36	11	29	12	52	19	5	5	39	3	68	13	54	
11	61	18	1	5	24	2	7	14	3	7	11	6	57	8	55	
3	56	9	18	4	54	16	4	8	17	5	10	1	57	19	52	
18	63	10	29	16	11	8	30	7	38	14	59	11	61	13	54	9	65	6	58	15	53	2	13	
5	35	0	6	17	33	7	65	1	12	2	27	12	26	19	24	3	31	4	74	10	21	
5	2	17	34	10	69	7	17	18	71	2	21	6	9	3	26	
4	47	12	45	5	75	7	69	19	50	0	8	9	36	14	33	18	70	
13	22	8	69	0	7	19	35	12	46	4	6	5	47	17	10	3	68	7	67	
3	37	0	65	15	66	5	38	2	12	
16	32	2	12	5	13	15	3	13	36	11	48	10	19	18	23	0	44	
14	17	10	71	2	41	19	36	4	34	0	46	5	74	1	18	3	50	
15	64	18	49	4	3	8	58	2	73	10	4	
13	58	1	52	12	40	3	45	11	46	6	20	10	39	9	6	
6	29	4	47	3	56	1	66	5	31	11	54	9	51	2	50	7	8	14	6	0	22	
1	21	2	72	8	46	7	32	12	1	9	53	13	50	4	36	16	65	11	57	14	31	10	5	
12	18	0	29	2	15	9	23	10	6	15	62	18	48	8	5	14	10	3	47	7	17	
9	6	14	25	2	62	1	63	0	43	8	64	19	12	10	27	7	55	
5	44	7	42	6	29	19	19	12	7	
6	4	14	5	5	57	12	7	16	50	4	40	
13	24	2	10	15	61	3	7	10	18	4	57	9	28	12	11	11	12	16	19	0	56	
15	18	1	52	14	33	5	19	19	3	17	23	3	41	16	37	18	36	6	53	
0	17	14	54	16	11	10	30	13	23	8	27	
6	3	3	42	15	19	1	5	12	72	10	35	19	9	7	74	13	58	0	11	4	7	9	27	
13	33	4	67	18	30	19	2	1	60	0	14	16	44	2	32	
4	4	6	19	16	31	8	23	3	51	
7	12	3	7	18	33	8	56	14	28	19	22	12	38	9	65	2	15	
18	51	3	6	19	60	1	25	13	67	0	18	8	70	5	46	9	59	6	45	17	58	
11	39	15	13	1	65	7	60	2	67	3	54	14	75	18	32	17	3	
14	53	12	5	10	9	18	52	13	1	11	11	19	42	8	26	5	23	1	30	
18	39	4	28	17	25	1	38	14	73	10	65	7	66	11	31	5	22	
19	61	11	38	18	5	16	6	1	70	2	65	9	27	7	22	8	44	
6	3	16	60	17	75	15	71	11	33	18	4	0	62	12	26	7	55	
15	30	10	21	1	65	5	17	9	67	0	25	6	6	
11	48	7	68	17	56	16	18	4	41	8	14	19	51	14	45	1	16	
1	14	19	71	18	49	14	56	13	30	9	5	4	25	3	19	6	41	16	46	11	28	
7	64	2	58	14	21	11	55	12	25	
7	8	18	38	11	70	19	63	16	62	6	13	1	67	10	42	
5	65	11	66	10	60	4	64	19	18	1	15	3	23	
3	70	19	40	5	2	4	63	18	22	0	13	2	45	
2	64	19	4	14	38	0	62	13	35	
17	53	1	65	3	18	11	66	8	35	7	15	2	12	
10	14	16	39	3	45	9	73	1	36	8	22	18	62	6	4	17	67	4	31	
17	41	18	49	10	20	16	54	1	74	14	52	13	56	19	24	4	40	7	31	8	58	
10	55	2	49	4	61	1	54	3	73	11	28	16	45	6	24	13	3	8	63	18	64	7	6	
9	30	10	63	13	32	11	28	3	37	
13	47	16	5	5	50	7	57	8	15	2	25	0	38	17	24	6	68	4	33	
6	61	10	11	3	18	16	42	17	21	
1	68	19	40	11	70	9	36	18	15	8	47	14	56	3	33	4	63	16	38	5	6	
1	65	9	68	13	54	5	23	3	11	4	45	14	40	7	38	12	8	10	22	
10	75	18	18	9	62	0	66	14	56	2	13	1	10	
7	65	5	64	3	15	17	13	10	17	12	69	9	63	4	74	1	39	0	73	16	22	8	33	
3	19	6	43	7	45	0	62	1	3	16	29	18	24	19	52	12	23	17	68	4	41	
13	38	12	47	6	35	1	25	17	13	4	17	19	70	7	74	15	51	16	11	
9	26	3	64	0	34	2	32	11	13	5	8	18	57	19	67	14	5	17	53	1	12	15	23	
12	34	11	24	17	23	0	8	10	43	7	68	16	25	
16	41	8	43	15	62	4	69	7	2	14	28	11	21	1	39	0	29	13	75	
6	43	16	13	19	59	14	1	3	48	8	35	15	27	7	5	11	58	
1	70	13	37	16	73	8	3	0	67	
3	73	9	29	18	21	14	72	13	66	
7	17	12	42	3	34	10	44	15	8	14	13	2	33	13	73	
17	48	6	47	4	67	13	5	18	29	7	73	0	64	
13	29	12	59	10	24	19	71	17	51	7	50	15	32	
3	56	2	63	13	65	16	7	14	23	6	1	5	75	15	61	17	32	10	11	1	35	12	19	
18	12	2	34	9	61	0	31	5	9	3	24	7	47	14	63	11	54	
1	56	0	20	5	65	3	74	15	30	16	75	19	18	
2	48	8	60	3	64	4	39	1	8	13	29	7	34	
1	63	5	46	3	34	10	62	7	10	17	21	
0	2	8	31	13	16	14	37	18	63	15	52	
14	51	12	22	0	71	5	40	8	52	
19	8	16	48	17	28	3	52	9	38	
8	68	6	11	10	44	13	40	4	46	5	17	17	37	7	8	12	56	
17	5	9	56	3	36	18	33	4	4	0	72	5	54	8	43	
18	45	1	23	2	12	0	6	16	27	7	72	13	4	
17	30	16	12	3	25	12	36	6	31	7	18	5	24	1	41	9	42	19	33	
10	44	9	60	4	74	8	55	1	53	12	22	
3	1	18	15	9	67	17	54	2	40	0	24	6	26	13	60	14	46	7	13	4	9	16	35	
0	29	6	47	16	72	5	1	12	65	
15	61	5	39	17	68	4	33	10	9	2	28	19	66	0	62	1	14	
1	37	5	41	4	51	17	4	6	14	
6	9	16	72	2	44	11	26	7	73	8	41	
1	67	3	5	19	51	9	23	0	13	7	39	11	10	15	17	14	24	2	73	13	22	
1	65	12	34	8	13	4	2	11	8	0	58	5	41	19	68	6	31	18	15	
15	47	1	32	7	61	5	21	14	4	17	27	
15	40	5	54	7	74	13	66	8	22	16	1	2	69	
2	14	6	45	9	16	12	47	8	53	11	49	1	60	
2	67	1	50	0	19	18	26	9	24	7	58	15	65	16	10	8	25	11	29	14	13	6	17	
19	47	13	54	15	6	12	29	1	40	11	71	6	17	9	19	18	68	2	38	10	33	
1	47	0	34	11	75	3	28	2	70	19	11	17	17	8	48	
8	60	4	30	5	26	3	27	18	32	1	69	
6	29	10	58	8	18	13	64	7	7	16	69	11	21	5	13	12	41	18	12	4	4	14	72	
3	37	5	75	9	57	11	8	17	13	16	4	14	60	4	72	19	28	13	32	6	18	0	69	
10	46	19	54	2	3	0	53	4	63	13	52	18	14	15	2	12	44	6	33	9	12	5	68	
14	68	2	38	8	75	3	51	0	6	10	5	9	36	16	57	17	43	15	10	4	55	18	74	
1	38	8	40	2	31	19	12	13	64	5	70	9	74	6	43	4	55	
1	22	0	55	7	70	18	3	5	28	2	25	8	24	4	9	12	40	3	16	17	27	
17	73	19	8	10	20	11	15	14	50	9	4	16	42	1	1	
3	28	15	43	0	3	5	24	14	39	19	50	18	8	13	20	17	29	9	12	2	35	
14	71	15	4	8	9	6	15	2	24	16	45	3	36	10	39	13	34	18	57	
6	33	5	22	9	44	7	37	17	5	18	13	16	74	1	58	8	6	
1	1	0	29	12	52	14	45	9	7	6	74	15	72	
9	6	13	52	18	36	19	40	15	59	16	27	2	41	14	2	4	63	12	1	5	60	
15	10	0	29	12	1	4	23	1	37	19	27	7	49	10	16	17	33	6	30	
4	5	11	29	6	53	2	34	19	10	12	28	3	62	5	27	10	70	
11	70	6	73	8	46	10	57	14	16	7	2	0	64	16	40	2	15	18	21	12	56	19	50	
14	61	10	49	11	70	15	47	2	64	0	42	3	63	13	24	7	62	18	2	19	53	
13	71	0	20	4	60	3	46	1	55	10	38	15	29	12	51	18	33	6	30	
14	75	0	68	2	53	19	73	10	17	13	63	8	35	16	70	9	33	11	14	5	52	3	49	
3	10	8	32	16	70	9	37	1	20	19	29	
14	25	6	44	12	8	17	48	19	56	3	18	2	10	0	7	
16	65	8	69	14	3	15	14	1	34	11	29	5	5	4	71	
12	10	14	25	18	52	17	66	8	5	7	72	13	18	0	40	2	37	6	75	3	71	4	68	
13	2	0	33	11	16	9	41	10	21	6	1	18	71	3	47	1	3	5	20	14	51	
16	28	0	72	18	32	8	25	2	30	15	4	3	1	1	8	19	43	14	37	9	9	5	12	
8	59	2	65	18	56	4	5	16	39	13	48	7	4	
7	21	16	46	19	18	14	60	11	31	
0	72	9	62	10	31	7	35	13	66	19	4	
17	13	13	46	0	1	16	33	6	3	14	72	7	54	2	52	
18	15	19	2	10	47	17	66	14	69	12	62	4	57	
14	21	10	16	16	3	13	4	6	37	0	47	1	62	7	39	
17	32	12	35	3	2	11	25	6	31	13	66	10	23	9	18	2	7	8	4	5	55	
19	32	15	29	11	1	5	18	0	15	
5	57	13	46	11	75	4	28	10	27	12	67	
2	8	3	47	9	25	18	1	4	63	15	29	1	18	6	41	14	53	12	7	
17	51	15	46	19	12	5	16	7	42	13	62	
2	10	7	58	5	74	18	68	3	28	19	41	
13	15	0	12	14	9	1	53	15	72	2	40	3	41	
2	49	0	21	16	30	11	20	5	15	17	64	15	45	6	31	18	70	19	6	12	17	3	25	
13	17	7	66	5	75	9	2	12	67	15	46	
8	17	11	45	7	1	5	61	19	35	17	16	13	28	1	18	9	2	18	10	
17	39	7	25	11	35	8	59	10	62	6	26	0	63	18	37	3	21	2	5	
2	46	13	58	18	6	6	70	12	47	
9	47	0	16	11	37	3	58	13	72	4	20	10	73	
11	30	5	46	13	41	1	47	19	8	7	28	18	49	15	55	2	51	17	23	
6	34	19	33	15	3	5	71	0	52	18	32	4	73	11	23	14	19	10	31	7	51	9	62	
4	4	16	12	5	39	18	41	2	73	
8	28	17	9	1	25	14	68	6	65	3	71	18	11	10	53	
1	28	0	11	13	53	19	66	2	65	12	71	
4	65	17	28	11	37	19	35	9	20	15	55	16	17	8	30	18	54	
17	65	1	8	16	48	5	23	13	67	10	68	0	32	7	21	2	60	4	47	6	37	
2	64	11	57	9	58	3	53	15	11	1	42	4	72	18	49	6	69	10	5	
3	54	1	67	0	19	19	40	10	48	
6	7	1	34	4	56	10	53	2	68	15	16	8	26	
13	48	5	40	11	36	18	16	15	39	12	26	14	12	17	31	0	42	10	50	
7	22	8	13	17	16	18	51	15	45	11	62	5	72	10	5	16	11	12	37	1	73	
3	8	0	21	17	5	15	58	5	72	14	61	16	7	18	12	1	49	9	20	2	1	4	48	
14	69	3	13	7	32	8	74	13	2	
16	41	1	15	8	70	12	27	13	25	0	53	5	39	
4	13	15	9	16	2	17	36	9	34	5	6	11	25	14	72	18	55	0	33	
10	61	18	66	8	19	2	10	12	51	11	54	
3	1	15	54	8	38	16	43	11	20	1	39	0	68	12	33	4	59	9	5	19	70	17	72	
9	50	0	56	7	73	19	16	17	30	12	66	
11	43	2	48	16	58	3	47	10	32	1	45	12	11	19	71	15	4	8	38	14	33	
5	45	7	26	10	74	1	12	9	71	
7	54	9	6	8	23	10	67	13	48	2	34	6	26	1	21	12	35	17	9	3	71	16	55	
2	43	1	4	8	68	18	71	11	56	
19	70	1	46	9	44	0	21	5	73	
7	3	19	67	3	68	13	58	11	62	12	22	9	50	0	8	
15	15	12	49	9	57	5	60	2	5	19	28	14	55	10	27	8	68	6	47	
13	48	18	1	3	54	16	10	9	30	5	60	1	23	4	42	10	41	
11	25	16	30	5	66	3	69	2	58	10	45	4	5	13	2	15	9	0	63	19	61	
18	49	13	1	10	4	17	75	12	58	
12	72	5	64	10	58	19	23	15	44	17	41	8	31	9	57	
14	45	19	48	7	30	5	42	6	34	9	5	18	54	2	10	
17	12	9	18	7	71	15	66	10	34	8	22	0	39	18	40	
10	46	2	17	9	29	16	37	5	30	17	39	12	10	3	71	7	33	
16	73	5	20	3	11	7	46	14	24	
12	73	9	42	1	9	5	25	15	47	18	15	2	11	
2	67	12	15	3	69	9	31	15	43	8	8	
8	58	14	20	19	69	5	53	16	35	15	42	
12	59	5	53	1	68	11	34	2	31	6	32	8	26	
18	1	11	61	8	11	13	51	17	38	
6	74	11	26	2	2	19	10	4	22	12	46	5	29	17	57	
16	6	7	67	13	37	15	25	11	47	3	33	8	49	6	65	18	61	14	20	2	21	1	4	
12	12	1	62	4	75	3	18	17	31	5	48	7	64	
9	39	1	70	5	13	12	11	14	9	7	27	0	21	
6	2	14	69	0	61	8	29	3	11	13	9	
17	31	8	68	10	11	7	62	19	9	16	73	14	30	12	37	11	35	18	64	9	42	5	49	
17	12	9	44	12	25	6	61	14	10	0	68	5	43	13	16	1	71	11	64	4	60	15	65	
16	44	15	64	11	36	3	42	7	53	
15	12	2	34	12	45	10	28	6	31	18	14	5	4	13	20	3	35	
3	71	17	20	4	46	0	15	12	6	18	24	10	5	9	30	
5	66	3	51	12	72	2	8	6	73	0	19	7	44	4	68	9	63	11	48	1	33	
12	68	16	72	19	20	4	19	17	43	
10	59	2	49	3	46	12	12	1	19	14	61	9	67	13	21	
4	4	9	45	13	33	1	6	2	72	8	57	0	55	
7	30	6	21	11	32	5	55	3	5	
5	71	11	13	10	45	19	46	4	60	16	4	12	30	
11	1	10	11	7	22	13	3	9	48	17	37	16	18	6	29	15	47	0	56	12	65	
3	35	5	41	18	22	1	53	16	21	0	73	19	39	13	1	
5	21	11	7	16	17	2	15	9	32	4	26	1	73	17	30	
11	70	0	69	9	35	15	38	13	45	18	43	8	12	14	75	1	62	

All component type numbers for each job to be processed by MFPM
3	13	2	19	8	7	4	10	
8	31	4	32	5	35	0	46	2	45	
8	20	3	24	7	22	1	14	9	10	
0	45	
6	16	0	9	
3	46	1	38	0	42	
5	10	6	17	7	11	
7	41	6	42	
0	10	1	25	8	20	6	18	
8	28	2	40	
7	21	4	22	1	20	0	9	
1	48	3	44	7	28	2	46	
5	17	1	13	
6	50	7	34	0	39	
0	14	6	5	9	23	
5	37	7	50	2	35	0	49	8	38	
9	14	2	2	3	19	6	8	1	7	
9	50	3	42	4	30	
2	15	1	4	3	9	
6	29	3	44	7	42	
4	23	7	6	1	16	2	14	6	18	
5	26	
6	9	
4	39	
4	3	3	19	6	6	1	14	
3	37	8	31	
2	1	5	25	8	20	1	13	9	23	
2	30	
4	8	1	2	9	6	5	23	
3	38	8	32	
5	9	9	22	6	21	
2	43	7	29	
9	22	1	13	4	19	0	20	
9	30	1	27	4	33	3	32	5	36	
0	9	4	22	3	12	
3	43	5	41	6	45	
8	24	2	2	4	11	7	23	
1	43	4	29	7	40	
4	15	0	14	1	13	2	5	8	6	
8	28	
6	20	7	14	5	18	4	2	0	4	
3	37	
8	6	5	16	7	22	6	3	
7	46	5	27	
4	18	6	1	7	11	5	21	
0	45	1	39	
4	11	7	23	5	17	0	4	2	25	
3	32	
1	11	4	21	7	6	5	15	3	17	
0	48	4	29	7	31	
8	17	3	20	7	11	6	24	9	6	
8	35	5	28	
7	15	
7	26	8	41	4	30	3	48	0	37	
8	15	1	9	0	2	3	13	4	10	
3	29	1	30	8	31	7	35	0	27	
3	19	
8	41	7	33	1	38	3	46	
4	10	1	7	
9	48	
4	17	
9	36	3	45	8	49	2	48	7	34	
8	23	5	18	
9	37	8	34	1	26	6	38	3	28	
8	3	3	16	7	17	
9	34	0	32	5	26	
3	19	0	1	5	20	
8	41	
6	23	
3	42	4	48	5	41	2	47	
3	19	4	9	0	12	
0	50	1	37	8	40	7	49	
7	16	1	9	
0	44	7	40	
1	20	0	25	7	21	4	22	
3	35	0	40	5	29	4	43	
5	15	
6	29	
5	21	9	19	8	22	7	7	0	11	
9	47	8	46	7	28	1	30	
7	22	
2	41	8	38	0	47	
2	11	4	10	0	8	7	3	
7	41	8	45	
7	21	4	12	9	5	8	19	3	11	
4	48	7	31	
5	8	1	6	2	22	3	19	
0	38	
7	13	
4	50	
3	3	1	22	6	25	4	4	
9	35	7	27	6	29	3	37	2	49	
6	17	8	22	
6	39	
6	17	8	5	2	13	9	18	1	9	
0	45	4	34	
3	2	2	11	6	12	7	18	
4	49	
1	3	5	21	
9	35	2	31	1	47	
1	6	9	12	2	22	
9	32	
0	16	5	6	1	17	
0	30	1	49	
0	7	5	17	9	24	6	1	4	4	
6	49	8	26	1	29	9	45	
5	24	3	7	1	19	8	17	9	20	
9	41	1	45	8	30	0	26	
3	11	
4	26	6	39	3	42	2	48	
0	8	7	5	
3	28	5	47	4	38	2	34	
8	22	2	25	
4	43	
9	6	0	19	
1	38	
6	6	4	2	9	8	0	22	
2	37	6	48	7	29	4	26	
3	19	1	22	
1	43	4	47	9	45	8	48	6	50	
5	15	6	1	2	16	9	6	
6	43	9	30	7	48	8	44	
4	17	5	6	9	9	
4	31	8	32	1	29	0	50	
8	16	6	2	
2	27	9	37	7	42	5	43	
5	9	4	24	1	8	
1	36	9	29	
2	22	6	18	5	17	
7	31	6	27	5	45	3	50	9	43	
3	12	8	8	9	5	
3	31	2	38	8	36	0	32	
6	14	
0	49	
1	19	6	3	5	20	3	16	
5	49	7	31	2	26	0	46	
4	9	
0	45	6	48	
2	15	
9	42	0	37	8	33	3	28	1	26	
3	15	5	20	
1	31	4	42	3	45	
3	14	
7	47	2	44	
1	12	6	4	
8	28	1	29	2	34	9	35	
4	7	
2	50	3	38	
4	21	5	7	2	4	8	14	0	20	
7	46	3	45	
0	14	8	6	6	18	5	7	2	17	
8	32	9	41	1	43	0	27	3	44	
7	21	
3	34	
4	24	1	23	
1	32	7	33	4	48	5	46	0	50	
6	15	0	21	2	11	3	4	
7	36	1	26	
2	12	7	20	8	4	0	3	
3	46	
5	20	8	7	
5	37	4	44	
7	20	
2	41	3	34	
4	2	7	12	3	10	2	7	
4	29	
7	22	4	8	0	4	3	13	6	18	
5	26	
0	18	7	23	
8	47	6	28	3	41	
6	1	1	20	
7	34	5	40	4	43	2	42	
1	19	6	4	8	22	5	9	
8	45	
2	12	6	11	4	3	8	6	
8	34	2	32	
4	15	
3	38	8	45	6	34	
7	24	9	1	8	2	
8	44	
6	16	1	17	
0	37	9	44	5	29	
0	15	7	19	
1	42	2	48	0	47	
4	23	0	25	3	21	
9	48	8	32	
0	7	9	4	7	21	
6	46	
2	22	0	24	6	1	4	21	
5	47	8	44	
9	8	
3	33	0	38	9	35	2	41	
8	8	1	20	2	1	0	2	3	6	
3	41	8	36	4	42	
2	17	6	4	1	6	3	9	0	20	
5	44	
6	15	8	20	0	22	
3	36	
5	19	6	9	3	15	
9	26	4	34	5	33	8	44	2	47	
9	25	6	2	
2	32	7	29	
5	11	8	20	1	8	0	2	
1	46	2	31	0	32	5	37	6	42	
3	16	7	17	
3	28	8	31	7	43	
4	19	6	21	7	4	1	14	
4	27	2	30	
2	9	4	25	8	13	3	12	6	10	
1	28	9	48	3	50	7	34	
1	9	
6	30	0	37	4	28	1	49	
1	23	6	9	
5	26	0	36	6	45	
1	5	0	2	
7	47	0	49	6	41	1	27	4	28	
0	16	3	10	2	24	1	19	6	23	
2	28	5	38	6	37	
2	15	3	18	
2	50	7	37	4	39	6	26	
6	12	
3	44	
4	8	
6	34	8	45	7	46	9	30	
3	4	7	25	9	16	1	8	
0	47	
0	4	7	2	3	14	6	16	
7	27	0	43	4	36	2	38	
6	14	0	13	8	23	1	5	4	18	
8	32	2	33	3	30	5	31	
6	5	5	17	4	4	2	9	
8	46	0	44	
7	10	
8	41	2	26	5	50	7	48	9	32	
1	3	8	19	5	7	
5	43	6	46	
4	4	2	25	8	3	9	15	0	5	
3	50	7	36	0	32	8	41	
4	7	1	10	8	6	
1	42	3	44	5	30	2	35	8	39	
3	6	9	19	7	16	6	4	4	8	
8	36	
8	15	
8	30	0	37	7	42	6	36	
4	16	3	19	2	21	0	20	1	8	
1	39	6	42	5	50	4	29	8	35	
5	18	6	6	
8	32	7	47	0	48	3	44	
2	17	3	14	
3	44	1	41	9	43	5	47	
6	13	8	17	7	2	5	4	
3	48	
2	23	0	17	9	16	4	24	
7	48	
6	5	7	2	
7	49	6	29	
4	4	8	15	1	10	9	24	6	22	
9	29	5	34	6	38	
7	11	0	23	
8	33	
5	25	7	12	8	23	6	4	9	16	
6	32	
8	1	5	9	0	10	6	21	4	20	
4	39	
0	10	5	25	1	18	7	8	6	7	
6	28	8	45	2	27	1	42	
5	5	7	23	
9	28	1	43	7	41	5	26	4	29	
4	2	8	21	1	13	0	4	5	20	
0	40	8	35	
0	2	2	12	6	1	7	22	
4	50	1	46	8	37	0	41	7	34	
8	14	3	16	7	10	9	11	0	8	
9	46	3	31	5	30	6	43	2	45	
1	13	4	4	3	14	0	5	
0	31	
9	11	3	10	8	6	2	17	
5	47	
0	21	6	5	1	4	
6	41	
3	23	0	1	2	6	
8	40	
0	5	8	3	5	12	6	1	9	14	
6	29	
1	5	
1	41	
5	2	3	14	9	18	4	16	
0	43	9	31	4	26	1	29	
6	16	3	23	8	22	
1	39	4	43	9	50	
7	16	4	4	8	13	1	7	2	20	
7	49	4	40	9	37	
3	23	
3	31	
9	20	4	7	3	3	1	2	
4	26	3	43	2	38	
3	18	9	10	2	8	6	3	7	22	
1	28	
2	12	4	7	
2	29	1	45	
9	20	6	5	7	19	2	10	
2	42	
3	2	7	17	
7	45	9	27	4	38	
1	17	5	22	6	7	3	6	4	10	
9	50	
3	22	
5	27	4	35	9	42	0	41	1	38	
0	18	1	1	
9	47	4	43	7	46	
7	12	6	8	0	9	
9	40	4	44	0	48	1	30	
3	2	8	21	
2	39	5	28	3	32	7	35	
8	12	6	18	2	10	1	20	
4	48	
8	3	0	16	4	1	9	12	
8	33	9	48	
3	4	1	11	8	8	5	21	
9	48	2	39	6	28	3	40	
4	5	9	3	8	10	0	12	1	17	
5	47	4	30	9	29	7	32	
5	22	1	16	4	20	0	23	
8	28	5	45	4	42	3	47	9	33	
0	15	
2	30	4	40	0	42	9	48	3	46	
5	5	
9	44	6	43	3	33	
4	8	5	20	7	11	
9	41	6	40	5	32	1	30	3	38	
8	22	
6	47	0	36	2	26	8	30	4	42	
5	2	8	14	
0	37	1	49	5	38	
8	5	7	14	6	21	
7	48	1	33	
3	16	
8	50	5	34	
2	16	
4	39	6	42	3	43	7	49	2	45	
0	8	4	22	2	3	
2	34	7	26	
8	5	4	7	
9	28	8	50	
4	1	
2	28	3	29	0	36	1	43	
7	2	
2	39	5	50	9	31	7	30	1	32	
6	9	9	20	1	11	5	17	2	21	
4	32	8	49	7	43	
5	5	0	3	
1	30	8	33	2	35	4	49	6	40	
5	24	8	19	0	4	
9	38	
3	5	7	22	9	18	6	11	1	7	
5	44	9	48	4	45	3	41	
8	16	
1	50	6	26	
9	24	3	6	
4	38	8	50	1	42	9	49	
5	23	3	7	4	13	9	14	
1	43	2	31	7	33	9	49	
5	3	3	10	7	8	
2	26	7	50	0	36	
0	4	1	10	4	2	7	25	8	14	
0	42	6	35	
7	24	6	1	
2	50	
0	23	1	19	7	6	3	14	5	15	
0	48	3	49	9	37	
4	22	7	3	9	11	0	16	1	7	
8	38	
6	9	0	10	9	4	5	8	
9	44	8	41	
7	16	1	2	3	9	9	25	0	15	
1	45	6	44	
3	17	
5	44	8	33	7	42	
8	21	1	22	0	8	9	5	2	17	
6	35	0	39	
8	3	1	10	
1	38	5	34	
1	21	2	8	3	14	5	9	
1	32	
0	2	9	8	
6	32	1	34	7	36	9	46	
6	17	9	24	
7	44	4	42	
0	16	
3	26	2	36	9	40	
0	8	1	21	
0	43	6	34	4	50	5	49	8	39	
9	24	2	25	
3	49	
8	20	5	7	7	21	
4	34	6	49	9	26	
9	23	4	21	8	25	3	20	6	5	
3	28	2	34	7	37	
3	4	8	16	
8	47	7	50	1	48	3	41	2	28	

Three processing times per job on each machine
The best scenario
127	146	116	
518	288	148	
15	33	23	
38	29	22	
16	44	30	
219	128	343	
67	74	87	
315	146	218	
369	149	178	
217	200	198	
391	187	389	
316	241	258	
255	85	151	
90	149	75	
277	150	207	
75	97	95	
123	96	156	
12	31	47	
56	163	248	
116	78	72	
102	147	70	
171	248	126	
111	115	140	
282	166	271	
92	104	117	
413	229	268	
280	197	171	
298	175	120	
49	47	37	
102	98	38	
190	223	78	
74	119	133	
178	128	195	
181	242	153	
227	263	114	
55	130	162	
38	30	60	
154	307	300	
69	96	138	
246	193	77	
380	128	101	
196	130	118	
20	66	44	
167	180	234	
118	107	257	
18	28	22	
351	336	163	
91	92	189	
51	120	105	
204	90	203	
126	110	35	
259	430	229	
258	80	128	
244	104	168	
164	101	60	
159	152	386	
36	52	100	
59	145	75	
44	48	36	
96	49	39	
196	196	277	
20	46	48	
386	97	286	
198	192	185	
200	91	136	
70	47	33	
80	45	79	
63	169	151	
82	89	116	
33	34	32	
39	28	58	
129	45	145	
16	57	32	
101	204	167	
146	324	387	
184	174	214	
160	200	135	
94	83	108	
276	273	181	
97	80	90	
94	62	81	
51	26	34	
84	47	30	
60	23	24	
43	24	28	
59	150	133	
85	46	101	
93	53	51	
113	275	96	
213	222	131	
126	225	255	
149	145	258	
109	122	139	
339	354	428	
171	399	285	
77	190	390	
83	103	84	
58	62	37	
167	160	142	
23	26	24	
219	186	138	
426	380	405	
257	64	196	
420	169	263	
307	101	197	
219	224	174	
63	49	37	
180	126	322	
26	17	47	
152	69	208	
431	399	122	
107	87	67	
226	187	287	
486	317	155	
84	29	47	
134	312	254	
124	70	145	
288	61	177	
104	115	98	
326	264	181	
63	146	113	
368	109	146	
149	171	165	
338	182	427	
38	60	78	
172	180	169	
147	206	101	
160	118	133	
365	370	199	
83	123	49	
218	127	281	
29	9	16	
144	112	146	
294	181	151	
119	168	98	
173	365	205	
48	77	66	
150	147	205	
323	268	154	
176	247	150	
93	133	97	
211	244	340	
167	94	118	
36	68	62	
119	314	476	
436	159	314	
271	359	307	
57	87	32	
94	251	534	
196	124	206	
272	134	95	
44	124	46	
60	138	255	
131	166	136	
182	215	137	
129	158	124	
96	216	230	
94	300	352	
121	78	69	
346	343	560	
79	327	182	
65	49	54	
124	108	32	
125	101	248	
29	50	30	
170	127	246	
171	205	226	
288	104	79	
280	127	322	
94	177	48	
155	246	331	
123	164	159	
363	151	195	
227	213	158	
171	129	242	
102	72	63	
153	415	211	
57	126	36	
124	296	393	
73	220	49	
153	414	396	
138	96	55	
267	90	99	
27	36	40	
128	154	167	
412	217	123	
216	234	213	
55	123	43	
127	56	142	
118	44	35	
195	193	221	
149	132	228	
37	86	40	
361	310	361	
290	236	211	
228	77	186	
17	15	27	
107	178	131	
61	32	72	
363	147	130	
Most likely scenario
194	166	200	
535	331	209	
22	55	32	
50	49	41	
21	60	53	
400	204	464	
75	110	98	
443	167	368	
525	155	195	
270	246	355	
407	319	443	
357	372	397	
341	150	209	
119	178	80	
285	201	212	
119	138	119	
157	111	188	
23	51	59	
88	274	274	
119	87	114	
106	226	136	
267	259	187	
160	142	203	
526	217	291	
110	151	222	
532	261	329	
387	263	276	
306	216	123	
70	53	56	
150	162	63	
279	260	143	
129	145	160	
249	152	256	
351	436	157	
381	276	127	
83	185	193	
72	47	80	
264	455	463	
108	189	210	
326	326	97	
469	163	121	
302	155	159	
37	84	56	
247	299	397	
162	149	449	
27	37	39	
373	518	209	
150	107	359	
76	124	177	
322	167	355	
174	122	57	
292	440	238	
329	111	256	
257	117	188	
172	127	77	
198	196	580	
64	64	154	
95	287	97	
64	61	51	
99	62	58	
337	388	334	
29	53	71	
408	181	500	
380	353	280	
313	163	155	
97	48	39	
107	73	122	
88	198	190	
147	126	133	
38	35	46	
58	33	62	
180	77	203	
27	80	54	
160	207	287	
225	561	393	
203	268	254	
182	231	153	
122	149	212	
334	371	254	
148	153	94	
155	122	128	
57	46	44	
93	93	33	
70	31	31	
69	29	38	
79	171	163	
129	65	151	
129	70	63	
154	410	104	
302	301	256	
160	239	330	
236	246	448	
127	130	153	
474	433	464	
186	438	424	
128	247	449	
129	165	150	
68	66	53	
177	233	227	
39	31	36	
303	242	139	
454	507	427	
358	104	341	
504	255	340	
416	117	219	
371	230	213	
90	85	59	
266	131	362	
35	31	60	
170	121	222	
573	420	204	
140	125	70	
258	368	319	
619	328	179	
92	52	61	
236	316	276	
232	135	165	
348	122	258	
107	125	114	
427	333	194	
100	188	159	
463	141	229	
160	219	183	
439	200	439	
55	70	95	
181	286	306	
161	250	157	
293	139	226	
422	374	202	
126	131	94	
258	149	300	
46	17	17	
287	142	168	
387	349	177	
199	234	126	
259	477	378	
54	83	91	
211	199	394	
324	325	229	
182	271	194	
148	134	99	
407	286	369	
180	107	178	
59	70	77	
194	575	498	
542	217	510	
379	411	351	
83	107	41	
188	325	550	
279	147	235	
370	156	104	
63	131	53	
79	184	273	
157	184	171	
238	223	263	
181	184	129	
102	285	317	
162	593	387	
176	116	121	
623	546	623	
158	552	216	
80	51	98	
146	163	57	
176	128	281	
51	51	41	
238	167	288	
205	280	250	
317	208	135	
371	208	492	
143	228	80	
206	447	405	
144	210	168	
441	206	241	
278	233	209	
184	189	256	
126	111	126	
293	497	256	
96	209	60	
196	320	417	
83	227	87	
232	495	528	
198	187	101	
279	128	138	
46	41	59	
160	161	211	
435	266	139	
228	310	293	
73	134	48	
182	98	174	
119	63	39	
234	263	285	
184	261	371	
56	94	67	
366	327	390	
297	331	227	
245	146	243	
27	16	33	
124	191	157	
68	60	100	
437	165	138	
The worst scenario
240	169	298	
579	481	239	
27	82	46	
52	63	54	
22	88	76	
421	297	647	
87	137	133	
545	205	405	
685	160	258	
335	344	498	
422	322	613	
429	403	522	
391	160	210	
178	221	83	
411	240	241	
172	142	165	
161	116	235	
28	54	74	
101	304	340	
156	101	162	
145	311	192	
301	384	260	
226	204	214	
561	233	401	
152	206	248	
604	293	416	
399	381	399	
432	308	148	
82	65	70	
207	237	86	
369	299	181	
160	202	203	
268	153	288	
391	504	190	
435	294	129	
103	197	237	
77	70	111	
310	599	668	
113	220	215	
477	460	106	
530	190	122	
375	159	190	
43	89	57	
311	411	502	
176	152	622	
40	50	58	
397	726	298	
177	150	462	
85	164	225	
413	242	411	
227	144	75	
342	449	284	
420	148	339	
261	137	197	
220	178	85	
277	216	847	
89	84	225	
139	423	104	
82	68	71	
136	86	86	
503	571	456	
30	59	104	
532	271	574	
417	378	409	
421	238	223	
100	61	48	
156	90	170	
92	256	209	
204	151	199	
43	44	67	
81	48	64	
254	115	210	
38	86	79	
193	248	374	
315	828	533	
256	332	262	
190	324	156	
144	201	252	
491	388	300	
206	195	127	
208	130	129	
64	49	58	
131	116	37	
78	36	40	
101	36	54	
86	233	170	
139	91	166	
191	90	89	
215	537	147	
347	363	292	
180	330	396	
261	266	468	
171	156	164	
561	455	630	
222	657	523	
175	314	471	
178	177	211	
100	90	64	
184	261	283	
46	34	40	
400	306	182	
477	514	447	
382	153	351	
754	270	495	
578	143	285	
444	234	266	
129	117	68	
333	173	433	
46	43	74	
248	161	256	
655	578	208	
141	175	87	
322	502	383	
847	373	196	
126	58	84	
261	319	304	
323	137	194	
479	159	291	
116	175	144	
522	412	247	
145	249	216	
570	191	340	
213	308	230	
653	222	652	
81	93	134	
240	383	379	
162	263	174	
359	207	307	
564	440	219	
188	163	108	
260	180	436	
56	18	18	
296	151	248	
394	419	254	
253	250	186	
295	664	544	
73	96	112	
298	255	496	
408	447	254	
230	359	240	
216	168	108	
421	343	519	
222	124	193	
82	90	87	
227	657	691	
627	240	595	
391	472	431	
85	108	61	
270	431	650	
344	158	334	
416	160	105	
79	177	63	
94	204	360	
194	273	201	
314	244	288	
230	259	172	
138	309	395	
203	807	514	
256	122	150	
819	603	804	
200	772	311	
112	61	127	
213	187	72	
224	134	412	
67	69	51	
280	170	415	
237	354	352	
446	217	172	
490	275	606	
144	265	113	
213	457	593	
151	236	234	
577	294	302	
293	342	253	
233	210	268	
151	158	134	
371	645	356	
101	290	67	
290	360	480	
115	269	96	
335	545	562	
297	217	122	
282	164	178	
49	57	77	
205	223	225	
519	362	205	
301	455	435	
106	167	57	
230	132	186	
170	73	49	
300	340	292	
276	349	407	
84	131	88	
394	451	564	
433	376	248	
350	185	341	
31	19	41	
147	280	171	
70	85	143	
543	243	194	
