Factories	5	Jobs	100	Machines	3

Total number of component types per job processed by HSPM
12	12	7	10	10	10	12	12	9	7	11	12	7	8	6	7	9	6	12	11	10	8	8	7	11	8	8	6	5	10	8	5	5	8	8	8	8	9	12	8	8	11	10	8	5	6	9	8	7	11	8	9	10	5	5	9	11	7	7	10	11	7	6	7	10	9	9	6	5	6	8	12	11	7	12	5	5	12	11	11	12	10	9	10	7	5	11	9	5	10	5	11	7	8	7	7	10	7	11	12	

Total number of component types per job processed by MFPM
5	2	1	1	5	1	4	5	3	4	3	2	3	2	2	4	1	1	4	5	5	4	2	1	4	3	1	3	1	2	4	2	4	5	3	1	2	1	1	2	4	1	1	3	3	1	1	1	5	3	4	1	5	2	5	4	2	2	5	3	2	3	1	3	5	1	4	5	4	5	5	5	4	2	3	4	3	4	2	2	1	3	3	3	2	4	1	5	5	1	5	1	3	1	3	2	1	5	1	4	1	5	2	3	1	1	4	3	3	4	1	3	2	1	1	4	5	4	3	2	3	4	3	4	5	5	3	5	5	4	3	1	4	5	5	2	1	3	2	3	1	5	4	5	3	2	1	5	5	1	1	1	4	1	4	1	2	4	5	3	1	1	1	1	3	5	2	4	2	2	3	1	1	3	3	3	3	1	5	1	5	5	5	3	1	2	2	1	2	3	5	3	5	3	1	1	4	4	2	2	

All component type numbers for each job to be processed by HSPM
7	61	14	10	15	39	4	49	12	53	3	54	5	63	16	70	11	2	19	25	6	33	1	56	
12	59	3	32	8	16	17	21	5	63	11	54	6	22	14	34	7	40	18	33	16	6	19	68	
19	19	6	73	7	74	15	38	11	14	10	13	12	62	
12	47	11	12	14	9	13	22	19	8	18	18	0	25	5	42	3	60	8	11	
6	21	1	73	14	57	13	19	3	38	18	46	12	30	15	44	10	8	0	2	
4	54	14	47	3	8	7	30	1	65	2	6	5	21	9	1	0	61	12	19	
6	17	2	72	1	46	8	75	14	38	7	9	3	53	0	32	10	73	15	20	12	54	9	74	
14	30	1	55	12	28	0	67	3	53	8	7	17	17	11	39	7	69	16	4	9	54	13	49	
17	45	6	12	8	35	9	51	16	68	19	26	11	9	18	14	4	25	
3	39	17	52	0	64	16	38	5	56	12	32	4	72	
5	70	8	62	0	21	13	45	15	23	9	38	6	18	14	54	4	69	17	63	2	46	
7	34	10	12	17	60	6	46	15	33	1	15	18	63	3	30	4	56	5	19	16	11	14	47	
0	37	5	46	12	75	19	32	4	66	8	50	10	11	
2	3	18	11	13	10	15	40	8	43	16	50	0	16	11	14	
18	64	0	50	11	34	4	67	17	44	15	51	
19	36	9	69	6	72	12	45	10	27	4	14	2	17	
11	66	6	14	10	29	2	5	1	44	13	9	15	41	17	4	19	6	
3	22	11	28	7	53	8	14	19	30	13	21	
13	14	6	8	0	75	11	6	8	20	15	59	5	41	17	10	1	42	12	47	10	63	3	49	
15	56	13	48	3	45	14	19	0	41	2	2	17	64	10	72	18	50	6	52	16	74	
19	39	9	68	18	48	12	20	3	32	10	49	7	19	17	71	2	31	14	50	
4	35	19	36	9	70	0	39	8	7	10	62	7	23	13	5	
18	66	1	24	4	12	8	72	12	75	17	26	0	43	16	58	
15	33	8	48	9	37	3	18	11	11	16	69	18	46	
16	24	9	7	0	68	11	36	14	53	7	29	1	25	15	71	4	57	2	56	17	14	
3	72	0	7	19	52	4	35	7	19	6	20	8	66	15	65	
11	60	10	68	13	51	7	32	14	7	0	74	17	55	2	41	
6	34	11	47	12	30	10	61	16	28	17	56	
10	70	11	66	17	63	8	65	6	22	
19	67	10	65	13	72	14	7	6	70	4	69	5	49	17	10	15	40	18	9	
11	47	6	67	16	70	15	45	7	30	17	69	5	23	1	28	
10	37	6	56	12	68	8	75	18	57	
11	74	8	42	10	1	16	30	5	51	
17	36	3	30	15	1	1	9	4	43	7	2	6	23	11	14	
11	53	1	15	9	30	6	32	19	69	13	48	12	57	4	16	
10	60	0	54	19	72	2	64	11	53	1	75	14	26	18	51	
19	12	0	57	5	72	6	32	11	16	17	44	8	49	9	10	
12	39	8	47	4	48	14	26	19	42	9	31	5	63	7	56	11	72	
1	75	15	13	3	53	18	49	0	51	17	7	6	55	4	44	13	16	19	74	5	66	2	5	
9	15	14	62	4	41	10	21	17	6	3	74	15	14	12	71	
15	27	7	20	17	42	16	41	0	39	5	65	6	40	18	12	
0	2	13	3	17	27	10	41	16	70	5	13	15	33	6	46	18	19	7	68	9	26	
1	73	9	44	15	12	8	67	6	30	2	23	18	64	17	51	16	15	7	50	
17	27	16	75	15	69	7	65	14	15	1	19	18	12	6	47	
14	49	15	13	13	5	17	6	10	45	
9	29	10	32	1	20	7	72	11	31	4	4	
14	11	6	75	1	22	13	38	19	42	3	68	4	66	18	23	12	57	
2	44	0	38	17	64	18	27	10	17	6	20	15	26	7	13	
5	55	13	2	1	65	12	73	14	41	18	24	16	69	
17	55	14	28	15	74	3	48	10	5	7	63	8	45	18	47	12	44	0	23	6	10	
5	72	19	63	12	52	13	1	18	46	7	17	4	16	16	35	
1	59	7	30	16	50	4	42	19	10	6	58	12	6	8	23	14	19	
17	18	8	47	4	20	7	74	18	42	0	33	16	60	14	69	6	10	9	57	
17	60	7	16	18	29	1	75	15	69	
12	35	14	66	19	51	9	8	15	29	
10	9	9	15	0	60	4	59	7	53	5	47	12	33	11	7	13	16	
13	22	18	43	4	45	3	38	1	3	11	12	10	47	16	49	19	59	7	17	2	75	
3	52	2	36	19	4	6	72	17	66	18	58	7	67	
15	16	16	54	0	40	6	26	4	18	8	61	17	29	
9	11	15	35	12	42	3	7	2	67	4	43	17	15	1	25	6	34	8	24	
15	60	5	25	11	40	18	71	19	48	16	57	14	43	0	66	9	8	7	33	13	50	
18	62	19	12	15	27	16	44	1	3	11	71	17	29	
12	70	17	55	13	62	2	45	6	16	8	24	
5	8	4	2	6	54	14	68	16	27	10	52	0	70	
13	7	5	13	1	61	3	45	14	49	0	16	8	67	17	8	15	68	11	47	
7	62	3	13	4	52	9	1	6	24	16	8	19	47	10	64	1	73	
10	60	8	2	9	65	2	12	4	4	6	3	0	53	3	6	17	15	
6	40	19	62	13	67	7	68	15	46	9	7	
11	1	18	71	13	43	8	9	19	6	
5	45	1	55	6	34	16	28	14	1	10	62	
17	38	5	1	7	40	13	31	2	54	16	41	8	64	3	15	
7	53	8	68	5	74	15	43	13	52	11	48	18	72	2	11	0	9	4	37	12	12	10	10	
2	30	5	37	8	67	1	42	14	16	12	40	19	31	16	75	15	72	11	48	18	68	
13	21	19	6	11	51	7	30	10	36	14	17	17	57	
1	23	13	30	12	47	6	45	2	72	15	15	18	62	16	31	14	70	5	37	11	75	3	18	
13	11	1	52	5	20	6	54	11	15	
2	36	18	17	16	72	14	67	6	22	
10	59	5	9	11	65	0	14	16	4	8	31	2	44	17	72	4	30	19	6	12	41	1	74	
17	2	9	33	13	52	15	57	11	23	7	9	10	54	3	22	8	36	6	1	14	13	
18	21	13	62	19	15	14	11	15	75	9	41	11	6	4	65	17	14	1	8	3	68	
8	5	3	65	9	51	2	39	10	48	18	28	14	40	7	55	19	31	17	1	0	63	16	45	
4	11	16	58	5	15	13	1	11	10	19	68	1	53	15	66	12	14	14	43	
19	63	11	12	13	2	0	3	6	55	2	43	3	35	16	67	5	27	
2	53	13	73	17	13	3	36	5	30	8	50	11	67	14	24	6	45	18	42	
6	58	17	32	15	22	11	56	10	49	2	64	14	17	
13	35	17	48	18	54	1	71	10	74	
9	22	3	47	10	20	5	54	15	59	19	71	4	43	13	57	18	19	11	25	1	30	
10	72	13	48	2	45	5	12	9	54	17	17	6	75	8	20	7	15	
18	23	5	75	17	55	0	68	2	2	
5	54	12	34	1	13	18	73	11	75	4	43	16	29	15	38	9	35	0	42	
1	50	16	63	17	64	5	19	7	65	
12	74	13	72	5	49	1	68	6	43	15	55	14	21	16	37	8	10	3	54	19	14	
14	33	0	74	3	7	13	14	15	5	4	8	19	3	
6	22	18	40	12	64	7	44	2	66	14	28	4	11	13	41	
2	44	5	53	12	57	9	68	13	55	3	64	7	36	
7	4	16	32	9	60	5	22	15	9	6	59	18	56	
10	9	17	69	8	48	11	11	2	29	13	49	0	44	15	53	14	24	9	31	
16	29	11	35	18	11	3	50	9	59	2	19	4	66	
4	36	18	43	13	25	0	23	15	18	16	19	17	21	10	20	2	45	7	16	8	4	
5	41	18	34	15	60	19	49	14	48	0	15	4	4	13	50	6	39	7	61	10	23	8	63	

All component type numbers for each job to be processed by MFPM
2	8	0	9	1	16	8	19	4	3	
2	48	3	34	
1	14	
9	49	
4	24	6	19	1	21	0	16	9	12	
8	27	
1	19	5	9	4	5	9	14	
3	26	9	32	6	49	0	39	7	44	
6	25	3	12	8	9	
4	48	1	34	3	26	2	30	
2	10	0	13	9	7	
4	28	1	49	
9	10	8	6	5	8	
5	29	3	34	
6	20	0	7	
4	40	7	50	2	28	3	32	
5	18	
1	49	
1	20	2	11	3	5	7	1	
8	35	2	27	1	48	4	39	9	34	
9	1	6	10	0	3	8	4	5	21	
4	28	8	49	0	30	7	38	
4	21	1	9	
3	31	
8	4	1	13	2	22	6	19	
1	29	5	33	7	36	
6	4	
1	40	6	31	5	36	
0	16	
2	45	8	40	
4	13	5	20	8	17	2	10	
8	41	1	29	
0	19	2	12	4	10	7	23	
7	43	2	49	5	41	3	39	1	47	
1	4	7	17	3	5	
9	50	
0	10	9	20	
0	41	
5	24	
0	44	1	29	
1	23	4	12	7	20	3	4	
0	47	
7	5	
3	44	7	42	4	36	
0	7	1	24	9	2	
8	31	
4	9	
1	26	
8	23	7	14	9	5	3	3	0	22	
2	48	6	31	0	33	
5	1	4	23	7	24	6	5	
3	46	
4	24	0	1	1	11	6	22	2	23	
7	44	4	38	
0	7	7	11	8	1	2	8	1	10	
2	28	8	42	0	50	9	34	
4	17	1	9	
5	49	4	35	
7	5	4	23	9	15	3	3	0	10	
9	26	6	37	3	47	
4	14	0	12	
6	42	9	46	3	33	
2	14	
2	41	3	43	6	47	
4	12	9	1	2	9	0	20	5	25	
5	28	
7	16	8	7	0	21	1	24	
9	40	2	37	0	29	5	30	6	41	
7	13	0	5	6	16	9	7	
6	26	5	37	0	39	2	28	3	30	
0	5	7	4	1	1	4	11	9	17	
5	37	7	42	2	36	0	39	9	47	
6	24	1	20	2	23	4	16	
2	31	7	34	
6	1	9	21	7	13	
9	50	4	41	2	47	6	39	
5	21	3	19	0	15	
8	28	7	35	6	36	1	26	
4	9	9	25	
0	49	1	30	
8	23	
3	39	1	37	6	42	
7	10	5	7	8	6	
3	44	9	29	8	50	
6	23	7	1	
5	50	1	43	6	40	3	46	
2	18	
0	34	5	37	2	33	1	32	3	44	
7	22	1	21	5	2	2	6	4	17	
7	43	
6	23	0	3	7	13	4	14	1	20	
0	31	
5	5	4	1	7	23	
3	47	
1	25	6	20	7	19	
9	50	2	48	
9	22	
6	44	7	48	8	37	1	45	3	35	
6	4	
1	27	2	35	9	40	5	33	
5	19	
4	33	3	31	7	44	1	26	8	37	
3	14	9	16	
5	46	8	33	7	48	
9	19	
5	43	
8	14	5	1	1	12	0	18	
3	41	4	49	5	31	
3	17	2	13	9	12	
8	40	5	42	7	47	1	35	
1	24	
5	34	1	38	6	33	
3	19	6	20	
1	29	
3	15	
1	30	7	41	9	47	2	37	
7	1	6	15	1	19	9	6	8	5	
5	40	7	37	0	34	6	49	
1	11	0	5	7	8	
5	26	4	31	
3	11	7	16	4	12	
8	38	6	49	4	44	0	36	
6	20	3	8	4	9	
9	27	6	41	4	30	8	50	
3	1	2	25	1	23	5	13	7	4	
3	31	0	28	7	45	5	29	9	40	
8	18	1	8	7	2	
6	35	0	30	9	42	4	38	1	43	
2	5	5	18	9	9	4	2	7	6	
2	39	7	47	0	44	5	49	
6	1	1	9	5	24	
8	26	
6	14	3	19	5	3	8	13	
0	46	3	28	9	38	5	37	7	43	
9	5	2	20	6	23	3	22	5	1	
9	29	3	27	
1	24	
8	31	6	48	1	33	
9	12	8	2	
5	49	9	26	6	27	
0	7	
0	47	9	46	7	40	3	27	5	48	
5	15	4	4	0	19	7	2	
0	30	1	50	9	37	4	42	5	27	
0	11	7	24	1	23	
1	34	9	38	
7	21	
8	47	0	28	7	26	1	41	5	48	
9	25	1	22	7	10	6	3	4	17	
3	30	
8	6	
1	50	
9	3	8	15	3	11	4	22	
7	30	
9	19	4	7	0	17	7	8	
3	38	
2	6	5	4	
2	36	9	40	3	46	8	32	
9	17	2	24	0	20	8	10	3	18	
8	35	4	38	7	40	
2	25	
4	39	
3	20	
0	32	
8	6	4	2	6	11	
6	39	4	43	1	30	2	47	5	36	
2	15	6	20	
6	39	1	46	5	28	3	42	
0	22	7	23	
2	34	4	27	
5	10	0	15	9	7	
4	38	
1	1	
7	31	2	44	1	45	
8	20	0	18	5	12	
3	35	8	34	1	47	
5	7	6	14	2	4	
9	39	
6	23	4	13	5	6	7	24	8	25	
4	28	
0	22	4	3	9	10	3	2	2	16	
4	41	6	33	5	50	9	45	8	31	
4	11	7	12	9	10	2	20	5	7	
3	41	5	50	7	33	
2	2	
0	40	5	33	
6	12	5	2	
8	45	
9	9	5	7	
8	40	0	43	7	38	
7	17	6	21	1	11	5	24	4	7	
5	42	9	47	1	40	
3	6	9	19	4	7	0	14	7	23	
9	46	3	37	5	44	
1	17	
7	31	
9	21	6	11	7	10	4	25	
6	26	9	28	8	36	1	43	
9	25	6	12	
4	30	6	39	

Three processing times per job on each machine
The best scenario
291	180	303	
342	256	151	
50	108	118	
343	119	363	
221	336	266	
100	61	40	
41	23	33	
105	125	376	
147	217	139	
132	80	47	
60	148	64	
115	223	185	
299	292	176	
63	63	191	
113	92	49	
263	179	88	
51	59	142	
90	26	71	
258	298	308	
349	340	251	
146	383	398	
131	104	199	
43	23	67	
194	134	294	
85	54	88	
232	321	144	
65	29	34	
22	42	16	
62	97	71	
260	185	364	
249	129	203	
231	135	369	
133	141	116	
90	90	186	
114	52	57	
322	124	400	
65	28	27	
346	150	390	
119	73	105	
339	139	173	
274	215	271	
94	75	126	
219	193	93	
88	290	216	
60	108	92	
113	86	77	
19	11	45	
228	160	214	
37	80	33	
52	177	44	
165	395	231	
148	82	134	
376	174	221	
323	222	113	
203	121	157	
103	36	40	
43	12	19	
44	56	54	
273	198	248	
118	86	71	
161	141	121	
60	84	72	
307	282	340	
194	177	152	
104	221	80	
90	64	93	
159	135	299	
250	124	328	
87	105	104	
409	346	351	
36	65	43	
12	45	16	
120	152	213	
144	125	128	
111	367	187	
60	78	23	
79	175	208	
320	388	271	
238	182	169	
496	183	292	
142	30	51	
124	111	93	
24	71	103	
112	245	119	
256	91	335	
81	164	230	
345	412	192	
13	21	39	
67	39	103	
86	253	339	
233	162	78	
388	253	109	
257	283	115	
138	413	69	
193	143	305	
100	205	285	
173	57	121	
55	27	33	
103	161	209	
63	267	249	
Most likely scenario
461	250	385	
504	500	244	
59	150	137	
393	208	429	
243	428	429	
116	68	53	
43	26	50	
150	187	379	
208	232	173	
138	101	85	
99	200	94	
222	274	209	
369	325	254	
124	119	329	
114	145	86	
292	272	145	
71	81	158	
107	35	126	
395	402	319	
375	354	258	
162	487	430	
242	182	381	
44	44	93	
222	143	304	
103	72	100	
260	344	194	
118	43	46	
24	61	19	
68	98	127	
331	370	386	
345	196	389	
288	146	471	
258	254	119	
132	107	221	
120	72	63	
508	197	483	
77	54	48	
417	271	396	
165	112	187	
445	205	202	
408	224	380	
123	110	249	
273	317	143	
123	396	367	
86	114	162	
209	122	147	
20	15	47	
326	227	222	
50	104	37	
74	201	65	
258	396	352	
193	152	197	
427	295	358	
331	285	211	
284	193	216	
114	42	46	
46	16	22	
70	67	87	
281	311	381	
170	122	130	
274	226	217	
106	145	98	
518	297	462	
249	219	180	
111	268	106	
102	121	171	
226	268	323	
330	176	528	
89	200	194	
433	516	542	
38	119	68	
20	47	28	
123	174	253	
177	182	177	
175	382	306	
105	92	41	
117	262	348	
501	520	469	
329	288	196	
542	211	341	
145	53	69	
219	194	166	
40	74	161	
170	327	130	
446	120	390	
103	300	261	
383	433	336	
17	32	43	
114	64	107	
150	309	505	
234	174	92	
470	261	136	
349	318	160	
216	428	137	
351	251	317	
118	351	313	
273	96	231	
58	42	59	
157	292	234	
102	325	278	
The worst scenario
526	301	559	
755	562	254	
65	214	168	
563	288	584	
307	493	638	
166	91	75	
44	32	73	
193	228	494	
249	299	201	
186	136	93	
124	216	105	
268	385	297	
406	443	363	
141	148	489	
147	181	119	
370	403	156	
85	109	192	
137	37	148	
531	499	440	
389	440	370	
238	506	604	
340	261	465	
58	58	96	
261	207	374	
138	108	147	
311	411	273	
134	61	61	
26	76	23	
80	141	176	
449	475	494	
394	207	402	
289	182	701	
344	371	154	
184	150	232	
177	96	83	
570	212	678	
81	65	54	
490	377	513	
176	150	238	
470	295	282	
575	271	394	
149	119	347	
375	335	195	
168	504	384	
112	127	230	
238	130	192	
24	21	67	
343	271	283	
52	156	40	
82	228	69	
327	429	458	
212	200	255	
537	427	390	
400	332	308	
327	249	286	
169	53	61	
52	22	25	
75	88	110	
368	394	393	
189	168	194	
311	314	279	
151	192	137	
742	344	464	
346	257	195	
134	297	157	
123	123	230	
315	325	428	
430	219	582	
97	249	198	
465	622	799	
42	146	102	
25	63	37	
152	209	357	
180	268	224	
251	520	398	
136	122	42	
151	276	463	
544	758	679	
440	427	199	
752	233	487	
201	68	99	
243	273	197	
47	105	213	
218	338	185	
523	133	460	
146	447	315	
564	634	399	
25	35	54	
165	69	141	
161	329	624	
301	187	97	
577	344	139	
406	352	233	
280	429	161	
486	277	441	
137	499	316	
324	108	301	
81	60	65	
201	336	334	
112	348	354	
