Factories	6	Jobs	200	Machines	2

Total number of component types per job processed by HSPM
6	9	11	6	11	12	7	6	8	9	12	6	12	9	10	6	11	6	12	7	12	7	9	6	7	8	9	9	6	9	10	8	12	5	9	6	12	6	12	7	11	6	7	12	8	9	5	5	11	10	10	7	12	12	7	6	5	10	6	12	11	8	6	11	8	11	9	7	5	6	12	8	7	7	6	7	7	10	5	6	6	5	6	5	8	11	11	10	9	12	10	8	5	12	11	12	12	11	10	12	7	6	6	8	12	5	9	6	8	12	10	9	5	5	7	9	9	5	6	9	9	6	6	5	6	6	9	10	8	6	5	11	8	5	12	8	10	6	8	10	11	7	11	5	7	11	6	5	6	11	8	12	7	8	10	10	6	5	8	6	11	10	10	12	11	11	12	8	10	11	11	10	8	11	9	11	12	8	11	6	7	12	9	10	11	11	5	7	11	8	8	7	12	9	9	8	5	9	7	7	

Total number of component types per job processed by MFPM
1	2	3	4	2	1	4	1	5	1	2	3	1	3	3	4	4	3	4	1	2	2	3	5	2	3	5	4	5	1	5	1	2	4	4	4	5	5	2	4	1	2	4	1	3	1	2	4	4	1	3	1	3	1	1	2	4	2	1	1	1	4	1	1	2	5	1	1	5	1	4	1	1	2	4	2	4	2	5	4	2	1	4	4	5	4	5	5	2	5	3	3	4	4	2	2	4	2	4	4	4	5	2	3	5	3	1	2	3	3	3	1	2	2	5	3	1	2	1	4	2	5	3	5	1	4	5	4	1	1	4	4	3	4	5	3	3	4	5	3	2	3	5	1	2	3	3	5	5	3	2	2	2	4	2	4	1	1	1	5	1	3	4	2	1	2	1	4	2	4	3	4	3	2	3	4	4	4	2	1	3	2	4	5	3	5	4	3	1	2	2	5	5	2	3	5	5	4	3	2	

All component type numbers for each job to be processed by HSPM
9	65	16	4	2	52	6	13	11	48	18	34	
4	57	13	40	15	43	2	29	19	14	3	64	0	24	5	41	1	70	
3	60	8	74	5	66	10	44	11	6	1	24	14	42	13	46	9	1	7	29	4	72	
15	15	9	70	6	55	14	44	11	21	1	39	
9	41	8	44	1	45	14	58	11	47	17	27	0	62	13	51	2	1	19	13	15	68	
11	47	0	51	8	56	3	59	16	31	4	5	19	71	6	46	7	33	12	72	18	37	10	57	
4	70	1	14	19	46	13	28	0	63	17	6	11	69	
10	39	12	34	0	58	14	75	18	66	19	60	
18	46	17	35	2	25	11	39	16	32	13	5	4	8	1	18	
6	72	10	24	14	29	17	12	11	38	8	57	19	4	0	74	15	11	
16	43	17	13	15	3	1	45	6	70	9	16	12	46	10	57	0	31	3	22	2	14	7	44	
8	67	6	9	17	75	0	2	11	7	1	72	
18	15	2	38	3	58	17	34	0	54	14	40	5	37	8	42	12	14	9	33	7	29	11	68	
8	24	2	56	6	64	4	69	13	60	16	3	14	28	15	12	18	29	
4	13	2	2	7	42	18	56	12	41	19	64	1	39	5	35	17	18	15	62	
4	58	8	57	3	4	6	17	17	19	5	15	
16	14	18	23	7	12	13	19	6	26	8	24	3	37	14	42	11	13	10	6	0	60	
16	75	3	44	18	67	4	55	10	63	15	31	
11	57	18	64	10	48	2	19	16	9	6	2	14	15	17	21	9	38	12	50	1	23	13	41	
10	26	18	29	7	43	15	65	3	67	11	30	16	18	
12	24	18	60	14	57	1	5	11	4	15	48	3	34	10	64	6	52	16	26	13	11	9	41	
1	47	7	36	9	74	16	55	13	69	18	29	8	27	
19	74	0	66	7	62	9	47	5	51	10	12	8	24	2	17	13	49	
7	20	18	44	15	49	0	64	17	67	16	71	
3	54	2	13	17	56	6	20	18	39	0	61	10	27	
8	12	13	44	17	8	19	7	0	30	9	24	15	4	16	3	
13	4	12	28	0	23	7	35	18	26	3	31	11	32	10	65	6	70	
5	25	17	11	19	22	9	41	18	60	2	28	0	18	12	51	15	55	
12	75	10	56	9	2	8	37	5	41	0	18	
2	58	6	26	19	3	8	39	12	57	16	8	17	45	1	13	10	62	
18	5	11	68	2	53	4	54	3	33	13	52	19	13	0	42	8	62	5	26	
11	34	14	59	5	56	15	42	10	10	0	50	13	18	17	33	
8	67	9	60	4	71	1	30	6	19	13	75	17	9	19	29	7	64	11	48	0	14	10	53	
17	8	2	56	3	45	4	20	11	28	
2	68	13	40	6	56	0	10	4	26	5	54	1	15	3	38	12	58	
14	74	2	52	6	20	18	25	11	6	3	39	
5	73	11	50	8	48	14	35	4	10	19	52	18	69	3	57	2	49	1	23	17	3	13	1	
12	14	5	26	10	50	19	73	3	38	14	67	
10	42	0	21	11	38	17	15	2	63	4	2	1	26	9	1	5	55	19	5	7	16	6	18	
12	20	7	26	8	16	1	39	0	23	10	60	17	72	
16	49	11	12	10	59	8	57	9	7	18	4	1	67	0	52	6	13	13	17	15	32	
15	38	11	72	4	11	0	19	16	73	14	22	
6	52	16	58	10	32	19	57	15	74	8	12	14	18	
15	51	17	17	3	57	1	26	13	30	18	8	14	32	11	72	8	25	4	55	0	68	6	64	
19	30	9	60	5	27	16	67	14	3	18	50	3	53	4	25	
14	34	1	22	2	1	19	33	3	66	4	30	16	15	10	17	8	41	
12	73	10	6	1	57	11	25	5	3	
1	38	14	65	13	74	17	72	3	29	
6	20	7	74	11	43	19	19	14	35	5	8	3	55	8	13	4	16	2	62	9	59	
10	66	18	15	15	47	11	69	5	35	17	2	9	7	16	57	4	13	6	28	
11	69	7	7	12	42	17	1	9	18	14	9	15	2	10	45	8	26	3	47	
3	13	17	67	8	55	13	47	18	53	9	30	11	75	
9	73	12	22	18	19	8	9	16	26	19	40	6	23	2	15	3	42	17	44	10	68	0	24	
4	18	7	7	16	59	2	44	1	62	6	26	17	17	3	38	9	74	11	50	12	3	8	32	
5	4	1	1	9	7	0	61	7	53	2	57	13	70	
6	10	10	14	4	29	19	27	7	69	13	15	
2	46	18	73	13	26	5	39	4	5	
19	42	10	23	5	15	3	1	16	66	7	29	15	67	18	27	8	22	1	68	
16	12	17	17	6	39	14	36	1	7	10	74	
15	33	13	64	4	48	7	31	3	51	6	4	18	45	14	5	11	3	17	21	1	35	9	55	
17	72	10	69	19	62	3	9	18	1	2	39	0	37	7	75	9	16	12	24	6	64	
8	58	11	51	3	35	2	74	0	73	6	17	4	39	1	59	
3	12	17	35	2	73	6	1	4	54	8	40	
18	52	13	67	4	28	6	1	12	9	8	55	17	6	15	73	2	23	9	71	14	14	
13	74	1	49	14	22	4	8	0	67	9	30	2	32	11	34	
12	72	19	41	5	49	6	17	2	44	0	67	11	51	13	30	9	10	7	11	18	12	
7	31	16	61	11	3	1	69	3	50	17	55	4	56	10	20	13	59	
9	28	14	5	17	10	4	61	3	35	18	22	8	29	
15	5	2	20	7	68	14	45	19	70	
19	44	11	23	9	56	10	69	7	38	6	15	
17	4	9	28	2	64	16	69	19	48	7	71	13	18	0	65	10	17	3	19	12	70	15	30	
1	12	3	61	15	27	16	40	9	33	10	38	18	53	13	66	
4	61	7	57	11	39	17	59	18	64	0	14	3	49	
10	42	5	20	1	41	9	62	19	70	15	21	11	30	
6	23	14	30	17	51	13	49	10	20	0	5	
1	35	13	75	16	23	7	62	17	55	10	67	12	14	
18	47	6	9	14	32	17	69	2	52	5	20	12	65	
1	51	12	74	10	47	19	12	17	1	13	41	9	7	11	32	0	45	3	53	
10	69	8	22	11	67	6	53	14	16	
11	34	10	22	18	65	13	12	9	56	6	47	
18	46	2	13	12	75	7	18	5	57	8	49	
17	40	12	44	15	75	2	28	16	57	
3	23	15	8	7	68	4	59	10	43	0	33	
6	41	8	52	9	69	15	10	11	50	
12	27	16	39	11	3	14	34	9	14	1	58	5	4	7	9	
17	8	19	25	1	6	16	19	15	73	14	57	9	66	0	31	6	15	12	23	2	33	
17	65	6	38	3	45	7	47	4	48	10	63	11	14	18	44	14	23	16	64	1	37	
15	49	0	66	9	61	14	16	3	10	5	38	8	72	7	37	16	48	12	68	
8	63	12	33	5	62	9	71	3	7	13	57	6	37	7	19	18	55	
3	27	11	65	5	23	9	70	19	8	1	11	4	22	15	51	7	1	18	57	2	47	12	38	
13	18	11	52	10	51	2	71	18	37	12	42	17	69	19	13	5	63	14	43	
11	53	2	75	4	46	5	19	12	31	0	40	9	21	16	28	
1	12	16	21	2	5	13	66	15	9	
15	65	18	49	14	24	5	2	7	3	11	58	8	27	10	1	12	70	4	25	1	39	3	45	
13	58	5	26	9	21	10	38	14	35	6	29	8	4	11	39	4	72	17	12	3	61	
19	56	7	24	0	66	18	30	2	5	9	71	15	19	11	36	4	12	14	60	12	17	10	11	
14	1	3	15	8	10	19	48	10	34	2	62	13	7	6	64	16	19	11	61	15	11	5	21	
8	45	3	15	0	5	13	11	10	34	14	7	16	19	11	10	7	41	19	38	4	71	
16	21	17	15	5	29	2	6	11	56	1	14	3	23	0	65	12	71	13	26	
0	14	6	65	5	2	10	47	19	33	18	3	13	46	12	1	7	20	15	26	16	30	8	55	
4	16	9	23	5	53	12	29	8	74	1	57	10	47	
7	24	4	38	8	15	12	13	16	18	19	36	
1	9	0	5	7	18	18	3	9	48	10	69	
15	74	12	7	8	25	0	6	5	73	1	46	13	39	4	53	
0	58	5	4	9	33	6	27	2	75	14	68	18	18	13	67	10	15	19	38	7	39	8	25	
13	28	1	74	6	36	17	68	7	49	
10	55	2	52	19	13	12	5	13	74	5	45	3	22	4	61	7	66	
2	67	10	36	8	42	11	28	12	47	14	41	
15	54	2	11	4	39	7	25	12	24	14	33	11	15	6	6	
2	23	15	48	3	11	17	29	13	19	6	74	19	7	0	67	5	55	4	69	10	15	16	33	
11	39	8	7	3	14	12	26	5	65	16	32	10	24	2	29	13	5	17	57	
4	68	11	7	8	39	13	50	7	75	9	22	16	10	6	20	14	54	
12	15	11	1	17	43	9	69	15	48	
17	56	11	48	2	24	19	3	4	12	
0	63	11	47	13	39	18	20	19	43	5	37	12	72	
7	15	8	51	2	71	12	22	15	9	17	64	4	27	1	1	14	65	
19	71	2	12	17	60	13	14	15	43	14	36	10	19	9	52	11	59	
3	36	8	71	12	13	14	56	13	6	
4	53	14	40	7	35	13	2	0	6	10	59	
4	42	11	30	9	48	5	16	17	45	8	61	14	54	10	31	13	57	
4	33	1	30	8	19	11	31	0	13	15	24	2	40	10	61	17	71	
2	43	15	55	11	13	3	50	10	33	16	75	
18	1	13	65	6	46	5	55	3	34	8	48	
17	65	15	64	6	38	1	56	5	70	
6	60	9	62	13	71	12	59	18	37	5	46	
6	34	19	72	14	50	9	65	4	38	13	39	
8	23	4	29	3	9	12	1	9	43	11	72	14	32	16	37	15	17	
13	62	19	63	7	29	2	21	9	7	12	18	15	71	10	38	4	3	17	15	
0	58	11	73	19	70	8	65	2	48	14	32	4	62	10	36	
17	2	19	69	4	57	15	23	16	74	13	70	
2	24	14	49	1	23	3	41	15	47	
10	58	3	41	16	54	8	11	11	19	19	21	1	26	13	55	7	74	5	67	14	50	
4	67	0	17	3	11	15	12	14	68	16	25	2	74	7	66	
3	72	1	71	14	43	10	53	2	36	
8	56	11	1	7	20	14	39	18	50	1	65	10	15	16	54	4	64	13	49	12	55	0	63	
18	23	3	74	13	31	19	67	12	6	15	2	11	26	4	24	
0	16	6	51	10	63	13	55	19	73	9	69	16	74	15	71	1	54	12	17	
14	46	16	42	5	29	2	18	15	7	12	37	
0	9	16	47	18	64	5	3	1	59	2	46	11	65	15	4	
18	37	13	10	1	55	16	32	10	7	2	57	15	61	12	65	4	48	8	27	
13	73	5	24	8	48	4	29	15	64	2	28	16	17	1	60	14	74	0	71	6	34	
15	66	13	11	2	20	10	28	8	37	17	13	7	65	
18	3	15	44	3	46	10	68	13	53	0	60	14	15	9	56	6	27	1	11	7	57	
16	25	18	2	10	32	19	57	14	72	
10	9	13	17	8	24	4	26	17	23	6	67	12	21	
16	31	12	74	14	29	19	34	2	20	4	71	0	68	11	58	18	36	7	45	5	2	
19	39	11	43	17	40	0	63	18	20	3	53	
18	58	15	72	1	62	7	71	17	14	
18	53	4	59	5	17	8	9	14	18	16	26	
10	22	15	40	5	4	6	50	7	71	8	32	14	51	9	20	11	49	2	69	1	53	
1	15	18	43	0	24	11	37	4	52	9	69	17	7	16	48	
9	25	17	74	15	60	3	4	2	10	5	41	7	49	6	64	18	35	13	51	10	47	14	61	
16	33	2	41	4	38	5	51	6	10	8	50	14	60	
11	50	2	43	14	21	8	69	4	20	9	35	6	71	0	1	
19	53	18	22	11	25	4	60	2	72	13	59	14	28	6	55	5	19	8	12	
11	44	2	6	19	16	18	15	8	5	3	71	15	3	12	25	5	21	0	50	
9	31	0	46	3	73	8	25	11	67	18	58	
2	17	0	47	6	15	4	58	9	48	
6	60	16	14	15	38	5	56	3	51	8	52	13	24	9	44	
16	24	3	65	8	34	11	25	14	29	6	1	
15	25	9	11	16	8	18	20	1	31	17	65	10	2	11	45	8	57	13	6	19	71	
11	70	2	2	4	48	3	66	8	21	1	53	7	11	17	18	14	45	19	52	
3	75	12	24	19	54	14	70	15	20	17	66	13	67	18	21	7	31	9	15	
11	64	8	29	19	38	4	14	9	20	10	68	16	72	13	1	12	5	2	8	3	27	18	53	
4	38	13	23	10	30	6	34	15	75	8	64	9	60	17	72	16	62	5	68	19	8	
8	27	18	32	7	9	9	54	15	45	6	3	1	6	10	31	14	72	17	2	5	28	
2	6	0	28	4	40	10	74	3	58	19	70	9	4	13	39	6	66	16	5	17	8	8	64	
10	26	6	60	16	43	19	62	12	30	15	57	17	35	2	1	
3	46	15	45	5	47	9	15	6	33	11	55	8	1	4	34	1	41	0	12	
7	61	15	38	6	29	1	71	3	40	8	70	14	51	11	62	0	6	4	72	10	41	
15	66	5	64	2	45	4	54	6	55	7	65	14	24	1	33	17	70	16	27	3	34	
10	54	3	48	13	55	9	18	7	37	1	66	12	38	15	28	17	9	18	11	
8	4	4	32	12	12	16	69	9	65	19	14	10	8	0	16	
11	42	7	10	8	31	12	69	5	70	9	66	15	33	0	29	1	2	2	38	4	23	
1	38	19	40	0	10	8	70	4	3	11	26	15	47	5	12	3	67	
15	43	10	38	18	26	11	4	3	44	9	23	0	57	6	34	19	30	1	48	2	47	
17	7	19	32	8	48	6	18	5	31	9	57	3	69	4	6	15	23	12	54	11	1	1	35	
10	68	9	4	3	56	18	61	15	72	5	7	6	53	12	3	
11	74	19	19	9	18	16	73	4	13	6	64	15	65	7	59	18	41	17	49	2	72	
13	29	8	63	6	36	16	39	18	71	9	62	
15	71	8	48	19	42	4	30	5	25	12	61	10	20	
12	30	16	4	13	58	8	37	10	71	19	38	9	25	1	62	4	50	15	13	11	5	17	16	
8	20	0	38	12	4	11	18	3	48	16	17	4	14	17	31	1	68	
5	56	16	18	1	22	19	48	6	10	10	67	7	73	0	3	4	34	11	19	
1	37	13	2	5	36	6	12	9	48	0	50	3	39	4	35	19	66	12	1	15	43	
3	48	1	62	6	12	19	66	12	67	0	42	13	16	11	41	16	71	14	36	15	22	
16	50	2	29	7	39	14	2	6	10	
7	38	15	6	0	56	10	63	13	40	8	8	6	53	
10	5	19	55	8	29	2	1	5	67	0	42	1	7	15	19	6	59	17	39	18	74	
0	42	16	28	12	3	9	61	2	73	5	20	4	59	14	16	
12	54	0	66	8	24	1	5	18	21	16	9	10	6	3	32	
17	65	16	30	9	52	0	16	18	7	6	19	14	51	
10	64	18	61	11	51	5	15	4	39	19	57	9	16	7	59	12	68	15	31	13	66	8	18	
8	29	14	65	1	66	5	60	10	49	2	64	7	35	9	70	4	75	
9	14	6	58	5	19	12	35	2	73	15	40	13	7	4	56	17	47	
17	66	12	60	4	48	16	2	19	23	18	24	6	6	11	38	
4	6	13	36	8	71	10	59	3	11	
11	6	8	10	17	43	0	50	1	65	2	8	12	1	13	57	4	21	
15	51	13	48	1	66	8	45	11	74	12	37	3	42	
4	26	12	29	14	4	11	66	3	75	1	43	10	41	

All component type numbers for each job to be processed by MFPM
0	13	
6	21	5	8	
9	21	8	10	6	14	
7	18	8	23	1	20	2	2	
0	12	5	23	
3	25	
2	11	4	21	9	2	7	12	
7	1	
9	13	6	11	5	9	0	22	3	21	
5	16	
6	4	7	12	
1	10	7	18	6	13	
3	18	
1	5	7	8	0	11	
8	18	7	7	9	15	
5	24	2	11	7	14	9	22	
5	6	7	11	1	15	3	22	
5	24	8	20	2	1	
0	24	7	12	5	25	8	20	
1	23	
9	16	8	11	
7	20	1	21	
1	23	4	19	8	8	
9	22	0	7	4	8	7	25	8	3	
4	15	8	16	
7	22	3	9	1	2	
8	4	7	12	9	23	1	10	4	13	
3	7	1	9	7	1	4	21	
6	13	4	14	1	11	7	12	0	7	
8	20	
7	4	9	18	6	8	2	23	0	11	
3	12	
5	11	9	4	
4	2	7	13	3	4	0	18	
5	17	8	1	9	13	4	20	
5	9	6	21	1	8	4	1	
8	4	6	10	4	6	2	9	7	7	
1	12	7	14	4	19	0	6	3	21	
0	9	2	23	
4	3	3	24	6	1	7	14	
0	14	
9	24	1	4	
7	3	1	11	2	10	6	22	
8	18	
1	22	5	17	9	25	
6	18	
2	19	8	8	
9	4	8	2	1	8	2	7	
5	2	0	11	9	5	8	18	
4	14	
7	14	5	20	8	1	
1	6	
2	20	7	8	8	4	
9	21	
7	10	
1	16	5	14	
9	16	8	15	7	20	1	9	
0	5	3	13	
0	17	
7	1	
8	9	
9	22	4	3	5	2	3	20	
9	4	
8	25	
3	25	9	9	
2	17	4	24	6	20	0	3	8	25	
3	15	
2	20	
5	16	7	7	9	9	1	22	6	13	
7	14	
6	3	9	9	8	12	5	22	
5	20	
5	19	
2	14	8	12	
2	10	9	8	8	25	0	13	
9	19	5	3	
5	3	1	25	4	1	2	17	
2	2	6	14	
0	17	3	10	7	22	2	3	1	16	
9	14	7	11	4	25	6	7	
2	21	1	14	
6	10	
3	16	7	9	5	13	1	15	
8	21	5	8	3	16	6	12	
4	24	1	16	2	18	7	10	5	7	
6	24	8	12	4	19	5	13	
1	17	8	20	4	7	0	21	5	15	
7	18	6	14	3	11	8	4	0	8	
1	22	7	12	
5	10	7	6	8	21	2	7	9	15	
7	9	6	4	5	19	
2	15	1	10	4	3	
2	16	4	10	0	19	5	15	
7	17	3	2	6	20	8	7	
3	15	5	20	
6	13	9	8	
4	18	8	8	1	14	6	19	
1	4	3	3	
0	12	2	10	6	2	5	7	
4	6	0	17	9	23	2	10	
7	1	8	18	2	13	6	12	
0	4	6	2	8	15	4	1	3	23	
1	9	7	6	
7	1	6	23	3	15	
7	3	3	12	2	21	8	8	4	24	
2	18	0	12	3	5	
7	16	
0	7	3	25	
5	13	7	6	8	21	
4	7	1	11	0	4	
8	18	4	6	3	9	
5	12	
1	2	0	10	
3	21	1	2	
6	2	8	13	3	18	9	21	7	19	
4	24	3	2	1	18	
4	25	
5	1	8	16	
8	5	
7	21	5	16	1	2	3	11	
0	25	3	14	
5	10	9	18	1	2	6	17	4	21	
4	15	1	4	2	7	
2	13	5	7	8	15	0	19	6	6	
4	9	
6	20	0	22	4	9	3	10	
3	12	7	7	1	19	9	4	0	17	
9	25	4	20	6	9	0	2	
6	21	
4	23	
0	21	9	20	6	18	4	2	
6	14	2	15	5	22	4	6	
7	19	3	24	8	1	
8	4	0	6	3	8	1	13	
8	17	1	6	2	2	0	10	3	18	
9	11	5	13	6	6	
9	9	3	6	5	13	
7	18	5	22	2	3	8	9	
4	11	5	14	1	1	9	10	7	17	
1	3	7	16	5	5	
4	2	5	6	
0	14	3	21	7	9	
8	1	7	24	2	3	3	25	6	14	
4	16	
0	7	6	8	
9	1	7	5	4	25	
9	20	7	15	4	13	
7	17	6	25	5	16	9	2	1	18	
2	25	1	11	8	4	0	15	7	24	
9	13	7	3	3	10	
2	20	8	21	
5	21	7	14	
5	12	6	16	
7	10	5	8	9	11	4	6	
7	9	6	24	
5	8	7	23	6	25	9	2	
4	19	
8	22	
6	11	
4	10	8	11	9	8	0	17	6	2	
6	5	
5	13	0	4	8	10	
9	13	1	6	0	8	3	19	
2	14	1	13	
1	9	
5	24	1	13	
3	8	
8	24	0	4	9	23	6	3	
7	19	8	23	
5	13	3	11	8	5	0	17	
6	17	8	11	9	21	
6	17	8	15	7	16	1	19	
8	23	7	6	6	3	
2	13	5	22	
8	22	1	24	0	10	
4	11	2	9	5	25	8	23	
6	12	9	10	8	15	4	8	
6	23	5	22	0	15	2	17	
1	23	8	4	
0	22	
9	2	5	18	2	6	
0	18	9	25	
0	6	8	3	1	2	6	15	
5	20	6	5	8	3	4	15	7	1	
7	25	6	6	3	11	
9	16	6	18	8	11	3	1	0	14	
6	11	8	12	4	14	2	18	
4	15	0	18	8	4	
4	13	
1	21	0	18	
7	18	4	22	
6	21	7	6	4	10	5	13	3	7	
6	18	1	7	4	4	7	24	0	22	
3	8	0	2	
5	23	1	1	8	4	
1	18	7	24	5	15	8	21	2	9	
5	15	3	10	2	22	1	24	6	12	
5	14	4	12	3	3	0	22	
5	4	8	6	4	22	
1	24	3	12	

Three processing times per job on each machine
The best scenario
99	259	
224	238	
250	240	
29	25	
426	131	
126	131	
48	51	
162	318	
106	136	
227	265	
31	136	
147	111	
174	165	
236	108	
232	222	
124	306	
118	151	
124	101	
128	118	
285	186	
33	28	
174	135	
111	245	
251	107	
59	92	
32	52	
102	57	
169	197	
32	22	
290	119	
64	112	
167	196	
94	128	
288	178	
412	307	
68	36	
55	24	
292	224	
244	280	
236	178	
61	40	
163	150	
136	145	
51	31	
87	127	
38	70	
147	208	
166	271	
363	170	
126	383	
133	226	
90	52	
238	115	
65	102	
387	193	
18	28	
66	46	
49	85	
92	185	
210	308	
231	236	
86	209	
192	289	
92	262	
102	256	
84	139	
102	196	
166	331	
52	111	
333	302	
111	141	
179	125	
26	45	
68	59	
106	401	
393	169	
149	90	
174	277	
32	72	
278	176	
285	258	
160	132	
137	164	
101	50	
201	91	
34	41	
184	139	
86	50	
61	110	
247	177	
349	358	
83	69	
120	145	
427	251	
153	299	
165	360	
163	126	
200	279	
202	327	
114	84	
157	134	
96	199	
52	71	
195	207	
368	165	
410	149	
152	93	
192	271	
201	405	
18	29	
77	206	
225	142	
392	273	
87	135	
308	242	
29	14	
353	140	
179	260	
77	90	
237	155	
78	60	
388	516	
16	26	
160	92	
335	502	
267	148	
92	35	
146	84	
142	169	
142	103	
121	139	
221	69	
42	190	
120	65	
78	229	
193	123	
154	216	
279	270	
282	296	
78	125	
357	75	
53	97	
267	68	
36	114	
159	141	
42	12	
130	137	
232	389	
97	42	
261	303	
286	312	
140	74	
241	300	
201	142	
141	95	
99	358	
137	321	
66	55	
148	86	
171	141	
453	318	
93	92	
61	84	
202	267	
61	52	
18	49	
124	126	
77	209	
97	50	
113	261	
96	138	
79	198	
83	155	
70	142	
190	417	
282	340	
17	25	
135	142	
58	89	
230	124	
99	81	
147	115	
122	65	
84	45	
261	177	
328	248	
38	83	
248	370	
61	42	
281	179	
236	68	
370	336	
288	164	
175	138	
188	110	
98	362	
359	180	
95	52	
220	344	
42	11	
Most likely scenario
157	354	
278	263	
373	358	
52	34	
467	254	
206	207	
50	76	
187	375	
154	258	
260	385	
62	210	
207	114	
183	250	
466	198	
262	406	
231	351	
204	211	
199	120	
208	221	
310	311	
35	31	
184	139	
219	316	
453	200	
104	101	
49	56	
137	83	
230	218	
36	39	
458	165	
71	145	
312	242	
111	165	
458	214	
478	498	
82	43	
74	45	
324	236	
249	305	
408	353	
101	53	
226	269	
165	173	
53	34	
161	168	
43	80	
184	334	
305	301	
589	177	
154	396	
135	347	
102	96	
254	140	
101	150	
578	291	
34	32	
92	59	
87	131	
120	200	
271	349	
286	352	
158	417	
202	381	
116	368	
198	435	
114	182	
180	303	
186	332	
72	118	
385	317	
116	207	
304	227	
28	56	
122	66	
185	603	
538	207	
166	166	
183	284	
44	94	
303	268	
376	269	
282	251	
214	228	
116	53	
204	112	
48	58	
204	274	
111	70	
86	124	
309	307	
387	607	
107	79	
173	242	
605	342	
202	300	
271	364	
208	138	
208	281	
243	476	
127	151	
251	154	
140	232	
71	73	
211	269	
544	286	
479	159	
178	98	
256	425	
303	461	
27	44	
79	226	
244	239	
402	414	
167	196	
421	450	
52	25	
383	254	
328	330	
90	122	
293	210	
131	101	
530	559	
27	40	
176	135	
434	543	
373	209	
169	46	
172	134	
201	180	
155	118	
194	173	
271	105	
75	208	
217	67	
139	234	
340	162	
159	243	
383	388	
376	443	
101	128	
411	109	
56	146	
307	92	
47	118	
173	164	
43	16	
170	156	
257	423	
135	54	
284	322	
293	420	
255	127	
310	425	
262	175	
236	111	
159	454	
208	475	
109	56	
177	95	
179	214	
620	573	
163	94	
95	97	
348	309	
78	94	
36	57	
194	146	
113	272	
109	60	
202	338	
103	162	
142	200	
119	176	
102	214	
226	502	
429	349	
24	32	
247	194	
67	142	
248	156	
185	126	
258	137	
151	122	
136	87	
307	236	
542	288	
55	132	
267	448	
76	57	
473	225	
240	75	
497	444	
361	277	
289	169	
217	199	
143	389	
474	330	
98	79	
437	428	
51	17	
The worst scenario
220	374	
332	305	
426	426	
53	50	
694	278	
290	292	
75	98	
199	408	
225	378	
351	548	
91	223	
252	137	
184	295	
522	206	
294	480	
245	414	
214	219	
282	143	
267	300	
412	363	
37	40	
271	177	
273	387	
618	235	
152	150	
71	67	
201	108	
266	233	
52	44	
659	213	
101	190	
369	340	
113	214	
632	303	
599	711	
86	57	
84	65	
363	332	
351	326	
556	439	
132	58	
282	402	
225	222	
76	42	
166	185	
53	114	
243	406	
439	376	
782	257	
162	498	
136	447	
109	101	
279	146	
137	166	
830	425	
50	39	
130	65	
96	185	
135	281	
317	455	
327	421	
224	433	
223	555	
155	390	
258	467	
168	194	
250	422	
271	363	
82	155	
476	368	
128	286	
446	326	
35	61	
175	77	
275	878	
675	292	
184	208	
192	352	
55	131	
323	284	
411	397	
288	271	
260	341	
172	60	
299	147	
72	81	
273	391	
162	100	
123	139	
427	434	
406	873	
159	101	
219	301	
695	478	
212	348	
350	493	
306	200	
294	400	
345	510	
143	214	
259	162	
157	302	
100	97	
313	377	
710	344	
508	182	
202	112	
347	435	
310	609	
32	45	
88	235	
321	264	
584	612	
176	201	
508	652	
63	37	
554	373	
468	442	
126	145	
419	239	
167	148	
638	722	
32	53	
222	193	
442	648	
551	307	
194	51	
206	200	
205	270	
181	160	
219	221	
399	129	
103	220	
279	75	
154	284	
354	219	
194	335	
504	443	
391	574	
104	144	
533	117	
58	186	
455	117	
54	147	
229	236	
61	17	
211	193	
321	449	
154	55	
310	395	
340	529	
315	132	
378	483	
286	188	
247	136	
222	577	
228	657	
145	80	
205	98	
254	244	
903	636	
222	125	
140	125	
405	375	
110	129	
52	59	
241	191	
158	275	
149	79	
297	499	
112	213	
163	250	
167	232	
148	318	
307	608	
617	455	
36	36	
278	256	
74	148	
338	164	
219	185	
270	192	
182	168	
160	100	
374	278	
759	300	
82	158	
320	470	
98	69	
529	293	
272	95	
731	504	
501	340	
422	210	
218	249	
152	542	
608	492	
102	88	
469	550	
74	18	
