Factories	5	Jobs	100	Machines	3

Total number of component types per job processed by HSPM
8	7	11	6	11	9	7	7	10	6	7	9	9	7	9	11	8	8	6	6	12	11	11	7	8	12	9	10	5	7	11	9	7	7	6	6	11	8	5	6	6	7	6	6	8	9	6	10	9	9	12	12	10	6	5	9	7	12	12	10	11	10	5	10	12	12	10	11	9	9	5	7	10	8	7	11	7	6	8	6	12	11	8	11	11	7	5	10	10	7	6	6	6	12	8	11	8	6	7	6	

Total number of component types per job processed by MFPM
5	4	5	3	4	5	5	1	2	2	2	4	1	2	5	1	4	4	4	1	2	3	3	2	5	3	2	5	4	2	4	2	1	4	3	3	3	2	3	3	4	3	2	1	4	5	5	2	1	4	2	5	5	4	1	3	2	5	5	3	1	2	5	4	4	3	1	1	5	3	3	1	4	2	5	3	1	4	4	5	1	4	4	3	5	5	2	1	2	5	3	3	5	3	1	5	3	5	1	3	2	1	2	1	5	1	3	1	4	4	5	3	2	5	2	2	2	2	2	5	2	1	4	2	4	1	1	2	1	3	2	2	2	5	1	5	2	5	3	4	3	4	1	1	2	4	5	2	4	5	4	3	5	1	3	5	5	2	5	5	5	4	4	1	3	1	3	5	5	3	5	4	3	4	1	2	2	2	1	2	2	5	2	1	5	2	4	4	5	1	4	5	5	1	5	3	3	5	1	1	

All component type numbers for each job to be processed by HSPM
1	33	8	73	16	9	15	5	10	20	4	59	13	67	14	2	
15	60	14	49	3	11	13	26	17	14	1	72	6	39	
6	45	1	49	17	73	9	1	13	61	5	32	0	56	16	14	14	71	18	41	10	46	
19	14	6	54	16	39	9	37	7	1	14	47	
1	64	11	54	4	65	3	61	5	21	19	72	8	9	2	51	12	59	16	37	9	70	
19	4	7	41	5	38	14	14	6	49	13	62	11	75	15	53	12	48	
1	21	13	58	2	22	3	33	5	18	15	62	16	65	
4	51	7	23	0	47	17	58	3	5	14	38	1	72	
10	23	11	45	6	36	5	3	8	26	3	7	1	67	19	73	18	16	7	19	
7	55	5	51	14	66	8	46	19	6	12	69	
8	12	6	57	1	17	2	16	19	13	0	22	16	34	
19	13	11	61	2	42	10	41	4	72	6	45	13	44	16	4	18	73	
0	72	16	38	8	9	12	64	6	37	11	27	9	3	2	71	15	13	
3	11	1	26	10	7	7	70	15	58	16	30	9	49	
18	74	9	58	13	47	10	31	6	8	2	28	0	53	11	73	15	45	
16	52	13	9	9	4	1	16	4	3	19	50	12	74	3	70	10	22	6	24	15	65	
19	8	14	59	2	47	10	69	4	62	3	26	1	60	17	63	
0	2	4	55	3	5	2	74	19	21	5	72	9	41	11	36	
17	2	18	45	1	14	14	27	8	54	2	63	
1	11	15	53	0	47	13	50	14	1	16	62	
4	16	5	25	0	50	19	19	3	18	18	45	15	15	6	35	14	3	1	17	13	72	11	55	
11	27	10	21	1	30	2	2	0	73	3	58	7	6	8	68	13	23	14	10	6	43	
10	46	12	10	0	18	8	70	13	20	16	55	17	29	11	40	2	21	4	49	3	2	
7	39	17	63	9	70	1	40	6	51	14	55	16	58	
12	12	5	71	15	68	2	32	1	16	11	48	17	4	6	34	
2	6	14	42	13	14	0	28	10	72	17	54	19	58	16	7	18	49	9	8	3	44	4	74	
10	27	12	28	16	31	9	45	13	69	19	26	17	7	5	70	1	55	
13	74	5	30	18	57	2	34	12	24	0	36	10	51	11	66	17	31	15	56	
10	27	14	33	5	73	7	10	6	37	
12	34	5	52	16	50	6	18	19	37	9	24	18	48	
10	10	7	18	6	45	1	16	17	71	2	61	8	38	11	46	13	21	0	20	15	51	
12	39	16	13	0	58	6	1	13	11	4	40	9	14	18	21	3	62	
5	57	2	13	16	20	0	73	7	59	1	72	3	60	
6	41	0	69	14	60	7	56	1	50	19	35	4	34	
7	6	11	61	14	43	6	47	18	70	5	4	
13	75	3	23	9	17	14	5	19	18	18	47	
16	40	7	52	5	38	4	25	10	41	12	64	9	13	15	39	6	6	0	37	14	18	
14	6	3	40	8	8	9	24	18	60	15	53	19	72	5	62	
6	12	2	65	12	16	3	74	10	49	
19	3	15	53	3	52	8	44	7	63	11	39	
9	24	0	25	10	6	8	13	5	4	17	8	
1	30	8	33	15	48	10	6	3	8	18	26	0	50	
6	46	9	36	3	1	17	4	2	17	16	32	
12	74	11	48	10	67	5	2	2	8	0	24	
7	35	4	7	12	44	11	32	17	10	0	70	3	4	1	20	
13	3	19	36	16	75	9	15	10	46	2	37	1	42	14	18	15	51	
8	2	10	45	3	19	16	13	14	34	18	64	
2	56	19	64	14	3	6	22	15	67	13	37	0	13	9	46	4	19	18	41	
9	73	8	71	6	70	10	42	0	26	5	43	15	24	14	56	12	69	
17	39	5	12	4	59	18	63	11	44	0	64	7	38	13	28	14	71	
14	29	3	9	16	3	2	46	19	36	6	20	8	41	17	61	15	69	1	30	4	73	12	52	
16	74	3	56	1	62	9	32	17	33	7	27	19	5	10	22	6	51	0	68	11	72	18	7	
5	38	16	35	12	29	15	39	10	70	6	4	14	73	13	7	7	74	18	8	
13	29	6	12	2	64	17	17	8	8	7	4	
0	4	8	52	18	50	10	60	2	75	
5	41	13	4	16	8	8	17	0	58	1	59	3	21	9	43	17	42	
4	7	5	75	1	40	19	42	17	17	16	10	11	13	
13	69	12	39	11	18	15	11	19	49	0	22	8	41	6	26	2	61	1	35	9	38	10	71	
2	60	10	45	5	63	18	35	6	25	11	51	7	7	4	36	1	6	3	69	0	16	12	70	
9	74	3	75	13	2	2	36	0	6	18	16	17	34	12	67	16	37	11	12	
9	27	14	36	5	41	16	62	0	75	19	8	11	5	1	26	13	40	4	12	7	43	
16	31	3	1	1	14	15	50	8	68	11	18	17	4	4	62	0	57	7	67	
4	52	3	31	17	57	7	42	2	41	
3	14	6	64	19	58	18	45	1	1	14	17	12	31	5	60	0	42	16	66	
13	60	18	9	11	13	16	70	1	22	3	71	14	49	9	6	2	45	4	42	12	58	15	5	
8	73	19	9	5	58	4	63	1	65	0	48	13	24	6	70	16	1	12	22	3	21	18	47	
16	31	9	74	17	28	18	36	2	34	11	75	12	68	8	66	13	65	3	40	
1	19	15	33	12	58	18	54	16	2	3	65	13	37	19	73	7	59	9	26	8	41	
12	56	14	40	7	53	15	33	17	65	8	64	3	63	16	55	6	5	
2	33	8	16	19	19	12	46	11	68	6	26	7	67	9	56	17	40	
6	36	0	33	12	37	10	74	9	9	
5	45	17	31	1	62	4	22	0	5	11	36	2	11	
14	21	16	73	17	22	3	56	2	38	8	13	4	14	10	19	0	66	7	18	
13	31	5	21	0	11	16	13	11	10	8	8	4	38	17	72	
17	50	4	30	7	58	0	68	8	51	19	25	5	62	
14	67	16	75	18	14	10	61	3	72	19	48	0	56	9	23	11	52	13	36	5	70	
5	68	7	23	8	61	6	71	9	54	12	22	18	59	
19	9	12	39	3	72	17	31	16	48	1	44	
7	67	4	25	9	72	18	32	3	26	5	70	12	35	8	42	
14	3	9	8	17	45	5	56	16	44	4	51	
14	7	7	56	15	69	6	30	10	38	1	10	18	20	5	19	9	4	0	32	16	44	11	51	
14	16	1	22	6	37	2	33	12	29	9	59	5	47	19	6	11	24	0	30	18	61	
12	55	14	24	16	15	15	70	10	35	7	72	1	16	5	69	
17	40	14	9	1	26	2	65	13	66	18	31	12	73	10	7	5	25	11	2	15	57	
16	49	6	43	1	32	18	50	0	59	11	13	5	68	13	74	9	52	19	41	3	9	
15	13	9	20	12	28	19	43	2	19	14	35	18	74	
14	73	0	27	5	50	15	33	18	6	
7	47	8	69	14	1	11	33	15	24	3	51	10	54	9	42	12	41	19	62	
13	43	3	33	18	5	9	70	10	42	17	69	2	47	19	19	4	18	15	1	
5	9	11	8	2	52	14	70	19	26	15	29	10	22	
18	6	9	3	7	64	17	71	4	21	11	10	
1	37	5	12	15	34	14	57	16	40	17	17	
14	2	0	34	12	46	8	68	11	55	13	59	
17	64	14	17	13	45	12	24	9	62	0	66	3	70	4	75	18	43	2	3	19	54	11	8	
1	60	4	65	13	15	9	14	6	64	5	48	0	39	15	16	
2	48	4	45	16	58	17	68	5	8	8	1	3	66	14	61	19	21	11	71	15	59	
17	66	6	56	3	16	4	55	16	23	10	19	2	36	9	29	
9	36	7	31	19	46	0	35	4	48	1	7	
11	18	12	27	4	11	0	21	7	8	9	54	16	33	
10	63	15	58	3	26	14	13	2	45	7	59	

All component type numbers for each job to be processed by MFPM
0	1	8	4	2	10	1	19	5	7	
8	47	9	30	1	29	4	34	
5	16	8	7	1	4	9	14	3	17	
8	41	6	30	9	29	
3	20	0	5	1	11	7	18	
8	50	6	36	5	34	3	26	2	31	
2	14	9	13	3	18	8	21	6	12	
5	46	
8	5	7	1	
1	44	4	33	
2	13	8	2	
7	47	6	28	5	42	1	43	
9	17	
7	26	6	48	
3	4	2	13	7	16	9	1	4	21	
4	50	
7	7	2	6	9	15	5	3	
5	43	8	29	6	40	0	33	
8	11	4	14	6	15	9	16	
6	48	
3	13	2	5	
0	41	1	43	4	32	
5	20	2	16	1	18	
4	34	5	41	
7	11	5	2	0	4	8	7	4	19	
7	42	0	33	4	34	
3	12	8	23	
7	27	8	43	9	29	2	49	4	45	
9	21	1	10	4	3	7	9	
4	26	1	47	
5	9	8	10	7	19	1	4	
1	39	7	33	
8	8	
3	40	2	33	1	36	7	35	
3	25	4	4	9	2	
5	31	7	40	3	41	
9	4	8	3	3	8	
8	49	6	31	
6	10	2	25	5	4	
3	37	6	27	1	45	
2	21	4	13	9	18	0	4	
2	36	8	39	4	41	
4	8	8	14	
0	26	
0	13	4	2	5	17	8	7	
7	29	0	44	1	41	9	34	3	45	
9	3	6	1	2	2	4	25	5	9	
3	33	9	35	
3	1	
3	33	0	46	1	34	6	41	
2	10	8	4	
2	47	8	36	9	26	6	29	5	40	
7	5	1	22	8	6	2	23	3	13	
8	28	9	38	1	29	6	32	
3	24	
2	41	0	46	1	45	
8	22	9	13	
4	45	7	34	6	41	9	32	8	36	
9	25	2	11	3	17	1	19	4	15	
7	49	1	30	0	47	
3	15	
9	32	6	29	
5	19	7	1	9	22	3	6	2	25	
9	40	2	49	6	33	5	36	
7	13	0	5	5	24	3	1	
6	48	4	32	8	49	
8	13	
2	27	
6	20	9	22	3	12	2	23	8	10	
0	48	1	35	9	34	
5	25	9	7	1	5	
7	44	
0	2	6	11	5	19	4	9	
8	47	4	37	
5	20	0	19	2	3	1	9	6	16	
7	46	0	43	9	28	
7	4	
0	46	6	47	4	42	8	50	
1	7	6	14	4	5	8	23	
5	28	0	40	4	35	6	37	9	46	
5	17	
5	41	9	46	4	49	1	34	
5	7	6	17	8	23	0	13	
3	39	9	26	1	30	
1	7	2	15	4	20	8	1	3	19	
5	35	4	39	3	41	6	28	2	46	
2	18	3	17	
8	50	
7	18	4	15	
0	38	4	50	6	49	2	37	1	36	
7	1	2	2	8	14	
5	39	8	29	1	34	
5	8	6	4	2	15	8	25	1	18	
2	36	7	50	6	35	
4	13	
2	44	6	34	3	48	1	39	0	45	
4	3	5	22	6	17	
8	35	0	46	4	39	5	48	9	43	
8	25	
0	35	5	28	3	40	
9	13	2	6	
5	38	
5	8	0	5	
0	48	
7	2	6	6	5	8	2	24	8	1	
6	35	
3	10	5	2	0	1	
2	31	
7	6	9	19	2	4	5	14	
8	47	9	39	3	40	2	38	
3	20	2	24	8	25	0	12	5	13	
0	38	1	35	5	39	
5	12	9	18	
6	35	0	28	3	27	1	47	4	48	
1	19	6	7	
5	41	2	49	
9	4	7	24	
6	48	1	39	
5	8	1	15	
7	32	3	49	4	43	9	30	5	41	
4	18	3	14	
7	30	
8	11	2	6	1	1	7	5	
5	26	3	37	
9	8	4	11	1	14	7	5	
0	33	
5	2	
0	32	9	37	
8	16	
4	49	1	31	2	34	
1	13	2	19	
9	29	1	37	
4	23	5	17	
9	43	2	45	7	28	6	39	8	41	
2	3	
6	42	2	32	7	48	9	29	4	37	
2	10	5	8	
7	31	1	39	2	42	9	33	0	40	
5	16	4	19	7	21	
6	48	5	32	3	44	2	36	
9	19	4	3	7	24	
7	30	5	26	3	35	4	42	
7	7	
8	47	
0	20	1	5	
8	44	0	33	4	38	6	35	
4	22	8	17	5	3	9	6	7	21	
3	38	8	46	
8	21	6	25	1	4	7	5	
6	49	7	41	2	27	4	48	1	29	
0	7	2	17	6	13	3	10	
3	41	1	37	2	44	
9	20	0	3	1	15	3	22	5	17	
7	29	
6	14	1	24	8	15	
7	50	6	29	4	30	0	36	5	49	
1	24	7	3	0	4	6	14	4	22	
4	35	0	41	
1	12	4	21	2	23	8	8	0	6	
4	45	0	27	7	35	6	38	8	39	
3	17	8	22	9	21	1	15	6	8	
4	48	3	42	6	45	0	39	
7	20	2	23	5	14	6	22	
1	36	
8	15	7	2	1	11	
1	34	
8	3	9	6	4	20	
7	26	5	49	3	35	1	45	6	36	
5	21	1	1	7	13	9	6	0	9	
2	46	4	40	8	38	
1	12	7	24	6	22	8	13	0	20	
8	44	7	31	3	48	5	47	
1	3	8	6	4	25	
8	33	5	35	1	32	4	43	
5	14	
0	44	6	35	
7	12	9	8	
0	38	1	35	
7	23	
0	50	1	45	
4	17	6	9	
5	31	2	48	4	37	8	26	9	38	
4	4	2	12	
4	45	
6	21	2	20	4	6	5	25	0	13	
0	38	8	43	
2	18	0	20	1	21	9	10	
7	49	4	34	6	45	1	31	
5	9	7	25	0	13	6	2	2	10	
2	42	
1	3	0	6	6	23	2	11	
1	37	9	48	5	50	2	35	3	26	
6	13	9	14	5	20	3	19	0	9	
9	38	
4	8	0	9	9	11	2	15	8	4	
9	33	4	43	7	30	
7	15	0	3	8	7	
3	43	2	47	4	48	5	41	1	28	
2	4	
2	35	

Three processing times per job on each machine
The best scenario
160	432	137	
60	79	71	
120	78	76	
181	95	287	
74	51	61	
167	107	52	
73	33	55	
184	122	150	
82	305	243	
28	41	18	
323	493	407	
171	383	550	
48	37	52	
81	44	77	
178	190	296	
135	179	114	
96	127	205	
139	166	156	
250	251	451	
234	110	341	
71	126	125	
188	134	222	
78	321	273	
100	197	107	
262	139	328	
29	55	54	
326	367	208	
106	91	131	
153	136	226	
187	360	208	
307	222	129	
354	257	168	
138	65	170	
178	89	153	
99	66	99	
94	108	146	
179	114	92	
175	134	103	
37	166	84	
316	142	442	
51	44	91	
262	65	91	
46	22	28	
178	264	94	
185	248	319	
21	19	84	
163	88	114	
60	56	31	
54	16	45	
275	139	130	
292	389	348	
248	197	171	
170	393	150	
218	183	332	
289	156	115	
85	283	194	
45	71	107	
291	115	122	
104	314	85	
298	147	138	
22	32	30	
175	159	361	
58	97	49	
192	188	216	
221	205	186	
106	145	146	
49	34	47	
55	71	52	
31	116	123	
212	359	201	
26	30	40	
288	220	145	
32	102	88	
41	38	19	
96	62	32	
184	391	301	
139	59	51	
173	198	152	
58	38	70	
31	23	82	
32	99	77	
90	68	104	
116	93	93	
168	192	102	
49	35	26	
164	94	72	
324	191	203	
312	120	131	
129	232	124	
134	124	116	
167	290	204	
51	83	64	
291	179	142	
269	63	158	
210	191	124	
369	287	167	
116	55	81	
263	265	163	
88	137	59	
83	46	29	
Most likely scenario
259	528	177	
74	90	89	
170	101	83	
314	112	339	
75	52	64	
172	177	73	
115	44	65	
259	143	177	
151	575	353	
35	42	25	
450	521	430	
197	598	594	
77	51	80	
131	79	90	
250	277	317	
178	280	197	
147	170	213	
170	255	240	
282	314	585	
451	127	421	
75	153	129	
306	189	319	
142	385	411	
182	350	108	
305	157	463	
57	56	55	
391	404	284	
171	104	137	
248	246	255	
232	467	374	
394	365	185	
489	379	313	
176	92	218	
188	113	201	
164	122	133	
143	121	182	
274	226	115	
229	142	193	
64	185	109	
482	162	520	
66	62	100	
354	125	180	
56	44	45	
238	376	99	
310	472	357	
34	31	100	
307	152	203	
63	66	33	
76	28	74	
460	191	168	
426	410	431	
326	282	261	
180	501	210	
312	298	376	
310	161	124	
104	336	288	
61	89	121	
302	191	137	
163	405	166	
320	173	157	
30	38	53	
265	252	383	
68	172	91	
294	246	232	
359	268	349	
108	146	153	
90	45	78	
60	90	80	
54	202	138	
236	391	286	
33	48	48	
379	289	207	
50	130	105	
57	60	25	
104	99	33	
359	402	467	
209	84	100	
274	263	295	
63	61	80	
52	31	123	
46	111	136	
100	114	105	
123	158	161	
296	339	115	
78	62	27	
212	141	95	
346	195	252	
352	156	241	
197	306	191	
251	242	164	
170	509	408	
62	162	103	
450	265	224	
272	100	262	
276	225	166	
541	358	279	
118	110	87	
312	283	246	
106	142	93	
89	88	39	
The worst scenario
307	758	222	
111	97	124	
201	120	103	
467	157	470	
111	63	81	
183	231	104	
170	65	88	
355	184	209	
166	703	525	
39	47	36	
613	725	525	
278	827	853	
96	67	94	
162	110	93	
357	415	465	
215	361	272	
165	193	268	
238	267	313	
364	377	653	
503	151	570	
92	158	132	
337	209	329	
193	507	601	
218	367	130	
434	168	569	
82	73	75	
552	483	326	
181	152	165	
316	322	296	
331	624	538	
573	474	204	
536	555	384	
215	126	268	
211	132	261	
209	150	192	
197	130	233	
379	230	152	
233	197	216	
79	249	154	
659	227	721	
69	74	111	
370	131	209	
66	51	53	
245	443	115	
393	561	524	
36	39	142	
354	175	258	
78	93	46	
87	31	99	
495	207	212	
634	594	619	
473	385	383	
227	736	233	
343	336	467	
340	219	137	
115	385	388	
86	117	162	
413	226	192	
225	436	186	
420	176	230	
31	47	60	
281	317	490	
81	244	125	
406	301	343	
536	352	357	
133	170	199	
134	62	102	
72	102	83	
70	246	199	
249	523	411	
34	59	65	
539	385	256	
66	183	144	
73	73	29	
156	126	43	
407	458	584	
216	95	146	
372	362	319	
68	80	108	
59	41	144	
53	160	157	
116	168	157	
149	197	212	
370	380	171	
98	67	33	
239	200	132	
507	199	314	
460	193	342	
229	424	200	
370	295	184	
194	627	466	
67	181	127	
561	342	249	
347	119	280	
321	327	204	
707	474	381	
125	116	100	
392	353	281	
118	144	98	
97	125	40	
