Factories	6	Jobs	200	Machines	2

Total number of component types per job processed by HSPM
6	11	12	6	7	9	9	6	8	5	6	11	6	9	6	11	10	5	12	8	8	9	12	10	9	11	12	12	6	6	11	12	6	12	8	6	9	12	6	11	5	7	7	6	9	8	7	7	9	11	10	12	9	8	8	5	5	7	7	6	9	5	10	10	12	8	10	6	10	8	10	12	11	7	7	10	6	10	7	10	10	8	9	11	6	10	6	8	6	12	6	7	9	12	6	12	10	8	8	7	12	12	12	11	9	12	6	9	12	7	8	5	6	5	9	6	6	10	6	12	12	11	8	5	8	8	6	9	6	11	12	7	5	9	12	7	8	6	5	9	5	6	9	6	12	9	11	6	10	6	8	9	7	11	5	10	12	12	10	9	9	10	6	8	6	6	11	8	9	7	11	12	7	7	10	6	6	5	6	9	10	7	5	8	6	5	6	5	6	6	11	11	11	5	12	8	7	12	8	6	

Total number of component types per job processed by MFPM
3	4	5	2	5	2	4	2	2	5	4	5	3	4	2	5	4	5	2	3	3	2	2	4	4	1	1	2	3	4	4	5	5	5	3	5	1	4	3	4	1	2	1	2	2	1	5	3	2	1	3	5	5	5	3	1	2	3	3	5	5	4	2	2	1	1	5	4	4	5	5	1	2	1	3	4	5	4	2	4	3	4	5	1	1	3	2	5	3	2	3	2	5	4	3	5	2	3	4	3	3	5	1	1	2	5	1	5	4	2	2	3	3	4	5	4	4	1	3	5	4	3	2	1	3	5	3	2	2	3	1	5	3	3	2	1	2	2	2	2	2	2	1	5	2	2	1	5	1	5	4	2	3	3	2	3	4	2	2	1	1	1	3	2	4	5	5	3	5	4	5	3	1	5	4	2	2	2	3	5	2	5	4	2	1	2	4	5	2	4	5	1	2	4	1	4	2	4	3	1	

All component type numbers for each job to be processed by HSPM
4	52	9	43	7	1	19	65	16	61	0	50	
13	75	1	34	7	61	4	69	2	48	16	14	12	44	10	16	6	59	14	49	18	9	
9	51	19	21	6	13	17	70	12	4	14	75	18	34	1	62	16	11	11	59	4	63	0	7	
7	15	4	34	16	5	5	70	14	56	10	64	
4	2	19	50	10	40	2	58	9	53	11	16	7	44	
19	35	15	72	11	39	3	74	9	22	16	15	10	18	4	9	1	73	
1	18	15	66	12	21	13	68	19	32	4	67	7	6	9	71	3	58	
17	57	6	9	7	43	3	40	8	60	12	33	
1	56	9	3	5	24	7	58	13	75	19	67	14	60	15	33	
4	21	18	46	7	58	9	15	2	22	
0	32	15	16	13	5	2	61	5	50	3	71	
5	16	7	27	11	6	10	18	12	2	1	28	6	22	3	19	14	63	9	69	19	17	
19	21	5	52	8	50	6	10	1	34	18	72	
16	19	14	41	8	1	7	30	9	4	4	31	10	54	3	50	12	15	
7	16	2	8	0	70	15	24	19	66	6	57	
1	21	9	34	19	54	4	37	13	74	7	1	3	56	16	7	15	28	11	9	12	42	
16	1	18	54	4	33	9	32	11	74	17	52	6	29	2	64	8	70	10	60	
19	67	3	75	16	8	11	25	4	56	
9	7	7	60	15	31	18	3	3	59	0	61	1	51	2	54	14	40	5	33	4	47	12	23	
13	64	10	22	12	5	1	62	17	38	5	21	3	52	0	44	
8	46	19	69	10	37	15	10	4	25	18	43	5	17	3	66	
5	23	6	11	9	29	14	64	7	13	8	42	18	14	11	63	2	17	
2	19	9	75	12	49	10	55	18	8	4	13	1	16	6	71	0	67	14	26	8	47	13	14	
2	24	10	60	13	53	17	27	5	7	9	50	0	14	14	28	8	35	16	30	
11	56	1	30	7	12	17	16	13	10	19	49	3	53	0	42	5	58	
16	26	13	23	5	52	10	4	4	71	8	19	2	64	18	51	11	17	7	56	6	45	
11	75	14	39	6	68	13	14	17	20	18	49	12	44	10	9	19	56	9	59	5	6	4	69	
19	71	6	3	2	37	4	66	5	48	0	40	18	29	11	63	14	65	13	31	8	56	15	61	
11	46	13	57	6	17	2	38	14	67	0	41	
1	33	2	15	8	53	19	56	11	64	16	40	
4	46	2	29	7	68	1	12	11	8	10	31	8	49	18	59	14	65	5	35	0	11	
7	20	19	52	16	44	4	25	1	37	14	58	10	32	15	19	11	22	5	4	3	24	0	15	
13	30	19	41	15	71	1	7	7	27	9	38	
12	63	2	25	11	48	4	50	10	52	1	19	6	29	5	59	0	56	13	15	16	46	15	4	
9	5	6	8	1	10	4	49	19	3	10	9	2	47	16	61	
15	6	5	37	13	73	18	70	19	49	2	28	
8	3	15	52	7	69	9	25	18	35	2	34	11	21	10	4	3	9	
1	6	12	24	16	3	7	47	8	13	6	60	15	45	11	9	18	66	4	23	5	70	13	58	
11	60	4	74	15	63	12	59	10	67	14	55	
8	18	19	59	12	2	13	50	1	21	0	5	17	68	7	28	14	14	10	33	5	36	
3	43	13	10	17	15	9	2	16	51	
19	71	15	34	3	74	18	44	5	13	2	4	1	55	
19	52	17	7	12	48	13	54	14	16	10	28	4	47	
3	66	5	30	12	56	19	14	14	9	8	48	
14	22	12	66	18	75	3	58	1	36	19	23	2	2	4	65	5	62	
7	34	19	69	18	35	15	63	4	37	11	2	5	42	9	62	
9	64	7	47	11	57	14	29	3	61	6	27	5	31	
0	12	2	6	18	53	13	70	14	45	5	62	10	49	
4	31	12	17	11	43	2	24	17	30	18	41	7	3	8	29	19	65	
9	73	17	48	4	2	19	39	8	58	3	26	1	17	18	43	11	11	10	5	0	60	
3	4	18	69	10	27	6	74	13	41	14	19	19	29	4	64	11	59	16	60	
0	25	16	51	12	3	7	38	13	7	2	57	15	5	10	4	19	58	8	1	11	16	6	35	
2	63	15	43	12	19	16	50	10	72	18	73	6	68	5	74	8	44	
3	51	8	40	11	49	12	10	15	37	17	53	10	15	1	8	
16	60	9	68	6	69	3	32	13	16	10	3	0	24	2	5	
5	39	14	11	1	46	0	37	15	28	
13	14	17	16	1	34	6	27	19	15	
18	21	0	27	3	7	9	49	7	33	17	64	4	68	
4	20	11	59	15	44	5	49	17	54	3	42	18	41	
10	19	3	46	6	63	8	18	5	60	19	67	
13	48	14	64	3	54	11	30	17	56	5	29	15	51	7	12	18	33	
5	51	19	73	18	21	14	67	7	42	
10	68	18	19	13	15	14	26	6	50	1	39	8	51	11	67	7	49	4	61	
6	23	19	48	0	30	15	7	2	54	10	61	16	29	12	63	9	47	17	35	
12	9	10	12	17	71	2	63	9	60	18	18	5	5	16	54	13	65	14	15	19	36	7	74	
12	62	5	17	6	6	1	47	17	15	10	58	18	73	11	40	
0	43	11	49	13	9	7	65	2	1	16	63	15	35	1	42	5	66	4	46	
13	2	2	14	9	53	19	49	5	1	0	62	
16	73	1	10	10	66	14	9	17	60	0	59	6	68	4	17	11	16	2	74	
2	62	14	72	1	61	6	8	16	33	7	49	4	20	11	26	
12	12	7	57	15	17	6	65	18	71	17	43	10	23	3	53	19	67	14	69	
0	41	19	35	6	27	7	28	18	17	2	72	3	31	10	11	4	45	17	58	16	67	1	55	
4	55	10	71	18	67	13	13	7	33	8	24	17	72	15	30	2	27	6	1	0	47	
5	70	7	2	12	32	16	3	10	35	9	16	8	39	
17	3	5	5	12	51	11	42	10	14	0	16	8	72	
13	46	18	4	10	1	19	65	8	70	5	41	7	57	11	28	15	30	1	9	
19	28	18	2	12	63	17	47	16	44	7	68	
14	35	11	23	12	8	8	27	6	71	18	22	1	55	13	68	15	70	2	4	
15	45	1	13	4	34	14	52	2	59	11	17	7	55	
10	49	16	50	0	54	6	30	4	48	8	21	15	8	11	9	1	74	12	27	
2	17	13	46	12	75	1	33	16	68	10	52	3	55	0	9	15	14	17	6	
2	70	6	68	3	63	7	35	17	72	19	29	4	74	16	75	
10	48	7	19	3	42	13	28	1	29	16	66	2	53	4	7	19	75	
0	20	11	6	18	66	5	69	9	70	16	73	4	57	15	17	7	16	2	54	13	41	
19	40	9	41	14	46	17	29	2	28	5	31	
12	71	4	38	8	73	14	29	3	31	2	2	11	32	13	12	10	59	17	39	
3	46	11	34	19	62	7	21	12	52	18	48	
14	3	18	66	5	41	10	38	11	32	7	29	9	56	13	9	
7	3	0	7	12	19	16	31	5	73	2	16	
11	65	15	46	9	20	4	3	16	54	12	44	10	41	18	17	1	32	17	48	6	12	7	63	
19	44	16	47	6	64	2	38	5	22	17	70	
5	65	14	19	13	32	19	31	1	58	9	70	3	75	
2	67	14	30	8	53	10	29	19	7	5	58	0	35	3	64	4	70	
13	57	0	29	5	31	16	61	15	66	14	22	6	49	19	58	3	27	2	63	18	20	10	18	
19	47	0	31	18	30	5	63	9	38	2	16	
15	14	11	65	17	24	12	1	10	57	16	4	5	3	18	45	6	35	4	43	2	23	19	52	
12	2	19	29	15	54	6	60	14	21	16	31	5	14	8	52	0	33	13	59	
12	66	8	71	13	29	9	19	10	15	7	4	2	48	19	26	
8	53	16	51	12	42	2	31	9	72	14	34	4	56	17	2	
3	31	19	9	0	65	5	51	13	29	12	14	7	19	
10	29	1	59	4	33	16	1	3	9	5	72	15	17	8	3	9	58	11	30	6	34	7	27	
15	16	1	72	13	60	6	5	10	15	7	57	0	52	14	13	19	43	5	69	17	55	8	10	
19	73	11	21	3	72	12	44	18	68	2	45	15	37	10	57	7	54	9	55	17	67	0	35	
14	69	7	41	2	33	6	61	18	5	9	71	13	40	3	44	11	56	1	17	19	3	
9	59	14	36	5	54	12	15	7	44	17	41	0	12	4	2	1	10	
6	9	10	45	8	48	3	20	11	63	17	24	2	69	9	15	0	71	1	54	13	29	19	39	
8	40	17	52	11	8	12	48	0	41	7	24	
19	32	1	50	8	4	9	7	10	74	2	41	4	44	17	49	12	72	
8	39	13	24	17	5	19	52	2	60	10	33	5	34	18	58	11	65	14	12	15	63	1	73	
5	75	13	40	16	42	18	11	3	2	10	30	4	54	
6	59	8	17	5	45	17	55	16	49	2	61	9	41	18	13	
17	1	8	34	15	10	16	2	9	71	
13	73	10	3	5	58	15	54	14	5	2	49	
3	30	15	70	6	9	19	25	17	34	
16	36	1	5	10	52	19	72	18	27	6	49	7	59	11	14	2	35	
10	75	13	52	12	53	4	38	9	20	0	26	
5	47	19	60	8	21	15	61	0	63	10	31	
3	74	7	22	0	50	17	46	15	20	6	32	18	55	2	7	11	70	8	53	
0	27	15	6	9	65	2	70	19	1	18	53	
8	18	5	13	14	14	7	73	11	36	16	54	13	23	9	5	10	24	0	56	18	49	4	17	
11	18	18	19	4	74	0	33	3	35	2	21	8	1	9	37	15	64	16	69	17	25	13	22	
15	1	16	2	13	40	6	3	19	52	0	69	11	14	1	33	18	65	2	34	12	36	
12	18	6	19	1	51	7	57	14	56	5	41	17	38	0	71	
18	14	3	54	4	69	19	33	11	58	
8	30	15	9	5	24	1	15	4	35	0	16	19	11	12	4	
15	31	10	54	12	32	8	8	5	10	1	51	0	18	14	63	
10	11	8	20	16	32	12	21	7	75	11	38	
1	72	9	47	11	14	7	1	19	33	12	41	0	68	17	21	16	49	
13	70	0	73	5	55	11	63	3	14	14	43	
0	37	1	61	17	70	3	7	9	43	12	8	6	55	19	22	11	68	15	44	5	34	
9	49	10	13	8	41	11	33	7	37	19	64	0	36	14	4	6	3	3	10	2	59	1	17	
10	63	14	24	18	25	2	1	15	8	3	12	9	27	
4	58	1	10	0	14	2	69	7	3	
7	18	19	64	11	1	0	72	14	20	15	52	1	48	3	30	8	17	
4	43	12	67	2	15	15	69	6	63	7	37	19	9	1	16	9	45	13	71	5	41	18	34	
3	75	2	60	6	43	15	9	4	22	1	46	16	65	
2	12	13	20	15	21	12	49	11	25	16	16	9	15	3	57	
3	37	5	59	14	18	2	58	11	34	13	23	
1	30	17	74	10	27	19	25	8	16	
16	3	5	53	15	55	1	11	6	70	3	16	14	42	10	20	17	66	
9	39	11	19	6	11	2	47	3	53	
10	8	18	66	6	73	19	32	17	13	9	7	
3	64	14	60	18	59	1	25	2	67	12	65	5	75	11	43	10	31	
1	58	14	45	11	36	8	12	16	60	9	14	
15	36	9	14	3	40	2	45	1	71	13	48	16	70	4	33	11	31	18	43	0	69	12	19	
19	13	2	74	8	4	4	72	14	67	15	57	1	6	16	16	0	35	
14	66	2	54	11	11	8	37	19	65	9	69	3	44	13	1	5	68	15	72	1	8	
5	67	13	71	2	39	12	56	16	12	8	17	
2	51	12	54	16	75	8	25	5	26	0	69	6	14	3	49	19	60	18	7	
15	69	3	61	16	67	6	32	12	36	5	4	
8	69	3	65	7	1	9	28	1	53	10	18	0	36	14	32	
15	32	18	50	16	57	3	24	6	8	8	45	14	13	17	58	13	59	
14	28	15	70	4	69	17	51	5	72	3	45	18	6	
8	27	18	53	1	42	7	28	11	22	4	41	3	34	6	44	13	40	2	35	16	39	
4	17	9	60	13	30	16	70	1	46	
0	44	8	17	18	7	5	20	3	61	4	12	2	67	1	60	11	21	16	27	
4	65	15	48	8	45	5	21	7	33	16	14	14	1	13	26	19	73	12	39	9	27	3	68	
6	60	14	69	19	31	16	26	8	30	3	23	2	62	4	55	11	3	10	8	15	41	7	48	
11	8	9	74	2	71	8	19	1	39	18	54	5	58	10	5	3	48	15	28	
3	30	15	61	4	42	7	46	17	27	18	33	1	40	5	15	9	65	
3	13	8	58	14	56	1	36	7	46	19	7	13	59	11	42	17	35	
1	50	16	72	6	7	3	73	11	44	5	25	15	63	14	62	12	55	8	27	
14	68	2	26	12	65	13	51	16	50	19	19	
4	47	12	10	0	21	10	34	15	75	19	39	2	73	13	32	
4	7	8	5	10	67	18	51	14	35	11	10	
13	10	1	54	11	69	5	28	4	38	17	42	
9	43	7	66	15	10	10	74	1	53	19	68	12	62	3	71	14	6	17	75	16	39	
9	26	18	55	2	65	7	1	15	28	8	46	0	13	1	40	
0	11	11	69	10	26	7	4	6	9	13	51	15	63	14	25	18	60	
9	21	19	55	15	5	13	19	8	25	18	47	11	32	
17	41	0	60	5	27	2	72	1	53	11	30	12	43	9	74	7	10	6	49	15	8	
16	51	3	50	13	58	1	39	2	7	5	37	7	25	4	16	19	46	10	55	15	44	9	23	
4	44	1	15	16	5	0	28	12	40	14	67	8	45	
4	11	15	12	5	18	0	65	7	67	8	37	17	61	
15	35	7	57	5	63	6	28	8	66	0	61	11	8	17	45	3	14	19	7	
19	2	15	32	7	19	3	75	2	36	11	69	
8	53	4	43	13	27	15	67	2	45	16	6	
6	69	7	57	14	53	16	41	2	29	
2	21	9	26	6	29	3	20	12	23	1	52	
11	20	1	36	17	41	12	15	10	75	19	12	6	29	0	50	13	57	
8	51	4	17	13	50	5	32	0	25	15	53	2	15	1	67	16	75	7	34	
6	65	19	3	10	34	9	48	4	24	15	63	12	61	
2	18	14	3	7	66	18	25	8	12	
18	22	9	20	15	62	8	61	19	67	14	14	13	74	10	30	
7	36	14	13	18	56	13	25	16	28	10	1	
19	57	17	17	1	41	11	60	6	27	
12	75	2	24	9	67	0	44	11	62	19	14	
2	39	12	59	1	61	4	52	17	12	
17	18	6	9	18	1	13	5	7	30	1	44	
12	3	16	27	10	17	14	31	15	13	19	22	
4	10	16	5	10	22	3	54	15	48	19	70	14	40	7	49	9	33	8	56	6	15	
3	39	17	9	18	57	2	17	5	58	4	50	11	26	13	68	10	45	12	22	0	62	
15	74	18	30	17	26	1	6	6	31	16	29	19	48	14	16	2	57	3	37	4	10	
1	8	12	28	8	70	3	55	5	16	
9	75	18	9	2	58	19	73	11	70	8	60	10	59	16	19	3	8	12	74	6	72	5	11	
5	29	8	61	16	16	14	15	3	40	0	24	15	9	18	51	
5	11	6	31	4	9	11	70	14	53	17	58	16	35	
8	31	6	34	19	16	9	56	11	36	5	44	4	41	13	58	10	38	15	26	14	2	17	13	
17	73	14	51	16	56	5	28	19	29	11	2	10	44	4	63	
15	69	11	18	2	58	5	24	16	48	6	44	

All component type numbers for each job to be processed by MFPM
4	15	0	23	3	7	
9	24	3	8	4	14	0	17	
8	2	1	23	3	4	7	19	4	12	
9	7	8	5	
2	14	4	11	1	15	8	23	7	22	
3	21	9	18	
7	1	8	2	1	4	5	9	
0	11	5	6	
3	23	9	7	
5	20	3	16	6	21	0	1	8	9	
1	10	3	2	6	21	8	23	
5	24	3	19	1	5	9	4	6	2	
4	20	5	10	9	13	
3	21	1	10	4	15	8	22	
1	2	7	10	
7	20	0	21	6	1	4	23	2	17	
6	22	4	12	8	1	5	5	
2	6	8	14	1	7	5	10	7	22	
7	19	0	25	
3	23	6	24	0	3	
8	7	1	3	3	16	
5	20	2	12	
5	1	6	10	
0	25	5	17	7	12	2	8	
8	25	1	18	4	6	3	8	
6	1	
4	5	
8	9	0	17	
2	21	8	24	4	19	
9	4	8	3	2	2	1	22	
9	23	5	10	7	11	8	19	
9	24	4	6	3	1	0	11	2	14	
7	20	4	6	8	24	6	2	3	25	
5	13	1	21	6	22	9	14	2	17	
0	14	4	11	9	13	
5	7	7	8	1	23	8	18	3	13	
9	11	
1	22	5	18	4	2	7	25	
7	14	2	5	4	23	
5	6	2	16	8	21	3	9	
2	25	
4	19	3	11	
7	13	
6	5	8	20	
7	9	6	4	
0	14	
3	9	8	8	7	6	6	17	2	15	
3	1	9	23	5	3	
0	20	3	10	
5	7	
0	12	7	17	4	18	
8	2	2	11	1	21	6	19	3	9	
6	17	3	18	7	6	9	3	4	14	
5	5	8	17	3	9	6	10	0	7	
4	23	0	12	9	21	
5	2	
2	8	4	17	
0	9	1	21	6	23	
6	15	1	13	5	16	
4	4	9	19	3	15	5	16	8	1	
9	11	2	22	0	12	5	7	1	25	
5	3	4	4	6	22	3	11	
7	22	2	16	
3	5	2	3	
5	12	
8	6	
3	7	8	5	1	10	2	21	7	11	
9	13	6	4	2	18	3	17	
4	20	7	1	5	16	1	4	
4	12	9	3	2	25	5	19	6	2	
9	4	1	23	4	1	8	3	7	20	
3	6	
2	23	6	17	
0	13	
1	18	7	7	4	12	
4	20	8	25	7	18	6	4	
8	7	9	23	7	9	3	10	4	1	
4	9	8	18	2	22	9	20	
7	10	4	24	
8	10	4	21	6	16	1	22	
0	19	5	8	2	16	
9	18	5	2	2	1	6	13	
7	19	4	23	3	2	5	4	2	14	
2	7	
3	19	
6	18	0	20	5	6	
1	7	4	4	
0	16	4	1	1	18	7	21	5	24	
3	23	0	20	4	13	
6	16	0	6	
3	11	9	23	4	15	
9	15	2	8	
0	12	6	13	2	15	4	2	1	7	
2	7	3	25	7	22	4	10	
1	12	4	22	8	5	
4	25	3	9	7	11	0	13	5	6	
4	18	3	9	
0	23	6	5	4	19	
8	17	2	10	4	14	7	12	
5	14	2	2	4	5	
5	19	0	15	2	2	
7	1	8	16	3	12	4	17	0	19	
6	10	
8	18	
1	2	2	9	
2	17	3	5	7	7	1	14	9	6	
1	22	
8	18	2	8	4	13	7	9	3	14	
6	16	9	22	5	19	8	1	
1	19	4	3	
0	11	7	5	
2	20	0	21	5	24	
6	18	9	5	3	23	
3	1	4	19	2	12	5	4	
3	13	1	23	7	24	9	9	2	11	
7	9	9	21	8	18	0	3	
0	24	4	23	6	25	9	11	
6	25	
4	13	7	5	8	14	
1	3	8	2	7	18	4	4	6	20	
6	16	4	19	8	23	0	13	
6	21	2	15	4	17	
0	7	4	6	
7	4	
7	17	4	8	9	1	
0	21	9	4	4	17	8	23	5	9	
2	23	6	5	3	9	
8	19	5	2	
6	22	7	13	
2	18	8	14	1	22	
1	1	
9	2	6	10	8	6	3	1	1	16	
8	2	5	12	2	25	
7	9	9	5	0	2	
9	24	3	11	
0	23	
3	9	9	16	
0	10	5	13	
0	25	1	14	
0	14	8	17	
1	3	9	9	
7	6	4	5	
6	23	
8	3	4	7	6	16	5	2	9	10	
1	4	3	25	
4	2	3	7	
1	4	
9	21	5	16	6	17	3	13	7	19	
0	16	
1	19	0	20	2	22	3	25	6	10	
8	22	6	17	0	10	3	3	
6	20	4	24	
4	22	7	17	5	14	
8	9	1	14	9	23	
4	12	7	7	
7	23	1	22	9	4	
9	1	4	9	1	22	5	6	
4	4	0	5	
8	7	2	20	
2	2	
6	5	
1	7	
1	13	7	6	0	9	
3	1	7	8	
4	2	7	19	0	8	8	15	
6	16	1	8	3	23	5	25	0	12	
5	4	1	5	0	19	2	17	7	7	
3	25	7	4	9	9	
9	7	2	10	7	22	6	15	1	25	
6	22	2	10	7	21	4	9	
2	1	0	4	8	13	5	5	9	18	
4	7	5	21	1	20	
6	12	
5	5	0	17	7	24	4	14	9	25	
4	25	1	14	7	19	0	20	
4	18	1	16	
2	15	5	11	
2	19	7	20	
8	7	4	24	7	5	
3	6	8	12	9	4	6	20	7	24	
7	18	9	7	
8	16	1	11	9	18	7	22	5	9	
7	10	9	24	2	1	0	14	
1	23	3	12	
3	9	
6	19	3	13	
8	2	3	16	7	7	4	9	
2	21	7	1	8	5	4	24	6	3	
7	9	1	16	
9	12	6	24	8	15	7	14	
7	20	9	12	0	5	6	17	5	8	
4	22	
8	24	1	18	
3	2	5	12	1	21	4	19	
9	19	
8	23	7	1	0	9	5	5	
6	24	8	21	
3	3	4	12	2	13	0	9	
4	7	0	10	1	6	
7	14	

Three processing times per job on each machine
The best scenario
61	121	
293	72	
28	43	
54	60	
208	164	
57	75	
186	171	
126	125	
131	194	
162	259	
121	153	
181	407	
132	287	
273	248	
437	230	
110	138	
225	242	
208	196	
216	185	
227	62	
75	171	
89	193	
78	97	
498	184	
54	31	
45	95	
123	70	
294	129	
133	59	
235	87	
70	60	
342	303	
270	143	
26	31	
203	133	
63	27	
284	389	
451	353	
178	252	
79	70	
315	145	
25	28	
125	162	
198	147	
187	455	
115	299	
276	190	
63	70	
117	118	
206	170	
171	270	
138	201	
22	28	
87	74	
160	139	
147	179	
65	110	
38	15	
90	34	
84	125	
139	53	
292	84	
103	274	
25	44	
95	453	
301	404	
153	67	
113	80	
105	34	
510	170	
241	211	
184	170	
130	53	
197	195	
161	215	
374	122	
124	100	
304	231	
45	39	
54	48	
75	150	
48	54	
163	182	
46	120	
248	233	
110	61	
120	50	
125	97	
273	225	
43	43	
216	86	
426	119	
170	174	
16	17	
88	61	
23	63	
228	127	
125	289	
218	190	
59	51	
97	170	
146	45	
40	91	
197	171	
180	319	
15	44	
41	66	
131	91	
208	275	
130	46	
55	89	
120	145	
366	165	
102	164	
55	101	
186	267	
14	52	
156	124	
26	40	
87	43	
86	208	
49	38	
282	330	
196	234	
200	225	
108	139	
39	56	
40	13	
96	208	
78	73	
120	66	
312	306	
204	50	
148	160	
110	36	
44	24	
321	118	
339	195	
240	293	
100	172	
124	166	
117	175	
82	155	
177	163	
16	40	
311	91	
97	231	
72	52	
246	89	
70	60	
373	193	
165	212	
154	30	
360	111	
265	133	
242	79	
226	162	
27	39	
37	127	
262	256	
122	202	
253	64	
154	252	
235	267	
41	39	
154	55	
109	50	
216	496	
48	70	
94	138	
39	54	
122	292	
217	84	
203	218	
119	82	
325	100	
102	99	
117	200	
408	235	
229	382	
169	268	
215	203	
317	341	
59	40	
160	115	
142	321	
103	65	
16	16	
210	137	
31	53	
133	180	
84	118	
181	203	
95	193	
24	45	
27	23	
303	170	
259	383	
29	77	
46	74	
Most likely scenario
66	210	
415	137	
42	50	
59	98	
282	168	
107	82	
292	340	
156	245	
136	241	
258	414	
199	162	
296	458	
175	305	
382	411	
455	440	
167	165	
269	340	
270	266	
430	215	
333	103	
103	207	
130	224	
141	152	
521	232	
55	60	
75	112	
223	126	
562	237	
227	112	
239	118	
137	117	
549	316	
274	162	
31	52	
228	204	
64	48	
476	473	
498	390	
252	314	
133	87	
442	270	
28	36	
225	243	
242	153	
353	517	
177	387	
464	236	
96	107	
136	228	
329	176	
258	296	
260	207	
42	54	
109	121	
243	185	
174	302	
89	205	
42	27	
97	52	
108	132	
163	86	
296	165	
147	279	
27	72	
145	475	
475	413	
229	71	
205	135	
110	67	
564	327	
333	273	
320	332	
181	92	
327	284	
260	294	
382	172	
136	166	
314	323	
49	67	
72	66	
105	259	
70	75	
210	206	
85	163	
449	346	
161	91	
217	66	
128	132	
311	419	
78	61	
357	147	
470	188	
180	279	
26	30	
91	80	
28	79	
243	159	
219	314	
322	214	
99	56	
100	219	
210	68	
79	178	
216	207	
237	353	
27	45	
45	71	
186	111	
230	327	
176	81	
82	113	
229	222	
410	202	
106	173	
61	136	
227	292	
28	59	
256	234	
31	52	
166	61	
146	223	
55	53	
304	388	
270	324	
226	237	
165	146	
66	82	
54	18	
180	267	
137	135	
138	73	
346	379	
233	75	
168	171	
140	72	
64	35	
394	131	
572	204	
343	403	
118	210	
164	226	
224	201	
93	163	
301	279	
24	56	
393	170	
176	275	
82	87	
391	133	
102	65	
502	352	
241	253	
190	53	
380	120	
298	251	
269	84	
240	204	
43	65	
72	138	
284	304	
236	279	
266	87	
249	493	
243	385	
51	40	
161	86	
155	88	
337	498	
67	122	
183	152	
66	104	
147	297	
265	109	
233	300	
206	147	
386	173	
118	111	
210	211	
461	385	
370	428	
186	351	
344	230	
417	424	
93	78	
199	177	
222	331	
109	118	
23	32	
230	252	
58	59	
139	250	
98	176	
262	238	
109	283	
47	48	
52	32	
325	310	
401	440	
40	96	
84	82	
The worst scenario
80	284	
471	173	
60	53	
73	110	
299	234	
123	91	
350	341	
192	339	
179	279	
296	514	
274	194	
344	494	
206	379	
546	577	
584	652	
189	218	
308	438	
297	388	
565	228	
482	144	
152	215	
133	294	
192	162	
628	284	
56	77	
107	115	
285	130	
831	305	
260	123	
275	154	
141	123	
595	359	
380	226	
38	70	
322	223	
96	64	
508	604	
631	412	
263	409	
197	110	
648	368	
40	38	
312	325	
357	225	
356	542	
221	414	
486	278	
120	131	
171	249	
487	252	
277	380	
292	248	
56	70	
132	153	
250	186	
209	408	
110	307	
49	39	
111	59	
138	195	
184	101	
314	223	
183	303	
34	75	
163	554	
638	466	
242	104	
294	163	
113	72	
637	367	
351	406	
397	407	
245	135	
453	302	
281	414	
512	233	
142	214	
316	416	
58	68	
87	85	
108	343	
95	88	
239	302	
102	225	
504	383	
172	118	
304	76	
190	159	
442	466	
104	77	
507	214	
644	278	
186	324	
37	40	
132	107	
33	111	
294	218	
232	315	
457	300	
124	79	
105	276	
239	75	
81	209	
287	251	
265	435	
32	64	
56	74	
187	136	
337	344	
227	96	
89	154	
296	273	
605	234	
146	249	
65	193	
267	319	
42	83	
284	333	
38	78	
171	74	
195	253	
64	79	
374	551	
350	459	
304	280	
245	160	
82	107	
75	21	
249	297	
167	176	
205	105	
402	448	
279	84	
238	176	
193	97	
81	36	
447	183	
782	276	
372	503	
141	215	
182	302	
245	289	
132	182	
354	310	
34	72	
398	185	
223	412	
104	94	
492	163	
111	96	
701	379	
259	297	
264	75	
528	126	
390	322	
317	91	
263	304	
45	96	
75	163	
385	395	
270	305	
331	119	
293	665	
288	508	
68	45	
194	122	
196	115	
468	559	
90	157	
200	226	
97	144	
174	397	
384	129	
264	326	
266	149	
525	199	
128	122	
248	213	
527	495	
428	620	
213	511	
482	302	
618	627	
121	115	
288	263	
289	480	
136	122	
34	47	
312	357	
72	86	
162	342	
101	244	
359	249	
131	330	
67	52	
70	46	
465	356	
486	593	
48	105	
100	104	
