Factories	6	Jobs	100	Machines	2

Total number of component types per job processed by HSPM
12	10	8	12	6	5	11	6	6	8	10	5	9	10	11	10	10	12	8	8	11	7	9	6	10	5	9	6	8	12	8	12	7	9	9	11	10	9	12	5	9	6	7	10	12	7	9	11	8	9	7	7	8	5	10	5	6	10	9	11	10	5	11	6	10	5	7	11	11	12	8	6	6	11	11	9	7	5	11	7	10	8	7	10	7	7	10	10	8	11	11	6	7	10	6	8	6	8	11	12	

Total number of component types per job processed by MFPM
4	1	2	3	3	5	3	1	3	3	4	4	3	4	2	1	4	2	3	3	5	4	3	5	5	3	4	5	4	5	1	5	1	1	1	1	4	4	5	2	1	5	1	5	3	5	4	3	2	4	4	5	5	5	5	2	5	4	3	1	5	2	3	5	4	2	4	1	1	3	1	1	1	3	4	3	1	2	2	3	4	1	2	3	4	5	4	5	2	1	2	3	3	4	3	2	1	5	5	3	

All component type numbers for each job to be processed by HSPM
5	73	9	11	4	72	14	44	1	47	3	56	16	60	0	61	11	49	13	65	19	19	10	53	
2	17	9	66	8	29	16	57	5	10	17	69	6	37	14	70	15	22	1	23	
4	15	8	71	5	48	19	39	17	6	11	58	9	16	10	14	
16	55	10	14	8	10	1	22	2	42	17	68	13	12	3	7	14	69	5	70	9	44	7	31	
9	5	17	13	7	11	10	35	14	4	1	44	
18	52	6	26	9	65	17	35	13	58	
14	56	8	38	10	45	4	50	12	74	17	73	2	22	16	53	13	17	6	35	18	67	
7	61	18	16	12	42	5	18	4	66	15	37	
9	27	1	47	16	53	6	22	4	39	3	56	
16	34	9	33	8	18	12	2	5	71	2	75	17	70	11	65	
11	68	4	59	10	39	13	74	8	42	5	3	19	67	6	71	15	47	1	22	
15	6	12	47	5	50	13	66	11	28	
13	28	0	53	10	41	1	15	8	74	7	69	18	66	11	63	12	42	
4	43	2	25	8	44	16	23	18	8	19	35	11	46	6	16	0	49	9	22	
2	20	9	41	10	19	3	63	0	54	12	48	6	66	8	58	17	57	19	24	5	75	
15	12	14	53	4	19	12	70	8	32	7	39	0	22	10	8	3	72	1	27	
1	49	18	36	16	60	17	10	12	35	10	11	6	30	14	48	2	40	0	15	
17	26	5	72	18	41	8	65	19	49	12	33	1	43	14	51	4	75	7	15	15	53	11	12	
10	72	19	1	2	51	11	44	1	62	16	42	5	11	9	3	
12	73	7	5	6	25	1	33	5	11	14	58	17	45	8	48	
19	42	9	2	13	63	14	7	17	16	7	39	12	18	8	66	4	8	3	58	5	41	
16	68	17	40	0	47	2	70	7	55	9	13	19	2	
2	47	0	74	9	33	1	59	11	65	12	12	5	57	16	27	7	8	
0	29	14	51	10	16	9	47	17	30	8	48	
9	52	2	59	5	16	7	27	4	6	17	4	12	51	15	31	14	73	0	42	
6	18	4	22	5	7	3	64	7	27	
11	71	15	40	18	57	3	36	10	29	6	42	4	4	13	35	5	26	
19	20	4	8	3	1	13	63	14	61	6	34	
6	29	7	50	0	60	3	54	19	28	13	74	17	12	10	53	
5	28	3	43	11	73	2	23	1	49	8	72	10	54	18	2	14	35	6	75	16	38	19	3	
2	53	16	8	1	1	5	27	15	67	14	68	0	69	13	19	
5	37	16	46	15	8	7	66	9	59	10	9	8	53	12	19	11	31	13	52	3	48	19	36	
10	69	1	61	11	25	5	32	7	57	19	53	13	72	
1	18	13	71	5	12	11	74	15	62	19	50	12	66	9	38	14	45	
5	44	3	53	10	29	16	4	1	71	2	68	17	15	13	16	15	42	
9	7	6	19	5	4	11	25	10	54	12	44	3	2	18	18	16	58	14	66	1	28	
12	36	17	74	2	22	13	72	15	71	19	34	6	60	0	19	14	35	4	55	
9	17	7	6	3	16	11	64	15	43	19	12	0	56	12	13	14	42	
19	32	16	57	13	45	6	17	2	44	18	65	14	46	5	5	12	7	7	19	10	64	11	53	
16	54	10	64	2	13	7	15	19	52	
14	3	6	48	19	9	8	59	15	62	5	12	1	56	10	39	17	17	
10	32	19	33	0	12	18	54	7	31	16	4	
16	62	12	15	5	57	8	52	3	8	10	44	6	55	
16	14	13	66	3	11	1	23	2	28	5	38	18	33	15	64	9	74	6	5	
10	33	11	1	16	32	4	64	13	60	3	10	8	65	15	31	14	48	17	5	0	75	7	36	
3	63	14	2	5	57	4	67	18	13	19	39	16	41	
5	60	15	39	7	75	3	54	2	17	16	16	13	4	11	20	8	7	
4	26	15	33	1	69	17	31	12	71	9	18	11	46	5	44	7	48	8	37	14	4	
3	31	2	39	9	75	12	73	15	4	16	19	18	52	11	62	
2	11	14	27	0	61	4	59	17	38	16	29	8	43	7	30	11	68	
8	24	9	5	12	53	2	59	14	35	15	50	11	62	
0	37	16	57	7	10	1	11	19	60	11	74	13	66	
2	5	10	45	12	50	6	61	3	64	1	35	8	1	11	71	
19	69	15	41	8	42	18	50	7	67	
4	65	15	32	13	15	8	22	17	75	1	43	19	27	14	52	7	64	6	20	
5	63	0	1	1	53	13	35	17	65	
14	55	9	60	4	44	6	33	18	69	2	52	
3	31	1	46	13	64	9	36	8	71	19	72	7	56	6	34	14	38	11	42	
3	51	1	6	13	40	14	65	9	21	0	48	19	60	2	67	15	13	
4	38	1	1	11	74	16	50	8	14	2	7	13	13	3	56	0	8	10	34	18	31	
6	35	19	36	0	10	2	73	17	3	15	48	8	54	7	51	12	42	4	41	
8	56	18	43	19	45	12	65	1	62	
8	38	16	16	11	50	7	56	14	8	17	5	4	29	18	31	15	36	6	15	19	48	
18	54	13	25	5	62	10	45	0	3	15	19	
18	46	3	20	5	28	0	66	19	22	11	57	14	55	9	35	10	69	4	10	
2	66	8	30	12	56	13	2	9	9	
13	17	1	61	5	72	11	44	0	8	7	68	17	62	
12	26	2	33	1	34	18	11	5	28	16	16	6	9	13	3	0	8	7	55	17	73	
6	27	14	52	17	51	0	26	5	38	19	53	15	22	8	73	4	43	10	9	3	37	
8	5	9	36	6	20	5	35	1	45	0	13	3	31	12	49	4	59	11	37	10	11	17	42	
4	66	16	52	13	19	9	40	0	16	6	30	3	37	15	32	
14	47	1	60	0	36	6	18	2	19	18	57	
6	11	7	19	3	70	17	3	13	43	11	60	
2	53	16	37	14	17	12	14	13	19	4	46	7	25	3	20	5	75	1	45	11	28	
18	14	8	8	2	65	5	15	17	74	15	18	1	54	7	12	19	28	10	55	14	60	
5	7	2	61	8	20	15	22	16	56	17	3	11	54	3	16	7	15	
15	58	9	60	3	44	12	67	19	18	13	30	10	74	
16	49	19	33	2	43	1	29	17	42	
17	68	1	18	13	65	16	69	3	27	12	8	0	49	19	45	18	3	10	50	5	54	
13	2	2	66	17	54	4	36	15	46	14	21	12	68	
9	18	5	16	17	2	18	9	14	47	0	49	7	26	11	52	6	43	4	71	
4	32	6	50	15	54	3	64	2	44	7	19	16	75	9	14	
9	18	4	27	5	31	16	41	8	36	1	70	15	10	
0	28	15	59	3	32	10	25	18	41	8	49	7	48	17	61	11	70	9	37	
18	71	9	37	5	33	12	56	8	4	3	22	11	32	
17	51	10	62	14	16	12	55	1	20	9	26	18	3	
19	13	14	40	0	34	11	22	12	20	3	47	18	31	1	30	7	16	2	14	
19	8	3	64	1	2	4	16	15	36	16	7	2	63	8	12	17	44	14	53	
4	57	13	67	3	12	17	21	12	49	8	74	0	1	14	17	
19	19	14	17	4	30	8	16	5	64	2	72	17	14	13	31	6	56	10	44	7	26	
5	49	19	34	14	38	10	10	3	23	18	74	12	3	6	25	4	22	13	20	16	5	
1	37	10	14	16	39	19	69	5	63	2	66	
1	63	16	2	8	5	0	40	12	30	19	74	18	52	
1	39	8	17	11	1	9	44	15	18	18	21	16	35	7	38	19	8	6	22	
5	16	19	44	14	43	0	47	6	63	8	45	
18	34	11	14	3	29	19	68	7	4	10	69	2	46	13	71	
16	49	0	13	14	61	4	30	1	18	19	31	
5	28	9	45	11	25	17	31	18	53	19	27	15	48	6	63	
5	73	19	35	4	46	16	14	17	58	18	25	15	27	0	41	9	53	7	7	8	51	
5	28	14	23	8	43	2	21	17	20	15	26	9	49	4	61	6	69	0	24	19	12	18	35	

All component type numbers for each job to be processed by MFPM
5	25	1	3	0	14	7	5	
7	2	
2	3	4	5	
4	7	5	22	1	23	
1	19	8	6	5	24	
8	11	5	6	1	5	0	3	6	2	
2	7	6	13	7	14	
2	3	
0	11	9	13	8	10	
1	25	9	6	4	17	
0	3	7	5	8	10	3	18	
6	24	4	14	0	21	8	3	
7	16	4	19	6	23	
3	7	0	5	6	21	1	2	
9	13	1	23	
6	21	
7	25	9	21	0	9	5	10	
1	23	4	20	
2	15	1	2	3	9	
0	20	3	1	4	23	
1	12	9	24	3	25	8	16	2	21	
4	22	1	16	8	12	7	14	
2	6	6	15	5	4	
4	5	1	25	7	15	2	17	0	24	
4	12	9	15	6	10	8	23	0	5	
6	17	9	21	2	1	
6	10	1	15	3	21	7	20	
4	17	6	3	5	24	8	16	9	8	
4	23	3	6	0	14	6	11	
4	11	1	20	0	23	9	6	6	13	
4	15	
8	21	6	12	5	13	2	9	3	22	
3	20	
7	23	
3	9	
3	4	
4	11	8	12	0	6	5	5	
3	6	9	7	0	17	4	11	
2	23	3	18	9	20	0	19	5	2	
0	18	2	17	
2	11	
0	14	1	24	4	19	8	21	7	6	
9	2	
6	8	4	9	9	11	5	3	3	13	
1	20	9	17	8	24	
0	12	5	13	6	18	8	16	2	19	
0	12	3	25	8	17	6	14	
9	17	3	3	4	25	
0	24	8	9	
0	25	4	5	2	13	8	21	
3	9	5	4	8	16	4	25	
3	9	2	16	8	2	5	3	9	17	
6	4	0	15	1	22	2	24	3	16	
7	12	8	16	1	22	6	15	5	11	
0	13	4	1	5	5	1	3	3	6	
0	18	2	2	
2	18	3	13	7	11	0	10	9	8	
5	17	2	20	3	14	6	16	
0	4	1	15	3	5	
8	9	
2	15	4	9	7	18	9	10	3	2	
3	15	5	12	
3	12	4	23	2	5	
9	18	7	15	3	21	6	4	1	7	
7	25	3	7	8	14	9	20	
2	24	0	21	
6	23	1	21	5	1	3	3	
4	15	
2	7	
3	20	6	16	5	9	
8	8	
1	25	
7	5	
4	10	2	6	0	1	
5	22	7	4	0	9	1	19	
2	5	5	22	4	2	
0	9	
1	18	3	11	
2	1	9	4	
4	17	2	19	5	9	
2	9	5	19	3	4	0	16	
7	12	
9	12	4	5	
3	17	9	6	7	13	
8	1	0	24	2	10	7	5	
0	14	4	20	3	1	6	10	1	11	
8	9	6	4	0	24	3	14	
7	10	5	21	8	8	3	1	9	17	
0	9	3	8	
0	13	
4	25	3	17	
9	11	8	24	1	18	
6	8	0	22	1	15	
2	13	6	7	4	1	3	10	
8	2	9	9	4	22	
8	20	1	12	
5	6	
3	17	4	8	0	10	2	3	7	5	
6	4	3	18	5	6	7	1	9	25	
9	10	3	21	7	7	

Three processing times per job on each machine
The best scenario
173	200	
40	22	
119	140	
66	26	
114	465	
404	162	
34	24	
266	338	
176	197	
351	215	
46	118	
145	161	
188	80	
12	43	
151	212	
400	245	
63	101	
437	165	
228	294	
48	32	
261	301	
59	56	
98	251	
158	287	
37	18	
163	167	
170	391	
59	47	
85	116	
137	194	
69	26	
131	197	
107	80	
172	193	
57	67	
162	384	
27	90	
144	221	
69	79	
266	296	
300	134	
148	229	
75	114	
115	93	
144	133	
39	37	
65	29	
369	288	
84	46	
292	172	
22	52	
83	44	
48	80	
76	81	
265	143	
353	191	
24	20	
98	85	
394	82	
163	92	
182	138	
109	86	
255	122	
44	68	
205	107	
140	201	
33	37	
182	112	
182	121	
88	66	
294	111	
121	268	
184	86	
152	83	
208	173	
197	201	
55	68	
245	77	
376	249	
305	201	
47	81	
57	25	
336	138	
49	87	
304	190	
26	17	
79	31	
10	20	
199	410	
211	240	
132	333	
164	299	
93	39	
243	243	
51	41	
41	69	
159	108	
101	89	
358	240	
333	258	
Most likely scenario
267	252	
42	36	
121	203	
125	31	
207	492	
406	178	
68	31	
274	423	
342	258	
433	264	
59	156	
207	185	
234	155	
20	52	
161	348	
404	449	
65	112	
475	266	
249	429	
53	36	
275	392	
73	64	
116	312	
261	336	
48	21	
316	219	
302	435	
63	63	
151	218	
145	253	
88	41	
153	243	
140	120	
173	336	
79	129	
185	448	
52	106	
276	254	
79	112	
442	448	
401	177	
205	244	
119	174	
129	180	
145	141	
57	55	
73	54	
391	321	
110	58	
339	233	
39	53	
127	75	
66	130	
114	150	
508	175	
418	214	
27	23	
122	119	
458	160	
246	134	
229	212	
116	171	
279	134	
67	80	
383	203	
211	299	
58	66	
337	123	
325	170	
153	77	
362	133	
172	400	
248	129	
171	94	
214	280	
294	206	
61	122	
253	86	
497	438	
437	233	
82	96	
86	31	
362	233	
86	91	
419	245	
34	32	
125	54	
16	25	
224	504	
265	290	
233	468	
265	389	
111	49	
276	292	
93	45	
51	96	
300	206	
153	99	
363	414	
544	282	
The worst scenario
291	297	
45	38	
161	217	
138	38	
219	520	
507	209	
75	36	
374	524	
416	358	
514	391	
83	197	
278	201	
285	231	
26	60	
203	466	
410	504	
71	131	
490	351	
319	584	
72	39	
286	521	
93	76	
154	398	
343	357	
58	24	
447	249	
436	613	
88	90	
172	243	
203	326	
119	44	
207	345	
207	129	
259	492	
88	131	
223	480	
63	136	
371	319	
111	151	
532	456	
548	185	
302	265	
168	236	
186	232	
186	143	
67	62	
87	55	
510	395	
162	84	
481	238	
42	69	
178	88	
92	188	
132	172	
678	182	
562	301	
39	29	
162	147	
530	184	
265	187	
317	317	
168	193	
322	143	
79	90	
443	227	
294	349	
77	86	
342	127	
449	216	
213	78	
463	178	
211	526	
325	157	
233	138	
289	339	
382	222	
78	175	
335	101	
668	540	
620	250	
94	142	
113	37	
507	315	
129	93	
623	319	
40	45	
129	68	
24	27	
326	559	
350	342	
348	592	
340	451	
135	57	
413	374	
110	65	
56	120	
424	296	
213	103	
499	521	
596	379	
