Factories	3	Jobs	100	Machines	3

Total number of component types per job processed by HSPM
7	5	7	9	12	7	6	9	5	12	6	7	8	11	8	8	7	8	9	5	7	9	7	5	11	9	11	11	10	11	7	10	12	9	10	6	10	5	10	12	7	9	9	5	9	10	10	7	12	10	6	5	9	5	11	9	11	12	12	7	11	9	6	11	5	10	10	5	10	9	7	11	7	11	10	8	5	8	8	12	10	11	11	5	9	10	12	12	5	8	8	11	12	9	5	5	10	6	6	6	

Total number of component types per job processed by MFPM
3	2	2	1	1	1	4	5	2	3	3	4	4	1	1	1	1	1	1	2	2	1	4	1	2	1	4	1	4	1	3	4	2	5	2	5	3	2	4	5	2	5	2	3	1	5	4	4	1	4	5	5	2	2	4	5	3	3	1	2	2	3	3	2	2	2	1	2	2	5	5	5	3	2	3	2	4	1	1	3	2	5	3	3	1	1	1	2	2	2	4	5	3	1	2	2	5	1	1	1	1	1	5	3	5	5	5	2	5	2	1	3	2	2	2	1	3	4	2	3	2	2	3	1	3	2	5	4	2	5	3	5	4	2	3	4	4	2	3	1	5	4	3	3	1	4	2	1	1	3	2	2	1	1	4	4	5	1	5	1	1	2	1	5	2	4	3	5	3	4	2	2	2	2	3	2	2	5	1	1	4	5	3	2	3	2	3	3	5	5	1	3	4	1	4	1	3	2	2	5	

All component type numbers for each job to be processed by HSPM
14	64	17	41	16	47	10	9	8	45	12	65	5	54	
11	32	14	70	6	50	16	17	8	31	
18	40	9	64	13	67	0	44	12	48	16	50	5	23	
13	57	10	65	11	13	2	29	16	64	0	5	6	15	14	27	19	35	
18	46	16	13	1	23	7	53	3	21	0	5	17	69	11	10	2	3	14	72	4	26	13	41	
14	52	5	11	4	48	9	3	1	38	18	18	13	50	
6	11	13	6	14	57	0	56	8	52	11	19	
15	8	0	68	7	16	18	73	9	34	11	36	17	27	3	43	12	67	
6	51	0	48	9	24	16	8	5	20	
5	72	14	65	2	10	3	17	11	26	15	37	4	19	18	68	9	60	16	6	1	12	12	5	
19	32	13	51	1	5	9	39	10	64	16	24	
2	58	0	12	15	26	9	45	10	38	17	73	5	23	
3	20	19	5	18	23	8	11	1	8	4	52	17	53	12	72	
19	69	13	49	15	27	10	23	6	61	2	8	1	68	3	40	9	18	8	13	11	67	
14	74	4	21	9	32	13	4	5	62	19	64	7	17	16	47	
17	47	8	18	5	62	11	2	0	42	3	41	9	12	7	34	
15	31	6	74	19	39	9	20	13	2	0	43	16	11	
3	56	1	9	9	5	19	72	14	41	6	49	5	34	12	58	
8	67	18	20	9	14	14	71	0	53	16	72	11	52	7	44	15	16	
4	43	3	53	1	34	12	72	10	40	
16	47	4	62	10	68	3	24	15	40	2	59	18	71	
3	16	7	58	2	68	15	15	18	66	4	75	13	69	9	70	8	27	
1	29	14	66	16	25	15	64	5	74	12	8	17	9	
19	20	7	11	8	69	15	49	1	36	
17	50	1	13	4	67	13	51	5	48	6	41	2	73	11	37	19	60	3	30	9	66	
2	70	14	72	12	31	7	50	15	15	13	49	18	1	0	37	4	53	
2	5	6	14	19	13	11	55	14	23	3	15	13	20	1	38	15	4	18	51	10	25	
14	10	4	66	0	46	2	21	17	55	10	51	13	64	15	23	6	25	8	72	3	40	
8	68	12	12	15	60	11	72	7	63	4	30	17	16	1	54	9	67	0	41	
7	19	8	37	1	1	15	9	5	32	18	35	9	65	2	26	12	46	17	71	6	54	
17	24	7	38	11	8	14	18	3	25	9	16	2	62	
7	53	0	70	13	37	4	9	10	25	15	6	11	42	18	72	12	43	19	13	
18	14	1	6	12	75	13	13	19	68	6	34	4	48	3	53	7	70	8	29	17	40	9	65	
15	62	14	57	7	75	13	35	18	1	10	13	11	37	5	16	0	50	
6	63	15	9	13	12	1	7	19	73	11	4	5	66	0	6	14	72	12	21	
3	3	8	10	13	25	6	73	5	74	16	16	
13	24	8	48	7	11	9	7	16	69	4	34	18	42	2	26	12	6	10	4	
4	47	11	10	10	18	19	13	7	39	
18	4	4	66	7	24	0	40	1	58	11	62	16	23	13	33	9	44	12	37	
11	39	0	48	7	35	13	30	17	67	18	31	14	28	1	27	6	43	3	61	12	71	9	49	
8	26	9	44	11	61	17	36	12	6	16	23	0	31	
12	63	15	44	16	7	9	37	1	49	18	59	8	18	13	55	3	1	
5	26	7	31	18	13	17	17	12	69	9	71	15	39	4	4	1	24	
8	58	1	64	6	24	10	5	7	61	
0	1	1	10	16	65	13	2	4	41	11	75	14	61	15	49	10	5	
1	3	11	5	18	14	6	71	15	25	9	61	0	1	16	10	13	20	3	36	
2	21	7	67	12	48	0	5	14	4	11	52	17	73	10	20	4	56	3	28	
19	60	11	18	17	58	1	73	2	39	4	52	13	22	
6	31	1	71	0	37	2	64	17	33	9	67	13	18	12	57	19	5	7	51	18	69	4	9	
5	15	2	34	3	41	12	24	9	37	17	51	8	30	6	55	13	63	19	11	
6	54	8	64	15	58	11	3	3	41	13	75	
6	7	8	43	12	11	11	59	2	64	
2	74	4	64	0	10	14	62	1	7	6	17	17	38	8	54	16	41	
17	46	6	21	18	61	19	2	12	57	
10	19	9	41	2	4	5	26	18	11	7	72	19	57	13	61	6	70	15	30	3	6	
16	19	11	20	17	46	13	6	5	73	10	2	8	8	2	63	19	66	
1	52	19	31	11	32	0	54	8	42	7	71	10	14	4	2	9	37	15	44	16	29	
9	10	7	50	5	49	4	53	13	35	16	6	17	9	0	36	14	22	15	14	6	31	3	70	
9	71	18	66	2	70	16	40	0	43	6	2	19	18	12	32	10	58	14	42	7	45	3	68	
4	71	8	13	15	4	3	6	11	22	9	26	10	29	
4	31	0	30	6	58	12	60	13	61	9	47	7	6	10	16	3	11	14	69	19	24	
16	68	3	22	10	34	14	3	17	32	18	29	8	7	7	43	19	14	
11	64	12	4	16	12	1	65	19	36	13	57	
12	1	3	7	5	36	16	29	17	39	18	41	19	47	2	45	13	42	11	34	9	65	
2	35	8	58	5	3	0	66	3	30	
10	68	19	33	7	9	16	27	6	56	2	30	17	65	8	67	11	19	4	18	
19	24	8	53	2	44	18	28	13	71	12	50	3	13	6	19	14	61	17	58	
11	51	17	12	9	38	4	4	3	53	
3	9	14	17	16	50	17	31	10	43	5	42	15	11	11	68	2	54	0	56	
4	39	7	25	19	52	16	6	6	50	11	40	8	18	9	75	14	16	
8	33	16	72	9	29	19	35	3	32	0	21	12	55	
16	14	19	54	7	42	13	55	8	23	1	32	9	52	18	58	17	56	10	2	3	74	
13	64	18	6	11	31	0	49	7	35	14	27	12	13	
15	14	13	56	5	55	14	16	4	51	19	8	17	43	8	1	2	63	10	35	0	62	
14	60	5	59	9	44	4	1	13	2	12	64	0	45	16	50	15	22	8	37	
4	28	17	67	18	40	13	53	6	56	15	3	0	54	2	47	
14	40	3	49	11	53	10	13	6	52	
2	1	10	52	16	9	5	34	14	15	17	12	7	49	19	63	
5	70	9	28	13	44	6	19	1	4	3	66	11	41	12	24	
8	24	13	18	9	16	19	15	11	72	2	56	3	25	15	71	17	57	1	55	0	74	16	17	
11	28	18	3	1	12	8	29	14	17	13	14	17	65	5	43	19	25	9	66	
0	56	2	10	15	18	13	41	14	30	5	2	3	3	9	7	18	65	6	17	7	58	
16	49	3	58	1	3	8	75	14	55	0	21	11	22	2	73	5	44	15	40	7	31	
4	13	6	63	0	51	18	11	14	8	
7	61	1	35	15	47	17	38	12	65	16	58	10	27	2	15	3	55	
9	38	16	68	19	48	5	71	12	12	6	15	18	51	0	74	10	20	3	21	
6	28	18	11	15	49	5	36	17	64	1	21	19	1	7	54	2	72	16	13	14	56	12	44	
1	6	9	11	17	52	5	73	8	19	18	62	12	68	3	23	15	27	7	44	0	55	2	42	
17	21	8	45	3	26	16	11	9	48	
6	3	5	36	4	9	13	74	8	56	9	58	1	46	0	22	
9	11	5	52	15	22	19	68	6	30	10	46	0	10	4	64	
15	43	3	30	6	48	10	31	0	65	19	18	2	67	12	33	4	6	13	9	9	66	
19	12	10	71	8	33	12	66	15	48	2	68	17	17	3	43	16	37	1	20	14	23	6	8	
9	63	15	3	8	73	7	41	12	44	17	43	13	13	10	59	11	39	
13	27	2	74	18	63	6	1	8	64	
7	35	13	48	8	74	2	36	17	43	
9	40	3	43	19	64	13	58	16	46	12	9	4	74	17	72	10	1	14	36	
1	43	4	46	14	38	12	49	19	16	2	42	
16	46	12	74	4	34	8	7	10	16	14	39	
19	54	8	73	15	48	10	18	7	74	16	25	

All component type numbers for each job to be processed by MFPM
6	10	3	8	1	16	
9	30	0	27	
6	9	0	25	
2	28	
3	5	
9	47	
3	11	4	22	0	19	2	1	
7	36	9	39	8	34	6	41	2	33	
7	12	0	25	
4	36	6	34	7	37	
6	23	8	15	2	25	
7	45	1	27	5	35	8	34	
2	14	3	16	7	10	9	11	
2	44	
1	5	
7	26	
4	25	
5	29	
1	15	
7	48	4	31	
7	2	5	6	
0	36	
5	7	9	6	4	14	1	5	
0	41	
7	17	5	5	
9	26	
4	10	2	7	6	15	3	1	
5	27	
8	19	0	20	3	14	5	16	
6	49	
8	5	0	10	3	20	
1	27	6	26	3	40	8	31	
0	13	4	9	
8	49	4	39	6	29	7	43	0	32	
4	16	9	20	
7	45	3	33	4	36	5	39	9	27	
4	6	8	9	9	14	
0	26	8	30	
5	17	8	10	1	7	3	18	
2	45	8	32	9	37	5	43	0	29	
7	24	1	15	
5	42	7	33	3	40	1	46	8	49	
0	2	4	20	
8	48	7	27	6	34	
6	9	
3	38	7	31	2	48	9	33	4	26	
6	11	1	18	2	25	9	22	
3	35	6	50	4	46	7	30	
7	22	
7	46	3	37	2	32	6	39	
0	19	6	12	2	20	4	17	7	18	
1	49	4	27	5	35	7	34	8	33	
5	14	8	20	
3	47	9	43	
7	2	5	1	3	5	9	21	
5	28	8	39	4	31	7	30	1	43	
9	17	0	21	3	7	
4	26	9	29	7	35	
6	25	
6	32	2	35	
7	12	5	20	
3	39	5	32	4	47	
5	1	3	10	0	21	
0	45	2	47	
2	21	9	17	
7	41	6	27	
5	15	
6	35	9	43	
5	6	8	19	
7	28	4	33	0	40	3	47	9	37	
6	6	3	9	9	2	2	14	1	11	
5	39	3	28	4	37	0	50	9	48	
7	13	2	2	1	20	
8	43	7	45	
3	8	4	23	9	19	
4	26	8	34	
6	4	8	18	7	2	4	16	
0	50	
0	24	
9	26	6	37	5	33	
6	9	1	19	
0	49	9	32	1	27	6	39	2	44	
1	24	0	7	8	16	
7	39	6	49	4	38	
0	7	
7	27	
0	9	
2	46	8	48	
6	1	0	14	
0	47	5	46	
4	15	3	11	6	19	9	7	
5	49	8	42	2	26	4	28	3	33	
3	12	4	7	5	10	
8	32	
6	18	4	6	
8	48	2	44	
1	23	5	2	0	17	7	20	2	7	
9	41	
4	16	
3	28	
7	6	
4	45	
1	8	5	2	2	23	3	12	0	22	
0	44	8	30	2	32	
0	14	2	7	5	11	8	10	4	3	
5	27	8	39	2	42	1	43	9	45	
4	19	2	22	7	17	9	3	3	25	
9	39	7	29	
1	12	4	16	3	15	7	18	5	1	
2	36	1	48	
5	9	
9	37	0	42	2	44	
9	9	8	8	
1	32	0	38	
5	12	2	15	
6	30	
9	24	8	13	5	18	
4	41	1	26	0	40	6	35	
7	17	2	20	
8	37	2	39	6	45	
0	8	3	21	
4	34	5	43	
2	3	9	8	3	19	
7	31	
3	9	7	13	1	23	
0	39	6	45	
2	12	9	14	4	9	7	11	3	21	
9	29	7	43	2	49	5	39	
1	13	7	9	
0	50	7	33	6	45	9	44	1	32	
8	13	9	9	5	11	
4	41	2	29	5	37	3	39	7	31	
5	3	3	21	4	15	9	2	
8	29	9	39	
2	3	6	1	9	6	
2	38	5	31	0	47	7	26	
8	12	2	23	1	5	0	14	
0	31	5	49	
9	5	2	3	1	2	
4	28	
2	19	3	1	7	10	1	21	0	11	
6	30	1	50	0	49	7	38	
2	1	8	7	6	6	
2	29	6	35	3	47	
6	24	
1	36	0	40	8	38	7	29	
4	22	8	20	
0	37	
4	9	
5	46	2	44	3	43	
0	23	9	16	
3	40	8	29	
2	11	
2	30	
3	14	8	8	6	17	2	18	
0	30	6	36	7	42	5	38	
3	10	8	16	0	18	2	4	6	2	
2	44	
8	14	9	5	2	22	7	6	0	21	
8	37	
3	22	
9	31	8	47	
6	23	
7	30	3	49	5	27	2	31	1	50	
7	19	2	9	
6	48	4	35	9	29	1	50	
9	11	5	3	7	12	
8	34	3	43	1	40	0	27	9	46	
3	22	9	7	0	5	
8	31	0	43	4	38	3	40	
3	4	7	3	
0	32	1	47	
1	19	6	5	
1	39	0	49	
0	20	8	11	4	14	
8	32	9	26	
4	13	5	2	
6	35	8	31	9	33	1	37	4	36	
5	10	
6	45	
0	1	9	9	1	14	5	12	
5	47	4	38	0	40	6	44	3	30	
3	16	2	17	7	5	
5	27	6	50	
8	20	4	23	5	7	
6	46	3	43	
9	10	1	9	8	6	
1	34	4	47	9	32	
0	22	5	4	4	15	8	14	7	19	
6	26	9	31	4	38	0	47	3	43	
8	12	
7	38	9	27	8	29	
2	22	7	23	0	7	8	18	
3	42	
1	17	7	19	9	8	2	6	
6	50	
9	4	2	23	3	19	
7	45	6	28	
2	18	3	11	
7	43	5	41	6	48	8	36	0	26	

Three processing times per job on each machine
The best scenario
221	124	248	
156	54	95	
406	1357	1083	
58	99	52	
303	574	317	
131	234	229	
753	456	530	
299	680	139	
99	178	204	
459	656	923	
840	342	984	
176	106	157	
229	155	406	
366	191	627	
108	41	165	
373	1027	934	
765	213	702	
354	1138	568	
328	497	206	
79	247	140	
159	92	223	
361	255	134	
260	275	167	
302	542	1044	
339	836	377	
596	397	670	
672	526	311	
344	333	178	
261	255	167	
568	451	407	
643	621	880	
300	223	568	
346	288	1003	
105	158	114	
82	109	31	
242	299	993	
304	513	312	
264	301	208	
133	126	135	
470	900	1149	
226	643	1134	
643	453	317	
365	191	223	
895	497	490	
142	367	462	
453	169	272	
447	534	774	
400	315	638	
171	139	271	
898	326	519	
567	282	276	
114	285	227	
646	530	443	
227	190	285	
277	237	257	
639	527	674	
314	300	159	
450	382	186	
123	113	164	
597	176	628	
105	269	129	
338	212	203	
517	641	597	
340	437	554	
387	221	304	
148	83	135	
341	271	300	
778	267	712	
722	287	599	
794	628	379	
463	352	472	
844	225	220	
732	457	753	
61	168	131	
337	411	131	
149	146	161	
698	955	1087	
525	274	662	
228	280	326	
844	540	779	
885	247	1028	
128	482	577	
464	741	283	
72	106	190	
195	901	505	
581	503	324	
71	220	87	
324	438	465	
457	448	428	
381	427	276	
864	734	941	
634	268	367	
145	250	523	
620	694	523	
367	814	366	
776	778	846	
317	231	148	
1217	735	1032	
140	225	159	
1052	824	440	
Most likely scenario
266	186	265	
234	63	186	
812	1358	1358	
83	122	86	
435	1006	602	
248	258	239	
994	624	746	
401	707	265	
194	283	361	
916	911	1052	
1072	443	1087	
311	107	177	
427	293	580	
655	309	673	
138	56	214	
436	1281	1049	
827	394	704	
497	1456	615	
571	607	302	
122	275	212	
239	177	240	
409	286	232	
313	279	190	
603	807	1277	
619	969	638	
870	723	817	
1049	760	346	
399	548	186	
395	356	327	
575	678	428	
997	970	1114	
405	283	668	
380	576	1097	
136	165	122	
157	170	58	
444	432	1198	
341	630	520	
301	526	408	
168	196	184	
557	1183	1448	
345	1190	1270	
921	854	536	
397	201	325	
920	526	752	
274	547	708	
498	294	475	
520	836	1121	
555	386	960	
254	227	300	
1032	332	965	
985	552	320	
163	286	454	
753	606	550	
410	237	351	
457	246	267	
877	615	696	
541	342	249	
463	445	316	
163	200	207	
877	300	840	
161	345	198	
453	356	338	
677	717	613	
649	525	623	
450	327	355	
196	138	146	
350	349	600	
1257	491	799	
1026	378	1120	
806	819	392	
666	687	493	
1279	343	410	
918	541	1055	
87	190	149	
359	468	139	
233	252	308	
755	1317	1294	
622	428	687	
241	350	466	
1092	996	998	
1318	463	1108	
186	515	600	
516	932	434	
123	122	301	
303	967	630	
1114	767	486	
130	251	110	
519	583	473	
475	532	599	
402	538	364	
1226	948	1236	
655	275	592	
263	297	853	
654	769	700	
436	899	490	
1289	1097	1259	
345	333	246	
1317	788	1096	
159	263	217	
1298	1237	833	
The worst scenario
368	231	348	
244	66	211	
1188	1798	1500	
103	147	118	
612	1062	631	
268	332	254	
1269	698	851	
441	731	269	
230	320	496	
1186	1348	1363	
1469	569	1140	
446	135	198	
433	418	801	
866	439	954	
176	73	266	
486	1631	1180	
1045	585	872	
740	1771	907	
816	648	313	
160	316	238	
276	258	256	
575	398	237	
338	287	199	
901	1000	1535	
831	1311	654	
933	864	1121	
1522	840	351	
547	662	235	
496	435	336	
828	721	566	
1470	983	1484	
602	345	777	
412	603	1637	
159	190	171	
230	207	81	
592	433	1347	
366	767	707	
310	598	502	
181	220	230	
669	1327	2165	
503	1451	1805	
955	1261	616	
403	286	329	
1227	740	870	
402	820	918	
673	331	703	
725	993	1253	
763	395	1411	
318	295	433	
1150	349	1345	
1070	633	434	
242	399	559	
920	755	679	
442	319	483	
487	342	325	
1110	754	710	
696	393	314	
484	586	385	
171	277	222	
935	410	1130	
222	362	257	
490	363	421	
869	883	724	
937	714	702	
544	362	519	
285	171	156	
409	458	785	
1794	591	810	
1310	518	1347	
844	920	499	
799	797	670	
1359	404	458	
1067	638	1308	
112	226	159	
367	500	188	
285	362	433	
1073	1803	1791	
878	545	751	
280	432	685	
1394	1138	1266	
1696	647	1193	
203	579	812	
760	968	537	
165	137	413	
363	1065	740	
1561	836	507	
166	365	113	
756	772	524	
504	721	729	
586	621	385	
1468	1332	1698	
677	286	668	
276	330	1187	
765	901	890	
560	1162	651	
1775	1629	1340	
514	353	286	
1540	880	1098	
190	306	303	
1698	1305	992	
