Factories	6	Jobs	150	Machines	3

Total number of component types per job processed by HSPM
9	6	11	11	7	6	5	7	10	9	6	5	8	12	9	8	11	8	11	7	11	6	11	12	10	9	11	9	9	7	7	5	9	8	6	9	12	10	7	7	12	12	6	5	12	10	7	6	7	9	9	10	5	11	7	8	5	12	11	9	7	6	12	6	9	10	10	12	5	8	7	7	9	9	8	5	7	11	12	5	6	5	12	8	9	12	12	6	6	5	9	12	9	11	12	5	10	11	6	6	12	7	12	6	8	8	5	6	9	7	8	6	9	5	12	8	5	10	11	8	12	11	6	12	6	7	7	9	10	5	11	7	8	6	6	5	8	8	12	7	11	6	5	7	9	10	8	11	10	12	

Total number of component types per job processed by MFPM
4	4	5	5	1	1	1	5	4	2	5	2	3	1	1	4	3	1	5	2	2	4	1	3	1	5	2	1	4	4	3	3	2	1	4	5	1	3	2	1	3	2	1	2	1	2	2	5	5	4	1	2	2	3	3	5	4	5	5	2	2	2	3	5	2	5	5	5	5	4	3	5	2	2	2	2	1	3	5	5	3	5	5	1	4	3	2	4	1	5	1	5	1	2	5	3	2	3	5	2	4	4	5	2	3	4	5	5	1	1	4	5	1	4	4	2	3	4	5	1	5	1	1	3	4	1	4	3	1	3	4	1	2	1	1	1	2	4	1	5	1	4	3	1	3	3	3	2	3	3	3	1	1	1	1	5	3	5	1	3	5	3	4	5	5	3	5	2	4	2	1	3	1	2	5	5	5	1	4	2	4	5	3	1	3	3	4	1	2	1	3	2	4	1	3	4	1	2	2	2	3	4	4	3	5	5	5	2	5	3	5	3	2	3	2	3	2	4	3	1	5	2	2	4	4	5	5	4	4	3	1	1	4	2	4	2	5	2	5	2	3	1	5	2	4	4	4	5	2	5	1	4	2	4	3	4	5	5	3	2	5	3	2	5	1	4	3	4	1	5	5	5	1	5	4	2	2	4	4	3	3	5	5	3	1	4	2	4	1	4	3	2	2	5	1	2	4	4	2	2	

All component type numbers for each job to be processed by HSPM
10	62	8	48	4	10	16	12	17	22	1	74	15	63	5	72	0	5	
3	60	15	35	14	66	6	23	19	15	0	8	
18	37	16	10	12	3	6	53	3	44	2	23	19	15	1	61	11	14	4	74	15	51	
8	23	4	10	12	3	16	47	3	72	18	27	0	50	19	19	5	25	1	63	11	37	
5	56	16	75	4	23	0	45	10	63	19	71	2	74	
15	68	1	60	17	56	8	43	3	7	9	49	
1	38	5	40	18	7	19	63	11	37	
19	29	10	45	2	17	5	64	12	43	1	28	15	74	
11	39	18	45	17	61	9	62	4	67	19	35	16	70	13	28	14	59	10	1	
7	40	4	12	5	72	10	3	17	68	9	44	6	39	18	21	0	15	
19	20	14	9	3	2	12	65	5	57	10	1	
9	31	10	41	14	7	13	64	1	30	
6	44	11	12	17	27	12	62	4	18	3	33	8	55	18	15	
11	46	14	11	19	71	0	53	15	43	7	35	5	67	2	37	1	74	16	39	6	20	13	26	
16	68	15	53	13	14	1	74	19	66	9	26	10	40	0	13	6	56	
3	33	0	62	15	58	2	17	4	70	12	61	16	28	9	18	
4	63	6	15	19	73	2	46	5	53	3	41	13	50	12	62	15	29	0	19	14	64	
19	57	17	41	8	1	10	33	0	2	6	49	11	61	18	29	
1	62	15	2	11	68	13	3	4	71	17	63	8	7	18	57	14	46	6	48	16	34	
14	73	7	70	3	33	6	40	11	41	19	47	1	16	
15	73	1	75	0	17	13	36	10	45	8	12	19	64	6	3	2	9	17	60	12	24	
19	20	3	10	14	9	15	37	17	14	4	69	
18	37	9	8	13	14	4	54	7	58	15	69	3	24	0	42	5	63	8	16	6	55	
13	3	6	19	17	5	10	50	14	66	7	68	4	41	9	28	16	10	3	25	1	54	2	52	
3	29	18	33	8	64	10	73	6	30	1	68	17	32	0	39	15	43	12	4	
14	17	13	12	2	16	12	24	18	44	1	36	5	25	6	19	15	54	
14	62	13	4	10	42	5	41	12	71	3	68	4	37	15	25	18	2	0	57	19	44	
4	24	12	54	16	28	13	14	15	26	18	52	14	37	19	27	11	72	
16	11	14	39	19	7	4	54	3	43	10	4	13	67	8	13	9	47	
5	2	9	22	18	30	10	19	2	39	15	68	0	71	
0	46	12	29	8	75	10	61	3	39	11	50	1	67	
0	49	5	10	6	64	3	44	12	4	
4	1	5	66	19	15	6	63	10	58	18	5	11	20	17	10	9	71	
1	63	18	28	11	37	10	57	9	4	19	47	2	53	4	54	
9	2	7	44	4	68	15	37	10	10	5	58	
17	65	13	46	10	33	11	35	16	21	6	41	12	14	3	62	9	1	
12	65	8	23	2	62	0	5	13	63	15	57	7	19	4	36	11	47	9	3	16	28	14	24	
9	59	14	74	13	62	12	63	3	12	2	68	19	35	6	22	0	14	7	53	
0	61	9	3	12	41	11	34	13	6	5	2	18	22	
1	20	6	2	3	19	2	58	5	10	8	41	9	55	
2	63	7	71	9	33	0	36	17	11	12	25	18	75	19	16	14	55	3	66	10	20	8	45	
18	23	17	67	0	54	2	12	12	61	19	27	7	63	10	49	9	53	13	40	1	75	14	3	
11	73	18	53	0	11	1	16	14	26	17	48	
8	53	10	20	19	4	11	22	15	40	
17	70	2	9	3	71	5	38	8	12	12	43	10	7	1	48	4	52	7	50	16	37	15	5	
4	49	3	55	9	46	1	74	0	44	19	3	17	42	6	63	15	26	13	52	
17	35	10	68	6	2	16	36	15	18	13	40	7	15	
8	21	1	51	7	50	17	55	13	42	6	23	
16	5	10	39	15	62	2	69	19	41	13	15	6	10	
4	25	2	51	13	49	6	31	10	75	7	38	5	19	9	48	0	47	
6	31	9	61	0	10	3	54	14	69	12	18	8	68	17	44	13	32	
14	54	16	67	18	23	3	75	7	5	19	49	10	40	11	50	5	38	6	60	
5	68	3	53	16	72	14	47	2	35	
7	73	13	60	3	40	17	30	0	2	2	54	5	10	10	5	11	67	18	21	12	75	
4	51	14	53	8	40	17	49	15	38	3	63	0	54	
6	52	17	59	9	38	15	28	11	57	18	33	1	60	13	30	
8	29	9	13	15	36	16	61	11	55	
5	60	12	9	6	69	10	62	14	49	9	48	18	45	11	37	8	12	19	24	15	4	0	40	
16	21	1	56	4	58	11	60	19	39	9	23	18	69	3	19	12	5	10	61	2	33	
12	26	9	39	13	12	19	69	4	19	0	55	15	65	16	30	1	75	
18	42	12	41	0	75	14	62	4	23	19	16	11	31	
13	28	1	44	16	34	19	59	4	46	6	48	
8	23	6	67	9	3	7	13	13	60	12	44	5	62	10	28	4	58	0	27	1	22	17	43	
8	65	3	36	16	29	2	67	5	47	18	57	
17	8	3	36	14	65	8	3	18	54	1	45	11	57	5	50	16	27	
13	26	14	43	10	5	1	59	3	53	17	50	16	42	9	54	2	8	5	31	
11	51	10	20	7	2	6	62	14	28	2	14	0	26	16	19	12	69	1	52	
18	26	5	11	10	66	12	61	7	69	15	59	9	27	3	49	4	1	14	30	13	16	16	41	
0	13	15	12	1	25	18	19	11	74	
15	32	4	13	5	19	12	43	10	40	7	73	14	37	3	63	
0	51	12	18	5	33	9	66	16	14	13	28	8	38	
5	4	10	35	2	71	12	72	7	63	8	6	3	62	
4	14	16	22	6	50	11	5	7	56	5	9	19	33	18	53	14	18	
16	35	4	34	12	46	13	7	8	17	6	65	17	37	2	13	9	40	
12	41	3	2	1	7	16	70	6	3	4	63	19	16	8	61	
3	37	9	9	0	27	1	40	7	75	
12	33	1	36	10	17	5	10	18	48	4	14	6	5	
3	32	6	69	13	15	15	49	11	74	18	23	8	2	4	10	2	33	17	35	7	11	
5	6	12	32	2	62	1	41	14	42	3	10	16	33	15	49	18	15	19	63	8	20	17	2	
17	66	19	28	2	39	3	33	0	25	
12	32	0	60	14	9	8	31	2	25	11	62	
6	57	17	30	11	49	15	68	13	23	
0	71	16	16	14	51	9	41	18	1	1	56	13	67	8	24	11	57	7	47	17	60	5	11	
6	45	14	72	8	17	10	51	17	61	9	44	15	56	12	62	
1	53	8	10	14	31	12	70	10	73	19	52	18	74	17	21	11	48	
17	71	0	42	12	29	3	51	16	5	9	68	7	24	11	9	10	48	2	72	14	70	19	23	
18	58	1	56	0	15	12	23	14	33	6	1	19	2	4	28	15	67	11	51	16	26	3	42	
18	4	8	15	2	46	1	58	14	37	9	45	
6	75	15	34	2	29	19	28	7	39	16	21	
14	30	5	60	4	62	6	14	2	37	
10	54	19	14	13	13	15	65	12	17	17	1	3	66	2	19	9	12	
7	60	2	51	9	66	19	19	6	9	8	6	12	43	4	59	14	50	1	21	0	38	16	34	
3	75	4	73	19	14	0	3	11	41	2	29	8	64	10	38	9	7	
16	71	3	44	8	73	1	51	18	31	2	32	6	74	13	65	17	15	0	18	19	64	
19	42	15	70	5	47	6	69	11	15	10	56	1	39	14	26	2	6	0	4	18	71	13	37	
10	53	4	44	2	61	16	9	11	21	
6	49	4	38	19	36	16	65	10	4	17	25	2	46	18	5	8	29	7	43	
17	10	6	53	3	6	1	13	12	61	7	38	11	3	9	74	5	20	10	30	8	68	
8	63	7	57	12	4	19	25	5	70	15	41	
18	17	14	23	1	5	0	45	2	73	4	34	
15	53	19	63	18	41	0	21	6	19	10	18	12	62	17	48	13	11	14	8	9	20	11	29	
7	45	12	63	4	17	3	71	18	9	17	11	6	65	
3	60	12	2	6	18	4	5	9	40	2	72	18	45	1	12	16	67	15	70	17	42	14	9	
12	18	7	64	16	12	19	3	1	11	5	62	
5	56	8	1	2	46	7	48	1	52	6	19	9	26	12	37	
7	33	19	54	14	45	10	18	6	57	16	9	1	14	18	67	
9	65	10	58	11	20	0	19	14	25	
17	23	12	52	3	69	9	65	11	41	14	48	
3	9	17	71	10	62	5	73	0	74	16	37	9	65	14	34	15	5	
4	69	13	44	18	59	8	60	11	1	5	50	2	55	
14	55	1	10	5	4	11	27	6	69	4	8	18	12	13	11	
11	4	8	51	18	42	16	47	9	39	7	74	
1	9	9	29	4	50	2	73	10	42	5	59	15	56	3	63	11	40	
18	4	9	30	8	24	11	2	5	56	
6	23	4	45	2	71	15	47	0	73	10	6	13	66	18	38	14	3	3	43	7	2	8	42	
15	46	12	20	17	53	19	12	11	57	14	41	7	10	16	6	
10	50	8	41	1	31	19	37	16	23	
19	36	9	26	0	62	18	60	6	42	12	53	14	61	7	75	10	37	15	39	
4	38	0	68	15	20	13	14	19	8	14	58	1	40	3	35	2	41	10	28	12	10	
7	52	5	44	0	55	1	12	10	51	18	34	3	74	13	36	
19	69	6	37	8	18	9	67	1	36	16	40	2	9	18	48	5	15	13	1	14	6	0	71	
5	60	2	74	7	8	3	14	14	26	0	68	17	9	12	23	6	27	13	29	18	49	
10	72	8	14	2	35	13	1	9	32	0	39	
7	69	4	56	10	55	2	29	15	9	16	25	14	60	18	72	6	73	5	31	12	63	19	20	
13	47	5	42	16	17	0	55	12	20	10	61	
12	24	3	15	14	51	7	56	19	6	10	26	1	64	
10	37	8	18	16	9	3	19	9	57	2	13	18	60	
15	50	5	11	7	60	0	4	18	75	1	52	11	74	2	46	8	20	
0	47	6	57	14	46	2	8	19	23	10	60	1	14	13	58	15	54	11	6	
10	67	9	59	5	66	4	23	3	25	
3	35	12	38	5	34	1	23	19	18	13	1	8	9	9	22	6	68	2	63	17	45	
0	57	7	66	3	7	6	9	16	28	4	3	15	17	
10	6	6	7	5	39	18	3	7	42	9	75	8	8	19	16	
17	8	1	45	19	61	11	25	2	71	12	31	
11	12	4	16	2	6	0	32	15	21	12	44	
17	27	19	41	0	57	2	17	12	69	
5	60	18	67	6	3	17	64	13	7	10	42	16	28	8	50	
6	72	2	48	0	11	16	33	1	9	5	34	17	35	12	20	
6	15	2	75	16	17	4	62	9	12	8	51	18	71	5	5	14	6	7	18	10	56	3	13	
14	37	18	70	13	1	16	28	12	56	4	5	7	16	
11	50	6	30	5	22	16	9	1	39	15	37	12	10	7	59	2	74	13	7	4	70	
5	66	4	17	17	6	3	37	10	20	19	67	
11	5	8	20	3	48	1	26	14	12	
19	30	1	10	7	24	11	46	16	58	15	73	13	27	
4	32	13	2	18	38	5	45	15	28	0	43	2	20	14	42	12	11	
0	61	9	56	10	47	17	37	15	69	6	15	19	27	11	52	18	55	14	51	
14	57	12	6	18	63	7	38	0	10	4	65	5	69	11	5	
17	21	13	60	16	27	14	43	0	50	8	7	3	38	5	34	18	30	2	29	4	47	
1	49	4	71	8	75	7	6	9	63	14	32	13	56	17	54	3	21	12	65	
1	1	10	23	17	25	18	5	4	3	15	33	16	53	14	66	8	59	6	36	19	50	11	41	

All component type numbers for each job to be processed by MFPM
1	10	7	11	6	13	9	4	
6	26	4	40	8	31	1	35	
7	8	3	9	1	21	4	5	8	19	
6	27	5	46	7	41	3	29	4	39	
8	13	
1	31	
0	24	
7	35	8	46	6	47	0	37	4	48	
9	21	1	23	6	8	2	22	
5	42	4	46	
9	20	6	8	5	15	7	23	8	3	
4	41	9	49	
5	19	3	11	2	13	
4	41	
7	10	
0	31	1	45	3	37	5	46	
6	13	2	19	3	16	
4	42	
2	20	5	17	8	6	9	18	4	7	
9	28	6	40	
9	10	2	18	
4	26	0	49	5	36	8	47	
2	4	
0	33	4	35	7	26	
4	24	
7	27	0	31	2	38	9	28	4	34	
6	15	4	10	
2	45	
1	6	6	12	2	5	9	8	
3	35	7	47	6	28	0	46	
5	23	8	14	9	15	
6	50	2	49	1	32	
3	16	4	21	
5	27	
6	13	8	18	0	10	4	14	
8	47	6	33	1	44	5	32	7	45	
9	21	
2	41	1	37	9	48	
5	10	3	22	
5	49	
3	12	6	19	5	10	
5	29	9	26	
5	4	
8	30	4	46	
1	15	
6	41	3	34	
8	19	5	16	
7	26	0	47	5	36	1	41	6	29	
6	1	7	12	5	5	0	17	4	8	
4	36	1	43	7	46	2	49	
7	19	
7	48	1	38	
2	9	8	8	
0	41	7	42	1	27	
8	6	9	19	2	14	
1	28	9	49	2	32	0	33	8	27	
0	9	4	21	5	5	9	10	
8	29	6	26	9	48	1	34	4	28	
3	6	9	25	4	11	5	9	8	16	
1	31	0	46	
3	25	5	5	
4	31	8	36	
8	7	5	25	4	20	
7	38	3	49	4	36	9	40	6	31	
5	14	6	17	
6	50	8	32	1	38	5	42	9	36	
2	18	8	6	5	9	6	24	3	14	
2	42	3	28	7	26	8	41	5	44	
6	17	1	3	3	15	8	22	0	6	
2	39	7	26	0	46	6	41	
1	23	3	19	2	15	
4	29	9	39	5	32	8	37	1	43	
1	9	2	19	
0	33	5	32	
6	10	0	19	
1	34	9	37	
7	20	
1	27	5	37	6	36	
2	11	6	21	9	8	7	22	1	6	
7	29	5	43	2	26	8	27	6	48	
4	22	1	15	2	9	
7	49	6	41	1	45	3	48	2	39	
8	23	9	1	2	3	5	20	6	24	
5	33	
9	21	8	7	0	12	6	13	
3	42	2	43	9	37	
3	16	1	1	
0	46	8	34	2	29	5	27	
3	22	
2	44	7	38	9	49	0	34	6	30	
3	13	
0	34	3	41	5	48	8	49	9	46	
5	15	
2	47	0	44	
0	1	8	6	3	4	9	7	6	5	
1	36	3	28	2	49	
2	6	6	25	
5	26	7	40	8	44	
8	24	6	13	5	4	7	10	0	20	
0	48	8	31	
7	12	2	17	3	24	6	16	
6	40	1	34	7	37	0	44	
2	17	3	3	1	22	9	12	5	19	
3	47	7	41	
7	22	5	9	6	4	
7	38	8	43	9	49	0	50	
2	1	7	16	4	13	0	12	1	2	
8	34	3	32	1	48	7	40	2	45	
8	3	
8	50	
9	24	2	9	0	10	7	16	
8	29	4	28	1	50	6	30	9	34	
5	4	
1	40	8	50	2	31	3	43	
1	16	2	9	0	14	5	19	
5	31	8	49	
8	20	5	22	1	10	
3	41	9	26	0	32	8	48	
5	11	1	7	2	4	8	23	7	25	
1	50	
3	6	2	16	1	15	0	9	5	14	
7	50	
4	23	
3	27	9	30	0	32	
7	12	0	1	6	25	9	15	
4	47	
7	10	1	24	2	14	4	7	
4	50	5	38	0	32	
2	4	
6	44	3	26	5	41	
5	1	7	24	3	3	1	20	
4	35	
4	15	0	25	
3	30	
4	16	
6	37	
3	16	9	2	
3	31	4	28	9	32	2	26	
2	20	
4	28	3	46	8	43	6	40	2	49	
7	12	
7	38	8	33	6	40	9	30	
9	12	2	10	7	11	
8	39	
8	13	4	2	1	22	
5	32	1	44	0	45	
0	2	6	4	3	21	
1	47	3	45	
6	17	8	14	9	10	
4	38	7	41	6	28	
8	5	1	20	2	22	
3	47	
6	19	
1	38	
1	21	
7	40	9	39	0	38	5	34	1	30	
8	21	0	18	3	19	
0	46	7	26	9	37	6	29	4	41	
9	15	
6	41	4	39	7	29	
5	22	2	8	8	14	7	2	6	23	
8	44	6	29	3	42	
7	22	9	15	1	8	6	12	
4	33	5	46	7	49	0	50	9	31	
5	17	3	15	7	6	1	14	8	25	
8	34	6	48	0	32	
2	21	4	12	9	7	6	9	5	24	
4	35	8	48	
2	7	3	4	8	10	0	18	
2	37	5	43	
8	22	
9	27	5	35	4	28	
7	8	
9	49	4	41	
0	3	7	23	8	20	5	11	9	22	
4	46	8	34	2	50	1	42	9	26	
4	9	2	10	8	17	1	19	6	2	
8	49	
6	20	1	16	9	19	3	25	
2	50	8	39	
3	6	7	19	0	1	5	22	
5	49	7	30	2	41	1	37	6	44	
3	1	0	18	5	23	
8	40	
6	23	8	19	0	22	
2	26	3	39	9	33	
2	9	5	15	1	17	0	24	
9	38	
6	11	0	9	
7	27	
1	11	2	1	3	23	
4	44	0	32	
8	7	7	17	9	1	2	4	
2	48	
5	13	0	8	1	11	
2	48	3	35	6	38	0	27	
8	14	
1	32	3	28	
3	15	0	9	
4	36	0	38	
7	25	6	12	1	19	
9	33	7	41	1	47	3	37	
1	18	8	13	2	10	5	17	
6	32	4	29	8	34	
0	6	9	24	1	22	7	8	6	15	
8	43	9	37	1	48	4	27	2	44	
0	2	9	14	5	10	2	11	4	24	
2	34	1	39	
7	16	3	4	0	25	9	22	5	23	
6	27	7	26	9	40	
1	1	3	19	5	10	8	2	6	4	
7	50	2	45	8	40	
9	12	8	11	
2	45	5	44	6	29	
3	22	5	8	
6	40	8	29	9	45	
2	23	4	15	
8	44	4	28	1	48	0	47	
8	8	3	5	6	3	
0	37	
6	25	5	14	1	23	9	10	8	3	
8	27	4	39	
0	6	1	13	
4	39	9	40	1	28	2	48	
0	10	3	12	9	15	1	7	
5	41	6	30	9	39	0	34	3	43	
9	18	4	8	0	13	5	14	3	25	
8	34	7	28	6	47	5	35	
5	16	7	22	0	9	2	5	
0	49	9	45	7	28	
4	15	
7	27	
3	14	7	22	8	4	2	18	
2	27	9	31	
7	24	3	18	8	14	1	13	
9	47	1	31	
9	2	1	9	3	20	4	12	6	3	
4	34	3	46	
4	21	5	17	0	19	9	20	2	9	
7	36	6	32	
5	6	4	16	9	21	
2	46	
4	2	9	25	3	17	8	24	7	22	
9	36	8	47	
2	20	0	13	8	6	6	16	
8	32	1	41	6	26	9	46	
8	14	3	4	5	1	6	6	
8	41	1	28	9	32	0	45	3	29	
8	23	2	24	
2	31	1	43	6	44	9	41	8	49	
0	24	
3	47	8	30	2	48	5	44	
5	20	0	15	
5	29	9	28	0	35	4	32	
0	9	4	18	1	4	
0	46	7	40	1	27	5	42	
0	1	1	5	4	6	8	4	6	19	
8	29	1	36	2	42	3	34	7	30	
1	1	6	13	8	23	
6	50	3	46	
5	15	4	18	1	5	0	23	2	12	
7	41	3	40	9	42	
3	21	6	9	
7	26	3	49	1	27	6	32	0	47	
6	19	
8	50	3	39	6	47	9	49	
1	20	4	1	3	2	
6	33	5	39	1	34	7	42	
8	6	
9	30	4	37	1	44	3	43	6	33	
6	17	2	22	5	18	1	25	8	12	
2	28	1	39	7	50	9	29	4	27	
0	18	
3	29	9	35	6	32	4	37	1	43	
6	2	0	6	7	10	8	3	
5	36	4	33	
7	18	0	11	
5	50	0	45	4	29	2	35	
7	15	1	3	4	19	9	11	
7	35	9	47	8	46	
0	23	9	22	2	24	
5	26	6	27	7	32	8	47	3	30	
0	23	4	1	2	9	5	19	6	11	
1	41	6	50	8	42	
5	13	
6	49	5	43	0	50	8	27	
1	13	8	4	
0	41	8	33	3	49	1	38	
9	10	
4	39	6	35	2	31	0	41	
2	5	5	17	4	13	
7	47	2	29	
5	12	3	10	
9	39	2	26	4	42	6	33	8	28	
6	16	
4	44	8	30	
8	16	4	23	2	9	7	8	
2	50	1	47	4	32	7	44	
4	4	3	16	
4	46	5	48	

Three processing times per job on each machine
The best scenario
87	197	247	
55	69	27	
186	88	83	
130	58	76	
444	266	361	
303	391	539	
466	321	216	
222	329	111	
27	36	30	
115	240	110	
172	212	139	
376	106	533	
134	63	84	
203	117	39	
293	134	207	
50	152	87	
43	117	152	
182	57	207	
193	214	70	
214	78	173	
212	302	102	
160	228	102	
336	318	256	
384	447	304	
87	25	50	
117	306	337	
325	268	348	
140	318	196	
97	62	33	
230	184	244	
361	265	343	
234	149	154	
92	189	102	
438	135	329	
126	92	123	
87	54	41	
329	326	467	
38	65	22	
69	232	204	
197	108	140	
147	126	306	
55	141	178	
291	344	222	
168	127	177	
50	65	46	
15	20	30	
229	392	82	
162	199	123	
544	295	321	
56	62	28	
41	68	55	
110	197	221	
280	207	239	
146	165	114	
198	266	160	
256	175	260	
319	318	337	
146	142	64	
113	189	223	
249	354	252	
107	187	110	
85	83	50	
263	107	144	
143	119	188	
247	381	366	
45	43	64	
167	151	368	
110	195	383	
69	90	58	
503	169	219	
294	199	91	
225	183	143	
234	142	135	
55	30	29	
132	113	404	
27	38	32	
268	253	306	
263	102	131	
95	86	34	
46	43	63	
255	109	442	
231	140	160	
337	119	133	
378	244	154	
66	26	38	
52	162	119	
30	67	61	
135	238	182	
41	21	30	
107	201	75	
271	114	130	
85	141	45	
68	52	79	
159	91	77	
63	36	32	
229	253	163	
30	40	41	
254	238	132	
255	122	322	
303	185	275	
85	68	36	
22	46	63	
144	262	196	
33	37	52	
88	82	144	
194	380	170	
284	123	148	
196	208	181	
116	106	113	
148	87	285	
178	199	179	
52	44	25	
159	156	50	
153	65	141	
43	38	87	
48	64	35	
44	37	26	
143	102	245	
155	53	60	
339	374	176	
230	288	322	
248	370	241	
287	94	385	
191	86	121	
96	173	182	
92	116	155	
77	125	88	
253	376	261	
125	136	142	
182	152	148	
72	97	103	
108	163	158	
113	106	57	
473	332	312	
27	44	19	
10	46	19	
130	176	193	
133	146	122	
324	126	101	
199	43	54	
320	128	95	
179	161	133	
182	98	361	
98	214	112	
34	26	19	
27	142	40	
347	323	291	
196	195	309	
172	119	46	
67	16	49	
Most likely scenario
116	288	390	
63	93	32	
233	108	118	
204	85	80	
456	318	362	
506	392	552	
505	344	272	
291	429	124	
45	45	45	
183	282	165	
272	233	142	
512	193	542	
184	82	137	
216	132	62	
397	187	217	
84	213	146	
86	121	281	
203	75	232	
226	224	92	
260	156	227	
282	327	176	
241	363	197	
461	370	280	
576	450	313	
94	38	100	
168	467	456	
473	352	399	
158	390	350	
103	65	57	
338	284	320	
373	328	495	
361	153	175	
156	302	168	
444	171	391	
169	133	148	
88	103	69	
330	387	523	
55	67	44	
89	287	218	
300	190	141	
171	205	316	
88	188	218	
370	469	384	
230	158	278	
95	102	67	
28	28	39	
407	402	157	
299	293	222	
548	415	410	
62	78	51	
49	83	88	
137	361	381	
303	219	265	
177	216	214	
296	442	297	
266	185	403	
324	324	380	
181	146	78	
148	212	240	
306	583	295	
124	241	157	
162	147	54	
302	150	149	
167	217	291	
292	615	491	
72	45	106	
172	159	417	
142	304	395	
91	118	115	
520	264	310	
381	378	174	
330	293	146	
294	205	217	
61	44	30	
217	124	435	
50	53	42	
385	363	336	
305	132	149	
118	103	60	
84	81	108	
323	209	541	
352	147	314	
403	215	147	
487	429	231	
119	50	45	
66	172	201	
51	82	78	
195	287	186	
71	35	34	
125	231	108	
284	171	155	
145	168	66	
80	73	89	
208	104	127	
111	71	56	
400	366	176	
33	51	70	
272	334	244	
268	149	442	
309	295	298	
158	125	71	
43	70	118	
224	280	230	
61	66	91	
157	95	212	
370	471	286	
287	168	178	
202	222	290	
209	167	134	
185	158	344	
317	206	199	
58	66	38	
173	189	62	
159	72	216	
82	72	121	
62	72	50	
86	48	33	
155	145	362	
247	102	114	
383	458	293	
411	328	427	
442	541	458	
522	174	505	
200	87	173	
154	239	277	
113	143	270	
96	224	112	
456	490	380	
151	211	250	
201	163	187	
127	140	114	
125	269	258	
169	155	77	
520	453	435	
34	72	36	
15	48	20	
158	302	298	
147	250	150	
333	131	120	
300	86	108	
361	211	173	
279	222	229	
307	190	487	
138	248	138	
50	30	26	
46	145	50	
351	340	490	
238	280	398	
179	157	78	
103	31	64	
The worst scenario
142	304	406	
76	110	35	
311	160	165	
264	89	104	
606	469	452	
670	401	626	
531	413	299	
398	582	164	
57	62	51	
263	375	245	
362	317	197	
629	285	803	
190	86	192	
287	165	84	
424	198	296	
88	243	212	
100	147	386	
225	77	300	
237	333	103	
279	210	334	
331	462	255	
339	473	276	
674	553	329	
696	451	361	
112	39	145	
189	669	491	
593	500	589	
188	406	466	
115	92	83	
481	414	435	
554	465	683	
493	204	201	
229	425	179	
604	221	567	
179	188	170	
90	142	83	
457	435	541	
61	92	58	
104	348	254	
358	238	156	
239	292	420	
103	264	257	
408	482	524	
268	184	326	
101	117	87	
32	36	40	
446	589	180	
400	381	248	
792	556	473	
81	115	67	
59	106	94	
185	456	492	
418	314	346	
208	255	267	
343	618	400	
291	229	582	
472	455	442	
210	178	95	
150	318	280	
309	817	371	
185	251	209	
227	207	73	
350	200	206	
184	312	422	
306	687	621	
94	66	132	
224	182	602	
177	354	470	
95	163	119	
724	367	335	
389	534	228	
381	438	177	
407	268	246	
71	45	33	
245	167	514	
61	59	59	
431	474	491	
456	198	222	
135	126	87	
98	95	125	
369	253	679	
399	204	401	
558	314	166	
547	554	275	
175	65	63	
83	209	231	
68	108	114	
206	290	276	
95	47	49	
146	252	151	
350	247	190	
160	171	99	
117	89	109	
293	148	166	
143	99	82	
410	534	242	
39	75	72	
364	336	326	
382	206	639	
439	301	340	
207	185	106	
58	72	174	
275	329	290	
69	88	97	
209	110	230	
522	530	336	
400	249	201	
271	274	349	
295	179	161	
247	211	481	
471	215	267	
63	97	47	
239	266	74	
223	79	242	
104	89	146	
68	103	65	
95	72	42	
176	168	407	
330	127	129	
542	681	367	
558	453	473	
495	693	586	
668	185	690	
299	92	241	
220	275	307	
152	207	273	
110	261	139	
524	704	491	
223	283	370	
261	210	213	
160	184	167	
168	297	320	
193	174	113	
723	614	465	
41	77	40	
19	62	23	
184	422	398	
180	258	156	
355	190	138	
402	113	119	
455	225	194	
403	223	230	
374	267	504	
167	370	201	
71	37	28	
61	157	61	
473	440	595	
299	323	559	
252	211	85	
146	41	71	
