Factories	6	Jobs	100	Machines	3

Total number of component types per job processed by HSPM
11	6	9	5	11	8	7	9	5	9	9	7	11	9	5	10	10	5	6	5	10	11	12	12	5	11	12	11	12	7	10	6	6	5	12	9	10	9	8	9	8	8	9	10	11	11	6	11	9	8	12	7	6	8	5	5	5	12	8	10	9	9	11	5	11	6	7	11	5	11	11	5	7	12	11	7	7	6	10	10	6	10	6	12	9	8	12	6	5	5	11	6	7	8	12	6	10	9	10	5	

Total number of component types per job processed by MFPM
5	2	4	1	5	4	3	2	5	3	4	5	1	2	1	4	5	3	4	5	1	3	5	4	4	4	5	3	1	5	2	4	3	2	5	3	5	1	1	3	3	4	4	1	5	3	3	3	1	5	4	5	5	2	2	5	5	3	5	2	2	2	4	4	2	3	5	2	4	1	3	4	5	2	4	2	4	1	5	3	5	4	5	3	1	3	2	2	4	5	4	4	4	3	5	5	3	4	1	1	2	2	3	2	5	1	2	3	3	5	1	2	1	5	2	1	1	1	5	2	1	1	3	5	2	2	4	5	4	5	1	2	1	3	1	1	3	2	1	2	1	2	2	1	2	2	4	3	3	1	2	2	1	1	4	5	1	3	1	3	5	5	3	5	3	4	4	1	1	1	4	5	3	5	3	3	5	3	1	4	2	4	4	1	2	3	3	1	3	1	5	1	2	5	1	2	5	2	1	1	

All component type numbers for each job to be processed by HSPM
12	8	5	61	0	69	16	1	19	37	14	60	3	47	8	55	2	59	6	25	15	14	
13	27	6	73	18	7	16	35	0	32	11	18	
7	34	17	55	16	18	11	22	8	6	6	24	1	17	0	66	4	16	
10	63	12	33	11	12	19	4	16	14	
4	75	5	59	17	26	13	23	9	66	3	40	15	9	11	48	19	18	6	34	16	35	
17	39	2	11	6	65	14	5	1	70	3	56	19	48	5	12	
18	49	17	46	11	13	2	18	16	72	13	75	1	63	
16	45	11	7	12	36	19	56	14	18	13	6	5	58	6	27	1	4	
9	27	13	16	15	12	5	13	14	61	
9	3	8	55	10	23	7	11	12	47	6	53	14	29	17	20	16	37	
5	5	10	23	15	58	8	29	7	44	6	11	11	50	2	60	17	71	
16	26	15	43	18	61	19	58	9	13	10	20	5	53	
10	29	16	31	11	25	12	45	9	13	2	30	8	39	14	27	0	63	15	72	18	35	
12	9	18	47	3	68	19	35	8	67	6	21	9	62	4	19	11	29	
1	24	9	1	3	56	14	40	7	42	
10	23	17	68	15	16	19	38	4	71	8	70	0	5	18	59	9	13	14	15	
19	39	5	46	15	68	17	37	9	69	2	22	4	16	8	6	14	43	1	24	
17	11	6	74	8	6	16	7	10	16	
3	19	2	45	12	72	10	34	0	11	7	46	
7	15	0	3	15	57	16	53	8	25	
7	50	3	25	9	28	8	9	15	15	13	61	17	22	14	42	2	35	11	8	
10	73	19	29	17	3	7	6	2	55	13	9	18	11	1	57	11	5	15	75	4	20	
0	62	16	29	17	60	2	71	6	49	12	16	7	19	4	42	13	36	8	13	19	65	3	39	
11	19	6	75	15	67	7	66	3	28	4	41	12	49	2	62	17	63	13	60	5	54	9	30	
13	8	14	32	10	64	12	42	7	74	
3	58	18	31	0	40	11	54	13	5	1	43	8	46	16	11	17	48	4	67	12	3	
12	72	8	53	10	56	11	61	16	51	3	44	18	3	0	54	13	22	17	14	4	52	7	55	
16	52	17	32	3	60	19	66	15	59	9	3	10	47	18	75	7	61	4	48	5	35	
12	35	5	6	6	65	18	44	2	37	15	10	11	68	16	71	8	61	10	1	19	15	3	63	
4	60	1	35	6	75	19	61	0	56	7	18	14	74	
1	56	10	15	19	37	9	75	12	32	7	14	16	55	14	74	4	45	2	12	
0	4	8	54	11	19	13	51	7	22	6	27	
19	14	13	41	11	50	6	13	17	9	3	43	
8	7	3	16	10	49	2	62	16	57	
9	8	19	49	18	42	17	24	16	13	2	22	3	68	7	9	12	17	13	35	11	10	0	1	
11	68	16	70	18	37	4	52	9	27	6	29	1	16	12	36	15	49	
6	51	2	3	14	39	3	38	11	57	7	74	1	29	9	35	10	16	19	34	
1	57	18	67	6	73	19	41	14	43	7	74	12	72	9	69	13	47	
7	75	8	41	17	74	19	48	15	61	1	6	18	33	13	45	
7	37	18	61	15	48	17	8	6	26	9	7	1	55	4	58	19	5	
16	58	15	55	19	69	14	33	3	22	0	12	11	5	17	11	
13	72	3	30	5	52	19	66	15	21	9	6	18	20	0	27	
1	57	6	16	16	58	4	69	12	17	19	2	14	30	3	18	15	35	
2	37	5	41	14	35	16	10	11	45	19	66	12	69	18	6	6	16	4	70	
11	48	17	1	15	14	0	17	10	21	8	57	9	6	1	8	5	74	13	34	12	40	
11	60	1	51	2	10	14	56	4	49	17	62	0	57	19	69	16	9	13	43	8	14	
1	16	2	47	14	34	4	18	16	48	17	7	
3	1	12	26	1	5	0	65	15	75	2	28	18	68	16	3	8	2	17	48	5	74	
18	54	5	12	16	74	12	31	19	46	13	10	3	38	7	23	9	19	
1	29	9	63	4	19	16	34	8	21	18	69	2	22	17	56	
9	28	6	21	10	48	4	32	2	36	13	64	8	30	1	33	14	15	7	66	5	47	19	1	
7	31	17	45	4	25	3	7	10	43	0	19	5	34	
12	28	0	46	9	40	17	24	11	4	2	52	
5	65	0	73	14	51	19	11	10	43	9	47	1	33	12	59	
4	47	15	41	12	45	9	7	3	48	
16	51	12	57	2	41	17	26	4	50	
9	51	7	53	13	21	11	70	10	47	
12	52	17	2	14	44	13	65	0	13	6	33	18	9	7	62	8	57	10	7	9	8	11	67	
19	29	6	63	14	64	9	75	18	71	15	4	4	61	12	18	
8	62	15	16	18	7	4	38	5	67	16	12	12	63	7	28	6	31	1	45	
11	47	7	2	14	27	15	56	19	32	3	9	17	7	1	72	9	10	
15	62	12	7	13	17	3	54	0	43	9	45	8	63	17	30	14	64	
14	31	3	37	10	25	18	75	0	43	8	60	17	72	7	4	6	18	11	61	2	49	
15	71	6	19	0	66	5	27	7	17	
16	75	0	27	12	49	4	43	1	41	18	1	14	55	13	5	9	66	5	28	2	40	
19	26	1	3	18	22	11	69	5	32	14	38	
2	50	10	25	15	11	6	17	11	5	8	64	3	38	
13	21	6	62	1	47	18	56	17	26	7	49	0	3	11	11	2	33	14	52	10	59	
18	25	17	29	1	44	9	47	2	75	
11	2	1	30	6	7	13	22	2	66	17	47	5	72	10	36	9	5	7	20	15	42	
6	15	15	6	5	59	1	35	14	7	8	74	2	21	16	65	11	17	19	28	3	70	
12	68	9	9	15	37	14	33	18	25	
9	40	4	18	8	65	15	49	2	15	18	38	3	9	
3	62	4	68	2	52	15	54	18	57	5	22	7	34	6	56	13	44	9	26	0	37	12	51	
2	52	9	31	1	34	15	26	8	40	19	33	13	7	0	16	7	4	18	51	14	42	
7	33	0	44	12	21	5	59	18	65	15	60	2	11	
19	66	18	40	17	23	13	3	8	57	10	60	3	53	
10	73	19	59	12	1	16	8	18	7	2	55	
5	66	2	27	12	10	18	63	4	29	0	25	11	68	14	28	13	30	17	73	
2	25	19	51	7	73	0	38	10	2	13	39	1	75	14	50	11	23	18	11	
0	71	13	36	9	3	1	48	4	11	11	56	
16	22	8	66	9	70	12	25	7	33	14	52	11	53	18	75	4	54	0	74	
6	20	13	14	15	28	16	47	2	25	5	3	
4	25	6	18	17	46	1	9	2	17	9	37	5	66	12	72	13	34	11	10	10	62	18	2	
3	44	13	60	0	5	14	69	7	36	8	57	10	11	2	32	15	12	
16	18	3	16	9	6	13	57	10	61	0	46	6	12	1	33	
6	16	15	53	14	57	17	10	7	46	10	73	5	13	19	71	16	26	9	7	13	19	3	43	
5	66	6	37	18	24	9	64	15	9	12	34	
12	40	17	3	9	20	15	33	10	29	
8	45	3	13	7	44	17	42	0	31	
15	4	12	26	17	71	13	48	1	38	3	44	9	69	11	2	5	67	16	36	7	55	
17	53	9	75	2	10	11	31	6	64	12	63	
13	3	3	70	16	49	19	61	18	25	7	18	15	51	
1	31	2	63	3	38	18	44	8	68	17	66	9	75	4	74	
0	68	15	6	10	14	2	12	7	32	1	69	19	11	16	63	12	27	17	36	9	31	13	30	
17	4	10	2	0	30	4	56	18	15	15	54	
2	15	6	39	17	62	3	25	16	43	18	31	12	57	19	9	10	35	13	20	
13	29	11	38	5	58	10	66	2	21	15	28	18	15	6	3	9	56	
2	57	17	65	4	12	15	55	5	14	10	75	0	64	9	15	13	39	1	1	
8	47	0	39	3	72	1	26	13	50	

All component type numbers for each job to be processed by MFPM
6	13	2	18	9	14	3	16	5	20	
0	35	9	39	
6	20	3	22	0	12	9	14	
9	43	
3	20	0	15	5	11	7	17	9	8	
7	42	4	31	8	46	5	28	
9	19	5	2	7	8	
1	40	5	26	
7	12	0	9	2	2	1	15	4	6	
4	49	5	38	2	29	
7	10	6	19	2	20	4	22	
5	37	3	38	8	39	9	47	2	42	
0	2	
1	29	8	47	
2	2	
6	48	2	40	4	50	3	31	
9	17	6	7	5	20	3	25	7	9	
7	31	4	34	5	27	
0	25	4	7	3	16	5	4	
0	40	1	29	4	30	6	37	7	39	
1	6	
2	44	8	39	3	47	
8	20	4	18	2	6	5	2	9	24	
6	47	2	38	7	49	9	29	
3	25	8	12	0	6	5	4	
5	44	1	50	6	45	4	32	
3	6	7	19	5	8	6	15	2	24	
2	38	8	48	7	47	
8	24	
8	40	9	38	3	46	1	45	7	42	
0	8	6	13	
7	26	6	48	3	50	2	42	
6	6	5	16	8	12	
7	42	1	28	
5	9	1	1	4	7	8	12	2	15	
1	27	8	34	4	41	
8	11	5	19	1	21	4	22	3	15	
1	28	
5	21	
3	29	8	49	5	47	
1	14	2	7	6	24	
8	27	5	26	1	45	0	48	
6	7	1	3	2	18	4	16	
3	41	
6	15	8	25	4	14	7	7	0	13	
9	26	7	33	4	45	
4	9	2	18	5	25	
2	39	6	42	5	30	
9	17	
6	30	9	31	2	32	1	38	4	45	
2	23	4	1	5	17	1	4	
2	31	7	30	3	39	9	38	1	46	
0	4	7	9	1	2	5	23	4	25	
0	39	4	46	
6	3	1	8	
6	36	1	44	7	37	9	42	8	40	
5	3	9	13	7	25	2	19	8	6	
7	43	6	36	2	33	
2	14	3	11	0	19	8	3	4	5	
1	44	8	46	
0	15	9	12	
9	29	1	37	
9	8	8	17	2	22	1	2	
1	35	8	31	5	45	7	42	
9	20	6	3	
0	30	4	36	5	33	
8	21	7	23	4	1	2	15	0	14	
4	45	0	43	
5	12	4	3	8	14	0	17	
9	46	
6	6	5	5	3	1	
1	49	0	50	5	30	9	28	
7	2	3	15	0	16	1	9	2	13	
1	34	8	45	
0	24	3	1	5	16	8	6	
1	39	6	28	
3	20	1	1	2	23	9	4	
8	32	
8	21	1	14	0	6	7	10	5	8	
2	38	1	27	9	43	
5	18	8	19	0	24	7	10	9	23	
3	36	6	39	4	48	7	38	
5	21	6	6	3	22	8	17	7	1	
6	34	8	26	9	38	
1	24	
6	40	0	44	3	36	
6	12	2	6	
2	47	1	28	
7	2	4	13	8	16	9	23	
7	38	2	49	4	27	8	35	1	32	
8	6	6	21	2	4	0	17	
1	45	2	46	3	48	0	49	
9	20	5	16	8	14	1	12	
8	45	3	32	1	36	
5	23	4	19	8	18	6	12	3	14	
9	38	5	27	7	41	1	30	0	49	
5	14	3	1	6	24	
7	42	1	47	9	27	3	26	
5	11	
1	40	
7	11	9	23	
7	27	0	43	
6	19	9	21	1	5	
8	35	2	40	
4	25	5	12	7	22	9	2	2	7	
8	41	
1	2	3	12	
0	36	5	27	3	32	
5	12	3	7	8	2	
8	32	5	28	6	45	2	41	4	39	
7	15	
4	35	3	27	
7	22	
8	28	9	35	1	39	2	43	7	36	
7	9	0	15	
3	29	
1	23	
0	37	
1	13	3	7	7	8	2	10	6	1	
4	30	9	47	
3	5	
1	49	
7	12	0	9	3	17	
5	48	8	50	3	47	0	39	6	42	
5	18	9	10	
4	35	5	43	
0	10	4	24	5	16	2	5	
8	29	7	49	2	36	6	28	3	41	
6	22	8	5	0	9	9	24	
3	42	5	26	7	47	0	30	8	35	
7	23	
3	38	4	36	
7	4	
9	41	7	33	5	42	
2	17	
5	42	
4	7	3	13	5	22	
9	43	7	36	
0	13	
0	30	9	43	
5	4	
9	32	6	39	
9	4	1	20	
2	36	
1	7	3	8	
5	46	4	34	
1	21	8	11	4	16	5	15	
4	29	5	47	2	39	
1	18	4	3	0	25	
8	46	
5	6	7	11	
3	42	1	39	
8	23	
3	45	
5	15	9	7	7	12	4	24	
7	40	9	36	3	34	2	49	0	32	
6	2	
5	50	0	45	9	48	
9	19	
3	39	7	42	1	45	
8	1	3	23	9	12	4	24	0	21	
9	28	0	29	5	33	1	32	8	44	
5	17	6	10	0	15	
3	42	0	33	9	32	2	40	1	48	
7	25	2	4	9	21	
9	47	4	26	5	33	1	37	
8	10	6	2	7	3	4	22	
7	34	
0	9	
3	49	
7	11	0	5	2	7	4	22	
4	40	9	34	3	49	7	32	6	36	
1	3	3	1	8	5	
5	26	9	38	2	30	0	40	1	50	
3	16	1	7	0	21	
3	48	7	47	5	26	
6	7	5	24	3	16	9	18	0	22	
6	37	4	29	5	46	
6	7	
7	37	9	49	1	39	5	27	
8	7	9	14	
6	49	3	28	9	30	0	50	
7	23	0	13	5	9	4	8	
4	49	
3	13	6	21	
9	49	1	47	0	37	
7	17	4	19	6	14	
9	27	
6	13	0	4	2	10	
7	29	
1	16	4	24	7	6	9	18	5	1	
0	44	
3	6	6	4	
2	42	1	39	9	46	0	45	5	43	
1	17	
2	50	5	49	
5	11	0	18	3	16	9	5	4	12	
1	50	7	32	
6	22	
4	43	

Three processing times per job on each machine
The best scenario
332	342	737	
623	615	646	
96	147	157	
705	337	443	
341	314	644	
171	167	65	
235	709	509	
278	280	340	
379	551	537	
973	1342	860	
394	546	222	
454	481	616	
148	152	84	
82	226	256	
349	307	285	
146	73	168	
116	133	241	
728	549	252	
531	555	401	
313	755	592	
675	810	806	
396	319	336	
291	198	290	
309	330	317	
239	231	337	
284	209	647	
593	466	581	
229	233	170	
321	434	217	
421	230	459	
398	230	201	
225	189	544	
554	462	597	
139	323	89	
219	720	549	
336	750	482	
580	602	369	
625	928	748	
138	329	374	
244	403	180	
129	217	213	
631	626	668	
810	268	958	
899	400	191	
388	409	520	
441	631	139	
111	63	161	
733	213	719	
57	298	157	
380	115	242	
697	998	1164	
595	603	553	
221	638	107	
315	634	501	
186	93	164	
356	370	327	
475	516	299	
314	410	221	
655	330	429	
318	1139	664	
159	95	81	
327	246	267	
440	396	456	
1140	780	652	
327	376	364	
198	66	166	
491	679	1189	
134	97	145	
1015	227	671	
526	264	462	
267	157	453	
210	1200	288	
112	180	294	
89	81	69	
138	165	70	
605	341	198	
527	452	915	
545	206	155	
625	241	172	
150	87	140	
104	58	104	
47	175	248	
451	483	447	
252	288	573	
944	616	846	
533	825	653	
518	465	243	
476	406	452	
758	609	982	
248	354	115	
210	168	124	
377	599	321	
316	470	561	
1087	610	606	
151	62	131	
222	185	768	
599	428	227	
428	669	691	
167	323	301	
1227	322	465	
Most likely scenario
411	531	833	
749	1014	688	
124	231	173	
755	371	449	
407	338	1056	
305	230	79	
372	899	587	
404	404	475	
401	719	580	
1232	1391	1138	
451	563	380	
824	688	886	
183	179	94	
92	241	284	
427	562	309	
233	91	192	
202	143	352	
759	576	424	
556	714	428	
488	1136	635	
1071	845	1086	
417	364	483	
377	245	359	
482	345	361	
264	299	472	
358	228	654	
607	546	803	
437	336	275	
610	612	262	
486	427	466	
757	457	213	
427	271	706	
718	479	707	
253	338	107	
274	780	719	
567	1204	514	
585	738	499	
827	990	943	
253	608	646	
275	477	202	
175	296	263	
776	829	818	
1050	364	1267	
1038	533	266	
677	632	536	
602	653	219	
157	74	178	
1336	419	1324	
75	299	278	
426	206	316	
1060	1417	1317	
869	1194	723	
265	665	187	
372	870	959	
274	186	242	
370	478	497	
769	611	324	
479	550	237	
868	469	629	
427	1211	1245	
185	186	99	
429	333	517	
512	663	515	
1207	1219	733	
447	710	432	
204	99	226	
874	1147	1325	
159	114	147	
1025	407	1247	
552	371	535	
403	290	493	
383	1263	422	
219	193	355	
136	114	135	
153	203	107	
643	492	296	
867	579	1077	
619	221	226	
815	292	335	
216	162	171	
149	109	146	
84	200	293	
461	638	582	
263	450	586	
1303	1031	1103	
919	1210	1136	
785	734	369	
728	547	720	
957	722	1006	
347	378	142	
340	207	217	
442	767	632	
507	609	878	
1152	1100	681	
208	92	182	
235	355	912	
638	549	261	
560	816	796	
196	576	563	
1264	337	613	
The worst scenario
439	610	844	
924	1198	856	
148	327	218	
1108	537	573	
505	342	1566	
350	345	80	
411	1229	723	
591	492	697	
505	823	709	
1263	1524	1313	
676	663	456	
1229	906	892	
213	222	138	
97	292	366	
484	731	455	
288	101	193	
227	173	514	
787	658	613	
618	744	515	
511	1585	845	
1440	1207	1219	
550	535	548	
511	283	407	
588	392	382	
383	440	586	
401	250	675	
899	689	903	
459	359	279	
836	885	368	
726	489	513	
1068	607	277	
632	405	783	
976	670	1021	
256	449	142	
404	1086	766	
586	1571	616	
846	878	741	
947	1395	1287	
361	898	662	
390	689	222	
240	334	341	
1066	831	872	
1250	448	1646	
1468	798	321	
945	772	612	
729	759	307	
228	100	265	
1400	517	1344	
85	335	352	
457	227	432	
1220	2122	1717	
1220	1417	1066	
350	867	220	
411	1057	1381	
319	212	361	
552	602	625	
782	625	456	
545	802	243	
1065	691	713	
489	1625	1792	
269	209	131	
548	409	692	
524	773	536	
1742	1236	825	
471	846	596	
242	144	310	
1030	1634	1969	
175	169	161	
1531	596	1839	
773	556	652	
527	394	497	
500	1449	607	
229	242	472	
186	128	161	
219	260	157	
697	566	298	
1189	632	1594	
863	267	265	
1074	324	358	
222	205	233	
199	138	182	
103	271	394	
469	927	626	
366	653	674	
1470	1545	1188	
1053	1401	1212	
974	848	548	
734	694	741	
1321	867	1318	
391	379	172	
498	304	267	
556	1044	725	
607	867	1097	
1237	1566	878	
244	126	183	
255	356	919	
902	574	300	
707	1042	1040	
244	662	661	
1369	387	739	
