Factories	2	Jobs	50	Machines	2

Total number of component types per job processed by HSPM
5	10	5	11	8	6	5	7	11	11	11	10	5	12	5	8	8	9	6	11	6	10	9	8	8	6	6	11	6	12	11	5	6	11	5	10	6	5	7	8	12	9	9	12	9	9	5	7	9	9	

Total number of component types per job processed by MFPM
1	4	1	2	1	1	2	1	1	2	3	2	3	2	4	2	2	3	3	2	5	4	4	3	2	4	2	1	1	1	2	1	4	4	1	5	3	5	4	1	5	4	2	3	4	3	4	2	3	3	

All component type numbers for each job to be processed by HSPM
10	55	11	12	18	52	2	60	13	5	
18	68	1	18	19	47	7	74	0	65	4	32	6	38	16	46	14	1	5	64	
0	39	7	24	16	71	6	2	1	23	
8	33	15	53	7	50	0	67	12	5	19	12	1	38	13	35	4	37	18	7	17	19	
19	42	5	61	2	47	8	24	15	53	4	19	10	41	12	52	
15	2	14	17	12	31	6	9	5	19	4	30	
10	26	9	60	0	14	5	66	12	18	
4	56	13	11	14	59	16	17	18	46	8	61	12	16	
8	72	7	51	19	58	16	31	9	46	5	1	0	54	10	39	12	69	6	11	2	36	
18	24	14	19	16	45	3	11	9	18	17	10	19	44	1	8	12	39	7	74	10	58	
9	4	5	2	7	41	4	51	12	49	14	54	3	23	2	63	17	38	8	9	1	25	
10	47	1	21	5	34	18	45	13	67	3	27	0	31	15	51	12	64	6	74	
16	26	8	62	15	25	17	50	7	46	
7	65	17	42	2	22	10	57	0	20	4	59	18	5	1	53	12	51	5	67	8	26	14	23	
3	7	0	2	14	73	15	51	9	26	
10	75	18	20	14	5	9	25	5	35	12	46	11	19	2	41	
17	21	0	41	11	72	14	14	19	37	10	60	4	75	9	3	
6	43	14	72	8	5	1	53	11	23	0	25	3	67	7	7	2	47	
0	64	17	22	14	8	4	23	16	71	6	26	
1	64	7	66	12	31	5	3	16	57	17	2	19	13	15	11	18	41	4	72	9	39	
19	57	4	63	15	5	6	67	7	17	14	39	
5	75	9	37	3	14	6	72	19	15	8	46	15	51	7	29	4	65	18	34	
19	47	7	26	16	54	10	28	8	6	12	11	5	7	0	4	15	70	
12	16	11	61	0	66	2	37	18	69	9	1	6	25	14	38	
9	70	14	38	15	71	11	10	17	72	6	61	7	45	5	12	
3	8	14	17	15	20	1	31	16	6	10	43	
1	32	7	3	10	18	5	38	0	40	12	68	
4	37	9	45	16	32	7	71	2	56	8	73	10	10	13	30	14	38	6	48	12	21	
17	54	15	20	6	53	14	38	2	25	4	27	
9	71	13	72	5	54	19	12	16	70	11	53	4	61	12	11	7	24	18	58	1	57	2	17	
0	48	1	57	6	71	5	58	17	31	16	20	15	65	7	10	9	8	11	33	14	51	
11	9	18	46	1	58	7	14	10	1	
1	45	6	72	12	71	4	58	8	70	2	66	
19	17	8	73	4	71	0	58	3	27	1	5	5	25	12	28	6	19	2	57	17	38	
9	50	19	9	15	69	10	29	16	10	
7	12	13	69	14	44	1	74	15	20	8	57	0	23	5	15	6	70	11	53	
8	74	11	24	19	38	18	52	3	7	7	53	
1	4	7	17	13	6	8	2	14	34	
8	55	5	53	0	22	1	23	9	58	13	56	12	6	
2	41	6	2	17	31	12	12	18	32	15	74	9	67	11	36	
18	28	16	7	19	75	0	18	9	23	1	66	17	55	2	64	11	62	6	35	13	27	7	6	
18	56	3	63	14	30	19	37	10	73	0	7	1	17	4	72	15	36	
7	37	11	56	9	70	8	49	10	62	19	58	14	1	1	74	18	27	
8	51	0	66	18	48	2	34	9	4	19	37	4	10	7	69	5	65	10	1	15	71	17	38	
5	43	4	28	0	31	7	33	14	38	19	24	10	32	11	42	18	21	
0	1	10	20	14	3	8	46	19	38	18	10	17	51	1	48	15	44	
15	47	2	3	16	66	5	8	1	64	
7	14	13	35	3	34	19	64	10	38	9	65	16	73	
15	44	7	63	3	45	16	43	19	18	9	46	8	74	12	49	11	58	
14	62	1	54	2	8	3	41	11	16	5	25	16	49	9	31	8	55	

All component type numbers for each job to be processed by MFPM
8	11	
4	2	0	12	7	10	3	21	
0	3	
6	11	2	4	
4	12	
9	21	
5	2	2	13	
8	4	
7	17	
7	25	1	3	
4	25	2	14	6	9	
6	17	4	25	
9	10	1	16	2	20	
0	11	5	20	
4	10	3	6	1	15	8	13	
7	11	2	23	
1	14	2	7	
3	22	0	20	6	1	
1	22	9	21	6	10	
4	7	0	16	
3	2	7	13	5	19	0	16	8	18	
8	5	4	18	5	19	9	1	
7	23	9	21	0	5	8	8	
1	16	8	20	3	13	
2	11	6	5	
3	10	4	19	2	3	8	4	
2	17	8	13	
6	5	
5	15	
7	8	
3	14	4	6	
9	7	
5	9	3	12	0	23	9	17	
4	1	2	20	1	14	7	16	
1	21	
8	21	2	23	7	25	1	8	6	2	
8	6	2	13	9	3	
0	4	3	3	6	25	7	20	2	17	
3	3	6	9	4	1	7	4	
6	17	
0	10	1	9	5	22	2	23	9	6	
4	24	2	12	9	22	3	8	
1	24	9	11	
6	21	2	1	1	24	
8	24	0	6	9	19	5	10	
0	23	6	21	9	9	
5	25	8	6	4	7	3	5	
9	17	6	21	
3	1	4	13	5	14	
3	16	1	21	2	8	

Three processing times per job on each machine
The best scenario
43	99	
254	126	
131	73	
382	278	
243	44	
221	222	
193	129	
124	99	
111	232	
52	31	
236	60	
56	35	
161	136	
108	63	
54	78	
119	263	
199	371	
181	155	
71	202	
227	329	
150	175	
19	33	
21	37	
85	83	
134	271	
343	218	
101	194	
200	108	
83	112	
81	121	
80	128	
92	127	
405	94	
211	340	
126	48	
108	145	
78	30	
215	223	
333	242	
275	183	
226	405	
182	138	
243	247	
188	247	
56	52	
72	57	
73	134	
38	17	
323	118	
91	21	
Most likely scenario
74	124	
267	179	
145	92	
524	325	
256	86	
238	264	
207	186	
158	193	
134	246	
91	56	
237	116	
90	69	
224	193	
197	95	
62	102	
127	329	
223	505	
184	156	
114	347	
296	423	
178	192	
23	55	
38	41	
140	133	
156	408	
413	339	
133	213	
244	119	
138	130	
95	152	
144	135	
115	160	
406	185	
356	371	
138	64	
124	269	
99	33	
301	444	
365	286	
370	195	
312	466	
250	183	
318	356	
203	482	
64	58	
85	100	
131	223	
53	23	
345	166	
125	40	
The worst scenario
109	141	
300	189	
201	127	
645	365	
339	125	
284	304	
212	224	
191	289	
154	306	
97	84	
338	168	
98	82	
303	220	
281	134	
81	153	
145	435	
329	729	
185	219	
141	445	
315	487	
209	266	
24	77	
48	44	
197	166	
170	478	
520	469	
168	302	
260	154	
166	178	
100	153	
161	174	
148	238	
511	267	
458	455	
155	71	
167	282	
138	48	
320	457	
447	377	
399	227	
353	698	
339	224	
405	449	
273	648	
66	70	
111	115	
193	243	
57	30	
379	175	
137	41	
