Factories	7	Jobs	200	Machines	2

Total number of component types per job processed by HSPM
6	12	12	12	8	12	6	9	9	5	5	8	10	9	12	10	5	10	11	10	8	11	5	12	6	6	9	8	7	6	8	6	10	7	7	11	8	10	5	5	10	5	6	12	5	10	10	10	5	7	8	12	8	6	7	9	5	6	6	11	5	9	9	11	8	7	7	10	11	12	11	5	9	5	8	8	7	9	8	7	5	5	6	9	9	8	11	6	6	9	6	10	5	6	7	10	10	6	6	7	11	8	7	8	5	6	9	5	8	5	7	10	11	6	7	8	10	10	9	10	7	8	10	6	8	11	10	11	8	11	10	10	7	8	10	8	6	6	10	10	6	5	7	10	9	9	9	10	12	10	11	6	10	12	10	7	12	9	9	12	8	5	12	12	8	11	12	10	5	7	11	8	11	11	8	8	6	6	5	6	5	9	7	9	7	12	6	12	11	9	6	8	12	6	12	5	5	9	5	8	

Total number of component types per job processed by MFPM
5	4	2	2	3	3	4	4	4	5	2	3	1	4	1	3	2	1	3	1	5	5	5	5	3	2	3	5	1	2	2	5	4	3	3	3	4	3	2	1	4	1	3	1	1	5	1	4	2	4	4	4	1	2	2	5	2	4	2	5	2	4	2	3	5	1	4	3	5	4	3	1	2	4	4	1	1	5	5	3	4	1	2	2	3	2	1	4	4	2	4	5	2	5	2	4	2	4	4	3	2	5	1	3	3	4	3	2	1	4	2	1	5	3	1	2	5	4	4	5	3	3	4	4	1	3	1	4	4	3	4	1	2	5	3	2	1	2	4	5	4	3	5	5	2	4	2	1	4	3	3	1	1	2	1	5	5	4	4	3	5	5	5	2	5	3	5	2	1	1	4	1	5	3	1	2	3	2	3	5	1	2	2	2	1	3	1	4	2	1	2	2	1	1	3	3	2	4	1	5	

All component type numbers for each job to be processed by HSPM
18	15	2	21	6	30	10	70	13	41	5	37	
15	51	12	67	14	49	2	70	0	64	17	12	4	33	8	72	10	71	18	3	11	74	3	18	
2	42	0	27	11	38	5	56	7	21	9	67	12	66	3	53	14	61	19	19	4	62	16	3	
0	74	8	30	16	25	6	12	11	3	4	22	2	43	7	61	18	46	19	60	13	10	15	59	
5	30	11	25	16	18	15	29	1	28	0	75	17	66	2	16	
1	18	8	10	5	29	15	21	9	70	16	11	12	6	3	51	17	61	4	36	2	32	7	25	
13	62	7	47	3	7	6	61	14	70	17	6	
13	13	17	58	4	51	0	53	15	70	9	41	6	18	1	31	3	8	
11	27	17	6	8	8	10	53	14	9	16	33	6	46	7	68	12	55	
17	1	1	52	16	18	13	30	15	2	
15	75	8	32	3	51	18	35	14	63	
16	70	7	16	10	13	6	49	4	65	9	36	17	29	18	48	
5	10	9	12	10	18	2	54	15	32	13	15	18	21	12	57	19	5	11	48	
6	26	17	14	15	22	2	46	11	68	12	33	9	38	19	65	4	62	
10	25	16	63	15	17	0	72	4	41	6	52	9	1	1	45	8	21	18	5	2	18	14	66	
16	3	18	7	19	46	10	69	8	44	9	37	13	56	17	74	12	29	0	13	
5	26	8	52	12	69	15	15	14	44	
6	75	3	74	10	65	18	3	14	23	7	40	8	9	1	44	9	46	5	62	
12	68	2	36	9	43	19	30	13	66	11	35	7	31	1	15	0	22	17	21	3	39	
15	5	3	31	14	6	18	28	12	55	7	64	9	50	0	48	13	41	17	40	
0	65	4	48	14	32	13	20	7	13	19	38	18	17	12	6	
7	4	2	22	13	68	18	6	12	74	19	39	8	40	9	71	10	48	1	54	5	13	
14	73	2	62	0	18	8	24	18	30	
9	67	12	72	13	69	1	17	8	3	18	36	14	45	2	27	4	31	6	19	10	18	7	12	
18	17	13	9	17	64	2	26	12	60	8	49	
6	59	9	44	13	68	18	27	17	4	0	11	
13	55	12	42	5	64	9	14	18	5	10	9	4	57	14	17	19	35	
6	9	12	45	2	2	8	32	13	39	1	66	10	44	7	24	
6	59	16	70	3	10	2	65	7	23	12	19	1	42	
18	57	7	33	1	59	5	51	16	13	2	16	
18	17	12	38	10	49	11	42	8	71	15	33	13	11	4	19	
7	49	13	72	8	53	18	16	1	45	19	25	
17	35	18	21	15	59	13	20	2	2	12	68	16	22	7	42	19	28	3	67	
14	45	17	44	2	51	5	74	18	23	0	41	8	64	
9	7	0	43	2	22	4	38	16	6	6	20	11	4	
12	69	13	56	0	72	9	33	8	21	2	66	14	26	17	60	7	23	1	65	5	15	
19	64	18	29	5	21	0	41	15	37	13	63	12	47	9	3	
1	51	9	52	7	49	4	69	6	65	16	25	10	30	5	33	17	16	19	31	
9	64	6	17	18	48	7	4	4	13	
10	5	19	74	6	28	7	47	11	71	
3	42	6	11	9	72	7	29	0	31	8	41	18	60	11	35	12	33	17	8	
17	68	1	19	12	1	5	56	11	7	
3	11	10	63	15	54	13	15	18	17	14	49	
15	46	0	73	19	1	1	60	16	43	4	41	18	18	9	5	14	45	13	33	7	69	8	53	
16	44	2	57	19	38	12	59	9	42	
8	24	7	62	9	28	14	49	17	42	3	32	2	7	6	31	16	44	12	66	
15	23	7	41	11	21	16	27	17	51	19	10	8	36	2	5	9	74	3	69	
19	74	3	37	16	28	1	51	18	66	4	34	9	47	14	14	8	50	5	21	
18	34	12	43	4	10	17	30	16	11	
4	55	9	4	13	29	1	9	5	40	0	21	17	47	
6	66	3	48	19	36	4	65	9	5	17	53	8	39	12	40	
15	12	10	18	18	35	4	1	19	53	3	6	1	48	11	40	2	3	17	29	13	57	9	60	
1	70	17	4	10	43	5	19	0	45	9	15	14	47	12	25	
4	7	12	56	2	27	19	34	0	25	13	38	
5	49	11	11	17	2	6	67	13	31	14	48	2	13	
19	18	14	63	2	71	13	74	9	14	18	13	11	2	7	3	10	33	
15	67	2	55	18	62	19	31	7	21	
5	4	14	34	17	72	19	15	4	45	1	54	
10	52	13	60	4	43	11	39	5	58	7	17	
18	2	0	62	3	13	13	63	8	5	4	18	12	56	19	22	15	11	11	32	9	41	
11	28	16	55	15	30	4	6	19	5	
1	70	8	13	15	28	3	24	0	38	10	69	4	48	5	53	7	7	
12	14	16	4	7	44	0	73	6	45	8	9	4	8	13	70	5	30	
15	70	4	58	12	21	8	19	6	61	7	3	3	52	19	25	14	20	17	47	13	64	
6	67	8	32	19	41	3	18	18	17	14	35	5	55	4	23	
16	64	1	31	12	58	10	56	4	69	13	43	17	18	
9	2	6	52	7	34	2	1	10	74	13	4	19	23	
7	55	17	10	16	38	6	68	12	4	18	14	15	36	8	42	2	25	9	17	
12	64	19	3	5	63	0	5	6	72	3	19	17	2	14	75	11	31	13	43	18	46	
11	58	14	36	2	63	13	4	19	12	16	5	10	20	5	29	1	21	6	51	15	16	18	46	
14	43	17	66	19	58	18	7	1	5	3	35	8	61	13	68	7	62	5	13	10	1	
11	38	3	45	15	15	19	68	8	52	
5	51	12	70	1	24	3	20	14	36	9	75	4	34	7	59	13	27	
11	11	4	43	16	68	0	74	6	18	
1	12	12	36	13	54	8	38	6	6	9	5	11	59	19	26	
17	73	18	61	10	38	3	50	1	39	4	8	2	55	13	19	
1	43	16	17	2	68	7	5	13	69	3	48	10	67	
13	20	19	3	7	69	3	74	10	70	4	13	18	11	0	61	17	49	
9	13	11	21	0	26	7	40	13	9	19	43	8	25	18	50	
13	5	10	25	14	35	5	33	9	23	3	50	19	51	
1	39	5	47	9	22	2	6	16	38	
19	60	11	64	9	66	18	65	10	45	
15	56	3	13	9	7	12	11	8	36	1	43	
5	13	9	35	0	22	1	69	8	73	13	68	10	39	12	11	11	33	
4	9	0	49	8	17	15	61	13	54	18	26	12	14	9	46	10	37	
11	31	6	33	13	48	4	63	10	2	5	23	16	73	7	41	
1	74	14	5	13	3	16	26	4	27	7	15	5	63	12	66	8	54	9	18	15	34	
0	37	14	10	9	25	1	34	4	22	11	29	
19	70	13	12	2	36	6	30	8	22	4	57	
18	15	4	7	19	51	15	29	2	56	0	31	3	23	11	24	9	21	
19	35	14	49	5	69	0	53	3	25	8	47	
13	43	6	26	15	50	12	41	1	66	4	27	14	45	10	5	7	42	9	23	
5	11	13	71	6	60	10	17	0	5	
7	60	10	12	1	52	9	58	17	7	13	33	
18	24	8	71	3	8	14	17	5	40	11	42	15	34	
13	55	19	69	17	54	7	61	8	4	10	39	5	31	11	45	2	70	4	43	
8	1	5	14	6	24	17	65	9	38	14	12	13	19	0	69	3	6	12	71	
17	1	6	45	18	60	14	16	7	69	1	2	
12	56	2	48	18	6	0	51	10	17	16	37	
14	31	10	16	9	7	12	9	13	33	16	74	15	17	
11	7	16	16	6	34	10	23	4	56	17	57	0	61	15	50	1	11	19	12	13	39	
7	54	13	3	2	19	1	23	18	20	17	51	5	63	16	31	
13	35	9	13	7	43	18	53	19	7	17	12	14	60	
3	60	7	18	1	10	4	73	12	65	18	48	9	40	8	45	
11	40	5	56	14	68	0	28	10	50	
11	63	15	21	4	17	16	66	19	55	18	60	
16	23	19	38	5	31	13	53	0	11	2	68	12	34	17	56	11	60	
2	58	8	10	0	42	14	56	13	30	
1	49	3	60	5	25	0	66	8	62	11	35	16	5	2	36	
4	47	14	29	17	8	11	71	0	20	
0	15	8	17	7	43	13	65	10	14	15	62	19	3	
12	11	19	3	9	61	7	6	4	54	5	64	3	10	2	7	1	37	13	36	
13	5	11	74	15	9	1	15	10	16	4	75	6	66	19	59	7	35	9	34	8	56	
2	36	14	50	1	48	18	54	6	39	3	67	
19	48	3	19	2	41	15	70	16	31	17	23	1	18	
18	53	6	71	2	26	11	54	4	51	0	24	10	52	19	31	
11	9	3	44	0	30	4	25	13	54	19	43	9	48	17	58	12	14	8	5	
16	16	1	32	11	71	6	62	19	37	10	36	15	52	9	45	14	25	3	23	
12	34	6	28	7	72	3	32	18	59	13	42	19	48	17	23	10	54	
17	44	10	47	11	51	6	30	1	49	0	70	14	23	8	48	18	53	9	62	
15	59	5	8	4	47	17	17	14	11	3	3	2	72	
4	52	19	22	10	10	14	62	5	3	11	47	13	30	7	33	
13	11	19	20	11	46	9	1	18	52	6	10	1	51	14	34	2	18	8	14	
12	6	9	74	13	17	19	53	10	70	2	57	
18	10	15	23	10	40	17	18	13	12	7	1	19	45	6	58	
10	19	7	29	19	60	17	48	2	70	15	55	4	45	13	71	1	37	3	42	5	9	
3	29	12	40	9	22	6	62	14	2	17	38	16	12	2	45	18	51	15	44	
9	23	7	67	15	27	10	16	8	60	11	18	3	56	19	14	18	28	14	74	2	26	
17	51	1	10	5	4	3	6	18	74	8	63	4	46	10	8	
16	34	0	21	13	22	14	11	6	44	12	24	5	33	17	14	15	66	3	2	8	72	
10	41	11	17	2	47	1	60	12	58	6	8	0	9	16	69	3	38	18	21	
12	70	5	58	9	67	10	59	7	69	16	35	6	30	3	63	1	39	13	6	
11	14	2	71	19	21	1	46	12	73	7	1	18	6	
15	10	16	41	5	46	3	31	9	1	14	55	6	36	17	37	
16	69	5	26	14	53	18	75	10	62	4	38	15	30	3	58	19	63	8	60	
12	50	10	41	1	47	8	40	3	46	2	8	14	36	13	7	
14	71	16	46	11	59	2	45	12	29	1	34	
11	67	10	44	16	38	18	68	0	54	14	28	
17	27	14	64	10	38	2	51	5	33	11	18	15	21	13	62	18	8	12	35	
0	25	5	24	14	62	18	12	17	9	11	29	8	36	19	42	3	70	2	41	
19	1	1	6	3	29	4	36	10	8	5	72	
12	13	19	37	18	31	10	41	1	54	
9	13	10	28	8	11	1	30	0	54	3	63	19	37	
2	58	14	23	19	15	0	5	6	20	5	60	1	37	15	44	17	31	4	53	
8	20	2	23	9	69	4	67	19	19	16	65	1	51	14	41	17	27	
7	20	12	54	2	48	5	7	16	8	9	62	17	41	6	49	19	58	
7	5	16	15	13	55	0	70	5	34	17	17	1	14	9	37	18	67	
7	21	15	24	12	57	10	27	11	13	0	38	8	52	9	65	19	35	5	71	
4	27	1	25	5	20	19	3	10	48	2	21	8	16	13	45	7	63	9	66	12	47	11	41	
14	10	9	50	0	9	2	54	13	31	18	19	6	24	19	51	3	59	15	33	
3	42	17	36	8	66	2	3	4	26	7	29	1	31	10	50	0	71	19	13	11	53	
15	18	17	68	14	47	18	60	6	41	10	44	
14	4	9	24	5	3	10	18	12	38	7	15	4	17	6	2	0	7	16	60	
6	65	5	45	8	35	2	70	3	18	19	49	15	53	11	12	4	54	7	30	18	24	9	73	
8	74	12	52	14	57	15	26	7	19	6	54	0	66	2	37	4	71	13	4	
12	19	7	66	3	42	18	57	15	25	1	14	19	49	
13	63	12	35	19	28	17	48	0	50	1	11	15	30	2	58	11	26	10	68	7	14	14	47	
14	30	4	8	1	67	17	18	16	2	2	49	15	51	19	5	18	73	
11	37	2	60	15	22	17	65	9	39	14	44	13	40	16	51	19	58	
18	36	16	65	6	61	11	5	3	66	0	31	2	51	7	30	9	62	4	1	5	40	15	33	
10	24	16	34	15	28	12	40	4	69	6	38	11	37	13	64	
4	24	16	47	11	18	10	62	18	7	
3	35	15	15	4	39	7	53	12	43	8	54	13	49	10	50	19	55	9	37	17	58	18	10	
2	38	0	54	17	46	18	71	16	61	12	52	5	8	9	64	6	7	11	2	13	36	15	17	
5	43	13	39	18	56	10	47	6	24	15	41	2	44	1	36	
10	2	3	33	16	1	13	15	8	25	5	32	15	74	7	75	4	52	17	57	1	40	
2	58	6	21	8	25	0	19	18	52	17	7	12	22	10	3	1	1	16	37	7	38	3	8	
15	59	16	66	8	40	0	17	13	50	1	46	6	20	3	15	17	39	14	11	
17	48	9	10	3	11	15	38	12	63	
16	54	10	63	6	58	17	35	11	31	4	30	5	19	
7	10	17	7	4	59	13	49	5	34	18	43	3	62	2	71	6	22	1	19	9	29	
5	49	18	56	11	64	12	31	19	16	9	52	6	24	7	61	
8	22	2	36	11	75	10	53	1	18	17	15	14	3	0	40	9	58	13	20	18	43	
18	35	1	9	19	65	6	5	15	34	14	32	0	73	5	52	9	44	4	50	11	23	
11	25	17	5	3	20	19	3	14	47	2	53	5	2	12	28	
6	60	10	9	17	48	1	11	18	52	7	40	15	71	2	56	
18	40	4	71	5	31	2	47	17	16	8	26	
16	40	14	17	18	18	5	47	1	3	10	68	
14	70	6	1	7	65	18	44	19	29	
7	6	3	14	16	53	9	38	11	10	0	75	
0	15	3	66	6	71	5	63	19	16	
2	54	14	63	0	19	7	25	6	15	9	49	16	40	3	27	19	8	
6	70	19	8	0	53	7	40	12	63	9	64	15	2	
16	27	19	7	2	69	0	59	6	63	4	19	3	11	17	6	9	26	
6	42	18	10	1	22	12	41	3	18	11	55	16	24	
2	62	12	13	9	9	4	73	6	33	8	43	3	70	15	38	1	2	0	41	18	35	16	10	
12	46	4	5	14	68	2	57	1	21	11	26	
6	71	19	26	4	57	1	74	14	19	17	1	9	34	10	36	16	2	2	56	3	41	8	73	
11	9	6	55	18	10	3	44	12	35	5	45	13	3	1	39	7	65	8	12	10	51	
12	72	9	34	7	9	13	75	5	11	15	48	6	59	8	73	14	4	
6	25	19	42	9	44	3	61	16	68	17	74	
13	56	7	14	10	10	0	23	9	32	1	64	4	20	18	42	
17	71	8	52	14	66	18	39	10	40	15	72	2	38	16	69	11	9	12	43	3	1	0	59	
16	15	5	47	19	29	3	53	1	50	7	37	
4	51	3	44	13	62	17	11	9	24	8	43	5	28	15	61	16	49	1	19	11	36	18	65	
8	12	14	73	0	3	9	51	19	55	
2	64	13	4	9	25	14	1	6	75	
6	68	16	41	14	66	12	23	18	47	5	33	17	28	8	26	11	9	
17	49	7	74	3	14	12	68	4	9	
19	56	7	49	6	30	4	6	5	14	3	33	0	59	8	29	

All component type numbers for each job to be processed by MFPM
0	7	3	1	9	9	4	17	8	6	
2	7	5	16	9	14	3	24	
8	25	2	10	
4	24	8	2	
3	25	0	22	4	18	
9	13	6	14	2	4	
6	17	3	16	9	22	4	21	
2	13	6	23	0	16	1	10	
6	14	7	10	0	23	2	8	
5	20	1	23	8	6	2	3	9	24	
3	3	0	13	
9	21	0	6	7	23	
4	25	
2	6	3	19	7	24	5	22	
5	21	
1	23	4	2	7	24	
2	22	6	9	
2	24	
0	23	8	12	2	17	
1	16	
5	3	9	16	8	17	1	24	4	25	
0	13	1	4	4	24	8	18	2	17	
3	4	7	20	4	14	6	18	8	10	
3	5	2	9	9	18	5	11	8	4	
8	13	4	8	2	9	
1	7	3	16	
4	15	8	8	2	16	
9	20	7	11	8	17	6	14	2	9	
1	2	
2	4	0	1	
7	16	3	20	
8	7	0	4	7	2	6	21	1	8	
5	14	2	18	9	8	6	6	
0	22	7	21	5	7	
8	19	4	8	1	13	
5	24	6	1	2	15	
2	4	0	6	4	9	8	1	
5	21	0	14	1	15	
3	15	1	24	
0	2	
7	21	1	6	3	9	8	19	
2	22	
5	21	7	16	3	20	
7	5	
7	25	
6	9	7	10	5	13	4	11	2	2	
8	6	
2	21	6	24	4	6	3	16	
8	9	6	23	
0	2	7	3	9	15	5	1	
3	21	7	11	5	5	8	22	
7	23	1	5	3	21	2	15	
6	16	
4	24	0	13	
1	3	4	13	
5	5	0	18	7	7	3	9	8	23	
2	15	1	25	
3	6	2	11	0	21	5	15	
2	3	4	8	
2	11	1	12	4	17	7	10	9	14	
6	13	2	25	
6	12	3	5	0	3	5	13	
6	13	4	23	
0	1	3	11	1	15	
8	16	9	10	5	21	1	25	0	1	
6	14	
2	6	4	11	1	20	9	4	
3	7	4	9	5	21	
9	1	4	10	1	4	3	20	5	8	
7	3	4	11	6	13	9	21	
1	1	8	3	5	24	
0	13	
8	19	6	15	
8	25	4	20	5	12	1	6	
1	23	8	9	2	19	6	22	
7	6	
7	24	
3	18	1	16	7	7	0	19	4	22	
1	9	4	10	2	16	5	17	8	21	
4	5	2	17	6	16	
5	11	1	13	2	6	3	3	
5	24	
9	9	7	23	
7	21	6	8	
2	12	4	15	1	3	
8	20	7	15	
2	9	
3	4	2	16	1	1	4	23	
7	24	4	12	2	13	3	10	
0	8	1	3	
2	13	8	22	3	5	1	9	
9	20	1	5	5	23	3	4	8	17	
5	24	4	16	
7	15	6	21	4	4	9	13	8	11	
2	8	3	6	
7	1	1	11	4	5	5	9	
0	13	6	4	
9	13	1	6	2	4	5	19	
0	18	1	19	5	20	8	6	
5	17	0	16	7	7	
9	12	8	16	
4	19	1	16	9	15	3	9	6	5	
6	6	
2	15	8	7	0	8	
2	2	9	21	5	7	
0	8	2	1	7	14	5	9	
3	10	5	5	0	19	
5	11	3	25	
1	12	
2	14	7	19	8	11	6	25	
3	14	9	4	
7	22	
1	5	4	11	8	19	6	13	2	8	
4	9	5	12	8	6	
9	5	
8	12	7	20	
6	15	2	18	4	2	3	25	0	6	
8	10	2	14	6	21	0	20	
4	21	1	18	9	20	3	9	
2	15	1	7	9	20	6	16	5	18	
0	4	7	23	9	8	
9	25	7	3	4	2	
4	1	7	9	8	2	3	13	
7	20	8	6	3	15	1	1	
6	23	
4	22	8	6	3	13	
6	11	
0	1	3	18	1	21	9	12	
6	10	9	9	8	15	7	19	
6	5	1	12	0	23	
1	16	8	19	6	4	7	13	
7	19	
7	14	3	19	
5	21	0	15	1	18	6	17	2	8	
1	25	4	3	9	21	
6	5	0	12	
3	15	
7	17	9	24	
6	23	0	21	9	18	4	6	
7	1	8	16	4	7	3	14	9	18	
6	2	3	1	1	22	0	19	
8	9	3	14	1	2	
8	25	5	16	2	19	0	3	4	21	
5	2	3	7	1	22	8	10	6	21	
9	24	2	11	
5	25	8	12	1	11	3	22	
7	19	3	9	
7	22	
7	18	2	2	9	12	5	14	
1	14	3	4	9	9	
5	24	0	23	9	20	
5	10	
9	4	
8	10	6	1	
3	7	
2	7	1	20	5	15	6	24	0	14	
6	24	5	20	0	8	9	10	1	11	
1	11	4	9	8	23	9	4	
8	17	9	15	7	13	6	5	
4	14	3	22	9	10	
1	13	9	3	0	24	8	11	6	7	
8	3	9	25	2	9	6	5	5	15	
6	24	9	7	3	19	8	13	4	16	
2	13	7	21	
9	12	4	7	7	24	6	6	8	23	
9	15	2	9	5	24	
9	19	6	21	1	20	0	15	4	6	
1	13	3	7	
0	17	
4	18	
1	2	5	9	7	25	3	22	
6	22	
9	16	4	18	0	5	7	9	1	6	
5	24	9	13	6	20	
1	3	
1	8	5	15	
1	7	6	6	8	12	
2	25	7	9	
2	19	0	22	8	17	
0	7	4	9	3	17	5	18	9	25	
7	20	
7	14	2	22	
6	15	5	10	
9	4	0	16	
0	4	
4	24	3	22	0	21	
5	9	
0	11	6	17	8	8	7	9	
0	5	4	20	
8	10	
1	19	4	11	
7	13	3	15	
7	21	
9	6	
2	9	4	3	0	16	
4	4	5	2	0	1	
3	25	5	3	
2	20	4	3	1	15	3	21	
2	5	
8	14	4	24	9	19	3	12	5	17	

Three processing times per job on each machine
The best scenario
584	421	
444	810	
205	93	
472	785	
740	691	
134	228	
931	487	
668	1272	
234	446	
222	161	
625	491	
545	611	
402	387	
273	414	
321	601	
55	233	
903	323	
561	282	
681	410	
269	140	
258	596	
437	327	
265	186	
354	1156	
137	83	
313	333	
81	151	
334	353	
220	406	
156	171	
772	945	
280	523	
463	518	
398	385	
133	266	
101	145	
646	214	
826	656	
152	133	
62	126	
474	1045	
363	597	
402	794	
166	207	
983	671	
473	144	
367	294	
199	387	
280	518	
374	279	
681	472	
677	1201	
258	469	
703	393	
699	197	
861	267	
438	217	
165	144	
243	396	
292	246	
122	122	
243	150	
239	233	
248	147	
693	389	
328	502	
114	523	
100	336	
368	579	
490	333	
611	304	
209	112	
581	370	
245	292	
326	644	
499	250	
438	606	
422	701	
391	356	
323	290	
366	303	
930	255	
187	202	
153	117	
231	223	
392	264	
338	645	
808	540	
197	207	
467	228	
483	682	
600	324	
158	523	
199	187	
623	382	
771	521	
90	123	
108	112	
774	564	
346	917	
286	419	
320	592	
223	365	
714	1124	
398	499	
459	591	
598	310	
159	191	
109	155	
180	213	
562	1074	
833	457	
511	673	
197	349	
470	670	
239	134	
324	162	
202	382	
216	158	
109	268	
947	493	
126	108	
493	1288	
407	491	
559	348	
152	205	
898	210	
641	615	
580	273	
400	564	
266	544	
379	206	
182	220	
288	573	
358	229	
897	404	
829	798	
373	554	
131	416	
828	454	
396	139	
743	504	
344	237	
53	121	
392	212	
331	245	
267	173	
395	1204	
564	563	
102	606	
248	185	
171	246	
123	276	
325	252	
318	474	
206	903	
189	225	
424	317	
207	362	
201	194	
347	471	
169	341	
482	560	
280	165	
370	193	
153	79	
713	737	
238	258	
321	227	
242	283	
472	378	
145	310	
495	471	
226	403	
125	257	
367	140	
477	735	
144	41	
425	461	
323	220	
144	196	
107	47	
255	194	
329	245	
217	499	
613	814	
463	256	
111	291	
999	388	
293	87	
538	545	
137	305	
587	139	
117	122	
587	816	
100	200	
304	386	
286	706	
514	417	
908	691	
Most likely scenario
693	597	
482	818	
333	115	
819	1266	
1098	882	
192	359	
1222	766	
901	1276	
456	502	
233	275	
762	766	
750	615	
606	442	
532	620	
438	961	
82	268	
962	621	
818	320	
745	518	
375	215	
314	1119	
801	538	
284	248	
549	1174	
170	125	
490	483	
95	187	
416	561	
420	787	
158	294	
1505	1180	
518	573	
486	617	
466	440	
169	310	
143	231	
708	362	
956	923	
258	148	
76	133	
701	1330	
421	903	
491	855	
264	265	
1258	769	
614	193	
521	470	
339	439	
330	849	
476	469	
990	516	
1007	1239	
271	541	
734	566	
1168	376	
1159	457	
455	396	
236	163	
268	419	
415	392	
170	191	
482	292	
319	351	
492	204	
761	691	
618	898	
215	575	
159	541	
565	847	
688	373	
656	545	
377	194	
606	496	
353	377	
406	959	
507	289	
544	648	
519	819	
476	497	
492	439	
456	465	
1441	434	
287	339	
184	181	
262	226	
461	386	
374	752	
1171	611	
341	304	
590	272	
898	871	
621	442	
315	668	
306	332	
970	660	
1269	907	
108	177	
203	114	
1250	907	
363	1133	
291	726	
390	766	
418	630	
1052	1330	
676	599	
482	716	
626	429	
297	275	
130	208	
184	258	
881	1235	
1093	820	
735	1102	
254	437	
593	744	
257	192	
435	210	
373	723	
417	288	
169	389	
1160	623	
138	134	
879	1290	
638	763	
682	395	
201	215	
1335	417	
941	1142	
729	416	
701	959	
427	746	
649	235	
235	427	
380	643	
557	249	
981	469	
1101	917	
660	749	
255	434	
1036	565	
397	182	
1127	524	
544	243	
87	231	
532	271	
396	309	
383	207	
549	1490	
1028	635	
188	608	
324	190	
266	271	
136	431	
468	501	
394	606	
400	1244	
326	268	
714	505	
401	447	
299	306	
509	537	
254	554	
506	1028	
440	311	
465	196	
244	88	
723	829	
465	313	
325	361	
258	375	
589	587	
278	396	
582	543	
264	597	
233	290	
450	240	
484	1007	
211	60	
574	539	
432	377	
173	241	
132	91	
429	279	
556	390	
372	929	
783	931	
557	335	
117	379	
1307	540	
439	165	
1069	948	
240	565	
605	196	
126	128	
668	885	
105	227	
362	421	
364	1065	
540	728	
1054	1161	
The worst scenario
938	716	
583	971	
393	133	
1008	1762	
1578	1026	
276	489	
1469	918	
1051	1551	
475	524	
235	302	
882	877	
797	893	
729	625	
722	835	
578	1329	
100	272	
1179	819	
1020	415	
1002	615	
409	275	
468	1189	
811	698	
364	312	
650	1370	
205	187	
710	712	
112	269	
561	636	
503	1102	
189	323	
2050	1607	
681	799	
557	837	
551	519	
187	463	
153	268	
1013	465	
1125	1149	
307	222	
108	161	
827	1382	
476	1126	
525	1086	
356	270	
1547	1029	
690	285	
546	575	
397	528	
457	863	
628	676	
1334	540	
1127	1538	
294	599	
1093	814	
1262	392	
1670	488	
535	402	
340	224	
351	613	
440	563	
247	252	
514	302	
446	394	
727	305	
794	924	
646	1150	
269	705	
167	605	
680	917	
1005	534	
927	716	
495	283	
686	525	
464	519	
438	1323	
661	361	
800	688	
549	929	
600	647	
600	498	
481	628	
2095	463	
295	397	
265	234	
315	265	
545	497	
442	1027	
1298	624	
499	344	
591	366	
1164	1212	
676	652	
438	671	
400	422	
1125	907	
1797	932	
109	245	
255	146	
1259	1139	
495	1287	
425	763	
543	1104	
547	778	
1513	1863	
870	741	
493	907	
740	571	
391	406	
184	307	
240	371	
922	1460	
1537	876	
837	1235	
269	553	
653	1010	
284	285	
475	270	
462	949	
546	368	
196	473	
1363	640	
192	170	
910	1391	
756	878	
721	405	
235	317	
1800	458	
968	1394	
887	550	
776	1403	
525	857	
859	268	
329	466	
523	859	
706	359	
1390	687	
1144	1209	
952	1054	
360	623	
1297	587	
478	240	
1566	651	
795	262	
101	269	
545	349	
488	344	
414	306	
561	2058	
1516	930	
245	671	
396	216	
363	376	
151	461	
526	513	
452	839	
501	1366	
432	296	
879	547	
429	483	
374	445	
757	611	
299	811	
686	1193	
473	342	
554	248	
280	96	
838	967	
600	374	
409	508	
326	529	
790	592	
398	529	
597	767	
351	732	
263	300	
583	271	
646	1104	
291	71	
614	656	
456	439	
202	339	
194	119	
624	409	
782	398	
435	1244	
923	1270	
786	426	
157	454	
1815	766	
601	207	
1425	1357	
360	620	
887	226	
159	181	
998	1048	
144	250	
395	557	
443	1392	
692	1013	
1123	1600	
