Factories	6	Jobs	200	Machines	3

Total number of component types per job processed by HSPM
7	7	8	8	6	5	10	11	5	8	9	10	8	5	9	12	11	8	8	7	6	5	12	8	6	10	5	6	9	9	11	8	10	5	11	11	7	11	7	8	7	12	12	6	7	7	8	12	7	12	11	10	9	6	5	8	9	9	9	6	11	12	8	6	9	8	9	7	12	11	7	12	6	6	11	12	6	5	12	11	11	8	5	9	12	5	6	10	7	9	5	6	8	7	6	9	12	8	8	5	7	12	11	6	11	7	7	6	11	7	6	11	7	5	5	6	8	10	6	5	6	12	10	12	7	10	5	7	11	12	11	11	6	6	10	6	6	7	7	11	6	12	5	10	10	10	11	8	12	5	6	11	7	10	7	9	9	12	6	10	6	5	7	10	10	10	12	12	7	5	11	11	9	5	9	10	6	8	7	7	10	12	5	11	9	11	12	6	6	5	8	8	12	10	6	11	11	8	9	7	

Total number of component types per job processed by MFPM
2	1	1	1	1	1	2	2	1	1	2	2	3	3	5	3	1	5	2	3	5	3	2	1	2	5	3	1	5	3	2	3	2	5	2	5	2	2	4	2	3	4	5	2	1	3	4	4	4	4	5	1	3	3	3	4	5	5	2	1	2	4	5	5	3	5	5	5	3	3	1	2	3	5	4	2	5	4	5	5	2	1	5	2	4	4	3	4	2	2	5	1	2	4	1	2	3	1	1	2	5	4	2	2	2	3	2	4	5	1	4	2	1	4	4	5	5	3	1	3	4	3	5	2	5	4	3	2	1	1	3	3	5	2	3	3	3	4	3	3	1	5	3	1	2	1	1	5	5	2	1	4	5	5	2	2	3	4	2	4	2	3	2	1	5	3	1	1	1	1	4	2	2	1	5	1	3	3	2	2	2	1	3	1	3	4	2	1	5	4	4	2	2	1	5	1	1	3	1	2	5	4	2	2	3	1	1	5	4	5	1	3	3	3	3	3	4	2	1	1	5	4	2	2	5	1	3	4	3	2	2	3	5	3	3	4	3	1	3	3	2	1	2	3	4	2	3	3	4	3	5	4	4	4	1	4	1	3	1	1	4	4	4	5	4	3	5	1	2	4	2	5	5	2	3	3	2	1	5	4	3	2	1	1	4	5	3	4	3	4	2	2	3	2	3	3	5	5	2	5	4	1	2	5	1	3	2	1	2	2	5	1	5	1	1	1	3	2	5	5	5	3	2	2	2	3	2	5	2	5	4	2	1	4	4	1	3	1	5	2	4	1	5	3	3	3	5	2	4	4	2	4	3	4	3	2	5	2	5	1	4	1	5	4	3	4	1	4	3	1	5	4	3	5	5	5	4	1	2	1	4	1	2	4	2	1	1	1	5	4	5	5	3	3	3	5	4	4	4	2	

All component type numbers for each job to be processed by HSPM
1	41	10	40	17	38	12	52	7	42	18	47	0	14	
18	14	3	55	13	64	15	15	16	58	10	8	5	9	
2	64	10	42	19	54	0	20	17	66	3	74	4	52	7	21	
6	72	5	46	0	37	15	18	7	42	12	75	10	70	8	49	
0	46	17	65	12	15	7	6	11	7	5	18	
9	20	10	45	7	15	18	39	11	16	
0	3	16	43	10	12	12	47	19	58	3	1	1	35	11	27	6	9	18	62	
13	2	0	51	4	39	5	55	15	43	10	22	7	63	1	52	19	56	18	75	12	42	
7	29	16	6	5	73	13	18	0	25	
12	71	11	22	17	13	14	6	4	4	6	23	18	11	7	63	
13	45	9	32	17	59	11	40	15	38	14	62	3	3	1	35	19	46	
18	5	8	17	17	37	9	64	6	14	11	61	19	60	3	56	1	67	5	43	
8	21	15	20	14	8	18	33	16	36	9	68	4	35	2	31	
0	59	7	42	9	73	17	41	10	44	
17	19	0	74	3	52	14	9	16	40	8	60	12	50	10	30	7	71	
7	15	6	57	12	1	2	40	17	47	8	16	4	32	14	65	9	46	10	67	11	64	16	34	
12	67	8	47	4	21	5	14	16	8	10	30	19	62	0	60	6	5	11	32	17	68	
10	18	12	33	19	63	6	2	3	20	0	30	14	17	16	44	
0	55	11	29	5	74	19	31	15	63	6	59	3	68	12	17	
2	75	9	64	18	18	4	13	19	14	15	66	7	27	
8	25	6	15	1	35	11	18	2	63	18	61	
5	30	10	1	16	71	0	44	1	54	
19	50	10	21	12	25	9	38	0	3	11	12	8	70	1	42	14	10	15	1	6	74	7	52	
15	60	16	66	17	6	5	34	3	18	6	71	7	26	9	11	
3	43	14	48	6	3	18	1	16	59	0	4	
5	73	13	9	1	69	16	29	6	62	4	31	3	56	11	44	8	37	0	60	
14	40	5	58	0	33	6	9	1	35	
18	34	13	33	16	10	0	53	12	3	3	65	
14	55	13	75	10	51	1	14	8	62	16	45	0	46	15	34	4	71	
9	13	15	29	4	19	2	57	19	20	7	50	13	34	18	64	6	8	
14	73	11	49	7	67	3	9	18	53	19	5	8	46	9	33	5	48	16	66	2	11	
10	35	14	74	5	41	16	70	15	53	4	23	1	66	7	33	
4	18	0	3	14	31	5	39	2	36	19	51	6	66	9	15	1	29	16	58	
7	5	10	30	15	29	8	45	18	39	
11	15	5	47	16	14	9	56	4	27	19	1	10	11	1	53	12	59	13	45	14	44	
7	67	10	49	14	41	6	33	16	27	0	14	8	4	3	51	4	75	1	24	11	56	
3	53	11	63	0	14	14	46	13	72	8	15	10	13	
16	22	10	35	14	38	4	10	2	11	8	26	17	56	15	7	3	48	19	41	12	20	
11	72	12	54	10	56	9	10	14	16	16	33	18	35	
2	37	3	25	4	24	9	46	5	30	14	15	7	23	12	64	
7	63	0	61	14	71	9	44	4	67	15	21	8	47	
14	38	12	23	16	63	11	39	0	40	8	19	9	5	4	67	5	29	6	71	2	35	7	72	
0	51	2	38	8	21	12	6	10	74	18	49	13	30	7	54	19	60	6	46	9	1	17	14	
16	68	7	22	15	10	6	6	11	26	3	25	
13	48	12	43	4	2	3	44	15	24	7	4	2	9	
16	68	17	30	18	55	19	33	2	2	10	49	14	31	
18	4	7	1	17	12	14	19	16	42	13	56	8	69	6	26	
18	15	15	31	17	18	7	71	2	34	1	22	5	5	0	52	8	14	11	50	3	23	9	7	
17	20	2	6	13	25	19	72	10	67	8	43	11	56	
15	15	4	7	1	27	14	52	8	70	12	37	0	9	11	63	6	25	13	8	19	5	18	57	
10	71	17	30	15	35	7	11	19	42	0	12	9	54	12	22	13	68	18	69	8	6	
3	13	19	63	11	7	7	73	5	37	8	1	2	30	16	4	9	39	12	29	
14	43	7	70	11	56	10	12	13	62	2	51	15	8	16	22	3	3	
4	54	13	59	14	55	10	66	1	44	8	60	
13	54	5	5	10	19	16	69	3	9	
10	2	11	46	2	41	5	47	16	60	3	12	9	40	6	68	
17	23	11	64	15	33	14	8	4	66	1	69	8	19	16	11	13	52	
7	40	15	12	18	68	13	7	1	37	10	51	6	45	14	10	12	60	
14	63	3	29	5	47	6	15	15	19	18	22	16	53	13	64	11	26	
0	68	3	63	6	73	7	20	17	10	4	56	
6	18	12	43	9	54	5	56	14	58	19	68	13	31	4	64	15	34	17	17	2	6	
19	10	3	5	15	59	10	73	9	63	5	15	14	38	1	60	2	19	12	71	13	17	7	51	
0	25	14	19	16	14	15	74	1	11	9	47	19	21	3	23	
18	73	5	36	12	49	19	25	14	48	17	12	
9	50	0	5	5	1	10	18	13	6	19	41	17	51	3	16	12	53	
9	9	10	13	4	43	7	5	8	65	18	28	19	38	16	16	
11	18	0	72	12	50	15	28	1	45	7	71	10	48	3	43	6	46	
1	29	3	34	17	20	16	66	2	60	15	12	11	41	
14	57	12	63	16	55	6	14	15	28	13	9	10	74	11	18	7	52	2	54	17	20	19	33	
17	11	7	8	12	31	13	59	19	54	0	32	10	61	4	15	15	67	8	18	11	27	
12	56	0	21	7	60	9	7	18	9	10	22	4	51	
6	64	2	12	3	35	15	68	12	25	8	28	9	39	1	18	13	48	0	49	14	66	11	42	
9	73	13	23	7	27	8	50	17	37	2	31	
6	31	18	73	4	60	5	12	13	30	10	25	
18	67	19	17	12	31	4	45	13	55	15	19	14	34	17	35	3	12	2	56	16	69	
14	68	10	4	19	41	11	65	1	21	3	30	12	10	5	12	2	38	13	45	16	54	7	6	
10	27	15	59	17	51	16	33	0	62	7	11	
7	33	6	36	12	68	16	5	13	39	
13	19	0	8	5	72	3	40	15	64	7	54	1	5	11	69	18	35	4	51	12	63	8	3	
5	8	0	24	17	48	3	30	6	57	15	59	1	36	11	22	10	15	7	52	14	62	
2	45	5	53	3	3	16	69	12	60	8	57	1	21	0	48	6	7	4	70	10	31	
15	57	5	58	12	1	17	33	11	47	0	35	18	59	14	37	
16	24	19	10	7	48	11	7	8	15	
17	74	2	43	0	18	13	56	7	16	11	33	6	4	10	41	1	72	
9	42	17	3	4	41	18	28	6	2	1	43	16	64	2	8	8	59	3	57	19	23	14	50	
11	4	17	68	9	8	15	67	12	62	
16	43	18	50	7	44	8	5	5	63	14	35	
1	25	4	17	14	4	0	34	19	30	12	29	11	15	15	44	13	52	7	33	
13	3	7	54	6	39	2	66	18	65	16	41	10	19	
11	62	13	47	12	33	3	61	5	58	15	41	17	72	0	67	14	52	
10	42	2	51	7	35	0	39	1	7	
2	29	6	48	16	46	17	4	19	1	12	75	
9	46	3	59	17	72	18	30	16	56	1	33	14	63	15	62	
15	13	8	42	2	23	5	21	11	50	10	51	18	33	
11	8	8	58	16	60	14	1	7	61	12	25	
0	16	4	40	19	1	17	6	15	26	13	22	8	41	9	50	18	75	
10	3	9	67	16	26	6	30	5	2	3	36	13	14	2	59	0	38	1	49	12	15	11	64	
7	2	18	22	4	66	15	35	5	69	10	42	11	17	13	3	
15	40	5	34	7	37	18	36	8	54	11	69	10	23	16	55	
14	35	7	18	11	38	15	71	19	75	
11	33	4	64	13	12	1	74	12	26	6	63	14	58	
5	1	18	21	4	47	9	72	3	18	12	5	2	68	16	35	19	52	13	51	15	45	8	55	
18	43	2	33	3	13	19	3	14	40	17	31	15	65	11	23	6	75	4	14	7	28	
15	56	13	42	1	66	11	36	10	48	17	52	
5	2	12	6	4	58	9	18	2	57	6	63	11	27	17	53	10	4	19	59	8	25	
14	12	11	62	6	28	13	75	2	9	8	35	1	56	
9	6	10	67	6	43	13	40	15	32	2	55	3	18	
19	6	12	4	15	10	7	33	16	48	5	14	
4	41	3	45	10	35	2	2	16	59	5	72	13	22	18	34	0	27	14	12	6	69	
19	34	6	17	5	33	14	14	15	9	1	31	2	7	
6	40	10	25	17	38	16	15	5	39	4	21	
3	45	0	1	16	46	8	26	18	34	2	35	5	48	19	2	11	18	4	64	12	29	
6	40	13	26	7	10	8	16	17	57	9	8	1	36	
17	71	5	26	15	51	10	36	6	38	
4	48	14	14	0	21	5	46	19	50	
16	4	14	33	3	17	2	54	4	14	5	46	
11	46	12	20	1	72	4	74	16	65	13	6	7	11	6	49	
10	66	6	19	9	35	3	40	19	9	16	52	0	70	1	31	4	44	17	16	
9	24	15	52	7	2	12	18	11	55	19	47	
15	68	16	27	14	16	0	39	12	52	
14	30	13	20	19	61	16	27	10	73	4	46	
17	32	10	42	1	16	5	34	6	31	9	45	4	57	8	44	0	26	11	56	14	35	2	61	
15	13	13	58	7	24	11	56	16	11	14	28	1	75	10	7	2	25	12	40	
13	65	10	22	2	69	4	15	19	58	16	34	15	3	8	49	5	4	11	53	17	60	18	59	
19	12	3	4	0	56	4	49	10	14	5	17	2	59	
12	34	18	61	7	42	2	56	3	19	14	55	1	35	13	59	0	18	19	24	
13	67	16	4	19	33	0	19	17	3	
9	50	4	37	19	20	13	40	17	6	12	53	3	55	
5	24	12	20	9	10	2	54	7	42	6	26	1	2	8	15	17	41	0	66	3	75	
1	26	18	5	9	32	17	47	16	7	6	35	8	46	3	40	14	68	12	66	13	42	5	20	
7	62	10	33	14	7	2	74	4	23	11	25	6	52	3	38	8	6	18	37	1	16	
16	45	15	47	19	7	11	63	17	49	9	61	6	30	12	3	0	26	4	71	1	12	
1	72	4	56	16	73	3	12	5	10	12	67	
6	25	3	51	8	43	4	65	19	10	2	27	
12	20	5	15	14	23	19	5	17	74	15	29	11	71	18	32	1	58	0	10	
4	11	7	55	19	10	9	37	3	65	17	44	
13	43	19	34	15	48	1	35	14	45	0	49	
3	26	19	70	9	4	2	46	1	65	0	25	18	56	
12	71	4	46	3	6	10	45	13	26	17	65	11	15	
6	25	8	57	2	55	0	31	10	49	18	33	9	39	13	9	11	20	16	28	12	17	
9	54	14	18	19	55	5	37	1	65	0	43	
9	7	4	47	3	12	7	18	10	21	15	57	2	13	6	63	19	64	0	73	18	44	1	60	
0	23	11	19	10	40	1	71	14	31	
16	37	17	60	12	45	2	65	3	63	13	12	9	70	14	71	6	42	10	36	
2	61	5	73	11	7	15	1	18	6	14	58	19	48	13	71	7	47	16	19	
17	10	14	73	16	18	9	23	5	67	0	43	13	55	11	22	4	13	18	70	
13	10	7	67	6	63	0	43	3	31	16	51	17	28	9	56	8	49	18	19	12	15	
10	46	0	32	17	38	9	64	19	27	18	16	16	50	15	17	
2	41	7	38	17	5	5	69	15	54	1	6	6	72	4	14	12	51	0	64	8	25	19	53	
12	71	8	24	16	40	9	23	0	55	
11	28	17	61	9	69	12	68	14	16	15	31	
14	41	9	20	6	5	0	25	1	51	10	6	12	44	2	49	8	57	13	11	4	34	
1	25	6	31	2	37	14	75	8	11	18	52	4	58	
1	30	10	40	6	75	7	28	13	66	0	45	2	12	8	17	5	15	9	13	
4	23	3	2	11	14	10	43	17	8	15	73	19	49	
17	28	10	7	3	9	0	29	4	75	6	13	9	20	7	49	19	54	
6	22	14	62	0	70	5	43	12	29	19	27	18	30	17	60	10	17	
13	21	2	19	12	26	19	9	18	20	14	48	15	25	11	44	7	1	9	61	4	14	5	16	
12	12	15	63	7	16	0	72	19	32	2	57	
5	15	8	39	19	73	14	56	12	12	6	27	15	22	3	5	4	52	16	26	
13	72	16	40	1	68	10	3	8	25	19	11	
11	37	16	56	4	33	8	57	9	72	
12	12	7	36	19	28	2	15	17	54	14	63	4	43	
15	26	10	70	13	21	1	22	18	46	17	60	2	75	3	28	9	52	4	1	
2	36	13	31	17	27	7	24	3	41	11	48	14	70	16	13	19	37	18	61	
11	32	14	55	13	63	15	50	10	6	16	12	17	61	7	5	1	21	0	10	
6	40	17	36	12	24	4	11	5	13	3	2	13	27	11	9	2	4	16	7	14	63	15	61	
8	22	1	73	14	59	4	50	13	64	6	7	15	56	10	26	11	71	18	39	7	27	3	75	
18	43	4	14	0	65	17	71	3	32	16	1	11	45	
10	10	2	51	6	24	1	62	3	31	
3	27	9	2	17	36	13	42	4	61	11	74	10	75	18	68	1	66	15	40	7	17	
14	5	5	23	8	65	11	15	18	66	3	26	4	44	2	1	15	45	0	7	9	42	
17	52	11	60	3	59	16	1	0	33	18	35	19	4	14	10	5	32	
10	53	3	66	13	10	19	22	15	73	
11	75	3	12	17	39	4	15	15	65	9	3	16	26	2	53	10	57	
1	72	5	19	9	56	4	3	18	28	15	43	2	17	10	54	17	21	6	68	
18	4	10	43	7	44	16	48	8	49	15	25	
11	19	18	66	16	25	15	42	3	20	10	62	12	43	9	18	
8	39	13	45	7	56	17	18	19	71	12	61	11	75	
19	28	6	14	4	58	13	25	8	6	14	75	18	51	
16	61	9	35	5	29	6	15	2	12	17	59	10	43	4	19	15	53	7	16	
9	26	12	67	11	56	10	44	8	38	0	17	19	19	6	49	16	42	4	37	14	20	7	60	
10	29	3	38	0	33	2	19	4	13	
7	48	8	8	18	49	19	53	4	58	13	56	15	74	16	20	12	64	11	15	6	27	
17	75	16	63	13	72	12	11	15	32	11	1	4	56	1	22	7	74	
19	34	6	12	12	64	2	69	16	46	4	18	1	32	13	50	10	6	18	5	5	28	
3	13	4	35	16	39	7	2	12	54	10	37	14	65	11	50	19	31	0	16	15	34	5	74	
17	15	2	37	16	69	6	18	7	54	15	33	
14	64	13	75	4	47	7	56	10	12	16	72	
19	29	4	11	2	27	15	55	6	21	
10	60	7	56	4	33	9	39	0	36	2	12	5	13	14	6	
7	40	2	73	4	19	14	47	13	48	9	30	11	31	10	32	
0	52	14	17	5	4	8	2	18	31	17	26	9	63	10	46	15	16	2	18	13	53	19	6	
6	17	14	63	19	67	15	14	7	43	5	50	8	27	12	8	1	7	13	3	
9	67	7	69	11	13	19	49	6	48	14	26	
4	64	14	13	11	37	5	53	15	22	16	54	13	38	17	28	3	41	9	4	1	56	
0	17	1	37	12	69	15	12	6	8	10	61	17	48	3	63	7	25	9	74	13	2	
13	16	5	44	3	65	11	69	10	49	14	39	1	12	15	64	
9	73	13	20	4	13	12	46	17	29	11	59	8	67	16	2	3	5	
10	51	18	74	16	2	6	25	13	5	5	37	2	20	

All component type numbers for each job to be processed by MFPM
8	3	7	4	
0	49	
3	13	
7	41	
9	9	
4	28	
4	1	6	2	
8	27	2	33	
5	1	
9	46	
3	17	1	12	
8	49	5	39	
6	4	3	7	2	16	
7	42	5	33	8	26	
8	15	2	11	0	17	9	6	6	21	
4	32	8	42	0	31	
5	15	
5	40	8	35	0	36	4	33	7	38	
7	25	3	2	
3	28	9	47	5	38	
7	12	0	16	6	19	3	14	4	2	
1	49	8	48	7	27	
1	10	3	24	
0	35	
6	17	4	3	
5	39	4	37	8	40	6	33	7	34	
5	8	4	20	6	19	
6	31	
0	6	6	16	1	14	8	4	5	24	
3	34	6	29	2	45	
2	5	9	17	
2	32	8	30	3	40	
6	6	1	22	
8	32	4	47	3	38	2	28	1	29	
5	2	0	15	
9	34	5	47	1	28	7	36	6	26	
3	24	5	12	
8	49	7	40	
6	6	2	5	5	11	0	12	
7	43	4	36	
9	9	6	22	2	1	
9	27	1	31	4	35	8	49	
9	14	3	20	1	5	6	19	0	9	
7	45	8	41	
2	16	
3	44	7	27	5	29	
8	20	3	22	0	12	6	3	
1	26	6	27	2	40	4	49	
5	24	2	6	4	22	7	20	
9	30	3	46	0	48	5	44	
2	21	6	8	3	12	1	5	0	9	
3	37	
8	18	0	22	1	10	
1	36	8	49	3	32	
5	24	7	12	9	8	
3	41	2	47	6	44	1	46	
6	23	7	9	5	20	8	15	9	10	
6	44	3	48	0	43	2	38	4	39	
2	22	3	4	
9	42	
0	13	8	8	
6	45	0	46	3	40	2	26	
4	10	9	6	8	24	0	21	2	2	
4	49	0	26	6	46	1	50	7	45	
7	13	9	7	8	22	
1	48	2	38	0	29	3	42	9	30	
9	9	7	21	5	24	2	10	3	12	
1	35	4	46	2	28	8	48	9	31	
2	21	8	24	6	16	
7	50	1	28	6	29	
9	25	
8	43	3	37	
0	24	7	20	3	22	
3	26	5	38	6	43	2	47	0	36	
0	10	4	3	9	2	1	23	
8	34	3	42	
4	10	3	12	1	18	5	17	0	9	
9	49	2	28	5	31	8	44	
5	10	6	23	0	21	2	22	7	20	
8	34	1	28	2	49	6	30	3	31	
5	12	6	21	
6	46	
0	16	2	23	3	22	9	10	8	14	
0	48	3	26	
6	3	7	23	2	8	8	21	
7	27	2	33	4	42	8	50	
2	22	5	19	7	21	
8	42	6	29	9	45	4	38	
2	22	0	6	
6	49	4	41	
3	11	5	18	1	3	7	6	6	15	
7	41	
5	7	1	1	
3	40	6	33	5	38	0	47	
8	2	
4	48	0	38	
4	8	1	4	8	2	
0	32	
0	8	
7	45	6	40	
9	22	2	1	4	21	6	4	0	25	
8	36	6	28	0	43	1	44	
2	22	7	18	
0	46	2	31	
8	24	7	25	
9	28	1	35	6	50	
5	14	4	10	
7	38	0	41	2	44	5	50	
8	25	7	14	6	2	4	7	5	9	
3	47	
0	1	2	22	7	5	8	19	
7	44	5	31	
3	23	
0	40	9	43	3	35	6	37	
2	16	4	8	0	12	5	22	
6	43	2	46	3	49	5	32	1	26	
1	15	7	24	0	22	8	18	2	11	
6	47	4	26	9	38	
4	9	
8	45	6	32	3	34	
5	9	2	8	9	6	8	25	
5	29	3	40	2	41	
9	1	1	22	3	5	7	13	6	14	
4	26	0	49	
8	19	0	8	4	14	5	25	1	20	
3	49	8	33	2	41	4	30	
1	23	3	21	4	2	
7	38	5	26	
9	1	
4	33	
9	18	4	5	3	9	
4	32	0	45	7	29	
4	20	1	17	5	1	7	22	3	5	
6	32	5	48	
6	14	2	7	4	10	
5	35	1	30	9	34	
2	5	5	2	4	21	
5	47	0	28	4	50	9	29	
4	1	1	7	7	22	
9	34	5	27	6	26	
4	21	
5	31	6	27	1	41	2	30	4	43	
7	8	1	13	4	1	
3	46	
2	6	8	16	
0	35	
2	15	
9	27	1	28	6	45	5	42	0	48	
4	23	5	6	7	15	1	2	9	12	
1	50	4	45	
2	5	
6	47	8	44	9	45	4	42	
0	18	2	12	6	5	3	10	1	3	
1	34	8	31	9	43	4	36	0	29	
7	22	9	19	
2	33	1	34	
5	20	7	8	1	19	
7	47	8	41	2	32	3	34	
5	6	7	9	
3	50	2	36	8	48	0	49	
2	4	8	7	
8	31	6	46	3	37	
3	22	2	14	
9	36	
7	4	5	15	9	22	6	19	8	5	
5	42	8	33	0	48	
2	13	
5	34	
6	21	
8	29	
4	12	3	16	7	1	2	18	
1	42	8	31	
1	2	4	1	
0	35	
1	7	7	2	9	12	0	18	2	15	
8	37	
9	16	2	22	4	13	
3	26	6	41	1	35	
2	2	9	25	
6	37	2	34	
3	16	7	23	
2	37	
9	1	5	3	1	14	
7	38	
9	8	4	20	2	5	
7	35	5	27	9	41	4	29	
9	19	4	15	
8	42	
5	12	4	20	6	10	2	13	3	9	
1	42	7	30	6	45	4	41	
6	20	2	17	4	6	8	15	
4	36	7	40	
4	1	8	11	
4	43	
6	21	8	22	7	4	2	7	3	1	
8	34	
3	14	
7	42	2	33	5	31	
9	14	
8	31	9	46	
0	21	2	2	1	3	4	4	9	12	
3	32	6	44	8	45	9	50	
0	8	7	6	
4	28	9	29	
4	23	0	7	5	12	
9	28	
3	24	
3	38	9	33	1	32	5	27	2	29	
7	22	2	10	0	2	8	15	
2	35	8	49	3	39	4	44	6	33	
7	16	
5	39	6	46	7	44	
6	16	0	13	5	8	
3	37	9	33	8	34	
5	16	7	23	2	15	
0	49	2	32	5	30	
5	21	8	22	3	16	9	6	
2	27	1	36	
1	7	
8	31	
7	1	4	5	2	3	6	20	1	14	
3	47	6	36	2	41	4	39	
9	6	7	19	
2	30	9	31	
7	16	1	10	9	11	6	3	8	2	
3	44	
2	8	1	15	9	12	
1	37	4	44	2	50	3	36	
1	9	3	6	0	20	
3	26	6	31	
4	25	6	4	
0	31	5	30	8	40	
1	6	4	2	6	15	7	17	2	19	
4	48	6	36	9	28	
3	4	1	15	4	13	
0	42	1	33	5	50	6	29	
9	3	1	17	4	25	
3	30	
6	11	1	23	3	25	
8	45	0	47	7	41	
4	1	3	6	
6	31	
0	1	2	8	
9	31	1	29	2	26	
7	4	1	21	2	5	0	12	
9	40	2	36	
0	18	9	3	2	20	
5	44	8	48	9	35	
1	17	5	4	4	3	8	8	
3	50	5	27	7	26	
5	1	0	4	7	5	4	9	6	7	
0	37	8	29	9	45	3	28	
5	18	3	20	0	9	1	19	
9	46	3	27	7	40	0	36	
5	15	
2	36	1	43	7	34	8	45	
5	4	
7	35	6	49	4	41	
6	23	
2	41	
8	14	4	21	6	24	3	2	
0	32	1	26	6	35	3	49	
3	12	9	5	8	10	1	11	
2	31	7	44	5	26	9	46	3	38	
3	5	6	16	9	20	5	13	
0	29	2	42	1	26	
3	18	6	19	1	5	7	20	0	6	
9	29	
5	20	7	10	
7	35	9	29	6	45	1	40	
4	16	3	17	
0	26	2	27	9	33	5	36	6	44	
5	22	4	1	1	7	2	21	9	15	
6	49	3	33	
3	3	1	23	8	5	
0	45	8	46	3	34	
5	25	2	8	
3	39	
7	8	8	19	3	23	4	16	5	17	
0	41	3	37	4	44	2	33	
3	23	2	7	8	9	
2	41	8	47	
6	11	
5	35	
0	18	1	10	3	11	9	9	
2	43	9	29	7	47	1	34	6	31	
3	24	6	19	2	15	
9	44	4	35	8	49	0	36	
3	4	4	22	9	1	
2	31	6	50	1	42	4	26	
9	9	1	11	
2	45	1	36	
8	7	2	5	7	11	
2	45	8	26	
3	4	8	15	6	25	
1	38	0	26	6	37	
5	3	1	7	4	20	7	14	2	10	
6	39	1	46	7	35	4	33	9	26	
7	8	0	1	
0	49	5	31	6	27	7	44	9	42	
7	4	9	16	5	18	3	21	
2	36	
4	22	3	8	
6	37	3	31	5	46	7	27	9	48	
0	18	
5	50	7	30	3	45	
1	5	2	3	
7	39	
7	5	4	10	
0	42	2	41	
6	3	3	17	2	21	1	24	8	16	
6	42	
7	6	0	16	5	1	3	10	4	13	
8	29	
7	25	
4	48	
9	14	8	12	2	11	
9	36	1	42	
8	8	7	18	4	21	1	11	3	24	
5	29	9	40	3	38	8	44	0	45	
3	22	9	21	0	13	2	24	4	19	
6	49	2	33	7	37	
9	11	0	18	
7	46	1	30	
7	22	8	18	
6	30	5	32	7	43	
3	22	5	24	
3	47	4	37	7	27	5	33	0	48	
6	15	2	2	
8	37	6	41	5	33	3	26	1	45	
1	16	8	25	3	4	9	17	
8	26	9	50	
8	10	
5	33	6	32	1	26	7	38	
8	14	1	19	9	15	0	18	
9	45	
0	23	2	7	7	14	
8	35	
3	22	6	2	1	21	0	6	5	5	
2	31	8	38	
7	23	1	7	2	24	3	6	
7	48	
7	25	1	17	5	1	9	15	3	14	
9	43	0	29	7	35	
3	20	9	5	1	3	
1	46	6	29	2	49	
8	5	7	4	3	2	9	11	1	17	
1	36	7	30	
5	8	0	19	7	24	9	21	
8	32	0	36	9	30	6	29	
0	4	7	18	
2	37	8	47	1	35	0	27	
4	10	0	3	7	22	
8	29	0	30	2	39	1	26	
5	14	6	22	9	7	
8	47	0	31	
0	23	6	11	1	16	7	20	8	18	
3	35	2	41	
4	20	0	21	7	23	9	7	8	15	
5	50	
1	11	2	18	8	13	0	21	
2	30	
3	20	9	14	1	22	6	3	2	16	
0	39	3	49	4	28	5	41	
8	20	0	2	5	15	
5	27	8	41	1	36	9	46	
0	4	
8	37	7	28	6	29	1	32	
3	19	8	23	6	8	
9	44	
4	4	1	24	8	21	2	19	0	16	
6	45	2	29	1	36	4	50	
7	19	3	9	9	1	
3	43	7	39	9	44	0	35	4	31	
4	1	5	16	6	3	0	12	3	24	
0	48	9	28	5	26	1	32	4	29	
6	11	1	2	9	23	4	14	
5	38	
1	15	9	21	
9	29	
0	4	5	9	9	12	6	16	
5	36	
8	4	2	15	
0	38	4	26	2	29	8	28	
8	10	2	25	
3	44	
8	4	
5	40	
3	11	9	18	2	20	4	23	5	3	
1	48	7	38	9	40	2	32	
6	23	0	20	9	6	7	8	3	17	
0	50	8	29	6	27	4	31	7	34	
9	6	2	9	3	1	
4	40	0	30	1	34	
9	4	5	6	4	23	
6	26	7	47	9	28	4	34	5	30	
0	24	6	25	9	9	7	2	
2	26	7	49	6	38	3	43	
3	20	8	2	2	19	9	21	
5	42	6	45	

Three processing times per job on each machine
The best scenario
339	252	183	
246	214	373	
72	51	59	
432	187	196	
33	40	37	
186	190	294	
238	86	403	
206	54	157	
66	19	53	
27	41	42	
78	169	116	
110	147	49	
284	215	242	
215	93	325	
37	76	48	
60	204	173	
165	317	445	
245	128	131	
108	221	206	
290	170	301	
194	359	131	
36	100	91	
82	95	159	
287	136	296	
33	29	67	
405	183	470	
60	84	60	
463	167	294	
116	183	350	
172	195	75	
274	205	205	
240	131	285	
481	408	430	
219	259	119	
311	208	182	
212	230	125	
62	144	205	
64	104	180	
327	196	138	
40	10	37	
60	165	98	
263	335	533	
44	33	52	
176	235	274	
215	262	184	
72	46	52	
175	178	283	
179	288	322	
154	144	137	
79	213	212	
141	214	323	
74	73	42	
29	21	38	
248	152	52	
89	66	24	
51	155	78	
41	29	12	
37	26	64	
135	133	317	
85	54	56	
49	91	104	
45	44	97	
374	247	165	
121	202	263	
99	125	116	
147	211	224	
78	175	153	
216	247	432	
108	94	185	
214	155	212	
110	275	317	
223	195	160	
358	134	246	
281	431	356	
81	154	230	
172	268	130	
97	322	184	
75	382	238	
167	50	63	
81	196	175	
277	146	240	
60	135	38	
226	95	252	
121	340	108	
126	236	165	
269	215	271	
329	228	510	
23	64	57	
337	329	430	
48	131	127	
109	223	332	
77	122	94	
321	228	141	
113	52	98	
227	124	206	
209	99	311	
20	41	30	
58	50	64	
38	88	207	
153	184	299	
43	31	15	
374	204	342	
20	60	52	
143	398	195	
119	159	122	
311	158	170	
248	408	222	
118	110	138	
150	84	46	
71	78	69	
285	198	211	
172	241	154	
254	144	87	
32	52	48	
239	150	443	
176	115	241	
13	21	41	
159	146	119	
321	398	122	
13	39	30	
31	51	29	
114	107	181	
18	44	20	
50	33	49	
62	61	25	
203	81	135	
143	64	201	
196	256	155	
204	110	136	
34	32	33	
423	323	425	
192	221	142	
78	52	81	
410	294	299	
220	131	182	
117	203	122	
57	69	16	
150	239	116	
41	121	107	
212	196	163	
59	37	17	
164	134	43	
113	174	209	
375	275	315	
256	342	133	
80	116	86	
53	190	140	
324	140	253	
58	75	56	
252	338	365	
57	65	77	
24	85	20	
145	357	255	
256	167	312	
180	295	180	
157	217	305	
95	134	24	
118	348	467	
115	237	136	
35	44	56	
167	106	88	
252	188	218	
226	240	224	
226	469	317	
99	90	53	
262	198	122	
187	131	172	
249	158	283	
150	185	105	
256	404	409	
161	184	217	
232	495	345	
47	50	59	
34	136	39	
56	149	62	
92	136	149	
340	344	128	
101	223	71	
142	132	43	
115	191	242	
203	234	195	
147	187	316	
28	19	37	
195	165	354	
243	228	227	
60	71	63	
257	255	349	
260	179	215	
227	183	173	
514	283	412	
58	34	57	
59	127	88	
271	113	185	
60	169	67	
236	102	192	
208	238	78	
190	317	190	
51	42	36	
58	88	108	
129	110	84	
Most likely scenario
351	329	309	
447	222	387	
77	56	74	
434	274	295	
57	59	38	
329	210	477	
248	114	408	
221	98	208	
74	24	80	
44	51	46	
126	186	135	
156	157	57	
295	248	296	
298	117	335	
67	79	57	
111	247	262	
204	396	508	
332	183	178	
171	242	269	
469	243	401	
227	365	149	
63	138	118	
87	172	253	
454	268	513	
48	45	97	
586	320	472	
71	117	98	
479	213	297	
226	356	524	
173	202	116	
327	231	396	
363	191	432	
492	541	464	
351	367	151	
326	341	270	
348	339	217	
101	195	315	
120	123	255	
363	206	175	
56	16	50	
90	211	158	
492	498	592	
68	46	62	
347	428	327	
272	386	208	
80	79	99	
237	245	324	
261	336	361	
231	169	146	
117	214	228	
147	278	441	
125	78	59	
30	32	48	
284	257	71	
97	89	33	
73	202	131	
60	35	16	
40	52	68	
242	154	352	
101	59	64	
91	159	149	
47	67	125	
435	493	198	
237	238	316	
145	135	124	
202	236	288	
113	315	294	
261	373	526	
130	173	241	
271	242	235	
209	472	356	
224	259	303	
566	161	384	
455	499	453	
108	164	250	
287	474	159	
147	495	289	
143	463	449	
178	90	85	
130	238	177	
306	292	287	
70	141	73	
256	182	253	
130	361	152	
139	247	254	
319	305	272	
587	320	608	
32	114	69	
356	379	450	
86	193	169	
144	416	435	
95	145	161	
332	379	148	
127	55	118	
321	153	222	
250	183	387	
35	44	60	
61	97	91	
63	90	228	
158	329	362	
55	48	30	
554	208	428	
26	96	88	
189	432	222	
175	224	199	
412	263	222	
258	567	391	
172	156	149	
173	140	74	
92	90	79	
360	243	386	
215	257	253	
274	209	89	
48	93	63	
473	280	448	
272	159	387	
23	29	42	
177	228	201	
549	419	218	
23	64	36	
33	77	32	
123	190	335	
21	63	34	
64	39	62	
63	114	37	
234	97	202	
177	121	291	
318	421	157	
302	165	268	
56	63	39	
485	362	479	
193	249	180	
146	91	114	
466	320	461	
240	256	196	
188	246	158	
60	89	25	
202	333	186	
58	171	202	
298	361	227	
65	45	28	
187	195	80	
176	193	301	
422	430	449	
503	432	159	
157	145	130	
90	218	175	
359	257	268	
74	92	60	
388	493	373	
101	119	86	
43	115	32	
186	464	386	
277	311	355	
250	331	356	
229	300	388	
105	137	44	
203	430	501	
139	263	174	
61	60	96	
200	157	116	
284	277	230	
365	386	350	
421	492	421	
147	172	106	
280	210	156	
229	187	250	
258	296	401	
153	311	131	
308	423	427	
246	194	357	
399	534	347	
69	54	76	
65	143	42	
65	155	76	
136	203	199	
409	521	153	
110	232	98	
173	181	67	
136	381	484	
287	303	241	
158	337	361	
35	20	44	
387	174	427	
300	290	277	
63	73	81	
292	300	446	
370	180	330	
281	256	330	
529	444	424	
69	56	69	
75	161	112	
469	212	245	
99	175	97	
302	203	347	
226	330	132	
204	423	202	
53	47	51	
61	116	112	
192	169	89	
The worst scenario
413	386	443	
670	286	452	
101	57	100	
618	303	332	
78	70	54	
374	306	705	
279	134	453	
227	108	312	
109	31	81	
66	59	57	
146	248	180	
212	229	69	
436	253	401	
403	148	431	
70	105	76	
150	269	321	
260	419	691	
350	214	266	
190	359	313	
618	308	592	
267	435	208	
79	190	138	
95	180	339	
498	380	686	
49	62	114	
677	452	600	
105	161	126	
657	283	428	
271	490	536	
220	291	129	
360	326	594	
368	233	522	
662	708	683	
500	463	219	
445	353	338	
475	345	251	
115	218	461	
142	176	300	
397	227	255	
66	18	73	
121	280	185	
536	507	633	
81	49	92	
377	567	471	
404	531	249	
99	103	122	
323	297	484	
344	372	362	
305	243	192	
118	235	229	
195	416	641	
126	99	71	
32	33	56	
398	362	91	
122	117	46	
99	245	195	
74	50	21	
57	53	81	
243	189	472	
128	62	68	
117	216	167	
70	93	142	
533	504	259	
275	252	325	
182	172	171	
230	303	334	
150	361	337	
318	516	756	
182	187	339	
350	359	313	
231	666	484	
236	299	412	
807	239	442	
680	553	602	
152	241	260	
408	669	215	
203	566	364	
202	637	557	
232	92	117	
144	251	213	
319	296	382	
103	171	89	
279	200	338	
148	401	221	
161	342	285	
418	352	342	
704	371	894	
37	131	92	
513	562	587	
126	281	195	
160	470	551	
109	168	204	
413	394	209	
185	76	145	
414	206	277	
277	221	506	
39	65	84	
84	139	98	
91	91	278	
196	341	400	
63	62	42	
770	235	610	
37	102	105	
235	595	291	
178	248	256	
452	351	238	
377	746	433	
221	158	202	
229	185	97	
138	100	87	
449	267	508	
255	282	307	
406	286	122	
70	129	76	
633	416	528	
333	217	432	
30	35	57	
187	253	268	
560	557	318	
33	72	47	
48	98	46	
136	235	398	
27	89	47	
87	57	72	
74	152	54	
280	140	297	
250	135	331	
366	539	161	
410	224	270	
70	81	41	
525	515	696	
256	303	261	
183	103	162	
582	418	543	
257	355	278	
208	284	234	
77	132	32	
232	440	264	
83	204	270	
338	405	244	
85	58	41	
215	281	94	
241	199	317	
620	529	466	
533	624	198	
174	170	144	
112	262	194	
478	326	349	
80	136	88	
529	599	415	
130	169	110	
51	165	37	
213	599	441	
385	353	524	
308	400	528	
327	341	579	
136	175	57	
228	602	567	
154	281	191	
86	89	139	
252	166	124	
394	295	254	
495	537	440	
607	733	473	
188	221	125	
401	229	158	
331	201	302	
358	323	419	
188	466	162	
359	449	572	
302	231	436	
555	545	419	
90	71	82	
74	207	46	
91	159	112	
147	242	223	
449	572	188	
115	258	106	
235	199	98	
184	485	582	
378	370	352	
219	444	473	
52	21	58	
523	225	607	
400	298	283	
84	82	105	
312	379	456	
394	184	380	
343	371	389	
739	583	537	
84	70	97	
78	236	141	
540	261	327	
139	217	102	
380	207	423	
280	354	136	
213	564	259	
67	48	74	
85	143	115	
258	181	112	
