Factories	5	Jobs	150	Machines	2

Total number of component types per job processed by HSPM
6	7	12	11	12	6	10	10	7	12	11	12	8	5	6	6	11	12	12	9	11	5	10	6	10	9	5	6	5	9	5	5	6	7	5	7	12	9	9	11	9	7	9	7	11	8	6	12	5	7	11	12	6	12	6	10	11	8	6	9	8	9	6	7	12	7	11	10	6	6	11	12	11	5	7	11	10	6	11	5	9	8	11	10	8	9	8	10	6	7	11	9	12	9	8	7	7	9	7	5	10	5	8	5	11	6	5	9	12	9	12	7	5	5	12	12	8	11	8	6	6	12	11	6	8	8	11	6	7	11	8	7	8	5	7	7	11	10	10	9	11	7	10	12	11	6	8	9	6	12	

Total number of component types per job processed by MFPM
5	5	2	1	5	5	1	5	2	5	5	1	5	2	4	4	5	1	1	1	3	1	2	5	3	5	2	2	1	4	5	2	5	2	1	4	5	3	2	2	1	2	5	2	1	4	3	2	5	4	4	1	2	4	2	4	5	4	5	3	3	2	2	4	3	4	5	1	2	2	4	2	5	5	5	3	3	2	5	4	5	1	3	5	1	2	3	2	2	2	1	3	3	5	2	2	4	4	4	4	5	3	2	2	2	5	4	3	1	2	5	3	4	2	5	2	3	4	3	3	5	2	5	1	5	1	5	3	4	2	1	3	2	3	2	2	4	5	3	4	2	5	3	4	1	2	1	5	2	4	

All component type numbers for each job to be processed by HSPM
16	18	19	9	18	17	3	46	0	53	10	20	
6	45	7	71	12	72	2	24	18	32	10	13	5	12	
6	17	15	57	9	43	1	16	17	18	3	56	19	27	13	68	11	6	0	21	2	67	7	35	
16	66	17	45	13	52	9	30	19	46	7	50	6	20	5	25	12	2	1	28	11	68	
2	68	7	65	15	51	0	26	11	40	8	46	12	69	18	67	4	38	1	34	3	7	17	18	
17	45	3	69	11	48	1	12	8	62	9	67	
13	62	2	43	7	48	5	63	16	61	10	70	4	25	8	75	9	36	12	54	
3	66	10	33	17	34	1	54	14	75	6	11	9	68	19	69	16	21	18	52	
17	49	14	41	4	48	10	28	12	2	9	19	15	39	
5	58	11	35	1	30	19	24	15	39	13	52	2	48	6	28	4	60	7	74	16	45	12	68	
12	53	17	50	10	74	16	56	4	68	0	44	15	19	2	14	14	25	11	30	7	59	
8	18	15	75	5	1	11	21	13	5	17	36	19	3	10	47	0	53	3	68	7	42	14	19	
7	33	2	56	9	47	8	2	10	43	19	1	12	39	11	28	
1	55	13	11	16	73	18	70	4	35	
5	38	3	32	10	12	11	46	9	16	13	35	
15	40	4	67	12	63	18	18	5	72	16	23	
3	31	7	67	14	56	10	41	6	33	4	9	12	48	1	11	8	1	9	29	2	43	
12	45	1	33	10	18	15	71	14	73	6	6	4	20	17	46	0	23	7	31	2	26	13	37	
15	43	9	22	16	36	19	9	14	52	7	39	17	70	18	67	8	32	10	20	2	4	13	59	
14	66	17	14	9	75	8	20	0	45	15	8	5	19	6	59	18	16	
19	33	15	3	12	68	11	70	16	25	5	37	2	60	1	48	0	61	9	53	3	27	
16	38	8	47	6	8	13	66	5	5	
6	58	7	67	4	23	16	10	13	40	18	29	5	61	8	44	9	56	14	52	
8	60	3	63	1	2	18	45	19	18	13	3	
4	20	12	3	11	63	1	17	7	15	0	70	9	16	6	6	2	23	10	69	
9	15	1	22	3	37	10	24	12	73	18	66	7	47	0	2	13	30	
9	65	19	16	15	22	18	66	7	31	
10	37	18	28	3	24	11	52	6	5	14	45	
1	60	9	1	18	75	0	52	2	55	
10	68	19	30	16	6	0	45	15	50	7	18	1	59	8	38	3	32	
18	19	7	3	15	4	12	17	17	24	
1	4	7	5	11	33	9	29	17	35	
13	60	16	29	2	4	4	53	9	54	18	27	
18	36	1	4	19	9	4	43	16	61	8	22	10	28	
0	21	4	24	6	52	18	43	14	58	
16	45	0	48	6	7	12	1	2	19	7	71	1	22	
1	74	3	60	17	73	15	30	7	26	2	43	5	11	18	16	9	58	6	25	19	5	0	12	
6	23	9	45	14	64	2	49	10	8	8	71	15	57	11	11	5	66	
16	10	18	39	12	17	10	11	13	42	3	65	11	18	19	36	0	66	
9	42	7	39	10	2	6	33	19	8	17	16	12	58	3	36	18	50	4	67	11	23	
13	13	14	50	17	30	2	61	11	67	5	63	10	64	0	26	1	37	
12	46	5	61	16	66	7	26	17	9	3	72	13	73	
4	65	11	56	19	73	18	29	12	59	10	75	6	22	16	44	3	67	
7	65	18	1	13	28	0	2	12	43	14	15	11	37	
9	75	3	37	14	64	16	30	11	24	5	44	19	29	18	46	12	11	4	60	8	7	
5	33	19	51	6	41	9	15	7	14	17	27	15	11	4	64	
12	19	13	5	3	60	15	49	1	37	16	59	
4	6	17	39	15	27	0	71	18	13	6	58	3	53	16	47	7	57	11	68	12	11	1	33	
10	50	17	3	3	43	9	58	4	61	
11	31	5	51	0	14	14	55	8	15	15	18	17	50	
10	58	4	22	8	50	14	12	11	66	19	6	0	64	5	2	15	13	13	49	6	34	
15	56	4	66	14	48	16	59	7	4	18	37	0	39	8	1	17	42	13	29	6	9	2	52	
4	4	8	72	15	55	18	75	0	9	6	31	
19	56	13	29	6	61	16	30	18	68	3	54	0	51	15	42	9	72	1	32	11	41	14	46	
4	36	17	59	16	48	1	57	12	34	0	32	
19	7	3	33	5	25	2	37	17	10	8	65	7	70	15	39	14	41	0	12	
1	58	10	54	3	17	11	12	6	42	4	6	14	51	12	14	9	56	8	29	16	47	
19	11	12	64	1	28	7	32	3	39	14	8	17	69	4	73	
7	55	8	61	14	11	9	3	3	1	19	44	
10	44	3	29	2	53	7	75	6	36	9	73	8	74	19	32	15	55	
14	40	10	19	4	4	15	9	5	35	18	41	16	55	19	62	
9	42	2	57	6	20	16	62	4	10	5	18	11	50	18	13	3	54	
3	29	15	55	12	10	14	59	7	22	19	18	
5	30	10	53	12	44	0	57	7	34	6	73	17	62	
3	67	13	46	1	49	10	64	14	26	11	22	0	52	15	30	8	9	18	61	9	53	5	73	
6	52	13	63	17	55	15	18	12	54	16	23	14	29	
7	13	1	56	8	69	0	4	17	71	4	50	11	37	15	62	14	68	16	6	12	22	
0	10	4	37	5	65	16	21	7	42	6	64	10	73	9	24	12	8	18	36	
8	69	14	14	9	56	1	21	13	30	11	60	
4	28	16	45	2	26	1	18	3	19	7	32	
18	62	0	26	13	33	6	36	1	49	4	20	8	13	17	73	19	17	14	39	10	51	
3	59	11	16	17	12	4	31	10	52	13	54	0	13	8	18	9	72	15	32	19	56	7	46	
13	41	2	53	12	30	11	19	10	22	8	61	3	75	14	44	18	36	15	67	5	55	
1	64	13	15	16	42	15	43	12	3	
4	44	9	69	0	13	12	54	2	9	5	10	1	70	
15	31	9	54	3	27	19	71	18	22	5	14	7	34	12	7	1	74	6	64	16	10	
2	50	4	26	10	51	12	40	13	52	8	15	9	30	5	70	18	57	14	23	
8	39	16	65	17	61	1	56	12	27	13	29	
14	73	4	36	11	59	17	8	2	45	1	34	19	25	16	3	3	21	9	32	10	55	
12	51	14	30	6	2	11	21	7	55	
19	48	6	69	11	1	9	9	7	31	3	68	17	42	15	5	0	53	
5	31	0	16	6	8	12	5	8	9	13	12	7	71	10	18	
5	65	9	75	2	68	19	42	18	28	10	2	3	62	16	30	14	12	12	21	0	16	
11	53	13	9	16	48	8	15	14	28	3	35	2	21	1	41	12	74	5	73	
6	69	8	67	5	48	0	20	11	23	13	2	19	57	9	40	
17	53	4	30	8	55	12	66	13	63	2	51	15	59	7	49	1	11	
15	43	19	52	7	6	14	60	8	19	5	62	1	65	11	71	
10	57	18	69	14	21	5	66	16	73	4	38	3	19	8	29	2	55	19	45	
9	45	5	46	13	30	10	27	17	52	6	10	
19	41	0	74	13	58	17	30	2	49	12	55	10	71	
17	19	10	39	18	24	2	45	1	47	16	14	11	59	13	6	4	72	6	57	9	68	
5	28	12	15	13	5	2	14	3	59	14	69	15	3	4	47	18	29	
14	39	9	22	16	4	8	65	7	60	15	74	6	70	5	36	10	25	17	63	1	31	12	41	
2	55	0	12	10	66	1	39	12	28	18	8	9	14	7	11	19	3	
12	43	15	45	1	59	17	44	9	47	5	72	0	17	13	19	
14	68	5	65	9	43	6	55	12	61	19	31	18	46	
8	21	18	75	16	19	6	49	4	38	0	39	17	6	
8	12	3	52	5	56	6	13	4	64	16	29	1	10	12	19	14	49	
2	33	15	12	6	11	5	43	1	48	19	74	9	40	
3	16	9	20	0	17	14	1	12	45	
3	6	19	70	9	33	0	2	16	60	10	16	4	8	12	10	17	55	2	11	
18	27	16	5	6	34	1	24	5	53	
0	58	6	64	14	28	11	44	9	3	5	74	16	17	19	62	
2	52	5	56	19	3	9	29	13	17	
11	29	15	49	13	7	6	31	19	22	18	44	5	8	16	26	14	43	9	38	2	21	
6	21	9	37	18	13	4	51	1	5	5	62	
10	14	1	43	5	72	14	42	3	58	
4	9	19	6	12	51	10	17	8	40	5	12	15	22	17	45	7	67	
11	57	0	40	13	43	19	17	1	75	6	32	18	12	15	71	4	3	3	62	17	8	12	13	
9	19	10	14	8	40	14	54	5	50	4	6	3	27	1	18	7	64	
11	68	5	15	14	36	0	43	19	48	2	26	1	24	15	55	8	18	16	53	10	14	6	30	
13	45	19	11	16	40	7	49	11	37	10	17	8	13	
15	34	12	18	16	19	0	20	7	70	
10	54	16	64	9	15	11	13	0	45	
15	65	1	58	3	14	2	13	13	36	17	59	7	62	19	30	10	2	5	7	11	57	16	45	
15	26	13	18	14	9	2	67	1	52	11	1	7	34	8	57	0	63	18	11	19	70	5	73	
5	18	2	10	4	4	15	52	1	9	19	13	18	62	8	25	
4	46	13	70	5	36	16	20	3	12	11	47	10	32	7	33	17	41	0	66	6	50	
14	58	10	62	0	48	13	54	19	34	18	18	16	17	3	14	
4	60	13	69	5	43	19	39	2	44	8	65	
8	53	14	68	18	20	10	49	2	56	19	2	
2	43	1	40	6	14	4	10	12	64	9	62	11	3	10	30	8	35	16	20	17	60	14	57	
5	68	18	30	4	9	10	42	7	44	8	65	11	39	3	66	6	41	16	69	1	61	
2	60	16	53	6	55	3	39	4	44	1	18	
2	65	1	56	4	68	10	40	5	58	8	62	16	41	15	17	
17	42	10	16	14	11	4	25	3	34	1	3	8	36	9	2	
10	70	4	46	18	48	7	8	11	69	16	60	3	14	0	57	17	19	1	51	6	61	
16	36	18	71	10	42	7	56	0	17	15	63	
9	25	18	22	1	1	16	38	0	61	4	42	3	26	
11	50	16	67	6	39	1	63	7	75	0	45	2	40	9	59	3	13	4	9	12	22	
15	54	16	65	3	75	18	68	0	69	4	17	10	28	9	56	
7	33	10	16	5	74	12	54	6	70	2	56	9	8	
15	30	14	64	12	58	9	17	2	61	7	73	18	72	19	9	
1	8	5	66	14	35	0	45	10	5	
11	74	19	43	18	18	6	17	14	11	9	69	3	36	
15	31	0	39	19	11	4	67	9	41	11	19	5	32	
4	41	10	4	13	44	15	9	0	11	18	37	12	63	19	51	16	31	1	28	11	33	
18	13	15	14	11	35	1	31	2	53	5	20	6	40	7	24	14	49	3	11	
17	30	8	53	0	42	15	4	18	64	6	21	1	68	5	74	14	60	3	16	
16	45	19	42	5	27	8	38	18	57	15	62	0	14	6	18	10	59	
19	50	7	53	16	68	18	71	3	38	8	27	5	19	2	64	0	33	17	2	6	3	
5	22	12	16	17	71	9	24	10	56	2	11	13	15	
2	70	9	65	16	55	1	12	0	34	13	47	14	11	10	27	4	74	19	35	
6	73	18	23	3	19	13	14	19	74	5	15	15	7	8	12	10	71	0	45	7	4	2	59	
8	71	5	19	16	33	11	68	13	10	15	67	6	5	0	28	12	3	17	4	3	38	
5	71	3	2	10	65	12	1	11	61	7	25	
10	44	12	57	19	27	5	47	2	38	9	75	15	51	6	52	
11	53	10	7	0	73	4	51	15	23	19	28	9	58	5	47	3	29	
2	25	5	7	9	61	10	54	1	6	18	9	
7	63	18	46	9	36	2	64	14	29	12	38	0	71	6	4	10	39	4	17	15	50	5	31	

All component type numbers for each job to be processed by MFPM
7	21	0	7	9	9	5	13	1	17	
0	18	1	16	3	19	7	13	8	12	
3	6	0	15	
9	24	
2	6	9	1	4	3	5	16	6	4	
3	20	9	23	6	25	8	11	2	7	
8	13	
9	10	0	4	8	19	7	20	3	9	
2	4	0	7	
9	9	8	21	5	13	4	4	7	23	
1	9	4	17	9	25	7	3	3	20	
6	23	
9	11	5	20	2	21	0	10	7	2	
4	15	0	12	
4	21	0	11	6	20	9	1	
7	25	2	19	0	2	8	9	
8	12	6	6	5	17	3	25	4	18	
0	14	
4	4	
9	25	
9	12	7	11	1	14	
0	13	
9	3	7	19	
2	6	9	23	5	24	4	3	6	12	
2	10	9	18	1	21	
7	25	0	10	1	1	6	20	4	15	
1	19	5	12	
2	24	6	4	
1	14	
2	9	7	11	4	18	9	7	
8	3	5	24	4	17	6	12	1	4	
9	15	5	3	
6	8	9	1	5	5	7	16	1	23	
6	15	2	20	
1	1	
1	17	4	10	7	3	6	9	
0	5	4	24	9	22	6	19	8	25	
2	7	8	8	3	10	
0	7	9	19	
0	3	6	8	
3	9	
2	10	6	23	
0	11	6	7	7	8	5	3	8	16	
7	16	3	8	
5	11	
8	24	7	1	0	18	6	12	
0	25	3	13	4	23	
6	24	1	16	
3	13	8	17	6	16	5	5	0	12	
3	7	6	24	4	21	5	12	
4	2	6	21	9	13	2	25	
0	10	
9	7	5	17	
1	7	8	22	0	13	5	18	
2	3	0	6	
4	24	1	20	8	8	5	16	
2	23	6	25	8	20	0	12	9	15	
6	6	3	13	4	8	0	19	
9	7	4	19	2	18	7	8	5	23	
8	9	1	24	4	21	
0	6	9	23	4	18	
0	6	6	9	
5	7	9	1	
8	21	3	1	5	24	7	22	
2	10	7	6	5	13	
6	10	0	4	4	21	3	25	
8	1	5	10	4	21	6	3	1	23	
2	18	
8	20	1	15	
2	23	7	3	
5	2	7	13	0	5	3	16	
1	20	7	14	
0	12	2	21	7	14	8	24	1	25	
1	18	8	25	4	2	2	19	7	17	
7	17	1	16	8	18	4	3	9	8	
3	21	5	20	9	22	
6	8	3	13	0	22	
5	21	9	9	
7	2	6	3	5	4	4	7	8	25	
8	24	1	10	9	20	3	23	
5	24	6	19	1	6	8	2	4	20	
9	16	
3	25	1	10	0	11	
0	22	3	9	5	20	1	5	2	15	
6	6	
5	16	6	25	
8	13	3	3	0	1	
9	4	5	8	
1	3	4	25	
8	2	4	1	
5	8	
1	18	0	7	2	8	
7	19	0	13	3	18	
9	9	4	19	6	1	5	4	2	15	
9	5	0	6	
6	23	5	5	
0	20	1	4	3	8	4	23	
6	5	9	12	0	8	3	20	
0	14	8	15	7	9	5	24	
2	18	8	1	3	17	4	19	
5	22	2	25	6	14	8	17	0	12	
3	20	0	6	1	3	
6	4	9	3	
7	21	2	16	
7	19	9	1	
6	2	9	12	0	20	8	15	3	24	
8	15	6	12	7	23	3	22	
0	13	8	5	5	17	
0	13	
3	21	7	6	
8	20	0	2	7	7	4	18	1	3	
5	11	6	13	3	25	
3	3	0	15	4	22	6	2	
6	7	1	5	
6	10	1	5	4	18	3	4	5	1	
5	6	4	24	
5	20	7	15	3	13	
3	3	9	8	4	5	5	22	
7	9	3	8	4	25	
4	9	3	18	9	12	
4	23	0	11	3	15	1	6	2	2	
9	20	6	22	
3	22	6	6	9	23	4	2	5	10	
2	22	
7	22	9	25	3	21	1	5	8	13	
3	4	
3	4	4	16	5	17	1	15	9	22	
2	9	1	4	9	15	
7	4	3	15	0	20	5	6	
2	23	4	13	
8	24	
1	2	8	15	3	23	
0	9	2	23	
4	21	0	12	7	17	
2	21	0	10	
0	5	7	14	
3	23	4	3	0	10	5	17	
7	19	6	2	0	4	1	1	5	14	
3	20	8	17	5	21	
5	9	1	3	2	11	7	4	
7	12	2	22	
5	25	9	3	3	18	8	6	6	1	
6	20	1	6	0	23	
8	25	0	17	6	21	7	15	
1	24	
6	4	8	6	
1	17	
6	6	4	1	9	22	3	13	8	2	
2	9	3	20	
9	13	1	23	4	14	7	20	

Three processing times per job on each machine
The best scenario
196	223	
167	290	
80	95	
292	313	
213	266	
90	69	
248	381	
523	244	
213	336	
292	183	
274	246	
271	248	
69	280	
256	269	
149	275	
95	44	
148	141	
317	396	
82	266	
333	335	
127	262	
276	91	
43	72	
47	135	
363	157	
67	86	
40	19	
408	234	
115	198	
95	148	
296	145	
33	59	
269	291	
21	55	
126	362	
131	150	
87	328	
57	52	
259	153	
271	445	
107	57	
156	87	
56	75	
115	159	
194	212	
89	138	
59	85	
192	148	
78	79	
207	84	
281	257	
125	164	
64	111	
56	70	
278	266	
122	193	
183	273	
139	144	
27	11	
130	40	
84	126	
48	111	
74	113	
80	58	
173	98	
79	154	
100	72	
115	151	
29	60	
107	118	
41	120	
148	71	
79	62	
196	205	
39	23	
22	16	
78	155	
273	108	
198	224	
46	30	
400	359	
96	62	
161	157	
93	35	
93	102	
271	106	
131	177	
192	498	
163	223	
28	16	
348	150	
562	99	
356	161	
334	345	
105	162	
325	185	
73	54	
406	423	
177	133	
270	301	
47	97	
36	56	
531	159	
88	198	
184	211	
91	98	
16	23	
145	135	
81	120	
423	266	
141	174	
52	51	
117	90	
162	80	
188	176	
57	47	
126	237	
99	198	
284	250	
80	49	
360	118	
119	190	
76	129	
132	235	
21	65	
160	151	
110	115	
139	168	
196	81	
284	216	
37	51	
220	308	
248	266	
98	62	
33	56	
390	116	
154	152	
42	82	
275	224	
252	221	
28	33	
113	261	
205	170	
83	115	
300	71	
90	196	
186	301	
133	154	
200	299	
46	25	
Most likely scenario
289	277	
295	303	
116	105	
294	321	
257	340	
109	81	
313	459	
575	483	
285	383	
312	249	
403	426	
276	292	
135	392	
448	438	
185	370	
124	87	
151	167	
416	565	
119	455	
353	416	
230	323	
290	163	
61	97	
83	219	
372	222	
113	128	
47	28	
427	270	
159	388	
106	266	
311	185	
60	101	
388	337	
35	61	
212	366	
212	155	
151	330	
58	74	
324	257	
380	501	
108	65	
248	140	
105	107	
177	169	
275	246	
91	150	
87	89	
201	252	
155	120	
342	94	
405	423	
209	261	
94	145	
96	111	
381	297	
187	272	
313	315	
231	186	
29	19	
260	72	
144	236	
68	218	
147	122	
121	115	
250	106	
107	185	
108	101	
182	234	
33	61	
112	189	
56	152	
193	111	
96	114	
235	275	
69	44	
40	26	
94	205	
293	167	
352	227	
64	44	
451	567	
144	108	
216	213	
114	59	
144	129	
332	201	
214	225	
212	551	
182	314	
45	20	
552	159	
570	192	
530	238	
385	446	
151	205	
364	295	
76	56	
621	464	
191	143	
371	326	
76	123	
68	64	
560	302	
168	252	
245	333	
141	138	
22	43	
168	244	
102	122	
432	280	
204	202	
81	56	
129	150	
195	149	
209	195	
114	49	
242	297	
137	358	
395	288	
149	55	
545	143	
234	198	
130	179	
143	295	
39	77	
227	199	
181	178	
266	217	
234	138	
299	228	
38	70	
279	409	
338	317	
117	81	
53	72	
498	173	
223	166	
46	129	
285	281	
305	281	
53	55	
187	299	
239	289	
122	157	
371	113	
115	266	
232	326	
202	161	
347	499	
50	46	
The worst scenario
381	288	
311	403	
146	156	
407	382	
258	442	
153	119	
444	580	
721	676	
342	449	
427	302	
405	458	
370	302	
172	544	
532	649	
271	496	
166	123	
167	177	
420	729	
170	470	
381	617	
263	413	
307	230	
85	109	
107	277	
451	275	
129	178	
49	30	
632	360	
217	444	
109	284	
439	217	
66	143	
536	402	
36	84	
284	372	
246	166	
189	434	
66	100	
352	323	
544	714	
159	82	
340	174	
137	131	
187	172	
287	308	
97	223	
88	117	
250	269	
216	143	
441	140	
529	455	
304	267	
126	156	
132	119	
433	384	
207	275	
341	346	
258	189	
30	20	
281	94	
198	262	
84	279	
163	159	
132	116	
342	115	
141	207	
135	106	
186	276	
49	62	
118	267	
59	178	
270	165	
143	165	
253	312	
85	52	
41	35	
132	272	
351	201	
387	277	
69	51	
674	770	
172	150	
217	265	
157	79	
216	177	
409	213	
224	326	
246	729	
214	458	
50	23	
599	171	
738	271	
553	273	
475	668	
152	290	
543	375	
83	73	
717	564	
235	181	
405	429	
78	145	
72	96	
653	401	
179	359	
306	432	
170	192	
26	48	
192	304	
118	175	
562	409	
283	277	
121	72	
182	151	
229	188	
246	240	
153	69	
323	305	
144	400	
493	394	
157	69	
601	153	
305	204	
170	252	
169	320	
55	95	
253	255	
267	179	
350	248	
303	184	
330	260	
39	87	
326	527	
469	460	
144	111	
75	73	
499	250	
286	208	
48	162	
378	358	
397	339	
68	58	
276	412	
343	423	
128	187	
536	165	
156	293	
245	464	
214	230	
439	559	
60	52	
