Factories	7	Jobs	200	Machines	2

Total number of component types per job processed by HSPM
12	5	11	9	10	9	8	6	9	9	7	5	6	9	11	8	7	7	10	9	8	5	11	5	7	9	10	9	10	12	9	11	7	8	10	5	12	6	11	5	8	6	8	8	10	7	7	9	9	10	8	12	12	10	12	8	11	7	8	12	5	12	10	9	11	5	11	9	5	5	5	6	12	7	6	5	7	11	6	5	10	11	5	11	12	6	9	8	7	5	7	5	6	5	8	5	10	12	6	5	5	7	6	7	11	11	8	5	5	11	5	12	8	10	9	6	6	9	9	5	12	11	7	5	11	7	11	9	10	5	12	9	12	5	7	10	6	12	7	7	12	8	7	7	5	7	12	6	12	11	5	8	8	8	7	11	6	9	12	5	5	8	5	6	10	12	8	7	6	8	11	11	5	10	9	5	7	9	12	10	5	11	5	8	12	5	8	7	6	12	11	7	10	12	8	11	8	7	8	5	

Total number of component types per job processed by MFPM
2	2	1	5	4	3	3	5	5	4	2	3	3	4	5	4	5	2	4	4	3	5	1	3	5	4	2	2	5	2	4	1	3	3	1	2	5	5	3	5	4	4	3	5	5	1	4	1	1	2	3	2	4	3	1	1	2	1	1	4	3	1	5	5	5	2	3	3	5	2	5	5	4	2	2	2	1	2	4	5	5	3	1	2	1	1	2	5	2	4	2	5	5	5	1	2	4	3	3	2	2	3	3	4	3	1	3	1	3	4	3	3	4	5	4	4	3	4	5	5	4	4	4	2	5	5	1	2	5	2	5	2	2	5	5	1	2	4	1	3	2	3	2	1	1	5	5	4	2	1	1	5	4	2	2	5	4	1	4	3	1	5	3	3	2	5	5	3	3	2	1	3	1	2	2	1	1	3	1	3	1	1	4	3	2	5	2	4	3	3	2	4	3	3	1	5	3	4	3	4	

All component type numbers for each job to be processed by HSPM
15	57	14	60	18	61	1	9	3	34	8	4	6	73	0	51	12	71	16	27	4	20	2	62	
9	23	0	30	19	46	10	34	16	58	
1	35	19	43	18	13	10	73	14	44	11	74	2	23	8	52	17	39	16	34	0	55	
6	15	16	22	7	25	13	18	1	7	2	1	4	28	0	73	11	64	
2	63	8	41	12	46	0	40	16	28	1	23	17	36	4	61	3	29	15	51	
5	62	10	14	11	15	2	11	15	2	12	31	18	5	6	7	9	49	
17	5	10	50	0	61	19	67	4	20	5	11	14	29	18	56	
12	59	2	10	1	24	13	43	15	38	9	8	
1	31	3	9	5	17	2	15	16	4	14	67	18	46	17	66	6	29	
15	9	4	22	8	48	7	36	1	68	19	26	9	27	18	25	16	55	
6	11	18	53	1	42	14	47	11	30	4	67	8	34	
13	17	18	37	4	75	17	8	10	43	
3	59	12	73	11	74	4	18	18	45	5	4	
12	37	4	19	19	41	10	10	16	47	15	29	17	17	2	68	14	66	
18	57	16	67	11	17	7	4	13	42	12	46	14	29	9	34	3	8	10	62	0	21	
16	64	17	23	15	52	7	70	12	34	1	27	18	14	2	17	
6	73	0	69	18	29	13	2	12	35	5	64	16	60	
11	27	9	2	1	5	8	42	16	20	18	32	13	62	
16	32	6	50	7	72	1	37	0	58	13	29	4	5	3	36	10	44	15	41	
11	54	3	4	18	1	9	22	0	38	10	14	2	29	14	52	16	3	
12	25	19	39	4	7	14	6	15	15	8	60	1	62	5	66	
2	1	15	49	12	34	0	39	14	28	
6	56	12	21	18	1	8	45	5	62	11	15	0	73	14	66	19	43	10	38	13	58	
9	56	12	32	14	68	1	75	2	30	
17	63	12	15	13	60	6	21	1	70	16	58	18	62	
16	18	8	31	0	11	2	40	10	4	12	55	1	34	5	9	13	2	
9	60	11	25	6	62	17	20	12	15	3	11	4	8	8	61	5	48	0	23	
14	16	11	65	3	27	8	68	1	67	9	3	0	2	18	61	16	38	
13	64	6	43	19	56	17	41	4	57	18	22	0	44	12	59	5	49	16	19	
1	15	10	4	14	75	11	13	18	39	16	8	13	54	17	2	8	32	3	64	19	25	15	69	
17	32	11	3	4	73	7	2	8	72	14	69	13	21	10	27	6	37	
1	19	12	69	16	55	0	25	9	67	18	66	15	33	8	41	11	1	14	13	7	37	
0	49	19	39	6	55	18	23	2	48	16	56	9	58	
11	44	19	59	17	31	10	13	9	25	8	24	4	61	18	46	
10	60	2	72	13	61	12	50	15	16	18	66	17	54	8	64	16	44	6	12	
6	36	10	51	8	26	2	72	11	10	
14	8	5	64	17	58	13	1	18	13	2	61	15	57	9	62	10	49	16	70	8	26	19	46	
10	58	8	15	18	68	9	25	4	7	17	63	
16	9	1	55	5	49	18	57	11	45	19	35	13	44	3	73	2	15	15	66	12	46	
4	40	18	35	19	22	15	75	9	74	
3	73	15	58	5	41	8	43	10	61	9	18	18	62	14	71	
8	12	14	25	13	48	1	65	0	9	10	70	
11	2	6	46	17	71	12	18	5	33	14	44	13	45	18	6	
11	11	10	16	12	60	14	33	2	52	5	20	7	18	16	46	
0	44	7	47	10	27	13	31	9	4	2	11	19	43	17	6	4	50	11	32	
6	28	7	32	17	51	3	41	10	30	5	67	4	56	
11	69	16	56	5	18	3	74	8	33	18	37	15	16	
9	59	8	43	17	50	12	68	4	70	14	62	7	34	3	53	5	69	
4	65	12	10	15	68	17	13	6	3	5	67	9	70	2	34	0	72	
18	45	15	12	16	38	10	40	1	70	7	37	4	41	14	20	11	4	2	36	
11	59	4	6	7	29	5	72	16	36	3	20	2	49	6	54	
2	4	17	20	1	73	5	28	18	25	16	52	19	47	4	59	7	7	6	42	8	13	13	31	
0	13	11	51	5	11	3	62	2	65	16	71	13	6	9	29	18	61	1	37	4	28	8	41	
0	39	13	42	14	72	5	14	4	63	7	40	17	55	6	71	9	5	1	52	
16	22	11	25	10	62	17	42	15	37	7	54	9	20	0	36	8	53	12	21	6	13	18	24	
2	13	13	50	6	74	17	61	3	2	8	37	9	14	1	4	
15	35	0	43	9	23	17	37	3	38	5	2	19	28	4	66	1	12	6	9	10	1	
9	37	3	64	10	8	4	10	18	43	19	67	0	32	
11	55	9	31	10	36	16	48	3	6	0	10	7	33	17	68	
3	63	2	42	8	9	11	54	4	60	9	2	14	22	18	19	5	45	13	3	12	35	0	72	
8	26	5	19	15	53	12	59	16	3	
18	73	13	68	14	64	5	51	15	37	1	26	4	25	10	75	6	17	0	46	11	71	9	16	
11	36	12	1	8	24	6	16	19	31	0	10	7	32	16	33	9	48	1	47	
10	12	18	29	15	31	11	64	19	14	4	19	6	47	9	5	5	26	
17	15	19	11	4	56	3	29	11	45	8	49	0	12	5	36	14	66	12	46	10	71	
13	13	14	35	10	46	19	18	17	45	
12	33	1	38	10	59	13	41	18	53	11	10	15	5	3	28	8	4	14	17	16	3	
19	47	12	34	2	43	0	42	8	17	14	49	15	24	11	18	13	33	
18	43	6	2	3	50	19	22	11	52	
2	13	19	43	13	72	18	6	9	2	
15	60	17	51	4	56	19	46	18	72	
4	3	11	70	7	72	13	19	15	9	0	36	
2	16	18	30	5	60	11	43	15	4	17	27	1	28	3	22	16	10	8	1	0	59	7	41	
2	41	10	70	9	65	1	59	6	23	3	52	18	68	
13	34	5	33	6	28	2	24	10	71	7	66	
17	61	8	29	2	15	15	5	6	13	
16	64	10	16	19	74	15	21	5	39	17	44	0	47	
13	42	4	60	11	3	6	35	1	23	3	49	19	8	7	36	10	46	8	9	16	19	
7	71	3	31	10	75	6	13	12	36	16	56	
13	14	8	34	6	18	16	38	15	44	
8	71	6	22	10	5	19	75	7	6	11	51	1	16	17	36	0	13	14	72	
4	11	15	57	17	66	6	4	0	28	7	42	1	56	19	33	13	2	2	54	18	53	
11	64	3	31	9	71	13	33	8	68	
11	65	8	48	15	36	3	45	5	33	16	57	13	10	0	20	6	51	19	66	9	74	
2	67	0	13	7	63	4	36	10	16	3	62	19	73	18	49	17	45	15	20	16	50	9	58	
5	29	13	24	6	27	16	9	2	5	10	43	
11	32	7	72	16	44	13	3	8	11	19	74	12	40	14	4	5	47	
1	71	3	44	15	18	0	35	6	31	5	42	7	21	10	40	
2	4	14	24	13	45	18	50	15	60	17	59	6	61	
7	20	16	21	15	14	18	5	12	74	
1	19	0	1	16	2	19	5	9	42	4	61	14	21	
2	54	4	11	8	65	11	30	3	33	
15	31	16	38	0	74	10	26	14	66	12	68	
18	38	14	30	5	65	0	68	4	44	
15	1	18	10	13	47	19	9	2	32	14	39	10	42	12	75	
12	69	19	71	3	60	14	44	9	52	
17	21	18	59	9	20	10	6	7	49	3	34	12	46	5	58	4	64	13	22	
18	74	12	66	2	20	5	57	0	52	17	72	10	59	16	63	14	9	7	30	9	56	15	18	
16	42	10	19	18	41	3	20	12	12	1	18	
11	68	14	15	7	35	10	1	0	73	
18	10	9	7	1	65	7	39	4	9	
19	73	13	4	11	17	15	39	14	57	7	3	18	66	
19	47	4	2	5	5	2	67	1	60	15	75	
10	19	6	66	18	61	11	45	4	68	2	35	14	75	
18	13	13	53	9	72	7	59	8	25	6	70	5	57	1	5	4	69	14	15	10	16	
3	47	14	40	7	32	9	45	11	15	4	55	5	51	8	24	12	73	16	41	13	36	
16	74	17	19	12	1	5	35	1	9	13	34	4	59	0	56	
19	18	6	21	3	3	18	4	9	41	
2	26	7	25	18	48	1	9	11	60	
0	12	13	20	12	8	7	41	18	17	6	57	2	13	1	46	4	74	17	32	5	75	
4	66	7	27	19	48	9	64	14	1	
10	61	0	69	7	23	9	9	19	35	2	44	8	39	3	16	13	11	12	6	18	50	14	17	
16	33	12	67	19	5	15	70	13	24	2	48	5	27	18	52	
10	2	3	32	11	61	16	44	15	3	5	20	13	25	2	12	0	22	4	14	
17	16	0	73	19	51	1	4	12	68	16	39	9	21	3	45	11	34	
14	19	12	6	15	71	2	63	13	20	10	52	
0	31	11	62	19	49	4	25	13	24	15	38	
2	5	3	33	11	40	6	46	13	36	7	24	14	61	17	58	18	68	
9	29	1	69	0	75	16	67	8	65	19	16	2	64	10	30	13	6	
9	39	16	36	10	24	18	18	2	51	
14	69	11	57	9	25	1	15	17	72	4	8	8	31	15	58	16	35	6	56	7	3	0	23	
8	41	9	51	17	68	6	2	15	38	11	62	14	6	7	43	19	9	12	7	10	21	
13	73	11	69	2	52	0	13	18	6	17	39	15	34	
10	71	16	65	12	13	4	42	14	58	
9	41	12	23	13	17	11	55	2	43	5	42	10	71	14	11	0	24	4	38	6	8	
13	24	14	9	3	75	18	4	16	38	17	1	1	17	
18	52	10	74	14	71	19	24	11	15	16	37	15	63	13	27	0	60	1	30	4	8	
4	50	8	7	15	54	2	64	7	12	17	15	5	31	13	37	11	22	
11	73	14	30	2	2	4	29	7	44	12	15	19	51	16	9	6	6	8	46	
7	14	14	74	5	18	11	60	8	23	
2	41	8	74	15	22	1	2	5	7	9	21	16	75	17	48	0	73	12	15	10	36	3	9	
17	18	8	68	0	17	5	27	2	52	11	60	14	33	6	32	16	70	
6	6	4	32	2	29	13	69	3	15	18	26	0	9	19	14	1	72	9	53	16	43	15	70	
6	24	15	66	16	51	19	46	10	26	
18	23	11	36	1	10	19	61	15	74	8	48	2	4	
19	57	10	4	13	58	14	19	6	1	7	67	9	23	0	73	2	63	16	56	
13	67	1	36	18	15	9	33	10	66	6	69	
12	22	19	74	2	30	6	33	14	2	16	10	0	44	5	72	17	49	15	9	10	28	13	21	
7	38	9	67	0	24	13	26	8	28	6	61	19	39	
10	5	9	55	3	64	4	73	5	20	19	40	8	6	
3	55	9	73	5	53	14	42	7	44	18	17	4	8	15	30	6	34	0	69	17	25	11	9	
6	1	14	15	2	29	15	47	17	24	4	17	9	54	16	48	
19	48	9	58	5	73	18	7	12	33	11	51	4	13	
13	45	1	37	8	22	0	31	5	40	2	60	15	46	
14	29	2	42	5	59	19	30	8	67	
4	34	3	49	12	31	16	2	10	22	15	30	9	67	
12	55	8	49	5	65	15	2	13	71	1	6	3	60	4	1	16	18	9	47	18	3	7	58	
6	28	3	55	17	6	5	67	10	71	0	59	
4	54	11	44	19	12	5	25	13	15	1	66	12	31	3	18	18	22	0	49	15	20	7	16	
8	65	9	31	13	26	19	24	6	25	18	74	11	70	10	13	2	71	15	45	1	73	
19	59	5	15	3	3	1	7	15	10	
10	26	8	68	15	60	5	72	9	65	1	31	14	69	18	22	
0	33	11	10	2	12	15	32	14	29	6	53	17	13	19	71	
6	60	18	62	3	13	16	42	8	23	0	28	15	20	10	74	
7	23	14	33	8	21	6	69	19	7	0	28	2	14	
4	61	19	66	12	17	10	5	11	40	7	38	3	51	2	44	9	9	14	3	5	41	
3	29	19	27	13	17	8	67	12	37	5	50	
19	3	18	59	11	29	13	45	6	34	7	6	9	20	3	40	5	33	
5	1	13	70	18	8	7	14	11	38	19	24	8	27	0	58	16	42	14	31	6	15	3	25	
4	29	9	44	11	14	17	1	7	34	
12	58	6	10	9	30	7	23	10	11	
0	44	12	53	1	50	13	16	14	18	7	60	10	38	9	36	
12	67	18	31	16	37	4	5	3	3	
14	45	18	2	19	22	7	24	2	35	17	54	
8	32	15	5	17	3	0	46	3	30	11	22	19	45	7	41	13	58	4	62	
6	11	10	61	7	30	1	40	13	39	9	54	19	2	3	50	2	27	18	34	15	52	0	16	
17	49	5	4	12	58	14	2	16	11	15	40	4	52	1	6	
13	51	3	52	14	55	17	34	12	59	15	44	1	17	
15	50	10	42	19	9	17	44	16	34	12	16	
9	42	11	15	17	38	16	34	6	67	18	13	4	71	0	70	
9	39	16	50	7	16	10	69	5	14	8	13	3	33	6	8	14	7	15	31	17	59	
2	57	5	47	12	75	14	37	6	71	8	26	16	58	13	35	4	20	19	38	11	22	
11	33	8	25	15	69	14	12	1	32	
16	58	17	21	3	57	1	34	7	52	0	20	15	17	13	37	18	3	4	24	
7	13	19	17	0	49	8	32	14	16	18	25	13	41	10	9	17	38	
11	5	19	12	6	26	18	61	4	59	
8	27	17	5	0	14	10	30	19	65	7	43	3	12	
7	53	12	23	1	28	8	57	13	1	2	29	17	4	6	18	15	9	
3	74	9	5	1	3	10	17	0	18	15	40	8	39	2	63	17	23	5	24	7	11	16	42	
13	24	10	28	2	9	5	59	19	71	9	8	3	56	17	66	7	48	12	30	
7	46	15	11	14	26	12	53	13	3	
17	52	19	45	13	14	7	40	18	49	0	11	5	1	10	42	11	47	15	67	3	10	
6	15	9	52	3	73	14	69	19	30	
19	53	4	48	11	21	16	26	10	39	7	63	5	72	3	45	
13	5	12	36	16	18	5	10	14	61	4	75	2	54	11	25	17	47	10	40	0	28	7	48	
0	21	8	22	18	37	6	57	11	36	
6	57	7	9	16	15	15	40	1	68	5	62	9	35	0	33	
4	30	16	11	8	18	3	15	6	5	15	49	0	24	
2	43	14	27	10	47	12	6	4	5	11	45	
19	12	5	41	16	75	17	58	10	55	11	34	4	15	18	16	8	66	0	72	6	53	12	27	
7	6	10	38	15	51	8	73	2	56	19	5	6	60	1	9	3	67	12	22	0	29	
3	2	5	28	13	59	14	12	6	64	19	53	17	30	
2	72	15	11	5	69	19	70	8	10	0	36	4	35	1	49	16	39	9	73	
17	4	9	34	5	32	2	39	10	47	8	20	6	67	19	66	13	26	18	8	12	71	7	70	
1	11	3	62	5	1	17	66	2	59	15	52	19	31	6	40	
18	22	11	54	19	50	0	32	5	70	2	3	15	29	4	21	9	5	12	60	14	13	
19	41	17	22	2	35	12	56	10	15	6	4	13	64	1	12	
18	41	9	29	2	59	1	33	4	35	15	70	7	74	
8	46	13	36	6	24	2	70	18	21	15	39	0	52	10	74	
16	3	14	33	10	65	15	1	12	18	

All component type numbers for each job to be processed by MFPM
0	18	3	20	
4	25	2	23	
1	12	
7	9	8	2	1	4	4	23	0	17	
2	23	3	1	0	12	1	15	
9	11	0	4	6	7	
7	15	3	14	1	25	
8	21	9	6	6	8	4	22	7	10	
7	17	9	22	8	20	3	14	4	6	
3	3	4	17	5	18	2	25	
8	24	6	5	
5	22	4	3	3	12	
9	8	3	24	2	15	
4	7	0	14	3	12	7	8	
3	20	6	14	8	15	5	17	9	16	
6	22	7	4	8	17	2	11	
4	18	6	22	5	7	3	17	9	2	
5	9	2	24	
1	5	3	4	5	15	2	16	
6	22	9	23	5	9	1	21	
2	9	9	7	8	23	
8	19	6	5	9	21	7	23	4	3	
5	8	
1	20	2	18	6	15	
6	8	0	10	3	21	2	22	9	23	
7	5	5	11	4	13	1	15	
1	9	4	3	
5	4	3	22	
2	9	0	13	7	5	1	11	4	24	
7	12	1	17	
2	18	4	7	7	1	6	6	
0	11	
1	13	2	21	5	19	
9	18	6	12	2	21	
6	18	
3	15	4	22	
9	3	1	20	0	14	3	17	5	13	
7	15	8	4	3	20	9	16	4	9	
0	20	8	8	9	18	
7	18	4	23	2	11	9	17	8	24	
6	25	4	24	3	19	0	5	
6	13	1	21	8	7	5	25	
7	24	2	6	8	18	
9	14	7	6	4	5	1	23	6	12	
9	22	3	9	6	4	1	25	0	15	
6	9	
4	25	1	17	3	19	2	24	
8	23	
8	24	
5	11	4	17	
5	10	9	23	3	8	
3	6	4	19	
8	7	0	8	7	13	2	23	
7	11	8	15	6	24	
5	22	
5	10	
3	8	9	17	
6	7	
2	22	
7	2	5	9	9	25	6	13	
0	19	8	24	6	9	
3	18	
2	8	9	6	7	17	3	25	8	1	
4	15	0	16	3	11	6	18	7	25	
7	5	4	3	6	14	8	12	3	2	
9	10	5	2	
2	18	8	7	3	15	
3	9	8	2	0	16	
9	22	5	20	6	7	4	5	3	16	
0	24	7	25	
4	12	8	19	9	18	3	1	5	13	
2	16	0	22	6	13	4	10	7	17	
4	7	7	19	1	16	0	3	
2	21	3	23	
5	16	4	6	
5	16	9	10	
6	25	
9	6	7	2	
1	23	5	9	8	6	2	25	
9	7	7	17	2	21	8	20	5	24	
4	1	3	9	9	11	6	3	7	14	
9	9	6	11	7	22	
1	20	
7	12	3	11	
1	5	
6	16	
4	9	1	16	
7	14	8	8	2	17	0	21	3	16	
8	11	2	24	
5	1	4	13	3	12	6	25	
9	3	4	11	
8	15	5	10	3	3	1	7	4	11	
9	15	8	2	6	8	1	7	0	25	
0	15	1	25	8	16	2	21	5	1	
4	3	
5	8	0	21	
5	12	2	18	0	8	6	2	
4	20	2	23	8	2	
9	11	5	23	6	16	
8	3	1	13	
9	4	7	15	
1	21	6	7	8	22	
2	14	1	6	6	10	
3	13	8	22	4	9	5	18	
8	5	5	15	2	21	
8	17	
1	13	9	1	4	25	
7	16	
6	12	0	11	7	13	
3	16	2	7	9	21	7	25	
3	5	2	8	9	15	
9	18	7	6	6	15	
9	18	5	14	2	15	7	7	
8	10	2	22	4	7	0	12	3	18	
9	11	4	13	1	3	8	2	
2	5	5	6	7	2	3	22	
8	11	0	8	1	4	
4	11	0	17	1	9	9	14	
1	12	2	21	3	19	4	2	0	23	
8	14	6	5	4	22	9	20	7	11	
1	15	8	10	9	12	2	16	
8	2	3	9	2	4	4	11	
9	13	1	14	5	19	0	12	
6	19	2	8	
4	10	2	5	9	2	6	12	5	6	
2	24	1	13	3	11	7	6	6	17	
6	14	
3	17	8	21	
8	8	4	25	6	5	5	17	3	21	
5	6	8	20	
7	15	0	10	6	1	5	9	1	18	
1	10	9	7	
7	19	0	9	
2	6	7	5	9	9	3	18	8	19	
4	6	3	1	0	13	2	5	6	17	
7	12	
4	25	3	5	
7	1	6	20	4	10	0	21	
9	6	
7	13	6	6	0	7	
3	17	1	5	
3	5	7	15	6	25	
7	16	3	1	
1	22	
2	20	
9	12	8	1	4	11	2	18	1	13	
2	22	8	9	6	11	7	20	3	19	
5	13	0	6	7	16	8	25	
9	16	4	8	
4	8	
3	5	
6	17	9	16	0	6	1	11	5	18	
3	2	1	5	7	11	2	1	
7	21	8	25	
6	4	1	9	
4	5	7	10	1	21	0	3	8	2	
1	13	3	19	9	23	4	16	
5	24	
4	15	5	3	7	2	8	1	
0	13	5	4	9	16	
0	5	
6	9	9	5	3	14	4	22	5	21	
5	6	7	17	9	2	
8	19	5	3	6	16	
2	9	0	6	
9	5	2	2	1	1	7	3	3	24	
4	25	2	1	9	17	5	23	7	4	
8	2	3	20	2	12	
2	15	1	3	9	21	
2	21	9	10	
2	9	
1	19	9	6	3	14	
8	19	
3	24	1	4	
0	6	7	4	
0	20	
1	7	
2	5	1	11	5	20	
5	10	
2	8	1	14	6	15	
4	17	
2	24	
9	11	8	7	0	6	3	5	
1	3	2	18	3	8	
6	13	8	4	
7	20	8	5	9	12	1	3	3	19	
3	10	1	2	
5	25	4	8	9	9	8	22	
3	10	4	7	5	15	
1	1	3	12	2	5	
9	25	8	8	
1	20	9	11	3	21	0	7	
9	25	3	12	0	22	
5	5	7	16	8	1	
9	4	
0	11	5	21	4	25	8	20	1	23	
5	23	0	24	1	22	
9	6	8	24	5	16	6	3	
9	15	1	18	0	25	
6	14	8	9	1	7	0	15	

Three processing times per job on each machine
The best scenario
41	106	
463	348	
40	57	
27	26	
170	141	
209	375	
218	107	
62	80	
284	238	
293	90	
42	20	
93	159	
74	383	
109	109	
21	80	
77	47	
34	55	
304	219	
77	75	
134	201	
28	64	
166	339	
420	320	
142	433	
163	178	
58	127	
77	79	
37	45	
264	259	
340	346	
328	216	
170	388	
119	194	
138	128	
216	225	
300	301	
35	47	
56	125	
188	251	
161	124	
91	107	
49	44	
160	340	
142	81	
227	177	
370	81	
168	234	
158	187	
51	57	
123	167	
176	357	
153	212	
97	97	
168	103	
200	150	
213	164	
243	114	
24	97	
80	97	
214	100	
120	117	
34	160	
144	269	
175	80	
140	65	
97	73	
181	498	
32	23	
62	39	
104	192	
196	208	
188	139	
146	162	
37	58	
110	95	
38	44	
65	29	
35	23	
100	51	
110	194	
33	54	
130	246	
287	295	
238	161	
70	166	
92	105	
258	188	
47	36	
57	188	
171	73	
131	181	
137	481	
49	12	
263	377	
235	422	
313	334	
115	133	
222	93	
67	71	
210	81	
209	275	
110	243	
160	169	
63	32	
153	285	
186	151	
379	250	
58	91	
83	71	
331	279	
141	201	
62	103	
101	142	
157	325	
210	199	
171	215	
349	247	
25	19	
105	152	
131	104	
60	121	
78	16	
128	68	
309	185	
158	296	
117	257	
94	121	
305	103	
56	49	
114	138	
61	73	
250	149	
141	389	
157	126	
32	23	
378	253	
158	183	
316	199	
189	171	
136	92	
176	66	
184	98	
75	255	
132	364	
388	406	
152	316	
229	139	
124	107	
111	85	
76	416	
314	357	
87	187	
240	197	
98	108	
97	59	
291	206	
158	64	
115	92	
89	106	
379	101	
399	129	
40	87	
155	168	
124	43	
202	106	
117	66	
117	72	
9	51	
227	170	
53	29	
36	66	
77	90	
119	49	
476	169	
217	184	
12	41	
71	111	
500	285	
283	62	
31	22	
17	10	
113	88	
116	135	
383	283	
83	122	
335	536	
504	210	
24	22	
177	63	
83	115	
171	180	
419	441	
86	177	
109	357	
145	176	
127	151	
94	177	
126	20	
333	131	
255	177	
Most likely scenario
70	124	
572	356	
71	69	
32	36	
180	237	
370	460	
278	128	
103	151	
339	291	
304	93	
44	38	
172	316	
102	391	
155	119	
40	84	
98	57	
46	62	
542	301	
79	109	
220	291	
30	97	
281	410	
427	520	
199	597	
291	180	
100	191	
113	119	
64	48	
342	309	
362	545	
510	246	
293	435	
122	250	
190	155	
314	346	
557	328	
41	70	
89	128	
307	286	
201	206	
147	157	
78	77	
280	431	
194	115	
418	318	
487	133	
280	312	
233	263	
55	64	
185	199	
217	399	
183	215	
140	114	
176	153	
211	168	
404	282	
297	226	
44	99	
157	135	
260	151	
136	209	
51	182	
162	373	
204	116	
146	75	
193	119	
196	579	
55	29	
67	66	
138	275	
269	343	
320	256	
150	215	
58	63	
125	110	
71	61	
97	54	
38	43	
161	67	
150	257	
61	61	
256	274	
397	297	
273	207	
125	275	
148	153	
325	191	
55	58	
102	229	
273	121	
246	209	
199	545	
55	23	
354	439	
280	452	
379	384	
172	185	
239	115	
73	84	
228	107	
268	377	
203	362	
196	234	
65	49	
276	329	
304	208	
400	456	
70	102	
132	110	
451	340	
254	383	
89	131	
120	154	
204	518	
214	292	
296	329	
435	406	
44	35	
199	243	
132	105	
63	209	
81	31	
168	97	
352	263	
286	498	
224	395	
104	234	
328	146	
70	69	
222	180	
62	99	
370	271	
151	399	
178	252	
43	25	
476	480	
293	331	
347	380	
249	245	
167	118	
236	89	
188	109	
148	289	
229	486	
620	431	
171	563	
298	216	
134	144	
136	117	
134	482	
461	425	
154	198	
383	224	
135	111	
160	100	
343	384	
164	121	
122	112	
126	195	
386	164	
502	212	
76	107	
235	309	
156	67	
312	185	
120	99	
131	103	
15	60	
421	185	
57	47	
47	125	
110	145	
143	91	
498	170	
249	239	
21	80	
105	121	
578	317	
309	112	
46	37	
27	15	
140	116	
173	148	
393	512	
137	135	
438	558	
578	221	
40	24	
234	125	
109	132	
256	308	
479	445	
99	332	
166	386	
148	225	
142	229	
102	236	
132	37	
416	199	
260	256	
The worst scenario
97	177	
792	449	
89	79	
34	44	
267	326	
508	583	
318	131	
117	199	
407	405	
311	126	
51	47	
249	446	
139	535	
196	139	
44	111	
107	69	
49	66	
608	443	
118	157	
281	335	
33	127	
383	532	
613	666	
247	604	
361	246	
117	241	
140	146	
70	70	
378	353	
459	695	
651	259	
415	449	
160	284	
191	175	
392	433	
647	348	
47	104	
131	167	
311	383	
258	245	
159	162	
115	115	
418	572	
271	125	
505	431	
512	189	
417	331	
346	267	
57	77	
210	264	
246	592	
229	284	
210	128	
250	168	
221	215	
533	387	
326	314	
64	120	
210	201	
337	169	
151	251	
58	198	
166	409	
226	147	
193	77	
261	159	
264	656	
70	38	
74	85	
182	303	
358	388	
324	270	
166	234	
76	77	
179	119	
89	67	
120	62	
40	62	
171	78	
174	297	
86	84	
353	376	
574	444	
302	236	
149	327	
151	186	
362	206	
62	78	
118	254	
332	156	
266	254	
235	574	
76	30	
423	505	
384	626	
565	429	
186	197	
305	137	
75	119	
269	146	
328	469	
245	448	
241	285	
74	64	
283	437	
411	210	
505	572	
89	109	
183	154	
594	408	
273	443	
130	135	
153	201	
233	578	
252	325	
306	437	
470	489	
59	46	
211	280	
147	152	
85	243	
86	33	
226	142	
437	293	
337	673	
275	502	
139	239	
427	179	
105	74	
293	209	
84	101	
481	398	
177	476	
229	376	
46	30	
646	650	
337	356	
397	481	
309	366	
203	127	
247	118	
189	153	
188	396	
337	566	
777	641	
245	737	
315	260	
181	150	
181	144	
168	525	
656	481	
208	210	
409	243	
167	127	
240	123	
477	572	
187	171	
145	132	
129	215	
462	214	
738	230	
111	156	
241	445	
220	84	
466	260	
135	101	
196	104	
20	77	
551	226	
74	61	
65	143	
138	158	
154	129	
563	180	
272	319	
28	91	
144	174	
691	444	
460	144	
53	42	
29	21	
159	149	
214	214	
491	686	
196	144	
547	810	
764	280	
50	35	
236	169	
145	183	
352	317	
503	552	
145	480	
249	398	
170	245	
179	327	
106	289	
178	50	
589	282	
348	367	
