Factories	7	Jobs	50	Machines	3

Total number of component types per job processed by HSPM
5	10	10	7	6	6	6	12	8	11	8	6	7	6	7	12	7	10	6	7	11	8	8	8	5	6	10	7	8	11	7	6	11	10	9	5	6	5	7	7	10	12	10	5	12	7	12	9	10	8	

Total number of component types per job processed by MFPM
5	2	1	5	4	5	2	4	2	5	5	2	2	4	5	4	5	3	5	2	1	2	5	4	4	1	4	1	2	1	4	3	5	3	3	2	2	4	5	2	5	4	4	4	3	2	4	3	1	4	1	4	2	2	3	3	4	2	2	1	4	5	1	4	3	4	4	1	4	1	2	4	1	2	2	3	2	3	2	1	1	4	5	2	5	1	3	3	1	5	4	4	3	1	2	4	4	3	5	4	

All component type numbers for each job to be processed by HSPM
5	47	14	32	12	55	6	38	8	10	
4	73	16	32	10	28	13	74	12	64	8	57	14	7	18	5	0	27	2	41	
0	27	3	29	15	21	11	12	1	3	18	62	17	65	12	36	9	33	5	37	
13	61	19	7	12	41	0	42	3	13	8	29	10	68	
17	74	4	41	1	55	11	75	19	35	12	21	
17	58	11	20	2	47	9	65	4	25	7	43	
13	33	10	55	9	61	11	75	0	2	14	52	
14	32	13	54	19	68	5	14	15	7	18	49	7	75	2	29	11	22	3	40	16	41	12	37	
8	5	11	10	0	45	10	16	17	41	6	66	5	46	3	68	
14	70	6	2	3	59	4	17	17	1	18	64	8	54	10	43	16	55	11	60	7	39	
15	25	4	57	17	33	6	34	10	42	11	27	7	59	0	14	
6	53	9	41	4	7	0	52	7	1	18	23	
1	65	7	69	13	33	15	4	10	63	14	45	16	51	
3	48	4	31	19	41	10	44	5	9	11	62	
6	9	9	12	12	52	1	57	18	74	8	21	4	68	
6	44	7	27	0	24	16	58	19	67	17	42	11	41	1	63	14	12	18	47	10	26	9	37	
7	16	8	25	3	71	17	64	1	41	18	10	10	4	
8	57	6	16	4	64	12	8	0	55	14	51	18	28	9	62	13	41	15	49	
2	58	12	1	18	18	10	62	5	64	9	65	
5	44	6	7	0	57	13	66	11	63	1	8	15	74	
11	55	1	4	5	11	18	61	3	53	9	75	2	3	10	30	17	43	16	44	4	5	
1	10	12	44	5	75	2	41	10	23	7	50	6	24	11	59	
19	14	9	8	16	43	0	70	4	50	2	69	1	55	18	44	
3	47	16	44	19	13	7	59	15	51	11	53	12	28	13	63	
0	51	10	4	18	70	3	14	13	75	
5	19	13	64	18	8	10	28	3	21	9	72	
5	42	4	10	14	21	19	32	6	62	7	23	18	20	13	68	3	48	8	61	
8	31	0	22	14	43	2	61	17	11	12	12	13	36	
19	12	14	25	5	36	4	57	11	3	1	11	0	52	6	53	
18	31	16	47	11	75	2	40	6	20	15	30	12	39	8	46	4	9	0	74	3	24	
14	23	13	75	15	9	18	39	10	69	16	10	0	29	
17	13	3	60	1	18	9	71	19	56	4	45	
17	9	10	39	16	8	1	54	12	23	5	63	8	20	4	7	18	67	7	60	19	25	
5	46	14	70	17	28	15	60	7	53	10	73	0	34	1	59	8	9	19	58	
18	67	15	71	2	8	8	2	16	13	6	35	17	29	1	63	9	27	
17	26	13	19	7	65	8	35	19	23	
5	8	16	17	7	59	14	23	10	40	9	29	
13	14	15	42	2	64	14	16	7	46	
14	32	19	34	16	20	8	38	10	68	3	66	7	33	
14	70	7	60	12	75	3	31	1	65	19	29	8	35	
2	68	3	21	12	3	10	2	5	22	11	16	0	31	6	59	16	61	4	43	
9	29	16	44	4	4	19	30	12	68	0	7	14	27	5	49	18	72	11	2	8	71	6	32	
19	62	3	19	8	44	2	34	16	66	14	72	17	20	1	60	11	58	4	48	
6	62	3	64	19	20	10	54	11	37	
10	24	9	38	7	59	12	65	1	21	19	68	16	72	17	20	5	6	4	13	6	19	14	32	
0	27	16	3	6	73	19	64	8	13	15	47	9	72	
13	68	5	55	2	7	15	44	9	56	0	17	6	20	3	6	14	32	11	21	7	9	18	24	
7	71	12	31	17	7	15	46	6	45	1	9	10	63	5	16	2	2	
2	69	4	63	14	14	12	37	17	29	5	70	0	24	18	71	9	5	16	39	
18	67	16	39	11	52	14	21	7	46	1	63	10	53	2	64	

All component type numbers for each job to be processed by MFPM
4	16	0	10	1	23	9	5	8	6	
8	47	9	35	
7	24	
6	41	3	45	9	35	5	50	2	26	
9	2	0	1	7	10	4	15	
7	26	6	31	9	43	4	45	8	39	
6	6	8	11	
9	43	8	32	3	42	2	29	
6	23	9	7	
1	27	5	49	3	37	7	36	8	29	
5	20	0	3	7	2	3	13	2	22	
4	46	3	35	
3	16	2	15	
8	40	3	34	7	26	4	37	
2	4	1	24	6	16	7	14	8	9	
5	27	0	39	2	45	9	36	
0	7	3	15	5	22	9	3	4	19	
7	37	9	40	0	49	
3	7	9	10	8	9	6	19	1	18	
2	41	8	35	
0	2	
4	49	6	27	
0	6	4	22	3	1	6	19	9	15	
5	35	4	48	7	36	0	30	
9	3	7	2	6	11	4	14	
8	28	
1	8	0	19	3	21	9	22	
8	32	
3	3	1	9	
2	27	
2	15	8	2	1	12	7	21	
9	40	2	44	3	42	
4	10	0	16	2	8	7	19	3	17	
7	33	4	42	1	37	
6	17	2	6	8	7	
0	38	1	36	
1	11	0	19	
1	27	5	34	2	46	8	31	
5	8	6	2	7	20	0	21	1	5	
4	31	5	45	
4	25	3	4	1	16	5	23	2	14	
5	26	1	37	9	35	7	28	
8	22	3	14	4	4	6	15	
1	33	8	45	6	30	9	48	
1	14	0	12	9	7	
0	32	4	47	
9	19	6	23	0	1	1	13	
7	35	1	39	6	38	
6	2	
7	39	8	46	3	32	0	37	
4	25	
3	39	0	26	1	46	4	33	
1	14	9	13	
5	45	6	44	
9	10	8	15	7	4	
1	45	9	26	7	40	
0	10	8	25	1	20	3	6	
6	26	4	50	
5	3	1	1	
5	32	
6	22	4	23	1	5	7	18	
0	32	5	45	4	40	6	46	1	42	
8	11	
4	43	0	34	8	37	9	48	
0	21	8	10	6	15	
7	31	5	35	9	39	4	48	
6	12	9	20	8	18	7	7	
9	41	
4	6	1	8	9	20	3	25	
4	34	
9	3	6	14	
7	32	8	37	6	35	1	38	
5	20	
2	39	4	47	
7	1	2	23	
9	37	3	34	2	38	
9	3	0	2	
1	50	7	32	9	40	
1	4	2	20	
3	37	
1	18	
9	33	6	47	5	39	0	41	
0	16	2	3	7	21	8	2	3	12	
4	45	8	41	
4	7	5	21	6	2	2	11	1	23	
3	44	
8	19	4	18	6	20	
9	36	3	44	0	42	
9	15	
4	29	0	48	9	31	6	41	1	36	
0	16	6	22	8	8	7	18	
6	33	9	48	2	34	5	30	
3	16	1	25	7	23	
0	44	
8	22	4	15	
0	40	7	45	4	37	1	32	
0	21	4	3	6	2	8	1	
2	44	8	50	6	48	
0	13	3	19	9	14	4	9	5	6	
0	33	2	43	7	39	6	27	

Three processing times per job on each machine
The best scenario
115	286	89	
323	752	908	
363	363	432	
289	576	301	
555	432	494	
358	578	666	
825	689	703	
385	205	551	
792	276	1243	
298	575	695	
446	436	969	
316	476	305	
622	665	257	
308	491	306	
233	142	376	
362	700	513	
725	533	750	
1167	719	911	
79	212	125	
1016	535	437	
536	1021	464	
407	627	531	
212	192	119	
560	731	591	
447	420	450	
655	358	371	
144	296	362	
451	337	944	
213	382	284	
111	207	104	
291	250	87	
770	458	862	
372	566	233	
246	601	356	
265	223	238	
615	406	823	
242	173	432	
57	122	146	
860	1005	927	
673	875	643	
513	824	579	
653	654	984	
1120	259	586	
409	399	541	
885	360	501	
718	602	292	
967	757	825	
192	175	292	
59	100	172	
818	548	429	
Most likely scenario
156	291	171	
623	1025	947	
526	554	609	
530	777	366	
688	442	959	
409	819	851	
1153	780	774	
577	275	613	
1510	518	1468	
523	1005	981	
472	773	1150	
577	635	587	
1023	838	401	
326	598	375	
295	227	432	
371	797	631	
1016	545	824	
1518	792	1210	
83	254	165	
1468	657	520	
816	1029	568	
575	1154	836	
214	266	181	
750	959	1092	
667	500	560	
758	622	601	
184	326	427	
458	499	1151	
283	734	403	
135	238	181	
337	311	153	
832	750	1531	
400	1045	329	
332	820	598	
309	232	256	
1204	458	1373	
327	215	559	
102	136	160	
987	1007	973	
1176	1107	1153	
791	939	1100	
1070	692	1003	
1177	395	1135	
452	673	717	
1332	604	931	
875	754	574	
1122	979	1037	
322	323	372	
61	155	174	
944	560	583	
The worst scenario
173	355	201	
631	1047	1094	
564	690	806	
724	825	483	
810	560	1326	
514	893	1258	
1389	1059	1038	
639	326	797	
2006	667	1955	
722	1067	1187	
556	872	1402	
703	913	626	
1494	927	428	
414	734	391	
310	232	581	
536	1128	707	
1514	808	873	
1973	1082	1381	
86	265	233	
2188	666	755	
1177	1174	766	
731	1593	1064	
281	355	187	
837	1355	1554	
838	676	625	
918	671	662	
240	417	540	
494	533	1405	
348	917	481	
145	244	223	
411	357	186	
896	1060	2175	
585	1426	475	
377	933	811	
365	294	294	
1242	633	1405	
474	299	624	
150	188	208	
1215	1116	1185	
1570	1473	1473	
946	1403	1460	
1275	912	1335	
1268	505	1680	
507	783	783	
1901	718	1129	
992	1041	696	
1510	1334	1072	
370	355	547	
75	156	252	
1189	705	721	
