Factories	2	Jobs	150	Machines	2

Total number of component types per job processed by HSPM
8	7	5	9	5	12	11	8	8	12	11	12	10	10	7	12	6	9	10	8	11	10	9	7	10	10	10	12	8	8	12	12	6	5	8	11	7	5	7	8	10	5	12	6	9	6	11	12	9	9	9	7	11	11	6	6	10	10	9	6	6	8	10	7	8	8	6	7	7	7	6	6	10	6	9	10	7	5	12	12	12	9	7	10	12	9	10	6	12	5	7	7	6	8	10	6	5	8	6	12	11	11	9	10	8	5	11	9	12	7	11	12	6	10	11	10	5	12	5	8	8	10	6	6	9	7	10	9	7	12	8	10	12	9	7	12	12	10	9	11	7	5	7	12	9	11	6	7	8	6	

Total number of component types per job processed by MFPM
1	2	1	2	1	3	4	4	1	5	2	2	2	2	3	2	4	1	2	1	5	1	3	5	4	2	1	5	3	2	3	5	2	5	5	5	5	3	3	5	5	1	1	2	3	4	1	2	5	2	2	3	2	2	3	3	5	2	5	5	5	4	4	5	2	1	2	5	1	4	2	1	4	5	4	3	3	5	2	3	2	5	2	3	3	3	2	5	2	2	3	2	4	3	2	1	1	4	4	1	1	2	2	3	3	4	1	5	3	5	3	4	4	4	3	5	4	3	5	3	2	5	2	1	5	4	1	2	4	2	4	3	1	4	2	4	2	3	2	5	2	3	2	1	5	3	3	2	1	1	

All component type numbers for each job to be processed by HSPM
8	72	0	34	1	70	13	4	3	5	18	31	2	74	4	36	
9	11	4	43	3	40	8	69	17	35	10	28	15	52	
3	18	10	30	5	55	8	58	15	38	
0	17	8	63	6	52	13	11	10	72	1	23	17	12	2	54	3	45	
10	52	7	54	17	34	12	45	2	29	
16	29	13	57	5	41	1	34	17	3	14	54	18	22	19	13	4	40	11	64	2	4	0	5	
19	39	16	25	0	69	11	13	7	58	6	64	15	59	12	18	17	37	1	15	4	8	
14	71	0	53	15	24	9	19	1	69	10	38	16	72	4	65	
17	62	4	53	18	6	2	44	13	23	3	20	19	70	11	4	
13	56	8	25	18	55	4	48	16	61	10	19	14	38	15	51	11	10	9	27	5	58	3	46	
2	40	19	63	8	41	14	49	11	25	10	7	13	11	7	68	4	69	1	29	9	64	
11	47	5	48	13	64	0	54	8	71	15	61	17	17	19	12	9	39	6	8	16	60	10	42	
10	65	11	23	4	35	0	29	5	3	19	70	15	32	17	63	1	73	3	55	
0	45	9	19	12	29	16	75	17	50	3	40	6	37	7	55	10	3	4	28	
11	22	2	64	1	57	7	37	6	23	3	16	4	3	
9	75	16	74	12	56	8	33	17	2	19	1	0	5	3	18	18	40	4	48	1	14	5	60	
0	13	4	17	19	3	1	28	13	22	9	15	
8	37	6	14	16	25	1	33	11	22	14	9	9	47	2	72	12	73	
14	75	4	9	12	66	15	10	13	34	3	47	7	63	17	45	10	36	8	43	
2	40	16	74	11	47	7	15	6	30	8	10	18	35	12	18	
0	2	7	1	17	8	16	68	10	71	15	69	19	22	1	72	12	48	2	61	14	52	
13	57	7	60	10	19	4	65	11	15	3	1	1	48	9	2	16	59	18	73	
12	24	2	17	15	68	16	22	11	33	1	64	0	56	18	28	5	51	
3	8	8	29	10	38	14	71	12	6	19	4	1	62	
6	32	13	8	9	11	15	67	19	18	7	55	3	54	1	74	16	69	10	33	
6	14	7	23	16	24	18	66	8	57	2	27	10	31	1	73	0	6	9	72	
4	41	9	1	0	9	12	22	8	53	3	43	19	67	11	42	15	49	2	45	
2	20	12	67	7	50	8	28	19	38	1	36	0	11	11	59	10	19	16	1	6	29	9	22	
3	21	10	68	2	73	17	27	1	20	15	7	7	25	18	12	
19	1	15	4	18	61	5	12	3	20	1	10	17	62	13	13	
0	41	7	24	3	10	14	36	15	32	19	17	4	12	6	30	11	66	2	50	9	26	10	35	
7	25	18	35	14	52	3	7	15	58	16	21	11	63	0	11	10	42	13	8	9	34	1	62	
4	62	13	18	15	19	17	15	9	43	10	49	
8	56	15	9	2	63	4	17	13	20	
7	39	1	53	15	67	13	42	10	7	2	70	19	74	5	62	
18	62	16	16	13	58	0	18	2	48	7	66	9	36	6	54	19	24	15	15	4	37	
14	52	16	17	8	24	3	49	17	6	6	36	12	25	
19	39	5	15	18	23	10	71	1	17	
8	4	18	54	19	70	13	41	7	43	14	2	10	63	
13	1	5	30	3	21	2	47	14	11	11	71	15	7	9	13	
12	6	19	75	4	46	9	24	5	73	2	59	13	67	11	10	3	55	10	20	
3	30	12	72	8	45	15	34	5	19	
6	24	19	61	14	75	1	33	18	1	16	8	10	12	4	63	7	13	17	71	9	64	12	57	
10	5	12	4	1	49	15	58	5	46	19	17	
13	10	18	1	15	61	1	65	16	21	3	15	9	28	2	11	5	36	
16	69	15	58	8	24	1	67	0	20	9	16	
10	28	19	32	4	62	7	64	8	50	5	63	17	68	1	42	15	52	0	46	12	69	
0	27	14	50	6	17	5	69	2	19	10	6	13	5	9	63	1	11	18	47	16	60	3	18	
1	62	9	40	15	14	17	69	7	8	3	33	14	73	4	50	16	13	
0	65	19	46	3	73	12	29	6	43	13	11	10	55	15	9	18	27	
9	70	15	5	2	74	0	33	7	39	18	62	5	65	13	73	19	6	
14	66	6	53	5	3	9	42	4	63	1	73	8	26	
10	23	16	27	15	6	8	57	3	12	7	28	6	47	5	55	19	11	2	5	1	3	
7	65	15	3	9	34	1	15	16	38	17	75	6	32	4	10	5	22	19	64	12	69	
4	46	15	30	9	12	19	22	17	26	5	7	
17	14	0	33	10	69	4	25	12	32	16	19	
15	41	6	73	13	15	3	48	1	32	7	72	17	35	16	64	18	46	10	14	
19	54	2	31	8	17	1	46	12	18	18	60	6	22	7	24	17	13	5	10	
19	36	15	47	17	4	1	62	6	21	16	27	18	15	10	65	4	8	
4	39	14	20	6	60	5	59	18	73	9	63	
5	73	15	66	19	74	0	63	11	9	12	7	
3	19	5	49	1	44	10	53	0	73	19	65	8	43	17	74	
2	35	1	4	15	70	13	48	18	2	0	25	9	69	11	6	10	65	7	23	
0	43	15	62	8	2	19	44	14	68	1	3	18	39	
0	42	14	28	16	47	11	68	9	9	2	20	6	34	12	51	
5	69	3	48	0	62	17	25	4	14	1	33	2	23	15	73	
6	43	12	10	9	57	19	75	1	17	10	27	
11	31	1	8	0	4	5	5	3	32	18	42	10	1	
18	61	1	49	16	44	8	19	17	12	11	33	3	22	
6	50	7	32	1	17	3	65	9	19	5	64	19	62	
17	50	15	23	9	26	1	32	10	9	11	54	
15	69	8	61	14	63	19	13	10	73	2	51	
9	44	15	57	13	66	18	47	5	13	12	34	4	23	17	6	8	31	10	59	
4	22	15	26	6	35	0	27	10	53	17	3	
17	11	16	17	5	33	19	51	14	26	15	36	6	56	18	64	12	57	
4	15	12	66	2	41	14	52	15	16	9	48	16	74	0	35	1	29	7	36	
18	17	4	68	5	71	6	70	13	7	12	21	14	3	
9	35	18	60	11	46	15	23	6	47	
10	72	17	20	2	49	16	39	11	63	3	52	19	7	1	38	13	46	5	18	15	62	9	31	
18	31	6	62	16	61	2	33	13	16	0	54	4	72	1	25	11	60	9	59	3	23	14	12	
17	64	9	48	14	72	2	41	4	73	15	3	11	69	7	59	18	31	8	40	13	5	3	37	
7	73	10	40	17	36	3	22	0	62	16	64	19	38	18	12	12	42	
3	38	12	69	2	3	16	34	7	20	18	2	17	14	
7	35	3	20	0	71	17	7	5	5	13	64	19	61	18	11	2	38	8	55	
4	30	17	59	2	6	15	21	1	7	13	36	12	5	9	1	6	65	5	19	10	50	8	70	
15	15	14	48	3	43	5	45	11	68	6	17	4	73	19	65	18	46	
16	43	10	37	15	50	14	71	0	21	9	60	7	75	19	49	3	45	6	61	
10	8	19	69	6	27	5	18	12	34	1	31	
0	27	7	31	14	69	10	72	1	60	11	68	2	52	9	39	16	63	13	19	18	65	4	33	
14	19	5	50	13	46	16	22	0	26	
2	50	9	40	19	19	15	16	14	73	8	47	0	70	
2	70	1	35	5	16	11	38	6	17	4	3	14	49	
6	11	8	19	12	8	4	64	11	35	2	72	
8	16	3	58	17	21	4	8	6	74	1	40	19	29	0	50	
4	12	9	69	1	50	10	4	3	1	2	3	5	2	11	71	19	31	12	37	
11	71	12	50	13	40	2	60	9	68	7	45	
1	55	7	60	6	51	8	27	3	40	
15	57	5	19	6	58	12	63	4	31	0	47	14	13	16	65	
8	55	1	27	10	64	6	50	2	5	3	16	
8	65	3	53	1	14	7	21	13	69	0	59	11	72	12	35	17	39	15	66	14	71	18	26	
15	18	14	20	16	70	17	29	18	23	9	1	11	22	8	31	4	75	13	65	12	25	
5	36	4	12	16	19	7	40	11	71	19	72	2	54	18	68	9	13	17	38	13	69	
13	70	19	25	18	44	5	33	15	30	1	29	17	8	14	23	9	61	
10	56	5	20	4	44	2	25	0	54	3	17	7	5	8	16	19	18	14	46	
0	12	17	35	15	56	4	66	5	61	16	16	19	2	1	45	
6	22	7	28	18	46	3	40	15	64	
2	54	8	10	18	55	19	69	14	3	1	45	9	8	16	46	13	70	6	21	12	28	
5	4	0	60	2	24	19	18	7	64	13	6	14	55	15	23	11	33	
6	34	4	69	15	65	0	67	19	13	11	30	8	52	18	38	5	73	7	23	10	16	16	51	
16	33	14	6	12	3	3	56	7	61	18	73	15	46	
1	28	17	64	16	41	13	73	11	25	10	44	2	43	3	18	4	45	19	10	0	51	
8	18	14	40	5	57	0	31	10	39	12	17	7	34	9	27	16	65	4	62	6	42	13	54	
3	54	15	68	17	36	14	64	16	7	4	37	
1	36	10	66	5	64	14	65	3	30	16	8	2	22	0	60	8	50	12	75	
11	71	13	16	12	37	16	61	14	33	1	43	4	60	3	15	15	39	2	19	8	9	
9	46	7	12	18	57	17	3	16	56	1	31	15	25	11	69	12	11	3	33	
5	41	7	66	14	24	10	12	6	63	
9	67	18	17	3	34	6	44	17	66	16	73	14	41	2	70	1	21	11	30	13	71	12	38	
14	29	13	60	19	46	9	56	18	69	
19	53	17	52	16	36	3	48	14	26	18	65	2	23	8	11	
11	17	1	53	13	72	15	16	2	31	3	2	19	65	8	67	
13	52	14	33	7	48	2	11	10	71	12	20	1	59	15	54	6	38	19	73	
15	26	8	39	7	57	11	44	4	62	0	67	
0	63	3	39	15	10	9	49	12	68	13	28	
1	59	0	47	5	21	8	53	15	11	4	15	17	66	19	29	14	19	
15	22	4	17	10	30	0	52	12	59	5	47	18	19	
6	72	17	38	11	74	8	16	16	53	2	4	1	46	4	18	7	33	3	7	
10	25	11	18	12	75	2	50	4	54	17	49	13	72	6	39	9	62	
17	62	18	68	19	65	7	23	9	38	2	51	14	64	
16	39	0	24	17	61	13	63	19	36	8	6	11	12	3	4	15	14	6	47	4	59	9	34	
18	29	8	8	3	14	0	38	5	74	2	75	11	68	17	34	
18	53	6	36	9	73	10	11	4	46	13	25	3	40	1	56	11	3	19	28	
13	28	15	41	4	18	3	14	6	42	11	10	9	33	10	70	2	43	0	21	18	75	7	60	
13	27	8	63	3	37	10	41	18	74	0	26	17	16	14	14	7	73	
3	35	10	12	4	67	9	54	5	38	0	71	14	18	
0	48	3	52	19	63	13	24	14	21	8	74	18	7	16	15	11	22	1	35	12	49	15	37	
0	40	10	39	9	21	6	14	18	16	19	61	13	50	3	33	16	52	4	19	14	46	8	9	
7	36	16	11	13	62	4	3	12	22	19	50	18	24	17	2	6	58	8	47	
4	41	12	73	6	50	2	26	1	52	10	10	11	75	14	64	17	55	
6	64	10	20	0	15	9	72	17	29	12	47	2	56	19	24	18	6	1	46	14	45	
13	71	8	6	16	56	17	32	15	14	1	5	10	75	
9	25	16	2	13	61	7	31	3	26	
3	19	1	26	10	61	9	9	5	33	14	13	0	50	
6	72	1	21	19	69	12	20	13	74	2	62	15	25	5	75	14	24	11	4	9	27	3	23	
7	63	19	24	11	11	5	9	14	70	1	52	13	12	0	55	2	29	
15	75	19	67	6	1	2	6	1	10	9	24	4	8	13	52	18	59	3	36	7	41	
19	27	8	66	14	67	10	20	0	43	4	64	
0	62	2	12	15	22	3	57	13	16	16	68	7	27	
12	13	5	14	6	69	17	16	9	7	15	60	18	74	4	72	
12	53	13	34	16	35	18	39	3	21	17	69	

All component type numbers for each job to be processed by MFPM
8	2	
8	22	5	15	
0	4	
0	25	5	8	
9	6	
7	11	5	5	2	4	
5	8	7	7	4	19	6	22	
5	9	3	16	7	18	4	17	
4	6	
3	11	4	7	0	3	9	16	8	18	
0	14	2	4	
6	15	5	13	
9	22	0	7	
3	11	8	14	
1	23	5	20	6	11	
1	6	0	16	
0	22	1	14	4	15	8	4	
1	10	
0	4	9	10	
8	13	
0	10	5	15	1	21	2	3	6	2	
8	6	
9	8	0	17	3	22	
6	14	9	4	2	22	7	17	3	13	
3	15	5	1	6	24	4	9	
2	8	9	3	
2	20	
1	8	7	25	2	20	4	14	0	21	
6	21	1	13	8	12	
7	15	8	9	
8	23	0	5	9	11	
2	20	4	19	0	13	5	9	6	12	
4	9	8	19	
0	11	2	13	7	19	9	16	8	4	
9	21	1	10	7	13	8	18	0	1	
2	4	4	6	8	25	5	15	6	2	
9	10	8	23	0	22	7	9	2	1	
7	1	4	12	5	8	
5	20	4	7	1	9	
1	13	2	8	9	2	5	7	6	20	
6	25	3	21	5	22	4	13	9	5	
1	15	
4	15	
1	17	5	5	
3	4	8	13	5	14	
7	14	6	24	2	16	8	5	
4	3	
0	9	5	13	
1	14	4	19	0	6	9	9	3	12	
7	24	4	22	
0	12	2	19	
8	3	3	20	1	23	
2	5	4	4	
2	5	8	25	
9	12	1	14	4	13	
7	9	6	17	5	5	
4	22	9	20	8	25	1	3	6	15	
6	9	2	6	
0	6	5	3	4	1	9	9	2	18	
4	3	7	17	2	11	5	23	1	5	
2	21	5	18	4	2	3	16	9	15	
0	25	7	11	6	6	4	23	
9	8	5	13	3	17	0	24	
3	18	7	22	9	25	6	10	0	21	
5	23	0	20	
1	1	
1	10	0	13	
6	6	1	4	4	22	3	13	0	8	
7	14	
7	15	3	8	2	4	8	14	
0	12	2	6	
7	8	
9	3	2	23	3	18	5	21	
3	19	4	13	9	10	1	12	0	17	
5	17	6	3	1	12	9	22	
9	12	8	8	7	7	
1	20	6	5	8	15	
3	13	4	8	2	14	0	17	6	6	
5	10	4	24	
2	24	0	16	8	12	
0	15	1	17	
1	14	4	20	5	8	8	25	6	23	
7	23	0	12	
8	3	4	23	1	20	
4	9	2	2	7	11	
3	19	0	1	4	12	
6	1	8	7	
9	2	1	17	6	3	8	10	4	14	
8	11	4	2	
7	16	1	11	
6	19	4	21	0	18	
4	13	0	11	
1	13	0	8	7	23	2	17	
9	19	7	8	5	2	
1	24	5	10	
1	2	
4	8	
9	5	8	12	6	13	2	23	
7	12	9	10	0	24	4	16	
1	2	
6	24	
4	23	7	1	
2	3	4	15	
9	8	8	16	1	14	
9	2	5	7	6	15	
9	19	3	11	8	25	4	18	
7	21	
7	24	8	25	9	18	1	5	4	19	
2	14	7	1	0	5	
5	22	6	4	8	14	3	25	0	5	
5	16	7	13	0	11	
1	8	8	17	0	13	5	3	
4	21	5	18	1	3	8	13	
2	15	1	25	5	13	6	10	
5	4	1	20	3	14	
6	14	4	2	7	22	8	6	0	18	
1	21	8	20	0	19	4	9	
7	3	3	22	2	13	
8	19	2	25	5	13	1	20	4	16	
3	16	7	4	0	25	
0	2	2	18	
3	15	5	22	1	17	8	9	6	1	
9	3	2	24	
4	23	
5	9	0	24	8	12	9	6	6	20	
3	24	8	25	0	2	4	7	
1	3	
2	21	0	22	
7	15	8	10	1	11	4	7	
7	5	8	7	
5	21	2	24	9	14	1	16	
7	16	6	7	9	14	
5	1	
4	11	1	23	7	7	0	15	
6	1	1	22	
2	17	9	8	4	13	8	9	
5	12	3	2	
4	16	8	15	7	17	
4	9	1	10	
8	8	5	25	1	12	4	14	0	2	
1	16	5	8	
1	12	9	18	6	24	
8	2	7	17	
3	6	
1	10	4	5	9	16	8	24	5	13	
2	17	8	13	7	6	
8	14	4	18	0	8	
9	8	5	11	
2	8	
5	5	

Three processing times per job on each machine
The best scenario
47	67	
24	35	
107	187	
185	115	
103	34	
145	158	
65	33	
39	29	
49	74	
136	165	
28	18	
72	156	
83	217	
123	108	
239	281	
227	186	
28	27	
294	54	
373	306	
109	132	
96	201	
20	25	
125	137	
44	139	
126	81	
434	122	
88	32	
71	212	
87	149	
317	216	
61	227	
284	247	
131	140	
23	26	
401	116	
144	402	
81	43	
186	204	
258	247	
67	106	
123	85	
194	52	
30	49	
338	383	
126	74	
30	21	
122	99	
49	79	
102	76	
130	154	
17	25	
58	47	
398	246	
74	62	
295	411	
144	109	
293	168	
135	95	
63	133	
258	247	
177	161	
153	128	
243	133	
36	77	
116	236	
150	199	
70	157	
179	237	
151	165	
124	308	
268	258	
130	518	
174	254	
144	235	
108	115	
45	126	
60	101	
69	46	
330	181	
62	186	
316	120	
456	316	
379	228	
159	187	
103	42	
44	50	
344	317	
103	79	
81	72	
207	306	
196	148	
305	113	
45	52	
79	49	
140	359	
184	363	
70	70	
120	250	
100	172	
172	111	
208	258	
121	289	
82	158	
141	200	
128	128	
192	103	
96	131	
358	238	
175	260	
144	134	
34	88	
128	138	
48	53	
282	363	
328	85	
417	175	
238	396	
160	139	
246	166	
251	242	
160	173	
117	31	
136	140	
186	207	
257	170	
31	47	
16	45	
55	48	
213	207	
79	37	
136	249	
15	15	
163	128	
226	163	
52	45	
54	17	
131	114	
228	199	
95	71	
73	102	
91	77	
433	164	
213	186	
245	187	
57	14	
190	153	
89	197	
134	76	
85	168	
83	67	
Most likely scenario
88	112	
34	62	
137	307	
289	121	
140	67	
215	209	
105	56	
51	53	
78	111	
163	185	
55	36	
103	276	
88	331	
163	179	
335	294	
360	268	
54	47	
364	99	
401	512	
138	135	
142	219	
24	33	
161	171	
85	214	
145	125	
514	153	
93	40	
79	228	
123	155	
395	364	
83	248	
305	292	
208	213	
31	35	
402	174	
213	454	
125	69	
189	207	
281	366	
127	117	
183	89	
202	84	
36	53	
405	529	
163	115	
44	38	
223	195	
65	89	
122	104	
184	283	
25	43	
83	53	
424	383	
116	105	
380	427	
155	110	
390	267	
157	139	
105	184	
428	300	
193	246	
200	135	
253	224	
64	99	
177	276	
267	336	
109	270	
334	240	
255	169	
199	441	
294	273	
158	596	
282	335	
179	408	
194	151	
60	191	
64	191	
116	65	
342	345	
103	204	
357	185	
534	383	
461	260	
243	275	
188	77	
78	88	
506	433	
120	118	
117	85	
310	548	
268	239	
309	154	
48	61	
92	65	
250	540	
198	402	
122	108	
190	430	
142	245	
306	143	
219	407	
157	313	
152	187	
236	201	
191	230	
290	107	
184	226	
434	294	
228	434	
145	170	
63	130	
146	172	
56	68	
285	372	
385	158	
452	219	
424	469	
179	187	
274	177	
329	299	
242	189	
125	51	
165	255	
195	324	
390	186	
38	60	
27	46	
85	52	
290	324	
82	52	
227	256	
16	16	
258	227	
241	286	
76	71	
69	34	
186	197	
266	241	
142	96	
113	111	
107	121	
474	263	
232	188	
390	335	
71	27	
238	158	
148	232	
220	99	
141	278	
102	84	
The worst scenario
95	163	
35	90	
161	376	
332	174	
177	94	
306	273	
116	66	
59	67	
113	145	
242	222	
75	52	
113	389	
111	453	
217	198	
397	441	
531	302	
76	59	
389	145	
465	550	
184	159	
170	272	
33	44	
236	256	
127	263	
146	181	
674	200	
123	46	
99	341	
142	202	
452	532	
103	259	
364	366	
220	313	
41	37	
515	176	
245	539	
160	93	
256	259	
316	464	
171	154	
187	117	
269	101	
50	76	
482	622	
196	129	
66	42	
281	266	
91	113	
150	114	
265	401	
27	62	
110	72	
504	509	
141	107	
449	629	
219	113	
417	284	
200	169	
131	246	
503	385	
207	281	
265	155	
350	297	
84	130	
263	292	
373	494	
146	276	
390	328	
271	194	
240	482	
354	300	
196	668	
302	389	
256	521	
223	172	
83	229	
69	194	
171	68	
462	441	
140	256	
444	253	
595	461	
536	280	
261	293	
199	111	
94	124	
626	549	
134	142	
145	116	
386	563	
337	335	
457	211	
49	69	
97	74	
340	802	
216	519	
162	109	
278	615	
156	293	
457	175	
271	475	
211	372	
160	195	
351	217	
266	333	
312	110	
211	257	
623	310	
326	480	
161	173	
83	147	
192	201	
78	90	
360	533	
418	213	
595	264	
470	577	
198	252	
405	200	
340	349	
326	282	
145	65	
167	258	
222	451	
471	220	
49	76	
37	64	
126	58	
354	468	
112	72	
312	374	
20	20	
283	337	
310	345	
93	80	
86	40	
261	258	
390	256	
164	120	
134	159	
118	161	
643	352	
348	213	
398	494	
96	36	
295	187	
215	262	
268	111	
167	327	
119	109	
