Factories	4	Jobs	50	Machines	2

Total number of component types per job processed by HSPM
6	6	7	10	9	9	5	8	6	9	10	8	6	5	5	7	5	5	5	7	8	11	12	5	9	5	10	5	6	8	12	12	6	7	5	7	5	12	11	10	10	5	5	12	7	11	12	9	10	7	

Total number of component types per job processed by MFPM
1	5	5	3	5	2	1	4	5	4	1	4	5	5	3	1	4	4	5	4	5	1	4	5	4	4	5	1	1	4	3	3	5	4	2	3	1	4	5	3	3	4	2	3	5	4	2	4	1	1	

All component type numbers for each job to be processed by HSPM
6	57	14	52	12	32	18	39	13	29	5	13	
9	9	18	41	19	14	17	3	14	51	1	24	
16	20	10	18	12	13	19	72	11	34	6	52	9	1	
0	10	4	29	10	5	17	14	7	23	11	20	6	36	3	57	8	21	15	56	
1	23	13	53	6	65	9	59	14	54	3	13	10	33	7	2	5	17	
3	60	15	8	6	71	12	56	13	51	1	5	2	58	4	55	7	50	
10	63	12	27	18	52	17	12	5	3	
9	62	0	39	13	13	14	58	10	40	6	52	3	47	7	67	
10	60	7	32	17	58	13	6	3	27	4	25	
10	47	2	70	16	67	15	46	5	1	12	49	11	63	19	26	8	7	
1	38	12	15	5	60	4	13	16	52	7	59	8	39	10	54	18	55	15	18	
3	50	1	74	15	39	19	1	6	53	5	58	11	18	18	21	
6	27	16	36	9	62	3	67	5	5	11	47	
18	64	7	55	6	75	4	10	13	56	
14	72	9	24	8	25	16	63	2	12	
5	30	7	67	2	75	15	45	14	35	17	61	13	59	
19	8	13	49	2	7	8	37	5	73	
1	9	12	19	2	62	6	69	18	2	
16	1	6	17	10	5	9	51	19	31	
0	10	8	69	15	32	4	44	17	41	14	4	12	27	
19	26	8	38	10	32	14	2	0	8	16	64	5	53	18	58	
1	27	18	20	16	2	7	19	2	42	5	56	14	24	8	6	4	43	15	39	17	74	
8	41	14	2	19	7	3	35	17	75	13	6	15	32	16	55	7	44	0	42	2	39	11	66	
13	25	18	66	17	53	0	27	12	44	
14	9	19	48	8	1	6	27	11	57	5	63	17	19	12	15	1	34	
8	63	19	21	14	53	3	8	5	10	
10	74	17	39	8	66	1	42	3	2	19	33	2	21	18	48	12	20	16	13	
14	67	16	45	15	53	8	19	10	69	
19	68	4	38	2	61	10	32	6	54	17	15	
10	71	3	46	13	30	5	42	0	55	11	64	12	62	8	23	
10	25	5	20	0	12	12	39	15	71	7	51	19	17	11	50	1	60	16	48	4	64	17	65	
10	7	11	15	14	3	9	4	0	74	1	32	4	26	18	61	3	65	13	25	8	45	16	64	
19	17	8	13	15	1	12	60	14	11	16	70	
8	5	3	8	13	28	15	57	4	40	16	1	11	29	
12	7	14	31	5	3	6	4	17	62	
13	65	0	69	11	36	12	46	14	6	6	1	2	21	
11	42	17	40	8	55	1	35	16	12	
12	22	1	27	10	38	14	59	9	57	8	66	13	26	7	74	16	19	11	3	0	75	5	46	
5	56	16	43	6	30	18	33	3	22	10	74	0	47	12	63	13	19	11	53	9	31	
9	26	10	48	4	52	15	53	16	34	17	66	5	63	3	23	6	21	19	5	
12	53	15	73	17	47	1	71	16	23	19	49	3	14	18	30	11	9	13	62	
19	34	3	21	14	48	4	26	2	68	
16	1	7	9	6	53	10	18	14	66	
6	58	17	29	14	56	2	41	4	33	8	37	16	30	9	20	0	21	7	65	15	4	10	57	
17	16	18	60	8	46	0	64	11	31	4	20	15	24	
16	28	3	66	0	54	10	27	12	7	4	45	6	4	5	58	18	49	19	55	7	22	
0	4	8	60	15	53	10	25	6	51	11	46	14	39	19	41	5	10	17	14	7	13	16	29	
7	40	3	34	12	53	4	67	11	15	18	30	6	8	15	7	13	31	
14	51	6	37	0	56	1	36	5	48	16	5	4	34	11	4	15	13	9	50	
13	27	4	63	0	11	7	19	12	44	3	61	14	73	

All component type numbers for each job to be processed by MFPM
7	10	
9	1	2	19	1	2	7	14	6	11	
6	19	3	6	8	9	0	2	4	8	
4	16	3	14	5	7	
1	20	5	25	0	3	7	1	9	9	
4	8	7	11	
3	18	
4	12	6	8	8	19	9	11	
2	21	0	13	7	14	1	11	5	18	
8	7	7	25	1	4	2	24	
8	1	
8	19	0	23	2	16	3	7	
4	17	5	1	7	3	2	15	9	24	
3	22	1	17	8	11	5	2	4	4	
2	24	7	22	6	1	
8	21	
4	2	5	1	8	20	2	14	
6	20	7	13	1	17	9	25	
3	13	2	19	6	7	7	16	9	2	
8	4	1	10	5	18	3	20	
7	12	1	24	9	4	8	1	3	8	
5	6	
8	12	6	5	0	14	2	20	
7	8	0	9	4	17	6	13	3	10	
2	25	4	18	5	14	7	6	
6	24	5	3	7	16	1	4	
6	16	3	22	7	25	1	5	5	4	
0	7	
3	18	
1	18	9	4	6	20	7	19	
4	23	3	25	1	22	
2	2	5	6	0	25	
1	20	3	24	4	7	2	3	6	4	
9	5	0	24	2	8	4	10	
5	5	8	24	
4	5	7	4	0	22	
4	25	
2	2	1	13	9	6	7	10	
1	20	3	11	6	24	9	15	7	10	
5	12	3	15	2	19	
7	8	3	4	0	12	
9	18	7	16	3	22	8	13	
6	18	1	9	
3	17	9	16	6	3	
7	1	5	23	4	18	8	20	1	7	
3	9	6	2	7	14	1	23	
2	7	7	21	
0	12	9	14	1	21	5	1	
9	14	
6	21	

Three processing times per job on each machine
The best scenario
466	374	
242	237	
380	471	
762	680	
264	180	
301	429	
180	1041	
281	656	
483	238	
496	1117	
325	208	
342	341	
869	1097	
224	207	
185	70	
398	278	
390	247	
178	180	
323	159	
261	556	
422	489	
921	513	
590	443	
472	417	
844	995	
266	325	
1098	682	
174	462	
189	211	
359	499	
198	337	
74	296	
388	453	
60	207	
161	351	
90	80	
665	200	
124	296	
307	360	
782	791	
412	272	
435	442	
507	481	
355	142	
278	153	
950	369	
784	696	
276	171	
176	314	
393	337	
Most likely scenario
787	704	
265	257	
701	697	
845	1178	
372	300	
575	607	
319	1232	
381	774	
628	297	
890	1426	
532	304	
535	565	
936	1158	
290	245	
200	106	
617	508	
477	402	
191	207	
380	244	
291	580	
722	934	
928	611	
686	721	
759	620	
1062	1088	
284	376	
1295	1001	
231	508	
330	318	
664	790	
302	561	
134	306	
438	566	
107	227	
206	463	
167	90	
899	398	
155	393	
593	605	
1048	1004	
492	415	
602	571	
595	700	
372	205	
386	231	
1198	736	
819	846	
448	299	
288	495	
611	341	
The worst scenario
1049	757	
359	264	
1010	725	
1008	1291	
426	339	
696	682	
420	1729	
385	986	
657	360	
1180	1890	
771	433	
691	782	
1053	1498	
333	273	
215	134	
743	734	
672	439	
214	266	
511	260	
319	803	
740	1314	
1254	867	
948	942	
1066	897	
1134	1139	
419	561	
1615	1266	
268	522	
425	369	
666	1140	
321	786	
189	411	
529	700	
143	262	
295	647	
177	96	
1150	422	
203	492	
679	704	
1209	1281	
654	612	
877	754	
876	1021	
493	210	
526	247	
1338	900	
915	1229	
611	448	
300	620	
794	365	
