Factories	2	Jobs	200	Machines	3

Total number of component types per job processed by HSPM
10	7	7	9	5	6	7	9	8	10	9	10	11	5	7	11	12	11	5	11	12	6	11	12	6	11	5	10	5	6	9	5	5	10	9	11	5	11	9	11	11	7	11	5	8	10	9	5	6	9	11	9	7	10	10	9	8	10	12	7	6	7	9	7	7	7	5	8	5	8	7	12	6	9	8	5	8	8	9	8	11	6	7	6	6	9	8	8	7	9	10	12	6	5	9	6	9	6	10	8	5	11	7	12	11	7	10	9	9	8	12	5	11	9	8	10	10	11	12	12	12	7	8	9	11	8	11	10	10	7	10	10	6	6	9	12	10	8	7	10	5	9	5	11	7	10	8	12	10	8	7	11	6	6	7	7	8	8	5	12	11	10	11	6	7	7	7	12	9	6	8	7	11	10	11	11	6	9	5	5	6	8	9	5	5	5	5	6	10	5	8	12	11	7	6	5	8	8	7	11	

Total number of component types per job processed by MFPM
4	3	4	2	5	2	4	2	5	3	5	3	2	1	2	5	2	1	3	2	4	2	2	1	4	4	1	2	4	4	4	4	5	3	5	1	2	3	5	4	4	3	3	4	5	4	1	2	3	5	5	1	3	5	5	5	4	1	1	2	1	2	5	2	1	3	4	1	5	3	1	1	1	5	4	4	3	2	2	4	2	2	3	2	3	3	3	1	3	1	2	2	5	4	1	5	1	3	3	3	2	1	2	3	2	5	1	2	4	1	1	5	4	1	4	1	4	1	4	3	4	5	3	3	3	1	5	2	1	4	2	3	4	3	3	3	4	1	3	3	5	2	3	4	4	5	3	4	4	2	4	4	4	5	2	5	4	5	1	1	5	5	5	1	5	1	2	3	4	1	1	4	5	3	5	5	2	3	4	2	1	3	3	3	4	4	1	4	2	5	2	1	2	5	3	1	2	4	5	3	4	2	4	4	1	4	3	2	5	5	3	4	2	3	1	3	5	2	5	5	4	1	4	3	2	5	3	2	4	3	1	3	1	3	4	5	5	1	5	4	2	5	1	1	4	5	3	4	2	1	1	3	5	2	5	2	5	3	3	3	1	1	3	1	5	4	5	3	1	1	1	3	3	2	1	2	4	4	3	3	4	1	1	3	1	2	1	2	4	5	2	1	2	1	3	1	1	1	3	4	4	2	2	5	3	3	5	4	1	5	5	5	3	2	1	2	5	1	2	2	2	3	5	2	1	5	2	5	4	1	5	5	4	2	3	4	5	1	2	1	2	3	2	3	3	2	5	4	1	3	2	1	2	3	5	5	1	5	4	1	1	3	1	5	3	4	4	4	5	5	4	3	2	4	2	2	5	1	4	5	5	5	5	3	5	2	2	2	1	3	4	5	3	1	3	3	1	2	4	1	

All component type numbers for each job to be processed by HSPM
9	4	5	44	16	28	6	23	10	39	4	74	0	72	12	34	15	10	18	25	
4	49	12	59	0	11	14	29	2	65	16	63	3	44	
19	51	7	64	18	72	17	5	8	54	9	55	2	8	
1	53	13	43	17	54	14	55	9	4	16	42	5	39	4	35	19	11	
0	32	6	9	16	31	19	54	4	66	
4	61	18	20	7	75	5	31	6	51	9	22	
7	72	11	45	8	23	1	62	16	9	6	42	18	11	
5	15	18	40	11	26	2	5	6	32	14	52	16	49	3	47	10	10	
18	15	1	26	11	6	0	51	17	46	15	3	14	66	7	28	
1	28	10	60	2	48	9	10	8	73	4	26	6	57	18	66	3	71	7	46	
15	44	8	46	2	68	16	29	7	69	1	6	10	57	5	49	11	25	
7	28	18	23	5	50	8	22	3	49	14	21	19	55	17	35	10	16	11	3	
6	20	2	43	15	38	16	30	9	2	3	41	18	18	13	19	0	59	5	34	11	6	
10	63	3	54	12	55	15	48	14	33	
5	48	9	21	16	2	19	25	0	63	1	23	4	59	
4	48	16	53	14	69	10	47	11	31	17	11	1	55	19	60	12	21	6	34	9	38	
7	54	16	33	11	44	14	17	0	58	18	61	9	2	1	52	8	19	13	9	12	57	4	30	
15	56	8	17	19	42	2	8	13	61	4	30	3	58	6	7	17	40	0	54	11	45	
12	48	3	27	11	26	2	5	15	50	
18	37	15	11	19	23	3	24	9	21	12	9	10	40	16	30	8	39	0	75	11	22	
2	47	13	65	14	34	11	5	17	71	5	27	3	38	1	36	0	35	7	48	19	51	6	53	
4	61	12	49	13	3	17	28	3	22	15	5	
0	40	12	66	19	7	11	74	4	71	8	64	14	11	13	72	16	43	7	38	5	17	
7	65	8	63	10	30	2	52	1	9	18	48	13	4	12	28	11	70	9	41	6	47	5	72	
17	64	15	15	10	35	0	7	16	60	5	54	
19	66	6	4	14	34	1	64	2	40	15	24	7	58	13	41	10	71	9	43	5	28	
1	7	3	70	10	60	11	38	2	3	
0	46	1	63	11	19	10	34	17	55	2	5	19	45	8	60	12	51	6	6	
18	15	14	33	4	46	17	41	3	62	
15	55	5	49	11	44	2	52	16	40	7	69	
19	66	12	40	15	16	16	5	1	58	9	21	8	17	4	75	11	19	
1	18	11	36	19	68	14	41	5	7	
16	36	1	2	12	71	9	32	7	11	
17	32	16	46	3	33	4	65	13	24	12	64	11	72	2	74	6	2	8	22	
12	23	6	46	14	4	19	3	8	71	13	41	2	15	10	48	7	69	
7	73	5	59	15	13	11	28	16	47	6	15	18	38	1	22	9	42	17	8	8	30	
4	68	6	45	2	19	7	62	1	65	
8	9	9	49	17	72	3	3	4	32	6	19	7	17	1	55	2	41	11	16	0	40	
15	2	13	72	3	22	0	9	4	70	8	18	10	46	5	69	16	27	
12	75	6	42	10	19	19	40	4	61	7	37	2	68	13	50	1	38	15	49	0	36	
6	75	14	45	5	43	11	55	18	11	2	39	19	3	9	65	12	59	17	38	3	68	
13	57	9	9	11	23	4	27	7	21	15	14	1	26	
14	63	3	53	16	24	10	40	5	50	12	70	15	32	4	21	9	59	7	62	11	7	
14	30	18	10	6	57	10	74	15	6	
3	29	2	74	16	4	9	51	17	67	4	48	12	47	13	33	
18	57	2	17	14	74	9	67	0	20	11	52	3	13	8	21	6	26	16	54	
12	62	17	56	10	10	2	30	16	47	4	59	0	33	15	35	9	3	
7	63	16	66	19	9	6	15	2	27	
4	22	2	38	16	59	1	33	13	58	3	66	
8	23	17	48	3	29	0	47	7	2	9	46	14	71	13	43	6	73	
7	23	6	38	19	74	17	64	2	16	16	66	13	26	11	13	9	41	1	50	3	54	
18	43	12	6	14	66	3	71	15	1	0	64	17	67	13	51	19	20	
19	59	2	49	7	48	15	57	11	55	14	29	9	45	
2	34	15	56	19	46	17	10	9	5	10	36	7	74	4	44	8	20	5	65	
10	61	8	38	9	8	3	72	16	1	1	7	2	41	13	9	0	63	7	70	
18	26	0	1	15	74	3	67	17	47	19	63	8	7	2	61	16	4	
19	10	2	37	6	6	4	33	17	66	13	71	7	53	15	56	
10	62	16	26	2	52	1	63	18	73	14	42	9	32	4	35	15	9	19	13	
17	46	16	16	11	61	6	24	7	15	13	47	8	10	12	50	4	37	1	54	2	20	5	5	
6	48	10	72	16	69	5	42	8	64	17	20	11	23	
3	70	7	36	16	58	0	60	9	56	4	18	
5	13	4	5	10	14	2	63	13	40	6	54	3	32	
6	31	13	73	0	8	15	70	1	39	9	22	5	29	10	72	2	4	
2	50	16	28	13	51	17	72	4	9	3	38	1	29	
11	74	5	35	19	58	8	71	10	31	14	18	13	13	
5	56	3	47	4	4	18	34	8	8	9	54	11	36	
8	18	7	31	19	52	3	28	9	69	
3	3	17	10	16	56	5	61	4	15	2	18	11	70	10	69	
11	12	6	42	12	30	5	43	4	63	
16	20	6	57	11	1	9	63	10	37	3	65	12	4	17	17	
8	26	14	75	12	67	2	56	10	43	17	35	13	55	
17	10	13	55	2	44	12	54	6	52	18	19	7	16	3	11	14	20	4	53	19	74	5	63	
1	50	10	20	15	41	16	60	2	48	11	14	
18	51	7	36	2	28	5	6	1	5	10	15	3	27	17	33	0	45	
19	69	3	41	11	35	6	28	16	16	1	4	7	33	5	36	
15	62	18	24	13	60	5	21	19	40	
8	16	2	62	6	43	12	26	14	42	18	60	10	74	17	58	
5	52	3	31	4	73	18	3	0	58	2	54	12	9	6	60	
17	34	7	29	18	40	9	62	1	44	19	13	11	20	8	48	3	45	
16	28	4	18	11	65	12	64	18	36	13	41	7	22	3	4	
11	59	2	53	17	37	0	29	14	55	3	42	5	3	9	38	16	75	19	2	7	62	
15	26	1	29	9	12	7	23	12	48	13	60	
19	31	18	19	10	40	0	22	17	50	9	58	12	48	
5	39	1	49	18	71	16	19	4	21	9	26	
19	6	6	64	16	20	0	22	15	24	18	1	
4	71	8	4	7	11	19	18	10	20	13	56	12	53	15	15	17	28	
11	34	4	66	18	8	13	61	3	67	9	22	2	30	8	32	
9	20	6	16	0	66	12	12	11	23	2	48	7	32	8	18	
15	44	12	67	3	61	1	9	14	10	9	69	4	62	
8	34	7	71	3	9	5	30	16	15	1	32	0	50	2	3	15	14	
2	37	3	6	0	47	13	69	11	10	9	55	18	9	6	71	8	53	7	26	
5	52	10	56	9	15	1	5	14	53	7	6	16	8	17	59	12	34	19	65	8	62	4	42	
1	38	2	33	19	70	9	3	16	8	5	55	
14	6	12	5	0	49	19	19	10	37	
19	32	3	69	12	12	18	71	1	54	13	44	16	28	10	2	7	15	
0	5	15	44	8	7	14	29	10	65	6	22	
3	26	13	7	18	8	0	25	19	62	8	21	5	64	11	56	10	71	
1	11	5	70	9	21	10	33	18	30	12	14	
11	55	14	40	7	35	10	36	13	42	1	12	16	57	6	27	19	28	8	25	
6	22	10	5	19	30	16	67	8	21	15	25	13	68	18	15	
3	4	11	70	10	26	8	75	7	8	
4	44	5	12	18	7	19	3	2	54	17	52	10	27	7	61	14	74	12	50	6	69	
13	71	1	2	12	33	8	65	9	51	7	66	16	64	
15	32	14	1	4	40	8	35	11	24	2	58	7	74	12	50	18	54	5	53	6	51	17	12	
6	9	14	64	4	29	16	51	15	38	5	60	2	37	18	17	19	22	11	55	17	46	
4	59	15	62	8	26	0	20	5	45	19	48	9	52	
12	10	0	1	16	28	6	3	14	16	1	12	19	44	7	6	10	41	18	32	
13	5	11	21	3	56	8	14	9	64	6	63	10	35	4	45	17	33	
19	59	5	23	2	52	7	24	3	7	15	18	9	6	16	1	11	32	
19	52	0	45	1	58	10	38	14	72	17	75	18	26	15	54	
14	5	13	9	16	44	18	16	2	36	9	13	15	71	11	53	17	29	12	48	3	43	10	14	
14	67	16	14	10	66	6	60	5	17	
12	42	5	61	8	11	9	17	7	64	15	20	3	27	18	37	4	30	17	33	0	49	
15	69	19	30	2	4	1	68	14	20	4	32	8	13	7	38	12	10	
10	9	14	26	5	16	4	21	19	24	6	22	8	62	2	59	
13	5	2	29	0	66	5	59	15	50	6	37	8	42	11	13	7	70	14	28	
16	47	2	56	10	54	7	35	17	70	15	68	8	40	13	45	6	6	11	42	
6	66	2	21	18	50	4	9	19	8	3	61	12	6	13	26	0	65	7	17	16	4	
18	31	16	41	10	74	11	65	1	66	12	47	17	46	0	22	6	57	8	1	5	2	19	6	
10	16	2	6	15	61	3	70	5	75	14	5	19	57	17	50	16	2	11	60	12	39	8	9	
8	40	2	31	1	46	3	2	15	55	19	48	6	64	17	58	18	69	16	63	12	17	13	32	
16	12	3	44	8	66	9	45	7	37	1	5	11	34	
9	53	14	20	3	66	12	14	1	65	0	13	10	46	7	28	
15	70	8	60	5	12	7	37	6	49	10	71	16	65	13	22	19	29	
3	73	12	14	6	6	8	16	5	34	15	40	0	29	19	11	14	22	2	47	9	41	
15	63	1	45	8	23	9	26	5	15	14	64	18	42	3	44	
10	27	16	44	12	62	8	68	4	22	11	14	3	12	17	7	9	4	13	45	1	32	
2	18	10	33	11	41	9	65	17	69	13	6	12	73	3	55	15	15	0	20	
5	58	6	33	8	41	4	25	2	51	10	40	19	12	1	69	15	21	16	64	
9	32	0	57	14	44	12	35	19	75	3	11	5	38	
12	40	14	36	11	46	1	16	15	19	3	1	10	73	9	75	18	60	4	35	
5	55	16	25	3	21	2	8	6	60	17	70	8	30	19	10	1	24	4	1	
19	33	12	36	17	26	7	20	14	61	13	14	
2	34	3	31	6	6	4	56	1	26	19	69	
8	47	10	54	5	70	1	27	14	31	16	61	11	71	6	35	0	22	
8	5	18	24	3	42	4	35	15	44	10	70	2	2	6	54	14	36	0	62	12	26	13	23	
19	7	1	33	7	54	2	74	3	8	14	1	15	62	18	35	17	48	13	59	
15	72	11	74	1	17	16	67	2	21	3	30	8	54	14	9	
3	48	11	3	9	25	15	14	19	33	4	53	18	42	
2	3	0	33	1	6	14	10	17	34	5	11	11	68	16	30	15	47	19	24	
7	4	12	74	19	15	17	50	14	10	
17	72	7	52	2	21	10	48	15	6	16	36	14	39	6	44	9	15	
13	57	14	21	15	54	11	38	3	44	
14	68	7	55	15	24	2	57	10	19	12	22	8	42	9	18	3	28	19	6	17	38	
18	64	14	69	15	49	11	20	1	8	5	57	19	40	
17	60	19	70	14	66	9	75	1	12	4	40	11	32	16	63	2	44	12	72	
4	21	18	62	7	27	15	42	2	31	11	71	6	74	9	72	
3	66	4	54	16	39	9	64	0	74	19	36	15	13	18	6	10	7	5	10	7	2	1	15	
6	69	0	61	10	45	14	1	16	68	15	73	8	46	2	56	4	3	1	39	
0	38	15	11	9	6	7	33	19	40	14	48	8	49	10	53	
13	48	12	41	7	42	15	62	4	11	16	37	8	16	
6	16	1	8	7	47	9	44	13	58	8	50	2	75	5	38	17	70	3	33	18	20	
16	23	14	73	3	72	12	51	6	10	1	65	
1	14	2	50	18	26	3	49	8	58	5	73	
3	9	18	42	0	40	13	54	19	69	2	24	4	58	
2	41	10	20	13	12	15	53	14	30	17	36	19	65	
2	49	12	62	17	38	4	29	10	43	11	19	16	9	9	63	
10	25	15	18	3	24	5	49	9	14	14	64	4	73	0	56	
14	22	2	71	8	48	1	51	0	65	
5	44	16	48	6	1	3	13	19	14	10	12	2	35	15	5	11	50	4	11	12	33	1	21	
0	66	12	72	13	46	10	51	8	58	9	3	11	32	3	47	6	16	7	21	15	33	
0	11	12	24	13	15	4	13	15	33	14	26	17	6	19	49	16	4	9	17	
13	44	14	39	6	46	2	36	12	45	0	3	8	33	16	55	19	27	10	57	11	73	
13	50	4	33	1	4	19	53	6	28	15	65	
15	52	19	48	8	36	2	43	0	40	16	45	5	44	
14	33	6	44	15	61	7	20	19	21	13	1	17	70	
6	25	17	73	16	32	15	7	19	56	4	21	3	38	
10	67	16	19	7	13	0	74	3	41	1	28	2	35	5	73	4	26	9	29	17	9	18	5	
17	50	14	3	8	1	16	65	3	11	1	70	7	43	12	16	0	40	
16	19	11	21	10	63	13	73	18	70	4	17	
14	70	5	7	1	18	3	21	13	41	11	62	9	22	16	57	
19	2	18	47	14	18	7	30	15	64	12	63	6	14	
9	69	1	21	14	20	2	64	18	31	0	28	3	11	15	1	16	57	8	75	19	26	
11	7	13	56	6	59	12	5	9	46	16	72	4	55	18	35	5	37	15	43	
17	7	5	42	1	22	8	62	18	21	2	33	7	50	15	44	9	53	3	71	10	30	
2	51	13	16	19	71	10	9	17	74	16	62	1	75	11	26	7	30	6	49	0	13	
1	2	11	8	8	15	0	74	17	56	14	60	
5	63	10	30	19	72	1	52	4	75	18	4	16	71	6	44	11	5	
9	53	8	11	14	1	12	66	17	43	
17	70	0	27	5	23	2	41	19	35	
8	52	16	58	10	19	19	16	6	22	2	28	
4	11	12	59	18	58	10	30	3	64	19	55	2	65	17	40	
19	40	2	44	17	45	16	69	10	38	18	55	4	3	15	7	8	73	
1	57	3	24	12	73	9	70	15	44	
6	68	11	70	1	42	4	36	19	49	
5	63	3	72	12	70	7	43	11	73	
10	34	7	42	15	29	12	20	6	16	
4	33	9	36	0	65	19	70	15	41	10	48	
1	71	14	26	19	61	2	14	15	68	16	40	18	45	6	43	7	37	13	59	
3	69	17	44	15	34	10	46	8	29	
7	21	5	48	1	50	15	65	11	2	16	33	19	20	3	49	
6	15	2	13	15	48	17	9	18	56	9	1	8	68	5	53	12	67	7	32	11	72	10	39	
16	22	5	16	4	35	17	28	3	54	12	59	15	34	8	32	9	49	18	67	13	4	
6	35	17	23	3	44	10	26	0	20	15	31	9	69	
10	21	8	4	15	63	9	52	17	46	3	8	
11	15	10	27	14	9	15	43	4	22	
5	12	8	52	3	38	13	45	16	15	2	20	10	13	14	69	
10	3	6	20	13	25	11	10	16	8	4	44	9	74	3	37	
15	44	4	75	3	13	19	53	13	6	12	61	17	40	
19	66	5	19	10	67	15	27	6	26	1	58	14	33	4	73	11	36	16	68	17	29	

All component type numbers for each job to be processed by MFPM
7	6	8	24	4	2	9	3	
6	31	9	27	7	35	
8	6	0	21	6	2	4	25	
6	42	1	41	
3	19	0	20	8	4	7	21	4	13	
4	37	6	33	
9	15	5	12	4	11	0	2	
3	43	6	31	
2	5	9	3	7	7	8	19	6	13	
9	37	8	31	4	27	
9	7	3	23	2	13	6	25	0	3	
2	35	0	27	5	29	
4	17	9	13	
5	33	
4	12	5	18	
8	27	0	49	2	34	6	36	3	33	
2	14	3	8	
2	44	
6	16	0	6	8	17	
9	35	8	30	
1	22	9	14	4	21	8	20	
9	38	0	35	
7	4	0	14	
9	34	
3	22	5	14	0	21	6	13	
7	27	5	50	9	35	1	38	
0	9	
0	31	6	47	
9	8	1	23	6	7	0	6	
9	36	6	27	1	35	7	32	
5	22	4	23	2	15	1	6	
0	27	1	43	7	46	5	47	
9	18	5	21	3	7	8	24	1	25	
0	48	7	33	3	38	
8	14	0	12	6	7	1	3	5	22	
8	44	
3	1	1	19	
4	35	2	40	1	32	
3	11	2	23	0	10	7	21	8	18	
1	49	3	43	4	40	8	35	
2	4	7	6	0	13	3	3	
7	44	1	31	0	26	
0	1	1	21	4	23	
6	36	8	37	2	50	1	42	
6	3	5	1	7	4	1	19	9	22	
0	30	9	38	4	35	3	48	
5	22	
4	26	2	28	
6	25	9	22	7	5	
8	29	6	41	4	31	9	44	2	48	
4	1	3	19	7	13	6	2	0	23	
6	32	
8	18	5	3	3	23	
3	32	9	27	5	45	2	43	6	47	
2	20	6	23	7	10	5	2	1	15	
3	30	9	27	1	31	5	36	8	35	
0	15	5	10	8	24	3	23	
9	43	
4	16	
8	47	7	29	
5	11	
8	30	5	45	
7	14	8	4	4	22	3	2	2	1	
4	32	7	28	
3	7	
1	34	3	48	4	43	
3	17	8	5	5	18	4	3	
3	47	
3	3	0	15	1	20	7	22	4	6	
7	44	4	29	1	49	
5	16	
3	47	
6	2	
4	38	0	29	5	50	9	30	1	45	
0	21	9	14	6	18	5	13	
4	43	6	46	2	28	3	39	
5	20	8	22	6	19	
5	32	6	47	
0	17	3	16	
3	40	0	39	5	32	6	47	
2	5	1	19	
9	35	2	44	
5	3	9	7	4	6	
5	36	1	38	
5	22	4	21	2	23	
3	46	0	32	8	36	
2	12	3	24	8	4	
7	47	
8	23	2	16	9	6	
0	49	
7	8	0	11	
1	28	8	32	
9	19	0	16	8	1	1	25	3	21	
8	43	4	34	3	48	7	44	
1	7	
1	29	9	38	2	46	8	28	6	49	
6	11	
1	43	2	46	3	35	
1	15	6	6	4	12	
7	39	5	35	8	32	
4	19	0	13	
1	34	
2	14	1	18	
3	34	6	33	5	43	
6	22	4	25	
5	43	0	42	4	33	3	45	6	36	
6	25	
0	32	4	38	
6	9	1	10	4	2	3	14	
2	26	
9	9	
5	48	9	34	3	29	1	42	2	31	
5	9	1	18	4	24	2	4	
6	33	
3	25	4	4	0	11	1	18	
7	41	
0	20	5	2	9	23	6	19	
1	47	
4	14	2	19	8	16	7	13	
3	28	0	29	6	36	
7	21	8	16	3	19	1	8	
1	33	7	27	6	40	4	42	2	50	
2	22	7	21	1	6	
2	41	4	31	6	43	
1	25	6	2	5	23	
5	38	
0	11	8	9	5	5	3	4	9	15	
8	47	4	28	
0	4	
3	40	2	45	1	44	6	50	
5	11	2	17	
7	29	6	34	2	45	
0	25	7	19	6	9	3	11	
3	39	2	50	0	42	
8	3	1	10	0	14	
7	39	2	50	4	48	
4	10	3	21	1	6	7	14	
5	40	
5	14	9	3	7	11	
8	31	7	44	0	26	
8	11	5	7	9	18	6	9	4	16	
8	36	1	47	
9	19	2	13	6	10	
9	33	7	42	8	41	4	50	
9	25	2	22	6	2	1	16	
0	29	2	39	1	37	6	49	5	48	
3	16	6	23	7	9	
7	31	6	35	5	26	3	44	
2	5	8	21	6	15	4	19	
8	28	5	29	
5	20	8	17	6	10	1	12	
5	45	6	36	0	42	9	37	
2	4	0	24	4	15	1	9	
0	41	7	42	1	26	5	28	6	49	
3	2	0	18	
0	26	5	48	8	45	7	50	1	46	
9	21	0	6	7	8	5	9	
5	31	7	30	4	34	9	39	6	27	
4	22	
3	31	
6	8	4	11	0	6	2	18	8	13	
7	36	3	31	8	40	1	47	0	38	
6	12	7	13	4	15	3	11	8	5	
5	41	
0	16	1	9	5	18	8	2	3	15	
7	33	
4	8	5	24	
1	26	3	43	5	39	
0	17	6	16	2	5	4	15	
5	30	
6	3	
6	27	0	31	3	49	1	46	
1	18	2	16	0	14	5	17	7	8	
0	32	6	44	9	34	
8	20	0	12	1	22	3	6	6	21	
7	27	0	32	1	46	9	44	5	43	
4	17	6	4	
3	26	2	33	6	50	
8	21	9	11	5	17	7	7	
3	29	4	30	
7	4	
0	44	3	37	4	49	
0	6	7	25	6	4	
7	45	6	40	9	29	
7	18	3	10	9	14	0	11	
8	36	0	33	9	27	4	45	
8	17	
4	46	2	43	5	48	3	36	
3	7	6	22	
7	38	1	46	0	34	6	27	8	50	
4	19	1	15	
6	46	
5	10	9	19	
9	27	4	30	8	26	1	28	2	31	
6	14	2	21	8	22	
7	39	
5	20	3	2	
4	33	7	30	1	32	2	29	
6	15	5	5	0	19	4	11	2	22	
2	46	6	39	7	43	
8	11	5	3	2	4	6	22	
5	49	0	45	
7	22	6	2	5	11	4	13	
9	46	3	48	4	40	6	30	
0	2	
4	49	6	46	8	34	2	32	
0	4	2	23	4	22	
4	45	5	40	
6	11	1	6	3	20	2	14	7	17	
9	31	7	32	3	35	4	40	1	27	
0	18	7	11	3	6	
9	40	2	33	3	43	8	27	
5	8	0	20	
1	41	5	27	2	32	
9	6	
0	35	6	43	5	33	
5	15	3	7	6	22	8	19	7	4	
9	38	5	36	
5	20	0	24	4	3	2	1	8	22	
8	47	0	50	9	32	3	27	5	40	
8	7	3	18	4	3	5	6	
0	29	
7	13	6	17	2	23	4	15	
3	34	7	49	2	27	
6	17	5	8	
6	43	4	27	8	30	3	45	1	41	
5	16	6	6	3	25	
1	42	7	38	
9	14	0	12	2	6	8	17	
1	31	2	46	4	35	
4	24	
5	49	7	45	4	39	
5	10	
0	35	3	29	2	32	
1	3	0	25	5	1	4	6	
9	32	0	39	3	30	2	33	7	35	
3	6	0	20	7	16	1	5	5	14	
1	28	
0	6	7	22	5	25	6	20	1	17	
2	46	0	41	4	47	5	39	
0	5	2	10	
9	34	1	32	2	48	4	38	3	44	
7	12	
0	43	
9	24	0	17	2	7	4	19	
6	47	0	49	5	36	2	31	8	39	
9	18	1	16	4	1	
5	42	3	38	9	50	8	33	
0	8	9	3	
5	35	
5	22	
0	31	1	39	5	32	
3	4	0	17	9	3	2	6	6	10	
2	44	8	34	
4	13	9	23	8	22	3	17	2	21	
7	36	3	45	
5	24	7	10	4	14	3	4	1	18	
2	49	4	43	7	42	
2	18	9	17	5	12	
3	38	5	40	8	46	
8	7	
5	45	
2	3	3	25	6	22	
3	46	
6	13	7	12	8	24	2	2	9	19	
7	32	4	33	9	40	0	38	
2	17	5	21	9	18	0	10	3	12	
7	40	5	43	8	31	
1	12	
9	26	
3	8	
8	39	6	33	4	36	
5	4	9	21	3	1	
1	49	4	42	
8	20	
9	48	0	39	
7	9	9	23	4	12	8	25	
0	29	6	40	1	46	4	37	
7	21	1	7	4	12	
0	47	4	33	7	31	
7	20	9	12	1	25	0	21	
1	41	
1	16	
3	31	6	28	4	30	
1	17	
1	46	4	37	
7	8	
3	38	6	31	
7	15	5	22	0	1	3	16	
1	45	9	39	0	48	5	50	6	30	
9	19	4	5	
6	42	
1	8	4	4	
5	39	
0	8	1	23	6	11	
1	38	
6	22	
5	31	
7	10	8	21	5	1	
3	35	4	49	9	26	7	36	
6	19	2	13	7	3	9	8	
1	46	2	50	
0	17	9	3	
6	43	3	50	9	46	8	48	2	27	
4	12	0	1	3	3	
3	36	4	40	9	38	
7	1	8	15	5	17	0	25	9	8	
1	37	0	35	9	30	7	28	
9	10	
2	42	0	30	8	46	9	26	1	45	
0	21	2	10	3	4	9	6	5	20	
3	30	2	29	8	38	0	36	1	43	
5	10	9	6	6	2	
0	31	3	28	
0	10	
1	33	2	34	
8	4	3	14	6	3	5	16	4	25	
7	42	
2	21	1	23	
6	41	7	30	
0	15	2	17	
0	30	5	46	2	40	
0	18	1	20	6	16	3	9	7	12	
8	28	9	35	
9	22	
6	42	8	28	4	48	9	50	1	45	
6	4	5	14	
2	26	7	38	9	34	3	44	6	50	
5	8	8	25	2	4	4	15	
4	37	
4	9	3	22	8	17	7	7	5	21	
7	35	3	50	2	27	1	47	4	41	
4	20	8	12	2	13	0	22	
8	32	9	34	
3	17	4	22	1	12	
1	27	8	49	2	33	0	47	
2	10	3	18	5	5	9	25	6	7	
5	45	
7	10	5	11	
4	32	
7	13	8	2	
5	33	3	46	7	43	
6	23	3	2	
5	35	2	34	0	31	
2	22	6	9	4	20	
4	42	2	27	
6	14	7	16	3	2	8	4	1	18	
2	49	0	28	1	37	3	33	
1	6	
1	50	4	27	9	28	
0	5	2	15	
0	32	
3	14	6	11	
7	42	8	37	4	36	
8	20	0	7	4	15	7	16	9	17	
9	33	2	47	3	44	6	27	8	46	
2	16	
5	49	4	28	3	47	8	31	7	44	
7	17	5	21	3	13	8	18	
6	46	
3	16	
2	44	0	49	7	50	
4	2	
2	27	0	47	7	34	1	35	5	42	
3	5	7	11	0	22	
4	39	1	28	0	33	7	49	
0	5	6	17	7	2	1	22	
7	50	0	44	2	39	4	27	
8	9	5	11	4	24	0	22	9	10	
1	46	0	35	4	45	6	34	5	26	
4	9	3	14	2	20	5	25	
2	37	1	31	6	39	
0	17	6	2	
9	32	7	41	2	29	0	44	
3	5	6	16	
4	40	7	41	
0	17	3	5	5	25	4	20	7	24	
3	40	
4	23	5	5	0	4	3	13	
6	50	3	45	9	48	8	41	2	32	
5	17	4	24	0	13	3	16	8	9	
0	49	4	39	7	44	5	45	1	47	
3	19	4	18	9	25	7	15	8	12	
2	30	7	45	6	36	
9	10	0	5	8	14	4	17	3	15	
6	38	5	48	
8	13	7	3	
7	32	3	36	
5	17	
0	26	6	27	7	39	
6	19	5	4	1	23	7	12	
3	46	9	48	0	43	5	47	4	37	
8	12	0	13	9	7	
4	38	
5	1	4	11	1	8	
9	34	2	28	5	42	
3	6	
5	41	7	35	
0	8	4	16	8	19	9	2	
3	27	

Three processing times per job on each machine
The best scenario
139	51	65	
157	144	456	
484	173	314	
195	183	142	
40	65	46	
38	54	66	
131	251	183	
157	116	53	
251	191	92	
101	341	169	
197	74	74	
131	186	49	
70	176	120	
236	225	158	
30	101	72	
170	99	69	
111	174	208	
195	74	153	
368	376	310	
239	203	185	
158	352	247	
240	300	76	
270	119	217	
182	219	287	
27	35	55	
164	152	421	
27	23	26	
337	272	298	
33	78	83	
387	163	266	
158	133	84	
130	302	387	
186	451	143	
49	86	76	
364	286	470	
137	193	334	
307	134	364	
232	236	189	
187	136	314	
212	223	223	
28	37	36	
224	322	161	
99	177	137	
41	44	52	
131	135	133	
100	60	70	
81	134	258	
74	168	106	
84	118	193	
149	126	155	
26	46	78	
124	70	186	
25	79	64	
51	191	130	
64	178	132	
195	218	267	
305	138	282	
34	14	23	
138	119	337	
98	88	126	
171	174	291	
110	199	98	
197	294	299	
192	86	125	
149	97	75	
36	29	23	
43	33	23	
34	83	78	
32	35	35	
53	88	88	
112	201	64	
45	45	54	
83	133	191	
191	173	75	
234	157	223	
113	48	47	
43	32	46	
273	374	209	
511	129	239	
330	455	323	
109	210	129	
161	235	252	
63	69	42	
135	198	149	
80	93	90	
71	92	88	
274	311	248	
109	163	61	
184	113	203	
71	193	64	
61	86	136	
113	64	49	
96	124	98	
49	179	106	
132	147	98	
329	382	190	
289	123	435	
92	124	55	
114	210	43	
191	174	195	
124	362	117	
520	459	188	
172	134	136	
51	133	225	
144	241	102	
250	231	95	
103	75	53	
88	231	254	
48	232	143	
72	113	204	
42	47	53	
308	109	127	
391	219	84	
70	69	118	
51	90	146	
332	330	275	
95	92	106	
27	23	22	
174	165	488	
65	185	80	
187	208	195	
32	40	62	
67	186	67	
210	264	168	
208	321	147	
289	189	67	
282	412	211	
82	31	73	
208	308	295	
73	47	68	
78	104	94	
142	117	110	
131	213	111	
208	356	97	
166	115	272	
150	55	27	
69	79	53	
72	37	40	
283	268	182	
139	83	105	
99	212	245	
231	204	138	
120	282	369	
404	121	306	
268	208	253	
388	221	130	
196	209	398	
134	249	181	
332	121	320	
222	182	237	
65	35	27	
233	174	100	
426	260	113	
39	37	30	
39	24	66	
276	115	134	
261	226	119	
172	119	94	
211	333	204	
30	25	18	
37	45	21	
124	147	71	
216	314	304	
83	200	99	
45	17	64	
125	121	131	
235	279	250	
252	296	257	
120	174	124	
459	252	87	
214	268	189	
186	148	217	
132	187	162	
50	74	68	
80	109	36	
135	105	84	
142	102	68	
182	103	245	
162	52	233	
18	42	60	
30	93	74	
69	188	97	
22	30	39	
133	210	142	
98	182	370	
389	95	116	
212	260	76	
40	20	48	
167	124	72	
36	43	28	
420	347	365	
11	36	47	
24	61	26	
153	168	177	
137	113	178	
245	138	128	
20	17	41	
181	101	169	
330	105	314	
159	170	165	
Most likely scenario
147	62	109	
285	158	547	
512	205	400	
288	212	199	
73	100	47	
64	102	91	
212	292	190	
177	119	83	
327	250	162	
148	342	242	
200	82	87	
163	197	93	
135	287	198	
337	245	312	
45	102	82	
243	186	89	
117	264	227	
221	126	261	
391	404	351	
333	242	350	
316	454	409	
336	329	121	
293	120	270	
331	372	300	
28	40	80	
300	213	484	
44	40	30	
456	355	370	
53	84	87	
416	215	277	
186	212	152	
242	371	448	
242	564	205	
80	143	110	
572	555	511	
212	355	338	
487	150	402	
260	276	243	
284	138	406	
218	333	290	
31	69	48	
282	408	314	
114	222	197	
71	52	63	
244	152	155	
155	63	84	
143	141	292	
109	226	182	
126	202	198	
270	204	173	
40	50	114	
144	115	228	
50	108	88	
81	211	167	
94	261	258	
377	243	311	
444	257	456	
58	17	25	
256	206	397	
101	98	130	
178	318	313	
199	227	177	
351	344	352	
206	118	128	
181	170	97	
40	58	27	
52	36	24	
51	106	144	
37	39	61	
83	101	138	
130	227	99	
60	77	72	
127	220	344	
224	199	109	
317	258	290	
141	75	60	
50	59	59	
395	399	331	
556	185	390	
332	457	409	
139	396	141	
175	238	337	
117	106	62	
170	200	232	
142	136	150	
95	162	134	
350	316	291	
131	177	62	
239	129	243	
121	203	76	
105	111	223	
136	124	63	
174	126	163	
94	270	160	
148	277	125	
353	393	356	
336	164	448	
157	149	96	
155	234	77	
193	238	244	
228	410	163	
527	489	368	
184	188	196	
90	220	236	
162	331	117	
340	238	186	
164	121	105	
166	233	418	
83	265	199	
100	119	222	
48	71	69	
313	119	232	
520	394	166	
108	110	123	
99	147	186	
438	509	279	
117	159	185	
47	26	43	
330	321	533	
90	332	130	
372	247	258	
54	45	71	
72	189	68	
342	279	191	
399	333	269	
320	323	126	
307	455	362	
99	36	105	
252	316	321	
75	92	90	
106	166	136	
181	164	149	
206	249	158	
333	406	157	
201	132	294	
153	59	46	
98	122	65	
117	47	80	
397	311	239	
193	96	115	
110	233	279	
293	230	139	
143	329	388	
529	169	354	
374	293	305	
505	322	226	
311	271	408	
262	370	272	
406	176	495	
257	203	309	
88	42	31	
277	300	152	
432	441	186	
41	48	36	
67	45	83	
298	125	188	
350	417	221	
210	166	126	
366	366	232	
41	30	33	
59	50	22	
216	277	109	
334	405	421	
87	215	125	
57	24	82	
187	220	157	
245	360	264	
425	301	402	
122	214	213	
529	309	140	
239	277	204	
326	149	229	
206	246	245	
64	95	72	
93	117	40	
159	106	129	
195	109	78	
200	155	246	
168	86	241	
32	79	75	
56	99	80	
71	264	135	
37	37	78	
246	307	228	
132	199	412	
457	187	154	
295	284	89	
46	23	64	
261	197	79	
59	65	42	
429	452	415	
21	53	62	
43	70	30	
226	239	186	
144	144	254	
357	161	199	
40	27	52	
310	148	173	
460	201	379	
289	248	285	
The worst scenario
162	91	126	
305	190	783	
584	254	571	
390	224	296	
80	103	70	
76	153	135	
241	335	257	
241	149	87	
398	298	168	
208	381	307	
249	111	128	
200	273	116	
157	413	212	
445	295	422	
53	150	94	
314	214	106	
121	306	237	
284	155	347	
545	476	446	
455	243	422	
412	501	449	
469	459	132	
364	158	307	
473	521	388	
37	44	107	
341	276	492	
52	47	37	
552	376	506	
79	102	106	
502	277	351	
239	311	154	
284	406	574	
363	808	213	
98	163	159	
781	678	515	
247	499	499	
711	190	458	
303	353	281	
399	188	410	
264	345	335	
40	76	55	
287	543	427	
152	258	279	
94	64	88	
268	184	200	
191	78	113	
153	196	331	
118	236	215	
181	245	270	
345	253	259	
57	74	169	
149	154	286	
65	151	92	
114	262	196	
96	376	360	
517	259	408	
651	337	562	
59	22	35	
309	233	465	
125	133	149	
220	332	469	
250	329	215	
510	511	381	
249	145	131	
182	229	114	
45	72	34	
77	54	35	
59	130	213	
41	45	76	
122	107	191	
175	320	132	
84	84	97	
162	252	468	
329	251	111	
365	272	435	
178	106	90	
67	63	71	
544	581	417	
749	211	415	
478	569	587	
161	410	142	
203	280	377	
175	124	68	
197	215	260	
189	149	192	
116	215	187	
383	455	301	
143	249	79	
285	137	348	
174	288	82	
134	137	289	
163	148	89	
224	129	226	
126	324	196	
177	392	169	
357	409	385	
418	175	536	
199	205	144	
213	349	85	
256	290	288	
282	452	234	
717	606	372	
193	275	210	
109	272	295	
174	384	140	
507	283	189	
231	140	118	
188	333	559	
113	315	235	
130	177	286	
71	96	100	
455	120	346	
521	497	231	
117	119	150	
117	191	232	
553	732	333	
157	161	201	
60	37	45	
392	417	629	
133	451	146	
394	267	320	
60	62	75	
81	250	71	
469	371	246	
550	468	346	
453	458	133	
354	652	538	
135	51	123	
297	351	417	
106	94	106	
125	204	203	
228	185	153	
213	365	205	
355	532	187	
203	158	377	
218	86	52	
125	144	95	
167	57	114	
545	432	251	
257	111	156	
155	279	396	
311	331	179	
166	381	400	
789	194	456	
551	383	376	
549	459	315	
342	278	411	
274	526	400	
500	257	662	
288	226	450	
116	55	40	
326	392	172	
514	643	269	
52	60	37	
75	46	118	
307	184	254	
367	603	267	
305	216	184	
381	509	346	
46	37	37	
83	68	23	
238	398	156	
357	436	575	
106	321	172	
73	34	85	
264	246	168	
293	393	347	
615	399	438	
149	258	261	
727	312	193	
353	408	291	
397	195	328	
240	252	261	
72	130	78	
116	159	53	
171	118	172	
246	124	115	
278	157	337	
233	97	331	
41	84	86	
69	108	102	
105	365	151	
55	46	113	
262	323	239	
180	204	572	
648	216	194	
402	330	112	
65	31	95	
268	245	116	
84	69	62	
497	602	555	
22	65	86	
58	83	43	
276	344	262	
145	157	343	
521	217	232	
51	28	69	
465	154	186	
688	284	428	
366	329	300	
