Factories	7	Jobs	100	Machines	2

Total number of component types per job processed by HSPM
9	10	5	9	9	8	5	7	6	12	12	5	12	8	9	5	7	11	6	11	6	6	8	6	8	9	7	9	12	6	7	5	5	11	5	10	6	6	6	5	10	12	5	12	7	11	11	8	12	9	12	10	8	5	7	9	5	12	6	11	6	6	8	10	12	10	11	9	7	7	6	7	11	5	5	11	9	11	6	9	8	10	12	11	11	10	9	12	12	12	10	9	9	8	6	9	7	7	7	6	

Total number of component types per job processed by MFPM
5	5	4	5	2	3	3	2	4	1	2	5	1	5	5	5	5	4	5	4	1	4	5	3	2	5	3	3	2	4	4	4	3	5	3	2	4	3	4	5	4	3	5	5	3	2	3	1	4	4	3	2	1	5	4	3	1	2	3	4	1	2	5	3	5	5	5	1	5	3	3	5	3	5	3	5	3	1	2	1	5	5	3	5	4	4	4	3	4	5	5	1	3	3	2	5	1	5	4	1	

All component type numbers for each job to be processed by HSPM
18	14	19	3	1	27	10	62	2	44	5	65	6	69	4	31	15	21	
16	64	15	38	5	57	12	73	9	34	7	49	8	36	18	32	3	44	14	8	
8	73	14	49	16	16	19	56	12	45	
14	64	1	51	5	49	6	73	16	37	3	36	8	28	17	69	2	48	
14	17	15	13	4	21	13	74	10	53	11	24	7	48	0	65	6	26	
19	45	7	30	18	35	16	47	8	17	3	31	14	50	15	70	
15	18	11	13	6	46	4	24	0	27	
3	50	5	34	11	65	7	73	9	53	18	20	12	57	
7	14	16	20	1	47	15	67	17	2	13	18	
18	16	16	33	5	8	12	74	9	70	2	10	14	4	3	51	10	50	7	9	13	42	8	29	
7	72	4	33	12	21	9	69	11	6	8	52	16	37	17	65	18	11	0	41	10	49	2	27	
8	32	17	6	4	8	19	48	1	67	
7	4	18	42	5	15	17	20	9	23	2	51	15	24	13	14	0	34	8	53	6	48	3	62	
12	42	16	74	0	44	11	56	7	55	15	47	4	29	9	61	
16	18	1	51	17	3	3	31	8	70	19	44	15	14	9	32	11	10	
18	24	13	66	19	35	0	52	11	6	
11	3	3	21	12	22	1	18	9	58	0	68	15	36	
13	13	1	14	3	71	14	24	4	60	16	47	7	36	9	49	5	37	12	17	0	10	
1	53	0	38	9	60	17	10	4	39	11	36	
1	13	17	33	3	23	4	22	8	29	7	15	5	8	16	28	2	36	11	6	19	56	
0	12	10	18	12	35	1	50	19	16	3	66	
0	64	2	52	8	59	15	23	10	51	17	46	
1	53	12	7	19	47	7	45	4	1	2	75	3	15	13	44	
9	23	11	3	0	28	12	52	6	56	7	61	
13	68	4	12	7	56	11	74	18	38	0	7	6	59	2	54	
16	63	12	20	9	7	15	50	17	62	11	68	5	12	1	51	3	21	
6	12	19	13	10	74	2	24	16	33	15	9	17	37	
17	12	8	3	3	56	6	74	13	18	16	31	0	20	5	40	18	66	
8	31	9	55	18	7	3	35	13	18	12	58	5	39	15	60	16	26	7	11	4	19	2	4	
18	70	19	43	14	74	8	60	9	58	13	31	
1	42	5	30	15	39	8	17	6	71	11	58	3	63	
9	55	3	71	12	43	4	48	14	53	
11	40	19	21	18	35	9	63	8	13	
0	73	8	34	12	4	11	67	2	44	5	10	15	1	14	65	9	27	4	62	3	52	
0	22	8	38	17	32	3	66	4	58	
9	28	3	21	18	30	15	19	8	4	13	49	7	57	1	25	17	64	19	53	
1	54	12	15	16	67	14	52	9	12	3	36	
14	39	7	59	16	61	19	75	3	50	15	65	
13	9	1	4	16	38	12	27	2	46	10	48	
11	68	15	8	7	13	9	50	3	27	
4	62	11	6	6	15	15	73	5	1	3	39	9	40	14	51	7	41	13	57	
5	65	0	8	1	4	17	60	10	73	14	26	3	2	18	24	4	9	16	21	2	13	12	74	
14	3	17	24	11	48	19	7	15	30	
1	67	19	74	10	35	6	24	5	2	14	63	7	17	18	53	8	38	9	9	2	45	17	47	
13	59	11	26	5	19	16	27	9	69	17	74	2	46	
0	64	17	32	3	41	15	56	16	35	11	16	6	42	13	50	5	44	12	40	18	15	
1	58	19	33	13	74	8	73	9	1	15	2	11	13	14	56	16	67	12	43	3	63	
0	57	18	55	7	12	5	71	4	26	6	10	2	69	14	70	
3	14	2	44	13	75	19	54	8	67	17	1	12	12	10	35	7	23	15	11	18	47	6	53	
15	36	0	2	10	14	6	43	14	60	9	23	16	49	11	31	13	29	
2	8	19	13	0	44	3	25	12	21	11	59	1	3	15	48	14	26	5	51	17	35	6	36	
0	39	9	8	7	14	18	25	5	56	3	36	1	18	4	32	14	17	11	34	
19	57	7	15	5	38	12	19	6	42	10	62	18	34	13	11	
3	73	5	24	9	23	1	75	16	3	
1	45	2	8	7	56	19	64	18	49	9	7	8	35	
0	18	3	17	18	40	4	52	6	54	8	47	14	16	9	36	5	37	
13	74	10	28	14	31	19	40	15	46	
5	64	11	55	16	38	10	63	17	9	1	51	9	35	8	23	12	75	3	70	4	34	15	45	
3	39	10	57	12	16	0	20	2	63	8	21	
17	59	0	54	7	69	3	74	16	56	9	18	11	49	15	25	10	75	12	48	13	53	
8	33	18	47	12	22	16	30	17	60	9	27	
19	40	3	74	11	66	18	13	2	61	14	39	
2	21	15	18	19	70	5	16	18	12	1	65	12	1	10	40	
9	61	19	16	18	7	14	18	2	31	3	34	12	60	4	56	1	55	16	36	
17	6	11	16	10	9	16	5	18	55	14	68	6	35	4	3	8	50	3	25	12	28	0	33	
5	27	0	49	19	33	16	69	7	53	11	20	8	42	6	64	4	44	18	29	
17	7	16	54	1	33	14	74	7	38	6	57	2	20	13	21	3	58	5	24	9	68	
7	25	2	69	4	22	9	59	19	49	1	40	6	41	8	21	16	44	
19	46	10	60	6	38	12	15	0	13	8	18	16	11	
7	46	17	20	10	55	13	67	0	23	4	39	1	42	
10	48	18	44	9	47	1	5	6	56	17	45	
5	17	16	57	17	27	6	8	14	36	4	14	12	33	
16	41	4	66	18	52	1	37	19	55	17	38	7	3	9	32	6	40	15	13	3	39	
1	73	2	6	13	16	15	18	18	5	
9	42	17	36	14	26	2	54	10	44	
12	5	1	49	13	67	16	72	8	22	7	33	9	35	18	65	0	2	15	25	10	34	
8	56	0	73	9	62	16	65	2	75	18	67	7	57	1	72	12	1	
11	1	14	56	5	8	15	48	18	59	2	51	13	72	9	52	3	26	19	62	0	16	
13	62	9	8	6	32	19	65	8	7	0	31	
12	23	0	37	17	49	4	38	10	34	15	54	2	15	7	63	11	62	
17	2	5	75	8	33	11	14	0	17	7	56	18	40	6	55	
7	57	10	36	11	49	16	23	14	8	8	34	18	60	2	19	9	11	4	46	
6	69	9	12	19	37	12	29	16	31	15	21	8	23	1	44	18	9	10	34	7	68	3	14	
2	65	13	34	5	67	18	15	0	3	8	74	6	37	14	32	3	61	15	64	1	69	
3	70	2	21	4	15	9	57	16	49	1	38	5	16	14	27	15	55	17	6	11	53	
17	31	18	75	0	34	8	71	10	30	12	47	14	64	9	54	6	6	1	63	
11	37	15	51	6	25	1	29	7	1	9	41	14	5	13	44	4	4	
13	48	15	12	8	7	9	10	14	36	2	63	12	42	11	31	5	32	7	60	16	53	19	67	
11	54	10	23	18	65	16	19	3	60	2	57	17	13	1	34	6	11	5	69	15	26	4	61	
8	74	17	38	18	25	0	30	12	56	13	16	4	58	5	61	10	20	15	67	19	28	2	13	
1	56	0	3	6	4	17	15	10	28	15	23	4	42	13	34	11	44	19	74	
2	31	14	5	12	39	1	48	17	62	7	64	15	60	18	13	3	67	
4	67	19	11	13	64	16	44	8	54	12	65	5	36	6	40	7	32	
9	39	10	6	19	41	15	60	18	10	14	29	17	14	4	64	
15	63	10	73	12	53	6	25	18	50	5	2	
12	9	4	55	15	45	19	30	8	58	18	28	7	75	16	68	11	12	
6	57	11	67	2	56	5	27	18	58	3	64	13	5	
11	29	13	45	14	56	19	55	3	27	16	49	9	31	
10	43	13	31	15	20	9	48	18	52	12	5	4	4	
4	52	12	12	16	51	14	20	0	13	9	17	

All component type numbers for each job to be processed by MFPM
8	3	6	23	3	16	5	14	4	9	
8	19	0	13	3	8	6	7	7	4	
9	23	0	7	3	1	5	9	
0	12	7	18	8	6	9	14	5	25	
8	2	5	5	
8	13	3	16	5	24	
0	12	7	6	9	17	
9	19	5	18	
2	21	7	8	1	2	5	19	
9	11	
7	8	1	17	
3	19	8	23	4	24	2	17	5	12	
5	22	
4	6	5	1	8	11	3	16	7	15	
7	5	1	20	3	19	8	16	5	7	
7	22	8	23	1	8	3	11	2	2	
2	7	1	15	9	9	6	12	7	3	
5	25	6	17	0	3	2	11	
9	22	4	1	6	21	8	19	3	5	
6	20	1	22	2	10	3	21	
1	18	
2	16	9	7	3	9	5	19	
6	13	2	21	8	24	5	11	1	22	
0	4	5	17	4	2	
2	20	4	25	
5	6	2	25	1	22	8	3	6	7	
0	4	5	19	3	17	
4	19	1	10	7	18	
6	13	9	16	
7	11	3	24	1	13	0	2	
7	21	1	5	8	15	3	11	
2	18	1	24	3	8	9	5	
8	19	3	25	0	14	
2	12	0	7	4	6	7	23	9	18	
4	14	9	24	5	19	
1	9	6	7	
1	17	4	13	2	25	6	8	
9	25	5	12	1	18	
3	23	2	2	7	16	0	1	
9	3	5	7	3	2	2	1	6	25	
6	20	2	23	8	10	9	14	
1	11	3	16	6	4	
4	10	0	2	7	17	6	18	5	21	
9	16	0	20	1	15	2	24	4	17	
9	25	3	4	1	22	
8	4	2	23	
1	24	9	19	2	12	
5	15	
1	2	8	24	9	4	2	6	
2	4	8	20	1	23	5	11	
8	10	5	6	3	2	
1	10	5	23	
6	13	
1	1	2	23	3	25	5	3	8	6	
0	20	7	13	4	5	9	7	
0	23	3	18	9	16	
0	25	
1	24	9	20	
0	22	9	1	3	21	
2	24	7	12	6	11	8	10	
3	19	
0	21	9	15	
1	3	3	2	4	25	2	15	6	22	
9	16	7	5	8	2	
7	25	6	2	2	17	5	12	1	18	
6	2	8	3	0	24	4	1	5	23	
6	25	9	12	3	5	4	4	1	16	
3	22	
3	6	4	18	8	22	1	20	9	16	
1	16	0	10	2	23	
5	19	0	5	3	24	
0	12	6	3	2	4	4	18	3	23	
7	21	5	23	3	2	
4	25	7	7	9	20	3	18	0	5	
6	9	7	5	3	4	
5	16	6	9	1	21	2	15	8	14	
9	10	2	17	1	4	
0	15	
4	17	3	22	
4	14	
1	18	6	14	7	15	2	4	3	23	
7	1	0	6	9	24	3	22	8	2	
4	11	8	3	0	12	
1	5	8	25	6	23	0	2	4	19	
0	25	3	17	4	5	5	12	
4	16	0	20	1	8	2	22	
7	20	4	13	3	1	9	5	
6	3	5	12	7	14	
8	6	6	20	5	25	1	2	
2	23	9	5	1	22	6	13	3	25	
1	23	3	2	9	22	6	14	7	19	
4	8	
4	23	7	14	0	22	
1	15	9	5	7	12	
7	25	5	24	
0	4	3	12	1	13	8	16	2	17	
5	11	
9	17	7	16	1	20	8	1	4	2	
5	14	1	16	0	7	9	19	
5	9	

Three processing times per job on each machine
The best scenario
87	150	
235	106	
409	215	
146	108	
70	98	
165	104	
75	28	
22	34	
93	303	
15	11	
122	249	
156	194	
129	79	
151	198	
248	279	
38	19	
65	103	
116	135	
92	105	
273	298	
45	83	
70	49	
134	84	
138	144	
101	62	
227	152	
19	35	
516	227	
30	69	
60	41	
219	291	
197	122	
346	116	
298	236	
82	131	
23	131	
158	107	
18	35	
159	161	
250	154	
23	25	
13	26	
215	331	
193	38	
67	107	
32	42	
99	257	
95	60	
130	132	
302	140	
47	73	
161	366	
95	151	
222	194	
136	208	
123	261	
221	445	
225	225	
141	128	
268	115	
177	269	
143	136	
169	124	
399	367	
147	137	
31	71	
193	345	
141	225	
82	46	
139	536	
96	61	
350	90	
23	62	
98	132	
245	173	
274	243	
239	137	
63	294	
124	276	
257	116	
233	218	
356	235	
132	146	
191	198	
215	158	
124	59	
99	175	
18	15	
272	297	
65	397	
46	35	
65	18	
142	86	
243	411	
15	37	
322	198	
423	149	
274	155	
161	166	
262	287	
Most likely scenario
113	152	
272	168	
415	369	
158	114	
123	110	
202	170	
111	44	
27	38	
163	333	
17	21	
191	420	
204	209	
250	93	
174	209	
261	480	
44	32	
112	121	
129	219	
142	110	
434	403	
52	106	
79	68	
247	142	
158	174	
102	120	
325	266	
30	61	
527	277	
39	95	
90	45	
224	300	
284	197	
372	197	
403	402	
113	144	
43	137	
235	128	
20	43	
251	228	
375	242	
30	47	
17	41	
275	334	
206	68	
74	165	
45	44	
194	266	
110	82	
204	153	
362	195	
64	79	
212	526	
113	164	
235	303	
165	266	
134	276	
266	462	
251	361	
196	204	
347	177	
289	444	
160	149	
270	170	
527	469	
159	239	
37	74	
358	439	
240	342	
131	81	
159	603	
124	101	
448	136	
39	68	
140	148	
343	237	
431	308	
309	269	
104	334	
217	338	
420	132	
423	430	
376	252	
200	236	
334	238	
222	195	
208	79	
101	333	
23	17	
345	324	
113	406	
57	46	
66	21	
193	116	
478	481	
17	49	
338	323	
469	185	
296	206	
188	260	
270	456	
The worst scenario
138	184	
393	176	
601	377	
183	167	
137	140	
236	230	
127	50	
33	57	
216	429	
24	31	
264	536	
260	246	
283	100	
258	231	
289	671	
52	34	
168	174	
142	313	
181	133	
554	505	
64	115	
103	77	
354	148	
174	200	
141	140	
408	268	
31	64	
689	325	
54	105	
131	58	
325	338	
304	244	
557	268	
488	447	
166	146	
48	141	
336	186	
22	56	
255	329	
518	304	
39	68	
19	58	
332	362	
209	75	
88	223	
52	54	
256	290	
154	101	
295	172	
397	271	
94	98	
316	623	
160	208	
275	374	
246	383	
186	349	
347	626	
372	434	
247	295	
355	215	
378	589	
226	183	
294	221	
556	703	
216	272	
44	91	
453	551	
287	461	
171	106	
172	890	
125	114	
474	168	
58	74	
179	149	
441	320	
603	452	
453	366	
145	421	
257	471	
461	148	
455	503	
417	340	
207	241	
481	319	
243	258	
236	105	
143	481	
29	19	
406	361	
162	515	
79	54	
90	24	
255	162	
648	637	
20	66	
507	376	
474	204	
386	241	
232	355	
286	509	
