Factories	2	Jobs	150	Machines	2

Total number of component types per job processed by HSPM
9	12	5	10	8	5	7	12	11	6	6	6	6	8	7	12	8	6	10	7	6	8	5	9	9	7	5	11	12	11	8	9	10	9	5	9	8	8	5	7	7	6	6	5	5	6	5	9	12	6	12	7	11	6	12	9	11	11	5	12	5	12	11	5	10	12	11	12	11	10	7	8	10	6	6	10	9	5	8	6	10	7	8	8	6	6	11	11	9	10	8	8	6	11	8	5	8	6	8	12	9	11	5	5	6	6	7	6	10	5	9	10	9	10	8	8	8	10	9	6	12	12	8	6	8	6	7	8	12	5	12	7	10	11	6	8	9	6	9	8	8	6	7	6	11	7	9	9	10	8	

Total number of component types per job processed by MFPM
4	5	4	2	4	3	3	4	4	5	1	1	5	2	2	2	5	5	4	5	2	4	2	3	2	2	1	1	5	4	1	2	1	1	1	3	5	5	1	1	4	2	1	3	3	3	3	2	1	4	4	4	5	3	5	4	4	5	4	5	1	4	5	1	3	1	4	2	1	2	2	2	5	4	1	4	3	2	4	3	1	5	5	2	1	3	4	3	3	3	1	2	1	5	2	1	3	3	3	1	4	3	5	1	5	3	1	1	3	5	5	3	3	5	3	1	5	4	5	5	2	1	4	5	2	4	1	2	4	1	4	3	2	2	3	4	1	3	1	5	1	5	2	1	1	5	3	3	5	3	

All component type numbers for each job to be processed by HSPM
14	41	4	20	19	6	8	43	15	54	2	53	11	10	3	52	9	29	
13	19	4	7	1	14	10	63	3	67	9	33	14	56	17	57	5	38	11	12	8	53	15	73	
3	69	0	46	6	36	13	51	12	63	
3	5	19	51	2	54	16	34	13	22	15	20	8	56	5	71	0	35	14	28	
4	66	0	36	12	6	6	38	17	54	14	26	9	35	11	3	
7	14	16	7	2	64	3	17	1	4	
12	45	7	50	16	15	8	58	6	59	15	24	19	14	
7	65	4	5	8	23	3	12	2	48	18	47	15	54	16	37	9	51	19	52	5	50	17	30	
16	50	19	49	14	57	11	63	8	40	4	16	9	28	15	39	5	45	12	72	0	44	
13	52	9	73	0	6	3	48	2	40	14	62	
19	44	3	75	16	15	5	2	12	3	4	66	
14	46	2	1	1	7	4	69	9	57	17	9	
12	57	9	23	18	21	17	61	6	35	3	27	
19	12	9	28	13	17	7	22	16	6	0	67	1	20	10	54	
14	61	15	20	11	30	19	41	18	50	9	26	17	21	
10	4	9	11	13	61	15	23	6	60	12	10	2	31	19	44	18	7	0	33	14	46	16	56	
8	32	13	27	19	25	11	55	5	42	6	24	9	49	16	48	
15	55	4	53	7	35	0	48	13	67	10	61	
16	27	17	54	14	49	6	7	7	24	19	37	18	3	2	51	8	48	1	39	
14	59	12	36	5	38	13	40	15	64	19	9	7	42	
17	33	6	54	8	48	5	64	12	4	19	49	
9	73	14	41	16	42	2	51	0	49	7	62	18	66	12	47	
18	33	19	62	6	38	15	73	13	69	
14	67	1	63	12	16	11	74	15	11	3	69	13	41	6	61	5	66	
12	6	9	74	11	22	10	54	0	75	1	67	19	33	17	8	16	26	
18	33	6	68	8	27	5	49	4	36	1	15	17	44	
16	45	17	58	8	53	6	66	7	14	
13	51	5	56	15	13	9	35	12	45	14	72	3	22	10	16	17	36	7	65	6	59	
0	39	1	43	14	49	8	45	17	71	19	74	7	26	13	20	15	11	10	16	16	69	5	48	
6	38	19	41	16	68	2	4	7	48	11	39	5	57	10	18	13	28	12	67	15	16	
6	31	9	69	12	70	10	73	11	36	0	5	8	54	17	49	
7	69	9	19	6	53	0	8	8	70	16	2	14	11	3	12	18	68	
13	52	9	70	16	42	19	22	1	19	12	65	11	9	17	15	4	59	18	73	
7	64	19	8	5	56	15	31	17	69	11	75	3	51	18	37	1	18	
16	72	19	70	9	28	7	10	8	42	
5	27	18	74	12	20	15	3	16	73	11	23	3	36	14	35	1	64	
3	52	9	44	5	35	12	41	10	11	2	43	17	7	11	12	
11	14	17	70	3	67	5	31	4	22	7	9	1	21	19	71	
9	57	1	60	8	14	19	36	3	9	
6	43	16	7	12	67	7	28	8	73	2	68	11	40	
10	65	13	28	0	21	15	71	8	70	11	46	7	51	
6	72	0	75	1	37	11	44	8	18	5	20	
6	61	9	23	14	2	16	15	1	27	2	47	
6	9	4	62	0	12	13	68	2	11	
4	39	0	72	12	20	9	3	11	67	
6	26	1	28	3	13	11	11	4	21	15	16	
7	65	11	17	2	39	10	36	19	63	
17	4	12	20	1	5	6	21	8	12	0	67	9	14	11	61	18	68	
17	3	11	22	9	4	13	14	14	56	18	52	15	47	6	67	5	17	3	11	7	39	12	62	
17	62	16	52	12	4	9	32	6	67	8	38	
16	21	6	37	3	12	15	49	14	55	7	52	11	4	13	46	10	69	18	27	9	71	4	1	
9	56	2	65	7	15	11	37	14	13	10	60	5	10	
12	33	5	67	14	64	17	61	18	6	9	47	7	75	6	48	8	56	10	49	16	27	
6	47	15	53	3	20	12	71	16	27	2	69	
15	51	9	64	1	33	5	37	2	2	17	21	16	40	3	41	19	9	4	7	18	10	6	36	
0	49	7	25	2	57	5	8	18	26	17	55	12	22	4	34	10	61	
3	69	2	66	12	54	9	2	10	14	17	35	7	26	0	42	16	25	5	67	18	62	
4	66	13	29	3	7	5	8	12	11	2	60	9	6	19	12	10	45	18	59	6	31	
14	27	18	37	11	65	1	64	16	13	
18	42	4	31	19	49	3	13	1	44	7	69	13	7	9	9	2	74	10	50	16	66	15	23	
5	50	10	57	15	48	2	62	9	9	
12	21	8	19	7	73	1	3	16	12	10	8	15	46	13	53	14	26	4	41	2	68	5	63	
19	46	13	37	6	16	16	28	12	32	2	1	3	54	4	58	11	24	8	56	18	33	
9	49	12	54	0	20	13	10	2	32	
12	51	15	71	9	57	7	22	2	20	13	73	4	70	8	17	10	41	5	55	
16	48	11	40	15	13	4	31	12	50	18	9	19	23	0	69	10	73	5	38	3	8	14	17	
5	30	17	12	7	33	2	54	8	6	1	61	18	36	19	34	3	20	15	28	12	51	
4	14	11	63	1	44	18	34	8	52	14	12	6	59	5	45	16	25	3	46	15	20	12	56	
16	62	4	29	9	8	5	50	10	42	2	2	6	48	0	64	8	19	17	31	13	11	
3	7	7	41	18	52	5	13	9	32	12	10	1	3	8	19	0	1	4	47	
1	40	2	3	7	9	8	5	13	39	5	67	0	60	
14	15	10	66	18	24	12	47	19	13	15	52	11	19	2	64	
18	21	4	65	7	64	12	11	13	60	3	16	5	3	19	41	9	6	2	37	
19	15	4	42	11	7	1	4	12	63	6	50	
9	50	3	6	7	37	13	15	15	9	11	7	
2	16	13	25	10	43	0	60	18	57	1	52	11	3	19	67	14	59	17	31	
2	32	13	22	10	12	8	19	1	74	18	51	11	73	15	28	5	18	
3	30	14	49	0	48	7	51	18	38	
18	42	12	70	17	57	13	8	19	1	14	3	7	31	5	69	
8	75	1	21	13	6	5	59	3	15	16	34	
7	29	3	31	17	59	8	61	12	4	16	46	4	7	18	12	6	69	13	21	
14	10	9	62	16	12	13	8	10	24	11	70	8	72	
3	43	18	44	11	36	0	20	14	51	16	55	12	39	6	26	
9	32	17	25	10	23	1	53	4	30	5	38	18	9	12	72	
1	9	12	59	16	73	13	56	0	45	18	23	
4	27	10	29	17	9	18	46	8	56	1	59	
13	39	1	35	4	13	15	28	0	75	12	25	11	17	14	74	10	8	19	40	18	32	
5	36	12	34	6	20	8	38	7	29	19	63	9	35	3	48	13	75	18	71	2	73	
16	65	17	16	15	69	3	49	8	32	19	13	7	24	6	6	0	54	
18	37	10	49	4	58	9	47	1	4	6	26	7	70	13	63	17	57	5	52	
18	50	8	41	2	44	14	19	16	53	19	9	11	27	10	18	
15	67	17	60	12	64	8	20	2	43	9	3	0	4	18	59	
0	69	5	14	11	6	7	71	6	29	16	75	
16	46	11	65	1	1	4	9	0	68	3	41	18	34	8	70	5	8	12	17	13	3	
6	16	9	3	0	62	18	11	16	44	19	21	10	49	4	66	
4	47	19	13	3	72	16	60	14	48	
4	10	16	54	3	50	6	49	2	58	8	66	9	6	17	22	
14	23	17	13	6	3	19	54	8	64	9	27	
11	26	10	33	14	5	18	74	7	66	12	21	15	45	1	25	
19	58	9	51	4	64	3	30	6	72	12	66	15	15	14	12	8	40	18	55	17	52	16	28	
19	1	7	6	10	71	2	10	5	18	0	42	16	32	17	8	11	70	
19	33	3	7	15	42	0	43	18	54	14	16	11	51	16	39	8	14	17	2	2	31	
0	37	8	3	6	12	17	34	13	40	
6	72	16	12	3	40	15	1	13	38	
2	23	5	32	7	30	11	16	4	21	19	74	
6	74	2	8	7	2	3	6	8	41	13	49	
2	75	11	39	3	44	18	60	10	24	7	18	14	69	
2	12	8	13	11	58	18	70	5	26	19	46	
14	20	18	9	4	43	8	54	10	33	5	27	17	12	12	25	16	74	2	67	
12	66	13	45	7	9	9	73	6	38	
6	38	19	23	10	64	18	62	12	57	17	55	13	4	0	9	8	34	
1	25	13	11	12	56	19	46	11	24	2	17	9	34	16	40	5	52	6	20	
2	8	12	75	15	41	18	58	6	31	0	22	10	24	7	55	3	5	
19	75	4	71	15	47	13	50	0	35	12	15	10	73	2	17	3	21	14	12	
4	25	19	5	5	64	17	60	9	44	8	73	11	43	6	9	
11	2	2	24	7	66	5	72	13	16	18	50	9	20	1	40	
16	1	17	73	4	24	12	70	6	74	15	12	11	75	9	54	
17	8	18	5	10	55	5	26	3	21	14	72	9	17	8	4	4	70	7	52	
7	39	19	59	3	10	0	57	18	5	16	61	4	3	11	7	13	52	
7	8	12	67	0	37	1	1	2	14	9	73	
0	20	8	34	10	69	9	22	18	68	7	6	6	63	19	1	2	51	14	67	1	71	3	16	
4	63	17	13	0	39	12	4	8	30	1	58	13	73	14	62	19	70	5	37	9	8	15	59	
9	16	0	63	7	54	2	46	10	22	1	70	4	20	3	55	
13	49	8	30	16	24	11	6	4	9	10	26	
7	34	13	8	14	38	4	56	6	21	17	27	10	14	12	74	
6	17	13	5	10	55	5	6	8	42	9	67	
10	19	6	8	14	51	19	10	17	53	18	68	0	2	
7	12	6	71	18	58	10	2	11	42	17	46	12	15	14	44	
1	23	6	63	18	51	9	11	7	71	16	24	4	57	10	16	3	62	12	30	8	52	2	1	
3	64	18	72	12	39	9	40	10	61	
19	9	15	22	0	20	12	1	13	57	11	3	17	30	10	69	3	35	18	60	4	42	1	8	
11	41	0	53	19	44	1	28	3	24	2	15	7	4	
18	57	2	8	6	67	5	51	9	61	13	46	10	27	14	35	3	4	11	42	
17	4	18	12	10	49	8	66	7	34	3	69	9	21	6	42	11	32	1	74	4	51	
1	43	11	64	18	19	14	25	12	34	0	61	
12	58	3	7	9	28	7	55	17	36	6	61	11	63	19	42	
8	39	5	48	4	3	18	62	11	31	13	18	14	65	2	14	0	37	
18	11	9	17	0	74	14	48	5	1	13	70	
19	73	17	68	18	49	3	55	15	58	16	69	1	67	13	54	2	17	
10	34	3	68	18	54	19	63	13	43	9	58	8	36	17	40	
3	49	19	58	9	68	2	23	0	57	18	27	11	26	6	59	
10	24	18	59	19	44	9	7	17	23	0	16	
7	58	11	23	19	3	3	65	8	31	12	13	0	29	
2	22	16	75	18	34	7	46	0	60	3	52	
17	16	0	22	9	17	1	52	4	11	7	29	10	26	19	19	5	41	6	74	14	45	
3	42	14	54	9	14	19	15	18	51	12	27	4	61	
14	26	12	72	13	31	7	66	8	30	4	20	11	52	15	48	6	42	
19	1	9	10	7	4	4	56	16	54	13	29	2	5	12	46	8	36	
1	38	0	72	4	43	17	55	5	23	13	9	15	40	6	35	10	2	7	12	
6	9	0	54	12	35	8	50	13	6	3	26	18	45	1	22	

All component type numbers for each job to be processed by MFPM
1	17	0	25	9	1	7	13	
6	22	2	21	1	5	4	4	9	18	
8	2	0	22	3	8	9	15	
2	19	5	21	
6	1	9	14	8	21	7	18	
1	14	2	2	9	4	
3	14	4	20	1	12	
9	21	2	9	5	10	0	12	
5	1	2	18	0	13	6	11	
1	21	0	3	8	1	9	10	5	12	
2	18	
9	9	
0	13	8	10	7	8	3	24	5	6	
1	18	6	16	
5	11	9	24	
2	18	1	24	
8	19	1	3	6	25	7	24	9	13	
4	8	2	9	0	3	9	23	8	18	
1	12	4	9	5	3	3	17	
7	23	0	8	1	21	4	20	2	19	
6	14	0	13	
2	25	8	6	6	19	0	17	
0	13	4	22	
0	8	5	4	1	13	
0	11	3	17	
4	4	8	3	
3	5	
4	11	
4	16	6	19	2	5	0	6	9	23	
0	14	2	25	9	11	7	12	
9	21	
2	9	9	11	
5	15	
9	5	
1	5	
4	1	1	4	0	18	
7	16	8	6	5	7	1	23	2	19	
5	19	2	2	1	5	9	15	0	9	
8	13	
2	6	
7	18	8	14	3	21	9	20	
8	23	2	21	
6	10	
7	7	3	5	0	8	
8	2	7	13	3	5	
4	24	8	15	6	18	
3	2	5	3	8	17	
0	25	1	17	
6	18	
8	8	0	10	3	17	9	15	
5	6	8	18	6	15	9	24	
6	15	9	23	3	12	8	19	
1	8	4	3	9	10	3	23	8	17	
1	12	7	9	5	20	
6	24	2	16	0	9	7	3	8	15	
4	21	7	15	5	23	6	16	
9	11	4	4	0	13	1	24	
5	7	2	20	1	4	9	8	6	22	
6	21	2	10	9	1	4	13	
3	6	4	18	9	10	5	20	2	9	
8	17	
5	12	2	21	4	10	9	2	
3	7	7	19	4	23	8	10	9	17	
7	13	
6	10	0	6	9	12	
0	7	
1	2	3	15	2	9	6	8	
5	8	4	13	
9	7	
4	14	5	16	
4	21	8	2	
8	1	7	23	
6	2	3	21	0	14	2	23	1	11	
6	10	1	14	4	3	9	4	
2	22	
1	20	4	2	6	24	2	9	
1	16	2	22	5	23	
3	4	4	17	
5	7	2	1	0	19	9	11	
8	24	5	20	9	1	
2	10	
0	17	3	22	2	14	7	5	9	24	
8	4	3	20	1	14	4	24	2	12	
8	4	2	2	
0	9	
0	23	4	4	7	25	
9	12	4	11	0	23	7	3	
9	3	8	4	2	6	
3	19	2	10	5	23	
2	7	3	14	0	21	
5	19	
6	19	8	22	
3	4	
9	23	7	8	4	16	1	5	3	22	
9	12	6	10	
1	11	
7	22	1	16	8	13	
4	9	3	18	1	4	
7	15	3	19	1	6	
0	2	
6	15	2	12	3	22	1	19	
7	5	9	3	0	12	
3	1	1	2	6	25	9	16	8	13	
6	14	
3	3	7	7	5	13	6	24	4	1	
7	3	2	12	3	1	
7	8	
7	14	
5	10	1	15	9	13	
6	17	8	15	5	20	4	12	3	3	
0	5	9	12	4	1	8	8	2	15	
4	12	8	13	7	17	
3	18	9	13	2	24	
9	25	8	9	1	16	3	11	2	8	
2	24	0	19	3	4	
4	25	
8	8	5	21	3	4	4	7	6	6	
4	19	8	4	2	5	3	22	
6	22	2	4	1	20	3	5	5	14	
1	2	8	15	7	20	3	8	2	19	
5	6	2	10	
3	10	
5	14	2	10	0	19	1	2	
2	16	9	5	4	24	0	6	6	20	
3	4	8	19	
3	16	4	22	8	10	9	15	
9	17	
2	13	4	22	
9	15	5	20	0	4	6	6	
0	3	
2	2	7	7	6	12	9	5	
3	10	6	19	9	17	
2	13	0	14	
1	6	9	18	
2	3	6	12	9	16	
3	24	8	11	4	16	1	15	
2	22	
0	6	6	13	5	1	
2	12	
1	16	7	12	3	22	0	24	2	21	
5	20	
8	11	0	4	1	1	6	13	4	12	
9	19	3	2	
2	1	
0	19	
3	1	0	10	8	12	4	15	7	8	
2	18	7	14	3	22	
1	1	8	18	9	5	
8	1	7	16	6	4	4	6	5	2	
2	13	0	7	3	10	

Three processing times per job on each machine
The best scenario
521	247	
322	323	
76	209	
649	330	
747	560	
665	678	
552	405	
360	612	
283	154	
919	277	
661	174	
825	1045	
323	230	
533	242	
432	680	
220	148	
184	345	
120	85	
353	597	
171	257	
116	180	
407	412	
544	316	
695	550	
428	1511	
171	110	
216	152	
443	347	
193	404	
259	365	
166	255	
77	132	
234	129	
1038	668	
363	817	
299	864	
540	1020	
163	92	
891	665	
681	224	
402	388	
697	1283	
182	94	
182	409	
339	424	
221	778	
325	675	
637	1159	
157	352	
149	208	
201	128	
192	105	
412	292	
43	86	
258	387	
50	90	
122	68	
80	101	
124	224	
122	50	
121	167	
360	595	
99	82	
380	150	
458	942	
325	607	
273	429	
319	169	
250	442	
1262	294	
439	304	
779	254	
1147	639	
1213	284	
533	943	
921	299	
238	587	
802	516	
227	230	
127	52	
207	110	
492	467	
438	337	
272	298	
375	346	
263	182	
217	704	
106	88	
714	528	
446	225	
431	529	
698	1063	
404	394	
85	31	
282	359	
677	307	
581	267	
368	523	
189	503	
118	129	
203	403	
161	192	
330	176	
135	226	
200	389	
367	379	
64	112	
221	286	
790	534	
544	147	
348	457	
519	248	
352	502	
719	523	
310	119	
342	523	
576	547	
241	347	
768	730	
476	285	
210	261	
1408	965	
337	538	
861	520	
337	336	
282	247	
110	105	
604	487	
336	103	
351	972	
288	200	
302	666	
289	386	
932	661	
463	705	
498	1228	
405	866	
590	275	
507	237	
338	172	
402	295	
276	248	
250	80	
161	131	
1122	435	
231	498	
363	296	
916	519	
185	275	
971	1235	
Most likely scenario
589	479	
545	630	
97	268	
709	413	
1031	727	
711	950	
588	422	
415	890	
292	276	
939	369	
667	231	
1106	1222	
388	346	
599	472	
772	1054	
238	274	
366	355	
154	131	
699	605	
297	339	
184	232	
728	653	
704	413	
753	742	
544	1546	
269	122	
276	221	
835	489	
208	554	
339	442	
290	258	
80	188	
357	197	
1087	890	
637	858	
473	1358	
987	1211	
305	130	
906	679	
974	336	
458	392	
874	1307	
208	170	
360	459	
350	460	
377	939	
335	992	
1007	1413	
302	400	
263	291	
355	239	
350	121	
556	316	
48	100	
287	488	
94	128	
242	75	
128	197	
147	243	
126	88	
181	230	
459	799	
194	129	
460	206	
654	1292	
415	681	
283	572	
381	280	
465	513	
1485	490	
747	347	
1122	470	
1199	683	
1520	391	
609	955	
1044	399	
360	781	
857	662	
378	243	
206	63	
245	214	
502	845	
460	485	
315	352	
611	531	
374	323	
364	1057	
207	150	
782	869	
845	419	
625	537	
777	1103	
438	416	
126	57	
411	410	
855	313	
962	286	
461	895	
368	901	
143	185	
256	433	
312	363	
359	204	
259	272	
274	557	
579	440	
79	170	
421	385	
1300	579	
645	293	
581	631	
659	328	
614	629	
1024	811	
313	159	
492	676	
923	701	
412	427	
807	1081	
874	511	
218	368	
1478	967	
405	663	
1085	521	
476	400	
486	480	
144	128	
1037	504	
339	127	
394	1037	
394	324	
366	784	
415	658	
985	1305	
529	732	
946	1250	
797	1400	
908	296	
539	247	
424	302	
435	332	
302	394	
296	132	
252	190	
1185	657	
407	927	
501	345	
1291	768	
201	381	
1201	1338	
The worst scenario
874	523	
791	830	
120	335	
1013	588	
1095	909	
987	1128	
760	508	
538	1228	
389	306	
968	411	
898	343	
1549	1603	
455	432	
627	597	
962	1319	
353	344	
374	424	
199	145	
967	748	
426	434	
229	279	
837	954	
854	530	
965	943	
631	1703	
303	159	
289	325	
1185	706	
234	778	
372	558	
385	312	
86	233	
486	246	
1461	1074	
669	965	
526	1479	
1075	1494	
441	194	
927	777	
1222	499	
577	545	
1102	1861	
275	191	
535	525	
459	491	
514	947	
347	1008	
1450	1701	
436	589	
309	429	
364	266	
524	174	
705	449	
66	127	
404	651	
103	164	
356	98	
138	229	
179	333	
143	95	
265	328	
556	870	
272	145	
642	263	
819	1932	
536	913	
422	687	
472	345	
579	650	
1594	524	
841	398	
1600	576	
1753	794	
2109	504	
745	1098	
1387	461	
436	910	
1269	831	
562	334	
268	78	
304	310	
668	882	
603	569	
427	508	
830	541	
494	355	
524	1575	
250	219	
829	1134	
1211	448	
777	573	
828	1317	
624	507	
154	65	
614	591	
994	344	
1120	417	
528	1031	
399	1104	
154	217	
267	588	
343	462	
424	245	
356	392	
277	595	
812	494	
103	194	
529	407	
1921	772	
712	431	
688	716	
712	386	
902	940	
1053	1077	
382	210	
658	1005	
1112	1024	
615	447	
815	1275	
936	537	
285	433	
2211	983	
559	702	
1115	697	
480	421	
722	667	
162	183	
1173	720	
341	159	
413	1522	
575	408	
493	997	
492	913	
1039	1676	
605	769	
1237	1312	
893	2089	
1342	343	
780	340	
634	326	
543	401	
438	543	
306	181	
327	204	
1416	752	
424	977	
588	383	
1347	992	
238	451	
1208	1674	
