Factories	6	Jobs	150	Machines	2

Total number of component types per job processed by HSPM
9	7	5	11	9	6	6	11	8	5	6	6	11	12	11	12	5	10	5	5	8	5	9	8	10	5	7	5	10	10	6	10	11	8	6	11	8	8	6	6	8	9	7	6	5	6	9	5	7	9	5	8	6	8	10	6	8	8	12	9	8	8	10	8	8	7	6	12	8	8	11	9	7	12	10	7	9	9	5	10	9	10	8	7	9	6	5	9	9	6	7	10	12	9	9	5	9	11	7	12	8	6	5	5	11	6	7	11	7	12	9	10	11	11	8	10	9	7	8	8	10	7	8	10	7	8	11	9	5	12	8	12	9	10	12	10	12	8	6	8	8	7	12	12	12	6	12	9	5	9	

Total number of component types per job processed by MFPM
2	1	5	2	2	4	4	4	5	1	2	4	2	4	4	2	5	4	2	4	4	2	4	2	1	1	4	4	5	3	3	1	5	4	1	3	4	1	4	4	4	3	5	2	5	1	1	5	4	5	1	1	1	5	3	5	2	3	2	4	4	4	1	5	2	2	1	2	4	1	1	2	1	4	4	4	5	3	2	1	1	1	3	4	1	3	2	5	5	3	5	5	1	2	5	5	4	1	5	2	1	3	1	1	4	3	1	4	2	4	2	3	2	3	1	1	5	5	4	3	2	2	3	1	2	5	3	1	5	2	5	2	3	5	3	1	5	2	5	2	3	1	2	4	1	3	5	3	1	3	

All component type numbers for each job to be processed by HSPM
9	69	15	2	8	20	19	28	18	24	1	70	6	13	7	59	10	46	
12	29	1	62	11	18	8	42	19	31	3	15	9	55	
2	26	12	42	9	21	6	68	0	58	
12	29	17	15	11	44	2	42	13	40	3	61	8	67	6	28	15	72	9	18	7	65	
18	67	11	56	4	35	2	44	12	72	0	65	14	24	1	37	8	11	
3	2	12	74	5	21	17	69	4	11	2	37	
7	7	4	66	17	26	10	69	8	58	1	8	
9	40	14	23	10	24	0	68	8	9	17	44	4	56	1	57	7	15	15	50	12	67	
1	49	11	18	19	60	12	5	15	59	17	50	4	12	5	43	
2	25	0	67	16	45	8	3	6	32	
6	43	4	60	3	10	19	63	8	61	9	32	
15	41	2	9	19	48	3	13	8	30	14	70	
6	9	9	38	19	42	16	46	12	31	15	36	18	32	11	10	2	12	1	37	13	53	
7	42	5	21	18	6	0	43	13	55	6	15	14	66	12	14	1	70	10	2	17	71	4	44	
10	37	7	30	13	45	0	56	6	11	19	60	2	70	1	10	18	16	17	22	16	25	
13	44	7	54	16	31	5	46	17	11	12	66	19	25	10	10	6	13	11	36	14	30	0	37	
19	58	17	67	12	39	16	48	0	50	
7	33	11	65	9	49	13	30	12	73	3	53	17	41	0	63	10	3	18	50	
15	29	0	71	11	40	13	61	7	35	
12	45	3	56	5	24	11	20	15	52	
8	17	12	8	6	24	18	64	10	20	2	25	3	45	1	46	
19	8	13	60	11	48	12	15	6	71	
17	1	1	69	8	60	13	34	15	51	7	39	12	4	0	8	10	68	
15	1	11	3	6	44	1	59	14	51	19	27	4	63	10	31	
11	18	9	21	16	74	18	64	12	5	0	41	6	24	7	61	15	44	5	59	
17	34	19	17	9	19	15	58	8	44	
4	36	19	10	8	34	6	67	18	70	1	60	9	2	
16	43	18	64	12	32	17	74	7	51	
18	30	8	25	9	22	12	50	4	72	11	16	17	33	7	9	16	63	19	71	
0	53	11	45	2	74	18	27	3	13	5	24	17	50	1	59	16	46	6	10	
7	48	9	19	2	61	18	25	16	15	10	5	
7	17	6	16	0	75	11	57	17	28	14	69	13	6	3	63	16	27	4	25	
12	36	17	11	13	56	9	41	7	60	19	45	14	18	1	1	3	42	4	49	16	59	
15	54	14	57	2	1	13	28	0	70	16	39	10	7	11	60	
18	44	14	48	13	34	11	51	12	33	10	61	
4	49	13	25	7	9	14	19	8	58	9	71	3	32	2	56	16	33	1	36	5	26	
15	75	1	49	6	15	14	66	16	19	5	9	9	54	11	32	
11	64	7	68	12	58	10	47	5	65	19	69	13	44	6	7	
5	31	7	55	18	72	13	67	10	62	1	36	
0	25	15	61	11	73	13	14	10	51	19	37	
19	34	3	70	4	7	18	46	9	10	0	55	11	47	12	37	
11	51	4	11	7	5	15	18	18	43	14	32	12	59	6	19	10	56	
10	33	2	40	8	9	19	37	15	6	5	64	7	7	
1	6	12	68	15	2	9	69	19	72	6	23	
1	7	7	30	9	63	11	13	10	54	
5	17	18	44	10	33	15	62	6	51	0	63	
18	63	16	31	5	25	14	2	19	26	9	35	0	3	15	30	3	55	
5	22	4	75	18	61	14	53	9	39	
11	1	9	69	12	66	4	41	18	72	2	48	7	63	
3	44	2	55	19	6	15	24	10	19	7	1	9	34	6	59	12	32	
8	49	4	43	1	36	10	4	5	8	
3	37	14	43	8	14	11	40	6	17	17	75	12	67	10	29	
16	59	10	35	14	51	7	27	15	64	18	61	
8	7	3	58	19	48	2	57	18	45	13	61	15	46	1	12	
6	27	11	72	15	74	4	41	3	64	16	51	0	36	9	73	18	65	1	20	
2	34	0	68	7	31	9	39	19	23	15	46	
9	16	12	48	11	31	18	75	10	29	1	53	5	49	19	19	
19	36	17	3	5	16	9	67	6	25	2	5	12	33	13	74	
7	59	3	18	8	62	4	24	13	4	5	17	9	51	0	53	14	49	2	39	11	2	15	29	
5	8	1	14	0	5	19	73	7	45	3	72	2	1	14	3	17	41	
19	26	17	46	4	62	6	43	11	42	10	54	18	32	9	65	
3	30	18	71	19	18	14	41	10	70	1	10	15	36	16	60	
12	53	15	61	10	31	5	38	18	23	8	29	16	30	19	13	0	14	9	40	
18	64	16	56	12	14	1	17	0	31	14	50	15	11	6	62	
17	50	7	22	15	33	0	70	19	23	18	11	16	25	11	1	
4	47	18	69	2	39	0	33	15	30	9	5	19	45	
5	42	12	38	1	56	14	22	17	17	4	29	
11	64	18	1	19	9	10	18	12	46	9	47	3	61	0	6	5	56	16	70	15	35	1	62	
5	11	9	60	14	22	8	27	17	42	11	12	4	19	12	50	
8	75	18	26	7	54	4	42	10	17	0	63	15	9	16	14	
17	40	15	10	0	62	12	61	18	73	19	58	5	23	16	42	6	19	3	20	8	31	
6	6	1	3	15	66	19	55	9	65	16	13	5	30	3	58	7	33	
19	25	15	55	4	3	11	35	5	26	3	66	10	15	
15	11	18	2	8	33	14	67	13	26	1	56	5	48	19	16	3	39	0	71	16	66	4	49	
15	59	2	73	16	12	3	41	4	4	0	1	6	45	8	6	14	66	5	61	
2	67	14	10	17	66	10	34	19	68	1	19	6	6	
2	13	13	60	16	62	19	10	3	44	17	27	11	34	8	56	10	67	
10	33	15	69	7	18	1	30	17	40	19	43	11	73	8	70	3	28	
15	65	16	1	12	74	13	9	11	10	
10	68	12	39	2	13	7	74	18	59	11	67	3	43	1	27	9	25	14	64	
4	26	12	2	15	69	19	21	17	50	7	16	2	43	3	70	16	22	
0	61	4	64	19	23	9	62	14	30	13	44	18	65	1	42	5	66	3	63	
17	22	16	55	13	62	6	38	19	39	15	58	11	57	3	12	
11	71	12	8	10	72	15	60	8	38	17	28	13	65	
4	63	10	24	7	29	0	17	3	60	1	46	8	73	15	30	12	74	
16	45	14	65	1	73	2	16	17	18	13	61	
1	47	5	15	19	60	12	8	14	29	
1	33	8	65	12	44	19	19	0	12	3	14	7	28	6	59	18	45	
7	42	8	33	3	69	2	40	6	15	1	53	10	52	17	28	13	45	
10	27	11	12	6	5	9	53	18	57	19	48	
1	27	18	29	19	53	2	7	6	37	4	66	3	9	
2	28	1	39	4	9	6	70	14	55	15	5	19	56	0	20	17	73	7	13	
12	55	5	57	16	62	17	59	9	13	2	39	18	69	6	63	1	73	15	30	7	8	19	6	
1	60	3	30	18	62	6	73	11	34	10	28	14	11	0	22	17	38	
16	8	6	71	4	28	8	55	17	73	1	46	14	15	9	41	13	70	
8	56	19	2	1	16	2	65	10	25	
5	4	18	39	19	27	7	26	8	11	13	64	9	42	1	20	14	17	
2	69	1	22	19	65	12	1	3	45	11	8	18	31	14	14	15	13	16	49	9	5	
17	46	18	32	3	48	16	34	13	6	19	73	4	62	
5	65	10	16	19	13	3	45	17	53	14	28	18	32	4	35	8	22	9	61	1	10	13	7	
0	14	3	31	8	21	6	2	2	34	13	65	18	22	19	24	
3	44	16	19	15	4	19	74	10	71	7	54	
0	30	7	64	14	65	12	20	10	44	
1	44	0	47	6	60	14	71	16	2	
17	32	0	66	19	12	7	30	16	23	11	11	6	54	13	61	15	50	8	22	5	29	
11	21	0	37	8	6	19	12	1	71	18	44	
16	36	2	19	17	3	5	55	13	33	18	37	3	28	
7	74	9	26	0	52	10	6	1	9	18	47	12	69	11	43	8	62	3	22	19	61	
16	51	11	54	4	75	14	47	12	24	5	21	17	23	
15	42	19	7	11	50	12	40	10	45	1	75	5	1	14	38	16	68	9	18	7	55	8	4	
3	42	2	38	12	46	9	67	18	29	1	34	7	3	15	47	4	1	
8	27	18	55	10	6	2	71	1	46	14	18	7	11	9	63	17	4	0	70	
9	66	8	4	14	40	5	1	1	65	18	52	2	23	15	13	10	16	0	68	11	28	
13	45	10	36	3	59	12	13	19	64	16	52	6	9	7	12	2	48	1	25	15	40	
19	29	16	12	15	7	18	50	3	58	11	55	5	45	17	59	
13	62	10	47	16	3	5	57	2	28	19	5	11	56	12	66	17	20	4	45	
17	72	13	39	8	34	7	49	10	12	2	55	5	60	19	65	15	27	
1	13	14	3	4	34	0	5	16	8	10	1	15	54	
12	29	18	65	11	66	16	53	4	26	17	30	10	64	9	27	
14	21	2	75	12	60	13	48	10	63	15	57	5	43	0	27	
6	39	7	53	19	28	13	1	12	43	10	18	18	33	4	72	11	48	9	50	
10	31	18	75	13	5	1	56	3	45	2	16	5	47	
13	11	5	27	17	38	2	62	4	44	1	5	10	2	8	15	
19	41	7	48	17	12	8	8	0	45	18	20	15	43	16	5	6	61	5	57	
3	6	16	22	2	11	15	55	17	64	10	24	4	40	
19	32	18	36	8	34	4	53	13	54	7	45	6	14	12	26	
4	73	17	52	3	20	7	47	11	75	0	16	14	44	12	9	15	17	10	36	1	37	
14	5	5	4	6	41	18	58	2	51	9	40	0	56	15	48	3	1	
6	2	17	6	16	74	11	50	0	37	
19	74	6	29	1	31	4	68	2	4	17	2	14	67	8	14	11	48	15	33	16	50	0	71	
12	7	9	11	19	51	8	35	4	1	15	37	0	75	1	13	
3	2	14	44	4	32	19	37	7	5	11	63	13	70	2	18	0	69	10	9	12	36	8	68	
14	63	7	9	9	7	5	13	15	55	4	58	6	57	19	23	12	72	
16	16	9	58	6	3	10	54	15	49	7	53	3	44	8	37	17	9	4	47	
7	70	17	47	19	36	14	60	4	11	13	55	6	12	3	46	1	51	11	66	2	54	18	14	
18	67	12	6	11	74	6	24	3	63	17	7	1	39	8	72	4	37	9	69	
16	73	15	38	17	69	11	47	2	6	5	33	10	65	8	56	18	39	1	37	4	4	19	9	
11	30	6	2	2	37	15	51	16	73	14	66	13	62	1	36	
13	17	4	41	6	38	11	71	2	59	19	40	
18	25	11	21	10	55	15	58	17	16	16	33	3	10	9	54	
7	49	3	55	5	72	1	47	13	3	2	71	8	17	10	34	
11	62	0	59	1	52	13	56	19	18	17	70	14	1	
0	42	7	72	12	20	4	38	3	33	16	37	8	12	14	14	9	17	15	16	1	34	17	40	
3	68	0	55	8	32	12	58	15	41	16	71	10	45	4	37	2	75	19	62	11	48	13	30	
3	5	10	40	6	3	17	32	4	56	13	19	12	30	15	34	1	69	11	13	19	33	5	16	
14	8	11	54	6	3	17	30	16	46	7	60	
8	33	9	63	7	17	17	13	14	31	5	67	2	55	18	71	11	29	13	12	10	35	16	15	
2	17	4	8	11	71	6	49	5	2	0	39	1	10	19	65	8	4	
17	12	11	56	1	44	8	59	5	32	
16	33	6	46	2	3	4	72	7	50	19	2	14	60	15	30	9	9	

All component type numbers for each job to be processed by MFPM
4	1	1	12	
7	8	
4	24	2	12	8	3	3	10	0	22	
0	13	2	19	
1	12	2	6	
4	1	6	24	0	2	7	21	
8	12	7	25	0	15	6	11	
6	10	8	1	4	14	0	23	
5	11	1	25	4	5	7	19	6	24	
7	15	
7	15	5	12	
4	14	0	17	5	3	9	7	
6	21	0	4	
0	5	8	18	4	8	6	25	
2	25	0	2	1	5	8	11	
0	23	6	14	
6	12	0	6	1	17	8	15	9	14	
3	7	5	3	7	17	1	19	
7	3	3	6	
7	23	2	1	9	9	3	24	
1	12	9	1	0	11	2	13	
9	21	5	24	
6	23	0	5	8	9	9	8	
1	4	9	18	
1	25	
4	9	
0	14	9	20	1	16	7	1	
6	13	0	9	5	15	4	11	
3	1	1	11	5	5	8	8	0	7	
2	23	6	21	9	9	
3	12	5	7	8	19	
7	3	
1	7	5	20	4	8	3	23	9	24	
6	10	8	16	4	19	9	13	
4	8	
3	23	2	22	1	10	
2	20	3	10	7	18	8	13	
4	11	
4	7	7	23	1	8	3	13	
2	17	0	18	4	22	8	13	
5	10	1	6	6	5	8	19	
9	2	1	22	3	10	
1	15	7	5	6	17	0	13	5	6	
2	6	7	24	
6	25	2	7	8	20	3	3	4	21	
6	15	
2	14	
4	10	1	19	5	8	2	18	6	6	
5	9	0	8	6	11	1	15	
2	9	4	18	5	5	7	19	3	8	
4	19	
4	21	
0	20	
1	10	9	25	8	3	6	15	2	14	
9	7	1	20	7	24	
4	11	6	13	0	10	1	23	9	6	
0	24	9	21	
6	6	5	24	9	5	
7	8	8	20	
7	11	4	19	8	20	2	23	
0	20	7	22	9	9	5	25	
3	2	1	11	7	19	2	13	
5	17	
0	6	4	18	2	13	7	16	9	10	
1	8	7	13	
0	21	5	6	
6	4	
5	9	4	12	
5	23	8	16	2	9	4	18	
8	15	
7	23	
8	21	9	10	
3	16	
4	1	3	21	9	17	2	24	
2	18	4	22	5	21	8	1	
0	22	6	17	3	15	8	21	
1	15	4	10	3	16	7	2	8	18	
2	1	4	10	3	12	
9	10	1	22	
9	19	
0	23	
6	22	
9	7	2	25	7	6	
8	17	0	3	5	10	1	20	
3	4	
9	11	7	25	1	16	
3	16	9	6	
1	20	8	4	0	17	5	23	9	16	
3	24	1	20	5	9	6	8	9	17	
2	25	6	9	8	14	
2	16	5	12	4	15	6	9	8	6	
6	9	5	5	9	23	4	21	3	19	
0	6	
2	3	5	16	
0	24	1	12	8	20	4	11	9	17	
0	17	9	25	4	13	7	10	1	11	
2	13	6	21	7	12	9	11	
8	8	
2	10	0	22	4	14	9	12	7	25	
1	17	8	16	
6	23	
4	22	0	9	8	2	
1	23	
8	17	
1	10	8	14	0	13	9	5	
1	3	3	23	7	15	
8	2	
6	23	8	20	1	16	9	9	
9	7	6	20	
2	22	7	1	5	17	6	10	
6	21	5	14	
1	1	3	6	5	2	
2	14	7	12	
5	12	1	25	2	19	
4	13	
9	11	
1	13	6	12	4	2	0	18	7	9	
4	22	1	17	8	14	9	23	7	21	
6	25	7	19	8	20	4	11	
4	13	7	22	2	14	
5	11	1	15	
7	1	8	2	
9	20	4	17	3	16	
1	23	
4	11	9	6	
5	24	7	7	2	10	4	4	0	6	
3	17	0	23	5	15	
9	11	
4	17	6	10	7	2	0	16	1	24	
0	5	8	21	
4	24	2	2	0	18	3	10	1	5	
4	21	8	13	
0	9	1	5	7	20	
5	19	0	8	9	5	4	20	2	7	
0	5	4	9	5	19	
7	3	
4	13	9	23	6	25	5	16	1	22	
6	5	9	24	
5	14	7	18	1	24	0	4	6	13	
3	17	4	11	
5	1	2	14	8	3	
3	1	
6	8	3	14	
4	14	1	4	6	18	5	25	
8	20	
5	11	1	21	4	22	
1	4	7	20	4	22	8	8	2	16	
3	25	7	12	4	11	
8	24	
4	1	2	4	1	7	

Three processing times per job on each machine
The best scenario
23	29	
43	93	
27	33	
98	176	
70	61	
101	241	
198	83	
160	192	
163	158	
337	85	
258	76	
229	132	
91	268	
16	27	
55	216	
186	220	
68	71	
67	226	
98	300	
178	159	
36	55	
184	189	
45	57	
38	73	
84	57	
109	68	
365	227	
64	95	
52	50	
275	127	
121	324	
66	39	
32	29	
74	117	
188	128	
123	78	
50	88	
36	68	
60	64	
155	145	
46	73	
228	90	
63	35	
112	172	
278	242	
147	337	
277	95	
319	119	
255	256	
22	43	
64	132	
189	358	
92	75	
27	11	
196	140	
39	90	
154	437	
64	41	
54	37	
114	128	
129	188	
110	101	
156	263	
141	50	
120	129	
190	231	
223	52	
139	82	
316	147	
95	43	
103	46	
430	348	
242	470	
397	104	
133	74	
66	191	
206	204	
78	51	
34	22	
283	224	
61	39	
212	159	
438	421	
11	32	
224	261	
257	315	
130	123	
97	214	
38	52	
91	52	
224	376	
129	317	
11	33	
36	121	
77	99	
90	85	
89	88	
51	35	
162	220	
277	262	
56	21	
253	157	
166	98	
59	54	
431	114	
244	424	
248	169	
141	70	
44	42	
133	80	
316	132	
61	82	
191	219	
272	309	
154	99	
150	97	
62	87	
103	95	
297	112	
134	77	
119	67	
130	199	
127	170	
241	86	
133	133	
35	151	
183	112	
238	146	
128	128	
352	328	
44	127	
266	285	
179	291	
365	354	
43	112	
387	168	
170	123	
159	51	
53	48	
317	133	
214	177	
71	37	
169	147	
233	210	
147	77	
70	133	
356	427	
97	264	
18	14	
47	141	
Most likely scenario
45	34	
70	116	
51	58	
191	220	
71	71	
147	281	
267	111	
185	215	
180	233	
384	115	
270	86	
264	257	
164	342	
26	45	
100	268	
246	236	
78	95	
131	250	
167	364	
289	191	
64	61	
260	194	
56	60	
39	77	
152	75	
124	100	
452	411	
113	103	
75	72	
405	170	
234	333	
72	46	
47	56	
129	163	
329	229	
167	100	
92	155	
52	69	
98	102	
209	165	
58	103	
311	136	
115	65	
182	214	
413	379	
266	410	
334	126	
405	191	
386	270	
32	80	
106	149	
282	389	
132	137	
33	16	
343	203	
71	95	
233	507	
123	55	
56	69	
124	181	
172	206	
139	178	
287	300	
206	84	
170	151	
213	308	
251	78	
196	139	
386	241	
132	58	
115	71	
491	350	
327	540	
545	154	
138	127	
75	203	
225	299	
150	62	
55	32	
353	424	
77	54	
251	285	
577	563	
19	35	
437	275	
331	403	
255	148	
163	245	
74	94	
136	64	
229	394	
211	440	
21	44	
54	184	
102	107	
144	144	
120	90	
79	38	
285	264	
280	353	
64	32	
254	177	
176	103	
77	71	
484	163	
350	552	
432	222	
160	105	
72	63	
138	129	
319	226	
86	116	
209	360	
303	380	
165	128	
179	163	
91	162	
110	120	
357	156	
140	131	
166	92	
195	224	
173	202	
253	135	
204	217	
48	166	
218	186	
327	153	
235	146	
513	519	
77	175	
409	318	
252	302	
496	474	
83	124	
478	216	
176	137	
281	92	
88	94	
330	260	
346	320	
132	52	
183	245	
237	330	
217	110	
99	164	
464	564	
129	473	
25	27	
93	146	
The worst scenario
47	37	
92	131	
66	62	
198	312	
80	85	
156	335	
287	152	
251	276	
203	299	
513	125	
357	89	
309	382	
219	352	
39	57	
128	317	
300	273	
115	125	
161	366	
189	512	
359	274	
78	74	
339	252	
66	83	
46	102	
156	98	
170	134	
635	525	
130	118	
91	104	
567	173	
262	396	
106	55	
67	67	
153	179	
352	307	
175	145	
116	203	
64	75	
144	139	
295	219	
72	106	
425	160	
133	85	
184	267	
457	417	
368	413	
358	142	
540	212	
433	333	
39	83	
140	161	
322	411	
135	139	
38	23	
493	270	
77	128	
347	687	
176	80	
66	70	
132	238	
181	308	
176	199	
301	326	
296	101	
223	154	
316	340	
349	89	
272	189	
451	334	
162	69	
131	103	
694	470	
331	705	
793	182	
151	184	
88	260	
303	337	
176	93	
70	40	
401	620	
107	77	
337	418	
636	841	
22	39	
622	327	
396	559	
293	171	
198	260	
108	108	
145	75	
269	478	
249	646	
22	56	
56	268	
137	145	
155	202	
154	118	
112	44	
386	311	
330	392	
96	48	
337	192	
213	131	
79	74	
553	231	
478	624	
569	290	
173	157	
98	68	
169	167	
401	239	
118	150	
250	388	
393	473	
245	138	
181	171	
129	221	
148	176	
482	175	
200	182	
196	132	
203	314	
242	266	
317	187	
279	234	
50	207	
230	242	
490	175	
262	152	
765	707	
111	222	
456	404	
342	348	
545	551	
94	128	
691	222	
218	178	
308	114	
112	134	
389	278	
504	381	
153	53	
268	263	
277	373	
314	137	
109	177	
526	740	
161	607	
30	29	
118	152	
