Factories	7	Jobs	100	Machines	2

Total number of component types per job processed by HSPM
6	12	12	9	12	5	6	7	6	9	6	9	10	9	5	12	6	10	8	12	10	12	9	10	6	6	12	7	6	8	7	9	11	10	6	12	11	11	6	10	11	12	8	5	5	6	8	12	5	9	6	12	8	7	12	9	7	8	10	6	8	7	7	10	6	12	9	11	10	12	7	7	10	6	12	8	9	7	6	8	6	9	8	6	10	7	5	7	12	12	7	9	7	5	7	11	8	12	5	9	

Total number of component types per job processed by MFPM
5	4	2	3	5	2	2	1	2	3	5	1	4	2	3	5	1	1	5	1	5	3	2	5	1	1	5	3	2	5	1	1	2	4	4	3	2	4	2	3	3	3	4	1	5	5	4	2	3	1	2	3	4	3	3	4	2	4	3	2	1	5	4	2	5	5	2	4	1	1	3	4	4	1	5	5	2	5	1	4	2	1	2	4	5	3	5	5	5	2	2	4	3	5	3	4	5	4	2	5	

All component type numbers for each job to be processed by HSPM
3	23	10	44	7	59	16	45	17	21	13	54	
0	33	14	10	17	9	19	17	8	15	12	7	10	61	2	34	16	2	6	31	5	48	1	20	
17	29	1	53	10	68	2	11	8	28	18	57	19	32	0	1	16	67	5	51	6	20	14	63	
11	48	4	68	7	18	13	59	6	54	8	6	19	31	2	30	12	50	
14	19	13	32	9	72	12	44	8	20	19	23	6	43	5	29	17	42	7	16	0	48	2	12	
18	33	4	16	19	15	3	70	15	10	
13	5	14	49	6	1	17	7	2	66	15	23	
13	56	14	46	17	37	4	57	1	38	6	58	0	53	
9	68	7	63	19	50	2	75	10	52	18	71	
10	14	17	27	18	49	0	22	12	36	15	42	16	28	2	20	7	40	
0	33	13	27	14	18	5	52	4	67	18	58	
14	27	15	40	12	70	19	68	1	38	3	48	9	46	18	45	17	66	
3	13	6	43	12	56	9	50	8	24	16	18	19	21	2	12	1	3	13	64	
14	66	5	38	15	8	19	72	0	36	3	15	9	50	7	51	4	21	
19	48	18	3	7	66	3	45	1	26	
10	52	14	20	3	41	9	31	2	19	7	50	12	14	18	63	16	64	13	36	11	2	5	68	
19	21	4	45	11	57	6	5	9	75	3	66	
11	74	16	75	19	54	10	61	15	45	1	62	6	19	3	51	14	34	7	32	
0	23	11	59	7	2	2	52	5	70	8	60	17	40	14	24	
17	14	13	44	4	72	11	75	14	47	18	6	9	15	6	45	19	69	16	30	10	8	7	65	
12	8	7	67	1	35	5	54	17	42	4	34	3	19	8	71	14	4	11	56	
8	8	12	21	15	50	14	36	6	44	7	37	11	62	17	61	19	12	9	68	13	55	2	45	
11	72	10	73	18	31	15	8	12	39	13	41	9	64	1	21	3	25	
5	11	6	63	18	28	19	18	15	14	8	59	14	75	3	36	16	15	1	27	
11	52	8	49	9	17	0	11	12	60	5	73	
12	6	4	29	9	23	15	56	6	41	8	63	
4	73	0	38	5	42	9	39	6	54	15	72	10	31	17	61	18	69	19	64	14	55	8	63	
15	66	6	44	2	57	9	47	1	63	7	58	18	13	
17	42	4	37	12	20	9	47	14	66	10	33	
12	71	18	14	15	41	19	7	16	25	3	29	7	50	4	44	
15	43	18	28	12	25	14	31	11	41	16	67	3	61	
14	63	0	5	19	31	3	47	1	68	2	62	10	51	17	42	5	35	
7	48	10	11	2	20	11	8	15	29	0	33	17	27	8	41	5	50	3	31	16	60	
10	54	0	14	12	16	18	7	13	25	11	52	9	31	1	19	6	10	19	53	
9	31	3	42	16	12	2	49	13	36	17	44	
11	59	17	26	7	21	0	58	5	18	3	51	8	29	2	27	15	71	12	25	4	30	13	20	
4	40	0	26	14	62	6	37	2	48	5	19	13	29	17	70	9	75	15	11	1	51	
19	69	11	30	1	53	15	47	6	55	3	15	10	6	14	22	7	1	18	2	0	21	
12	67	3	4	7	52	18	22	0	9	8	14	
16	23	8	48	0	15	9	46	11	68	19	17	13	8	1	44	3	25	15	59	
13	33	11	50	8	55	4	27	14	58	19	70	1	41	3	44	9	6	2	15	7	21	
2	55	1	52	4	67	12	33	13	34	6	45	19	49	16	5	14	73	8	66	17	27	15	6	
2	23	9	47	1	72	0	16	3	9	10	19	15	75	7	8	
15	5	4	60	2	34	14	49	17	26	
16	48	4	52	1	7	0	61	9	23	
4	22	3	35	7	7	14	69	19	2	15	23	
18	50	6	31	16	29	13	46	4	39	19	61	3	14	1	9	
18	6	19	70	9	43	11	39	1	72	14	20	17	28	16	48	0	68	6	47	2	71	15	41	
19	22	14	75	17	35	18	21	3	25	
0	6	4	47	16	66	15	29	2	59	14	12	13	30	18	2	5	11	
9	73	15	60	0	15	11	54	18	23	16	36	
1	8	4	30	19	74	2	34	7	69	17	53	16	6	18	63	15	12	11	58	14	37	12	14	
7	2	13	9	16	71	4	73	19	21	11	25	6	58	5	36	
15	48	5	37	17	53	2	19	4	50	6	21	8	6	
12	25	7	48	19	55	4	20	3	52	6	69	5	68	10	36	16	11	14	19	0	21	17	54	
0	66	7	46	17	45	8	57	19	44	6	64	9	24	15	48	14	35	
16	33	0	38	19	48	13	46	3	3	12	22	6	71	
5	16	13	69	9	51	7	72	0	20	15	3	6	60	1	48	
7	21	13	26	9	11	2	25	19	57	10	49	18	32	3	44	16	29	1	42	
5	4	3	32	16	41	6	29	9	42	4	20	
10	23	16	1	14	48	12	70	4	17	13	61	0	31	1	37	
19	55	9	7	6	12	4	61	18	33	12	69	1	2	
12	20	8	4	18	54	10	56	1	69	0	12	11	26	
19	53	14	75	15	13	6	28	3	10	9	3	0	58	4	23	2	33	10	52	
1	1	14	64	12	43	19	62	17	14	13	70	
14	53	8	9	4	37	13	32	10	11	11	58	16	73	1	70	0	35	17	39	5	50	12	71	
2	26	5	48	1	18	15	69	12	51	6	28	8	57	10	31	18	36	
11	59	10	44	2	56	8	24	4	14	1	33	19	34	0	75	18	67	13	60	16	2	
13	30	16	67	12	1	3	70	10	11	6	38	4	31	1	20	17	55	7	5	
12	32	0	68	10	7	18	2	15	1	19	63	17	3	14	6	8	26	2	25	4	16	16	29	
2	32	11	44	12	17	5	26	7	30	6	66	8	61	
2	39	4	37	3	14	10	47	8	75	7	13	6	69	
3	31	4	40	17	60	0	26	9	52	1	58	12	57	8	30	5	25	2	33	
4	19	9	2	14	27	8	40	11	74	2	46	
19	33	5	14	11	12	1	73	16	1	14	2	9	39	17	48	4	8	15	9	0	75	7	15	
17	3	1	48	13	57	9	20	7	65	2	61	8	40	3	74	
14	25	1	62	0	49	5	13	4	23	11	45	9	14	3	72	10	6	
4	7	9	50	15	24	1	53	3	1	7	9	17	73	
0	6	3	65	14	4	1	25	6	48	16	39	
8	40	13	23	2	71	12	59	14	52	19	7	10	2	9	74	
3	36	8	34	15	48	19	40	16	1	11	66	
5	16	19	13	10	15	16	28	8	39	18	37	4	68	0	12	7	65	
17	7	4	53	6	68	19	58	16	72	18	38	14	69	8	25	
0	33	7	41	8	30	1	17	4	70	3	39	
15	67	10	29	19	42	14	9	6	62	9	15	1	65	7	28	16	58	4	57	
16	24	11	54	3	28	8	21	14	14	10	33	12	44	
16	67	18	73	1	9	11	24	3	31	
19	62	4	14	6	39	10	4	9	29	3	30	2	58	
3	55	18	43	19	4	16	71	1	70	11	19	12	67	7	26	2	61	14	25	15	52	6	41	
0	12	8	67	15	74	16	21	9	6	19	17	18	9	3	31	7	60	12	53	6	52	2	25	
6	48	12	2	14	28	5	13	2	23	18	38	13	32	
2	64	6	50	10	4	13	66	15	44	17	32	8	45	14	49	12	17	
12	52	4	15	3	60	10	53	5	1	7	58	14	59	
18	47	4	23	5	74	2	65	1	56	
7	55	5	35	13	45	6	64	17	4	8	44	15	58	
12	74	1	1	16	15	5	52	4	42	8	26	18	25	0	44	2	49	15	38	11	22	
13	20	18	30	2	60	15	36	14	35	19	37	4	9	8	55	
17	7	18	8	11	19	19	4	1	59	0	33	15	29	12	63	7	45	8	40	2	14	16	56	
9	68	18	44	12	56	19	64	0	66	
6	26	15	70	5	41	13	38	4	35	3	75	0	10	17	74	8	1	

All component type numbers for each job to be processed by MFPM
3	1	9	20	1	19	8	17	0	3	
7	19	5	15	6	16	4	6	
6	16	0	1	
0	12	6	19	8	23	
5	1	4	2	2	3	0	10	7	23	
6	24	0	5	
2	1	6	25	
6	12	
0	7	2	12	
8	11	0	6	4	19	
7	14	3	6	2	18	8	15	5	21	
3	7	
0	11	6	25	2	16	8	18	
1	16	0	5	
4	18	0	23	6	7	
7	9	3	24	4	8	0	22	6	23	
8	23	
0	11	
8	6	6	1	2	21	7	18	3	22	
7	20	
8	14	7	23	6	24	3	11	9	18	
6	25	3	13	9	18	
9	24	4	16	
8	22	4	11	0	8	2	24	6	13	
0	18	
3	9	
0	14	2	13	7	23	6	9	3	8	
1	10	2	9	5	15	
5	22	4	23	
0	14	5	25	3	6	8	20	9	18	
8	20	
6	23	
8	20	0	22	
9	14	5	15	4	5	3	17	
6	3	5	22	1	19	0	2	
9	18	8	24	5	14	
0	9	9	2	
0	25	3	18	1	23	7	2	
2	23	6	16	
3	14	6	17	7	22	
5	6	9	3	3	21	
5	9	7	6	1	14	
1	19	7	16	2	8	3	25	
8	3	
6	19	8	10	2	1	5	12	4	14	
3	20	6	15	8	18	1	21	7	11	
1	8	9	2	8	16	7	1	
3	10	0	25	
2	7	0	1	9	24	
6	18	
9	15	4	24	
4	13	3	10	5	14	
9	22	8	7	3	14	4	2	
3	6	1	9	0	17	
7	17	8	25	6	22	
7	8	3	22	2	18	6	17	
6	10	9	2	
7	2	4	23	3	9	6	11	
3	23	2	11	7	13	
6	23	4	17	
0	5	
2	1	3	3	1	13	6	11	8	14	
2	24	0	20	7	16	5	23	
1	16	9	4	
3	21	8	20	7	15	0	23	1	8	
2	5	6	25	9	19	8	20	7	23	
0	4	7	7	
7	21	5	3	8	5	3	7	
2	16	
6	24	
6	22	0	5	1	25	
5	5	0	20	1	22	3	25	
1	19	3	2	8	14	6	1	
6	11	
8	4	6	23	3	21	7	10	4	19	
7	9	5	25	1	8	2	20	8	2	
1	6	2	9	
8	25	7	18	6	13	4	10	3	9	
7	22	
5	7	8	15	1	24	7	25	
7	13	3	20	
9	24	
0	15	2	11	
1	24	7	13	4	1	2	12	
8	20	0	9	4	18	7	17	5	16	
6	24	9	1	3	9	
0	1	8	11	5	10	9	4	4	15	
7	10	0	15	8	11	5	9	1	20	
4	16	1	9	5	18	8	25	0	23	
0	2	5	24	
5	25	2	17	
5	10	2	1	0	19	9	8	
2	7	8	18	4	8	
6	11	5	3	7	8	1	5	8	7	
1	4	9	5	5	16	
5	9	7	1	4	21	9	12	
6	12	4	10	8	4	2	18	3	5	
3	19	1	1	5	18	2	7	
2	20	4	23	
9	17	2	9	6	10	8	16	1	5	

Three processing times per job on each machine
The best scenario
125	212	
176	131	
36	44	
141	140	
169	212	
67	40	
118	118	
28	59	
224	136	
324	206	
70	300	
183	134	
277	263	
57	218	
129	299	
162	183	
75	87	
160	165	
227	161	
40	30	
123	178	
166	427	
30	21	
97	376	
138	141	
331	308	
154	74	
128	118	
38	54	
165	144	
340	243	
68	54	
165	208	
148	304	
231	306	
83	125	
196	164	
170	74	
188	155	
257	220	
159	171	
194	392	
68	141	
96	42	
52	36	
287	95	
62	180	
149	254	
148	284	
442	429	
152	83	
78	170	
75	128	
208	177	
72	48	
78	74	
30	84	
123	78	
151	242	
76	77	
199	140	
176	220	
258	300	
161	70	
471	281	
305	141	
346	564	
112	195	
61	191	
108	126	
128	269	
66	358	
380	161	
214	245	
82	83	
315	187	
127	194	
97	163	
84	112	
161	294	
74	46	
139	210	
25	49	
156	41	
161	132	
165	144	
260	269	
46	285	
73	82	
422	528	
346	207	
202	286	
34	16	
42	64	
49	71	
167	272	
188	268	
136	94	
57	74	
35	52	
Most likely scenario
195	292	
250	242	
46	52	
157	164	
304	273	
76	75	
157	224	
53	73	
296	216	
388	301	
129	405	
313	247	
284	395	
103	372	
145	326	
194	323	
116	115	
212	275	
336	221	
56	35	
143	210	
217	494	
35	27	
111	458	
181	191	
388	312	
231	132	
129	205	
70	78	
276	151	
342	302	
104	100	
186	232	
226	488	
286	431	
147	174	
269	217	
300	142	
207	192	
460	367	
235	321	
201	503	
72	172	
116	72	
77	72	
350	109	
90	202	
246	273	
296	326	
456	516	
179	117	
149	201	
77	141	
416	279	
102	86	
96	80	
57	124	
230	94	
254	262	
128	88	
248	255	
310	250	
347	330	
202	103	
524	300	
323	147	
347	587	
173	199	
109	234	
188	207	
236	433	
129	480	
415	192	
261	342	
111	86	
324	331	
168	308	
134	230	
130	163	
182	376	
98	84	
150	314	
40	67	
202	69	
182	153	
171	177	
374	293	
86	312	
78	158	
484	573	
588	275	
271	305	
57	20	
67	102	
97	75	
229	431	
293	283	
199	127	
108	112	
39	62	
The worst scenario
226	360	
267	246	
68	70	
184	232	
382	324	
93	98	
182	303	
60	99	
386	273	
556	429	
161	411	
417	259	
363	422	
136	543	
181	399	
285	425	
122	154	
273	283	
415	291	
70	40	
166	242	
248	613	
36	31	
135	517	
191	213	
402	464	
252	147	
151	268	
96	80	
410	197	
487	341	
150	119	
243	237	
338	567	
405	642	
217	256	
287	273	
307	198	
237	217	
658	511	
302	400	
275	601	
99	238	
138	79	
107	101	
437	133	
123	247	
263	375	
400	448	
654	708	
208	127	
172	255	
87	196	
573	321	
136	125	
142	84	
71	162	
262	123	
373	317	
181	105	
332	290	
405	306	
354	472	
240	109	
713	445	
468	185	
428	654	
245	207	
139	316	
197	277	
283	585	
179	616	
616	207	
342	480	
151	109	
456	410	
196	368	
158	338	
183	169	
261	508	
106	117	
166	411	
50	82	
223	93	
229	192	
186	235	
389	346	
125	359	
93	204	
676	683	
616	309	
382	339	
77	24	
78	140	
100	91	
254	510	
385	333	
242	190	
132	147	
41	75	
