Factories	3	Jobs	200	Machines	3

Total number of component types per job processed by HSPM
12	12	6	5	9	11	9	10	7	12	5	5	9	8	12	10	10	7	6	12	7	10	10	10	5	6	6	11	7	12	11	8	11	8	12	10	6	7	8	12	5	12	6	10	5	12	9	10	5	8	12	9	11	11	7	10	11	5	11	10	7	7	11	7	12	8	11	11	9	8	5	11	6	11	10	5	10	7	6	9	5	10	7	7	8	6	7	9	9	6	8	10	11	6	7	8	6	5	12	6	11	6	9	5	10	8	9	5	7	11	12	6	11	12	8	11	7	11	9	9	6	10	12	12	11	8	8	11	9	7	7	5	10	11	12	5	10	5	5	10	12	6	10	9	5	8	6	7	8	9	6	9	10	9	8	7	7	6	6	9	12	6	11	8	7	6	5	8	12	8	11	12	9	10	9	11	12	12	10	10	12	9	5	10	5	11	11	11	8	9	8	9	9	10	8	6	11	6	12	8	

Total number of component types per job processed by MFPM
1	2	1	2	2	2	1	5	2	1	3	2	4	3	5	1	3	3	1	2	1	5	1	4	5	2	5	1	2	1	4	2	3	1	3	2	1	4	5	4	2	1	1	4	3	4	4	4	3	1	1	4	2	3	5	2	4	1	1	1	4	1	5	2	1	3	1	3	3	2	5	2	3	5	3	4	4	4	4	4	5	3	2	3	3	1	2	4	2	2	3	5	3	5	1	2	5	3	1	1	3	5	4	3	3	4	2	1	2	5	4	4	3	4	1	5	2	4	5	1	1	4	4	2	5	4	5	3	3	5	2	2	3	4	5	3	4	1	3	4	1	4	2	1	1	1	3	5	2	2	3	5	3	1	2	4	2	3	5	2	2	3	2	2	5	4	3	3	2	4	3	1	4	2	3	4	5	2	5	3	2	1	4	3	4	2	4	2	1	1	1	4	4	4	3	2	2	4	5	3	3	1	5	5	1	1	3	1	3	5	4	3	3	2	4	5	2	1	3	3	1	4	5	4	4	3	4	4	1	4	2	1	2	3	1	1	3	2	3	2	3	5	4	5	1	2	3	2	3	1	4	2	1	3	1	1	1	3	1	1	5	5	3	4	4	2	2	2	1	2	1	4	5	1	3	3	3	5	3	4	5	5	1	4	5	3	5	3	2	3	4	5	5	1	2	2	5	4	2	1	3	3	1	3	4	2	4	5	5	1	5	4	3	2	3	3	4	3	1	2	5	1	1	5	5	4	1	3	4	1	5	2	3	3	2	2	4	2	4	5	2	1	1	5	2	3	2	1	2	2	1	2	3	3	3	3	3	2	5	2	4	1	1	3	3	4	1	5	3	4	2	4	4	3	4	2	2	2	3	4	1	3	5	2	4	5	4	1	5	3	4	2	3	2	2	4	5	5	4	4	

All component type numbers for each job to be processed by HSPM
6	1	1	24	19	49	2	3	9	55	0	66	16	4	7	8	15	57	18	14	17	68	12	18	
10	9	3	75	15	52	17	13	13	29	19	43	14	42	9	11	18	40	7	20	0	74	5	61	
1	54	15	3	16	9	7	73	2	17	13	38	
18	10	7	29	13	1	1	49	10	46	
1	28	18	56	0	50	7	66	16	52	10	32	17	23	14	51	19	10	
12	56	4	14	0	66	19	51	10	50	15	54	2	57	3	67	18	39	9	68	13	62	
15	17	19	31	5	5	13	15	9	40	16	1	7	38	10	65	1	55	
0	36	4	40	8	49	13	11	1	57	6	45	19	69	15	66	17	43	10	3	
14	10	12	57	7	9	5	6	15	11	1	61	0	68	
11	66	5	25	14	65	12	17	3	5	17	2	6	50	8	63	18	75	0	32	4	46	15	21	
17	39	13	9	6	19	10	27	0	12	
8	14	17	16	16	58	6	40	11	1	
17	23	11	3	10	55	18	33	8	28	0	75	12	27	14	53	9	15	
16	20	7	33	19	39	2	26	0	21	12	46	1	58	4	22	
1	60	5	25	0	20	8	9	17	40	12	35	3	28	13	39	15	55	6	62	19	12	14	23	
6	10	12	43	3	1	17	3	18	37	5	39	7	22	15	8	13	64	19	7	
12	36	4	54	11	46	1	18	6	14	2	38	3	64	17	59	7	6	10	15	
7	55	18	9	14	56	9	29	4	52	10	25	11	50	
17	73	15	59	14	69	11	2	18	61	4	58	
5	68	12	9	10	42	7	43	8	74	17	26	18	40	1	12	13	36	15	31	14	34	19	17	
3	62	11	31	7	15	1	25	9	19	16	21	8	52	
14	2	9	57	18	12	11	23	17	51	10	46	0	39	8	3	16	13	2	65	
17	54	7	70	18	33	15	53	1	24	3	35	4	51	10	16	14	12	5	21	
12	45	3	60	7	63	2	57	6	35	10	46	1	75	13	64	17	68	0	58	
1	25	9	60	16	74	3	53	5	23	
16	27	7	1	2	20	18	67	6	48	0	63	
16	37	8	67	2	63	1	28	0	68	3	74	
19	57	18	6	5	7	3	70	6	66	16	58	2	63	1	62	13	26	10	47	7	31	
6	58	15	21	1	3	3	13	10	32	11	52	7	55	
4	40	7	64	12	23	19	53	18	72	15	34	11	5	17	10	2	15	3	43	1	58	13	25	
17	5	0	24	14	70	11	53	3	9	8	28	1	13	18	32	4	54	16	20	15	69	
6	49	7	39	1	51	2	22	17	52	5	32	0	72	11	64	
6	44	4	49	19	15	8	29	15	55	2	62	10	72	16	36	9	27	12	5	5	8	
8	48	1	33	6	19	12	3	17	17	11	25	4	6	19	10	
10	43	5	6	11	30	16	62	7	33	4	63	14	70	9	41	15	21	6	26	0	17	3	40	
11	27	7	37	14	18	1	54	10	41	17	32	3	65	6	42	15	16	9	2	
0	19	19	39	11	16	1	41	16	61	5	54	
4	61	17	44	9	51	3	69	10	50	2	72	0	38	
9	70	8	9	12	69	18	32	0	1	14	31	11	26	19	33	
4	65	19	14	13	67	6	73	9	53	16	63	17	9	11	1	1	44	15	41	8	64	10	33	
4	65	18	3	10	29	2	10	15	11	
8	56	6	54	2	43	3	18	17	73	12	32	18	46	1	65	4	51	16	3	5	75	10	16	
10	15	13	61	12	56	1	17	19	52	4	60	
9	55	7	74	17	53	12	7	11	26	19	17	3	36	8	34	2	57	6	51	
17	24	6	74	8	46	14	45	19	12	
12	68	8	42	9	47	6	38	10	26	19	36	15	5	0	44	11	66	18	3	2	15	13	10	
18	16	11	47	16	30	5	62	19	22	10	68	2	35	4	6	17	24	
16	70	15	41	5	12	18	18	13	26	9	13	14	60	1	31	6	73	4	54	
0	44	4	46	11	15	9	14	16	21	
18	5	7	72	16	31	5	60	11	54	3	20	2	2	4	32	
2	63	5	15	1	29	9	14	14	18	7	48	11	24	3	44	10	52	15	3	6	27	0	73	
7	61	11	5	18	60	14	73	1	4	5	18	17	32	3	2	10	59	
10	36	2	39	6	24	5	73	13	57	16	4	9	60	18	23	7	29	4	28	8	8	
3	74	2	58	17	48	19	20	0	71	13	73	4	61	7	4	6	67	14	15	9	24	
6	27	2	37	11	43	10	18	19	40	3	61	18	24	
14	25	15	44	17	73	13	26	8	64	0	24	4	13	19	36	16	65	1	27	
8	35	19	37	14	33	0	74	12	30	13	54	18	55	16	50	9	25	11	32	5	72	
18	21	6	50	1	3	14	27	11	37	
5	58	15	35	1	3	16	19	13	71	11	13	12	46	9	74	8	73	6	69	3	70	
9	18	4	38	3	72	11	40	17	30	19	58	2	43	0	59	5	66	16	50	
17	23	10	38	2	44	6	14	5	1	8	33	4	2	
3	45	5	16	2	58	6	69	13	59	0	21	11	1	
5	4	7	61	14	46	2	56	13	67	4	23	10	47	16	42	8	55	1	7	0	68	
15	36	3	6	12	62	16	59	9	37	7	29	4	63	
10	1	12	40	16	65	3	59	13	57	11	41	19	10	0	51	14	29	1	63	5	73	9	56	
19	14	3	53	0	32	13	67	6	44	8	9	11	13	4	33	
10	56	9	37	5	3	18	34	15	67	7	52	11	31	3	27	1	38	17	40	2	28	
3	40	10	23	17	69	6	16	14	7	12	41	1	36	5	66	2	45	18	3	13	73	
10	55	1	64	16	31	5	4	7	53	11	3	14	59	19	24	18	68	
19	27	3	69	8	51	14	11	1	12	2	63	5	73	18	72	
2	67	16	58	9	6	13	63	4	25	
5	32	8	34	19	21	13	43	17	24	7	75	0	18	1	56	11	35	18	3	3	48	
10	21	16	18	13	66	5	63	18	64	7	9	
9	22	17	51	12	27	7	68	3	18	5	32	18	54	1	15	16	21	13	37	10	49	
3	6	14	15	2	65	9	10	7	41	17	24	0	59	5	50	8	58	19	64	
8	68	3	31	13	74	9	73	17	33	
14	45	3	74	18	25	7	1	12	63	5	21	13	46	4	29	19	17	6	48	
13	44	7	27	6	16	15	48	12	68	3	32	8	71	
13	24	1	26	9	8	15	33	3	16	7	10	
9	74	12	14	18	44	5	39	0	49	11	1	15	27	16	37	6	26	
10	31	4	36	1	68	16	39	19	73	
19	56	18	27	8	47	9	7	7	70	11	34	1	13	6	36	5	35	15	66	
12	37	9	51	19	9	16	25	15	5	3	55	1	23	
11	73	7	70	17	26	9	53	16	66	2	48	12	14	
13	29	9	35	12	40	7	4	1	64	4	10	16	7	11	53	
1	69	0	11	6	55	16	40	12	74	4	41	
14	31	9	24	0	29	8	59	11	27	19	68	6	21	
12	33	0	73	6	75	8	46	18	61	4	1	16	12	9	28	1	72	
18	19	17	52	7	12	14	26	12	42	0	29	6	73	15	60	5	6	
4	10	16	3	0	23	6	7	3	8	17	27	
13	4	18	54	4	67	14	36	6	16	16	69	9	42	11	40	
16	44	2	4	15	63	17	20	10	13	5	64	6	45	0	33	4	34	8	28	
7	34	5	24	17	37	19	52	16	59	18	5	9	71	2	44	11	3	8	67	1	70	
16	50	10	26	19	68	14	7	9	55	12	41	
3	65	5	72	1	43	19	16	14	41	12	52	11	56	
16	16	1	34	9	8	5	28	14	12	0	5	12	38	4	22	
13	5	17	8	9	48	0	3	14	64	19	22	
11	32	3	2	6	24	0	53	1	72	
12	37	6	4	8	43	19	62	9	45	11	19	15	58	2	35	17	49	7	15	13	22	16	7	
8	75	12	72	7	50	2	42	4	3	3	6	
16	63	3	60	15	5	12	2	7	75	1	27	11	73	4	40	2	59	10	46	14	13	
14	26	17	49	2	66	12	2	13	53	1	50	
3	23	18	27	12	52	8	12	0	7	6	16	15	9	4	14	14	63	
2	52	9	75	18	74	15	10	14	37	
8	23	11	61	15	55	7	19	5	36	2	49	1	13	18	21	14	60	0	56	
5	57	16	67	13	12	3	53	15	72	18	44	4	15	0	74	
4	49	1	6	11	37	8	15	0	29	14	1	5	16	16	7	9	52	
7	8	10	59	16	74	15	15	14	64	
0	2	2	35	15	29	5	27	10	61	13	56	7	63	
8	69	5	4	11	34	0	7	12	27	9	68	4	26	7	29	10	45	16	6	19	70	
1	16	8	52	9	32	0	34	15	41	7	13	12	21	16	73	18	37	17	22	4	64	6	62	
16	73	9	36	1	38	15	14	11	22	10	25	
0	26	8	4	14	22	5	15	11	13	19	72	15	2	9	40	13	24	12	63	7	20	
7	68	15	34	11	16	1	73	3	5	14	53	13	32	17	2	10	13	16	4	8	56	19	23	
19	29	5	24	17	21	0	41	16	3	9	75	6	7	14	52	
4	70	18	25	3	13	2	73	16	1	17	53	1	11	5	19	15	28	19	67	12	74	
8	43	6	40	2	27	13	14	18	2	14	30	3	10	
15	61	5	41	8	40	3	65	7	42	11	4	12	72	4	20	16	2	18	13	14	43	
19	48	13	62	17	6	8	53	9	67	11	54	18	16	5	49	1	51	
11	63	0	33	10	66	12	25	19	62	18	48	17	46	8	42	14	50	
15	41	19	42	2	9	18	11	17	8	9	72	
10	43	13	41	14	14	19	70	18	4	11	68	6	35	4	22	7	31	12	49	
6	23	16	69	15	74	13	75	18	25	5	2	4	4	2	27	3	19	7	60	14	62	9	70	
5	58	13	54	11	18	16	36	3	4	0	10	1	35	6	38	12	65	2	8	14	41	17	56	
3	54	4	15	18	12	13	27	17	10	11	2	16	35	19	49	8	72	6	39	14	6	
7	19	8	2	16	58	19	5	12	66	5	6	10	75	15	14	
16	66	0	41	8	65	11	60	4	18	18	37	2	25	17	33	
5	40	0	25	19	54	10	4	4	66	9	53	12	9	18	24	11	5	1	48	16	45	
15	35	2	32	16	13	18	24	3	5	4	2	9	46	8	74	17	1	
0	59	14	30	9	41	4	65	3	38	2	36	15	53	
6	65	17	8	2	47	8	36	13	59	9	72	10	5	
9	42	7	31	11	10	14	9	16	50	
19	51	17	7	6	65	9	2	3	11	15	50	1	1	18	21	16	66	14	25	
1	56	16	10	7	26	12	46	11	45	2	33	14	41	10	5	3	9	17	42	15	37	
10	18	4	47	0	74	1	40	18	43	3	38	19	69	15	5	2	9	16	59	9	6	8	51	
18	29	9	62	0	8	14	34	2	41	
7	23	0	33	19	11	14	69	6	49	5	44	9	43	13	50	17	3	3	36	
11	65	7	10	9	34	19	12	2	63	
14	37	4	62	6	35	9	22	1	16	
9	8	14	10	4	63	12	44	3	31	16	14	2	27	19	69	8	53	6	74	
19	63	10	30	6	22	18	74	13	31	11	29	17	68	2	17	5	48	15	53	12	59	0	35	
5	13	9	20	14	64	0	4	17	28	18	41	
5	15	9	44	0	42	2	72	16	24	7	10	12	3	1	26	13	55	17	17	
4	42	1	28	17	12	12	22	3	6	14	20	5	44	13	68	11	23	
7	63	4	27	14	43	16	14	5	72	
2	19	3	4	18	20	6	29	15	34	17	12	5	27	0	51	
4	59	19	50	12	63	16	60	13	33	8	71	
13	9	18	60	5	11	2	61	15	54	3	53	11	51	
16	49	11	45	10	30	4	61	0	57	9	35	7	43	19	37	
1	40	9	2	15	62	17	17	6	27	19	24	0	67	13	54	16	35	
1	43	17	44	9	46	12	2	8	1	13	58	
10	2	2	46	13	39	9	8	19	44	7	4	15	29	12	15	3	64	
15	57	2	63	14	40	6	46	3	25	11	45	18	29	0	66	7	67	5	1	
18	47	13	28	11	62	4	3	5	19	8	71	15	38	10	2	0	73	
10	55	14	7	4	47	17	57	1	75	9	71	18	4	19	38	
11	71	2	16	8	67	14	22	13	4	18	60	15	13	
8	70	3	28	10	60	11	51	13	38	16	39	5	48	
4	10	1	1	17	25	12	8	8	48	10	61	
1	63	3	7	0	11	10	18	11	67	9	61	
17	43	6	70	14	68	5	72	1	44	9	17	8	38	13	22	12	23	
5	39	18	59	0	32	14	37	1	55	2	45	15	51	9	70	4	16	6	62	7	25	13	6	
2	45	5	74	17	71	1	34	10	36	8	3	
1	16	14	20	8	2	13	29	18	57	5	30	0	58	10	3	2	31	17	74	15	50	
5	62	16	4	0	18	15	14	1	3	14	71	8	64	9	30	
11	35	4	65	1	71	19	40	0	6	15	45	7	37	
9	32	8	74	7	45	16	11	10	41	6	58	
11	31	8	20	10	66	3	3	14	4	
19	4	12	63	17	72	7	33	13	10	11	19	1	11	8	16	
7	29	14	28	18	27	17	22	19	8	15	23	0	20	13	36	5	58	4	2	3	37	16	69	
14	2	3	17	0	62	19	4	5	31	15	26	1	57	9	49	
12	74	13	6	1	24	7	15	11	65	0	16	4	53	15	64	6	12	8	27	14	50	
5	11	2	24	16	27	18	70	19	53	7	25	15	17	13	26	9	12	10	23	4	57	3	9	
15	8	11	34	6	38	10	56	1	21	16	41	8	69	13	44	2	36	
9	17	10	11	19	16	17	27	3	18	5	57	6	21	15	73	1	28	13	36	
6	1	7	18	2	67	16	15	3	8	10	22	4	33	18	54	14	47	
4	57	15	70	5	38	16	29	1	33	7	22	14	4	8	56	17	6	10	48	3	67	
19	19	1	4	18	6	16	55	3	11	4	50	11	67	15	58	12	32	10	57	6	36	17	42	
12	23	15	13	2	38	3	59	5	1	10	5	6	42	19	34	11	3	1	49	4	50	7	64	
3	20	1	3	18	18	2	32	13	65	5	25	12	35	15	66	7	49	6	27	
9	56	6	16	2	66	19	1	14	30	7	59	11	34	17	74	0	10	8	38	
8	33	6	67	2	68	3	3	5	46	16	15	1	54	7	13	11	9	17	20	10	69	0	14	
15	36	11	63	4	65	12	3	18	57	19	46	14	8	8	71	3	15	
16	36	17	60	12	8	2	48	4	71	
15	4	6	73	3	35	8	32	13	20	2	34	18	67	5	36	16	68	19	53	
18	3	5	68	8	27	1	38	16	24	
9	8	16	60	15	28	4	42	19	38	5	45	7	50	18	61	6	65	14	3	1	71	
10	2	19	44	14	61	6	56	0	75	3	60	9	41	15	49	12	4	13	45	2	9	
18	64	13	70	0	66	15	1	17	56	19	43	10	69	16	11	3	19	14	38	11	28	
8	10	19	3	5	35	16	61	9	68	3	40	10	39	17	33	
15	44	2	8	19	34	17	28	12	71	1	30	9	70	18	66	6	72	
8	57	12	48	18	60	13	32	0	40	9	47	1	63	4	39	
1	57	7	40	16	35	10	17	4	73	15	45	13	32	11	8	5	62	
6	26	1	22	4	71	12	36	18	15	14	60	15	64	11	37	7	29	
2	48	13	54	8	3	19	47	17	59	3	22	5	16	11	66	9	14	0	39	
0	63	10	48	15	8	4	5	5	70	6	32	14	12	13	49	
8	2	17	16	7	17	14	52	1	66	12	29	
17	17	15	33	18	41	19	75	8	50	7	19	4	40	1	27	9	34	16	74	2	15	
3	1	11	62	2	72	15	9	8	23	4	75	
16	1	15	51	9	45	2	28	1	5	10	19	14	56	0	21	4	67	3	46	12	4	8	9	
4	19	5	68	14	70	3	64	13	32	6	54	2	67	12	24	

All component type numbers for each job to be processed by MFPM
4	2	
0	49	2	29	
3	16	
0	31	3	33	
1	9	8	20	
0	26	1	49	
3	13	
1	37	0	36	5	47	7	27	9	44	
5	7	4	20	
8	44	
4	8	0	6	7	13	
4	39	0	34	
3	24	0	2	9	7	8	9	
7	32	8	45	4	49	
4	22	6	9	8	23	7	14	5	10	
9	44	
4	13	9	23	1	5	
0	43	4	28	7	36	
1	17	
6	37	3	38	
5	19	
6	46	1	30	2	47	7	41	3	26	
3	20	
4	27	6	30	1	47	5	28	
9	2	3	9	6	17	4	10	1	15	
6	35	7	37	
7	22	8	24	4	1	0	6	6	9	
5	29	
3	10	6	6	
8	48	
0	23	5	6	9	16	6	18	
2	44	5	45	
4	4	2	22	0	12	
7	37	
9	7	3	19	1	17	
9	36	0	29	
1	3	
8	28	1	33	4	43	2	50	
5	16	7	5	2	12	1	14	9	17	
5	34	0	47	6	43	2	42	
6	17	8	10	
4	38	
5	8	
1	43	0	42	7	29	9	37	
0	21	9	8	8	7	
1	39	3	49	4	50	7	33	
4	12	3	18	5	9	7	22	
4	42	7	46	5	26	9	31	
8	16	7	23	9	25	
8	45	
3	20	
1	48	9	46	6	28	0	47	
4	24	8	25	
7	34	5	41	8	38	
4	3	7	18	5	7	2	14	6	4	
2	28	4	31	
3	9	1	23	0	18	7	12	
1	36	
2	14	
3	40	
1	19	2	13	5	2	6	9	
8	38	
7	16	5	6	8	18	2	3	0	22	
1	37	9	50	
4	18	
5	29	0	48	2	26	
0	4	
5	39	1	48	0	26	
2	4	0	25	5	18	
5	43	3	30	
5	7	0	23	8	3	9	6	3	12	
9	47	3	45	
8	1	9	18	0	7	
1	35	0	48	7	47	8	37	2	50	
2	3	4	7	9	15	
8	30	9	33	1	47	2	46	
2	9	6	21	9	14	5	20	
3	33	4	48	8	44	1	47	
3	4	5	14	7	21	1	8	
8	39	5	38	1	29	4	33	
0	5	4	22	6	4	9	6	7	17	
8	37	2	39	7	31	
2	24	8	1	
8	50	5	41	9	35	
8	23	9	15	0	20	
1	38	
4	18	7	14	
8	41	3	50	7	40	4	33	
6	7	4	4	
3	42	6	46	
5	6	3	22	0	5	
8	46	0	26	2	50	4	29	7	44	
6	3	5	17	8	12	
6	38	2	39	5	42	3	35	4	40	
8	1	
2	48	4	40	
8	12	3	10	6	11	1	8	4	2	
6	47	7	40	4	35	
0	8	
5	29	
4	25	2	18	5	9	
6	35	4	31	2	46	0	36	3	45	
8	9	3	2	6	15	4	25	
4	26	5	33	9	29	
1	5	9	16	3	14	
2	43	1	34	6	28	0	33	
0	10	1	24	
9	49	
2	1	9	9	
4	44	1	49	6	46	9	43	0	33	
8	5	6	17	4	9	3	8	
9	46	3	40	6	32	2	36	
4	3	5	14	7	20	
9	40	6	43	2	48	5	33	
0	7	
7	27	3	43	9	26	0	32	5	47	
9	6	3	9	
2	50	8	37	9	41	6	32	
7	9	0	21	4	23	6	17	2	1	
7	30	
4	25	
5	44	9	39	2	49	8	33	
9	12	5	20	6	1	0	9	
9	28	7	30	
6	6	0	15	2	24	9	22	8	2	
2	39	0	45	6	42	8	43	
3	15	2	16	7	18	1	1	0	25	
8	46	5	35	2	45	
1	4	3	23	7	5	
6	31	0	45	7	36	4	27	3	41	
6	18	0	11	
9	26	8	46	
2	20	3	18	4	23	
9	40	7	26	5	37	8	50	
2	6	1	25	9	5	8	2	4	23	
8	30	7	47	2	43	
6	2	1	15	0	9	7	17	
5	27	
5	10	3	23	9	13	
7	33	1	36	9	48	4	44	
5	7	
7	41	2	32	8	44	9	37	
5	1	3	23	
7	38	
4	21	
2	45	
6	21	5	7	8	19	
2	34	3	29	9	43	8	37	5	49	
9	15	8	23	
2	28	8	39	
3	4	4	15	5	25	
7	40	5	31	4	33	2	37	6	27	
3	19	7	15	6	24	
1	27	
1	4	5	21	
8	32	1	50	3	26	9	30	
5	23	6	15	
0	35	6	26	7	42	
5	16	9	11	2	15	7	25	8	12	
3	31	9	42	
6	6	5	23	
5	27	2	42	8	39	
3	3	1	14	
7	43	0	46	
3	2	6	23	7	4	1	25	9	9	
6	26	2	41	0	29	4	38	
3	15	7	9	9	25	
4	29	3	31	8	43	
6	9	7	5	
1	40	5	31	8	41	4	35	
1	15	6	23	0	5	
8	27	
1	3	8	24	9	18	3	10	
4	35	1	26	
8	25	7	19	9	14	
6	29	5	44	2	28	3	41	
7	11	5	14	4	7	8	25	2	24	
1	31	7	40	
0	23	9	21	5	14	2	6	7	13	
5	30	3	35	6	36	
6	5	2	23	
5	28	
0	6	3	11	8	16	2	10	
6	44	5	39	4	46	
0	9	1	20	4	8	7	3	
1	34	6	31	
1	11	5	15	7	7	9	6	
2	47	3	42	
5	5	
7	33	
6	3	
6	49	2	28	5	29	9	33	
5	7	1	25	2	9	8	21	
5	32	2	47	6	50	4	26	
2	2	3	6	0	15	
2	49	1	47	
6	8	3	9	
6	39	1	47	8	49	3	32	
1	22	0	11	2	17	6	16	8	10	
1	44	9	40	7	37	
2	10	9	14	5	15	
6	45	
1	9	7	20	8	17	3	14	4	12	
0	31	4	33	7	38	2	39	5	43	
8	3	
4	37	
6	3	5	15	8	2	
5	35	
2	12	9	24	1	3	
1	32	2	26	0	36	9	29	4	27	
9	6	8	18	3	20	6	23	
6	49	7	35	0	48	
3	19	2	11	9	17	
6	43	8	36	
1	20	6	4	4	12	7	5	
0	39	9	32	3	36	5	49	8	43	
6	5	1	3	
1	28	
3	17	9	2	2	25	
7	41	4	48	8	40	
8	18	
1	26	9	40	5	50	2	39	
6	19	7	1	8	12	3	10	1	21	
2	41	6	28	5	40	4	26	
8	14	6	16	3	21	9	1	
7	29	9	37	6	28	
8	10	3	2	4	12	0	5	
2	28	0	40	1	45	5	27	
0	9	
4	26	6	40	0	36	1	29	
7	22	9	23	
2	33	
5	24	7	8	
6	50	4	37	2	44	
4	16	
3	38	
7	11	9	2	2	25	
3	36	2	45	
1	1	2	9	6	24	
2	49	9	39	
1	6	9	9	0	11	
7	28	3	38	4	33	6	43	5	35	
9	20	2	1	6	6	7	2	
6	30	1	44	4	33	8	43	0	34	
4	8	
5	43	4	45	
6	5	2	6	9	9	
2	50	1	34	
2	12	3	18	4	20	
4	38	
1	5	5	21	2	23	4	20	
6	41	4	31	
4	1	
5	28	1	47	7	38	
7	4	
1	31	
0	20	
9	36	1	42	6	34	
4	22	
4	36	
6	16	8	22	0	12	7	9	3	8	
6	41	9	50	7	49	0	39	4	40	
8	4	2	7	3	13	
2	27	6	31	3	34	0	37	
5	4	2	11	6	19	3	9	
9	49	2	41	
0	6	6	13	
3	28	2	29	
6	21	
2	48	6	43	
9	22	
7	39	0	32	5	38	9	26	
7	10	5	11	4	17	6	21	9	14	
0	41	
5	6	8	17	0	1	
5	50	2	30	3	29	
8	11	2	25	3	14	
4	27	0	31	2	26	3	43	1	50	
7	24	1	8	6	14	
2	50	8	40	7	43	9	33	
5	23	2	4	8	22	7	13	6	10	
2	26	4	34	6	46	1	27	0	49	
5	8	
5	34	1	42	3	31	2	41	
4	17	0	14	9	4	1	6	5	25	
9	48	0	32	6	34	
5	5	6	12	1	18	8	19	9	11	
7	47	1	45	8	40	
7	16	9	13	
3	29	0	49	6	28	
9	22	8	6	7	1	1	11	
6	31	2	46	5	28	1	37	7	35	
0	7	4	18	1	9	8	24	3	19	
4	32	
0	9	6	13	
7	46	3	31	
5	1	9	12	4	22	7	6	2	16	
1	42	9	47	5	27	8	40	
4	7	5	16	
2	47	
3	13	4	11	0	16	
0	50	3	45	8	33	
4	11	
2	27	7	40	5	34	
5	8	4	23	7	16	8	6	
5	45	1	26	
3	18	2	23	0	13	7	10	
2	49	4	29	3	47	9	45	7	41	
7	18	2	23	9	6	4	3	6	13	
3	45	
7	6	2	4	9	8	4	22	6	14	
3	43	5	32	8	36	4	29	
9	16	6	3	2	15	
7	46	8	39	
2	7	9	15	0	16	
2	26	1	44	3	42	
2	4	1	14	3	5	6	7	
6	42	5	41	7	48	
3	13	
4	26	6	49	
7	14	2	18	1	2	5	12	6	10	
3	50	
5	9	
5	49	3	34	2	47	9	37	1	41	
3	17	9	4	6	8	1	7	7	21	
1	43	5	32	2	45	6	33	
4	19	
4	49	6	30	5	29	
6	22	7	19	9	2	1	10	
6	40	
2	12	8	21	3	25	9	17	7	3	
1	50	4	43	
2	8	1	21	3	11	
1	49	2	38	0	33	
8	22	7	6	
8	27	3	31	
7	4	1	7	4	25	6	14	
7	30	3	26	
9	18	1	16	3	12	8	9	
0	39	2	34	8	50	3	30	1	31	
2	23	4	1	
3	38	
0	19	
9	29	6	28	5	38	1	34	3	47	
0	14	1	13	
8	35	4	50	5	45	
0	25	5	8	
3	32	
0	3	6	11	
9	37	2	32	
5	6	
6	31	5	27	
2	5	6	1	9	19	
6	38	7	27	8	50	
1	13	5	11	7	9	
7	28	3	35	5	48	
6	18	5	24	0	23	
3	44	0	36	
0	9	7	2	4	4	8	25	1	1	
4	35	8	31	
7	25	2	10	1	6	3	8	
4	29	
1	18	
3	29	1	43	7	42	
7	8	0	7	9	23	
1	27	7	43	2	39	5	33	
5	12	
7	30	4	34	2	38	1	49	9	26	
6	18	7	21	8	23	
0	29	1	27	7	44	9	46	
3	23	5	10	
1	35	5	27	4	50	6	30	
2	25	1	1	5	5	6	16	
9	39	8	46	4	45	
9	4	8	22	5	11	1	1	
2	42	0	26	
5	17	0	14	
8	37	2	29	
6	3	5	8	9	21	
3	26	6	28	2	47	4	34	
3	6	
8	30	5	27	9	46	
2	24	3	25	6	23	8	3	4	22	
3	44	1	28	
6	18	9	24	5	20	2	25	
4	43	8	35	3	30	5	49	1	50	
3	19	6	9	1	22	2	6	
6	42	
8	16	1	25	4	23	7	20	6	2	
7	26	2	36	3	46	
3	13	7	21	2	6	0	16	
3	46	6	49	
0	8	2	4	3	14	
7	40	2	32	
4	20	2	6	
5	48	1	43	6	44	4	45	
4	22	3	3	8	6	5	8	6	19	
8	41	5	47	2	28	0	27	4	31	
9	12	4	6	7	24	3	20	
0	41	9	50	1	42	2	28	

Three processing times per job on each machine
The best scenario
326	197	197	
626	515	898	
1109	1222	806	
219	111	227	
491	777	380	
619	352	333	
152	146	124	
395	475	576	
385	378	924	
169	97	321	
198	217	392	
704	620	705	
291	523	131	
430	189	108	
155	88	202	
204	282	486	
906	624	847	
673	403	705	
564	1008	1254	
325	579	992	
365	537	712	
278	510	529	
107	96	94	
310	285	410	
343	94	401	
1237	811	316	
103	247	257	
534	351	195	
696	306	712	
249	159	99	
528	1172	1153	
560	909	522	
549	599	633	
317	112	124	
96	88	139	
506	242	416	
129	351	164	
588	680	263	
142	233	255	
256	304	553	
269	179	119	
271	122	259	
343	509	1038	
295	211	507	
325	700	1005	
397	343	264	
203	508	335	
280	343	373	
803	1041	703	
430	185	271	
536	368	510	
764	424	771	
176	431	423	
501	396	319	
278	404	1227	
625	831	351	
142	120	165	
434	207	335	
289	819	913	
577	616	347	
507	368	580	
344	371	293	
389	303	315	
463	282	450	
757	653	849	
586	981	498	
717	747	428	
155	125	42	
467	617	391	
595	706	732	
593	872	464	
485	351	785	
446	337	305	
111	159	174	
301	177	99	
535	115	315	
550	492	941	
216	329	265	
304	1385	973	
646	469	208	
594	367	173	
585	746	239	
129	259	89	
126	41	184	
241	557	543	
100	226	136	
473	431	141	
63	92	61	
924	1044	249	
317	221	375	
303	215	281	
97	209	177	
37	236	77	
164	115	181	
334	106	493	
1224	756	780	
498	434	548	
249	439	390	
68	162	47	
307	505	326	
624	716	836	
589	498	446	
101	121	173	
430	928	598	
528	744	539	
460	732	309	
125	249	104	
223	233	124	
138	433	170	
364	429	675	
64	90	222	
47	128	77	
663	357	780	
614	440	538	
947	456	1220	
356	350	220	
124	276	180	
186	369	154	
206	203	175	
169	230	368	
468	232	835	
474	180	410	
335	466	389	
331	335	397	
276	378	220	
302	254	556	
557	869	439	
484	218	350	
132	165	123	
549	490	530	
249	464	658	
363	789	364	
462	322	156	
294	197	158	
135	76	140	
510	332	146	
986	506	451	
194	466	200	
199	198	204	
570	464	230	
279	775	732	
380	226	515	
386	255	377	
115	62	122	
291	360	513	
179	255	126	
65	69	105	
84	111	88	
324	743	970	
178	488	401	
950	804	610	
757	244	333	
615	278	325	
468	458	255	
1145	485	295	
103	125	71	
110	127	257	
610	1032	523	
316	382	260	
43	153	48	
318	179	335	
318	539	255	
133	76	112	
98	105	74	
835	604	834	
357	427	204	
128	209	125	
385	468	394	
645	1263	794	
955	646	213	
590	538	411	
654	1273	712	
59	228	48	
183	73	107	
537	688	283	
811	546	1232	
493	650	416	
311	232	316	
634	857	602	
616	215	248	
135	142	44	
500	1126	848	
392	476	407	
168	150	71	
971	689	507	
447	588	299	
92	182	115	
327	349	280	
220	176	302	
419	131	158	
834	909	335	
225	167	71	
47	107	94	
326	264	157	
619	189	424	
240	127	85	
463	165	112	
244	792	712	
428	626	848	
802	392	517	
Most likely scenario
510	360	275	
857	730	1255	
1193	1255	1095	
277	185	303	
749	888	478	
882	653	451	
166	157	149	
577	947	683	
526	673	1149	
181	146	404	
368	264	403	
867	701	938	
385	524	176	
552	193	163	
174	110	242	
222	295	601	
1003	754	897	
750	506	1144	
628	1163	1526	
643	616	997	
659	924	787	
297	1009	1044	
124	127	142	
496	303	596	
411	153	423	
1339	908	447	
201	385	413	
545	641	379	
898	503	808	
264	176	100	
968	1246	1229	
594	1019	631	
621	1071	1075	
337	181	231	
122	99	158	
716	481	794	
157	412	176	
975	1223	419	
199	258	288	
488	416	630	
300	343	193	
342	194	347	
470	698	1171	
332	234	535	
500	780	1281	
612	394	365	
397	549	421	
450	544	415	
1295	1071	1275	
568	246	368	
774	541	833	
1292	435	863	
231	583	635	
558	573	608	
473	506	1413	
815	926	560	
187	134	267	
681	363	481	
466	1169	1259	
615	880	522	
531	603	607	
455	378	381	
486	545	424	
612	464	477	
766	674	944	
681	1015	836	
739	1290	532	
171	217	69	
703	896	392	
836	1124	1248	
678	927	761	
666	547	861	
662	364	349	
164	204	283	
364	218	139	
549	184	334	
1069	505	1066	
232	524	324	
583	1400	1075	
986	929	282	
640	468	319	
1138	793	470	
180	273	177	
129	65	189	
406	877	625	
189	380	217	
601	784	271	
97	124	96	
985	1140	440	
584	409	433	
384	275	391	
144	321	245	
73	237	79	
234	153	254	
335	143	524	
1233	1221	782	
884	487	703	
389	450	401	
126	186	52	
505	521	362	
838	778	1032	
1078	631	687	
172	124	216	
658	1273	813	
998	793	745	
590	736	421	
173	257	116	
302	261	125	
241	615	321	
600	574	685	
101	113	228	
56	174	110	
824	508	1317	
856	734	678	
961	585	1367	
613	406	244	
137	309	191	
194	380	207	
387	378	194	
259	373	625	
494	237	935	
726	341	638	
396	929	743	
351	536	607	
490	495	301	
341	402	637	
1017	1104	593	
614	246	361	
158	202	187	
672	595	701	
413	834	880	
448	1081	560	
549	393	196	
312	245	229	
170	138	223	
518	359	249	
1259	559	598	
348	583	288	
393	385	289	
597	481	436	
328	1056	1136	
662	352	650	
475	451	397	
160	104	221	
338	609	936	
295	401	187	
121	129	159	
96	171	108	
419	900	1127	
266	937	700	
1121	1153	857	
1343	342	607	
1060	426	580	
547	621	391	
1359	945	422	
175	161	131	
192	224	261	
905	1223	810	
372	468	406	
82	162	77	
396	221	376	
503	903	354	
200	108	159	
191	171	89	
883	743	1089	
512	692	310	
193	235	142	
502	510	420	
1037	1333	1292	
1311	1089	414	
774	1023	614	
901	1382	1342	
82	275	85	
197	85	174	
863	739	387	
1128	902	1309	
576	694	458	
477	387	373	
1064	981	997	
676	354	326	
138	191	80	
689	1152	976	
498	837	466	
218	193	108	
1081	1001	858	
601	605	567	
144	270	138	
417	429	452	
322	321	363	
433	146	209	
1325	1127	346	
277	186	89	
85	181	140	
377	444	223	
624	329	643	
254	180	139	
506	238	171	
320	1029	949	
783	797	1013	
847	472	759	
The worst scenario
645	512	350	
1202	1047	1560	
1754	1770	1491	
353	218	340	
972	1102	624	
1017	672	477	
246	186	188	
622	1076	949	
668	714	1700	
257	149	432	
509	354	476	
1198	899	993	
522	715	250	
739	259	203	
192	156	313	
277	372	719	
1459	770	1022	
867	531	1297	
713	1435	2031	
756	839	1373	
801	1306	816	
308	1393	1496	
144	135	195	
650	430	841	
493	157	481	
1379	1146	590	
212	483	430	
635	801	510	
1049	654	1005	
330	185	139	
1393	1548	1504	
610	1483	696	
730	1418	1173	
450	253	327	
147	119	165	
1042	633	1088	
163	435	194	
1409	1628	515	
224	260	314	
628	604	929	
425	476	212	
407	231	459	
616	1025	1555	
354	249	593	
562	1024	1369	
763	490	463	
525	724	529	
655	583	443	
1721	1475	1463	
649	335	435	
1003	594	850	
1510	501	879	
306	655	779	
612	844	786	
560	678	1946	
1102	1323	586	
207	163	328	
882	379	595	
534	1411	1790	
752	1081	573	
629	889	756	
583	488	532	
495	635	542	
842	675	611	
1065	708	1188	
980	1248	1003	
786	1803	677	
256	290	75	
997	1305	483	
1251	1149	1830	
882	955	772	
910	614	1127	
682	519	520	
182	276	313	
407	233	164	
797	263	476	
1111	683	1281	
324	588	349	
842	1976	1602	
1158	962	323	
735	557	370	
1360	1100	690	
206	330	258	
163	86	242	
476	880	719	
194	524	323	
767	1114	381	
131	175	121	
1131	1533	596	
689	512	491	
445	323	443	
152	429	293	
77	297	100	
287	219	357	
456	167	605	
1825	1357	1028	
1272	549	879	
411	665	599	
182	259	58	
639	663	497	
1056	930	1159	
1575	721	731	
218	161	314	
909	1850	1063	
1447	1023	852	
731	737	569	
237	279	151	
418	376	166	
267	851	338	
705	590	789	
106	114	296	
72	185	136	
836	567	1503	
1193	839	941	
1300	671	2007	
739	413	287	
153	413	199	
267	482	217	
416	433	207	
269	459	930	
503	334	1264	
993	443	708	
437	985	803	
432	639	673	
556	553	304	
379	457	766	
1118	1438	673	
748	258	363	
227	226	247	
912	888	836	
558	874	1286	
505	1086	573	
690	470	249	
374	339	240	
186	183	233	
575	435	255	
1478	695	604	
441	794	290	
519	541	416	
788	487	487	
486	1273	1366	
711	445	960	
697	618	533	
204	134	310	
395	772	1168	
327	547	209	
161	147	179	
122	254	134	
612	957	1485	
272	959	806	
1680	1713	1037	
1498	350	698	
1505	590	817	
677	633	447	
1972	1136	520	
249	230	170	
265	315	278	
1347	1225	979	
432	655	605	
93	196	105	
493	289	407	
621	1324	473	
262	121	202	
253	190	92	
921	835	1415	
586	1001	354	
289	255	204	
720	726	542	
1301	1998	1319	
1552	1212	495	
894	1526	913	
1339	1847	1665	
92	298	124	
271	97	212	
905	858	408	
1353	1099	1621	
650	809	672	
541	569	493	
1431	1009	1341	
834	472	381	
179	237	118	
1022	1212	1143	
636	939	690	
225	215	122	
1092	1101	1064	
888	672	630	
181	300	200	
505	626	505	
337	460	448	
563	179	251	
1547	1664	380	
303	189	127	
104	271	209	
416	658	246	
860	386	680	
273	183	182	
753	315	239	
470	1123	1386	
1113	829	1403	
959	565	872	
