Factories	2	Jobs	150	Machines	3

Total number of component types per job processed by HSPM
6	7	8	11	11	11	8	6	12	5	12	9	10	7	9	8	7	9	8	5	5	12	5	12	10	8	8	6	11	7	11	12	7	9	6	10	5	9	8	7	7	8	7	9	9	8	10	6	5	11	12	8	9	6	11	9	12	8	10	8	12	7	12	10	12	6	11	12	12	7	8	8	9	7	11	7	7	10	12	6	12	5	11	11	6	11	6	10	8	9	9	11	9	6	11	6	5	5	6	10	9	6	7	10	9	12	7	10	12	7	9	8	10	5	5	6	5	12	12	7	6	12	5	8	9	11	8	9	11	8	9	12	11	12	6	5	7	6	12	10	9	6	8	6	10	12	10	8	12	10	

Total number of component types per job processed by MFPM
5	3	2	1	5	1	3	4	5	2	5	4	2	3	5	5	4	3	1	2	3	4	4	1	5	2	2	4	4	4	3	5	3	2	4	2	2	3	4	3	5	1	2	5	1	1	5	4	2	4	3	1	3	2	1	2	1	2	2	3	1	4	1	3	1	4	4	2	4	2	4	4	4	3	3	4	2	2	4	5	3	5	3	2	4	1	3	1	5	4	2	4	2	4	1	4	3	2	3	3	1	5	3	2	1	5	5	1	2	4	1	5	5	2	1	3	1	4	3	1	3	3	1	2	4	3	5	1	3	3	3	2	4	4	4	5	5	4	3	4	1	2	2	2	3	3	4	2	3	3	2	3	1	1	2	3	2	2	2	5	4	1	4	5	3	5	3	3	3	2	3	2	1	5	1	3	5	4	5	1	1	2	1	2	5	5	2	5	5	1	4	3	1	2	2	3	1	3	4	1	3	2	4	3	4	5	2	1	3	1	4	3	3	3	4	1	1	1	4	2	3	5	2	3	1	1	4	2	5	3	4	2	3	3	5	1	1	1	1	3	2	4	2	2	1	4	5	5	3	4	4	1	4	2	2	5	3	4	4	2	4	4	4	4	2	3	4	4	2	5	3	3	3	2	5	1	1	5	2	5	4	3	3	3	3	3	5	1	3	1	2	1	4	3	5	3	3	1	5	2	

All component type numbers for each job to be processed by HSPM
5	57	10	66	4	71	8	30	11	54	17	23	
12	28	13	14	17	46	10	7	18	19	4	40	14	67	
3	18	12	14	10	28	19	12	4	60	8	41	15	21	6	19	
2	63	0	57	8	55	10	60	13	67	15	9	12	50	17	35	6	44	16	71	11	51	
13	56	17	1	3	75	6	49	1	8	16	23	12	4	5	29	2	45	18	73	8	62	
13	35	3	52	9	25	1	57	4	64	17	38	6	67	0	42	15	29	8	36	5	68	
1	64	10	71	11	36	14	38	6	4	0	22	9	21	16	72	
18	22	5	46	9	44	13	62	19	28	0	2	
4	59	7	19	0	72	3	49	19	44	11	37	2	40	16	67	14	74	12	63	13	5	8	56	
6	27	19	15	5	8	14	21	8	34	
8	27	16	6	1	32	5	41	9	40	12	23	13	49	10	71	4	59	3	17	6	24	17	64	
14	11	18	57	8	9	6	35	11	14	10	27	9	13	15	29	7	28	
0	64	17	47	1	25	19	55	6	74	11	22	14	66	8	59	16	32	13	52	
16	65	6	1	1	3	3	23	9	13	13	7	11	20	
19	28	16	63	18	31	8	42	5	37	2	22	14	44	1	57	9	35	
11	7	16	61	6	41	19	71	17	1	15	47	10	18	8	26	
1	30	8	21	18	38	14	34	4	31	12	11	7	14	
16	13	18	64	2	41	5	5	8	71	11	54	13	47	15	26	3	49	
12	63	0	14	15	41	16	55	19	3	10	70	7	74	13	17	
18	41	17	2	10	29	1	71	11	11	
18	3	0	41	16	51	1	24	12	29	
4	74	7	6	15	72	16	36	5	53	14	24	10	50	8	33	3	38	19	67	11	22	18	21	
4	69	6	5	7	14	16	52	13	9	
6	14	3	52	17	11	15	6	8	33	19	66	10	60	4	20	9	23	2	31	5	25	14	56	
8	13	3	18	1	8	14	71	15	16	10	10	7	6	13	29	18	42	19	69	
1	44	0	38	12	48	11	75	19	9	5	27	16	56	15	13	
0	20	15	49	16	40	10	56	2	61	13	74	8	37	14	75	
9	71	13	67	4	13	5	75	17	21	14	70	
6	9	13	34	1	62	7	55	12	32	17	15	15	44	10	35	5	22	0	19	8	42	
4	40	12	69	15	49	8	74	13	28	5	30	17	35	
0	61	16	32	12	22	3	25	13	68	8	44	18	3	2	74	6	59	1	9	4	67	
3	2	17	48	12	31	14	58	16	1	6	3	19	43	1	10	2	30	13	42	0	68	4	17	
1	15	3	33	17	16	5	13	12	27	15	42	13	22	
18	21	0	67	13	25	17	13	15	53	11	44	2	37	3	31	8	60	
1	68	18	5	7	52	3	14	16	17	5	44	
18	61	2	7	12	55	9	14	4	58	0	16	5	35	11	69	16	24	6	25	
12	59	8	33	17	14	13	43	19	75	
11	43	1	24	15	40	19	47	2	33	5	46	9	35	17	23	18	42	
3	37	1	34	14	33	12	27	18	19	8	63	9	31	17	41	
19	30	3	64	16	23	13	61	5	55	8	73	0	69	
14	13	7	38	13	43	5	71	1	31	4	48	16	41	
0	24	16	68	2	11	10	30	18	22	9	21	4	25	8	45	
10	59	12	32	4	46	5	53	3	1	1	8	0	11	
15	39	14	53	6	50	2	6	8	9	3	44	5	23	11	56	9	74	
3	25	9	55	0	22	19	73	6	39	5	40	13	65	4	8	2	14	
11	50	13	9	17	43	4	68	2	55	7	65	6	8	12	63	
6	63	11	49	7	24	8	60	15	11	9	27	4	16	19	26	16	12	17	18	
7	55	10	40	9	11	19	9	5	68	6	1	
0	39	1	51	12	27	13	24	6	7	
6	12	16	7	2	34	1	57	12	68	9	18	17	50	11	35	8	26	18	67	10	74	
0	51	1	5	6	24	10	60	2	19	4	3	19	23	7	75	8	4	18	52	12	69	14	57	
18	13	4	16	7	72	0	2	5	32	10	7	2	53	9	33	
6	10	18	36	5	4	16	20	12	73	0	28	9	67	8	29	3	72	
7	23	11	74	1	49	3	40	9	9	12	39	
12	49	17	45	2	4	8	18	3	35	13	60	10	61	0	75	4	17	1	1	15	70	
8	53	12	73	9	2	3	74	11	46	16	20	4	9	2	32	10	35	
7	70	14	34	5	3	1	39	2	75	10	20	11	55	4	28	13	52	9	56	0	62	19	73	
11	12	2	5	18	62	8	39	17	1	16	24	15	44	6	30	
11	63	7	12	14	31	15	8	12	74	2	14	10	21	18	56	9	26	13	73	
9	69	14	2	18	51	2	68	15	15	8	39	12	22	6	66	
19	4	8	60	4	18	3	56	7	30	16	5	15	71	9	7	12	31	0	72	17	15	18	2	
12	10	2	36	1	1	19	55	15	49	8	56	11	46	
0	11	11	55	12	59	6	26	18	23	7	52	19	2	4	48	16	10	3	27	17	67	1	54	
0	29	19	33	5	11	14	75	8	73	4	21	3	30	6	31	18	45	11	36	
0	58	6	66	18	71	16	27	1	17	3	26	17	51	9	4	7	12	15	32	8	69	19	38	
16	64	10	32	9	8	18	71	17	67	6	68	
18	35	12	52	13	20	2	39	5	71	10	22	0	63	6	73	7	34	3	40	9	21	
13	5	2	34	8	22	16	33	3	18	15	52	18	29	19	6	14	17	17	13	12	54	0	11	
9	48	3	39	6	20	15	41	1	37	8	45	13	7	2	40	0	10	5	58	7	29	18	35	
15	35	1	63	6	61	8	3	5	55	10	23	11	74	
16	51	9	68	7	25	0	26	18	28	2	13	5	22	6	61	
11	44	10	41	3	74	18	34	0	3	1	37	8	13	19	16	
16	15	14	53	12	50	18	28	5	65	13	3	11	59	19	32	2	54	
17	15	10	36	3	51	12	23	19	67	6	56	5	2	
2	64	10	43	8	17	16	41	1	31	4	58	15	16	3	75	7	24	9	10	17	15	
8	66	6	14	3	52	5	19	12	28	13	49	0	6	
15	34	10	39	9	75	12	14	3	44	7	4	5	38	
4	61	7	28	5	4	12	22	14	13	11	45	17	36	10	18	18	51	15	42	
1	23	8	12	3	39	10	48	4	34	7	55	15	56	9	40	16	41	19	33	0	2	12	46	
9	10	18	16	7	14	1	27	14	18	16	53	
16	6	8	69	18	17	1	45	14	19	11	68	17	58	10	44	9	35	2	3	19	26	6	32	
17	75	19	1	5	46	13	55	4	72	
8	3	16	22	0	4	3	28	6	11	17	29	10	19	7	10	12	1	5	5	2	65	
4	15	11	75	13	22	17	47	16	26	7	50	6	66	1	14	3	48	8	60	14	29	
8	62	15	48	2	65	0	43	10	11	17	42	
18	4	0	46	19	72	16	1	14	30	3	59	15	11	9	8	11	64	17	12	13	38	
16	54	7	34	4	50	13	38	1	70	17	7	
15	42	19	17	16	47	8	61	11	40	6	8	4	1	18	25	12	39	0	38	
18	53	4	33	16	27	6	63	11	43	9	69	15	74	14	31	
5	44	1	10	11	52	10	34	3	38	17	37	16	60	6	22	4	1	
7	35	10	64	4	33	8	40	17	72	12	18	15	31	13	70	1	27	
17	54	18	17	12	65	16	36	7	59	14	57	15	49	4	7	1	53	5	51	19	21	
3	15	9	23	18	72	11	39	2	11	10	49	0	66	1	34	14	38	
11	17	18	47	12	30	16	28	3	37	5	50	
6	17	8	43	15	22	9	44	0	57	14	72	4	19	13	70	7	11	5	2	3	55	
3	55	4	32	15	44	9	57	10	13	17	8	
13	51	19	40	5	75	17	15	16	3	
0	16	6	60	4	12	13	3	14	34	
16	67	19	54	15	6	7	13	17	9	13	74	
9	36	15	57	11	58	12	33	13	63	3	34	6	23	10	66	2	62	4	49	
1	19	7	8	17	26	8	4	3	43	11	2	16	28	0	13	15	65	
17	68	18	29	5	46	16	42	2	5	13	28	
12	63	1	22	11	18	16	62	7	34	6	33	4	72	
9	30	3	68	17	70	12	24	8	19	0	34	6	21	1	23	14	58	18	7	
15	7	14	73	2	1	16	5	18	33	6	8	5	24	11	29	8	47	
13	46	11	26	8	57	19	3	0	19	7	25	18	38	15	15	6	4	1	13	14	20	9	8	
11	64	0	66	14	70	6	53	4	14	18	27	9	62	
2	30	6	42	7	55	13	32	10	67	17	75	8	37	12	15	3	74	5	49	
11	23	15	7	18	17	12	36	9	18	5	65	1	15	19	73	17	3	10	62	0	66	8	38	
3	41	2	47	17	49	5	74	10	36	11	50	8	56	
1	15	0	27	10	32	19	55	13	40	5	19	17	63	15	30	7	22	
2	52	1	25	15	44	14	58	16	30	3	10	4	32	7	48	
16	7	17	61	2	53	7	59	18	19	10	73	11	5	4	58	0	66	13	11	
13	46	1	51	19	73	18	62	14	29	
12	15	15	14	2	64	5	21	18	51	
16	32	10	16	13	74	3	23	8	50	12	51	
14	15	9	49	2	6	0	9	1	39	
1	21	6	31	5	47	16	65	2	5	18	60	14	30	13	19	9	73	4	66	7	37	10	49	
12	54	16	59	13	12	15	61	4	15	11	22	9	27	0	58	8	57	18	73	3	26	5	24	
13	59	0	64	16	8	5	20	14	33	6	7	4	10	
19	56	4	42	6	52	18	29	14	75	9	5	
12	74	1	42	19	40	15	14	6	20	7	1	14	72	11	44	16	3	4	9	9	23	8	65	
15	16	16	52	10	48	4	57	2	71	
8	30	13	9	18	18	15	35	0	58	6	13	9	40	7	75	
11	71	2	63	5	29	17	31	4	25	14	53	12	44	16	35	0	52	
7	71	2	3	10	68	12	33	14	52	19	46	4	17	1	60	6	51	5	16	16	57	
13	63	1	3	0	58	18	23	4	49	5	75	16	30	14	40	
5	8	7	63	8	74	0	5	10	27	9	52	3	3	1	56	2	31	
7	15	17	33	1	73	15	23	14	68	3	64	4	75	18	26	2	3	8	39	11	1	
10	34	14	46	18	54	15	4	13	19	8	57	9	43	6	72	
11	57	1	37	15	27	8	56	5	14	0	64	13	58	12	65	4	63	
19	70	3	20	12	57	0	21	4	15	1	7	9	5	14	38	6	36	11	39	18	62	16	63	
6	16	19	31	17	69	8	3	13	55	11	49	9	28	14	43	12	30	1	10	5	13	
2	41	12	72	10	14	8	70	3	43	19	40	6	15	5	24	17	54	18	68	0	67	7	10	
4	2	17	23	19	11	7	60	3	30	9	52	
14	15	11	31	1	43	3	38	4	48	
13	29	16	40	15	51	17	15	9	37	10	39	14	42	
16	17	7	2	19	42	8	7	18	41	14	70	
3	40	10	13	13	6	19	31	7	35	0	42	1	67	8	66	6	59	17	47	15	7	9	14	
18	47	13	8	15	31	3	48	16	35	12	29	9	49	19	30	5	1	4	17	
0	16	7	58	12	27	4	68	3	3	8	40	16	12	14	64	15	62	
16	3	0	17	9	5	17	60	8	55	5	68	
13	7	6	67	2	1	14	54	10	15	11	52	15	37	8	68	
18	74	12	14	4	73	15	2	5	64	19	63	
4	44	13	74	0	46	16	61	6	9	2	67	18	7	19	47	12	14	14	68	
1	21	13	1	19	17	6	73	16	15	7	5	3	12	14	32	8	27	0	25	18	71	12	43	
13	46	15	9	17	42	4	45	19	43	16	38	1	28	0	12	12	2	10	40	
6	42	15	58	19	40	11	64	5	48	16	54	9	73	4	59	
10	75	12	43	14	38	6	22	19	27	1	5	16	28	13	10	7	24	8	42	5	17	18	64	
2	48	0	37	18	23	5	28	17	46	14	66	11	67	9	44	16	21	10	36	

All component type numbers for each job to be processed by MFPM
6	21	1	25	3	13	5	11	8	23	
9	36	7	29	3	42	
3	12	1	8	
2	32	
7	22	2	21	8	19	4	13	6	3	
8	37	
1	6	7	11	3	7	
7	27	3	28	4	47	8	38	
2	21	6	22	0	12	3	17	9	25	
4	45	9	46	
6	3	8	16	3	24	5	21	4	8	
0	27	7	45	3	41	2	49	
2	5	5	6	
1	43	2	44	4	45	
7	6	9	16	8	22	5	4	6	19	
0	28	3	31	5	40	6	44	7	45	
4	14	2	20	8	12	3	10	
0	46	7	48	3	40	
4	4	
4	28	9	38	
2	6	1	4	8	25	
9	31	3	38	2	37	4	47	
2	2	0	13	9	4	5	20	
3	42	
8	25	2	3	6	18	1	16	7	12	
9	42	1	46	
1	14	2	7	
2	42	9	30	4	27	1	45	
5	1	1	5	4	19	0	6	
9	41	5	39	3	42	2	40	
6	1	9	24	0	12	
1	28	0	38	8	45	3	42	7	50	
2	24	4	13	8	2	
8	40	3	42	
1	23	9	20	8	8	0	16	
3	37	5	31	
1	8	5	10	
4	47	0	34	2	35	
2	7	8	21	0	24	7	20	
1	32	2	33	7	26	
0	1	6	2	7	16	9	6	1	14	
8	45	
2	6	0	3	
1	29	9	45	4	28	6	38	5	46	
6	8	
1	28	
4	15	0	20	2	22	8	8	7	1	
0	38	1	30	7	32	4	46	
3	8	1	11	
4	38	5	47	3	27	1	36	
4	9	7	24	5	25	
6	40	
1	15	3	25	8	19	
6	47	9	32	
8	19	
6	30	2	44	
7	10	
8	36	4	40	
2	2	7	13	
4	26	2	44	8	40	
1	9	
2	36	4	41	8	33	0	27	
7	1	
4	38	2	37	7	44	
2	6	
4	36	7	31	5	40	6	37	
3	6	2	5	4	11	6	1	
8	35	1	32	
3	14	6	10	2	23	1	3	
7	43	2	37	
4	6	2	8	6	9	5	16	
5	47	3	50	7	42	8	30	
8	14	5	20	0	25	2	11	
6	39	1	43	8	27	
9	11	1	17	7	16	
4	28	2	42	3	29	7	27	
8	6	6	20	
3	33	5	32	
3	21	9	7	4	16	7	4	
5	35	7	49	3	46	6	48	8	38	
7	18	3	10	8	4	
8	46	0	36	9	40	5	33	2	45	
5	21	4	16	1	13	
7	40	1	28	
8	14	7	8	0	25	6	18	
0	35	
6	14	2	8	8	25	
3	30	
0	23	4	12	8	3	5	6	2	13	
2	28	0	26	9	39	6	46	
9	14	1	7	
9	35	7	41	6	49	3	36	
3	3	7	9	
3	30	6	49	2	36	1	39	
1	12	
0	45	4	33	9	44	2	26	
5	4	1	21	3	3	
9	40	3	33	
1	6	2	14	9	8	
1	47	0	50	8	35	
9	3	
2	42	6	40	1	39	3	35	8	38	
6	5	7	25	1	20	
5	29	4	27	
9	21	
2	49	5	30	4	37	0	29	6	31	
9	11	7	15	0	10	3	1	2	20	
1	28	
5	13	8	14	
5	42	1	46	7	38	2	26	
4	12	
8	47	9	40	4	27	2	48	6	31	
6	6	3	5	5	8	4	25	7	13	
2	40	7	31	
0	12	
6	44	5	34	3	42	
2	8	
9	49	8	47	3	41	7	38	
8	19	4	23	0	25	
1	47	
3	10	8	11	2	20	
2	50	9	36	6	32	
8	14	
4	36	3	48	
4	15	9	24	8	10	2	23	
2	34	0	48	8	45	
8	21	7	15	3	23	6	4	1	11	
9	44	
3	10	4	20	6	15	
8	26	1	38	5	28	
7	8	9	1	6	13	
5	42	1	33	
5	8	7	24	8	7	4	14	
8	26	5	35	7	32	3	39	
0	13	1	20	8	18	6	21	
0	46	4	32	8	38	5	49	1	28	
7	23	1	11	3	9	6	21	8	3	
9	45	1	27	6	39	0	30	
0	23	9	5	5	2	
6	30	8	40	1	49	0	34	
8	16	
9	27	7	30	
6	23	7	24	
6	33	3	26	
5	3	6	15	0	25	
6	27	0	38	5	48	
2	2	8	10	5	12	6	16	
0	37	8	39	
5	12	8	1	2	6	
5	44	9	26	2	39	
5	19	7	18	
9	50	4	43	6	46	
7	16	
9	49	
2	2	5	19	
9	37	5	35	3	38	
2	8	6	5	
4	26	1	46	
3	6	2	4	
4	34	5	39	2	46	6	49	9	29	
2	9	9	16	7	18	3	21	
9	26	
9	15	3	16	5	24	4	13	
3	37	0	28	5	36	4	29	9	35	
8	21	2	24	9	16	
1	31	8	42	4	35	6	27	5	33	
0	7	3	1	5	11	
8	33	7	30	3	48	
3	22	5	12	8	15	
1	30	3	38	
1	19	4	15	0	16	
2	48	4	39	
5	16	
9	26	8	39	5	34	2	50	6	33	
4	25	
0	31	2	45	8	35	
2	25	8	17	5	3	6	9	9	12	
2	44	1	48	7	49	9	26	
1	15	6	10	8	18	4	5	5	7	
1	49	
7	18	
8	46	2	48	
9	15	
3	44	0	40	
2	13	6	22	9	8	3	6	8	14	
7	28	3	34	1	29	0	42	6	37	
6	18	8	11	
9	28	2	38	0	33	5	48	3	37	
6	9	9	3	1	20	8	1	0	5	
7	45	
6	7	7	22	8	16	4	8	
5	43	6	39	9	29	
1	13	
5	27	8	46	
5	15	2	11	
1	36	8	32	9	33	
5	21	
9	33	6	27	8	36	
6	17	7	13	3	12	2	16	
1	45	
6	6	5	14	2	24	
8	45	3	43	
5	22	4	20	1	12	0	2	
6	48	3	36	0	37	
2	5	5	9	6	13	0	25	
6	34	0	50	9	31	2	42	8	29	
3	2	4	22	
5	26	
7	13	6	9	5	10	
7	26	
5	15	7	9	3	19	6	22	
1	26	5	34	7	38	
3	3	1	10	7	8	
1	29	0	27	9	30	
0	18	1	5	7	8	2	22	
2	43	
3	25	
4	37	
1	1	2	3	6	23	4	10	
4	45	7	26	
4	2	0	16	5	20	
8	42	5	27	7	38	0	35	1	45	
3	14	4	1	
9	37	8	39	2	34	
2	20	
1	28	
2	9	7	14	8	4	4	2	
0	45	5	49	
0	25	1	24	7	13	6	21	9	14	
5	40	9	48	3	34	
4	18	3	20	1	13	9	24	
5	40	8	29	
4	8	2	15	8	10	
5	29	8	47	7	30	
1	3	4	11	9	8	7	4	6	2	
0	29	
5	14	
5	35	
7	20	
2	29	9	44	7	30	
2	20	8	11	
9	35	1	37	3	44	0	46	
9	21	8	24	
2	42	9	37	
8	4	
6	47	1	50	2	40	3	30	
1	8	3	3	6	18	8	16	2	20	
5	47	9	46	2	43	1	29	3	48	
2	2	7	21	8	15	
6	31	3	28	9	37	4	34	
4	18	1	6	3	19	7	14	
8	34	
6	2	9	6	4	3	7	20	
4	35	9	48	
1	1	9	5	
5	38	2	31	3	40	6	28	7	36	
1	16	8	4	0	5	
7	39	0	41	8	34	3	47	
0	25	3	6	1	2	7	16	
4	32	6	50	
9	17	8	10	2	8	7	7	
4	38	8	33	6	27	7	45	
5	19	2	16	0	20	3	24	
1	39	5	28	9	29	0	40	
9	14	4	4	
7	31	4	29	0	38	
3	3	8	2	9	15	4	11	
2	50	4	42	0	43	5	40	
7	24	4	6	
8	35	1	29	4	31	0	33	9	34	
2	2	7	19	1	8	
4	49	6	34	3	28	
7	11	2	19	9	21	
3	29	8	48	
7	18	8	4	5	22	3	7	2	5	
9	27	
2	7	
0	27	9	43	3	34	8	30	4	39	
6	13	2	25	
5	39	3	35	6	30	7	47	2	31	
5	1	8	19	1	25	4	2	
2	30	0	38	1	31	
6	25	9	20	5	3	
1	39	4	45	5	43	
6	7	2	18	5	20	
0	32	4	50	8	42	
9	3	6	7	7	17	4	16	5	1	
5	27	
5	10	4	6	0	12	
9	40	
7	24	1	25	
8	43	
9	11	3	8	8	18	1	3	
4	37	5	41	6	34	
4	24	9	21	2	2	0	3	5	5	
8	35	6	26	5	49	
5	11	3	6	2	3	
6	26	
5	16	9	8	4	23	1	20	3	22	
6	44	4	45	

Three processing times per job on each machine
The best scenario
332	437	402	
75	193	176	
134	51	100	
175	300	151	
164	143	212	
173	61	44	
63	49	46	
125	274	264	
59	57	137	
316	333	192	
325	111	171	
183	105	182	
159	203	87	
71	155	199	
38	25	27	
266	337	223	
242	206	136	
94	131	86	
17	48	13	
289	262	443	
73	151	96	
41	69	69	
279	311	411	
470	295	212	
107	206	149	
99	194	201	
113	76	75	
150	194	183	
83	22	66	
196	159	115	
65	38	159	
31	55	44	
67	20	41	
165	406	232	
226	251	128	
281	70	151	
318	214	139	
144	530	282	
97	276	182	
29	31	21	
64	64	135	
110	84	45	
40	49	63	
142	149	99	
62	137	51	
35	103	109	
231	230	163	
91	33	62	
96	78	162	
23	116	34	
52	35	46	
77	258	174	
93	253	208	
295	183	128	
127	94	251	
236	102	285	
156	164	243	
262	216	78	
69	98	48	
118	32	83	
239	317	480	
182	155	223	
257	80	51	
94	34	181	
237	228	185	
174	59	73	
46	24	20	
23	44	17	
230	351	175	
189	157	111	
443	169	150	
22	57	57	
137	113	85	
141	83	57	
304	322	430	
47	40	40	
105	124	110	
151	236	308	
57	123	39	
68	107	88	
63	18	41	
56	16	33	
121	275	179	
18	35	19	
118	159	133	
254	145	200	
138	198	66	
126	71	128	
76	46	143	
278	178	304	
70	174	52	
212	173	153	
117	148	145	
168	161	224	
43	40	92	
311	320	290	
185	254	234	
103	130	78	
258	310	175	
134	133	84	
38	79	39	
253	255	378	
89	93	70	
71	377	107	
188	112	242	
83	60	23	
176	199	221	
125	448	354	
54	77	46	
26	67	84	
176	199	151	
32	52	30	
195	65	111	
105	59	115	
324	92	94	
54	97	54	
67	101	51	
87	215	59	
51	45	49	
51	52	34	
206	248	433	
189	323	262	
316	248	222	
299	107	175	
178	96	234	
238	273	282	
106	109	122	
201	155	175	
328	462	144	
145	24	26	
175	117	72	
173	317	100	
284	238	86	
34	34	55	
84	51	55	
194	104	74	
82	140	100	
320	316	75	
23	27	19	
260	215	146	
464	211	167	
67	86	39	
72	129	118	
212	274	134	
104	48	62	
238	178	227	
119	66	236	
268	414	299	
44	12	25	
297	128	270	
Most likely scenario
388	515	494	
104	253	213	
149	79	191	
251	310	243	
227	205	229	
220	78	64	
100	77	92	
188	315	319	
60	64	180	
388	479	203	
473	186	254	
225	117	214	
183	204	123	
84	215	215	
41	40	47	
282	394	242	
261	218	245	
179	184	93	
30	85	26	
406	288	470	
114	248	130	
53	79	124	
401	338	476	
519	514	265	
123	279	150	
114	225	298	
165	81	103	
276	336	194	
85	41	120	
210	222	164	
100	61	224	
38	93	45	
106	35	81	
260	422	306	
322	275	138	
307	140	251	
392	220	239	
163	541	322	
149	294	322	
49	62	33	
81	104	143	
134	94	49	
52	60	71	
164	163	105	
86	188	60	
58	178	122	
358	291	308	
109	61	112	
123	109	164	
46	140	62	
57	39	62	
130	303	317	
145	373	333	
315	259	206	
157	119	355	
408	144	318	
241	247	326	
264	276	97	
124	115	77	
143	64	112	
369	368	485	
346	197	225	
325	131	89	
115	62	195	
282	380	279	
270	92	102	
62	31	24	
41	50	23	
444	601	262	
304	278	203	
464	226	253	
31	80	74	
157	205	120	
144	94	90	
483	480	519	
56	45	51	
181	167	172	
226	300	529	
60	139	64	
100	162	95	
67	32	61	
99	25	65	
148	304	212	
26	44	22	
148	247	188	
507	165	364	
212	209	79	
158	88	149	
127	69	229	
306	180	343	
119	199	90	
224	336	202	
134	201	204	
231	175	246	
72	78	95	
423	340	527	
331	258	260	
112	203	140	
467	425	194	
143	139	106	
53	141	50	
292	394	430	
158	126	71	
127	426	146	
260	113	243	
87	83	25	
346	252	322	
206	484	405	
65	87	57	
34	122	98	
297	269	189	
35	94	35	
235	95	141	
146	98	137	
382	161	142	
104	146	107	
74	140	76	
111	238	94	
65	61	93	
63	83	37	
408	290	566	
193	369	378	
454	350	304	
343	208	255	
289	113	327	
368	303	328	
147	131	167	
271	172	235	
554	611	183	
183	47	48	
196	120	108	
256	353	156	
386	326	129	
51	61	76	
94	54	93	
385	155	105	
106	218	133	
438	328	105	
25	47	25	
302	301	213	
482	310	171	
100	102	53	
120	181	167	
249	415	156	
118	95	104	
455	352	272	
148	116	327	
347	447	426	
51	23	48	
320	138	416	
The worst scenario
438	581	712	
148	376	241	
179	114	254	
340	339	340	
299	267	315	
328	97	89	
149	95	110	
263	352	447	
89	84	214	
550	694	284	
686	241	264	
229	168	275	
259	249	169	
119	250	288	
60	51	49	
325	545	334	
291	253	259	
224	195	131	
44	94	37	
570	421	689	
135	281	183	
74	92	181	
451	371	561	
679	539	348	
149	331	218	
125	335	396	
204	118	117	
372	447	249	
126	44	144	
305	258	236	
106	74	321	
57	107	65	
141	49	121	
373	623	438	
473	310	146	
354	158	341	
472	247	334	
242	585	328	
194	302	422	
64	84	35	
94	114	191	
190	128	51	
70	81	100	
189	177	153	
96	233	88	
77	196	124	
375	345	417	
163	88	153	
151	152	242	
49	169	68	
82	55	93	
168	407	402	
162	404	467	
449	359	270	
185	144	371	
468	214	456	
293	354	419	
349	351	145	
153	132	108	
206	87	164	
492	515	689	
353	211	245	
398	171	96	
117	71	231	
372	475	415	
340	107	117	
70	42	25	
48	51	30	
629	746	392	
363	405	204	
502	263	315	
32	91	88	
203	289	124	
199	135	128	
490	571	770	
64	67	69	
202	171	252	
245	308	779	
90	189	65	
133	170	137	
72	46	63	
117	27	73	
174	366	314	
30	60	26	
176	350	189	
703	185	515	
271	270	80	
220	123	182	
145	78	318	
420	247	416	
166	262	119	
238	374	245	
188	207	274	
269	244	281	
92	79	97	
489	507	717	
398	369	277	
137	300	170	
676	572	270	
152	149	159	
59	204	60	
353	453	465	
231	152	72	
162	504	202	
372	134	346	
101	92	28	
412	346	447	
233	512	514	
81	90	58	
46	167	108	
302	292	253	
38	101	40	
317	136	206	
154	128	180	
510	176	164	
154	151	130	
78	180	101	
112	344	120	
66	69	134	
94	106	47	
610	365	826	
216	492	525	
463	372	337	
467	293	270	
427	148	360	
499	346	468	
173	153	175	
293	256	279	
572	720	270	
216	48	53	
256	169	112	
268	403	209	
552	339	189	
65	84	97	
132	55	99	
514	161	121	
155	237	196	
451	454	139	
32	51	33	
410	365	270	
669	451	222	
120	134	56	
157	210	202	
328	420	206	
155	132	134	
507	498	361	
160	171	368	
513	665	510	
74	34	58	
343	158	472	
