Factories	7	Jobs	150	Machines	3

Total number of component types per job processed by HSPM
11	11	9	9	8	9	10	12	6	8	5	9	6	9	8	7	5	6	12	12	5	6	10	10	5	11	8	10	7	10	5	9	9	11	9	8	6	10	8	9	5	12	8	6	10	6	9	11	12	11	5	7	7	12	8	8	10	5	10	5	12	6	10	7	11	7	5	10	5	7	7	8	10	7	10	8	9	10	5	5	11	8	6	9	5	11	11	12	10	10	6	8	8	12	7	7	9	7	6	6	5	10	9	11	6	7	10	6	12	5	5	12	10	5	8	10	9	11	12	8	11	8	12	11	11	6	12	7	11	11	11	5	6	9	11	10	7	5	9	8	10	7	8	9	9	9	11	8	9	12	

Total number of component types per job processed by MFPM
2	3	1	1	5	4	2	4	1	1	3	5	4	4	5	5	5	1	5	1	5	5	2	1	1	3	3	5	1	5	4	1	1	4	2	3	2	2	2	3	3	2	1	3	4	5	1	2	3	5	4	3	4	5	2	4	4	5	5	3	2	1	4	3	1	1	4	3	4	5	5	3	2	4	3	1	2	4	4	2	4	3	2	3	4	3	3	1	1	3	5	3	3	4	2	5	5	3	5	3	4	4	3	4	4	3	2	1	3	4	4	1	5	5	3	5	4	5	1	2	1	3	2	4	4	2	2	4	4	1	1	4	3	2	1	4	2	4	3	4	2	4	4	2	4	1	4	1	3	4	1	3	5	4	1	1	5	2	1	5	3	1	5	5	4	5	3	5	3	3	1	5	2	2	5	4	5	4	2	5	1	2	5	1	5	5	5	5	4	2	3	3	3	4	4	3	3	1	1	2	1	1	1	4	4	2	1	4	3	5	4	3	4	3	2	4	5	5	3	3	3	1	4	1	5	5	2	4	4	4	3	3	2	2	2	3	5	1	2	2	1	3	3	4	5	1	3	4	3	3	3	4	1	1	1	1	2	1	1	3	1	5	1	3	5	1	4	2	2	5	5	5	2	2	3	4	2	1	2	4	1	5	2	4	4	5	1	3	5	2	4	4	2	3	1	4	5	5	2	1	

All component type numbers for each job to be processed by HSPM
18	38	15	20	12	48	13	62	5	14	11	15	10	18	7	28	6	70	2	36	1	41	
1	71	13	16	9	3	0	37	19	73	4	51	12	36	18	35	5	25	11	56	7	29	
7	18	12	33	10	63	11	7	13	67	9	42	14	39	17	69	0	25	
5	75	11	68	1	23	3	69	14	38	10	71	19	25	7	64	9	9	
0	10	3	51	16	68	9	13	2	37	10	6	15	15	6	43	
16	20	15	52	3	70	13	56	11	9	14	14	7	6	8	11	19	27	
19	10	7	30	13	55	14	47	4	42	18	37	0	67	11	68	2	64	15	75	
5	65	13	74	10	58	2	62	9	47	19	8	0	1	14	5	7	73	15	13	4	24	3	70	
14	25	13	73	9	71	19	21	8	63	6	26	
3	13	11	54	18	17	7	36	10	53	5	64	19	7	9	55	
19	68	0	4	15	60	8	35	10	66	
1	61	3	9	7	40	6	20	11	38	4	67	12	58	19	59	17	68	
16	75	1	41	18	44	14	1	7	20	3	62	
13	49	1	39	18	2	15	74	19	58	9	66	11	55	12	1	0	34	
6	43	16	5	19	23	13	61	1	13	17	21	0	20	8	40	
6	9	19	20	5	33	8	12	1	73	3	64	16	16	
15	55	9	10	13	6	7	8	14	28	
12	60	18	24	13	4	11	38	7	18	14	10	
0	43	8	49	15	21	13	46	11	31	1	53	3	33	2	9	6	58	4	66	5	10	9	24	
11	56	18	72	15	35	0	26	2	14	5	16	19	59	7	74	3	25	14	6	4	12	9	1	
16	51	17	26	19	75	1	25	7	57	
12	7	19	57	4	15	8	44	3	64	16	30	
8	27	5	19	13	51	19	47	15	6	17	33	1	30	11	8	10	2	4	53	
2	35	14	17	10	10	11	24	6	15	12	75	4	36	7	67	1	74	3	21	
7	47	13	50	19	65	16	51	9	75	
8	70	14	46	12	27	16	41	6	20	4	13	18	75	11	74	15	26	9	6	1	63	
2	12	17	6	9	53	8	30	10	29	5	61	7	64	3	59	
3	25	9	32	12	7	14	9	4	29	5	30	11	38	17	15	16	48	18	75	
0	13	11	59	4	42	12	12	7	9	18	56	15	36	
7	66	4	24	1	58	14	30	17	59	18	42	9	18	15	16	10	53	8	74	
17	2	15	31	3	72	10	57	19	41	
14	53	12	58	11	37	2	40	5	24	18	8	9	36	4	18	19	21	
19	24	17	12	0	60	10	38	18	72	11	11	1	7	6	9	9	20	
12	68	8	35	10	60	2	18	6	58	9	65	5	48	19	2	3	28	14	72	1	45	
18	40	4	26	6	41	17	56	11	61	16	24	7	19	9	8	5	23	
18	4	12	53	16	23	7	60	13	47	1	67	4	58	19	71	
13	11	17	73	1	16	8	60	7	44	12	39	
11	60	2	38	13	68	1	70	7	2	8	8	14	66	15	9	5	22	18	74	
1	63	16	21	19	57	5	16	6	60	8	12	2	30	11	43	
8	49	13	35	7	70	17	40	19	15	6	7	11	68	14	47	15	20	
16	8	15	1	2	10	5	68	6	50	
7	70	4	30	13	66	0	33	19	7	9	13	6	20	3	74	17	68	5	12	14	63	10	54	
11	18	6	51	10	34	7	41	19	73	16	30	0	15	15	6	
14	8	0	7	3	3	12	58	9	48	4	63	
4	60	9	70	8	64	14	66	1	43	13	67	5	50	2	21	19	37	10	38	
5	74	0	22	12	59	2	21	10	52	17	9	
5	12	15	8	11	68	9	7	4	25	10	54	0	13	2	20	18	72	
3	39	14	53	2	37	19	65	5	72	4	1	13	13	9	52	1	45	17	60	6	40	
18	47	6	34	19	68	1	17	15	8	17	26	11	35	10	52	12	67	16	61	13	7	3	43	
11	24	19	21	2	15	3	67	10	7	5	58	13	74	6	49	14	17	1	52	4	35	
9	18	18	61	3	68	17	66	4	13	
12	14	4	48	13	44	15	4	19	74	7	53	8	10	
10	70	13	4	6	1	18	37	4	46	7	27	2	38	
13	57	10	37	7	54	8	59	16	19	18	35	5	66	6	14	17	69	3	72	11	9	14	61	
18	28	4	11	15	23	10	70	5	26	8	45	2	34	1	30	
12	36	4	11	0	60	6	56	19	38	3	66	17	15	15	59	
14	26	6	50	12	59	4	64	11	62	18	39	5	69	8	20	17	19	13	38	
11	7	17	57	3	19	13	16	0	5	
13	25	15	27	3	60	9	61	0	58	2	56	17	42	11	21	7	33	19	9	
0	8	8	70	18	54	2	37	7	61	
10	58	8	7	18	8	7	21	9	25	2	18	11	51	17	35	1	3	15	38	14	55	5	2	
17	8	3	5	7	28	8	56	16	53	18	64	
12	44	0	49	11	59	4	62	14	29	2	16	8	71	3	57	9	73	15	65	
16	34	13	19	17	68	6	47	7	40	0	57	5	55	
13	4	14	19	17	48	2	72	5	56	15	38	18	13	19	27	12	23	11	53	6	63	
7	73	17	6	10	32	4	64	12	51	13	15	1	53	
15	40	17	19	11	21	18	3	0	27	
15	7	3	45	0	61	16	46	4	20	14	72	12	58	11	26	17	35	9	56	
2	68	15	43	3	31	9	71	14	20	
9	63	13	69	11	61	16	3	5	1	1	21	8	25	
18	51	17	48	16	9	8	50	6	47	0	59	7	67	
3	21	8	14	16	42	4	18	18	41	2	6	15	58	9	24	
10	69	19	31	1	38	9	53	15	63	2	61	13	8	7	14	8	10	11	16	
17	47	7	49	6	6	0	29	3	71	15	69	13	41	
12	63	16	31	8	39	5	16	11	19	18	71	10	20	7	18	14	30	13	26	
0	6	2	57	11	75	7	33	19	39	6	20	4	15	15	34	
19	52	17	65	2	25	11	34	18	14	7	43	13	26	6	59	15	11	
4	28	5	32	15	13	7	65	1	8	3	41	19	75	13	25	0	11	17	20	
14	65	10	28	19	7	2	72	15	55	
2	55	17	58	13	39	5	46	3	4	
12	8	4	12	9	25	5	56	14	50	13	59	18	13	16	15	15	38	11	47	1	64	
8	34	4	9	16	14	15	15	14	40	7	49	2	64	10	23	
14	44	19	60	18	10	16	46	7	22	13	52	
2	13	9	32	6	65	8	67	13	19	1	42	16	11	18	24	7	37	
15	27	17	41	12	31	7	74	6	44	
3	46	1	64	15	49	12	23	14	61	19	26	5	37	18	11	0	1	11	22	17	39	
5	51	12	17	11	26	19	21	0	5	10	20	7	63	15	50	13	11	4	40	14	38	
14	37	4	67	6	52	11	36	3	26	12	40	13	8	16	41	2	58	8	1	15	74	1	66	
2	17	1	66	11	72	3	12	7	15	12	67	9	28	13	18	4	53	18	52	
4	8	16	42	1	31	5	6	12	47	0	28	15	49	6	29	3	36	19	62	
6	25	17	9	0	47	3	5	18	54	7	36	
2	62	14	47	15	19	13	14	16	7	5	17	11	43	8	65	
15	3	14	23	18	75	9	29	10	42	19	2	2	41	13	28	
15	63	3	31	17	14	19	64	14	51	18	9	0	54	4	22	11	19	7	53	12	55	6	11	
16	1	9	50	19	49	11	7	3	32	14	3	17	68	
0	31	10	14	7	36	12	19	6	27	11	32	13	9	
11	54	13	29	12	63	3	36	0	20	19	37	2	4	1	24	9	41	
11	62	17	29	14	32	12	6	4	57	6	56	5	34	
15	10	9	68	7	48	14	57	18	8	11	25	
18	19	3	31	7	6	4	14	11	28	13	24	
2	14	12	6	19	28	5	5	0	45	
1	45	9	35	3	60	4	53	15	1	19	6	6	64	12	37	11	62	7	54	
3	1	11	72	18	13	14	34	4	44	12	24	7	53	13	37	8	75	
13	18	2	34	17	48	3	37	5	49	15	64	16	25	10	31	19	46	7	60	18	15	
3	28	19	65	11	72	7	22	13	70	17	29	
18	34	17	3	3	32	12	24	15	50	6	66	0	70	
11	45	9	48	0	42	2	14	17	60	1	43	8	28	19	38	4	68	7	16	
3	2	5	59	6	50	14	30	1	36	18	29	
9	26	12	52	10	32	6	74	11	4	17	8	0	13	8	35	13	54	1	39	4	43	18	68	
16	62	19	65	0	42	5	39	12	69	
13	56	11	46	17	11	7	28	5	65	
17	30	13	10	19	52	12	61	5	68	9	33	2	71	18	56	1	29	4	60	0	45	11	28	
5	5	13	30	4	24	10	4	1	65	17	60	6	16	3	31	12	63	2	37	
14	73	1	24	17	6	18	71	13	36	
18	3	17	41	8	74	7	14	14	65	3	73	4	16	16	20	
2	6	15	45	18	72	14	50	12	18	4	8	0	28	19	62	5	55	6	46	
16	56	6	39	8	47	4	37	18	46	7	28	5	18	14	75	9	42	
16	57	9	36	11	34	8	32	13	7	14	29	3	17	17	67	2	66	5	12	15	19	
8	72	13	26	0	21	11	12	16	30	17	9	14	50	5	53	4	67	18	46	19	71	10	36	
7	37	6	71	9	47	5	7	19	29	0	6	13	75	17	53	
19	43	13	52	18	73	16	21	8	24	4	61	1	41	12	19	7	17	9	57	11	48	
14	18	18	7	17	73	1	29	9	53	7	24	2	71	12	61	
19	17	17	20	16	59	0	6	14	73	2	4	18	32	13	71	5	13	10	51	15	69	6	27	
14	42	16	3	4	41	3	66	1	75	8	71	11	33	10	12	19	14	0	11	5	58	
1	73	4	63	18	51	15	26	17	20	13	3	2	36	16	22	5	38	10	48	9	8	
8	58	4	5	0	66	16	6	1	56	2	65	
5	13	6	38	19	43	9	71	7	28	14	30	15	11	2	17	3	66	13	73	16	12	8	33	
5	21	16	51	14	39	6	1	7	7	0	18	8	37	
0	14	3	52	11	19	13	65	17	66	6	37	15	42	12	46	2	40	9	64	4	56	
12	72	11	39	1	7	6	24	14	50	7	14	18	4	5	12	19	31	4	29	13	65	
0	19	1	58	17	22	6	43	8	75	3	48	11	40	15	12	12	28	9	53	4	65	
13	27	7	26	8	18	19	60	10	32	
13	64	6	61	14	65	17	57	12	11	11	31	
5	51	16	74	18	22	10	25	11	42	15	62	13	33	9	34	17	39	
3	5	19	46	10	2	11	31	17	74	13	35	18	45	12	51	7	10	15	21	6	41	
13	31	15	49	3	52	10	48	19	17	0	28	5	59	4	62	2	65	6	1	
14	11	15	20	1	48	3	55	13	28	7	52	11	43	
4	59	1	69	10	66	15	58	0	9	
11	32	12	22	0	13	10	4	4	47	18	30	8	39	1	12	13	56	
17	16	9	26	15	10	10	72	18	58	1	11	8	53	16	40	
8	34	1	69	4	11	9	43	11	14	19	6	3	67	14	30	13	1	17	57	
0	39	3	5	1	68	17	17	2	12	13	41	6	55	
15	3	14	35	2	64	19	62	10	71	11	41	8	44	6	24	
10	70	18	40	9	65	17	4	1	42	13	55	6	74	14	11	3	17	
10	31	11	10	2	41	7	7	6	42	9	19	19	30	3	14	8	22	
18	31	3	74	8	62	10	20	11	14	15	38	12	73	9	46	7	54	
2	62	15	34	12	21	4	65	14	43	5	52	9	7	17	35	6	30	0	47	7	53	
0	45	6	64	17	23	16	58	8	2	5	21	2	6	4	13	
13	50	8	26	0	56	16	40	15	27	3	55	18	37	10	33	17	3	
16	60	19	10	6	72	3	68	7	40	18	59	10	69	4	47	14	36	12	18	8	39	17	70	

All component type numbers for each job to be processed by MFPM
1	12	5	6	
4	38	5	36	7	34	
2	10	
3	48	
1	12	8	15	5	17	6	10	7	20	
4	26	8	35	2	36	0	39	
8	10	9	7	
1	47	4	49	9	40	0	28	
1	21	
6	30	
6	10	4	23	5	20	
1	36	8	35	9	44	6	30	0	42	
9	8	2	2	1	6	0	4	
1	28	6	45	8	40	3	50	
1	17	6	22	0	12	8	23	7	13	
1	36	2	45	6	26	9	50	7	31	
4	2	9	13	6	11	3	14	1	3	
8	32	
7	6	9	13	8	10	3	15	6	20	
8	47	
4	20	2	15	0	7	7	14	6	1	
5	49	9	27	1	30	2	26	8	35	
7	1	8	7	
8	40	
5	5	
7	28	4	48	9	27	
8	8	0	23	9	1	
1	44	5	31	3	42	9	48	2	27	
6	1	
7	50	6	31	3	32	0	35	4	38	
4	5	0	3	3	17	7	4	
2	29	
1	2	
4	28	8	33	9	45	7	31	
4	15	3	12	
7	29	9	34	0	38	
3	12	0	13	
6	47	8	29	
2	2	0	10	
4	26	0	44	9	38	
9	2	7	5	1	8	
1	48	6	49	
3	18	
0	46	1	49	2	48	
5	13	8	19	7	9	9	11	
8	48	9	42	2	49	7	28	3	33	
5	3	
1	31	4	37	
1	17	8	7	9	13	
2	46	8	37	0	47	4	48	5	43	
4	12	9	18	0	11	7	17	
2	44	0	30	7	43	
9	13	8	9	4	21	7	20	
0	31	4	50	3	28	9	39	7	40	
9	19	5	3	
8	50	6	37	1	28	7	46	
1	12	2	25	7	21	4	14	
5	31	4	26	1	49	9	38	7	34	
9	4	5	22	7	15	1	21	8	24	
7	30	0	47	1	45	
6	4	4	23	
2	33	
6	14	9	16	7	17	2	21	
2	39	9	49	5	43	
9	13	
9	28	
1	7	6	10	9	15	4	2	
5	28	0	39	4	48	
3	9	8	3	5	16	2	19	
2	48	8	44	4	31	1	46	9	34	
1	6	3	12	9	4	6	25	0	1	
6	42	4	32	1	40	
4	14	8	10	
9	32	4	42	5	27	3	44	
1	22	0	23	7	7	
0	26	
5	5	2	8	
3	42	4	47	8	45	7	35	
5	17	6	6	8	10	1	15	
9	38	6	42	
9	23	3	6	1	21	2	19	
9	36	5	29	6	32	
3	20	6	21	
9	48	8	38	4	45	
1	16	7	18	4	25	8	15	
9	50	2	31	1	27	
0	15	3	21	6	17	
9	36	
4	1	
6	33	0	29	7	38	
8	25	7	7	4	16	5	1	6	4	
9	49	6	46	7	28	
9	24	3	16	4	23	
5	34	8	36	3	38	0	37	
0	1	6	15	
4	32	9	45	0	36	2	27	5	47	
3	25	0	16	7	24	6	13	1	1	
0	32	1	34	8	38	
3	6	6	3	7	24	0	22	4	8	
6	50	7	32	4	34	
4	14	7	9	5	3	2	19	
8	37	5	44	9	26	7	48	
1	21	6	14	0	7	
0	38	5	30	7	44	8	36	
9	25	8	2	0	22	6	9	
1	34	5	41	7	46	
3	8	0	22	
5	39	
5	10	4	17	9	11	
4	29	2	48	3	28	8	33	
4	25	6	23	7	17	8	24	
4	35	
1	1	9	19	4	15	5	22	2	12	
7	26	1	32	2	47	8	27	4	45	
0	25	5	10	4	21	
6	48	5	36	7	35	3	29	9	28	
9	2	4	5	1	18	5	10	
0	30	8	45	4	49	6	39	1	40	
9	16	
5	30	4	42	
9	23	
6	39	7	42	2	45	
7	7	2	10	
9	38	5	36	2	49	3	30	
5	4	3	10	4	21	9	5	
0	27	1	49	
2	25	8	22	
4	26	0	47	5	42	8	33	
7	25	5	7	1	12	9	4	
6	31	
5	6	
5	43	6	27	9	49	2	35	
2	5	4	11	8	2	
9	31	0	46	
7	18	
5	50	1	27	4	49	2	30	
5	24	4	25	
6	31	5	35	7	42	0	37	
8	25	7	9	5	12	
7	40	1	28	3	29	5	34	
2	15	8	9	
1	39	3	37	2	26	4	41	
8	20	6	15	4	25	2	4	
5	41	4	37	
1	5	7	4	4	20	6	2	
1	46	
2	6	9	8	7	21	5	24	
0	36	
4	8	3	13	8	10	
3	36	4	34	2	48	9	31	
4	1	
4	49	5	31	6	43	
9	7	7	8	3	20	8	2	0	19	
6	26	4	35	8	33	2	27	
4	20	
9	42	
0	16	4	23	2	25	8	22	3	8	
9	31	2	48	
0	17	
0	50	3	38	2	36	6	32	7	34	
0	5	6	13	4	17	
6	40	
2	18	1	5	7	20	3	11	6	2	
3	36	6	27	7	43	8	32	0	40	
3	14	2	23	4	18	6	15	
7	31	8	30	1	45	5	33	0	38	
7	9	6	18	8	19	
8	35	6	50	0	41	1	36	5	46	
2	1	1	6	6	23	
4	30	1	36	5	34	
1	13	
9	50	5	36	1	43	7	41	3	28	
3	15	7	6	
1	27	0	40	
1	7	4	16	0	19	6	12	5	8	
4	42	2	48	0	36	5	33	
2	23	6	16	9	2	3	25	0	14	
8	37	1	28	4	44	0	33	
2	19	1	17	
2	31	5	50	0	35	4	30	6	28	
8	23	
2	45	1	37	
4	9	2	7	7	1	0	8	3	3	
5	36	
1	11	0	19	2	25	5	21	4	14	
2	36	6	49	4	27	8	26	5	28	
3	19	4	15	5	5	0	25	8	16	
0	49	2	34	9	30	7	48	6	44	
7	12	1	18	6	4	2	14	
0	45	9	27	
0	7	7	25	3	6	
7	41	3	30	8	47	
2	17	7	19	3	6	
4	49	9	45	8	41	2	42	
5	12	1	1	9	16	7	7	
3	35	6	39	4	30	
5	16	2	9	9	13	
2	39	
9	10	
5	49	9	29	
2	14	
8	29	
2	20	
7	32	1	47	4	36	3	42	
0	19	1	10	9	25	6	4	
0	28	3	30	
8	21	
1	37	5	41	6	42	7	39	
6	4	0	14	4	15	
9	30	5	41	8	31	6	28	4	39	
9	17	2	20	3	18	1	25	
6	45	5	37	7	38	
5	8	6	13	4	1	1	18	
8	34	5	28	1	45	
7	12	9	9	
2	42	7	27	9	37	0	34	
4	6	1	22	8	12	9	3	2	21	
9	40	5	42	0	43	1	44	8	29	
6	24	5	10	4	22	
0	39	4	50	7	49	
6	24	8	4	9	10	
4	32	
2	17	9	15	6	5	0	13	
8	43	
6	7	1	18	4	2	0	3	9	13	
0	46	9	47	4	48	3	34	8	31	
9	9	7	25	
8	28	5	43	4	47	6	38	
6	6	3	13	7	17	4	9	
8	47	3	43	2	44	6	46	
9	16	7	14	6	25	
5	36	0	26	9	43	
4	14	3	12	
7	32	1	46	
9	16	8	23	
8	44	0	39	9	33	
0	3	2	8	4	15	5	4	7	14	
3	27	
6	4	8	8	
2	47	7	27	
7	5	
5	39	9	41	2	38	
7	6	2	12	3	23	
4	49	0	36	9	48	7	32	
9	23	2	3	5	2	8	25	6	22	
1	44	
9	8	6	25	2	4	
2	45	6	37	7	26	1	32	
7	7	8	24	5	6	
3	43	1	40	4	49	
9	4	0	24	2	20	
2	46	3	36	6	50	7	34	
5	16	
2	48	
7	8	
6	37	
7	25	6	6	
2	28	
5	16	
0	33	8	49	5	37	
6	1	
7	44	3	31	6	34	2	42	0	26	
7	16	
9	34	1	36	7	49	
0	7	1	21	9	5	7	23	6	14	
3	32	
1	5	9	17	8	19	7	3	
8	45	1	50	
3	20	6	2	
0	36	7	38	8	40	9	28	6	47	
8	17	5	12	2	23	6	11	9	1	
8	46	4	33	9	27	5	49	2	43	
9	4	5	19	
3	26	0	39	
7	19	1	22	6	3	
2	28	6	46	9	35	0	44	
4	9	3	1	
6	42	
9	16	3	15	
3	42	8	40	0	41	9	37	
1	14	
8	33	9	27	1	43	5	26	4	39	
1	2	3	12	
1	37	6	42	7	45	8	34	
2	9	5	14	7	4	8	13	
6	35	1	43	8	41	5	30	2	26	
1	13	
7	46	8	26	6	28	
8	15	2	18	9	7	0	9	3	21	
2	33	8	50	
4	13	2	10	5	8	7	12	
4	34	0	35	1	42	6	26	
3	16	4	12	
9	48	8	29	7	30	
9	6	
7	47	2	38	0	40	1	28	
0	12	2	18	9	22	5	8	3	1	
8	47	0	38	7	34	5	27	1	43	
1	17	4	14	
0	43	

Three processing times per job on each machine
The best scenario
202	933	890	
118	96	115	
256	282	315	
475	671	372	
412	346	849	
838	485	681	
451	355	271	
418	437	191	
423	131	367	
280	251	250	
1288	489	676	
1116	452	253	
216	350	152	
692	268	303	
334	320	691	
151	504	147	
193	449	230	
601	842	601	
458	610	385	
942	559	382	
247	181	442	
683	1051	537	
746	326	491	
845	825	488	
164	142	183	
432	734	211	
147	590	244	
135	129	218	
781	888	566	
280	643	634	
201	428	358	
237	405	433	
314	127	268	
242	125	219	
306	783	883	
224	159	273	
176	166	67	
312	764	384	
293	246	354	
306	141	494	
686	391	462	
568	448	672	
727	402	683	
401	675	338	
75	68	117	
194	162	88	
244	119	268	
219	520	312	
172	305	160	
217	400	523	
167	291	64	
56	86	59	
119	142	182	
504	229	143	
126	75	140	
514	561	189	
322	541	798	
266	220	513	
97	167	108	
245	155	183	
776	997	640	
445	772	610	
132	514	213	
260	306	245	
221	365	457	
119	156	125	
349	304	114	
314	199	357	
480	304	419	
190	104	37	
204	862	374	
187	413	176	
477	420	364	
979	177	827	
496	234	333	
981	1107	466	
381	473	137	
99	48	46	
553	311	634	
418	107	246	
230	224	378	
180	121	400	
151	387	288	
1047	280	281	
359	857	398	
718	509	248	
692	1194	433	
466	278	522	
234	536	341	
197	82	232	
336	267	260	
120	176	231	
760	478	268	
103	132	131	
814	505	448	
411	898	396	
97	140	64	
563	409	137	
105	168	204	
366	275	387	
622	690	488	
941	688	515	
296	244	99	
483	132	206	
365	283	200	
787	953	1134	
108	158	178	
132	64	178	
118	92	68	
374	187	515	
195	516	592	
213	186	182	
540	346	317	
573	221	616	
471	260	572	
294	1191	621	
39	54	67	
305	56	316	
898	961	896	
180	318	208	
860	447	368	
265	575	555	
564	327	490	
755	697	842	
156	81	31	
330	412	446	
56	131	46	
114	498	204	
241	584	553	
1169	595	549	
837	608	704	
234	438	262	
275	593	814	
301	131	205	
405	674	821	
752	285	364	
246	190	158	
1151	519	1086	
229	157	144	
513	173	912	
335	69	154	
600	583	265	
261	166	94	
164	710	287	
243	355	233	
276	804	281	
396	269	810	
752	419	1030	
941	370	307	
424	502	193	
Most likely scenario
363	995	904	
150	164	148	
420	368	503	
652	1081	663	
489	483	924	
919	579	1265	
497	425	491	
455	445	200	
506	226	482	
338	259	367	
1361	564	992	
1219	636	444	
227	360	160	
760	375	365	
401	539	922	
290	511	236	
214	469	318	
856	1100	637	
545	748	513	
969	792	547	
367	182	586	
698	1145	732	
900	402	636	
915	921	845	
269	270	241	
821	936	273	
290	956	294	
245	134	353	
869	1149	630	
333	896	660	
230	695	618	
288	601	813	
501	225	418	
292	132	367	
569	1052	1246	
295	185	469	
303	209	80	
375	1255	593	
337	334	405	
316	272	529	
1029	471	683	
738	634	714	
1056	571	829	
801	917	544	
125	105	173	
211	177	102	
359	137	446	
261	580	468	
178	453	229	
364	533	535	
317	371	118	
70	95	115	
222	269	189	
622	321	215	
222	136	165	
948	776	271	
389	836	890	
304	387	522	
142	296	161	
299	273	245	
929	1142	691	
514	1191	917	
201	524	327	
452	468	331	
331	515	476	
197	168	130	
420	415	122	
355	302	453	
679	379	434	
209	172	57	
373	941	636	
368	443	210	
503	675	720	
1131	324	965	
599	260	532	
1109	1120	795	
395	497	218	
153	69	88	
931	394	689	
474	203	327	
309	323	421	
226	229	459	
282	461	332	
1088	553	307	
705	884	655	
856	709	358	
1109	1264	594	
791	467	668	
266	887	419	
220	121	266	
621	465	446	
140	195	277	
885	585	499	
192	214	221	
938	876	682	
450	1048	476	
149	206	108	
622	455	242	
135	171	205	
658	298	442	
686	736	734	
1019	1079	558	
332	292	109	
507	245	245	
443	336	393	
1212	1104	1389	
166	237	353	
234	88	183	
155	110	83	
560	279	519	
291	684	990	
298	316	271	
546	353	370	
599	244	657	
629	359	671	
543	1355	728	
56	107	97	
322	96	387	
1335	1017	1042	
237	328	230	
908	741	412	
424	602	752	
615	511	503	
963	887	1037	
198	93	59	
441	526	462	
86	245	64	
184	644	238	
360	1003	906	
1188	1093	1013	
1010	753	840	
320	473	351	
489	1155	1017	
376	188	373	
666	999	909	
818	387	428	
270	268	182	
1303	706	1461	
304	267	153	
1003	265	994	
463	131	188	
787	645	401	
291	187	180	
282	847	288	
341	398	314	
449	1035	419	
671	464	1042	
1056	500	1073	
944	637	543	
516	792	372	
The worst scenario
410	1314	1012	
172	218	210	
577	487	581	
783	1613	887	
601	595	1160	
1218	767	1497	
561	603	704	
654	491	242	
595	276	627	
453	344	548	
2036	824	1090	
1363	795	486	
332	506	195	
1044	507	369	
531	560	1298	
359	536	349	
244	536	369	
1100	1634	864	
562	752	544	
1134	901	565	
430	184	766	
752	1240	799	
1111	549	698	
1141	1244	1253	
344	332	250	
912	1319	383	
375	1399	425	
308	153	407	
900	1434	681	
386	1214	731	
321	893	918	
397	606	884	
552	289	608	
303	180	471	
758	1106	1684	
320	255	656	
443	213	104	
438	1686	653	
452	465	573	
400	284	534	
1261	535	1011	
904	942	971	
1509	678	932	
1197	1230	798	
126	115	209	
288	196	144	
511	161	486	
372	740	498	
187	564	298	
484	705	595	
459	464	171	
75	114	128	
289	384	219	
859	450	229	
282	192	199	
1093	934	388	
493	1021	1118	
450	454	565	
204	436	225	
320	323	364	
1310	1687	908	
647	1210	1242	
293	542	446	
495	634	333	
414	764	542	
284	198	137	
621	453	134	
518	365	488	
844	468	450	
307	178	69	
481	1135	638	
466	586	257	
631	853	1070	
1321	433	1015	
668	350	751	
1468	1423	1091	
458	618	278	
188	102	95	
1179	438	905	
499	289	374	
425	408	460	
296	265	654	
303	686	333	
1188	743	383	
1000	1104	802	
1184	903	512	
1378	1276	619	
1012	489	883	
361	909	565	
316	178	372	
767	614	643	
160	275	317	
1200	760	609	
195	320	295	
1374	1292	902	
496	1490	661	
187	247	121	
918	640	255	
187	252	213	
928	430	636	
754	844	918	
1473	1505	634	
472	296	117	
755	315	366	
494	426	473	
1245	1352	2022	
183	274	479	
277	103	240	
222	113	101	
657	329	700	
327	1008	1304	
301	418	401	
555	458	471	
650	313	872	
791	537	766	
743	1803	1013	
83	152	110	
444	122	441	
1386	1451	1446	
247	422	344	
1118	754	502	
510	753	857	
844	701	688	
1026	1227	1534	
246	119	78	
496	763	626	
96	285	94	
236	768	246	
411	1020	1266	
1222	1138	1139	
1290	976	1089	
429	584	377	
659	1635	1187	
380	237	452	
992	1311	1088	
1047	443	523	
361	294	212	
1766	934	1937	
408	384	169	
1202	379	1427	
652	189	206	
906	788	596	
353	259	197	
378	1132	341	
400	524	342	
543	1394	583	
786	491	1236	
1248	559	1500	
1090	670	696	
681	1165	500	
