Factories	4	Jobs	50	Machines	3

Total number of component types per job processed by HSPM
9	7	7	10	5	6	9	7	7	9	6	8	5	12	10	10	11	8	6	5	9	11	9	7	9	12	10	6	7	9	8	5	10	11	5	9	10	5	9	12	9	9	11	10	7	12	5	10	9	11	

Total number of component types per job processed by MFPM
3	4	5	5	2	5	1	4	5	1	1	4	3	2	5	3	1	5	3	4	5	2	3	2	3	2	2	5	4	5	5	2	1	4	5	1	1	4	3	2	5	1	1	4	2	3	4	2	5	1	1	1	1	3	3	4	3	2	3	5	1	2	2	4	5	4	2	5	1	3	5	5	5	3	1	2	3	3	1	4	5	4	2	1	4	3	5	1	2	3	1	3	2	5	3	5	1	5	2	5	

All component type numbers for each job to be processed by HSPM
8	67	4	62	10	12	9	28	2	35	17	60	6	72	12	15	13	30	
19	51	15	43	3	22	11	72	4	37	16	44	2	63	
2	74	10	56	19	50	0	20	9	61	1	59	16	48	
17	74	0	56	6	30	4	47	8	26	2	49	15	52	9	14	13	54	16	4	
9	20	17	19	5	70	11	25	10	16	
8	74	17	35	2	56	4	57	7	7	19	42	
15	48	1	28	17	12	12	54	7	68	10	9	6	20	3	34	0	43	
10	4	8	18	2	62	16	54	5	56	3	61	7	72	
12	23	9	11	17	43	15	34	11	35	10	8	19	21	
5	60	1	6	18	33	19	40	11	5	7	66	15	52	9	32	0	68	
6	59	18	74	3	21	19	61	17	10	9	1	
12	35	15	7	16	70	4	42	6	5	7	41	8	16	11	56	
6	62	2	4	14	47	12	71	5	43	
7	2	19	42	9	38	0	55	16	59	18	32	6	68	13	60	10	64	12	4	5	43	8	61	
8	27	4	66	3	69	18	36	15	44	13	19	2	59	19	50	1	39	7	2	
2	9	16	22	0	57	14	4	15	70	17	62	10	63	11	10	7	67	13	40	
14	3	4	49	12	6	2	52	17	75	5	39	16	71	18	65	10	17	9	48	7	27	
12	42	14	44	18	18	5	24	8	38	7	17	3	45	0	1	
3	51	17	3	5	45	16	64	2	10	1	50	
7	15	14	12	11	36	10	17	2	24	
0	68	13	49	11	30	19	18	2	62	4	44	1	10	10	39	7	52	
4	64	2	29	19	48	5	16	16	23	12	39	6	2	7	4	17	46	10	27	0	34	
17	38	10	51	18	39	14	63	7	44	5	75	3	36	16	43	19	74	
6	28	18	62	3	48	12	20	8	12	13	55	0	7	
14	4	12	62	0	55	19	41	1	23	16	31	4	75	3	25	13	65	
18	25	7	39	9	72	14	32	11	12	16	56	8	14	2	23	5	8	1	22	19	71	15	15	
0	72	8	49	6	16	13	23	15	69	10	56	9	41	1	20	17	13	12	58	
2	73	4	46	19	7	5	63	14	61	9	6	
2	37	19	29	4	30	3	49	15	36	7	71	0	74	
12	35	14	70	8	75	5	18	1	32	19	2	16	24	18	65	9	50	
9	36	2	66	18	53	4	40	3	64	17	17	12	5	8	22	
12	60	3	33	19	54	5	59	16	55	
18	63	11	71	15	46	8	6	19	69	12	49	4	59	6	44	2	31	14	43	
12	50	2	61	6	73	19	41	17	3	4	42	1	68	10	69	8	55	15	20	18	12	
0	5	2	52	10	33	13	68	8	30	
14	63	8	41	5	46	1	2	13	37	15	9	3	19	6	15	9	55	
2	28	5	16	19	75	10	35	11	17	12	65	3	2	8	62	0	60	6	52	
18	60	14	23	2	51	6	61	12	55	
6	26	13	22	0	46	7	63	3	34	10	43	5	5	18	17	11	45	
0	63	17	15	9	59	5	16	8	39	16	29	7	2	4	64	15	12	3	7	18	58	1	44	
5	49	15	15	11	50	2	51	12	5	19	22	7	11	1	48	18	39	
19	32	8	3	12	44	18	45	7	42	13	2	6	61	1	68	9	12	
5	53	15	24	13	12	2	8	14	28	18	37	3	2	9	25	4	17	6	21	0	68	
19	5	9	27	8	58	13	15	12	72	17	54	7	36	3	67	1	24	15	6	
10	63	14	19	2	10	3	25	1	69	11	59	16	57	
10	24	14	12	13	66	3	2	6	65	12	27	18	57	8	70	11	28	0	30	16	62	7	43	
14	12	18	14	0	31	19	54	8	74	
5	3	6	71	2	49	14	56	17	50	15	12	16	69	9	30	10	35	1	5	
0	43	3	6	15	57	7	22	14	5	18	39	16	31	1	19	8	40	
1	12	10	9	6	40	14	34	0	51	8	20	2	39	15	27	4	45	11	50	13	2	

All component type numbers for each job to be processed by MFPM
9	21	0	13	6	15	
2	32	1	36	4	50	0	41	
8	15	5	19	2	21	6	1	1	3	
9	39	8	35	7	34	4	50	1	41	
9	13	8	2	
5	38	1	31	3	45	9	42	8	28	
6	3	
4	34	8	48	1	32	5	50	
9	14	5	19	1	21	3	11	6	5	
8	37	
6	14	
3	43	1	49	0	32	5	29	
0	12	7	6	4	21	
3	35	2	46	
1	25	4	10	9	19	8	21	5	4	
8	37	1	36	5	31	
9	13	
4	36	3	40	8	39	5	27	0	34	
1	10	5	21	3	20	
8	41	2	34	5	42	0	38	
0	5	1	7	6	11	3	15	8	16	
1	42	9	28	
7	14	1	10	3	5	
6	40	0	28	
4	3	1	5	7	25	
7	40	3	26	
4	19	0	16	
5	31	7	32	9	37	2	45	1	48	
9	25	7	20	4	8	3	6	
0	45	5	38	6	30	3	48	9	41	
4	24	2	10	9	14	8	6	7	22	
4	42	9	39	
5	25	
5	45	8	41	7	26	4	27	
8	12	5	8	1	20	3	2	6	11	
1	48	
4	16	
3	44	7	33	1	39	2	36	
2	6	3	10	8	9	
0	46	4	35	
1	17	3	6	5	20	8	4	4	14	
2	36	
2	12	
0	31	7	49	5	41	6	38	
4	14	0	17	
6	35	8	26	2	28	
5	8	0	9	1	6	8	3	
9	32	5	33	
7	4	9	21	3	20	8	13	0	12	
1	42	
2	6	
3	35	
6	4	
7	38	0	43	1	32	
4	8	0	10	5	15	
0	38	8	35	1	31	5	40	
8	8	9	25	5	19	
1	43	5	36	
4	15	9	17	0	4	
0	28	7	41	1	31	3	49	6	47	
8	18	
5	42	4	43	
0	11	8	19	
4	46	5	32	7	26	0	34	
5	22	9	2	0	25	7	21	4	10	
9	46	3	41	1	44	8	48	
0	4	6	20	
2	37	6	49	8	44	5	47	9	46	
0	8	
7	34	3	45	0	43	
3	25	0	19	4	4	9	21	5	22	
6	37	1	28	2	45	8	49	9	26	
9	12	5	10	0	9	8	23	6	5	
6	48	9	42	0	26	
3	3	
1	33	6	29	
8	21	3	25	2	13	
7	28	3	45	8	32	
0	3	
5	26	0	33	6	50	1	48	
7	22	8	11	3	7	1	9	4	18	
2	38	6	47	1	31	8	27	
2	18	3	5	
1	35	
3	4	7	2	2	18	9	25	
4	30	2	36	5	33	
7	17	9	25	8	14	1	10	4	2	
1	32	
5	25	1	22	
3	49	1	28	8	43	
3	15	
7	49	2	30	6	33	
0	16	5	20	
4	42	8	30	6	33	0	49	2	34	
9	24	1	4	4	12	
5	37	6	46	8	34	0	48	2	38	
4	6	
1	30	3	33	4	47	5	43	2	31	
7	18	4	5	
9	50	7	34	6	46	1	47	3	36	

Three processing times per job on each machine
The best scenario
731	987	480	
253	102	89	
734	150	473	
323	771	479	
302	318	341	
148	76	83	
73	112	54	
743	882	648	
169	236	327	
664	317	372	
154	472	142	
143	296	399	
710	640	552	
260	600	617	
379	697	599	
741	509	364	
586	709	324	
253	199	435	
259	556	431	
420	1131	497	
766	641	165	
90	103	104	
90	226	322	
152	548	729	
514	131	191	
144	273	271	
620	384	292	
632	159	269	
94	281	239	
572	628	429	
1012	303	508	
167	53	72	
71	78	147	
1344	951	898	
226	318	263	
376	265	593	
318	487	344	
683	697	562	
169	300	485	
244	218	189	
634	277	129	
753	588	715	
238	351	285	
899	631	406	
192	103	150	
312	322	288	
157	293	306	
516	208	494	
153	155	234	
308	205	418	
Most likely scenario
834	1242	649	
278	111	157	
789	197	814	
433	1218	789	
507	457	468	
155	85	136	
81	149	55	
1004	1003	993	
287	345	341	
739	378	391	
199	490	163	
251	458	464	
712	677	602	
422	721	1138	
671	974	733	
796	864	386	
1134	990	472	
428	211	459	
401	572	439	
532	1202	728	
999	858	307	
153	198	191	
158	282	483	
304	571	749	
643	198	340	
269	277	278	
622	501	302	
1057	293	395	
131	485	295	
711	783	741	
1116	413	542	
174	79	99	
74	152	196	
1418	1208	1313	
268	399	426	
548	506	631	
361	742	388	
1024	1108	726	
191	420	491	
291	327	205	
750	428	243	
987	1041	1078	
404	532	460	
1140	717	479	
263	205	213	
318	423	481	
241	512	538	
577	288	631	
263	257	248	
471	249	430	
The worst scenario
1167	1543	836	
374	139	235	
1080	261	946	
447	1503	1146	
698	683	620	
209	121	169	
82	200	66	
1433	1143	1348	
385	347	400	
921	414	519	
243	719	232	
298	506	689	
875	788	694	
427	757	1509	
912	1178	1060	
854	883	428	
1246	1226	517	
450	264	608	
551	790	569	
606	1263	883	
1016	1246	447	
184	245	211	
171	373	654	
336	759	982	
941	285	391	
286	312	342	
846	657	352	
1175	344	568	
191	523	334	
868	1150	834	
1120	602	807	
214	83	107	
98	219	247	
1502	1290	1472	
309	586	496	
777	569	679	
418	1020	467	
1433	1198	874	
242	588	616	
310	446	286	
917	460	323	
1234	1396	1130	
540	535	474	
1172	992	533	
377	270	225	
334	476	515	
343	653	780	
817	315	834	
375	343	353	
477	286	513	
