Factories	2	Jobs	100	Machines	3

Total number of component types per job processed by HSPM
10	10	7	8	6	9	5	10	11	5	6	7	9	8	9	11	8	7	12	10	6	12	9	11	7	9	5	10	12	10	10	7	7	10	5	9	6	8	10	6	6	12	6	7	9	5	6	8	11	5	6	6	10	7	5	12	12	7	7	7	6	11	10	9	10	9	5	11	8	9	6	6	8	12	11	11	6	5	12	9	7	6	7	8	12	6	11	12	5	11	9	12	8	11	7	11	10	7	7	7	

Total number of component types per job processed by MFPM
3	5	5	5	3	3	4	1	3	2	1	1	5	4	4	2	2	1	2	1	1	2	5	4	5	3	1	2	3	1	5	2	2	2	1	1	5	2	2	2	3	2	5	2	4	3	5	2	3	4	5	4	3	1	3	5	4	3	3	5	1	2	5	5	1	3	3	4	3	3	1	3	4	2	1	4	3	1	1	1	1	1	1	2	5	5	5	1	4	1	2	1	3	2	5	1	2	3	3	5	2	2	4	2	1	5	1	2	4	4	1	4	1	2	1	3	4	4	5	2	1	5	4	5	2	2	2	4	5	4	5	1	2	1	4	3	3	2	3	4	4	5	2	3	5	1	1	3	5	2	3	4	5	3	2	4	4	1	1	1	5	3	4	2	4	1	4	5	5	4	4	5	4	3	4	5	2	2	2	3	2	1	5	4	1	4	1	5	2	3	2	4	3	4	1	3	5	3	4	1	

All component type numbers for each job to be processed by HSPM
10	60	0	47	16	46	15	11	7	66	18	4	8	10	12	26	1	64	9	43	
11	46	13	11	5	7	12	33	6	61	7	49	9	51	14	56	18	40	17	34	
12	54	16	2	2	47	19	74	6	14	4	21	9	68	
3	44	12	3	18	9	19	65	4	40	9	60	16	6	0	63	
6	9	1	75	7	41	9	23	18	45	14	58	
5	19	14	39	15	35	2	5	1	10	13	63	7	43	19	12	16	60	
5	46	14	28	2	8	6	60	7	53	
0	1	9	5	7	70	1	4	11	73	14	67	12	6	6	47	13	65	19	39	
7	36	15	54	3	37	8	14	11	66	5	3	4	51	0	6	19	73	2	50	1	13	
2	49	3	38	4	72	12	54	11	59	
12	12	1	50	11	58	19	1	8	32	5	66	
5	40	4	57	12	39	17	36	3	43	9	70	2	72	
9	43	0	53	19	61	10	55	8	8	1	46	6	20	3	23	15	44	
9	39	8	67	10	32	0	34	19	15	11	44	2	52	17	59	
19	19	18	33	1	1	9	56	15	12	6	50	5	16	10	31	7	57	
8	25	15	65	13	40	19	32	16	5	2	48	9	50	0	31	10	3	4	7	7	59	
19	43	15	30	5	47	10	18	17	8	9	36	4	11	11	7	
3	58	5	17	7	47	11	4	14	1	18	74	0	26	
12	17	15	30	14	20	1	66	16	62	10	23	17	43	8	69	2	22	9	10	18	39	11	74	
6	35	1	57	11	51	13	41	7	18	8	22	5	59	2	74	16	50	0	30	
0	7	9	47	1	49	16	43	6	61	7	33	
7	57	8	31	18	14	14	33	6	18	12	10	10	46	1	75	9	36	5	15	0	52	4	7	
17	45	3	32	0	24	11	2	18	71	12	11	10	56	4	57	9	29	
6	53	8	66	3	72	15	74	0	20	5	8	7	25	14	46	1	64	12	56	13	3	
18	11	12	71	1	72	16	56	10	36	6	22	19	74	
12	33	18	28	2	16	14	44	13	50	16	42	0	52	9	3	6	41	
3	22	2	1	5	2	14	18	1	41	
8	29	12	23	3	6	19	1	10	10	14	40	6	36	11	52	9	57	5	56	
12	61	3	20	11	57	15	73	8	10	10	7	16	32	2	30	19	53	6	62	1	43	7	15	
6	72	13	62	4	73	19	56	16	70	11	6	8	36	18	31	15	35	3	42	
8	25	18	12	10	20	15	11	2	49	6	10	14	28	4	15	9	52	0	31	
8	52	16	67	2	21	1	64	10	69	19	17	6	57	
8	16	15	15	10	22	11	54	19	39	4	7	5	38	
7	4	19	63	14	56	18	22	1	58	12	73	15	39	17	57	11	52	8	71	
1	33	8	31	12	35	0	39	18	46	
7	13	3	67	9	56	16	25	15	46	4	47	10	53	11	12	19	35	
17	13	6	50	5	73	4	3	3	27	14	32	
11	35	17	30	18	56	7	50	0	29	8	27	13	2	12	52	
3	3	18	54	16	9	11	29	10	5	8	7	0	32	17	2	13	22	12	48	
17	49	10	48	3	71	11	41	15	70	13	35	
5	68	19	19	9	61	15	66	11	4	6	70	
9	66	0	60	14	31	2	37	15	46	7	29	17	44	13	8	8	24	1	59	11	26	18	15	
12	54	5	70	6	33	3	12	11	46	1	25	
0	48	4	74	3	14	5	70	9	71	13	63	14	7	
12	39	10	26	15	34	3	72	5	59	6	37	14	20	13	45	0	65	
16	19	12	71	2	31	9	20	11	56	
4	8	2	27	1	54	19	28	13	50	10	6	
12	55	14	42	19	46	15	45	16	5	17	48	18	16	11	33	
3	52	6	41	0	29	9	62	16	51	7	50	19	13	18	71	14	48	10	69	4	20	
11	75	4	43	14	3	1	35	10	42	
10	35	11	66	12	67	18	37	5	64	9	49	
19	9	3	5	9	45	1	53	0	31	11	26	
10	16	15	53	8	31	0	15	7	75	11	65	17	44	14	18	16	4	19	21	
10	35	17	56	7	66	8	70	5	14	11	55	0	1	
12	53	19	54	8	51	15	19	9	57	
18	67	11	36	14	34	4	18	6	26	13	75	17	59	7	14	10	5	2	62	5	63	9	28	
0	40	18	49	15	42	4	67	3	1	17	46	13	48	5	62	2	30	9	52	6	58	11	53	
18	45	9	25	3	61	14	30	7	66	0	65	15	59	
2	27	13	64	5	35	14	2	18	9	1	74	17	1	
10	26	15	74	8	43	17	12	4	35	13	30	19	28	
12	50	11	20	8	27	17	4	10	26	13	42	
5	50	19	60	14	33	12	26	10	16	8	19	11	75	16	68	9	49	13	4	1	24	
15	2	4	60	17	33	9	30	2	59	6	13	11	36	0	52	5	64	16	18	
9	10	5	36	17	68	14	6	15	41	13	70	2	42	7	28	11	56	
17	59	5	29	6	17	2	70	11	15	18	33	0	3	4	32	10	72	16	1	
0	23	17	29	18	42	19	19	12	8	2	13	13	57	10	65	14	4	
17	10	6	34	19	62	14	33	1	71	
17	33	3	60	13	54	5	14	11	22	6	31	12	21	0	45	2	48	15	34	9	55	
16	37	14	49	2	46	13	38	3	12	15	64	10	45	9	48	
18	12	0	26	2	41	10	22	1	24	5	54	14	44	8	27	13	28	
1	28	15	55	10	74	8	23	9	1	18	71	
7	15	16	50	8	47	15	4	19	27	4	30	
1	15	11	27	6	2	12	60	2	59	16	42	0	37	10	56	
15	64	4	51	9	36	11	73	10	74	12	63	5	8	6	58	19	39	7	21	3	1	13	17	
2	3	17	66	9	5	8	64	0	9	15	26	5	21	4	44	6	4	7	10	16	30	
9	15	10	75	18	62	13	6	1	55	17	31	4	14	6	35	3	32	15	64	7	19	
8	2	5	6	12	44	1	74	2	25	9	3	
14	13	3	44	7	65	17	39	2	10	
8	13	15	2	2	10	14	34	11	24	18	19	19	33	4	58	10	71	0	3	13	57	17	17	
3	55	9	20	15	3	16	10	14	34	8	7	11	13	19	70	12	8	
1	68	0	41	17	57	7	40	6	24	10	33	8	27	
4	15	15	26	5	5	18	47	1	20	7	8	
4	61	2	25	8	31	6	52	11	66	7	62	9	69	
17	16	5	11	19	34	8	69	16	18	15	12	7	5	14	65	
16	46	7	37	13	33	10	23	0	39	18	66	11	38	5	61	15	29	9	36	6	20	1	72	
16	22	10	68	0	62	17	9	6	42	7	21	
18	7	2	13	3	59	5	33	13	14	0	63	15	20	12	29	1	12	8	46	14	68	
10	7	6	48	2	15	3	17	12	59	16	49	18	55	0	60	13	11	7	37	14	50	17	9	
12	52	4	26	11	18	8	42	14	34	
3	28	16	27	13	48	17	58	9	32	18	8	4	61	14	17	19	38	5	55	7	22	
6	20	5	64	4	44	16	1	11	24	0	5	18	50	2	33	17	43	
17	71	11	36	19	72	2	12	1	42	3	29	5	57	4	75	15	34	18	24	16	46	14	67	
7	68	19	19	8	43	3	56	5	64	2	31	12	51	13	13	
19	40	7	2	6	60	8	65	13	42	14	59	16	72	1	47	2	56	3	6	12	8	
5	60	0	8	4	27	17	68	14	34	15	54	11	32	
3	68	4	52	14	21	11	35	19	64	15	22	7	17	18	55	10	73	9	57	17	40	
10	28	9	18	12	17	3	60	0	14	18	67	6	30	1	47	5	64	2	59	
11	67	14	33	9	15	15	29	7	3	10	6	1	71	
13	73	14	14	10	40	9	51	3	24	19	38	6	18	
13	6	5	62	17	51	6	10	19	35	16	33	11	20	

All component type numbers for each job to be processed by MFPM
1	23	0	22	7	14	
9	42	8	31	7	32	0	26	1	41	
8	5	9	9	7	2	4	14	3	24	
6	49	2	26	9	29	8	38	3	37	
6	13	2	12	1	18	
3	29	2	47	9	44	
3	2	8	1	5	17	6	6	
8	27	
5	9	1	24	9	7	
3	29	6	30	
2	5	
4	49	
8	17	0	8	9	15	6	25	5	13	
7	37	1	33	3	36	5	41	
6	1	2	20	3	3	7	14	
0	36	2	26	
7	9	0	14	
6	49	
2	7	3	18	
2	40	
4	13	
1	45	6	47	
1	17	7	20	0	21	6	15	9	22	
9	26	2	33	0	48	1	41	
1	12	9	2	8	19	6	25	3	22	
7	32	9	44	4	36	
6	17	
6	33	1	36	
8	1	5	10	0	7	
6	42	
5	11	0	3	4	9	6	5	2	22	
5	41	1	34	
1	7	8	15	
3	43	5	35	
3	15	
9	35	
1	6	8	14	4	5	2	24	5	12	
8	41	7	33	
2	8	5	20	
6	34	5	39	
1	10	0	24	6	8	
7	46	1	50	
8	2	7	19	1	17	3	6	9	13	
5	45	2	49	
3	11	2	18	9	23	5	21	
0	37	5	27	7	48	
3	11	1	25	5	23	2	7	0	20	
9	33	2	27	
7	24	6	19	1	11	
8	49	2	47	3	46	4	43	
4	6	9	23	8	21	5	15	2	24	
4	32	5	39	8	50	1	35	
8	5	5	24	9	20	
4	29	
6	13	7	15	9	24	
1	31	6	37	0	46	7	35	8	42	
9	6	7	16	8	4	6	3	
4	40	2	36	8	29	
9	17	6	6	5	25	
4	38	9	50	7	33	2	47	6	49	
4	22	
0	49	5	34	
8	24	7	11	3	5	2	10	6	4	
8	42	9	46	1	45	0	40	7	34	
9	25	
2	41	1	27	4	33	
5	24	4	13	0	4	
2	33	4	49	6	41	0	31	
3	1	5	13	2	11	
6	34	8	36	5	47	
4	5	
6	38	9	45	7	26	
8	1	5	9	3	14	6	8	
8	46	0	35	
6	15	
3	38	4	47	7	40	0	42	
4	17	2	7	1	9	
9	46	
8	6	
0	41	
0	21	
3	34	
4	11	
7	39	3	33	
5	16	1	11	3	5	2	19	6	10	
1	48	5	50	9	34	3	43	8	32	
2	6	1	18	6	25	8	8	5	9	
3	47	
0	11	8	14	2	10	3	13	
0	31	
4	14	9	13	
2	29	
7	4	3	11	0	21	
2	31	0	38	
1	18	5	12	4	14	6	22	9	20	
0	48	
3	16	0	1	
4	48	5	32	6	44	
6	12	4	24	7	14	
5	49	0	33	8	34	2	31	9	48	
3	6	9	19	
4	40	7	38	
5	18	8	10	2	9	6	6	
2	48	3	29	
0	18	
5	41	1	39	8	46	2	29	3	30	
5	7	
6	28	8	44	
1	20	4	25	0	22	2	12	
6	38	4	33	5	32	0	49	
9	9	
3	38	1	29	0	28	5	31	
0	18	
0	36	5	42	
0	1	
8	49	4	41	7	35	
7	5	9	17	0	22	1	4	
3	36	2	35	4	27	8	30	
8	12	0	1	3	3	7	8	9	14	
3	31	5	27	
8	15	
1	33	2	29	8	37	9	34	3	26	
6	16	1	24	4	3	7	15	
0	48	4	40	8	44	9	36	7	29	
3	13	9	7	
4	50	1	49	
0	8	1	5	
2	34	4	27	7	28	6	47	
4	22	1	4	8	5	2	6	9	14	
9	47	6	31	8	49	5	34	
6	21	5	15	0	22	4	25	2	4	
9	34	
4	3	3	22	
2	34	
2	9	7	13	8	3	4	18	
6	35	4	47	7	30	
0	5	7	13	2	14	
8	34	0	38	
8	25	9	11	0	16	
8	44	9	36	6	26	7	31	
4	13	2	23	5	18	1	2	
4	40	1	49	0	27	3	31	5	44	
3	25	8	2	
1	43	9	37	6	36	
9	22	8	5	5	13	4	23	7	25	
7	34	
3	7	
5	37	9	36	8	42	
0	11	7	24	2	9	4	2	6	19	
6	34	3	48	
7	16	8	2	9	23	
5	36	0	32	8	34	3	47	
7	16	6	7	2	14	0	17	3	2	
2	49	3	26	4	31	
2	16	6	12	
9	49	1	28	3	29	4	31	
2	5	4	8	0	15	7	16	
7	48	
8	25	
8	47	
2	5	4	18	1	3	9	14	8	9	
2	36	7	30	6	49	
8	18	5	16	1	7	9	1	
3	36	7	42	
6	9	8	8	4	24	5	20	
6	40	
8	1	3	14	2	2	4	10	
3	27	5	49	7	35	1	41	4	39	
2	25	8	12	6	3	3	14	4	5	
5	33	6	28	1	29	4	47	
5	23	3	18	6	24	7	16	
1	31	3	32	5	42	8	28	7	38	
2	3	7	19	8	20	9	25	
1	43	2	35	0	31	
2	21	1	23	3	14	7	5	
0	38	6	45	3	36	7	39	9	50	
0	23	4	9	
5	27	8	31	
7	1	2	19	
6	37	3	44	2	35	
6	10	0	16	
2	34	
2	9	8	10	0	20	7	24	6	7	
3	36	4	28	8	29	0	32	
4	9	
5	32	3	30	4	29	2	28	
9	18	
0	28	7	31	3	40	6	46	2	47	
4	15	2	16	
0	32	2	26	7	38	
0	7	6	10	
5	42	8	48	6	26	1	34	
3	10	1	15	5	13	
7	31	2	36	0	34	1	27	
9	24	
1	30	4	31	7	34	
8	20	9	21	4	16	2	10	3	8	
0	45	9	43	8	26	
1	22	8	25	3	1	9	17	
0	43	

Three processing times per job on each machine
The best scenario
427	754	398	
221	225	355	
155	164	242	
72	142	99	
869	571	416	
314	454	548	
405	274	570	
138	213	236	
765	276	973	
205	263	494	
458	325	261	
171	161	66	
216	162	288	
964	557	376	
265	963	1091	
656	214	294	
176	418	358	
693	886	148	
785	444	448	
533	336	519	
131	68	143	
44	170	43	
506	601	787	
730	495	1105	
1222	287	941	
165	314	247	
364	627	463	
774	986	655	
103	221	95	
157	284	132	
379	786	470	
632	552	346	
882	280	171	
638	370	218	
477	349	233	
83	260	201	
534	557	175	
378	1103	166	
850	409	371	
315	233	442	
368	447	260	
418	488	312	
313	173	280	
382	370	357	
237	385	628	
304	77	79	
535	234	419	
80	169	95	
298	655	346	
77	278	333	
381	600	624	
1181	847	832	
392	566	363	
459	709	201	
95	105	135	
253	144	245	
476	833	705	
691	325	869	
208	454	131	
330	126	222	
585	294	989	
275	240	280	
408	189	289	
643	132	577	
518	430	491	
123	153	196	
224	818	381	
209	152	112	
389	610	438	
109	165	181	
599	789	386	
648	613	537	
185	214	194	
751	1108	706	
769	659	398	
144	219	108	
142	143	87	
154	78	155	
931	386	1096	
44	130	32	
399	455	558	
787	543	580	
194	257	368	
514	650	194	
718	321	298	
565	817	885	
137	126	32	
73	62	58	
498	621	168	
290	442	437	
577	820	1290	
836	592	351	
779	1215	797	
532	226	326	
472	595	222	
81	80	82	
547	145	309	
223	249	260	
435	495	235	
336	710	843	
Most likely scenario
499	1118	497	
248	416	704	
286	303	333	
97	212	108	
1268	937	766	
568	530	784	
515	327	745	
271	370	292	
835	462	978	
338	372	547	
509	559	425	
229	269	128	
263	273	495	
978	828	739	
374	985	1369	
940	411	451	
225	765	565	
886	957	283	
1301	594	806	
795	481	682	
148	131	156	
59	180	49	
868	975	1016	
769	729	1179	
1290	412	1195	
217	472	471	
504	1000	789	
810	1048	772	
143	226	176	
234	290	140	
625	813	632	
699	1012	349	
1089	326	289	
747	693	354	
541	577	331	
105	439	217	
664	607	323	
561	1135	305	
1185	570	443	
471	256	473	
652	519	499	
538	654	551	
507	254	287	
441	642	604	
417	696	718	
382	140	153	
916	312	609	
99	229	96	
449	989	413	
148	395	443	
560	760	846	
1278	1099	931	
460	654	632	
525	761	298	
101	182	198	
334	184	482	
677	1122	972	
1161	541	958	
354	607	251	
630	179	226	
744	350	1065	
391	439	314	
535	377	345	
735	236	716	
792	573	567	
185	204	215	
348	922	659	
248	224	208	
466	949	579	
111	201	214	
816	1129	447	
675	1045	845	
314	276	197	
794	1228	1225	
1077	1145	731	
175	303	141	
177	152	152	
240	81	179	
1414	415	1280	
83	146	64	
444	768	798	
1077	691	759	
359	402	395	
553	668	233	
774	564	299	
700	1254	1104	
167	172	54	
119	87	113	
501	684	208	
504	764	475	
976	1148	1360	
838	649	359	
1388	1271	1201	
657	409	437	
484	642	243	
128	109	85	
595	222	416	
378	378	359	
524	669	374	
388	742	1145	
The worst scenario
516	1387	553	
328	502	846	
327	379	367	
136	312	119	
1363	975	784	
704	692	1142	
612	448	1037	
357	386	381	
1185	539	1212	
395	523	665	
696	690	497	
319	364	147	
356	400	507	
1389	935	927	
425	1108	1486	
1387	583	621	
330	1044	642	
941	1189	347	
1729	786	991	
1188	558	1023	
208	187	165	
79	231	61	
1299	1078	1318	
848	994	1252	
1582	551	1379	
282	504	585	
638	1039	1145	
915	1401	959	
149	250	213	
255	325	175	
684	814	693	
1000	1299	451	
1521	455	313	
1113	697	438	
555	846	452	
157	501	218	
734	727	481	
575	1363	379	
1583	659	590	
700	272	565	
971	762	638	
663	925	801	
572	376	373	
642	669	814	
508	1018	904	
560	147	156	
1087	359	752	
118	331	98	
651	1385	519	
152	490	583	
826	1046	1042	
1676	1359	1288	
663	979	865	
691	1117	354	
112	183	272	
474	276	556	
986	1598	1298	
1348	653	1354	
357	609	253	
727	193	298	
961	447	1272	
487	498	358	
683	494	484	
818	300	898	
1181	619	743	
275	268	244	
521	1377	804	
354	312	297	
690	1224	706	
130	248	261	
978	1410	483	
810	1301	929	
357	315	254	
1125	1439	1424	
1428	1148	1081	
199	359	157	
189	175	172	
267	83	268	
1959	456	1372	
114	218	67	
448	883	881	
1457	1015	874	
482	477	483	
775	706	310	
922	766	369	
977	1333	1211	
201	225	59	
136	112	119	
556	829	266	
617	1121	600	
1301	1550	2028	
949	853	473	
1392	1378	1284	
886	533	630	
496	798	350	
161	111	114	
797	274	456	
509	407	510	
685	870	529	
424	1054	1461	
