Factories	4	Jobs	200	Machines	2

Total number of component types per job processed by HSPM
8	5	9	12	11	6	6	6	9	11	9	8	6	11	12	9	8	6	6	8	9	8	12	10	9	6	7	9	5	8	6	9	12	8	5	5	12	11	6	9	9	5	7	9	6	10	5	10	7	10	8	7	5	12	6	8	11	6	12	6	10	12	10	9	8	7	7	5	6	8	5	10	9	6	5	12	8	12	6	11	8	6	11	11	5	5	11	6	11	8	5	8	12	6	10	12	10	10	5	6	6	6	9	8	10	11	11	8	5	8	8	10	5	9	7	10	9	10	10	5	7	12	9	9	12	6	7	10	10	8	9	6	7	5	5	11	12	7	7	7	10	7	10	9	12	12	5	6	9	11	11	6	8	9	8	8	10	6	8	11	10	10	10	7	8	12	6	11	6	8	11	8	10	8	12	6	6	7	12	6	12	10	7	7	6	8	10	5	5	11	6	7	8	7	9	8	8	11	6	8	

Total number of component types per job processed by MFPM
4	1	1	5	3	4	1	5	1	2	2	3	2	2	4	5	1	2	4	4	3	4	2	2	3	4	4	4	2	5	5	3	1	3	2	4	4	2	1	3	3	3	1	2	3	2	1	2	4	2	2	4	5	3	2	5	5	2	3	4	2	1	5	1	2	5	3	5	3	5	3	1	2	5	3	5	5	2	2	1	5	1	5	4	5	5	1	3	1	5	5	5	3	1	3	1	4	4	3	3	4	3	5	2	4	5	4	4	1	4	2	2	1	2	3	1	2	3	2	5	2	1	1	2	1	4	5	5	2	1	1	4	5	3	2	5	2	1	5	1	3	1	4	3	5	2	2	1	3	1	2	5	4	1	2	4	2	1	2	3	3	4	5	1	2	3	2	3	2	5	3	1	1	5	3	2	3	1	5	1	1	4	4	4	4	4	5	2	1	4	1	3	2	2	5	5	1	1	2	2	

All component type numbers for each job to be processed by HSPM
18	38	17	43	5	30	19	36	14	15	6	50	1	42	16	33	
10	12	7	38	4	49	8	75	15	51	
11	73	15	7	3	61	9	22	17	70	8	10	18	33	7	12	16	6	
0	66	19	41	13	35	8	70	17	7	18	75	2	21	14	26	16	57	6	11	15	31	3	22	
13	46	5	72	17	51	3	35	15	50	14	66	12	69	1	17	9	15	18	16	6	1	
7	32	17	21	0	73	14	36	11	38	12	11	
12	17	2	67	3	53	4	72	16	52	9	32	
9	34	12	55	3	72	2	16	14	75	16	37	
6	12	13	43	12	5	8	50	19	25	10	53	11	44	17	46	2	54	
3	15	8	62	11	13	12	30	18	12	2	29	14	73	9	21	17	31	4	57	5	9	
13	8	7	4	11	43	16	51	5	14	12	30	2	71	10	1	4	42	
10	57	18	65	7	30	16	7	14	2	6	73	3	64	12	24	
6	11	18	32	13	12	12	35	3	61	5	48	
16	11	0	37	19	18	6	1	2	64	10	42	8	75	13	27	9	33	3	40	15	54	
12	57	5	48	9	59	18	47	19	26	8	27	17	4	7	16	13	53	3	3	2	13	15	52	
16	71	1	22	3	51	13	43	17	54	19	63	4	48	11	7	5	2	
12	67	8	64	4	38	17	44	14	63	6	5	7	61	13	43	
17	72	4	35	18	27	12	34	14	19	7	28	
3	4	19	69	14	42	15	55	6	19	9	73	
7	9	6	60	11	36	14	27	2	58	3	26	10	59	16	20	
18	34	8	64	17	43	4	23	14	37	13	50	6	1	16	66	9	65	
16	54	5	17	8	31	12	29	3	58	9	74	17	43	0	12	
0	55	4	16	12	29	5	17	15	64	9	36	2	31	7	73	14	1	8	10	3	43	17	66	
19	70	3	32	1	8	5	10	0	9	8	24	6	47	4	57	18	33	9	48	
18	28	4	51	17	23	3	11	11	10	5	31	14	68	8	16	0	27	
16	54	10	74	19	57	15	51	18	17	3	15	
8	15	4	44	12	65	13	68	18	33	10	17	15	54	
16	16	5	44	4	63	10	22	18	46	0	7	14	9	1	66	9	70	
8	59	6	11	13	51	14	61	0	60	
12	61	14	16	2	63	0	65	6	43	3	5	17	26	10	35	
0	26	18	7	2	74	9	5	13	65	15	10	
9	66	5	25	14	54	1	19	18	59	15	69	10	36	13	75	8	51	
10	44	18	60	17	39	11	37	15	71	7	2	4	11	0	38	6	73	8	22	9	63	5	25	
13	7	19	46	12	66	3	12	6	14	15	33	1	11	10	42	
14	59	10	18	13	66	0	13	1	28	
8	31	19	58	12	17	13	38	16	65	
12	13	2	53	3	36	16	39	4	47	6	62	19	14	10	46	9	3	17	44	0	38	7	10	
14	61	8	69	3	65	9	22	2	26	13	30	15	51	1	12	0	52	16	38	19	24	
17	68	15	65	3	6	1	39	10	48	9	62	
7	13	17	29	0	67	3	15	11	11	19	56	9	33	2	22	13	17	
5	26	17	67	1	71	14	54	12	38	6	64	10	21	15	30	8	61	
14	53	2	62	5	18	11	55	4	24	
17	71	3	5	18	34	13	48	5	60	12	27	4	10	
3	52	11	45	9	20	1	11	19	18	12	41	5	13	6	65	4	5	
2	8	12	1	6	24	0	64	1	29	5	38	
11	55	12	47	8	36	2	31	16	11	7	39	5	69	6	72	17	66	15	58	
10	50	16	30	12	36	2	48	0	56	
4	42	0	45	11	25	16	22	8	24	2	55	3	71	1	34	14	47	19	12	
15	42	16	30	7	47	0	71	2	25	6	53	8	34	
6	39	2	37	9	54	19	73	7	27	4	1	10	5	12	2	13	4	3	70	
11	70	17	8	3	51	18	3	15	14	6	65	7	10	13	55	
9	26	2	44	8	61	10	10	6	71	13	20	4	58	
13	45	0	39	17	43	1	63	9	73	
14	70	8	47	10	37	5	10	18	34	19	43	15	33	6	68	9	69	2	49	13	30	4	11	
16	13	1	15	13	44	7	40	15	21	19	1	
8	12	10	53	9	63	4	58	11	48	6	9	18	6	16	14	
8	7	18	35	17	28	16	20	12	44	15	10	2	68	3	60	14	33	4	39	0	73	
13	67	5	37	8	65	15	47	10	42	6	57	
14	21	2	48	19	43	0	28	17	65	12	47	10	3	11	68	6	62	7	20	15	6	13	41	
6	4	11	56	17	33	9	44	2	70	4	34	
13	61	17	10	16	20	7	4	6	7	2	44	4	50	9	33	11	8	1	74	
13	25	6	66	5	69	9	19	3	36	4	55	14	44	10	15	11	67	1	33	12	41	15	24	
19	1	13	73	18	27	14	75	17	64	11	19	8	52	5	50	10	66	16	16	
16	67	18	11	7	42	17	66	9	22	8	64	1	34	14	55	3	75	
16	9	19	48	7	64	17	46	2	71	1	66	9	3	3	53	
16	68	4	34	10	28	7	3	3	14	18	4	12	56	
5	26	4	72	10	17	18	25	1	42	12	5	16	75	
8	39	13	38	11	63	18	56	6	26	
9	65	15	54	16	75	2	31	7	52	10	39	
12	44	18	66	3	37	17	19	4	26	15	63	9	52	16	25	
15	41	13	52	1	72	4	1	14	14	
6	16	9	47	14	21	12	54	5	3	13	61	10	56	2	70	4	63	11	37	
13	61	7	74	1	64	9	63	0	70	6	8	16	18	17	52	12	51	
7	23	2	12	14	57	17	31	4	64	10	17	
17	27	8	3	10	71	16	59	2	11	
17	22	9	18	10	65	15	26	16	20	1	37	13	33	18	6	3	19	11	68	6	48	4	4	
17	49	3	64	11	51	5	29	4	7	9	9	14	42	0	17	
15	54	6	72	2	46	16	35	1	75	14	3	13	21	7	44	12	23	3	47	9	37	19	53	
17	68	9	45	10	37	1	4	4	51	7	10	
4	53	6	52	8	51	7	47	17	3	13	17	5	21	14	34	11	57	18	74	15	64	
7	12	18	66	12	2	5	39	16	5	8	60	0	58	2	68	
1	61	10	60	9	49	12	72	3	69	5	42	
1	28	9	16	6	47	17	44	19	68	18	18	4	72	5	39	12	73	11	26	16	7	
17	19	15	51	18	15	0	68	16	21	3	48	14	53	2	65	1	13	6	39	19	36	
5	64	16	13	3	43	9	27	7	8	
16	25	9	39	18	68	19	1	11	38	
9	41	17	54	18	33	4	60	19	9	1	29	5	65	6	1	11	47	7	28	12	10	
10	51	5	71	16	43	11	34	18	11	14	58	
16	11	2	2	1	69	12	7	14	36	10	73	18	46	17	75	3	54	13	68	8	1	
5	73	18	47	13	23	2	25	19	10	4	15	12	28	8	72	
1	14	10	47	14	39	17	7	19	9	
4	69	19	1	11	53	7	73	15	32	16	23	0	67	2	27	
9	40	0	15	1	9	13	68	12	25	16	13	8	42	4	39	19	7	10	31	2	52	11	6	
1	70	0	23	8	53	14	9	17	49	12	44	
5	18	1	31	19	13	6	75	7	57	17	54	2	7	3	23	0	10	13	16	
7	57	9	61	17	20	0	39	3	73	16	15	2	40	12	36	6	27	5	52	10	33	15	1	
15	3	10	64	18	68	5	60	17	74	9	56	2	26	19	72	4	54	8	70	
6	37	14	47	11	55	7	7	4	62	19	27	5	58	1	19	12	61	9	9	
3	51	11	29	2	25	8	43	7	39	
6	8	17	10	14	51	7	53	16	9	1	11	
12	14	15	2	7	68	4	49	16	66	18	6	
12	35	9	33	5	45	2	32	17	46	7	69	
17	6	16	67	1	70	3	24	8	41	5	14	4	62	19	44	6	58	
10	16	5	3	1	60	6	68	14	51	12	35	3	48	0	62	
16	20	17	54	1	28	0	2	19	47	2	9	7	3	11	13	4	65	13	56	
0	40	10	11	6	75	2	27	11	54	12	67	7	4	8	17	18	74	16	58	14	31	
4	17	8	39	0	12	16	53	14	34	9	72	18	44	6	60	15	51	17	61	5	27	
16	72	2	56	10	15	15	68	7	17	1	50	13	25	11	16	
14	41	12	26	16	9	8	18	17	37	
8	8	19	59	3	7	14	36	18	19	9	11	4	1	16	49	
13	67	10	22	7	51	3	43	4	26	9	68	14	46	18	18	
14	45	3	40	0	74	5	67	18	52	12	35	19	63	10	64	1	41	13	7	
9	10	16	67	10	19	18	57	5	40	
18	66	17	36	19	58	16	23	2	60	11	50	12	44	14	12	5	8	
11	25	1	73	0	65	12	38	16	37	17	16	6	5	
8	12	0	69	12	62	1	30	6	23	10	60	11	35	16	7	7	2	5	42	
0	41	16	34	17	59	3	52	10	28	18	29	5	49	1	54	15	31	
1	60	2	3	9	59	0	45	13	4	15	19	5	31	10	21	7	37	8	34	
3	63	19	2	11	32	9	53	1	33	0	66	8	21	10	40	4	19	13	58	
19	14	0	35	11	46	6	10	17	29	
7	16	9	39	6	10	0	60	2	72	15	49	3	2	
11	71	4	58	0	74	19	38	18	49	6	51	12	4	13	8	2	12	15	75	16	42	17	72	
1	19	8	45	3	57	10	49	17	69	7	10	19	4	4	9	15	71	
1	63	16	2	7	34	9	57	13	22	2	14	15	33	3	68	19	4	
15	6	16	43	8	13	11	61	5	50	12	17	18	58	10	59	19	68	9	14	17	11	2	20	
17	21	14	46	6	64	7	13	13	27	11	38	
15	71	5	47	13	68	11	72	10	50	16	13	18	20	
19	38	1	5	14	12	18	32	4	65	2	13	13	54	0	71	5	63	7	52	
10	12	11	18	4	40	12	20	3	24	9	28	0	45	18	49	1	62	2	56	
6	13	18	55	3	45	7	25	14	40	4	23	12	38	13	46	
3	70	13	68	9	65	17	34	16	69	0	62	4	19	12	59	6	75	
6	42	8	39	14	62	17	50	18	16	2	59	
3	47	9	69	10	32	8	31	19	7	5	75	16	64	
0	55	19	39	1	65	12	1	10	37	
5	44	15	41	16	4	0	73	18	29	
8	70	11	67	9	26	5	41	1	12	19	44	12	71	18	19	7	2	10	48	13	17	
12	63	9	27	2	59	10	68	17	5	8	34	13	40	11	10	19	43	5	71	15	21	6	55	
11	33	4	61	9	63	8	24	10	71	12	11	13	9	
12	74	9	12	7	3	3	31	11	29	5	65	8	13	
19	58	16	41	5	14	9	53	15	19	14	12	12	67	
19	26	4	64	9	74	12	6	17	72	18	46	7	45	15	2	13	59	3	62	
9	68	5	75	3	26	14	72	8	19	13	57	15	31	
12	31	7	39	8	51	9	60	3	16	15	37	18	44	2	69	5	49	16	35	
0	66	2	46	4	36	8	9	1	14	7	6	3	61	16	56	6	72	
5	36	18	65	17	26	19	13	13	4	3	56	0	10	14	16	12	11	15	59	16	22	6	28	
4	6	11	8	3	9	15	61	5	41	18	75	14	23	6	7	10	66	1	32	16	72	9	11	
17	44	16	70	2	17	14	24	5	37	
13	5	15	33	11	35	10	56	8	74	12	4	
14	72	16	46	6	74	5	35	13	34	8	21	1	54	11	39	10	32	
15	47	18	57	16	29	2	43	0	44	10	34	7	75	4	49	8	28	9	19	1	69	
17	2	10	56	15	37	11	17	18	26	2	59	16	67	0	11	4	74	7	42	1	58	
14	59	5	28	10	25	12	11	3	15	15	74	
17	48	8	9	4	23	11	41	13	16	6	64	14	47	5	53	
10	7	11	46	7	60	13	15	15	5	1	72	12	57	18	10	14	27	
10	14	7	23	11	70	4	53	3	65	19	58	6	1	12	56	
18	62	10	55	12	63	0	47	19	68	3	45	16	41	15	29	
12	71	14	60	3	68	15	35	0	18	9	1	18	33	19	28	8	27	13	59	
9	66	8	2	15	24	12	21	4	55	3	12	
10	12	9	55	0	54	13	65	1	40	8	39	17	34	4	45	
1	53	16	26	12	68	3	70	19	54	9	10	18	35	5	66	13	7	15	15	8	8	
4	21	12	56	17	48	15	37	18	29	13	65	11	1	6	39	19	72	5	68	
3	61	9	28	7	67	6	7	0	23	10	62	16	43	15	75	8	36	17	17	
5	18	18	72	19	38	13	42	6	39	3	51	2	43	11	55	7	36	16	22	
10	23	0	59	7	60	11	69	12	3	4	42	8	15	
15	73	0	62	4	60	13	20	7	45	11	42	12	17	1	19	
16	30	12	5	4	52	15	65	2	12	13	63	7	38	1	36	0	24	14	26	8	66	19	73	
14	47	6	72	4	64	0	34	15	74	10	25	
17	72	0	30	8	16	1	35	2	25	16	51	5	11	9	19	10	41	19	38	7	32	
17	16	12	15	19	30	8	35	16	75	1	36	
19	41	7	42	15	51	11	18	18	68	3	73	4	20	9	14	
9	62	15	18	5	69	7	4	13	74	8	58	2	37	11	21	1	70	14	61	12	57	
11	74	17	31	10	59	0	48	19	73	9	47	6	10	14	65	
2	18	12	3	17	60	8	31	1	27	13	12	3	72	19	8	7	26	9	73	
9	42	12	36	19	47	14	28	8	39	6	51	15	37	13	26	
0	11	7	14	5	40	4	60	19	54	9	75	17	2	2	44	6	59	1	24	11	62	16	9	
15	73	1	23	13	45	16	32	17	42	18	68	
5	71	15	32	12	59	17	15	19	38	14	20	
3	39	15	21	2	72	13	14	18	47	12	68	9	20	
14	34	3	54	11	49	9	22	17	63	7	60	5	73	13	58	6	29	4	26	0	24	15	52	
15	69	9	19	13	33	18	68	3	59	0	31	
15	67	17	16	0	41	12	35	18	44	16	73	4	43	11	69	10	24	5	20	3	13	8	34	
0	2	7	42	16	15	1	65	15	30	19	12	13	34	6	62	14	27	17	9	
12	66	4	64	5	46	7	73	8	13	10	75	16	30	
14	8	17	67	0	29	13	38	18	52	6	22	19	28	
16	49	5	23	10	39	11	55	3	36	15	29	
5	37	9	39	19	45	4	7	10	46	12	69	0	13	14	62	
12	45	0	47	3	35	4	51	1	68	15	29	16	55	8	63	17	19	5	9	
8	50	1	48	4	53	14	49	18	68	
4	33	5	67	14	53	12	31	10	73	
17	22	19	49	13	66	12	3	14	5	0	25	5	61	18	64	7	2	8	7	4	72	
9	26	0	28	2	7	16	65	8	22	3	62	
15	63	13	19	12	21	18	18	19	7	8	54	10	66	
18	16	7	21	0	44	9	1	11	28	5	42	12	50	16	61	
7	46	0	32	11	73	9	28	4	15	15	65	17	60	
1	17	18	70	9	68	13	32	17	43	19	73	7	26	8	54	5	18	
1	25	7	20	12	48	8	35	9	68	4	72	16	41	18	11	
14	19	9	27	12	75	3	3	18	23	10	58	5	46	0	25	
9	41	11	16	15	52	0	68	6	5	16	59	18	37	14	63	13	56	8	47	17	51	
5	3	8	12	19	52	1	15	15	64	11	41	
2	47	13	4	15	5	4	38	17	2	12	3	9	31	0	6	

All component type numbers for each job to be processed by MFPM
5	7	7	4	9	25	2	3	
4	1	
6	6	
2	13	4	9	9	4	3	20	1	8	
2	24	0	10	5	25	
8	12	2	23	9	9	5	6	
2	6	
2	13	3	9	8	10	7	11	0	16	
5	20	
4	11	6	17	
3	1	8	14	
3	5	8	15	1	17	
1	25	6	12	
1	1	6	9	
3	13	6	21	9	8	8	3	
9	7	7	15	2	9	6	22	0	11	
2	17	
5	22	4	2	
4	17	5	16	1	11	8	4	
6	12	0	14	8	7	2	10	
8	20	2	3	3	12	
8	18	1	23	3	20	5	14	
6	25	4	4	
9	1	4	2	
9	16	7	8	6	22	
8	25	4	24	5	19	1	21	
7	1	6	19	3	12	8	8	
0	24	3	13	1	20	2	9	
8	24	5	10	
1	25	3	10	2	16	4	15	0	24	
5	11	9	17	2	18	1	24	8	25	
6	11	9	6	2	4	
0	9	
3	12	9	23	4	8	
2	7	7	24	
4	22	2	5	6	16	0	25	
4	2	7	12	8	15	2	3	
1	14	6	21	
9	23	
1	18	0	19	3	14	
4	25	8	6	5	23	
1	14	9	13	4	3	
3	4	
7	22	8	10	
4	18	7	8	3	19	
5	11	8	1	
1	19	
4	18	9	3	
7	13	4	16	2	2	6	14	
6	25	9	9	
2	24	9	19	
2	20	0	16	9	7	5	17	
1	6	4	22	0	3	6	11	3	17	
5	18	3	25	4	21	
9	25	8	19	
2	15	7	7	4	10	6	17	5	14	
4	1	2	12	6	14	1	13	8	16	
4	5	8	21	
2	14	6	11	9	13	
6	9	4	19	3	16	1	10	
8	14	3	8	
2	25	
9	12	5	6	4	1	7	15	2	18	
1	5	
2	11	0	12	
8	19	6	7	5	24	7	20	3	17	
8	24	0	4	3	17	
2	19	6	21	7	14	0	12	3	2	
3	9	6	25	4	21	
8	5	5	22	2	19	6	23	3	16	
0	14	5	10	3	11	
3	19	
9	24	2	19	
3	21	9	2	6	8	1	17	8	22	
2	13	9	3	8	19	
8	2	3	25	7	14	9	23	1	13	
0	15	9	10	1	23	4	20	3	25	
3	2	5	8	
9	12	0	10	
2	7	
0	17	7	2	2	8	5	12	6	19	
0	13	
8	15	9	13	5	1	2	24	4	12	
9	25	3	19	6	3	0	21	
5	18	4	22	6	9	9	12	8	20	
4	25	6	9	7	15	5	2	0	24	
9	8	
7	25	6	15	8	6	
0	16	
4	8	5	4	2	2	0	9	9	19	
5	12	1	19	0	20	9	1	8	14	
8	21	1	5	9	1	6	11	7	16	
2	1	9	10	6	9	
0	11	
3	10	9	20	5	25	
0	4	
6	7	0	15	8	10	4	18	
1	7	5	17	4	21	9	15	
2	4	5	17	7	15	
9	18	2	12	4	3	
0	1	3	21	5	15	4	19	
6	8	4	1	7	14	
4	22	1	4	0	15	9	16	2	3	
2	23	5	4	
3	10	7	20	4	17	8	23	
9	21	6	17	2	19	8	18	7	4	
5	3	4	14	1	23	6	12	
0	22	5	11	4	20	9	12	
1	6	
3	14	9	9	0	5	1	17	
9	19	3	11	
2	25	7	14	
9	3	
1	5	9	22	
3	10	2	19	0	5	
5	6	
8	24	2	14	
6	18	2	23	8	4	
5	3	4	12	
4	9	1	5	7	17	6	21	0	6	
4	25	0	7	
6	23	
7	11	
3	6	5	14	
3	16	
3	5	6	20	4	22	8	10	
5	21	6	4	1	2	4	16	8	20	
3	25	0	5	6	6	7	21	9	3	
6	19	7	10	
7	1	
7	4	
5	12	7	6	6	20	3	22	
3	15	2	2	8	3	1	13	6	23	
1	23	8	11	9	24	
2	19	1	25	
3	14	6	17	4	13	9	22	5	20	
5	21	0	18	
2	16	
0	13	7	10	2	7	4	4	1	3	
8	14	
3	12	1	19	8	1	
7	7	
6	6	1	2	7	23	4	5	
5	1	4	17	9	23	
8	20	6	11	2	1	7	9	4	10	
7	4	4	5	
6	20	1	6	
1	8	
0	14	8	8	4	21	
1	24	
3	10	0	18	
8	19	2	11	5	23	9	2	6	9	
1	11	6	7	2	9	4	19	
0	11	
0	9	6	22	
2	9	7	25	0	24	1	14	
2	10	6	1	
6	19	
1	23	3	25	
6	3	1	25	9	24	
3	7	4	22	7	11	
9	21	3	6	2	18	0	24	
2	9	1	7	6	6	0	5	8	15	
4	2	
0	9	4	16	
8	16	6	18	0	14	
7	18	2	9	
3	25	0	12	2	13	
2	2	7	21	
2	11	0	15	9	16	3	20	4	23	
6	15	1	17	9	8	
2	12	
0	19	
4	21	9	14	2	9	3	1	0	8	
0	1	9	23	8	20	
2	24	9	17	
9	4	7	24	0	8	
6	11	
6	21	1	16	0	11	8	1	5	14	
4	10	
3	17	
2	2	6	19	4	25	3	21	
6	14	1	3	0	13	9	22	
5	2	8	5	7	23	6	16	
0	24	5	8	8	1	4	6	
7	25	1	15	2	7	8	9	
0	23	5	4	6	12	8	1	1	3	
4	5	3	21	
5	7	
4	24	8	2	1	13	9	15	
4	6	
5	25	3	3	8	12	
9	12	7	23	
2	9	0	15	
1	13	9	11	6	12	2	19	0	8	
7	7	3	11	8	9	6	16	9	19	
4	1	
2	24	
9	14	3	12	
9	1	1	23	

Three processing times per job on each machine
The best scenario
197	97	
158	79	
181	287	
26	9	
29	16	
113	105	
316	132	
39	106	
30	69	
112	135	
175	161	
53	74	
54	134	
238	100	
311	294	
330	70	
327	448	
213	238	
72	259	
167	134	
204	127	
186	123	
77	152	
177	150	
336	138	
433	438	
102	214	
123	61	
117	139	
118	88	
19	31	
70	50	
78	112	
73	24	
376	182	
109	166	
135	46	
390	439	
63	58	
79	249	
143	116	
186	330	
523	132	
407	316	
99	136	
132	245	
169	213	
74	131	
64	64	
153	69	
63	83	
260	307	
41	43	
380	248	
164	170	
365	176	
164	289	
144	297	
65	76	
130	227	
47	222	
129	309	
136	311	
158	271	
368	176	
251	132	
99	28	
115	100	
151	156	
134	149	
548	115	
206	119	
84	131	
329	361	
56	69	
497	129	
52	29	
73	156	
196	184	
367	263	
192	141	
148	322	
404	138	
481	306	
144	101	
45	83	
242	94	
321	171	
176	145	
231	278	
190	234	
325	202	
321	394	
166	295	
27	39	
271	93	
317	253	
81	40	
248	136	
264	373	
84	273	
101	160	
94	34	
116	201	
249	141	
98	68	
448	163	
175	186	
190	366	
90	45	
142	127	
135	205	
40	130	
48	105	
126	72	
220	228	
91	226	
156	157	
191	195	
292	152	
165	171	
149	232	
126	362	
37	63	
247	434	
273	130	
17	13	
190	367	
168	113	
67	53	
275	244	
28	30	
283	170	
348	302	
60	25	
307	335	
22	27	
376	163	
69	93	
210	199	
543	330	
118	126	
245	140	
53	128	
96	78	
232	359	
253	87	
90	72	
213	259	
47	88	
170	118	
217	297	
135	187	
83	140	
86	74	
314	341	
42	45	
73	136	
99	131	
201	96	
162	165	
201	297	
351	103	
175	131	
51	68	
189	112	
20	29	
20	24	
238	257	
42	41	
154	130	
145	147	
133	136	
84	69	
84	89	
81	162	
376	204	
110	138	
50	324	
155	204	
19	34	
85	170	
301	247	
181	233	
226	152	
164	175	
85	131	
250	121	
196	120	
23	24	
52	186	
101	278	
24	104	
313	129	
45	81	
192	82	
508	364	
141	160	
214	309	
201	36	
Most likely scenario
312	121	
159	112	
227	331	
35	15	
32	17	
132	124	
473	243	
58	155	
32	91	
159	146	
217	179	
82	84	
90	179	
328	169	
381	310	
339	102	
398	530	
308	293	
140	261	
188	212	
257	137	
275	146	
91	261	
180	158	
390	194	
459	564	
107	218	
135	66	
125	183	
199	99	
34	44	
98	52	
85	130	
79	36	
438	257	
169	175	
168	85	
404	455	
68	71	
158	263	
211	151	
212	374	
625	231	
445	560	
147	157	
199	247	
279	330	
105	146	
65	108	
198	82	
109	139	
302	447	
79	46	
452	438	
188	290	
475	235	
228	436	
259	385	
70	131	
220	231	
70	268	
217	425	
260	378	
220	308	
513	207	
382	164	
151	41	
191	108	
163	209	
157	184	
552	218	
226	144	
118	168	
409	407	
57	80	
509	223	
65	34	
145	253	
252	271	
542	396	
291	266	
196	344	
440	160	
565	412	
200	115	
58	138	
259	186	
464	259	
298	226	
384	529	
300	349	
403	363	
328	496	
225	484	
48	72	
318	120	
348	288	
85	73	
277	179	
481	593	
122	286	
137	218	
100	41	
208	304	
286	242	
113	72	
527	204	
305	206	
217	582	
133	58	
151	174	
254	221	
60	131	
70	126	
204	83	
364	245	
154	342	
220	296	
192	204	
304	164	
241	199	
170	283	
228	414	
39	73	
359	485	
451	197	
25	25	
226	444	
190	140	
123	106	
344	264	
30	48	
292	228	
418	341	
61	42	
450	417	
34	31	
500	322	
108	132	
313	350	
555	408	
158	169	
257	162	
65	157	
116	80	
235	468	
320	107	
138	99	
223	352	
78	115	
175	151	
266	443	
153	322	
147	192	
108	99	
518	446	
61	86	
82	145	
134	242	
217	176	
182	196	
237	500	
408	159	
291	211	
57	74	
220	174	
40	51	
37	47	
415	313	
58	59	
241	249	
224	251	
265	172	
103	117	
123	90	
158	262	
399	405	
139	179	
98	326	
300	402	
24	36	
93	184	
408	351	
340	255	
265	153	
228	187	
123	181	
318	219	
303	200	
38	30	
83	208	
142	350	
44	159	
322	237	
58	156	
364	151	
527	453	
194	289	
298	375	
228	55	
The worst scenario
344	128	
205	151	
333	425	
47	22	
47	18	
172	135	
551	296	
86	165	
47	130	
235	210	
223	261	
120	100	
111	241	
476	198	
448	334	
358	132	
485	759	
328	416	
154	290	
233	244	
259	157	
393	196	
124	339	
242	213	
535	258	
650	685	
139	287	
172	78	
151	260	
260	135	
37	63	
132	55	
98	189	
90	40	
492	322	
219	199	
233	106	
529	501	
79	79	
212	271	
234	218	
269	480	
876	293	
448	731	
190	170	
223	308	
319	334	
117	163	
67	111	
216	109	
126	164	
343	510	
115	68	
641	576	
257	309	
580	241	
238	504	
292	558	
79	188	
307	280	
100	378	
241	597	
270	516	
278	412	
717	271	
442	189	
195	58	
207	110	
197	253	
234	258	
680	239	
302	211	
167	183	
455	527	
63	114	
700	287	
77	39	
162	365	
346	397	
627	560	
387	388	
202	384	
529	184	
599	598	
260	122	
70	181	
261	229	
625	271	
442	312	
541	609	
324	405	
499	542	
417	583	
330	555	
63	99	
442	128	
384	344	
99	90	
317	201	
631	608	
162	350	
175	254	
123	58	
277	389	
346	255	
134	83	
749	253	
446	278	
252	821	
177	84	
222	181	
342	231	
80	183	
73	154	
219	106	
527	282	
201	376	
248	396	
219	268	
456	242	
286	298	
199	348	
342	454	
40	108	
468	575	
636	238	
37	28	
242	510	
234	150	
177	155	
396	316	
40	65	
356	299	
448	502	
67	47	
628	600	
48	43	
575	395	
150	160	
404	518	
774	431	
194	237	
265	225	
96	229	
150	109	
332	698	
361	155	
162	140	
251	407	
102	122	
191	190	
322	497	
222	409	
177	274	
134	102	
721	611	
88	128	
97	166	
162	280	
285	184	
234	267	
337	685	
492	238	
306	298	
63	86	
277	214	
59	52	
42	70	
445	352	
78	63	
311	329	
260	355	
337	252	
117	153	
178	130	
192	390	
585	520	
192	188	
144	327	
428	558	
31	51	
130	207	
554	418	
365	363	
359	210	
236	277	
133	247	
323	262	
452	272	
46	42	
104	301	
195	409	
47	189	
382	285	
78	171	
429	193	
683	488	
218	351	
376	547	
252	62	
