Factories	5	Jobs	100	Machines	3

Total number of component types per job processed by HSPM
5	5	6	5	8	11	10	11	8	10	9	11	7	12	5	5	7	7	10	8	8	12	5	6	5	8	7	9	8	11	12	6	11	8	6	9	9	12	8	9	11	11	8	5	7	7	12	7	7	10	9	8	6	6	8	12	8	10	10	7	10	8	5	9	7	5	7	6	5	9	10	9	8	8	9	10	5	8	10	5	9	12	12	5	11	7	11	8	8	5	10	5	6	7	9	12	11	6	7	5	

Total number of component types per job processed by MFPM
1	3	4	5	5	5	5	3	5	4	1	3	2	1	1	4	3	3	2	4	2	2	1	3	5	4	4	2	2	4	1	3	3	4	4	5	5	4	2	1	3	5	1	4	2	5	5	4	5	5	4	2	1	5	2	4	4	2	1	1	1	2	4	4	2	2	2	1	1	1	1	5	1	1	1	1	4	5	1	1	3	3	2	5	5	1	1	3	3	3	1	2	3	3	5	5	1	5	3	4	4	5	2	1	1	2	3	5	2	3	3	4	3	2	1	2	1	5	3	4	5	4	1	2	5	3	4	2	5	4	1	4	5	2	2	2	5	4	4	5	2	4	2	2	2	1	3	4	1	3	2	4	5	5	3	2	1	1	2	1	4	2	2	5	2	5	4	3	4	2	3	3	4	1	3	1	1	3	5	3	2	5	3	4	1	1	1	5	3	3	2	1	1	4	3	1	3	3	2	3	

All component type numbers for each job to be processed by HSPM
4	37	8	14	12	64	15	59	2	45	
1	37	11	34	8	41	2	5	10	10	
11	68	12	27	17	52	16	43	9	34	7	31	
4	24	10	59	3	34	9	44	0	10	
4	5	18	35	0	46	12	38	9	66	16	13	3	4	7	64	
13	58	18	57	5	18	11	22	15	65	3	73	14	16	12	54	10	50	16	26	19	21	
0	35	15	31	8	55	1	49	13	3	19	51	11	45	2	30	3	67	10	32	
0	25	2	4	17	39	6	67	5	45	13	46	19	55	14	60	16	53	7	75	9	35	
15	23	14	55	7	42	18	74	10	37	6	57	11	30	12	51	
18	51	16	48	1	68	12	28	15	16	11	10	2	56	17	38	8	47	3	45	
6	23	14	7	3	3	15	40	7	72	2	75	8	25	1	50	0	2	
5	8	3	74	12	50	0	63	16	5	11	72	9	70	13	6	2	39	19	73	1	13	
12	20	11	34	14	19	5	68	18	12	0	7	17	14	
17	75	7	18	6	55	8	28	10	36	0	42	5	63	13	68	18	37	15	9	16	20	4	69	
3	10	15	40	6	21	7	71	10	20	
13	38	2	28	16	12	8	68	1	53	
17	73	1	40	10	48	5	56	9	59	7	41	6	63	
2	74	4	25	0	22	13	72	18	65	12	26	19	73	
4	54	8	39	15	22	18	43	6	5	1	11	9	19	5	55	17	36	16	37	
11	18	12	20	14	10	8	63	4	21	6	30	13	49	9	55	
3	38	0	26	12	31	14	25	4	63	10	5	15	66	16	19	
5	67	14	75	17	22	13	64	7	49	16	12	8	47	2	53	9	45	18	62	4	52	11	3	
12	59	16	12	17	61	2	44	13	10	
2	48	13	69	12	21	7	1	19	30	17	46	
15	66	10	67	2	63	17	38	7	1	
9	49	0	20	6	26	13	36	11	21	19	62	2	40	3	75	
5	70	1	67	16	71	15	69	3	64	4	53	13	50	
17	20	18	65	2	18	7	40	10	37	12	34	19	45	6	14	15	71	
2	20	19	37	3	47	18	24	11	69	7	59	14	62	9	12	
15	67	2	39	17	35	4	36	12	3	7	11	3	49	10	41	6	54	19	51	5	14	
9	65	17	56	6	3	14	67	12	66	18	19	11	51	4	48	3	14	10	35	1	21	15	63	
1	7	6	60	2	37	10	43	0	19	14	73	
11	59	4	7	19	33	12	10	16	42	15	19	17	28	18	24	10	5	13	68	8	72	
4	8	14	62	11	71	10	20	12	19	8	6	13	13	3	50	
0	16	14	65	9	62	13	27	12	23	15	21	
2	65	18	66	14	3	5	39	17	58	7	35	8	47	1	20	9	64	
14	17	8	26	2	11	6	50	3	72	1	53	17	70	11	71	16	73	
16	71	12	30	9	67	8	45	0	63	3	61	15	37	14	42	11	59	2	38	13	10	17	23	
14	25	10	11	16	23	17	33	12	13	0	46	19	2	7	54	
8	32	5	59	17	67	7	60	18	17	3	10	15	42	12	33	2	38	
4	36	2	39	0	67	8	54	5	42	18	10	16	68	12	23	19	38	10	14	6	34	
8	30	4	49	1	23	2	73	6	36	16	40	13	26	7	48	18	20	3	11	17	63	
11	59	6	12	13	28	8	57	5	16	18	54	12	66	10	36	
9	30	12	32	16	1	11	13	14	74	
15	22	6	60	19	4	18	7	10	19	3	69	7	62	
19	38	9	8	3	46	13	55	10	39	7	56	12	66	
0	34	8	5	2	19	11	28	17	54	9	67	3	26	13	30	14	44	7	23	15	12	18	69	
9	54	15	52	3	49	18	9	0	68	16	65	12	46	
18	56	15	72	19	69	16	42	13	64	12	30	4	15	
0	57	13	55	3	49	9	41	14	29	8	69	6	26	11	24	7	59	17	62	
16	58	6	39	15	66	2	20	4	27	3	55	5	62	13	3	7	18	
14	40	11	68	0	8	8	73	4	1	17	31	6	42	3	52	
17	71	1	1	18	49	11	46	6	17	19	19	
4	64	11	17	17	51	10	10	9	61	2	3	
18	34	10	33	7	3	1	42	8	19	17	35	5	63	9	11	
6	47	9	61	13	2	3	59	16	72	5	34	19	52	4	35	12	39	2	50	1	45	11	44	
9	19	2	45	14	37	16	75	4	49	13	34	8	25	10	13	
2	39	0	47	14	3	8	64	19	29	7	8	6	63	13	9	17	33	15	24	
14	12	4	63	3	32	0	39	13	52	6	2	9	67	15	30	10	8	17	68	
11	41	1	15	18	50	17	39	14	57	7	64	16	31	
8	66	10	44	2	19	17	59	14	60	5	39	15	72	3	50	4	65	0	16	
13	45	19	48	18	49	9	27	12	71	11	5	4	25	7	20	
13	12	4	29	12	14	10	42	2	11	
14	65	19	15	16	41	3	71	8	11	1	34	2	62	7	51	10	2	
4	18	9	23	2	26	7	17	5	60	17	57	8	37	
12	16	6	61	15	41	2	39	18	65	
6	42	19	45	5	58	12	65	18	34	0	63	4	19	
12	13	5	19	18	51	8	28	10	37	9	38	
10	62	12	6	17	58	13	65	18	46	
2	10	16	14	5	19	14	61	1	54	4	68	12	50	19	75	18	4	
7	73	19	52	12	33	16	49	3	30	11	48	9	47	4	6	6	15	14	64	
2	27	3	26	19	32	10	35	12	18	8	53	14	44	5	46	4	71	
4	7	5	69	16	8	11	6	10	10	6	9	12	21	1	2	
2	70	13	9	18	27	12	36	16	48	19	8	1	1	14	11	
13	74	3	27	4	1	10	57	7	50	18	31	19	20	11	32	1	53	
3	58	4	57	8	28	10	6	14	33	18	36	9	43	13	21	2	67	5	75	
0	1	10	18	8	73	3	46	11	72	
4	24	1	4	12	13	3	71	2	40	0	1	5	59	15	3	
7	24	17	53	14	19	9	52	16	56	6	55	3	69	10	23	2	20	1	62	
3	29	14	53	9	44	4	11	10	1	
6	18	12	70	2	24	7	10	13	64	19	9	4	26	3	5	8	71	
9	69	10	58	1	48	4	45	8	22	5	14	16	72	19	12	15	75	12	13	0	41	14	59	
16	23	8	53	6	50	10	27	3	32	14	74	15	59	4	34	17	7	9	9	0	41	7	17	
4	50	1	35	17	36	0	22	14	37	
12	1	18	61	19	71	15	4	13	29	10	62	2	38	17	16	1	50	5	74	6	65	
3	4	13	67	12	71	1	2	17	66	11	51	6	10	
5	36	1	75	7	39	19	33	15	27	16	1	17	70	0	19	10	42	3	43	12	74	
14	7	7	3	5	4	12	54	19	33	3	42	15	45	10	29	
10	71	15	18	5	57	3	13	8	14	4	20	0	35	18	5	
1	73	6	31	14	50	5	5	15	29	
7	32	19	12	3	45	18	57	8	15	12	64	10	10	16	20	5	23	11	75	
1	68	7	75	12	55	11	49	6	74	
18	33	4	11	1	50	16	53	13	20	5	40	
16	61	9	48	15	70	18	9	0	65	13	62	17	40	
17	36	6	1	12	4	1	28	5	31	15	24	16	8	7	65	2	38	
17	58	16	35	5	14	18	60	7	24	13	44	6	40	8	29	2	18	15	2	14	11	11	32	
3	14	19	9	14	22	17	16	11	21	2	60	1	71	0	12	9	13	6	61	18	37	
17	74	9	31	19	68	10	48	3	22	18	71	
4	27	13	73	3	14	19	29	12	30	11	51	5	75	
4	70	0	55	7	60	15	23	1	8	

All component type numbers for each job to be processed by MFPM
6	1	
2	35	1	50	4	30	
9	6	7	17	5	15	3	1	
0	31	1	36	9	34	4	39	3	40	
3	10	6	5	1	19	2	9	0	7	
7	50	5	35	9	43	8	49	0	47	
6	6	7	4	2	18	9	11	0	14	
4	50	1	31	5	32	
3	4	0	1	2	21	8	13	7	24	
3	39	9	37	5	27	0	48	
9	20	
6	50	1	46	7	31	
6	5	7	10	
8	49	
9	23	
6	36	7	48	9	34	5	49	
2	24	5	20	3	19	
7	46	3	41	8	35	
2	10	5	2	
5	43	6	45	1	46	9	27	
7	19	9	1	
4	45	3	40	
8	2	
9	28	8	44	4	43	
0	23	5	13	3	14	8	4	7	20	
7	39	4	33	5	46	3	38	
4	12	2	18	0	24	9	5	
4	29	0	49	
1	14	5	23	
3	33	4	40	6	39	7	32	
4	9	
8	34	7	41	5	29	
5	19	2	24	3	14	
0	44	1	37	9	50	2	47	
1	3	9	11	7	23	6	2	
9	29	7	48	6	37	4	38	3	36	
8	7	1	10	4	8	9	21	2	6	
7	38	5	29	8	49	3	40	
4	10	8	14	
6	32	
0	4	2	6	7	25	
8	46	3	33	9	34	5	28	0	44	
0	2	
4	36	5	47	3	41	1	48	
1	4	3	10	
8	41	5	26	6	37	0	30	9	46	
8	24	1	23	6	12	0	14	7	17	
1	30	4	26	3	44	6	48	
9	14	3	19	7	12	0	10	5	9	
6	29	3	46	8	45	4	49	7	33	
9	17	7	7	0	6	4	23	
1	44	0	34	
3	13	
6	45	5	34	9	41	0	30	3	49	
4	10	8	24	
3	40	5	36	9	39	2	41	
3	17	6	10	0	5	8	25	
1	41	3	40	
4	19	
4	47	
5	17	
8	28	2	44	
7	18	5	4	6	15	1	19	
8	40	4	33	1	28	5	31	
4	6	9	7	
0	27	3	29	
6	19	0	13	
7	38	
5	20	
2	28	
0	6	
7	50	2	44	9	27	4	45	3	41	
4	20	
6	46	
1	20	
6	50	
7	1	0	17	4	18	9	19	
4	48	8	33	1	35	5	29	2	37	
4	22	
6	41	
5	7	9	20	7	14	
7	26	4	46	6	49	
2	1	6	22	
2	38	6	32	5	47	8	43	3	39	
0	12	6	16	7	24	8	4	4	10	
5	42	
0	19	
9	41	1	39	5	45	
9	17	5	2	1	14	
1	42	3	46	8	36	
6	24	
3	40	4	34	
7	10	2	22	8	20	
9	33	0	45	5	46	
0	1	4	10	1	18	3	16	7	25	
2	35	4	33	0	43	9	32	7	36	
6	9	
1	33	6	29	5	36	3	42	4	44	
9	11	6	17	0	18	
7	47	8	30	2	29	1	28	
9	21	8	20	1	4	7	1	
6	35	7	27	9	46	4	42	0	48	
3	23	5	6	
9	48	
1	25	
0	39	9	32	
8	22	7	6	6	8	
8	37	9	50	2	44	4	40	3	35	
8	24	5	3	
2	43	5	47	4	32	
8	22	2	9	1	5	
4	45	0	44	2	37	9	39	
7	6	9	7	2	24	
3	44	6	39	
9	21	
0	46	6	36	
8	2	
0	41	7	31	1	42	2	29	8	28	
1	15	7	5	3	17	
0	28	2	33	8	42	3	31	
8	18	2	17	5	6	9	5	1	15	
0	34	5	28	2	40	7	32	
8	18	
5	35	0	50	
2	23	0	8	1	13	7	10	8	25	
5	43	4	41	6	33	
0	6	6	8	8	3	5	23	
7	31	6	28	
9	17	4	14	7	5	6	16	2	19	
3	45	6	50	7	36	9	33	
3	5	
2	29	4	44	8	37	3	26	
6	8	3	5	2	20	5	7	9	9	
5	39	6	28	
3	22	1	13	
2	27	9	48	
9	19	8	7	7	17	2	3	4	23	
2	45	0	33	9	40	3	50	
2	16	9	22	0	20	7	6	
2	45	5	46	8	37	0	50	3	42	
3	15	2	24	
8	33	0	30	5	40	7	41	
8	18	5	10	
5	31	8	48	
5	23	9	19	
2	26	
3	2	4	6	5	25	
8	42	5	38	4	30	3	40	
9	13	
8	26	2	39	1	28	
3	9	2	8	
1	40	5	36	7	47	2	43	
7	10	8	24	2	20	4	16	0	22	
3	46	4	36	9	41	6	27	5	40	
3	9	1	12	2	15	
9	27	4	39	
3	3	
5	39	
5	16	7	2	
4	45	
2	14	5	11	0	2	3	3	
9	40	5	32	
3	25	9	2	
4	34	8	44	6	28	7	32	5	31	
8	15	2	25	
1	29	3	49	6	43	9	28	0	36	
4	2	7	25	6	19	3	1	
7	43	0	30	4	32	
2	4	6	15	0	19	9	14	
6	36	1	44	
2	14	8	8	9	7	
4	29	7	44	2	43	
1	1	9	17	8	19	6	13	
0	48	
4	1	7	8	9	10	
5	33	
1	9	
9	27	0	30	2	34	
4	11	7	16	1	1	6	23	2	14	
7	35	0	50	8	31	
6	17	8	3	
4	41	6	49	8	31	2	36	1	38	
3	6	9	21	8	17	
0	49	3	38	4	37	7	35	
5	11	
7	32	
3	7	
5	42	8	37	9	33	7	34	3	49	
7	1	8	12	3	20	
3	49	8	44	2	46	
1	22	6	6	
9	39	
7	17	
9	27	5	49	3	29	2	46	
4	20	3	8	1	17	
8	44	
9	25	7	8	4	15	
4	39	1	32	6	26	
8	22	5	3	
2	50	5	49	8	30	

Three processing times per job on each machine
The best scenario
938	909	934	
274	371	157	
845	997	577	
307	285	175	
431	1010	1197	
341	332	177	
217	495	471	
524	618	844	
134	211	294	
384	779	769	
558	294	297	
287	259	355	
806	632	567	
140	161	147	
633	511	316	
681	733	712	
726	228	491	
311	261	310	
1179	739	306	
710	356	498	
124	215	97	
264	239	508	
770	311	525	
219	343	256	
490	689	887	
794	176	440	
784	704	291	
248	88	226	
744	529	1177	
892	298	906	
136	119	126	
794	639	488	
148	119	152	
1347	726	1014	
273	334	130	
543	365	710	
491	208	500	
774	202	540	
696	739	286	
175	352	143	
260	311	220	
110	365	364	
156	128	209	
342	250	242	
292	413	280	
503	783	383	
540	675	456	
210	150	126	
185	358	390	
131	120	119	
465	353	323	
215	680	391	
878	475	529	
224	400	472	
494	497	437	
317	70	141	
412	188	234	
830	870	173	
553	596	588	
282	109	350	
487	470	947	
528	598	310	
341	912	580	
168	173	102	
291	259	500	
618	933	449	
990	1032	1296	
209	261	180	
195	506	423	
603	535	307	
379	257	290	
44	96	195	
253	436	683	
328	634	179	
142	83	292	
497	544	534	
482	937	1255	
302	745	618	
712	267	825	
559	528	376	
173	157	125	
143	79	94	
295	243	229	
363	472	482	
102	61	95	
575	346	691	
186	170	143	
362	175	269	
195	175	184	
469	978	551	
587	484	252	
212	269	219	
372	479	488	
640	768	238	
676	813	611	
295	801	945	
299	125	596	
744	290	406	
345	240	201	
182	407	283	
Most likely scenario
1215	1078	1123	
468	451	270	
847	1425	717	
342	332	269	
768	1189	1241	
401	336	328	
432	697	652	
940	973	1073	
138	281	333	
501	1155	929	
907	480	423	
520	378	421	
835	701	850	
197	225	178	
736	825	345	
733	1105	1392	
794	370	545	
578	265	618	
1192	1202	332	
820	459	536	
140	388	191	
457	364	681	
910	372	723	
246	384	392	
932	1290	1133	
799	301	669	
900	1072	318	
270	124	242	
1125	545	1204	
992	383	993	
153	153	156	
1036	1088	630	
215	149	173	
1372	850	1241	
312	376	150	
814	699	899	
735	337	526	
851	334	610	
918	767	461	
345	533	169	
375	429	222	
207	559	372	
278	151	363	
434	315	414	
309	588	306	
797	845	548	
982	694	600	
223	260	189	
243	387	428	
137	169	157	
614	589	441	
429	710	398	
1193	561	926	
409	516	773	
537	927	738	
318	137	150	
579	245	344	
971	1107	308	
933	894	845	
467	199	542	
494	478	958	
856	620	449	
577	1132	863	
202	216	129	
482	354	618	
900	1085	518	
1194	1483	1427	
277	294	278	
281	950	677	
667	562	473	
524	509	353	
83	174	229	
283	538	903	
619	691	267	
172	132	310	
819	601	621	
763	1398	1358	
479	829	956	
795	354	827	
874	907	744	
229	216	225	
159	85	96	
380	401	232	
559	569	555	
177	86	159	
762	573	715	
236	233	270	
582	197	314	
325	213	231	
553	1150	718	
869	774	504	
286	495	301	
715	885	517	
1030	888	305	
837	843	803	
365	1183	1095	
573	184	615	
790	383	495	
400	422	305	
310	746	336	
The worst scenario
1360	1454	1599	
483	569	387	
1209	2028	944	
424	408	373	
1053	1667	1803	
582	462	391	
547	828	670	
1236	1183	1371	
141	386	379	
564	1357	1050	
1251	714	432	
626	535	453	
1012	812	1140	
202	294	252	
890	862	463	
1027	1495	2070	
1051	530	797	
759	352	725	
1205	1661	352	
1162	688	594	
172	567	235	
507	499	772	
1200	502	833	
294	473	428	
1316	1827	1176	
1136	421	756	
1129	1100	476	
293	156	339	
1127	749	1476	
1063	475	1260	
168	158	233	
1117	1271	812	
305	221	190	
1666	1258	1381	
411	530	171	
880	977	1343	
890	454	681	
953	348	738	
1077	783	537	
472	700	203	
398	462	306	
269	677	510	
296	209	369	
511	456	596	
411	767	436	
946	1206	737	
1369	750	607	
314	314	211	
343	488	575	
168	216	184	
896	752	648	
599	1045	441	
1528	759	1279	
577	762	814	
693	1172	889	
421	197	172	
593	363	470	
1224	1445	389	
1388	1205	909	
499	216	773	
537	714	1192	
1090	897	660	
720	1157	1093	
208	311	188	
506	361	642	
1327	1514	572	
1468	1740	1753	
301	423	299	
390	1164	1003	
946	660	693	
716	647	528	
121	178	280	
305	802	1261	
826	934	318	
205	167	456	
1163	837	796	
1048	1728	1933	
640	904	1353	
1000	418	913	
1165	983	1015	
266	305	305	
186	116	101	
467	446	342	
802	734	558	
223	101	191	
770	729	942	
243	276	272	
628	228	322	
471	282	241	
664	1319	783	
1043	1009	666	
319	608	404	
1062	1322	719	
1037	982	337	
986	957	1196	
524	1725	1263	
619	200	759	
939	451	659	
547	442	361	
374	897	401	
