Factories	4	Jobs	100	Machines	3

Total number of component types per job processed by HSPM
10	5	12	12	6	10	11	7	12	6	10	8	7	11	11	5	7	7	11	12	7	7	12	12	11	12	12	7	8	6	12	11	9	6	11	10	6	8	12	6	8	9	5	9	11	5	9	12	11	12	9	6	10	5	6	8	8	12	11	6	12	9	8	8	10	9	9	10	6	8	9	9	8	6	9	7	9	10	6	9	12	5	10	7	8	9	9	11	5	9	6	6	5	10	7	7	6	11	7	5	

Total number of component types per job processed by MFPM
2	2	4	2	2	2	1	2	1	5	3	3	2	3	5	1	3	5	1	2	3	4	5	2	3	2	5	3	4	2	5	2	2	3	1	2	1	5	4	5	2	4	5	5	2	1	3	1	2	1	3	2	3	2	4	3	4	1	1	3	2	3	2	5	2	3	5	1	2	3	4	4	5	5	3	5	5	3	4	4	3	5	2	1	4	3	3	3	4	1	4	4	2	3	5	2	3	2	2	4	4	5	5	2	3	2	5	2	5	5	2	5	4	1	4	5	1	3	4	3	5	5	1	5	5	2	4	2	2	4	1	3	3	4	3	2	3	3	4	4	3	5	2	5	5	5	4	4	3	1	5	2	5	2	2	3	5	4	2	2	1	4	3	5	3	5	3	3	5	5	5	4	1	4	1	1	2	1	2	1	2	3	5	3	5	5	5	4	5	1	2	5	3	1	5	1	2	2	4	2	

All component type numbers for each job to be processed by HSPM
6	8	2	69	8	49	9	5	0	62	5	28	7	27	10	19	15	71	11	46	
19	41	8	33	9	17	15	3	6	51	
6	74	18	69	5	48	11	4	10	11	0	15	15	2	8	62	2	35	19	25	1	63	4	71	
14	35	12	26	13	10	8	7	5	55	4	45	1	23	2	27	18	43	3	73	11	31	7	8	
7	13	8	42	18	14	17	9	2	48	10	75	
13	60	12	24	5	22	0	62	10	2	6	3	4	40	16	65	2	20	9	68	
10	47	9	29	16	6	18	28	8	4	11	51	19	13	6	34	14	72	15	20	17	61	
1	41	0	65	3	67	18	48	12	32	11	1	5	43	
19	12	0	45	8	59	11	37	12	26	13	27	10	34	6	44	17	40	2	31	4	60	16	13	
12	58	1	48	17	11	11	57	8	4	6	12	
6	8	9	39	12	45	16	69	19	62	4	73	2	46	10	56	3	4	0	10	
8	49	6	13	2	32	18	4	16	37	11	43	3	42	15	72	
7	33	15	64	6	48	17	1	14	61	4	62	16	67	
17	58	2	2	7	10	4	62	15	20	10	26	16	42	1	64	5	73	11	61	9	65	
16	53	9	46	17	44	8	43	13	45	2	65	6	36	14	54	3	59	10	38	18	20	
9	6	12	33	1	25	11	49	16	32	
15	63	7	73	10	67	4	8	13	42	18	47	2	7	
10	7	1	66	5	48	2	1	6	75	8	61	3	32	
2	74	18	60	13	12	14	31	6	39	7	68	8	16	19	63	0	66	15	21	11	13	
3	58	13	16	9	32	10	67	12	55	5	43	7	7	14	12	2	38	17	4	0	50	19	6	
10	44	2	33	4	28	9	2	11	3	3	62	16	9	
0	58	18	74	13	41	11	52	1	67	12	56	2	12	
3	27	6	69	12	48	4	39	1	41	7	7	2	61	11	37	17	26	10	20	16	8	13	16	
13	25	6	37	8	68	3	9	17	26	4	28	10	46	11	10	9	39	12	3	15	40	19	30	
14	37	3	43	2	53	4	2	8	18	7	7	18	75	1	68	6	56	11	28	10	59	
11	41	7	50	17	2	10	6	3	38	2	70	0	1	19	65	4	58	12	60	14	7	5	59	
0	68	14	48	13	49	2	26	10	34	19	75	12	10	3	39	11	9	5	63	8	2	7	19	
11	9	10	43	7	2	18	39	19	22	5	12	4	36	
2	56	18	65	15	68	13	59	9	36	0	70	19	24	6	29	
7	6	0	50	2	18	1	4	10	26	17	34	
14	23	5	28	15	14	3	22	13	61	4	53	10	39	7	40	1	10	2	6	9	7	6	45	
1	28	11	19	4	17	7	8	2	75	13	9	5	16	3	44	18	72	16	11	6	1	
6	41	10	28	13	66	0	12	7	54	1	20	3	59	12	60	9	15	
9	52	11	60	6	73	19	54	13	38	3	50	
8	64	5	28	2	4	10	31	0	58	18	66	19	49	3	68	11	75	15	52	17	53	
4	5	18	51	13	74	5	75	19	29	16	57	6	56	3	21	2	33	7	9	
19	8	11	34	5	55	13	59	15	72	9	60	
18	25	1	59	17	65	2	64	11	21	5	27	6	10	16	53	
12	4	19	6	15	7	4	31	10	51	14	50	17	2	11	49	7	46	16	65	3	36	6	64	
18	46	8	75	10	51	4	23	11	13	19	36	
8	63	16	18	0	16	1	10	19	68	12	48	4	24	5	38	
2	5	17	60	1	46	4	39	6	59	8	32	0	63	11	37	9	7	
14	33	4	67	8	11	0	63	16	1	
11	34	18	57	7	25	19	64	16	11	1	51	8	66	0	28	13	39	
5	1	6	35	7	11	9	12	2	25	0	66	11	5	16	68	8	42	13	22	14	21	
10	73	14	42	3	64	7	72	2	46	
0	5	17	65	19	63	6	44	2	39	10	36	16	40	12	56	9	34	
15	13	7	61	3	11	16	8	5	33	11	60	8	1	14	75	10	42	6	26	9	47	13	48	
11	14	0	5	12	49	6	12	4	45	10	55	2	13	9	70	18	1	5	6	8	28	
9	7	12	6	16	19	8	59	17	36	6	72	1	58	0	10	14	44	3	15	18	8	13	55	
17	36	8	37	19	61	9	56	15	22	0	73	5	1	4	33	12	57	
3	59	7	44	11	34	10	46	4	15	13	35	
5	44	13	34	2	69	16	31	4	11	12	41	8	16	7	73	3	32	10	35	
3	36	6	16	8	25	19	31	7	70	
8	74	10	61	19	32	9	45	15	5	3	20	
7	45	13	16	15	21	17	66	9	74	11	46	6	40	5	11	
8	10	5	73	12	22	19	44	17	34	10	71	13	38	6	46	
5	59	3	19	13	9	19	70	10	48	14	44	6	17	7	53	15	74	1	30	16	10	9	35	
12	48	4	40	7	35	15	51	1	18	8	26	17	13	9	72	5	15	16	12	18	75	
7	52	8	64	13	23	14	46	0	37	17	6	
12	15	11	69	6	11	18	50	10	1	0	10	4	14	8	73	13	2	7	23	17	39	5	40	
8	38	5	46	6	55	10	25	11	51	0	36	14	13	1	12	15	19	
15	24	6	66	13	43	18	49	4	63	16	38	0	7	14	67	
4	60	16	44	3	68	14	48	2	46	9	9	15	43	19	7	
16	30	8	3	13	24	0	51	19	73	14	26	6	10	3	33	4	46	10	54	
9	24	14	54	4	12	0	40	19	75	8	53	3	32	1	18	15	13	
2	44	4	56	18	3	13	64	10	33	3	31	17	39	9	71	0	52	
8	15	11	28	19	72	1	7	6	16	10	47	4	10	13	43	0	41	14	31	
5	23	19	5	4	71	11	18	0	45	2	7	
11	56	3	41	5	69	1	4	14	64	12	35	2	59	7	46	
17	75	19	52	13	10	0	61	1	4	10	16	7	8	15	57	6	30	
2	48	18	12	15	61	9	17	7	6	11	38	1	30	14	50	12	10	
0	63	8	41	11	44	3	45	2	20	4	54	1	2	18	17	
7	14	11	37	12	60	10	30	6	13	4	62	
0	24	3	39	18	13	19	48	14	20	12	60	15	58	1	6	6	15	
11	30	14	17	0	18	12	34	17	43	18	53	2	1	
16	22	9	49	2	53	18	54	11	66	12	70	3	38	10	69	13	60	
17	58	12	52	4	68	16	63	15	4	6	50	8	16	2	73	7	1	13	28	
18	36	7	69	0	11	15	34	12	19	1	5	
9	25	18	48	12	21	15	46	10	52	7	15	8	34	14	27	3	12	
10	26	1	69	14	33	13	30	12	16	7	39	19	72	2	25	6	10	8	68	3	24	16	19	
19	70	5	2	1	41	6	8	18	40	
5	33	19	49	16	31	8	19	18	37	17	12	2	45	1	68	15	42	9	56	
16	23	2	68	17	50	4	62	6	2	7	12	9	14	
19	9	0	16	12	60	18	17	1	2	5	75	13	57	2	43	
7	71	13	44	15	2	11	60	5	49	12	41	17	52	2	65	10	45	
18	60	0	28	4	73	19	19	5	16	3	75	13	59	16	31	8	56	
12	53	4	62	7	13	6	48	8	69	0	44	10	46	19	63	3	10	17	18	5	38	
12	69	13	41	2	26	16	25	4	67	
9	11	16	31	3	53	14	71	1	62	7	30	19	55	5	45	18	63	
6	47	8	42	10	15	7	73	17	9	3	36	
2	18	9	20	19	63	17	73	5	34	7	65	
0	9	19	40	12	26	8	63	18	66	
2	14	0	60	12	40	18	41	19	6	1	33	14	75	5	35	17	42	9	36	
11	17	14	32	15	61	9	47	8	3	2	39	10	63	
7	46	11	30	8	22	9	72	1	44	10	32	16	15	
6	2	1	66	10	58	9	5	4	1	18	59	
14	4	19	25	4	20	17	28	5	26	11	42	13	62	12	74	15	27	8	30	18	56	
8	68	6	54	3	26	4	12	7	49	13	32	18	52	
5	43	7	34	3	33	6	53	8	64	

All component type numbers for each job to be processed by MFPM
3	7	6	18	
3	31	5	41	
6	23	0	6	7	3	9	7	
5	32	7	28	
7	25	1	15	
2	29	5	27	
2	15	
9	47	3	26	
0	19	
6	42	4	48	9	27	8	31	5	36	
5	1	8	2	0	14	
2	38	1	37	3	32	
8	18	1	22	
0	48	9	41	7	37	
2	5	3	10	5	14	8	13	0	20	
8	45	
8	8	0	5	3	9	
4	32	3	43	6	36	1	29	7	39	
1	22	
6	43	0	42	
1	18	8	14	0	16	
3	32	2	41	6	38	4	33	
0	13	5	5	6	24	4	19	7	12	
2	48	1	36	
4	15	8	2	6	12	
3	31	0	36	
2	1	3	23	1	3	0	17	6	11	
4	48	5	43	1	44	
1	11	8	25	4	16	6	24	
1	38	8	37	
7	21	5	12	9	15	4	6	1	5	
8	37	5	43	
5	7	9	9	
7	28	3	35	5	49	
4	6	
4	48	6	46	
8	10	
6	27	4	32	9	45	3	30	1	44	
7	16	6	19	8	8	4	24	
4	32	3	35	6	49	9	38	7	28	
3	1	7	12	
0	42	5	48	3	29	6	49	
8	16	6	14	0	23	3	9	2	24	
1	41	8	35	0	33	3	27	4	45	
3	6	2	4	
2	38	
3	5	1	21	9	20	
0	47	
3	22	9	3	
1	33	
6	8	0	20	8	15	
3	32	6	37	
7	6	5	8	4	9	
9	47	1	44	
5	9	6	20	4	11	7	7	
0	40	1	27	3	32	
6	11	4	5	7	24	3	1	
1	40	
8	4	
7	31	3	49	8	39	
3	18	9	11	
4	26	1	32	8	34	
8	24	2	14	
8	30	2	26	5	45	7	40	4	43	
9	11	4	16	
0	50	3	41	8	26	
3	20	5	18	8	12	9	8	1	19	
2	45	
3	19	0	8	
1	39	5	36	8	40	
0	6	9	4	5	16	4	8	
6	33	0	34	8	30	4	50	
7	3	9	25	6	7	3	5	5	11	
6	27	0	33	2	32	1	50	8	47	
2	9	1	14	4	18	
2	45	7	28	4	29	9	41	1	32	
6	19	2	21	1	23	4	8	7	16	
0	27	5	37	9	43	
7	23	2	25	5	6	8	18	
9	48	7	50	0	43	1	47	
0	7	4	21	9	14	
4	46	1	41	5	26	8	40	9	39	
0	5	6	12	
2	33	
2	6	9	4	8	14	6	9	
2	32	7	41	8	36	
0	13	1	16	8	2	
5	31	8	39	6	50	
0	4	8	5	6	3	2	9	
6	42	
7	24	4	21	9	7	3	1	
7	50	4	35	6	26	8	38	
8	6	5	5	
4	43	2	47	6	40	
2	22	5	16	1	5	6	17	3	4	
3	27	4	34	
9	25	0	11	6	24	
6	30	7	47	
3	4	5	7	
8	32	9	44	6	29	1	45	
7	21	3	9	8	19	0	20	
1	26	6	44	8	41	2	37	9	48	
6	13	1	16	3	2	7	20	2	10	
1	36	7	27	
7	17	5	5	0	2	
6	48	8	50	
9	8	7	19	4	4	1	24	0	21	
9	39	3	47	
5	11	9	22	4	2	8	9	6	10	
0	50	7	29	4	48	2	46	3	39	
2	18	9	13	
6	31	5	32	4	48	0	36	9	44	
9	14	6	9	0	3	2	17	
4	48	
1	17	9	23	6	1	3	15	
4	38	6	34	8	35	7	44	3	50	
7	21	
9	27	6	34	5	28	
3	21	0	17	4	3	1	10	
2	46	9	42	1	28	
0	5	8	18	2	15	1	2	6	7	
7	43	0	32	8	34	6	49	1	46	
5	8	
8	48	2	29	9	37	4	34	0	36	
4	23	6	9	7	8	0	5	9	15	
8	42	2	30	
6	20	3	3	1	19	7	14	
1	46	5	42	
0	20	2	5	
0	42	3	35	1	29	9	43	
6	9	
4	35	9	28	3	46	
5	6	0	12	3	15	
9	34	4	41	1	30	5	45	
3	7	0	11	2	12	
8	46	2	29	
5	11	2	8	8	9	
9	43	3	35	0	37	
4	11	2	1	6	19	8	24	
9	44	4	30	5	31	1	49	
8	17	4	2	9	18	
9	38	0	50	7	49	8	40	4	42	
9	20	5	9	
4	41	0	50	2	26	1	34	6	27	
1	19	3	3	8	17	7	20	9	12	
3	50	2	38	7	33	5	28	8	46	
5	15	8	20	0	8	4	16	
7	30	8	36	6	38	2	50	
0	2	2	10	9	24	
5	32	
6	25	9	1	8	8	5	13	7	3	
3	45	8	35	
0	16	3	15	5	25	8	3	1	19	
7	40	4	33	
4	1	3	14	
7	43	9	50	3	39	
0	6	7	14	2	2	3	3	9	19	
7	28	0	34	1	44	8	32	
1	25	9	5	
0	34	1	47	
5	6	
7	45	9	43	1	37	6	29	
4	7	8	12	3	11	
2	36	3	29	5	50	0	38	6	26	
1	25	6	7	3	9	
1	37	4	39	9	35	0	28	3	50	
0	20	9	5	7	13	
4	28	5	38	8	49	
1	25	2	24	0	18	3	7	9	8	
1	48	2	27	9	42	5	36	4	31	
3	7	1	24	4	19	0	8	2	3	
0	45	3	35	8	50	1	44	
7	19	
4	27	6	47	1	33	7	31	
2	9	
0	27	
8	25	4	5	
6	30	
7	18	2	11	
8	44	
4	20	9	9	
7	37	8	29	4	26	
3	22	5	7	8	16	7	14	2	20	
7	46	2	29	3	41	
5	3	7	15	2	8	6	25	8	14	
4	40	2	48	8	38	9	37	5	26	
3	24	4	12	8	7	2	20	7	13	
0	49	8	45	9	26	3	37	
6	2	7	18	1	20	3	9	2	5	
1	49	
9	20	7	19	
6	27	7	36	0	45	2	47	4	30	
0	8	1	4	5	6	
9	35	
6	1	2	18	0	4	3	7	4	19	
9	43	
1	11	4	8	
7	40	2	27	
9	23	1	17	2	4	7	13	
7	30	4	38	

Three processing times per job on each machine
The best scenario
73	53	182	
683	697	659	
348	233	540	
275	487	251	
201	709	407	
443	315	621	
381	318	614	
278	320	891	
650	1217	246	
506	345	582	
153	153	240	
328	318	445	
242	344	278	
589	353	229	
62	97	83	
776	924	862	
672	350	619	
206	78	98	
580	431	572	
298	391	396	
259	524	624	
289	428	179	
701	724	295	
251	427	274	
210	187	110	
639	435	630	
1080	829	573	
652	1469	811	
496	298	324	
363	853	1012	
296	689	243	
257	610	164	
306	569	547	
403	308	381	
80	315	123	
434	398	934	
323	827	833	
475	362	506	
402	322	200	
505	115	121	
337	1144	449	
106	142	119	
137	116	421	
602	758	194	
413	336	225	
528	437	337	
318	351	730	
114	333	740	
321	357	393	
127	310	134	
748	443	560	
487	477	412	
121	280	456	
302	364	476	
773	480	571	
520	782	717	
175	140	435	
207	195	106	
355	299	481	
489	409	280	
357	155	169	
341	180	134	
622	352	719	
136	361	87	
381	484	735	
101	224	208	
184	125	153	
657	893	582	
45	109	76	
450	431	191	
735	128	151	
370	958	1081	
338	426	940	
269	394	177	
58	164	60	
356	120	448	
269	303	394	
654	887	221	
466	191	196	
770	303	502	
118	84	73	
63	154	48	
518	597	428	
249	364	666	
959	912	624	
1094	773	815	
690	406	636	
270	686	976	
991	1043	353	
358	334	174	
622	176	665	
141	380	245	
302	240	299	
653	367	422	
812	640	408	
1065	1068	623	
742	439	583	
231	189	386	
748	646	448	
270	165	221	
Most likely scenario
97	94	329	
828	968	940	
370	407	570	
362	591	260	
321	1047	544	
814	325	890	
512	371	708	
492	598	1083	
741	1266	378	
902	493	621	
292	247	327	
509	561	458	
449	465	370	
700	411	424	
76	156	94	
1066	1091	1349	
756	431	624	
222	125	193	
611	788	1095	
380	416	404	
514	562	797	
355	453	263	
1163	1018	509	
394	561	308	
302	269	163	
1023	657	784	
1294	868	649	
743	1470	1093	
587	531	466	
718	1186	1196	
551	938	394	
419	847	308	
575	925	692	
563	317	604	
121	344	127	
775	737	1191	
459	911	1061	
839	397	522	
704	541	261	
664	202	219	
620	1211	480	
175	245	136	
191	229	548	
828	988	382	
566	473	336	
579	452	517	
435	467	744	
225	402	772	
349	565	518	
153	362	178	
761	560	720	
507	676	515	
199	395	680	
508	515	927	
816	607	643	
541	830	721	
338	195	541	
208	214	117	
616	434	850	
639	596	323	
443	240	303	
537	199	268	
651	648	778	
246	464	158	
423	949	951	
164	233	254	
194	140	239	
922	912	963	
79	163	120	
517	733	208	
747	214	258	
385	1127	1364	
500	491	1380	
272	457	193	
68	182	117	
595	238	638	
392	553	545	
970	1093	433	
479	379	296	
886	466	606	
165	152	88	
109	203	66	
639	669	658	
456	525	740	
1084	1078	823	
1102	795	848	
892	736	643	
313	1183	1026	
1223	1310	372	
697	474	331	
1196	322	1182	
168	476	327	
513	413	358	
1011	676	555	
995	662	623	
1235	1182	925	
784	811	840	
447	221	449	
771	1032	498	
495	233	230	
The worst scenario
132	113	421	
890	1171	1084	
465	482	632	
422	848	373	
471	1128	666	
1078	424	1251	
589	501	770	
707	633	1521	
820	1306	506	
1278	660	915	
428	290	431	
651	754	615	
605	619	531	
831	429	564	
78	168	131	
1424	1258	1734	
937	498	814	
249	145	264	
651	850	1424	
491	556	509	
591	693	1067	
479	570	295	
1624	1198	735	
448	594	312	
437	353	240	
1437	759	1168	
1300	885	718	
775	2151	1581	
687	701	521	
932	1433	1551	
614	1299	561	
599	1105	354	
812	933	850	
615	424	694	
171	503	186	
1029	1049	1198	
529	1324	1293	
1214	455	683	
765	657	305	
898	267	308	
751	1367	711	
201	324	198	
281	280	768	
830	1178	532	
585	691	463	
829	470	599	
477	543	994	
242	553	1062	
371	800	725	
214	465	260	
1106	686	981	
741	760	716	
265	460	774	
606	528	1193	
1102	764	787	
778	1084	978	
493	268	743	
303	306	153	
732	542	1007	
799	644	370	
638	275	365	
737	286	285	
744	746	1026	
272	538	195	
569	1347	1225	
186	236	332	
226	182	357	
1127	1177	1259	
95	207	173	
555	1000	248	
914	285	387	
532	1208	1636	
547	501	1484	
281	606	219	
84	216	119	
821	300	856	
402	667	658	
1415	1477	619	
629	532	302	
1313	607	788	
200	170	94	
114	204	86	
740	965	674	
600	557	1079	
1511	1330	1019	
1369	883	1073	
1336	1104	836	
412	1749	1367	
1453	1690	398	
736	593	464	
1654	449	1320	
195	670	414	
577	477	524	
1076	995	569	
1345	955	655	
1508	1552	1320	
1041	1140	1044	
469	303	507	
793	1033	716	
528	251	254	
