Factories	7	Jobs	50	Machines	2

Total number of component types per job processed by HSPM
7	10	10	11	8	9	11	6	10	8	5	10	6	6	10	10	10	11	12	8	11	11	8	6	7	9	10	7	11	5	9	12	8	9	12	11	11	8	5	6	5	8	5	8	8	9	8	5	12	6	

Total number of component types per job processed by MFPM
3	5	3	1	2	2	3	2	1	4	5	4	2	1	3	5	5	5	3	1	5	1	1	1	2	3	3	1	4	1	3	5	5	3	5	5	3	3	4	4	5	5	1	2	3	1	3	5	3	4	

All component type numbers for each job to be processed by HSPM
9	58	2	52	0	5	14	20	10	8	13	29	8	41	
17	32	16	18	6	66	5	56	15	38	1	12	19	46	14	35	9	15	7	42	
5	44	4	71	8	73	10	68	16	23	9	31	17	25	18	55	19	15	2	54	
18	48	0	40	3	57	17	17	2	59	7	23	13	58	19	34	11	67	15	53	6	65	
3	20	12	33	9	5	15	46	13	42	16	58	17	37	19	67	
19	10	9	26	3	66	0	35	1	36	17	63	4	29	7	56	12	20	
16	72	8	36	15	74	12	69	2	34	1	61	14	38	17	56	11	65	4	16	7	29	
15	41	12	46	5	61	17	52	6	58	8	70	
3	36	19	33	2	50	5	27	8	17	14	45	4	12	6	43	12	8	0	22	
3	52	7	6	14	14	0	17	15	29	11	66	12	11	4	5	
17	46	13	14	1	23	12	30	18	74	
1	44	4	51	5	74	8	45	10	12	19	17	2	5	13	7	9	4	11	46	
0	27	16	33	7	1	10	64	17	56	5	67	
8	12	2	31	1	65	4	47	3	9	9	25	
3	50	4	8	9	29	17	56	16	23	15	5	0	34	7	43	13	24	11	11	
0	13	15	56	4	21	1	8	12	30	8	32	10	35	7	6	19	52	11	19	
0	42	3	65	5	28	7	31	2	50	18	63	6	14	10	23	9	18	19	22	
5	33	6	58	18	36	13	75	7	30	16	41	3	9	19	18	12	31	11	11	15	1	
3	59	10	13	0	22	7	24	2	33	18	8	1	18	16	66	6	23	19	26	15	2	5	32	
17	56	7	71	1	57	3	4	5	34	18	74	2	67	13	65	
12	72	7	46	9	60	1	57	13	47	19	10	14	35	15	32	11	39	2	68	4	20	
14	13	17	72	10	44	8	3	5	37	16	12	2	29	0	30	7	75	6	73	13	65	
1	48	7	22	5	42	9	3	10	69	19	44	17	9	2	54	
9	75	1	29	15	13	10	9	14	43	12	67	
5	67	8	65	13	6	3	15	12	58	7	60	1	64	
1	40	5	15	10	29	11	35	19	6	4	51	18	1	7	23	13	11	
12	24	6	32	11	56	2	31	0	47	15	62	13	42	16	19	10	3	5	55	
12	57	16	54	1	52	0	31	19	48	10	38	2	27	
18	8	3	2	15	20	16	4	19	30	8	52	11	73	5	13	0	62	2	70	13	27	
11	73	16	49	13	8	15	32	7	5	
12	43	19	36	1	67	4	22	2	6	18	17	9	19	5	40	10	51	
0	66	17	19	15	21	11	65	2	17	3	75	19	49	16	58	4	15	5	46	8	23	9	43	
0	9	7	38	1	36	2	42	18	2	4	52	17	33	14	66	
14	48	5	54	10	65	0	39	9	9	19	2	11	8	2	67	18	63	
17	71	5	15	9	27	4	70	12	24	10	12	15	8	0	62	7	9	19	31	11	45	2	56	
13	9	19	38	9	63	7	27	6	64	11	4	14	32	4	48	10	16	5	52	17	71	
13	24	7	44	4	50	15	37	3	22	10	33	0	63	19	64	8	45	18	58	1	69	
11	34	3	39	14	20	13	27	1	37	18	24	9	23	6	13	
5	37	11	32	18	40	4	63	3	31	
8	47	4	43	15	1	2	57	6	17	12	31	
12	46	13	18	1	14	19	65	6	59	
19	60	7	42	13	62	6	45	0	48	15	3	3	14	2	16	
4	34	19	39	1	24	5	29	10	71	
13	13	18	40	7	52	0	38	15	46	11	49	14	68	16	28	
17	50	10	51	15	65	3	37	0	45	18	27	1	60	19	33	
13	18	16	26	12	60	3	68	11	13	15	48	19	73	5	75	10	24	
18	55	3	6	8	24	5	36	9	47	19	49	4	33	2	66	
2	8	9	19	14	39	10	35	11	15	
14	33	2	8	16	39	15	28	0	23	10	56	17	71	8	26	12	45	6	41	1	3	13	38	
7	68	1	16	2	53	16	25	11	11	13	30	

All component type numbers for each job to be processed by MFPM
2	10	1	1	6	25	
3	23	8	19	1	2	2	21	5	24	
4	4	0	10	8	19	
4	25	
9	15	3	11	
9	1	6	14	
9	9	4	15	0	17	
7	20	2	5	
5	25	
5	5	2	16	6	18	8	6	
7	2	4	14	6	11	3	16	9	15	
3	15	8	11	5	7	6	22	
7	6	1	14	
0	4	
2	13	4	22	6	24	
2	24	9	21	4	18	7	12	8	23	
2	24	7	7	5	17	3	21	6	16	
8	1	0	16	2	14	4	18	7	22	
5	13	4	10	1	18	
7	17	
1	20	7	23	6	13	3	5	8	15	
7	17	
8	20	
0	15	
7	16	6	23	
1	2	2	1	3	16	
8	18	9	5	5	12	
6	19	
0	7	8	25	1	9	3	22	
9	13	
5	11	0	5	6	3	
7	14	2	9	3	5	8	7	5	10	
7	1	0	9	1	5	5	8	8	6	
2	12	0	14	3	11	
0	15	9	1	8	7	5	20	6	21	
4	13	1	16	2	4	7	2	9	6	
6	18	5	16	1	2	
6	24	0	10	1	2	
1	5	4	10	6	12	5	11	
6	6	5	2	9	15	3	23	
5	10	0	19	3	16	8	12	4	17	
1	22	3	9	7	23	6	12	5	14	
2	17	
2	22	3	16	
5	16	1	9	4	7	
1	6	
8	10	1	13	3	25	
9	8	6	24	8	1	4	9	7	3	
2	3	7	5	8	11	
1	9	0	12	7	2	4	24	

Three processing times per job on each machine
The best scenario
515	413	
142	190	
380	721	
787	713	
1202	327	
759	598	
469	464	
625	972	
128	110	
394	191	
141	686	
266	312	
275	403	
251	1165	
188	716	
156	301	
330	225	
979	612	
592	542	
395	365	
388	379	
496	791	
347	468	
179	207	
214	145	
552	465	
137	53	
196	197	
88	82	
381	905	
636	900	
171	89	
580	710	
183	234	
58	191	
170	248	
598	544	
809	392	
364	575	
836	701	
943	750	
81	83	
66	184	
391	397	
146	196	
360	350	
230	306	
220	278	
61	178	
258	313	
Most likely scenario
926	483	
195	341	
746	748	
1459	1265	
1330	451	
909	945	
497	889	
1022	1217	
144	185	
438	260	
266	719	
415	478	
527	472	
501	1382	
368	880	
174	374	
366	253	
1246	619	
842	615	
458	677	
536	450	
508	801	
372	536	
235	315	
318	179	
691	796	
144	72	
264	345	
163	131	
390	996	
982	949	
292	108	
907	865	
196	421	
109	253	
268	250	
943	549	
891	578	
435	578	
1298	925	
1033	1063	
108	123	
132	214	
562	588	
260	270	
674	557	
380	539	
401	455	
75	194	
329	360	
The worst scenario
1001	596	
217	446	
758	755	
1827	1839	
1836	663	
941	952	
663	1175	
1344	1786	
165	260	
593	336	
358	796	
526	503	
762	532	
575	1441	
504	1075	
187	499	
533	317	
1613	666	
1198	902	
586	801	
674	621	
727	1040	
412	771	
290	359	
475	181	
1017	980	
192	101	
337	429	
191	134	
447	1274	
1229	1267	
367	153	
1269	1053	
287	617	
110	313	
288	307	
1133	736	
1266	687	
546	648	
1400	937	
1514	1184	
126	149	
164	320	
781	745	
268	274	
678	595	
432	679	
490	643	
85	265	
457	411	
