Factories	4	Jobs	100	Machines	3

Total number of component types per job processed by HSPM
6	6	5	10	10	10	9	7	10	12	7	10	5	6	11	12	11	7	12	12	8	12	10	10	9	6	11	6	6	12	7	12	9	10	5	11	7	10	5	6	12	11	7	11	12	7	12	10	7	9	12	8	12	6	7	5	9	11	8	10	10	8	7	7	8	12	6	12	12	9	6	7	5	9	10	5	5	8	12	12	11	12	7	8	5	11	6	12	11	12	11	12	12	9	9	9	11	10	6	5	

Total number of component types per job processed by MFPM
3	2	2	4	2	5	2	4	1	4	4	3	5	4	2	4	2	5	1	3	2	4	5	4	4	2	5	1	5	1	5	3	4	2	4	2	5	5	2	1	2	3	2	4	2	1	4	5	1	1	3	3	1	5	3	1	4	4	2	4	3	4	2	4	2	1	4	2	5	1	1	3	4	2	5	4	4	3	4	2	3	3	1	4	5	3	2	2	2	1	3	3	3	5	5	2	2	4	3	1	4	2	2	1	5	3	4	3	5	1	5	1	3	1	4	1	3	1	1	5	2	5	3	2	3	3	3	3	1	5	3	5	1	1	3	5	1	1	2	2	5	2	5	1	2	5	3	5	2	5	5	2	1	2	5	4	2	4	2	5	1	3	2	2	3	2	5	5	2	1	3	2	4	2	1	2	1	1	2	2	5	5	1	3	3	3	5	2	2	5	5	1	1	3	5	4	3	2	4	4	

All component type numbers for each job to be processed by HSPM
2	33	0	50	19	57	12	62	18	55	8	34	
17	69	11	53	7	1	4	46	5	37	14	73	
12	75	7	6	15	8	5	26	3	17	
11	28	13	46	15	64	0	41	16	74	17	69	12	39	6	61	7	71	18	26	
7	32	2	20	6	23	9	53	18	56	12	11	17	51	16	61	1	27	3	50	
12	47	0	61	1	26	9	37	6	36	19	70	4	14	16	27	15	35	3	67	
10	37	1	63	17	40	2	29	8	59	13	45	11	10	14	34	15	46	
17	37	14	1	4	49	7	36	1	6	10	32	18	45	
5	11	3	32	14	44	1	41	11	20	16	64	4	3	6	18	9	23	12	1	
8	8	11	57	5	14	17	65	1	3	4	10	15	69	18	42	16	32	0	6	2	55	12	40	
10	63	7	74	9	53	3	65	5	2	14	28	11	33	
5	10	14	52	7	74	0	25	6	60	16	47	19	50	9	4	18	39	3	27	
10	67	7	34	14	4	6	75	18	50	
15	20	19	29	9	3	6	64	13	50	12	41	
8	73	2	31	11	40	15	2	1	12	0	64	17	63	18	50	14	32	9	75	13	19	
2	53	17	9	11	35	1	51	14	15	18	38	16	61	0	49	9	28	6	59	8	16	13	37	
7	52	19	1	1	5	16	22	2	54	18	44	4	24	9	26	10	30	3	39	5	66	
2	47	4	44	11	40	9	8	1	28	3	64	17	74	
9	3	7	40	16	26	19	65	2	16	6	12	12	28	11	73	1	39	10	11	4	55	3	22	
19	36	16	64	4	17	12	12	10	50	2	15	1	2	7	56	14	48	6	3	15	57	0	39	
1	31	16	13	13	24	8	41	0	75	18	17	15	55	9	69	
17	35	6	10	18	43	4	9	5	64	14	37	12	48	9	65	3	69	15	61	13	67	10	47	
12	74	4	9	2	53	17	5	16	73	18	27	7	41	11	60	8	1	19	15	
6	45	12	69	14	9	7	4	13	61	11	55	8	32	5	42	9	35	0	70	
13	13	8	44	19	48	4	68	12	53	18	24	17	54	6	15	10	20	
9	51	14	18	0	23	11	2	12	35	18	48	
0	35	8	19	1	36	10	28	4	23	12	9	7	59	18	33	5	26	15	48	17	66	
7	72	8	4	6	64	16	70	9	45	12	67	
12	42	0	33	8	21	17	34	14	64	15	2	
14	41	1	12	13	11	9	2	3	73	11	48	10	72	12	74	6	63	8	70	17	47	7	56	
13	36	19	1	10	28	7	3	8	34	3	16	14	8	
16	40	9	50	12	45	6	46	7	6	11	25	17	16	14	30	18	39	8	8	13	19	1	53	
16	64	0	34	5	68	19	25	9	21	14	16	8	14	10	59	4	56	
12	22	18	36	6	56	1	24	14	46	2	39	8	3	19	62	5	14	11	69	
9	20	14	2	4	39	5	52	12	55	
14	21	19	69	7	46	13	60	11	55	8	26	0	5	5	68	12	9	9	8	18	48	
12	50	8	61	3	63	4	3	15	41	0	9	9	15	
1	71	3	57	19	64	9	47	16	7	6	75	13	74	15	14	2	17	12	46	
15	51	16	28	2	65	8	60	7	47	
18	28	3	4	13	27	17	22	19	20	7	75	
2	68	9	10	0	18	10	37	12	46	18	40	11	72	7	11	16	31	17	50	13	1	3	30	
2	31	1	68	9	38	3	26	0	67	7	36	4	19	8	18	17	46	11	64	19	17	
6	69	2	7	15	59	3	45	16	35	14	57	17	1	
15	56	0	15	6	22	11	38	2	18	5	6	19	75	13	63	7	25	4	48	3	24	
8	47	16	61	4	46	6	24	13	41	9	17	0	40	2	22	18	59	5	12	12	70	14	74	
7	5	18	27	3	4	13	21	2	44	1	25	8	62	
11	17	16	60	13	36	2	16	19	28	9	56	14	6	6	52	1	2	7	21	5	66	17	39	
10	36	18	27	19	66	6	48	7	6	17	22	13	17	12	45	2	74	3	62	
13	50	16	12	4	19	12	42	19	51	10	4	11	45	
1	75	2	67	6	57	13	74	9	62	4	45	7	49	10	32	16	52	
18	27	6	59	13	46	12	50	16	22	3	48	1	7	9	6	17	56	8	14	5	18	11	70	
13	35	19	38	17	32	7	50	2	8	14	22	1	18	18	70	
5	33	18	21	9	64	1	17	12	72	14	20	15	65	16	31	13	57	3	35	2	7	17	48	
5	73	18	31	0	1	10	70	19	37	8	57	
9	13	2	30	11	1	5	38	17	37	15	58	7	75	
13	73	1	53	9	61	2	1	18	64	
14	10	13	4	19	2	18	57	10	3	15	65	7	50	16	18	1	66	
0	42	18	21	6	29	8	54	5	22	14	63	2	71	19	68	9	57	11	46	4	50	
3	37	14	21	12	18	19	27	2	15	11	4	6	10	9	65	
12	29	6	74	2	60	13	24	9	8	8	20	10	39	5	28	4	66	7	68	
5	50	14	27	8	38	13	46	16	19	17	49	9	24	10	28	18	12	15	74	
13	49	19	6	8	42	16	27	6	14	2	22	18	12	1	28	
7	31	17	21	1	49	0	63	5	12	12	74	2	13	
18	38	11	35	12	74	0	48	3	22	16	30	5	23	
3	20	4	40	14	23	15	65	13	58	10	43	5	38	8	74	
4	64	8	51	11	72	12	3	3	25	2	52	17	23	1	61	18	28	16	5	14	73	5	16	
12	5	19	22	5	32	17	39	15	3	1	36	
6	49	15	29	2	46	16	6	7	18	1	27	19	70	3	65	18	4	4	31	17	64	5	52	
5	51	6	27	9	39	11	17	14	42	7	28	13	49	10	24	19	36	16	43	18	66	17	50	
7	28	18	57	19	60	1	54	4	4	8	63	11	74	2	71	3	29	
7	20	10	35	18	7	5	36	3	3	4	45	
8	63	18	74	17	50	14	15	11	29	10	70	3	46	
0	54	11	61	9	40	13	58	1	4	
9	75	7	37	10	61	2	63	18	18	13	57	4	34	16	47	1	69	
4	44	8	60	1	70	2	9	13	56	7	4	0	17	18	64	9	13	11	33	
3	9	16	38	13	53	2	27	8	2	
13	9	9	35	4	54	19	31	3	64	
3	12	11	70	16	42	1	29	0	21	9	33	6	54	14	19	
12	31	11	46	2	14	3	22	5	29	0	36	15	72	14	55	1	20	10	65	17	16	6	13	
1	20	16	58	11	67	6	69	13	22	0	49	18	32	4	70	9	3	17	16	14	62	5	75	
4	22	1	42	8	72	5	45	6	15	18	10	9	2	11	56	3	37	12	75	7	16	
12	45	14	5	2	66	11	40	13	55	3	3	4	36	5	26	19	34	7	56	9	15	8	65	
12	22	7	14	9	41	18	1	19	32	2	27	10	38	
9	67	16	24	3	44	14	61	5	30	1	49	2	11	7	66	
14	18	3	67	13	55	7	35	5	38	
1	11	9	46	6	42	0	61	18	47	10	68	5	54	16	24	4	64	8	55	7	63	
19	59	12	19	4	6	2	4	7	53	15	14	
4	21	16	67	0	72	18	38	9	4	15	20	14	7	8	54	19	46	6	63	11	44	17	24	
6	67	7	39	17	2	14	25	12	37	2	66	18	17	8	72	11	21	1	75	13	53	
19	17	14	43	8	26	5	12	9	30	10	40	6	23	1	13	7	24	16	45	0	4	4	16	
14	72	18	13	17	62	4	43	3	21	7	59	0	33	5	45	1	63	9	74	2	31	
10	59	3	20	15	60	5	69	13	18	16	8	7	35	1	64	6	67	18	65	2	68	4	73	
12	29	16	18	0	39	13	42	6	5	10	25	8	19	18	64	11	38	14	34	7	17	19	49	
5	28	7	7	8	34	9	73	4	75	1	62	15	51	0	64	17	46	
15	14	1	50	12	42	2	12	0	4	17	18	5	29	11	35	9	38	
8	42	1	58	14	24	11	34	3	55	15	48	7	65	5	28	0	57	
8	60	9	43	5	53	4	46	14	19	13	14	6	54	17	6	1	67	19	24	16	39	
9	3	19	57	16	62	8	33	17	30	12	40	11	29	3	27	13	17	0	37	
13	4	14	48	5	19	4	13	8	44	3	59	
14	15	3	65	9	3	0	4	15	29	

All component type numbers for each job to be processed by MFPM
9	18	0	4	5	21	
1	39	3	47	
3	11	0	2	
3	40	5	46	9	35	4	32	
0	23	8	19	
0	35	4	42	3	48	5	32	6	33	
7	5	3	7	
2	41	8	49	4	33	5	26	
5	5	
6	37	9	45	2	44	5	30	
4	5	1	22	0	14	2	20	
9	33	3	40	6	49	
3	5	1	22	6	14	4	9	7	19	
5	43	8	41	4	38	2	33	
0	9	3	17	
1	48	5	31	7	37	6	47	
7	24	6	16	
5	49	9	45	0	28	8	36	1	44	
6	10	
3	29	8	35	0	28	
1	19	8	21	
9	46	2	26	4	35	1	34	
0	6	7	17	9	8	3	15	2	24	
9	37	5	38	4	49	3	33	
7	9	4	21	3	25	5	4	
6	26	8	28	
5	8	6	9	2	24	4	16	7	14	
5	33	
3	3	5	6	4	4	7	11	8	1	
4	30	
5	18	0	21	8	14	3	25	9	20	
3	30	6	43	9	50	
9	20	0	18	7	9	2	1	
1	39	5	30	
8	10	7	24	5	1	6	16	
7	33	4	30	
8	8	5	21	6	25	0	5	7	6	
0	29	1	26	3	31	2	45	6	50	
6	18	1	16	
6	44	
1	4	4	25	
3	45	4	47	7	33	
4	3	1	15	
6	35	8	26	0	37	3	39	
4	8	6	10	
5	48	
2	18	0	24	4	6	7	11	
1	42	9	34	2	37	6	40	5	45	
7	9	
7	42	
8	10	7	17	6	25	
5	41	2	45	0	43	
6	8	
4	42	7	26	2	45	6	46	8	43	
1	17	0	16	7	25	
7	34	
4	11	1	14	0	24	6	1	
9	34	1	44	3	50	0	39	
8	3	9	19	
8	26	3	31	1	28	7	49	
7	23	0	2	1	21	
2	45	6	40	4	34	0	31	
6	17	5	13	
7	46	2	45	8	39	3	33	
8	23	0	4	
1	40	
8	2	1	9	2	11	4	14	
1	37	0	39	
1	18	8	3	7	14	0	7	5	8	
9	31	
5	4	
4	49	8	36	3	35	
3	11	9	6	2	25	8	15	
0	37	4	27	
5	3	4	5	3	25	8	19	6	22	
3	29	6	33	7	45	0	30	
0	4	5	6	1	18	8	11	
1	35	8	36	7	28	
9	2	1	4	8	23	4	15	
2	32	0	39	
3	5	4	14	1	22	
7	27	6	38	8	40	
7	14	
7	26	6	33	4	28	8	45	
4	17	3	1	8	22	5	25	0	13	
0	40	6	42	7	50	
9	13	6	15	
1	49	3	27	
7	21	3	4	
1	34	
2	17	1	20	0	14	
4	26	3	32	5	30	
5	3	4	23	7	25	
5	28	7	44	1	49	4	36	9	45	
1	5	5	7	7	20	8	15	0	11	
7	30	0	28	
7	10	1	16	
6	26	5	48	8	37	0	27	
4	15	8	2	0	23	
6	26	
8	9	0	7	6	16	3	18	
2	50	5	46	
3	22	4	4	
2	32	
0	23	2	11	7	16	1	4	6	5	
3	37	2	31	5	30	
4	20	9	4	7	13	6	24	
3	26	5	32	7	47	
0	2	6	5	8	16	1	19	9	17	
9	29	
1	8	3	2	5	13	8	20	2	11	
1	44	
2	12	8	11	6	6	
1	37	
7	22	4	17	8	10	0	12	
8	33	
4	1	0	20	5	10	
9	43	
4	10	
6	47	0	43	4	33	7	44	8	40	
7	5	8	17	
9	50	4	26	8	41	0	42	1	45	
3	19	4	5	8	25	
8	35	6	47	
3	11	1	5	4	4	
8	27	0	31	3	41	
5	2	3	4	6	7	
2	43	7	31	6	41	
9	8	
1	43	0	48	5	27	4	31	6	26	
0	12	3	19	2	18	
4	31	6	37	5	40	2	26	1	50	
5	10	
3	45	
0	3	4	6	2	25	
9	42	0	30	5	43	2	31	7	46	
9	16	
2	45	
8	16	2	7	
8	32	2	45	
8	19	0	18	9	6	5	3	3	8	
2	35	7	39	
5	10	3	21	8	11	7	8	1	1	
5	29	
9	3	6	18	
8	42	2	34	6	38	7	32	5	49	
6	8	7	15	0	5	
6	37	5	26	9	41	4	46	0	47	
0	5	1	6	
7	28	8	27	9	29	5	47	6	49	
8	3	4	4	9	22	0	13	5	9	
8	26	0	34	
4	23	
0	40	5	33	
2	1	8	8	9	9	1	11	4	24	
8	27	1	48	7	46	5	40	
3	6	4	2	
1	35	5	48	0	28	4	49	
1	16	7	17	
0	46	1	42	6	37	4	49	9	50	
0	1	
8	45	4	26	0	39	
9	3	4	1	
8	38	4	35	
0	10	1	22	7	18	
7	40	4	36	
6	12	8	24	0	16	1	3	9	21	
8	50	7	37	3	44	0	41	1	31	
5	25	6	16	
5	28	
0	23	6	7	3	2	
2	45	8	46	
1	22	8	3	0	10	3	5	
4	27	3	49	
9	3	
4	49	2	33	
7	24	
4	29	
6	6	7	4	
5	43	6	39	
3	15	8	2	2	1	1	21	0	3	
9	30	6	48	0	42	3	35	2	33	
3	2	
0	39	6	31	8	37	
6	10	4	23	7	9	
9	28	0	34	1	39	
7	13	0	10	6	12	5	19	8	17	
7	28	4	39	
1	19	9	23	
5	34	7	48	3	42	4	37	9	47	
0	2	5	17	1	1	3	21	9	23	
9	36	
7	23	
6	27	8	35	5	46	
3	19	9	6	8	9	1	7	7	13	
5	26	0	44	8	46	1	29	
4	24	6	21	3	17	
3	45	1	42	
2	8	4	23	5	18	3	19	
4	27	6	50	9	33	7	31	

Three processing times per job on each machine
The best scenario
386	361	550	
349	542	1032	
455	471	536	
87	94	173	
493	473	280	
1150	1129	1059	
522	548	489	
163	377	592	
795	454	219	
305	774	547	
200	520	343	
294	632	596	
780	681	225	
622	253	215	
157	196	368	
642	826	338	
128	90	94	
176	334	93	
535	359	246	
408	465	352	
823	448	732	
262	1078	628	
571	516	596	
592	1019	624	
251	185	365	
371	138	110	
805	640	376	
541	410	572	
170	177	44	
472	316	354	
301	376	337	
908	419	287	
75	95	153	
146	288	162	
118	273	129	
486	632	318	
497	566	587	
133	145	45	
82	77	101	
298	145	169	
339	188	424	
278	663	342	
546	369	406	
1116	935	465	
306	277	143	
62	210	147	
506	243	585	
241	373	177	
119	193	325	
185	99	255	
284	310	178	
237	430	348	
253	356	469	
725	736	1041	
237	272	247	
780	452	321	
196	598	698	
412	185	586	
249	341	178	
624	353	558	
183	538	421	
298	344	378	
156	232	141	
616	429	889	
551	867	1029	
429	399	458	
552	719	869	
717	824	633	
63	84	203	
785	324	650	
309	335	226	
697	573	435	
387	171	473	
574	845	345	
373	245	185	
245	382	326	
273	179	230	
531	411	701	
977	670	368	
694	264	691	
543	245	492	
492	1052	603	
403	135	468	
125	284	189	
364	209	300	
147	173	224	
421	448	444	
1035	199	410	
260	556	321	
353	568	244	
49	172	142	
492	582	413	
457	419	163	
225	211	193	
400	492	154	
131	182	257	
635	698	380	
169	154	149	
948	548	959	
616	319	655	
Most likely scenario
552	435	625	
424	1037	1190	
521	594	625	
159	127	182	
651	492	486	
1188	1172	1351	
710	666	711	
267	643	610	
880	587	309	
515	973	758	
360	558	676	
320	729	691	
953	779	325	
669	296	410	
292	328	430	
873	846	512	
182	129	121	
269	352	133	
687	617	375	
425	503	367	
977	713	825	
376	1331	1029	
920	558	824	
1036	1347	1129	
301	249	394	
486	169	131	
959	1148	429	
654	802	615	
173	238	88	
540	372	652	
366	696	661	
1138	606	388	
127	132	206	
228	400	309	
217	387	251	
963	695	485	
570	677	602	
142	156	83	
121	138	122	
340	231	176	
504	208	476	
362	716	510	
837	445	763	
1150	1120	662	
422	309	151	
102	237	226	
785	333	850	
376	499	219	
221	329	548	
274	120	262	
300	411	282	
415	485	512	
389	400	478	
941	1355	1329	
372	398	398	
803	531	384	
382	835	946	
622	280	622	
329	369	278	
677	394	859	
265	631	637	
491	631	423	
301	266	156	
803	501	1044	
1023	998	1267	
445	686	675	
614	787	1083	
1007	918	875	
121	153	389	
934	579	679	
397	338	449	
1271	887	542	
445	243	576	
738	1376	617	
394	287	325	
482	547	540	
284	238	265	
550	737	1355	
1339	749	678	
927	296	756	
859	482	631	
717	1136	877	
437	140	501	
167	354	192	
426	214	507	
166	198	299	
623	581	662	
1275	357	429	
346	570	517	
467	854	262	
78	221	197	
770	989	561	
492	555	240	
336	232	305	
402	705	205	
153	203	287	
710	713	703	
266	219	294	
1077	761	1035	
992	455	995	
The worst scenario
745	558	873	
503	1094	1299	
604	695	764	
192	144	221	
793	672	681	
1610	1468	1766	
880	824	868	
397	753	753	
1074	611	387	
587	1209	1072	
428	728	758	
384	1059	790	
1166	1018	442	
962	365	505	
386	492	494	
946	1121	535	
190	189	174	
288	510	153	
1014	761	393	
547	631	536	
1129	714	918	
476	1631	1031	
1377	657	1049	
1356	1785	1684	
317	309	462	
684	198	172	
1410	1621	484	
937	1081	776	
222	249	112	
673	492	729	
378	845	713	
1529	838	549	
134	168	225	
303	588	453	
281	408	305	
1333	801	537	
795	768	616	
174	229	112	
146	149	177	
353	309	220	
669	253	671	
456	731	546	
1235	604	897	
1256	1243	888	
500	315	178	
142	324	227	
894	383	927	
503	502	234	
223	393	741	
361	152	333	
381	592	290	
566	702	705	
499	463	533	
1154	1627	1733	
404	453	529	
1002	536	474	
542	1243	1175	
728	383	685	
402	434	378	
889	411	891	
309	873	819	
674	717	459	
434	396	199	
1018	513	1494	
1401	1027	1688	
511	720	843	
654	905	1449	
1080	1288	986	
175	165	489	
1361	778	894	
398	483	626	
1896	1098	743	
588	346	808	
750	1812	825	
553	390	438	
602	611	767	
300	340	322	
586	983	1669	
1965	960	751	
1138	301	1004	
1129	601	740	
904	1429	1130	
556	141	655	
225	475	244	
544	260	585	
177	294	348	
785	784	932	
1347	430	590	
364	706	651	
675	1055	334	
109	258	198	
1103	1439	768	
672	602	338	
399	295	425	
406	774	304	
227	269	391	
753	854	928	
397	261	399	
1334	1117	1528	
1081	466	1064	
