Factories	5	Jobs	150	Machines	3

Total number of component types per job processed by HSPM
11	9	8	10	12	7	9	10	12	11	11	5	12	8	7	5	6	6	6	9	10	8	11	12	6	11	12	11	6	5	6	6	12	10	9	8	10	5	10	10	5	5	9	5	12	6	10	7	10	9	7	7	8	6	6	12	6	9	7	12	11	11	9	9	12	11	5	8	9	12	10	5	6	9	11	9	9	6	6	5	7	8	7	12	12	8	5	11	10	12	10	12	9	7	8	5	9	11	10	10	12	11	9	10	7	5	9	8	10	8	12	8	6	11	12	6	7	6	6	9	10	5	5	5	8	10	5	9	11	9	10	6	9	11	8	10	7	11	12	12	8	5	10	8	6	8	8	5	8	9	

Total number of component types per job processed by MFPM
2	2	1	4	2	2	3	4	1	5	4	1	4	5	3	4	1	2	1	2	2	4	3	1	3	2	5	2	4	2	4	4	2	3	4	1	1	5	3	1	4	5	5	3	5	4	4	3	4	2	1	2	3	2	4	5	2	5	4	1	1	1	1	1	3	4	4	4	5	3	5	2	3	5	5	1	1	5	2	3	2	2	1	1	2	4	3	3	4	4	4	5	4	1	4	5	5	2	1	1	2	3	5	4	2	4	1	4	4	1	4	5	2	1	3	2	5	3	3	3	3	1	5	4	4	4	3	2	3	5	3	1	2	5	5	5	4	4	4	1	3	5	1	3	5	1	1	3	2	1	1	3	1	4	1	1	4	5	5	4	5	4	4	3	1	4	2	2	5	3	2	5	4	4	5	1	1	4	1	5	3	5	2	1	3	1	1	4	5	5	3	5	2	3	5	3	5	2	3	2	5	2	4	3	3	2	5	2	3	5	1	3	4	5	4	1	4	2	2	5	1	2	1	5	2	2	2	1	3	1	5	2	2	3	3	2	3	3	2	3	3	1	2	1	5	4	5	2	4	5	3	2	5	2	4	3	1	2	3	3	1	1	3	3	2	1	5	1	4	3	3	2	3	1	4	5	1	5	3	1	1	4	4	1	3	3	4	3	5	2	1	3	5	4	5	4	4	2	2	3	

All component type numbers for each job to be processed by HSPM
1	25	19	39	2	21	7	16	18	44	8	32	17	30	9	34	14	18	11	12	15	66	
8	52	4	13	0	75	9	23	3	4	16	22	13	45	17	8	15	24	
0	35	3	72	10	55	7	42	5	17	2	34	17	33	1	23	
2	2	3	33	16	7	10	39	7	70	17	59	8	35	11	3	0	48	15	17	
4	58	19	5	5	22	1	6	8	56	17	43	14	45	16	28	13	75	0	12	11	37	12	63	
6	23	4	28	12	31	11	53	3	65	18	42	2	11	
10	33	14	35	5	31	0	54	11	66	3	15	6	56	9	2	15	44	
5	57	3	29	18	43	12	47	6	3	13	32	19	26	1	1	2	6	0	56	
14	9	12	65	2	11	16	7	4	55	18	73	0	3	10	6	17	18	9	13	5	50	11	2	
15	36	9	61	12	70	18	7	11	44	16	53	13	51	5	37	19	23	0	8	8	29	
6	11	3	27	5	69	16	40	13	71	4	8	7	6	18	56	0	50	19	14	1	74	
14	14	8	51	11	29	7	45	3	41	
13	13	8	19	12	1	19	27	1	65	14	26	16	22	3	39	17	42	7	71	11	75	9	9	
2	37	4	65	7	69	3	31	16	64	17	54	18	43	10	59	
13	38	7	45	19	31	18	7	8	19	14	75	12	46	
8	31	18	75	11	12	15	14	5	59	
0	37	4	3	18	65	17	43	15	56	1	19	
4	23	0	19	2	49	17	62	7	22	13	66	
5	20	17	9	16	47	4	27	10	12	9	29	
5	55	16	17	2	25	1	9	19	62	12	50	18	61	7	11	8	41	
16	11	11	17	1	41	18	63	7	44	8	57	0	66	13	14	9	24	19	61	
5	72	16	7	19	16	10	54	1	19	0	26	18	47	2	65	
14	39	5	45	0	61	18	66	11	15	19	47	3	72	15	26	17	38	4	53	16	11	
6	30	7	2	8	32	2	45	14	64	13	74	4	59	18	54	10	51	19	48	17	53	11	55	
3	65	9	2	15	17	2	61	19	62	18	37	
13	50	14	28	0	33	1	10	5	23	7	3	2	56	19	40	16	54	11	32	4	30	
9	67	14	63	3	70	12	1	1	62	6	27	5	58	16	21	7	38	2	32	17	19	10	8	
16	3	6	17	0	48	8	22	2	74	5	18	15	35	12	6	19	25	10	43	3	1	
19	46	3	26	4	38	10	44	11	62	16	40	
4	75	2	72	18	22	1	21	9	23	
6	61	16	27	12	58	15	1	8	6	7	55	
1	13	16	15	9	67	18	19	13	27	6	11	
18	70	7	37	8	1	3	69	12	61	16	2	13	63	0	28	11	12	14	73	6	57	5	39	
10	5	7	35	15	50	16	23	3	13	2	30	17	61	5	8	13	29	19	6	
12	35	13	7	0	62	14	33	5	14	6	4	11	39	1	15	17	49	
17	63	10	9	2	2	12	58	6	39	5	33	18	4	11	25	
12	42	17	43	7	68	5	49	11	65	13	62	4	15	1	4	14	66	18	69	
16	49	3	73	8	74	11	72	14	42	
0	72	16	43	19	61	1	28	8	49	3	32	7	33	14	23	12	20	2	75	
10	70	15	19	13	15	18	28	12	21	19	17	1	31	5	54	8	35	3	13	
13	34	6	41	17	73	12	62	4	3	
8	37	14	54	15	8	5	49	11	73	
15	29	13	61	8	23	18	68	19	24	4	22	16	39	14	7	10	62	
6	44	18	15	15	73	3	59	12	9	
2	63	0	74	3	72	4	58	18	47	16	10	1	48	15	66	14	1	6	69	17	31	13	15	
16	43	3	68	6	27	17	24	11	69	0	75	
18	8	17	11	9	50	6	35	5	25	3	72	10	3	11	34	15	10	8	38	
8	27	13	8	0	63	12	69	14	26	15	52	9	61	
2	45	5	59	6	27	11	37	3	7	12	33	4	29	10	75	8	15	13	62	
2	66	8	47	15	50	13	59	19	62	18	18	17	22	4	25	6	4	
11	60	7	74	15	45	18	48	6	67	3	9	12	16	
11	72	13	57	7	29	19	21	14	51	10	53	15	17	
12	54	8	23	14	74	15	41	18	28	0	9	13	56	7	47	
9	49	4	43	19	38	15	11	12	29	8	66	
1	50	11	42	17	1	12	3	14	57	16	47	
18	18	17	21	9	22	14	47	12	56	1	19	19	45	4	57	5	46	16	13	6	67	3	2	
13	30	2	51	15	34	18	20	1	15	16	45	
17	4	5	25	16	27	10	50	2	15	13	73	1	18	6	52	19	66	
10	47	18	63	3	58	7	38	19	75	8	10	1	64	
17	48	8	43	3	5	1	8	12	20	0	63	14	74	2	38	6	33	15	68	10	23	7	27	
14	34	8	13	9	11	1	72	2	14	3	46	6	73	0	61	7	36	12	32	11	17	
10	41	0	44	13	56	18	59	19	11	16	17	2	31	12	26	8	58	15	48	17	43	
17	46	8	41	0	74	10	38	12	21	9	66	5	11	3	44	13	71	
10	75	1	62	13	14	0	27	2	17	7	8	17	1	9	74	16	21	
5	45	10	33	14	23	17	32	1	11	9	46	16	72	8	16	15	15	19	65	2	62	3	40	
14	65	18	67	16	9	6	34	11	40	1	59	7	26	5	19	0	16	3	33	9	55	
8	50	1	35	9	9	18	2	14	27	
14	45	1	32	5	39	0	22	11	15	3	51	2	38	9	2	
10	65	2	38	5	43	7	55	1	39	6	73	19	45	13	63	3	50	
1	33	4	49	0	40	8	46	6	58	17	8	15	29	10	70	16	52	19	9	9	75	13	51	
19	27	12	70	16	53	7	31	18	73	17	36	14	6	0	67	15	60	2	29	
16	71	0	72	1	27	13	17	11	24	
3	51	0	55	1	70	5	52	18	24	8	31	
17	11	11	27	7	30	13	15	19	40	15	10	10	58	6	4	3	71	
15	69	11	57	0	17	19	14	3	48	1	52	8	20	4	8	18	19	5	6	10	3	
5	57	15	32	14	73	1	56	3	49	2	61	18	58	16	15	4	20	
3	7	2	34	13	22	1	60	0	57	14	72	16	50	12	26	7	32	
0	64	1	21	5	16	9	9	8	26	15	39	
14	16	3	28	2	31	17	19	9	54	7	65	
10	52	9	60	3	11	19	30	13	44	
1	4	15	63	11	25	5	48	4	68	7	56	16	10	
16	22	0	24	19	69	2	14	6	55	18	23	1	3	4	2	
5	5	18	13	12	31	7	44	15	4	1	67	19	62	
7	61	4	3	5	10	13	48	18	56	11	19	17	52	1	18	14	34	6	69	19	71	0	40	
10	57	0	36	6	24	19	47	16	10	11	32	14	54	8	9	2	17	12	11	18	26	3	45	
12	56	16	15	15	1	5	46	6	17	4	13	8	71	0	61	
19	42	3	67	7	32	10	45	0	62	
5	8	17	62	9	67	6	44	18	17	10	65	3	31	14	11	0	57	13	55	8	4	
17	14	2	29	18	6	5	50	9	37	13	41	0	38	12	52	7	12	1	53	
10	23	2	1	0	66	5	47	14	65	8	24	3	16	13	33	15	9	18	12	9	26	1	71	
19	49	6	5	11	68	9	41	12	43	14	63	3	46	5	70	1	44	18	75	
5	17	2	27	15	52	19	9	8	14	14	30	13	33	6	29	0	44	12	5	7	73	4	25	
1	54	19	32	13	56	10	67	12	3	7	48	5	61	18	51	16	39	
12	68	1	70	5	40	6	35	9	45	15	22	18	21	
17	19	16	72	3	51	2	14	9	16	11	23	5	47	12	29	
18	3	9	32	10	56	3	66	7	1	
13	60	3	4	10	61	17	12	19	70	16	66	8	62	15	34	6	36	
13	39	8	4	12	19	4	48	7	40	17	41	19	73	1	16	16	18	3	68	5	55	
6	55	1	65	8	14	12	70	17	37	14	63	10	19	7	22	16	20	3	61	
6	57	5	55	3	24	0	34	14	19	13	10	9	68	2	60	8	54	17	18	
18	69	15	46	7	26	12	66	4	50	0	33	16	20	19	75	8	42	5	56	6	47	13	14	
9	71	4	60	6	4	11	6	19	36	8	46	3	7	7	68	14	44	17	18	13	14	
8	8	1	32	16	49	3	53	13	3	2	59	7	66	18	42	17	72	
15	7	19	50	17	53	18	43	12	66	9	58	16	30	10	33	7	36	3	16	
5	52	10	32	19	64	12	71	9	4	6	37	4	16	
2	58	12	52	1	23	19	45	4	1	
0	50	16	7	6	75	11	64	3	10	5	70	17	44	2	1	15	31	
7	14	18	17	12	26	13	55	1	72	4	70	15	33	8	66	
0	60	3	52	6	34	17	50	10	36	7	62	2	7	8	59	11	6	15	75	
18	72	14	74	9	28	8	70	19	46	13	32	12	21	1	41	
9	39	6	46	8	75	10	66	5	63	12	48	4	30	15	74	17	62	19	64	14	21	13	31	
6	8	11	43	5	58	7	12	3	40	14	19	8	46	19	2	
5	37	3	53	16	24	14	30	13	34	1	17	
11	2	0	41	10	27	3	51	7	44	2	58	6	31	12	53	15	6	1	12	13	35	
6	1	19	28	11	38	18	40	0	3	1	7	10	43	8	11	16	73	3	24	13	18	14	9	
6	27	4	69	14	53	16	46	9	58	5	20	
6	39	12	12	15	74	11	7	16	44	18	69	2	59	
17	72	15	68	4	23	14	56	1	50	11	33	
6	32	5	34	18	39	14	57	13	3	15	6	
18	17	9	66	13	52	12	67	17	42	0	28	6	48	5	68	7	36	
13	32	10	34	7	25	17	37	3	58	16	6	9	69	5	9	14	63	11	28	
7	14	16	12	4	4	13	56	3	71	
18	28	7	8	4	53	19	62	10	35	
16	1	3	73	8	19	19	62	13	61	
12	72	16	31	19	71	6	56	3	38	1	30	7	34	10	32	
1	53	16	17	2	13	6	67	10	11	11	21	15	2	0	1	8	36	14	35	
3	38	10	27	19	72	4	37	13	60	
11	68	1	11	17	51	3	75	0	57	6	15	8	67	18	8	12	61	
15	11	11	60	17	49	5	17	4	69	16	48	1	19	18	74	0	32	13	72	14	33	
2	52	0	51	5	10	3	54	8	39	12	62	6	21	1	63	11	13	
2	15	14	27	8	19	0	50	4	72	7	2	11	16	6	10	1	35	19	61	
7	71	1	25	12	42	13	29	15	2	2	65	
16	21	15	66	12	59	7	38	8	4	18	39	2	43	5	13	19	37	
4	29	12	28	18	22	11	44	10	54	6	8	14	7	13	24	3	25	15	21	0	46	
7	33	0	16	11	10	18	51	19	6	1	46	2	45	10	31	
4	70	1	41	6	26	19	57	5	24	10	9	0	5	12	36	17	44	7	12	
8	66	3	6	10	20	19	23	12	75	17	48	16	25	
7	46	15	19	8	28	11	17	5	31	1	59	2	72	16	8	6	2	13	29	3	44	
4	34	6	2	0	37	19	71	1	67	17	10	7	60	11	49	8	30	3	69	2	56	13	9	
16	33	3	39	18	50	8	11	10	59	6	32	4	31	9	65	0	27	15	68	7	5	12	12	
14	7	16	37	4	23	7	25	6	6	5	24	15	59	10	22	
18	40	5	7	12	65	6	2	13	43	
19	12	12	61	0	73	2	22	11	57	14	75	10	21	5	59	15	18	13	16	
19	42	1	63	9	69	18	6	14	70	13	56	10	14	8	15	
12	38	1	69	7	30	8	59	3	43	11	65	
11	26	6	14	1	46	3	53	17	61	5	71	16	5	10	1	
1	27	7	16	17	33	9	14	10	15	5	36	11	58	4	10	
6	37	12	71	17	21	14	9	5	45	
16	24	8	3	14	37	11	70	19	4	6	13	2	17	3	25	
9	47	7	10	2	49	11	33	12	55	16	36	15	65	3	27	0	43	

All component type numbers for each job to be processed by MFPM
3	16	0	4	
3	47	6	44	
3	3	
4	36	1	50	0	30	3	28	
9	19	5	18	
2	46	5	42	
3	25	4	6	7	13	
0	27	6	40	4	29	8	50	
1	14	
0	32	6	30	2	44	7	48	4	31	
1	6	4	19	0	23	6	8	
3	38	
3	14	6	17	8	20	5	2	
6	34	4	45	5	32	3	28	0	35	
0	22	1	14	8	1	
8	50	6	41	3	30	1	43	
1	6	
3	49	8	45	
4	11	
8	43	0	46	
5	23	4	20	
8	49	5	30	1	44	6	42	
0	19	7	9	8	7	
4	31	
2	17	7	12	5	5	
6	38	5	40	
2	25	0	11	8	20	7	12	1	5	
7	33	3	32	
6	23	5	10	7	12	9	2	
2	28	6	40	
8	10	2	9	4	25	0	20	
8	40	4	38	2	44	9	36	
1	5	8	3	
7	26	2	48	3	31	
0	3	3	1	5	13	1	19	
8	37	
4	24	
5	42	8	38	7	48	1	41	3	29	
1	19	6	16	2	6	
4	30	
0	23	3	7	8	13	4	19	
8	47	5	48	7	34	4	26	1	36	
7	15	9	18	3	16	8	4	4	10	
3	31	6	42	5	32	
1	4	9	24	2	15	6	21	4	23	
2	39	7	26	6	37	3	43	
2	20	0	8	3	1	6	9	
6	46	7	33	3	26	
6	10	8	8	1	25	7	22	
1	35	8	36	
6	8	
5	47	3	28	
7	6	6	1	2	22	
6	39	1	28	
6	18	3	3	5	10	9	15	
5	34	2	43	3	38	0	30	9	49	
8	17	6	16	
7	27	1	50	9	39	8	48	0	34	
5	1	0	19	3	18	4	20	
8	42	
6	21	
1	47	
5	12	
4	27	
9	4	4	21	6	7	
0	26	3	47	7	44	5	27	
5	1	9	14	6	9	3	20	
2	44	6	29	1	50	9	27	
3	25	5	19	8	20	4	8	1	13	
2	48	5	33	3	37	
2	13	4	20	3	8	1	17	5	21	
1	49	9	26	
9	8	2	25	7	24	
1	46	6	41	9	36	3	30	8	29	
8	1	3	8	5	15	4	2	7	14	
4	30	
7	21	
8	34	9	38	1	40	7	49	6	44	
7	18	3	7	
1	44	5	32	9	35	
1	8	7	2	
9	38	7	33	
8	23	
1	38	
5	25	8	14	
6	50	9	28	4	43	5	26	
8	6	9	25	7	24	
9	27	6	50	3	43	
1	24	8	7	6	5	3	15	
0	49	4	50	7	44	8	36	
7	2	6	15	4	21	5	11	
3	48	0	26	1	32	8	36	2	39	
3	10	0	12	7	5	9	15	
1	50	
4	12	8	21	2	24	9	25	
1	46	3	31	6	50	8	40	7	44	
0	21	5	17	7	20	4	23	2	1	
9	31	4	41	
0	15	
9	41	
0	12	6	4	
8	33	0	44	3	41	
8	24	5	1	7	20	0	6	1	25	
7	41	5	50	8	35	4	46	
3	10	5	9	
3	43	5	35	2	37	7	40	
0	15	
9	27	3	44	1	41	2	32	
2	21	6	16	7	6	8	17	
1	41	
9	22	8	5	7	19	4	18	
9	49	4	46	1	40	5	34	2	29	
8	2	6	11	
5	39	
7	8	4	2	3	11	
3	34	7	41	
8	23	6	17	4	9	1	4	7	15	
3	35	9	49	8	41	
6	16	9	24	8	7	
1	37	0	39	9	48	
7	21	0	18	1	1	
1	43	
3	15	1	4	6	5	9	14	5	13	
0	31	9	50	4	28	6	47	
6	8	7	25	9	9	0	18	
2	30	4	32	1	44	9	42	
8	23	2	1	0	5	
4	45	5	39	
1	25	6	14	3	20	
0	42	1	45	9	27	2	37	7	30	
6	20	2	15	0	24	
0	29	
9	5	4	19	
7	47	2	40	6	44	1	38	0	50	
7	19	8	20	3	11	1	21	0	12	
4	37	1	43	3	46	2	42	6	48	
9	11	4	12	1	13	8	7	
0	42	1	33	3	38	8	48	
1	22	2	1	4	6	7	8	
0	37	
1	15	2	6	5	4	
8	49	5	34	6	28	4	44	7	45	
2	3	
4	46	3	50	5	28	
6	5	8	22	0	10	5	17	1	8	
3	49	
6	19	
0	30	6	33	5	40	
6	23	3	12	
8	48	
0	22	
9	45	2	35	6	46	
1	9	
4	33	6	42	1	50	8	29	
5	5	
0	30	
6	16	4	11	7	10	0	24	
6	48	1	41	7	46	3	37	9	29	
1	6	8	24	9	21	3	8	0	7	
9	50	0	39	4	45	6	41	
1	19	7	6	9	14	0	8	4	3	
4	50	0	43	5	35	7	34	
2	19	8	11	4	10	3	9	
8	37	3	40	6	32	
5	13	
1	33	9	39	8	41	7	46	
9	10	4	8	
8	26	2	36	
8	2	2	14	3	6	7	9	0	5	
4	48	8	43	9	44	
3	25	0	10	
2	44	7	45	1	49	8	35	6	41	
8	4	9	20	7	9	0	23	
9	49	0	33	6	46	8	43	
0	11	1	6	4	16	3	25	6	4	
0	32	
5	24	
4	48	6	43	1	45	5	50	
4	10	
8	45	0	36	4	49	6	32	5	43	
3	21	1	16	9	25	
8	31	2	43	0	38	5	40	9	26	
4	2	8	1	
6	40	
6	9	2	13	7	15	
3	35	
7	17	
7	30	3	46	5	29	4	43	
3	20	8	10	6	17	7	16	4	9	
0	44	7	39	6	34	9	30	4	32	
1	17	3	2	0	21	
1	38	7	39	8	32	9	34	2	29	
1	19	3	10	
0	41	3	29	1	47	
8	10	3	15	6	18	4	12	2	4	
7	34	9	26	4	41	
7	11	2	7	1	19	5	22	6	8	
6	34	4	27	
8	12	6	6	0	21	
6	48	3	42	
8	3	3	15	7	11	9	8	6	16	
1	50	7	30	
6	9	9	2	5	12	8	8	
3	49	5	40	6	48	
5	10	1	9	0	23	
4	48	5	35	
9	6	1	21	5	20	6	10	7	25	
2	43	3	35	
4	10	2	21	0	5	
5	49	7	38	8	45	3	30	0	33	
5	24	
5	26	1	42	0	46	
0	20	4	24	7	18	6	10	
7	26	0	35	6	32	4	39	5	46	
1	2	6	23	2	10	8	1	
7	28	
7	5	0	18	8	19	4	25	
3	33	4	40	
5	17	0	20	
9	36	2	34	4	49	7	44	3	42	
7	6	
5	37	2	39	
4	10	
8	40	3	35	6	50	4	45	5	49	
7	7	0	4	
3	50	2	45	
3	4	0	22	
6	31	
0	22	5	2	6	7	
9	37	
5	21	4	9	6	25	2	8	9	20	
6	38	0	26	
6	23	5	16	
1	41	7	49	9	34	
0	20	4	10	1	7	
6	38	8	43	
0	23	6	14	7	25	
2	26	1	36	7	35	
8	19	4	10	
5	39	6	43	7	30	
5	18	7	17	6	25	
4	30	
2	5	9	2	
1	42	
7	19	9	8	1	12	8	21	2	20	
8	32	1	39	5	49	4	45	
4	13	7	20	2	10	9	2	6	15	
2	39	3	38	
1	4	0	1	2	2	4	15	
5	33	9	44	3	43	1	29	4	47	
6	16	8	11	5	1	
2	34	9	28	
2	17	9	18	3	21	8	25	1	4	
4	42	5	48	
4	12	7	24	9	8	3	1	
2	46	4	45	6	28	
7	14	
3	36	6	30	
9	23	1	12	4	5	
1	48	3	43	6	37	
1	9	
7	31	
5	8	1	17	2	9	
6	36	3	32	7	43	
6	9	3	12	
6	34	
2	17	5	5	6	7	4	13	7	19	
5	40	
6	23	2	8	5	13	4	10	
2	36	3	30	9	43	
2	18	1	11	0	4	
7	38	8	47	
2	1	0	17	4	7	
9	29	
8	19	0	5	6	4	7	18	
0	39	8	36	3	46	2	50	1	37	
0	4	
8	48	2	41	9	33	4	42	5	46	
1	24	5	19	3	18	
2	41	
0	7	
2	33	8	28	0	49	3	46	
0	12	3	7	1	11	4	10	
9	36	
1	25	8	18	2	14	
6	42	7	49	4	36	
3	8	2	6	6	12	5	16	
8	28	5	45	4	47	
8	16	4	10	7	22	0	11	5	3	
4	39	1	48	
7	22	
2	37	0	39	9	45	
0	8	5	4	7	20	4	25	6	2	
7	50	9	45	3	26	1	47	
2	17	9	15	5	24	8	22	3	14	
5	34	8	50	7	43	9	27	
1	21	8	19	2	25	3	4	
3	31	4	39	
7	8	9	15	
6	26	9	36	5	34	

Three processing times per job on each machine
The best scenario
70	61	50	
356	200	148	
117	97	92	
161	297	298	
354	346	224	
61	25	64	
213	87	172	
31	19	32	
57	76	235	
32	58	45	
85	100	133	
32	8	22	
338	283	131	
60	59	49	
64	134	35	
20	23	32	
109	43	103	
292	248	174	
26	24	14	
109	109	168	
36	90	40	
436	304	366	
193	280	259	
43	40	59	
35	24	21	
363	275	517	
51	31	69	
94	54	100	
37	34	73	
142	115	47	
133	113	73	
38	118	101	
139	76	71	
65	42	34	
201	286	164	
201	258	354	
82	43	93	
255	332	116	
394	73	312	
64	138	105	
155	182	254	
113	212	222	
356	234	342	
295	131	78	
34	35	30	
165	218	121	
75	95	63	
40	20	19	
192	553	315	
74	137	167	
52	41	26	
31	29	26	
89	117	83	
88	96	93	
123	183	322	
69	68	96	
136	247	352	
98	225	155	
252	298	178	
74	31	106	
190	111	105	
71	98	36	
114	74	157	
331	144	225	
71	96	210	
202	207	217	
190	267	126	
101	188	94	
57	39	35	
31	53	125	
28	20	33	
68	68	124	
39	38	69	
173	193	174	
231	313	430	
173	157	128	
268	135	83	
31	20	35	
162	131	106	
40	51	40	
158	137	152	
175	153	240	
180	154	183	
18	33	43	
116	115	106	
80	201	113	
115	127	98	
162	42	163	
140	96	74	
185	67	87	
212	61	39	
32	13	33	
472	286	133	
172	259	107	
17	45	19	
238	68	199	
208	472	177	
199	206	198	
54	97	138	
163	158	179	
23	35	27	
350	323	414	
235	189	70	
109	268	154	
243	410	329	
251	321	414	
126	154	147	
373	395	150	
311	222	116	
40	52	94	
50	58	69	
63	78	52	
40	30	28	
25	33	34	
210	145	266	
15	34	33	
299	283	199	
69	63	62	
170	551	416	
146	147	74	
139	75	169	
306	83	347	
65	142	64	
70	78	140	
139	66	219	
185	164	146	
66	84	68	
63	26	90	
279	288	236	
31	40	41	
81	442	451	
284	284	128	
35	42	13	
113	132	77	
48	70	55	
129	129	146	
54	54	70	
143	134	83	
128	125	97	
105	68	46	
222	266	59	
126	302	214	
330	341	124	
106	95	44	
148	132	131	
126	169	82	
36	20	40	
145	128	75	
85	50	56	
81	189	171	
Most likely scenario
94	66	85	
357	264	224	
123	101	150	
242	360	331	
369	487	410	
79	39	78	
220	171	202	
53	35	47	
66	148	246	
47	62	77	
161	176	167	
33	16	44	
396	449	229	
62	60	58	
97	145	36	
22	43	39	
124	69	133	
371	362	325	
37	29	17	
185	176	203	
50	105	51	
513	404	532	
263	299	309	
46	68	95	
38	43	22	
421	428	538	
67	40	113	
111	75	113	
51	55	81	
171	152	49	
146	132	116	
61	134	111	
171	93	142	
98	44	41	
236	370	186	
238	459	402	
87	67	95	
330	518	205	
396	144	320	
103	237	133	
243	320	340	
147	253	234	
443	313	460	
414	149	140	
60	36	57	
267	303	212	
118	103	106	
57	27	33	
348	573	444	
98	243	261	
69	48	46	
32	58	39	
148	142	140	
111	165	102	
147	326	332	
85	89	159	
150	275	469	
152	292	195	
262	357	207	
77	49	116	
230	141	119	
89	110	69	
217	89	251	
333	175	279	
130	143	298	
335	288	332	
234	276	239	
148	249	168	
90	62	49	
40	61	127	
51	23	39	
82	102	128	
73	53	77	
223	237	232	
238	314	541	
248	289	238	
485	217	150	
50	40	42	
237	194	191	
55	54	70	
191	151	175	
262	179	243	
241	167	298	
20	36	55	
124	138	122	
109	281	217	
117	161	115	
207	71	240	
152	116	127	
193	104	106	
229	109	61	
33	24	34	
577	517	247	
281	371	141	
25	59	22	
261	126	243	
349	483	304	
377	370	293	
64	100	175	
235	250	213	
27	39	32	
377	378	518	
311	214	87	
161	440	221	
477	510	348	
411	358	480	
200	209	168	
381	417	223	
351	361	229	
48	69	136	
79	107	90	
125	117	63	
53	48	29	
50	43	52	
298	146	311	
27	49	45	
413	416	305	
73	81	92	
263	568	488	
258	181	88	
146	97	247	
390	114	408	
111	224	91	
129	149	211	
186	100	259	
308	175	257	
131	138	71	
76	43	93	
480	523	469	
40	56	45	
158	500	539	
329	420	238	
52	58	22	
192	258	117	
49	71	57	
135	136	206	
96	91	115	
285	172	134	
180	217	152	
130	76	71	
286	343	103	
160	448	346	
397	436	157	
191	96	81	
163	222	137	
183	220	86	
66	35	71	
146	147	107	
87	80	96	
123	274	198	
The worst scenario
122	79	109	
509	331	303	
136	126	174	
356	443	363	
542	546	578	
117	48	88	
292	234	264	
78	39	64	
95	221	342	
49	88	114	
198	191	200	
43	17	65	
427	516	333	
92	62	77	
136	175	52	
31	46	43	
158	79	163	
456	517	462	
47	33	20	
255	235	274	
73	120	64	
721	408	593	
357	442	400	
63	89	120	
43	58	23	
565	488	768	
83	59	144	
113	95	168	
69	81	119	
228	156	51	
150	187	160	
63	179	163	
215	106	145	
111	55	51	
312	384	268	
310	563	584	
90	92	135	
375	639	241	
508	183	345	
128	293	194	
264	427	386	
173	332	337	
641	328	687	
482	179	197	
89	50	66	
370	400	237	
138	115	128	
70	40	38	
368	585	614	
131	339	322	
73	53	61	
33	62	41	
201	189	178	
124	239	132	
165	449	425	
117	131	179	
213	298	494	
183	415	197	
304	389	282	
85	73	153	
238	147	178	
97	124	71	
312	108	278	
344	227	410	
157	169	412	
454	327	385	
304	385	332	
177	282	239	
124	85	51	
45	76	142	
67	27	52	
86	149	159	
80	75	103	
324	322	242	
345	441	671	
357	356	293	
604	288	199	
64	59	50	
274	230	195	
81	70	84	
256	181	221	
324	182	257	
268	236	405	
29	51	82	
186	143	134	
125	395	293	
160	164	137	
247	88	302	
193	147	139	
277	117	144	
316	163	78	
41	27	51	
663	696	267	
285	459	163	
28	80	23	
321	160	291	
425	615	400	
513	532	353	
96	131	252	
346	299	318	
35	44	43	
462	404	661	
367	304	119	
231	655	283	
684	545	394	
579	407	545	
290	313	188	
463	444	241	
357	462	296	
64	91	202	
113	128	93	
145	133	73	
79	49	38	
72	49	59	
338	154	372	
40	73	58	
525	505	361	
103	112	124	
340	737	533	
348	253	112	
195	127	316	
575	169	424	
145	317	127	
137	190	230	
236	135	387	
356	183	298	
147	153	75	
90	53	112	
524	526	627	
48	75	61	
202	657	684	
388	510	303	
62	76	26	
267	348	121	
73	96	68	
179	192	236	
109	110	151	
426	212	178	
201	262	199	
152	109	82	
330	401	132	
187	540	372	
591	478	208	
283	101	112	
222	233	187	
261	250	101	
96	52	105	
166	156	127	
96	101	133	
147	296	215	
