Factories	3	Jobs	100	Machines	2

Total number of component types per job processed by HSPM
11	8	10	8	8	5	5	7	5	9	9	9	7	11	8	6	7	10	11	5	12	10	5	12	7	10	7	9	11	9	11	10	12	11	5	10	9	6	6	5	5	10	11	6	10	8	6	6	7	9	11	8	12	11	6	11	10	8	11	8	9	7	6	12	12	7	12	8	8	9	9	7	5	6	11	8	12	9	7	5	10	6	11	11	11	10	12	11	11	5	9	8	9	6	7	10	5	5	6	10	

Total number of component types per job processed by MFPM
4	4	5	4	1	5	4	2	2	1	3	1	4	5	1	4	2	1	4	4	4	3	5	3	3	1	5	4	2	2	5	3	2	5	3	3	4	5	2	1	4	5	3	4	2	1	5	5	5	2	3	1	2	5	3	3	1	1	5	1	4	1	2	5	5	2	1	2	2	3	4	5	2	1	4	2	1	5	4	5	5	5	4	1	1	1	5	5	2	1	3	5	1	4	3	2	1	3	2	1	

All component type numbers for each job to be processed by HSPM
9	3	16	44	17	75	3	47	18	1	8	68	11	64	0	14	7	35	2	40	15	69	
11	46	9	13	17	52	4	3	6	22	0	48	7	29	12	7	
9	32	0	61	19	67	17	56	5	5	7	6	14	63	18	43	4	34	15	2	
9	43	18	35	11	57	16	33	13	72	0	31	2	29	8	46	
6	53	17	20	15	28	5	14	8	24	18	1	13	68	10	11	
17	75	18	62	12	68	16	47	13	22	
18	23	2	66	9	31	3	44	14	53	
5	40	19	69	8	13	17	22	6	31	16	9	13	15	
14	36	11	50	0	6	19	35	18	56	
16	51	18	14	1	62	8	65	3	18	19	2	17	37	6	15	4	12	
15	75	5	9	18	69	7	70	19	28	10	53	2	61	12	74	14	64	
7	42	2	70	8	59	0	39	14	21	19	62	11	26	17	67	6	45	
16	60	14	50	13	45	6	19	15	62	0	56	19	9	
2	14	19	24	17	70	6	3	14	54	8	56	15	45	4	60	0	36	1	10	18	35	
11	11	12	55	0	13	5	37	6	56	4	72	10	19	14	66	
5	3	19	28	11	73	6	45	17	37	18	15	
15	43	8	8	19	41	2	57	5	60	18	7	16	4	
10	4	8	42	5	47	16	35	0	17	14	44	3	73	18	55	13	50	9	61	
17	51	1	69	4	6	3	29	6	5	5	16	19	44	11	11	0	35	8	55	2	75	
0	27	11	45	13	23	18	50	9	38	
0	16	10	22	6	29	19	75	18	44	14	19	13	65	5	17	15	74	1	28	7	40	17	23	
19	9	14	18	13	50	8	58	1	25	5	28	0	66	9	27	7	51	15	64	
12	69	0	26	19	28	11	37	3	27	
11	37	4	14	17	6	19	47	12	61	16	69	7	12	2	65	10	16	8	10	5	1	0	7	
5	53	19	10	13	58	15	57	2	61	9	72	3	12	
12	43	16	30	17	13	4	32	0	12	19	22	18	17	15	7	11	2	8	44	
5	38	7	56	3	17	4	58	14	7	18	47	10	36	
4	22	11	52	6	27	2	29	14	67	7	39	12	30	1	62	18	45	
11	69	6	25	10	67	14	2	5	70	19	75	2	68	9	73	3	23	7	64	16	66	
12	58	7	26	19	67	6	63	1	64	10	12	0	53	18	30	16	50	
9	66	5	25	4	20	19	74	17	31	7	12	15	7	1	22	2	10	6	60	11	28	
5	53	13	20	19	66	18	49	9	67	1	14	6	15	16	58	4	51	14	19	
6	55	8	37	12	8	15	50	19	23	13	9	16	43	0	73	4	33	14	71	5	14	18	4	
11	34	6	27	19	19	15	46	3	31	5	55	10	9	1	14	14	65	12	50	18	37	
0	13	12	51	13	52	15	45	5	50	
0	42	12	64	11	54	7	75	13	55	14	72	3	60	1	23	9	32	4	15	
5	59	14	19	11	39	9	40	4	30	1	57	13	46	12	37	10	33	
5	39	11	56	18	41	7	8	14	12	4	74	
8	72	3	74	16	75	13	39	9	18	15	36	
9	70	0	29	10	45	1	16	13	65	
7	29	19	12	6	42	18	61	13	53	
18	18	7	56	2	2	13	4	17	52	4	62	12	1	16	28	5	72	0	43	
8	39	18	27	10	37	4	42	11	50	6	45	19	38	0	20	14	69	5	7	12	48	
13	75	19	58	6	33	10	42	14	6	15	47	
8	58	1	70	12	71	5	42	10	26	7	2	3	49	19	12	11	64	15	43	
19	4	15	71	17	36	18	62	8	7	12	30	16	69	9	37	
2	44	16	31	17	20	3	13	4	9	8	29	
7	26	14	29	0	34	1	13	10	18	8	1	
7	32	18	41	4	40	3	52	0	23	2	51	15	19	
11	32	15	46	10	33	2	40	5	51	17	68	1	64	0	20	19	5	
17	4	12	2	3	1	11	17	0	61	4	63	8	7	14	54	2	24	19	65	5	31	
19	58	8	63	5	5	9	14	18	23	12	39	0	7	4	66	
16	17	0	11	17	44	6	35	14	6	10	62	2	14	12	41	3	40	15	15	19	73	11	26	
19	61	8	9	10	46	0	1	7	62	18	63	4	42	15	28	5	74	14	44	16	18	
10	5	18	38	9	65	19	46	0	2	2	23	
10	16	4	56	8	42	5	20	14	45	6	63	3	10	13	18	18	3	0	32	15	51	
14	8	7	65	2	37	13	28	11	72	17	24	19	74	5	9	1	13	6	4	
2	23	3	11	1	43	17	67	19	22	18	14	9	40	5	2	
11	58	17	52	15	21	19	71	7	19	10	61	13	36	2	6	3	1	18	75	4	66	
14	9	3	46	10	60	6	4	15	34	8	3	5	16	11	61	
16	62	11	9	19	13	4	33	5	2	0	32	14	21	9	25	10	46	
8	48	15	43	12	27	18	19	7	33	1	13	14	1	
13	6	12	37	10	28	9	23	16	9	15	32	
7	5	3	73	13	38	0	44	14	59	2	11	16	72	10	1	4	15	8	34	17	22	15	60	
7	8	15	18	10	73	4	24	0	12	13	37	8	13	19	2	12	52	9	5	17	25	14	53	
9	72	14	35	13	58	15	26	8	59	0	62	12	18	
1	36	5	25	19	16	13	68	10	42	3	6	14	58	16	17	2	53	0	9	7	69	17	55	
6	73	0	32	5	72	16	37	9	16	19	4	3	67	14	15	
16	64	5	74	15	53	10	65	4	55	6	18	1	23	17	72	
19	74	4	10	14	37	3	72	11	18	0	13	5	61	10	33	15	49	
9	2	5	5	10	58	12	24	8	12	0	29	6	48	19	66	2	19	
5	5	14	10	12	51	17	56	4	13	10	40	2	4	
10	8	0	11	5	12	4	10	2	58	
1	50	6	23	19	40	17	52	4	62	9	71	
13	25	12	6	16	64	0	32	15	5	5	17	9	4	14	18	10	55	2	73	18	54	
5	5	6	62	19	31	17	41	15	6	11	17	0	75	9	8	
17	50	3	6	15	25	2	24	16	70	14	2	10	15	18	48	8	51	7	39	0	40	11	36	
11	37	5	5	1	63	17	10	6	66	14	38	16	48	13	28	19	60	
19	2	16	37	0	27	14	23	9	53	7	4	15	16	
19	54	18	8	16	25	9	29	7	51	
3	57	11	8	18	40	19	63	12	2	0	71	4	62	17	11	5	64	7	14	
16	22	11	18	12	68	13	8	15	28	0	46	
3	18	10	57	0	37	11	23	8	8	1	4	5	1	18	51	16	25	9	42	4	43	
5	53	0	35	4	5	11	38	9	3	17	51	10	37	14	48	18	23	2	68	13	69	
14	1	9	30	2	71	3	57	16	64	0	7	6	40	19	55	17	54	4	68	11	29	
8	68	18	53	10	6	3	25	5	18	11	72	14	41	4	51	15	44	17	15	
0	55	16	13	10	1	12	63	6	25	9	69	14	50	3	46	7	65	5	22	4	45	11	56	
11	3	19	44	2	7	7	4	6	45	1	66	5	27	3	43	0	65	8	49	18	8	
13	72	5	20	9	2	17	63	12	17	4	71	19	53	6	69	15	48	10	16	14	50	
19	19	2	22	7	4	15	68	3	38	
16	67	14	48	7	35	10	58	6	72	1	10	3	39	5	2	8	26	
17	18	14	50	6	57	16	37	15	61	9	16	11	25	13	23	
1	31	6	2	18	15	14	66	2	44	10	23	16	53	9	37	4	75	
13	32	7	19	12	5	1	3	8	7	19	53	
1	37	8	17	14	50	10	63	3	6	15	74	13	35	
9	51	2	31	3	52	6	39	11	14	12	32	16	12	18	59	19	58	10	26	
12	59	19	12	1	19	17	45	2	46	
0	40	18	60	19	23	6	53	3	38	
8	73	15	43	0	21	2	53	3	24	4	18	
12	45	13	70	7	46	3	11	2	57	15	61	16	23	5	42	0	33	10	10	

All component type numbers for each job to be processed by MFPM
1	22	3	4	5	10	7	17	
6	23	2	4	0	2	8	19	
1	12	3	10	4	16	5	3	8	11	
0	19	9	4	6	7	5	24	
2	2	
7	7	5	1	2	18	3	19	1	20	
1	13	9	9	6	25	0	8	
6	4	3	17	
8	8	0	2	
8	14	
7	23	1	16	3	11	
1	19	
6	13	8	16	1	23	7	19	
4	20	8	19	2	24	1	9	9	13	
4	11	
4	21	7	10	0	16	6	3	
4	18	2	8	
2	24	
3	1	0	13	6	23	7	16	
7	6	9	20	3	8	2	11	
0	14	9	5	7	15	2	22	
1	3	2	6	0	25	
2	20	5	4	7	12	1	3	8	14	
4	2	0	23	7	1	
8	8	9	3	2	15	
7	8	
0	16	7	4	8	10	1	25	4	20	
6	16	7	11	0	17	4	10	
2	21	7	25	
9	2	0	11	
5	10	8	6	0	13	1	23	6	1	
9	22	0	10	8	4	
9	7	4	19	
9	8	1	5	2	13	0	21	7	14	
8	24	1	4	4	10	
1	1	6	14	8	19	
8	21	6	12	4	4	7	15	
5	23	8	24	9	16	7	19	6	12	
0	22	9	15	
8	11	
2	2	7	21	9	16	4	9	
4	3	8	24	7	5	1	17	2	11	
7	20	4	11	6	14	
2	3	8	23	1	20	0	7	
1	8	4	18	
7	10	
9	12	0	18	7	2	8	22	6	24	
2	20	7	7	9	1	5	18	6	5	
2	18	9	20	7	5	1	9	8	24	
0	19	7	8	
1	19	2	17	3	25	
8	3	
0	6	7	11	
4	24	9	22	2	2	5	6	8	20	
3	22	4	16	1	8	
4	16	1	23	7	2	
7	21	
5	19	
5	21	9	15	0	5	4	14	6	25	
9	2	
7	7	4	22	0	16	3	19	
6	15	
2	7	6	6	
9	2	0	12	7	10	2	3	6	19	
0	6	3	4	1	18	6	22	9	14	
6	3	4	7	
1	16	
9	12	3	16	
4	5	7	18	
7	16	6	20	2	25	
6	23	1	8	4	25	8	21	
6	25	5	20	3	1	1	8	8	22	
8	13	0	20	
7	3	
0	6	4	20	1	23	9	19	
8	3	1	13	
8	19	
5	25	1	6	6	16	2	8	4	4	
6	25	0	16	3	13	2	4	
2	1	3	13	5	11	6	20	7	12	
8	9	1	15	0	3	2	11	6	16	
5	1	1	3	9	17	8	22	2	15	
9	10	0	1	3	22	8	3	
3	15	
4	9	
0	25	
9	17	2	13	4	1	3	11	5	24	
9	11	3	5	4	13	2	15	0	9	
5	25	4	1	
8	7	
8	19	1	13	5	24	
2	24	0	16	3	20	8	10	7	5	
1	18	
5	12	4	1	8	23	3	10	
5	7	3	12	4	9	
3	24	5	7	
6	10	
6	12	0	23	8	9	
3	2	9	7	
5	20	

Three processing times per job on each machine
The best scenario
186	187	
11	37	
57	81	
66	144	
322	306	
322	350	
261	251	
444	178	
206	137	
91	91	
48	140	
248	166	
136	285	
192	244	
474	414	
155	133	
124	65	
91	72	
140	102	
212	193	
127	327	
294	107	
107	96	
35	78	
37	65	
242	130	
269	126	
150	382	
16	16	
36	44	
97	63	
135	190	
62	131	
215	116	
40	103	
243	181	
260	327	
31	43	
58	56	
514	352	
82	85	
127	35	
294	318	
135	122	
85	93	
98	142	
102	225	
300	230	
143	196	
154	170	
330	360	
264	224	
306	216	
159	197	
201	262	
146	110	
66	92	
185	97	
111	105	
76	32	
119	37	
262	231	
179	30	
119	162	
135	236	
159	97	
62	29	
18	30	
156	95	
283	186	
189	74	
244	267	
391	187	
38	34	
155	73	
345	194	
55	37	
146	65	
119	84	
20	56	
90	61	
79	44	
63	143	
232	133	
193	344	
165	146	
296	483	
68	103	
20	26	
149	273	
129	158	
37	48	
166	162	
299	259	
25	26	
177	152	
32	76	
38	130	
312	436	
166	259	
Most likely scenario
282	239	
22	54	
95	109	
79	227	
370	398	
496	397	
287	278	
586	181	
308	258	
95	130	
78	206	
350	231	
143	313	
193	245	
477	426	
176	247	
136	113	
112	110	
143	112	
297	245	
207	471	
320	176	
165	182	
58	106	
44	93	
251	134	
470	181	
172	405	
18	19	
49	46	
126	109	
160	192	
120	170	
275	153	
69	169	
281	260	
328	457	
53	59	
90	93	
553	540	
157	165	
143	59	
295	582	
187	123	
106	158	
184	159	
120	290	
426	273	
246	310	
169	210	
472	384	
471	376	
327	333	
177	303	
313	343	
198	155	
110	162	
188	164	
216	182	
134	51	
198	57	
429	434	
185	53	
199	195	
213	261	
168	157	
69	33	
21	49	
288	120	
308	332	
269	125	
278	332	
410	205	
61	58	
238	124	
389	292	
59	58	
234	126	
215	110	
38	69	
143	86	
82	46	
74	170	
328	214	
250	384	
247	156	
369	541	
120	109	
25	32	
234	376	
146	208	
61	70	
239	198	
504	430	
36	46	
197	246	
44	92	
62	139	
488	508	
316	403	
The worst scenario
364	340	
29	64	
142	129	
96	239	
471	531	
589	538	
425	417	
840	182	
379	309	
119	190	
103	218	
452	338	
150	408	
223	283	
523	487	
189	320	
200	116	
126	158	
179	132	
347	301	
267	494	
397	239	
228	226	
80	144	
66	101	
375	178	
511	266	
175	471	
23	28	
57	65	
180	143	
182	193	
161	194	
347	176	
88	251	
298	340	
417	658	
55	63	
94	126	
611	782	
191	204	
150	81	
329	630	
249	134	
107	166	
231	224	
153	318	
582	313	
295	415	
186	224	
648	487	
602	470	
415	389	
250	354	
435	386	
220	158	
150	238	
235	175	
271	267	
173	75	
240	66	
628	480	
242	68	
285	245	
287	302	
222	222	
97	36	
29	60	
293	130	
409	449	
368	154	
304	421	
480	236	
84	67	
293	147	
488	302	
83	80	
237	135	
286	139	
45	82	
149	118	
103	64	
81	253	
336	317	
345	486	
261	209	
491	653	
177	112	
34	35	
318	538	
213	273	
78	104	
298	206	
553	569	
45	50	
281	326	
50	132	
66	154	
590	623	
324	470	
