Factories	4	Jobs	50	Machines	3

Total number of component types per job processed by HSPM
10	5	8	6	8	9	6	5	12	11	5	7	11	12	12	7	7	9	11	11	8	6	9	6	5	9	8	12	12	9	7	6	6	7	9	7	6	11	12	5	12	10	5	12	5	6	9	8	5	7	

Total number of component types per job processed by MFPM
4	2	4	1	4	2	4	1	3	5	2	4	1	5	3	3	4	4	3	4	3	2	5	3	2	1	5	2	1	1	5	3	5	5	1	1	2	4	5	2	3	5	2	5	4	4	2	1	3	4	2	3	5	4	5	1	1	1	2	2	3	3	1	3	2	2	1	5	4	3	5	2	5	4	2	1	2	5	2	2	1	1	3	3	4	3	3	1	3	4	4	2	2	1	2	2	3	3	5	2	

All component type numbers for each job to be processed by HSPM
11	75	6	74	17	59	2	6	15	33	7	17	1	66	10	42	0	13	18	56	
7	70	8	10	2	72	5	20	15	3	
11	6	3	40	14	5	17	71	1	4	0	55	8	30	7	56	
16	23	10	64	18	33	8	2	7	8	9	62	
13	46	16	58	3	40	10	12	0	66	6	33	11	8	14	64	
0	64	18	8	4	9	13	70	9	12	14	61	10	14	2	52	15	55	
9	34	3	13	7	55	15	53	12	19	4	38	
3	62	0	11	9	58	4	3	7	75	
1	65	18	5	10	32	9	15	19	27	4	72	5	44	17	34	0	59	15	19	6	12	8	29	
13	29	14	72	8	19	17	61	1	3	15	43	3	52	9	60	6	9	10	70	19	68	
9	16	3	22	12	1	15	52	11	2	
17	20	8	28	10	60	3	49	0	17	5	31	7	19	
18	56	2	47	16	29	10	24	4	36	15	21	12	49	11	5	6	32	9	46	7	33	
7	74	3	10	13	52	9	70	12	12	17	65	11	35	6	61	5	53	8	18	10	38	16	1	
5	5	17	70	18	9	0	58	11	56	19	38	2	10	7	45	9	74	10	23	3	60	14	47	
6	64	11	40	15	63	8	8	13	66	5	39	2	65	
8	23	11	26	16	28	19	30	13	36	17	52	1	16	
18	29	6	66	17	67	12	17	9	20	5	56	3	72	11	7	2	50	
10	65	7	44	9	45	13	61	18	53	8	12	2	23	12	43	1	19	17	59	3	70	
9	1	14	54	4	33	13	32	5	40	10	43	0	47	7	26	6	31	8	48	19	56	
9	37	18	25	4	26	11	42	0	29	6	70	5	52	13	14	
10	34	3	72	17	54	0	27	4	42	7	47	
11	67	12	20	6	7	19	49	8	34	4	13	16	53	0	55	18	50	
1	22	4	58	3	8	10	59	19	68	0	72	
5	1	3	20	12	68	15	38	13	61	
3	44	12	17	0	70	2	40	11	64	5	63	10	11	17	68	1	67	
7	25	10	36	5	31	4	32	9	40	13	58	19	14	0	46	
4	25	16	13	15	6	13	68	14	33	9	24	11	16	6	39	0	42	3	9	5	53	19	45	
5	66	9	70	10	21	17	67	3	74	14	8	12	32	6	47	8	10	0	28	16	48	7	3	
14	71	2	64	7	9	1	50	16	28	18	59	6	3	3	38	4	54	
5	28	14	52	4	67	9	60	10	14	2	70	3	21	
4	25	2	30	1	58	0	44	13	48	6	34	
5	75	0	73	6	63	7	20	15	59	4	10	
18	35	4	65	3	19	11	42	17	50	15	72	14	44	
5	54	6	12	15	27	1	32	12	58	14	50	16	18	3	3	0	33	
15	65	9	47	10	73	6	64	5	22	1	14	11	26	
15	24	19	2	10	21	3	3	16	52	2	53	
9	12	2	41	16	55	6	50	15	38	17	15	13	45	14	57	11	22	5	75	19	56	
12	18	5	32	14	22	16	61	3	35	7	3	8	74	17	28	19	10	4	70	13	60	0	58	
4	41	15	55	18	56	8	33	19	71	
1	60	17	26	14	49	4	41	11	74	8	72	6	47	15	63	2	11	13	25	16	50	0	15	
4	30	2	52	1	10	10	36	17	38	11	34	0	27	18	24	8	9	7	7	
9	30	8	39	3	42	1	74	19	21	
9	13	1	53	3	54	12	33	10	11	2	52	13	73	16	47	7	40	18	41	8	18	17	3	
6	19	4	8	1	7	0	53	17	2	
10	65	17	71	19	54	2	74	3	28	13	18	
12	8	0	44	16	28	10	37	3	5	17	22	1	6	13	26	15	57	
16	29	7	51	2	50	13	26	14	68	12	11	4	53	15	67	
9	9	8	13	6	22	15	37	11	29	
3	38	18	2	17	31	6	36	14	45	0	52	19	40	

All component type numbers for each job to be processed by MFPM
6	11	3	15	9	9	2	23	
0	27	8	28	
8	14	6	9	1	22	3	2	
3	26	
5	8	2	24	1	9	9	15	
6	47	0	38	
9	13	3	3	1	24	4	15	
2	28	
8	5	3	12	1	6	
9	50	4	35	7	49	1	34	6	42	
0	20	9	14	
2	48	3	44	8	38	5	31	
4	14	
2	31	4	30	3	39	1	42	6	48	
1	22	6	15	8	24	
7	32	9	39	1	40	
8	2	6	19	9	14	0	23	
1	26	9	39	8	43	0	47	
1	2	7	5	0	12	
5	50	3	29	6	37	9	38	
2	22	0	7	3	12	
1	27	7	41	
3	3	1	25	9	19	2	12	6	13	
4	44	2	31	5	46	
7	10	5	9	
7	38	
8	9	5	20	0	18	4	23	6	7	
8	41	6	45	
9	25	
4	40	
7	8	4	5	8	25	9	18	6	20	
1	35	8	26	2	47	
6	8	3	25	2	22	0	17	8	14	
4	45	1	36	6	37	0	28	7	50	
0	3	
2	31	
3	22	8	18	
5	49	1	48	2	33	4	39	
8	3	3	10	9	11	0	23	4	1	
4	47	9	32	
3	1	0	17	6	13	
6	28	1	41	3	32	9	26	4	48	
4	3	1	1	
4	33	3	30	5	27	1	29	7	43	
5	23	9	25	6	13	8	20	
9	33	8	45	3	44	6	49	
6	22	5	9	
4	36	
6	11	0	16	5	4	
4	39	5	26	6	34	0	50	
3	13	2	19	
2	40	9	36	6	47	
3	14	1	4	7	2	0	3	5	19	
4	31	3	41	5	32	8	38	
0	16	1	6	2	22	5	23	6	1	
6	45	
2	15	
1	32	
3	15	8	2	
5	45	7	33	
9	3	4	9	8	2	
8	26	0	47	1	50	
8	2	
3	31	4	29	8	45	
6	24	0	17	
0	28	2	27	
7	15	
9	47	3	32	1	26	7	38	6	35	
7	6	1	16	5	19	3	20	
1	31	3	35	4	36	
1	1	9	6	6	16	0	17	4	3	
0	29	8	43	
8	12	0	2	4	5	5	8	1	21	
4	49	5	33	6	48	1	41	
4	7	9	18	
5	34	
3	5	4	4	
2	48	5	36	6	45	0	50	7	41	
5	17	7	21	
5	39	0	49	
6	13	
8	49	
1	23	8	14	2	17	
7	41	9	37	6	27	
8	19	3	5	4	6	7	22	
4	37	0	31	8	32	
9	21	1	14	6	23	
3	50	
6	6	0	16	7	12	
0	30	9	32	1	35	7	48	
2	12	1	19	4	16	0	23	
4	38	9	44	
5	2	6	8	
5	46	
8	25	6	4	
4	34	3	38	
7	6	2	20	8	15	
6	27	2	29	1	37	
7	19	9	23	6	15	2	10	3	8	
6	29	0	33	

Three processing times per job on each machine
The best scenario
201	133	73	
169	202	99	
207	230	66	
253	102	174	
1079	1288	821	
268	215	380	
341	628	1192	
245	302	487	
301	150	494	
173	196	173	
651	238	281	
299	696	802	
392	425	595	
490	217	255	
160	831	451	
114	191	143	
435	1018	1015	
352	153	395	
286	230	164	
452	478	608	
445	170	196	
427	410	188	
53	187	171	
317	304	349	
986	660	625	
76	138	155	
180	658	366	
622	113	811	
249	302	406	
544	677	714	
135	108	124	
132	310	126	
523	638	475	
86	133	62	
390	298	709	
387	1345	1126	
156	383	404	
209	140	217	
158	201	198	
375	514	179	
119	129	226	
1464	533	269	
886	382	205	
655	450	625	
653	492	516	
603	478	384	
727	283	850	
189	332	119	
416	946	431	
672	796	831	
Most likely scenario
214	136	101	
247	274	130	
384	361	106	
466	144	245	
1317	1514	886	
434	319	386	
348	1066	1203	
308	452	693	
509	267	635	
330	294	174	
827	267	306	
387	712	894	
572	760	843	
787	231	416	
275	934	845	
163	374	227	
756	1077	1171	
371	301	529	
460	294	177	
495	596	843	
607	190	227	
541	511	292	
76	216	223	
355	315	574	
1292	1013	1154	
113	172	198	
267	999	383	
729	205	816	
407	457	622	
1087	1090	1318	
149	136	132	
199	375	190	
567	1163	852	
132	247	73	
774	380	807	
486	1377	1221	
281	457	426	
215	154	271	
240	211	333	
684	743	258	
161	224	264	
1521	599	408	
899	704	223	
1099	512	900	
802	830	554	
850	785	408	
1079	444	1157	
356	460	174	
776	1348	631	
808	1186	1023	
The worst scenario
254	152	123	
283	337	188	
574	467	149	
483	177	277	
1384	2131	1120	
503	406	394	
434	1247	1285	
432	551	961	
655	303	740	
494	439	233	
1217	305	317	
498	794	1096	
816	932	1045	
1156	343	566	
395	997	975	
226	456	286	
887	1146	1441	
436	445	647	
569	332	211	
559	769	1099	
669	268	290	
619	632	409	
105	232	307	
389	338	838	
1381	1363	1174	
148	232	207	
306	1115	558	
971	291	958	
579	679	713	
1175	1195	1324	
187	200	154	
205	499	220	
582	1564	1259	
179	349	107	
965	522	944	
624	1879	1568	
396	556	561	
252	179	363	
321	276	430	
963	1020	350	
232	235	382	
1710	766	564	
1152	738	260	
1211	621	1288	
821	1084	565	
876	921	416	
1477	640	1241	
388	475	176	
1150	1627	793	
1008	1329	1254	
