Factories	2	Jobs	100	Machines	3

Total number of component types per job processed by HSPM
7	6	7	6	11	5	8	7	10	7	12	12	11	8	9	12	11	10	12	12	11	12	10	11	8	6	7	9	8	8	12	9	11	12	7	9	8	10	6	7	10	10	11	6	11	7	7	10	8	10	8	8	12	12	5	10	9	8	12	9	12	8	9	12	9	7	10	8	8	7	8	8	6	12	9	7	6	9	12	11	9	9	12	5	12	8	9	6	10	12	11	5	9	6	8	6	9	5	8	12	

Total number of component types per job processed by MFPM
4	3	5	4	5	1	3	1	4	4	2	5	3	2	4	5	5	2	1	1	3	4	1	5	2	1	5	2	2	5	4	1	2	4	5	3	3	5	2	1	1	2	3	3	3	1	5	3	4	2	3	1	2	5	3	2	4	2	3	4	5	1	4	5	5	5	3	5	1	5	3	1	2	3	3	1	2	4	5	3	4	4	3	5	4	5	3	1	5	2	3	2	4	1	4	1	4	3	4	1	4	5	4	1	4	3	3	4	4	2	3	3	3	5	5	2	1	1	1	1	2	5	4	1	3	2	1	3	3	1	5	3	5	1	4	5	1	4	3	2	3	1	3	4	1	1	1	2	3	1	3	5	3	3	3	1	5	4	1	2	1	5	1	4	4	5	2	1	4	1	3	1	3	5	3	3	3	4	2	4	5	2	1	1	5	1	5	2	2	1	1	5	3	3	1	3	5	1	5	1	

All component type numbers for each job to be processed by HSPM
3	14	18	18	15	34	0	50	6	43	12	23	11	57	
8	75	14	38	5	54	3	48	17	6	13	12	
4	26	10	15	14	28	16	73	6	44	15	39	5	30	
1	52	2	51	18	62	15	66	9	12	13	29	
17	16	6	9	11	44	16	65	8	36	12	61	3	66	7	49	18	6	10	18	15	3	
17	31	15	23	10	72	11	22	0	11	
7	25	2	51	4	1	5	23	9	31	6	42	16	4	13	71	
10	26	5	50	11	64	13	73	15	63	19	22	18	29	
4	67	7	48	9	30	13	26	3	5	12	65	15	64	10	11	2	13	6	53	
17	31	6	66	5	24	16	33	19	52	14	40	8	6	
2	25	4	19	14	2	11	30	18	62	8	9	12	4	10	46	3	60	13	14	16	35	6	6	
1	10	15	53	6	61	5	39	7	50	13	15	2	36	9	34	16	54	3	32	4	3	0	51	
14	43	1	49	11	1	7	23	0	42	13	16	4	59	3	64	15	63	19	11	16	58	
6	74	15	29	17	37	14	47	10	43	11	11	8	70	3	52	
6	36	14	13	7	17	18	57	3	58	2	43	12	8	8	31	10	59	
1	51	13	12	2	50	4	43	5	9	11	48	0	56	16	25	6	24	12	58	8	71	3	40	
9	17	18	39	8	42	11	4	5	63	3	8	7	24	15	43	17	55	1	15	14	18	
10	51	19	57	3	62	18	6	11	24	14	19	4	5	0	60	6	47	12	13	
10	22	18	63	7	68	15	3	2	8	5	40	9	19	19	70	6	47	14	23	16	11	0	24	
5	38	16	33	2	75	8	62	18	73	14	58	4	36	3	1	12	22	15	21	11	11	1	7	
2	29	3	34	0	73	16	62	12	23	4	47	1	66	17	33	19	74	18	7	5	10	
3	47	19	4	4	12	7	26	1	69	18	19	8	38	0	45	2	30	14	27	6	71	13	75	
5	25	13	21	10	35	19	63	17	66	14	60	4	27	2	20	3	38	8	14	
4	11	17	18	19	47	10	20	0	21	5	42	6	9	18	32	16	50	11	34	2	40	
10	57	3	11	5	42	16	15	13	63	7	72	1	44	6	21	
10	43	0	10	4	24	12	56	1	5	18	31	
4	11	14	52	13	13	10	44	8	49	17	47	1	1	
3	74	19	18	18	26	2	40	12	73	14	35	16	6	11	51	1	1	
6	2	10	52	1	22	9	45	0	65	12	26	8	57	4	7	
16	11	13	3	10	27	17	6	8	53	5	10	3	75	15	70	
6	32	2	57	12	63	18	72	4	55	9	1	11	71	14	35	19	37	0	10	16	68	17	13	
18	34	15	4	3	39	19	41	4	33	1	28	6	26	0	8	5	32	
0	51	14	72	2	37	8	21	1	30	11	19	13	68	10	23	12	57	18	38	6	67	
12	17	19	3	7	57	9	30	5	54	0	25	18	19	16	48	3	42	15	60	1	12	14	5	
18	2	15	3	14	62	12	61	0	75	9	20	1	51	
12	53	13	38	18	46	8	44	4	1	11	64	0	16	3	51	7	2	
3	4	4	73	19	14	18	5	0	60	1	44	2	36	7	62	
18	70	17	26	19	18	5	19	4	75	3	50	11	63	6	39	0	14	14	74	
0	15	13	37	8	31	2	22	7	17	1	48	
19	34	17	64	16	11	0	51	4	55	2	54	5	6	
12	31	4	18	14	56	16	4	13	41	17	35	2	62	15	52	8	10	9	47	
10	48	14	61	11	2	2	10	19	73	7	17	1	6	13	11	18	28	8	3	
13	9	17	16	12	56	5	61	0	17	10	58	15	12	8	67	4	66	14	68	1	50	
10	9	2	52	7	54	15	40	14	4	0	27	
8	20	17	45	3	42	9	30	1	43	2	10	10	8	7	35	5	58	14	52	4	37	
3	71	9	59	11	41	14	60	7	20	10	27	18	51	
9	40	7	71	19	24	14	2	5	38	15	55	18	17	
11	3	14	65	13	54	5	46	15	33	0	24	18	16	16	19	10	57	17	7	
12	46	8	75	1	4	6	34	4	44	9	30	2	73	15	67	
19	17	2	52	16	39	11	59	8	7	12	12	17	55	1	43	15	56	4	42	
17	20	3	70	18	51	1	54	2	26	15	59	19	62	12	42	
0	50	7	33	3	73	9	35	4	59	16	75	12	53	10	36	
5	1	2	26	1	24	9	21	0	30	13	38	7	57	18	17	6	41	4	47	11	5	10	23	
4	66	8	43	14	69	12	75	11	55	10	51	17	3	15	71	16	67	5	37	6	27	1	20	
7	35	14	13	0	26	4	72	11	64	
10	75	3	25	9	29	6	14	18	38	1	58	0	35	7	11	2	31	16	57	
5	61	3	55	1	5	10	2	12	44	2	26	0	24	14	31	16	9	
18	52	4	25	5	32	7	5	11	72	8	51	2	6	12	59	
11	51	6	30	8	10	9	37	15	26	14	61	3	40	16	44	10	29	1	74	19	25	0	18	
10	7	3	34	12	45	15	73	14	75	0	24	19	59	8	51	16	50	
2	33	8	40	19	6	4	60	12	26	6	57	5	38	9	67	18	47	3	54	7	13	0	27	
5	24	12	5	15	31	4	4	13	11	19	40	0	28	7	41	
12	27	13	69	3	29	16	28	5	62	0	30	11	60	2	2	1	24	
0	57	16	53	13	63	18	47	3	72	2	54	10	1	11	4	8	39	1	49	9	27	17	44	
12	25	16	54	17	71	4	64	13	67	10	72	5	49	3	31	7	33	
11	21	7	24	4	40	5	19	18	37	8	36	2	44	
2	17	15	53	16	34	14	8	11	38	7	43	4	37	18	16	13	41	3	6	
18	67	7	9	2	41	17	10	10	6	4	24	9	40	8	25	
7	22	12	68	14	34	2	14	19	36	5	55	0	3	9	47	
3	9	10	8	17	35	1	74	0	1	11	47	2	50	
17	19	4	41	13	58	11	57	19	18	14	23	10	9	12	66	
1	45	9	72	12	62	5	38	18	24	13	73	3	64	4	10	
10	70	17	73	5	1	9	14	15	16	14	37	
10	12	0	33	12	41	7	45	15	28	18	44	2	11	6	7	3	56	8	16	17	55	9	21	
2	14	15	61	9	40	11	3	0	64	5	13	10	28	17	56	16	33	
13	45	14	51	5	30	17	54	12	32	10	10	0	9	
2	51	17	7	3	14	0	32	18	34	12	68	
9	67	7	10	16	2	5	42	4	50	1	12	2	11	18	17	17	13	
4	4	17	24	16	8	5	7	18	43	3	5	13	60	14	57	9	27	19	61	7	52	6	40	
7	51	10	11	2	27	19	21	17	17	16	44	4	61	3	46	8	35	11	15	0	6	
4	5	6	65	1	12	13	62	11	10	17	6	16	16	14	28	19	4	
4	29	12	56	8	60	10	32	14	38	3	59	0	64	19	42	1	31	
2	25	0	29	1	75	5	16	15	27	13	31	4	40	3	18	12	1	9	30	16	61	17	67	
15	50	11	57	0	59	9	75	10	4	
17	20	2	39	9	22	12	32	11	15	5	16	0	5	1	13	4	72	19	36	10	52	8	25	
10	38	3	74	17	41	13	52	7	30	9	16	19	51	1	26	
11	63	7	56	13	29	9	69	3	24	12	20	1	51	14	64	4	62	
0	58	10	70	6	48	11	71	17	22	5	10	
10	53	6	63	12	48	3	54	8	71	14	39	1	27	15	68	2	38	18	37	
16	66	15	27	10	4	14	11	13	71	4	33	8	47	18	10	19	56	5	74	17	36	11	48	
18	36	16	17	5	65	2	56	7	23	10	19	8	20	4	10	14	52	11	73	19	16	
6	50	8	22	7	48	10	52	4	1	
6	15	1	50	11	63	10	60	13	68	2	45	8	21	14	69	3	6	
17	58	4	15	6	48	15	28	19	50	8	9	
2	5	4	13	13	22	11	39	19	35	15	66	0	69	5	37	
10	72	17	31	15	3	18	11	8	42	11	74	
12	28	10	37	16	36	6	60	7	65	17	22	14	14	4	13	5	56	
16	70	4	38	5	51	11	47	12	75	
7	1	3	29	0	48	13	45	4	7	15	64	6	53	14	54	
11	30	7	3	19	54	8	71	16	64	10	23	5	36	15	52	12	20	18	19	17	65	0	39	

All component type numbers for each job to be processed by MFPM
5	23	3	25	7	11	0	1	
5	29	3	35	9	45	
4	13	3	18	8	3	5	9	1	22	
3	43	1	50	2	49	7	33	
2	9	9	25	8	20	4	11	5	1	
4	31	
6	23	5	1	2	4	
8	28	
7	17	5	21	4	15	9	5	
7	29	3	39	2	50	9	43	
3	23	2	11	
2	29	5	34	3	32	9	37	1	47	
8	6	9	4	6	18	
4	44	2	28	
4	22	6	16	2	18	7	10	
8	40	0	41	2	45	4	26	9	35	
2	22	1	15	3	11	9	8	5	20	
2	43	1	35	
9	3	
9	42	
2	25	8	14	1	3	
5	37	1	33	7	26	4	29	
6	18	
8	44	1	31	3	33	7	38	5	30	
9	11	2	17	
5	30	
9	13	7	17	6	14	8	19	2	8	
3	38	9	40	
1	20	3	17	
4	41	3	50	8	39	2	34	6	37	
7	5	4	3	1	9	2	14	
5	34	
5	15	9	25	
1	26	3	31	8	50	2	43	
4	14	6	9	7	8	8	17	9	15	
4	35	3	39	5	48	
6	13	9	5	5	6	
6	50	2	42	0	44	5	36	8	31	
9	6	4	8	
7	27	
7	14	
1	36	0	42	
1	25	3	19	7	11	
2	32	0	33	8	36	
6	6	3	7	9	11	
2	37	
7	14	3	23	6	18	5	22	0	19	
8	29	6	50	1	36	
0	25	6	19	9	12	1	4	
7	26	6	34	
3	9	0	2	9	7	
0	33	
4	24	2	23	
7	40	5	32	3	35	0	26	8	34	
7	17	2	2	4	23	
9	36	5	39	
7	19	3	3	6	20	0	21	
7	42	5	41	
6	19	1	25	3	8	
5	38	7	36	6	35	9	34	
3	19	7	21	9	25	6	14	8	13	
7	33	
3	19	9	10	5	20	6	24	
8	49	3	36	1	39	4	35	2	32	
6	3	2	12	9	1	8	4	3	7	
4	48	0	28	8	37	3	26	1	35	
3	22	6	8	8	5	
7	39	0	40	8	48	6	27	5	42	
3	18	
9	44	7	31	5	41	0	49	1	37	
6	23	0	17	9	12	
6	32	
7	17	6	8	
6	42	1	34	3	27	
3	18	4	15	7	21	
9	44	
1	23	4	5	
0	30	8	32	9	50	5	48	
3	1	7	2	5	13	8	19	0	15	
5	32	4	36	7	30	
6	5	3	24	7	7	4	4	
3	48	9	41	5	27	2	35	
8	12	9	13	6	5	
8	35	9	38	2	42	4	32	7	50	
3	2	2	5	5	11	1	24	
4	34	5	40	1	37	3	39	7	42	
1	11	4	25	7	4	
9	34	
5	4	9	24	1	15	7	19	4	21	
3	46	1	47	
7	13	0	24	4	19	
2	49	4	30	
7	7	8	1	6	4	4	8	
4	35	
4	12	5	6	1	11	8	25	
6	32	
9	15	5	8	6	23	2	24	
3	48	2	26	1	35	
1	24	8	25	3	16	5	7	
7	37	
0	7	6	14	4	2	9	11	
0	39	5	40	9	27	7	42	8	32	
6	7	5	10	1	21	7	25	
3	50	
1	5	3	14	5	3	2	13	
8	36	3	27	6	35	
7	7	6	25	1	5	
9	40	7	45	3	41	0	33	
2	25	0	17	5	15	8	6	
5	26	9	28	
9	12	2	13	0	10	
1	44	3	43	5	45	
4	10	5	20	8	22	
1	40	8	36	4	49	3	29	5	39	
9	10	5	25	6	22	2	14	1	8	
1	32	5	47	
0	3	
2	34	
3	20	
1	44	
5	14	3	12	
7	32	8	33	0	38	4	45	2	27	
0	19	8	6	7	4	9	14	
7	40	
2	13	4	8	7	25	
4	44	8	35	
6	6	
0	30	6	36	3	44	
3	18	7	12	1	20	
3	30	
6	21	9	18	8	10	7	7	1	19	
6	41	9	50	5	31	
8	9	7	8	6	12	0	17	3	20	
3	27	
7	22	6	2	9	23	5	4	
7	36	4	26	5	48	2	42	3	49	
1	3	
5	38	7	43	9	40	0	49	
5	20	7	23	8	17	
9	42	8	30	
4	11	9	19	6	2	
9	36	
4	10	5	25	6	12	
3	34	6	40	2	39	8	44	
7	17	
4	34	
2	13	
0	37	4	34	
7	1	6	19	1	14	
0	40	
2	6	8	22	9	25	
5	36	7	39	8	40	1	46	4	32	
5	22	8	4	3	23	
6	29	8	41	2	26	
7	18	5	11	2	9	
4	41	
9	1	2	6	8	25	4	21	6	3	
3	41	2	50	0	26	1	34	
1	13	
7	34	3	39	
0	21	
8	45	5	47	6	50	9	39	4	49	
7	22	
0	46	5	43	2	40	6	27	
7	22	8	23	6	12	2	20	
5	41	8	32	0	48	1	40	4	31	
3	24	5	23	
0	45	
6	19	8	8	0	17	9	25	
4	40	
1	24	5	12	3	6	
4	34	
9	19	3	9	8	2	
1	44	7	29	5	42	8	32	0	47	
2	4	8	7	5	20	
5	36	8	50	2	35	
1	10	9	19	8	11	
4	32	1	34	8	44	0	48	
5	6	2	21	
3	50	0	34	9	30	2	39	
8	9	9	24	5	18	6	11	1	25	
2	35	0	28	
4	3	
4	32	
8	8	9	3	7	10	4	6	0	9	
9	47	
7	23	5	4	6	6	8	19	4	14	
8	36	0	29	
7	25	1	10	
6	35	
4	10	
8	44	5	46	4	39	3	45	0	38	
9	19	5	6	7	20	
8	44	7	45	2	28	
9	10	
7	32	1	46	9	31	
3	11	7	2	5	1	0	9	6	15	
9	36	
4	11	3	19	0	9	1	2	7	13	
6	40	

Three processing times per job on each machine
The best scenario
146	112	33	
61	55	17	
93	41	37	
109	182	218	
225	204	191	
474	265	307	
57	56	62	
83	60	161	
215	179	217	
106	64	67	
376	287	415	
190	62	250	
196	146	193	
292	128	162	
108	78	204	
68	117	107	
274	476	121	
245	205	93	
203	120	170	
136	124	91	
346	180	389	
112	129	84	
57	50	169	
36	89	84	
56	74	195	
97	310	267	
51	95	156	
290	151	251	
30	91	51	
375	193	384	
93	213	89	
105	73	91	
372	304	254	
86	74	120	
259	191	269	
21	22	28	
285	358	264	
156	81	100	
77	241	131	
136	129	150	
22	59	12	
48	96	66	
66	102	77	
87	167	390	
168	166	307	
17	31	35	
64	86	43	
363	228	274	
237	162	180	
45	55	48	
159	165	76	
246	259	308	
117	101	56	
33	24	53	
103	51	100	
325	118	188	
30	21	13	
49	44	98	
205	246	266	
239	153	244	
56	65	45	
212	330	125	
265	125	324	
81	50	77	
244	499	383	
100	164	136	
28	14	41	
403	390	369	
194	258	186	
59	41	30	
88	111	56	
132	40	152	
36	37	29	
283	250	439	
35	30	22	
255	166	309	
118	181	184	
142	149	109	
269	117	304	
59	256	220	
125	215	89	
57	31	49	
158	124	72	
234	87	90	
192	208	41	
460	243	164	
75	79	92	
174	270	238	
101	90	143	
210	227	379	
141	339	238	
96	161	37	
113	242	252	
96	77	124	
124	265	331	
193	132	208	
230	170	147	
113	231	343	
33	34	30	
293	319	322	
Most likely scenario
204	164	61	
83	77	25	
122	59	43	
170	230	242	
242	316	194	
507	431	516	
92	89	66	
85	71	194	
342	355	359	
133	75	92	
470	447	480	
244	121	304	
251	198	362	
372	193	286	
190	85	228	
97	150	165	
482	487	220	
270	253	122	
251	201	229	
211	177	162	
469	187	462	
188	159	127	
65	66	205	
44	103	102	
106	76	260	
159	378	277	
94	183	199	
357	199	353	
47	133	93	
523	260	563	
105	370	121	
173	117	104	
377	416	376	
102	107	127	
307	240	286	
41	23	38	
432	421	284	
160	158	138	
114	351	186	
148	245	247	
39	62	17	
70	107	93	
108	111	101	
140	218	394	
310	291	361	
26	61	39	
101	97	80	
510	378	394	
465	180	186	
78	97	83	
208	210	140	
343	375	384	
122	115	92	
35	43	56	
121	93	106	
345	148	233	
36	34	15	
60	67	111	
251	473	273	
276	241	269	
84	72	59	
262	356	137	
352	147	336	
106	94	86	
398	505	557	
143	299	246	
41	25	44	
492	402	502	
321	266	211	
70	44	35	
168	144	103	
147	45	156	
50	47	39	
453	284	455	
58	55	33	
371	215	458	
180	340	277	
165	196	184	
380	174	386	
117	296	312	
205	226	119	
86	57	94	
160	187	106	
264	94	162	
211	264	71	
479	379	281	
82	97	93	
195	503	408	
103	125	149	
350	326	538	
176	435	243	
187	225	57	
139	302	357	
129	91	132	
183	453	380	
249	153	324	
365	224	190	
136	293	376	
58	51	50	
310	425	406	
The worst scenario
276	182	64	
119	87	34	
165	81	56	
188	335	302	
343	362	244	
607	566	728	
101	131	81	
113	97	231	
456	419	477	
147	94	108	
543	464	569	
345	165	445	
320	207	428	
480	237	369	
257	106	301	
124	216	207	
661	508	295	
283	363	130	
341	204	292	
263	265	213	
676	251	595	
250	206	179	
71	85	210	
60	114	121	
137	89	266	
179	486	287	
96	226	259	
370	285	405	
52	191	110	
587	285	571	
144	534	162	
235	172	150	
441	534	543	
149	134	128	
426	254	391	
53	31	55	
487	491	321	
208	236	168	
138	457	187	
172	358	263	
51	67	25	
89	114	119	
156	127	118	
178	299	539	
378	430	500	
29	70	51	
105	111	94	
648	426	504	
581	212	248	
83	138	112	
235	254	149	
384	390	506	
161	120	99	
39	45	60	
167	110	127	
493	209	282	
40	43	22	
72	97	136	
275	484	312	
324	263	366	
110	81	86	
307	405	194	
421	163	460	
147	97	123	
454	593	821	
159	438	327	
50	33	57	
535	542	555	
324	274	252	
82	62	43	
197	184	142	
174	50	171	
65	65	58	
482	294	565	
63	58	45	
501	291	591	
238	489	362	
171	274	209	
541	251	517	
130	419	427	
251	335	138	
123	74	109	
235	211	125	
391	133	200	
216	343	103	
682	561	315	
97	100	112	
241	512	461	
150	149	169	
522	394	647	
185	450	266	
197	292	79	
179	313	400	
167	122	142	
225	562	438	
355	168	374	
500	267	198	
178	378	406	
74	61	71	
383	637	409	
