Factories	4	Jobs	150	Machines	3

Total number of component types per job processed by HSPM
7	10	12	5	7	6	12	11	5	5	7	7	10	10	6	5	9	8	12	9	9	8	6	7	11	7	11	11	12	12	8	10	5	9	7	8	9	7	8	11	7	7	8	8	9	6	10	5	12	8	12	7	9	9	11	5	11	8	9	5	10	12	6	5	7	12	12	12	9	10	8	10	7	7	6	5	7	5	12	5	7	8	10	11	10	7	7	5	5	10	8	5	10	12	5	12	12	11	12	9	5	6	11	6	5	6	8	12	12	7	11	5	9	9	6	11	11	11	11	8	8	7	7	5	5	12	5	7	6	7	7	6	6	11	9	8	9	11	6	6	7	6	7	5	12	11	8	8	6	12	

Total number of component types per job processed by MFPM
2	2	1	2	4	5	2	4	3	5	3	3	5	4	1	4	2	4	1	1	5	4	3	3	3	3	1	1	2	5	2	1	2	4	3	1	5	2	1	5	2	2	2	1	1	2	5	3	3	5	3	1	2	4	1	1	4	2	2	2	4	2	1	2	4	1	3	3	2	2	1	3	1	4	5	1	4	2	1	4	4	4	4	5	4	4	4	2	4	1	2	1	1	3	1	5	3	4	5	5	4	1	4	3	1	1	1	1	4	5	4	4	3	4	4	5	1	2	3	1	5	1	3	2	3	2	4	5	1	5	5	2	4	1	1	2	1	1	1	3	5	5	1	3	1	3	4	4	4	5	3	3	4	1	3	1	4	5	3	5	1	1	3	4	3	5	2	3	3	2	2	3	2	5	1	5	2	3	1	5	1	4	3	2	3	2	4	5	2	4	4	3	5	1	1	3	2	5	1	5	3	3	2	5	4	1	5	4	2	5	1	2	5	5	1	1	3	3	5	2	1	3	2	5	1	2	5	3	2	1	3	3	3	4	5	5	4	2	1	5	5	3	4	2	2	1	5	5	1	4	3	5	3	4	1	3	4	5	1	2	3	3	3	5	5	3	1	4	5	4	4	4	1	2	1	4	5	2	4	5	2	3	4	1	3	1	5	4	3	3	5	2	5	4	4	3	1	4	1	4	

All component type numbers for each job to be processed by HSPM
14	33	8	35	17	30	16	70	12	56	18	71	2	64	
10	10	17	53	4	73	7	54	1	58	14	15	15	39	5	51	8	29	6	33	
5	45	12	12	17	37	1	9	8	20	4	56	10	2	9	51	19	55	11	10	3	19	0	17	
13	8	11	61	0	17	4	57	19	64	
13	12	2	44	6	64	3	33	15	22	0	60	8	20	
7	55	5	69	3	64	9	2	11	9	16	43	
3	20	4	52	1	70	13	42	17	17	7	59	18	1	5	30	19	65	6	2	16	61	15	63	
19	8	14	58	3	51	0	56	17	53	1	25	5	21	15	35	7	4	13	48	4	16	
7	68	17	22	9	5	4	55	15	44	
19	67	16	11	12	13	7	20	14	8	
16	14	11	72	15	3	5	2	19	22	9	1	10	45	
15	47	1	8	9	24	19	71	10	18	4	36	7	26	
8	54	19	26	18	45	4	16	3	33	0	56	13	49	10	8	16	61	1	35	
2	56	17	36	13	45	12	55	10	7	14	57	8	32	7	70	11	63	15	35	
5	32	15	18	2	73	8	62	9	4	12	11	
18	52	1	47	6	43	4	37	12	41	
7	20	3	14	16	17	13	63	15	59	14	13	6	23	8	41	4	48	
10	33	2	31	3	12	6	25	0	24	1	54	16	65	13	45	
8	32	17	44	9	40	16	9	15	8	5	75	3	12	1	31	18	2	4	63	6	61	7	43	
12	69	3	33	14	19	2	6	8	26	13	39	18	12	19	22	7	40	
5	75	4	17	12	8	19	41	13	28	8	4	11	48	16	13	6	55	
0	21	9	75	4	8	3	47	2	10	8	55	10	22	12	46	
4	40	9	73	18	63	11	57	17	74	12	49	
6	33	1	36	19	47	10	46	9	1	5	44	12	41	
11	36	10	41	14	64	13	47	12	65	5	70	2	44	8	55	17	54	16	57	0	25	
1	49	13	59	0	42	14	50	5	73	15	39	19	55	
10	56	1	65	13	21	0	53	3	62	19	8	7	41	8	46	6	34	11	13	16	17	
2	35	4	54	7	67	1	61	3	33	19	25	10	31	9	51	5	71	0	8	13	50	
18	49	7	65	0	36	9	16	1	26	14	3	6	15	16	45	10	75	17	56	4	25	5	44	
4	24	1	4	11	3	17	21	8	39	5	46	0	45	16	49	19	5	9	56	7	13	13	26	
4	40	13	9	3	34	1	10	11	13	18	57	12	50	10	26	
14	41	11	61	5	36	19	19	12	63	7	24	17	22	15	58	10	55	0	52	
0	74	18	68	10	61	8	46	6	12	
11	36	5	67	15	19	17	55	2	68	9	8	10	7	14	16	3	63	
12	54	17	10	1	43	9	56	15	61	3	38	7	32	
3	37	1	26	5	51	0	66	4	68	11	33	16	29	19	4	
17	33	16	62	3	52	18	39	7	71	9	2	13	34	0	72	14	69	
4	6	8	58	1	56	3	35	10	5	9	75	11	57	
12	72	3	9	2	26	1	27	16	30	18	17	11	31	5	16	
6	71	3	37	0	13	1	73	18	4	12	72	5	1	15	30	10	58	9	3	19	11	
8	55	17	16	14	31	4	30	2	7	0	46	18	56	
14	60	19	5	17	22	15	16	13	68	3	69	4	18	
9	71	14	7	7	50	3	61	10	37	5	75	1	3	2	2	
4	2	15	47	19	22	7	27	10	1	11	9	18	42	12	43	
8	71	16	7	19	47	15	49	4	22	13	46	10	1	0	14	14	51	
16	41	17	30	2	45	13	38	10	52	15	48	
0	3	4	50	1	52	7	38	2	72	9	41	13	58	19	65	16	54	5	62	
1	38	2	75	18	32	11	40	16	67	
5	26	11	59	18	67	10	5	12	4	0	20	2	62	4	66	16	58	13	7	14	19	19	63	
11	18	6	43	17	55	3	63	1	2	9	5	16	53	7	21	
9	67	14	68	12	6	13	19	0	1	10	63	5	41	19	34	16	69	4	9	7	62	15	26	
1	42	17	51	14	59	0	1	5	71	10	22	8	65	
13	61	0	23	6	31	19	41	4	21	12	74	7	30	15	64	9	11	
0	39	8	56	16	10	10	69	17	24	11	15	5	64	15	46	4	65	
16	6	2	30	12	31	10	68	0	64	3	5	9	47	5	55	18	59	11	56	1	45	
5	61	1	7	6	2	0	68	4	8	
11	11	4	70	10	45	0	43	13	24	5	75	12	73	7	10	2	52	6	5	18	64	
11	23	3	50	14	53	7	47	10	12	13	19	8	68	5	61	
4	52	9	53	15	17	7	57	18	51	10	19	12	3	6	68	5	6	
9	37	11	14	13	44	7	66	2	25	
12	15	19	21	4	45	3	50	14	5	10	59	0	57	5	38	18	55	2	48	
17	12	13	71	7	67	14	37	11	75	10	72	8	28	0	65	12	74	18	29	19	41	16	2	
3	37	4	15	19	7	9	51	10	72	5	20	
10	26	13	4	12	39	9	58	11	18	
9	62	16	59	7	13	10	9	14	35	19	38	17	2	
4	26	12	59	14	16	15	39	8	11	19	22	7	74	13	8	2	49	6	73	0	2	5	69	
3	65	12	28	18	30	14	75	9	3	5	12	1	73	19	11	0	27	2	45	15	61	8	13	
9	9	15	71	16	74	7	21	11	22	18	50	4	70	6	73	10	26	14	42	5	63	1	6	
19	64	12	10	6	73	0	25	14	22	1	62	5	5	11	23	9	39	
1	75	14	64	19	1	3	40	0	14	16	7	15	47	5	34	13	23	7	27	
11	45	4	58	5	22	19	69	18	14	0	73	17	11	9	1	
11	17	15	42	0	28	5	64	12	10	16	58	1	48	4	66	6	71	10	19	
19	40	1	2	7	17	6	45	18	36	2	16	15	72	
14	9	1	2	12	50	9	29	4	3	10	63	3	72	
9	56	6	65	12	46	18	3	17	41	16	48	
10	20	18	6	8	9	2	11	11	51	
19	7	1	30	7	49	3	65	5	28	0	56	2	8	
7	2	15	13	6	23	14	27	12	59	
1	43	0	53	11	12	18	35	2	34	12	45	10	67	6	3	13	65	19	28	4	36	16	4	
7	60	12	58	15	22	3	3	10	13	
2	1	5	57	19	2	0	11	10	50	18	43	14	51	
6	41	10	12	15	71	19	39	16	6	5	19	13	42	0	38	
8	24	7	55	0	30	5	51	16	41	15	22	14	1	12	66	2	23	18	72	
16	42	17	33	8	30	7	56	0	70	13	25	5	64	1	18	14	45	19	52	9	51	
14	23	15	13	13	49	11	56	0	6	6	64	4	34	3	71	7	21	16	27	
15	49	1	68	12	27	14	20	19	34	13	8	7	64	
16	26	14	24	4	65	10	16	9	34	11	63	0	62	
14	69	16	21	0	6	2	42	4	32	
0	21	16	47	12	16	8	75	9	60	
5	27	15	45	6	49	13	8	19	72	11	15	12	21	17	1	2	54	8	50	
18	23	6	38	2	11	19	71	4	2	8	36	17	45	13	43	
17	2	6	9	7	22	16	4	8	65	
7	18	8	29	2	5	19	30	0	31	14	13	16	64	3	25	6	11	5	39	
3	67	5	15	16	70	1	10	7	4	0	17	12	53	15	9	6	44	10	20	13	51	4	31	
17	57	12	9	1	66	6	59	9	39	
5	6	6	50	14	43	1	21	3	60	4	70	8	59	19	3	15	22	18	69	10	58	13	5	
5	11	17	10	3	5	6	31	9	12	19	17	12	13	15	49	10	43	18	73	0	20	2	63	
16	51	12	33	3	34	1	7	11	8	13	10	17	31	7	2	19	69	0	59	2	66	
7	3	9	57	6	39	10	38	11	71	0	64	16	36	8	16	19	14	14	75	4	43	18	59	
1	71	13	51	5	53	9	66	6	60	7	52	10	46	14	3	0	72	
13	50	18	43	9	59	4	67	8	26	
19	4	16	19	9	55	12	52	2	28	13	53	
5	9	3	2	9	32	18	1	10	12	17	55	0	71	12	21	13	17	19	65	11	44	
9	8	5	72	10	60	19	37	1	44	13	18	
11	38	15	43	17	46	0	58	2	71	
6	23	13	26	4	35	7	58	15	52	0	62	
17	22	19	70	8	38	5	42	9	39	14	69	4	73	16	54	
4	31	3	52	11	69	2	65	14	17	15	49	17	61	7	8	6	62	9	1	18	56	12	14	
3	47	18	22	19	17	7	49	6	53	9	74	8	48	0	29	5	59	1	7	16	75	17	5	
4	27	1	35	2	54	15	67	11	37	17	74	19	41	
12	14	19	38	14	31	18	75	9	59	13	62	16	9	15	36	5	1	10	34	6	66	
1	32	6	47	4	3	15	41	9	37	
8	56	7	27	6	75	15	4	18	51	11	26	17	62	14	7	4	29	
13	23	18	28	9	45	19	49	7	53	1	12	12	33	0	5	16	66	
8	74	1	55	5	44	18	31	9	5	16	54	
15	54	2	27	10	6	1	26	9	11	7	74	8	5	16	37	3	22	13	9	12	8	
10	49	14	60	17	66	11	7	16	51	12	21	1	31	19	44	4	12	9	35	0	30	
15	56	10	3	3	48	6	9	11	55	4	50	14	4	9	20	17	57	13	60	7	23	
19	47	8	12	1	2	14	73	18	6	17	38	5	35	10	69	9	40	7	43	0	39	
9	67	1	23	0	45	5	44	15	25	4	58	10	61	2	65	
10	55	6	58	3	69	12	7	1	25	15	21	4	68	5	54	
9	22	8	34	10	61	11	67	19	72	13	51	2	56	
19	43	2	11	17	26	18	37	5	73	7	22	10	5	
4	47	8	26	19	60	7	61	9	73	
18	74	8	39	10	30	9	31	3	55	
11	38	8	25	15	41	18	57	7	68	16	17	17	21	19	36	3	42	1	51	14	18	13	46	
7	4	14	58	9	24	11	42	4	29	
4	58	15	6	5	52	12	51	18	57	19	37	0	53	
8	29	9	32	7	50	19	10	16	61	13	23	
12	25	8	63	6	70	15	4	14	58	1	18	7	26	
9	19	3	44	1	3	2	45	7	39	4	20	5	59	
4	7	18	51	7	71	12	11	19	30	2	75	
15	11	8	46	19	15	3	44	2	47	10	45	
0	8	10	12	13	25	18	34	3	26	2	59	9	55	14	38	6	10	1	61	16	70	
18	11	1	50	17	14	7	71	5	8	9	19	14	44	0	38	3	40	
11	25	9	61	10	5	2	29	7	36	18	70	5	16	8	69	
15	20	0	8	19	31	1	42	16	54	18	4	5	36	13	47	8	73	
14	6	1	52	7	74	2	34	10	37	19	63	8	4	9	43	0	69	16	55	12	31	
3	47	9	73	2	11	4	54	0	23	12	32	
7	11	8	23	16	26	4	55	0	49	17	67	
10	42	8	17	12	41	17	73	16	52	9	32	19	4	
10	32	3	38	19	31	2	73	8	41	15	37	
7	48	10	66	0	25	6	7	13	13	3	41	11	50	
8	48	9	67	0	35	16	14	19	54	
6	67	0	40	4	50	10	33	13	52	3	68	8	74	18	55	1	18	17	54	5	17	12	29	
18	62	11	33	5	6	9	53	16	14	7	5	0	50	13	15	2	17	8	20	12	42	
4	27	19	56	3	9	14	33	1	10	0	25	2	35	7	7	
16	46	13	48	3	18	0	21	19	43	11	4	9	56	2	11	
4	65	13	70	18	36	17	60	8	54	1	15	
18	42	1	74	6	14	16	47	17	70	12	5	13	53	4	65	2	3	0	23	14	46	3	66	

All component type numbers for each job to be processed by MFPM
3	19	9	24	
4	34	5	38	
3	10	
6	32	0	34	
6	15	7	12	3	24	4	21	
3	28	1	41	5	33	7	39	4	48	
1	1	9	13	
5	37	9	46	2	49	3	45	
2	18	1	14	8	21	
3	45	2	26	4	49	8	38	7	36	
3	18	5	15	9	12	
3	34	7	39	0	31	
0	10	7	14	8	15	9	9	4	3	
1	47	5	43	2	28	4	26	
1	18	
9	38	8	31	5	35	0	32	
2	11	3	4	
3	28	7	32	8	27	5	36	
5	23	
6	47	
9	17	3	25	0	16	6	24	7	22	
8	28	6	29	4	42	0	38	
7	12	5	9	4	25	
6	42	5	49	2	36	
7	19	9	8	2	3	
5	42	7	26	9	46	
2	9	
5	34	
2	19	6	21	
8	33	1	42	3	27	5	29	9	39	
5	22	3	18	
5	37	
4	9	1	11	
6	49	4	41	7	31	2	48	
2	15	6	8	5	25	
6	26	
1	9	9	5	6	6	0	15	5	20	
5	47	0	30	
8	3	
3	26	1	31	0	32	4	41	6	45	
6	23	7	4	
0	27	2	43	
0	17	4	13	
0	39	
7	15	
0	35	7	26	
9	5	1	1	8	2	2	17	3	20	
7	28	4	49	8	31	
4	21	8	12	5	16	
8	28	2	35	3	50	7	42	0	34	
7	11	5	13	4	15	
0	49	
5	14	8	15	
0	38	9	36	8	47	4	32	
6	16	
1	34	
5	16	9	13	0	21	2	19	
8	31	2	48	
4	20	9	11	
5	50	1	41	
8	17	6	8	5	14	4	9	
3	33	1	49	
6	11	
8	28	7	37	
4	12	6	15	0	19	5	16	
4	42	
5	10	4	2	7	18	
7	28	1	30	0	39	
2	10	7	13	
2	29	0	35	
6	24	
0	30	9	28	6	31	
1	23	
1	42	4	47	6	41	2	30	
5	2	4	10	1	15	2	21	7	22	
4	48	
3	15	7	20	1	14	9	4	
9	50	7	41	
8	20	
4	45	6	50	2	47	1	46	
7	20	6	10	2	2	9	3	
3	41	8	33	4	44	6	50	
1	13	6	25	5	16	7	18	
7	36	4	38	0	48	3	34	9	29	
3	12	4	9	8	7	7	18	
7	34	1	46	8	37	0	28	
2	5	9	24	8	16	1	14	
2	50	6	39	
2	15	6	6	0	5	5	16	
7	41	
1	7	8	9	
7	46	
2	9	
5	36	1	39	9	27	
6	6	
5	27	9	33	8	45	1	40	3	36	
7	1	1	23	5	13	
4	44	9	42	8	47	1	41	
3	19	7	20	9	5	0	18	6	1	
1	41	2	43	0	46	8	33	6	30	
6	11	3	15	9	10	2	16	
6	44	
2	21	4	13	5	18	6	9	
9	41	8	49	6	31	
2	9	
2	48	
9	15	
3	40	
1	17	2	18	6	3	3	16	
1	50	8	49	0	31	5	46	7	34	
6	8	5	15	0	5	1	4	
1	28	3	49	0	29	4	46	
3	11	1	22	8	16	
0	38	3	43	8	29	7	36	
7	22	4	13	2	14	3	16	
0	43	5	29	8	42	7	50	1	27	
9	4	
8	47	1	37	
1	20	6	23	3	6	
8	44	
2	22	0	16	9	17	3	2	1	14	
3	44	
4	5	7	18	2	22	
9	50	3	43	
9	9	6	20	5	5	
5	34	3	43	
2	23	9	4	4	15	0	24	
3	46	6	47	1	37	5	26	0	41	
2	1	
5	28	6	39	1	45	9	48	2	34	
6	18	4	14	2	4	7	6	5	17	
4	36	9	32	
2	25	7	16	9	20	0	4	
4	45	
7	18	
5	42	8	36	
1	22	
7	29	
0	24	
7	28	9	40	3	27	
4	19	6	14	8	4	1	21	5	2	
8	29	9	37	0	35	1	39	3	34	
4	25	
5	49	7	31	4	27	
0	11	
1	47	7	48	5	38	
1	12	3	7	0	11	6	8	
3	46	6	30	7	48	1	29	
0	2	6	20	9	19	7	1	
8	39	7	29	1	43	2	41	3	42	
8	12	4	7	0	18	
7	43	1	45	6	34	
5	2	7	7	3	25	6	17	
1	50	
4	15	0	24	2	18	
8	42	
5	1	4	19	1	17	2	21	
4	29	3	47	9	46	8	38	5	43	
8	18	7	2	9	3	
8	28	2	44	1	34	3	46	7	50	
5	24	
7	49	
5	24	3	4	2	11	
9	49	5	36	4	38	7	47	
8	17	4	1	6	21	
8	36	2	46	3	43	0	34	6	47	
7	22	5	12	
8	34	6	44	7	50	
3	25	5	20	4	10	
7	37	5	26	
4	22	1	18	
8	50	0	27	3	26	
7	15	8	13	
5	28	0	48	2	45	3	37	6	50	
3	2	
0	41	2	45	6	44	1	42	4	40	
1	19	3	25	
4	32	0	45	8	38	
4	25	
5	28	9	49	0	46	4	39	6	34	
6	3	
0	44	9	50	6	49	3	26	
9	25	0	23	3	11	
3	46	8	36	
1	23	6	11	0	21	
2	33	1	31	
0	21	8	12	5	13	6	4	
7	49	0	46	9	36	8	39	5	28	
7	5	2	20	
6	34	8	35	0	37	2	29	
1	17	0	10	4	20	6	16	
5	32	9	39	6	43	
1	9	0	21	9	24	7	16	8	13	
1	26	
2	12	
6	46	4	33	2	47	
9	15	2	22	
1	38	4	30	3	43	9	31	7	41	
5	18	
3	49	9	45	0	34	2	48	5	35	
7	2	9	20	8	14	
6	35	1	41	5	27	
7	6	1	5	
3	32	7	50	1	36	6	26	8	45	
2	14	1	6	0	21	3	15	
1	30	
5	3	1	2	3	22	6	21	0	9	
3	50	1	32	9	41	2	42	
0	25	4	9	
3	29	7	50	0	48	1	32	5	34	
4	16	
8	42	6	37	
5	19	8	6	2	14	4	17	6	23	
7	29	3	28	5	43	6	45	1	37	
1	6	
2	50	
9	6	7	22	0	16	
6	31	2	36	4	45	
0	14	4	6	1	8	7	21	9	23	
1	50	4	33	
1	20	
9	47	6	26	5	37	
4	16	6	20	
6	39	7	41	9	35	3	42	5	29	
9	3	
9	29	4	39	
3	15	4	23	8	19	1	11	7	13	
7	39	0	41	6	27	
7	13	1	23	
0	36	
2	18	7	15	0	21	
3	37	4	46	1	43	
5	21	6	19	3	15	
9	50	1	41	4	32	6	42	
0	22	1	24	5	4	3	25	4	19	
4	37	5	49	1	50	2	38	3	32	
0	12	8	5	4	2	3	21	
7	47	0	27	
7	12	
5	30	0	46	2	35	6	31	3	37	
3	15	2	8	0	5	4	1	5	25	
2	28	5	35	0	31	
8	18	7	12	3	15	5	4	
3	41	9	37	
0	19	5	15	
1	47	
2	6	0	19	1	15	7	21	6	5	
2	27	8	45	1	43	4	28	5	44	
2	11	
8	48	2	30	5	27	0	32	
3	13	4	17	2	11	
6	36	3	41	9	44	0	43	4	42	
3	1	0	13	9	9	
8	47	7	36	3	30	1	44	
5	14	
2	32	5	31	6	34	
9	6	6	17	5	16	7	5	
7	48	1	42	4	26	5	38	8	50	
2	2	
7	49	1	46	
3	21	4	13	7	3	
5	33	8	48	1	34	
9	8	8	22	7	23	
6	41	8	31	9	34	2	37	3	47	
4	13	0	24	3	2	6	10	9	1	
0	29	4	44	8	30	
5	13	
5	35	0	39	4	37	1	27	
0	12	5	5	4	9	3	20	1	7	
4	43	6	40	1	47	7	41	
3	5	5	24	2	18	6	16	
3	28	1	39	5	41	4	38	
5	6	
3	39	7	37	
5	19	
6	49	7	33	5	28	0	41	
6	10	8	8	3	9	4	17	2	4	
8	27	5	47	
3	12	5	1	8	17	9	21	
4	46	3	34	1	36	8	27	9	47	
4	16	5	21	
2	46	0	28	7	26	
7	11	6	17	5	20	1	23	
5	29	
6	23	3	10	1	7	
4	43	
1	2	7	14	3	3	6	18	5	20	
3	49	4	26	9	48	6	30	
9	1	4	3	0	16	
7	32	9	39	4	49	
6	24	8	3	0	6	4	18	7	15	
5	39	8	44	
5	14	1	2	2	25	4	22	8	11	
1	36	2	31	0	33	3	46	
5	12	0	25	8	13	2	7	
4	43	8	33	3	39	
4	8	
0	37	4	43	2	36	5	27	
5	25	
8	48	9	41	7	47	0	37	

Three processing times per job on each machine
The best scenario
235	266	191	
133	190	81	
206	53	169	
303	157	244	
119	65	107	
36	70	54	
90	80	83	
69	178	132	
159	398	131	
312	89	236	
44	32	61	
38	70	26	
192	95	93	
167	166	112	
427	238	185	
64	71	169	
16	21	44	
320	147	68	
29	23	95	
175	351	154	
127	92	66	
217	254	132	
14	17	47	
43	54	23	
145	122	125	
130	152	380	
33	22	37	
159	110	72	
176	305	345	
228	286	141	
163	179	245	
54	169	167	
128	79	177	
177	135	277	
80	107	72	
53	25	74	
183	314	233	
129	67	73	
33	64	41	
321	400	242	
456	295	334	
267	426	243	
323	79	215	
47	35	80	
196	269	501	
129	268	126	
88	67	109	
443	270	206	
117	106	178	
54	53	40	
59	75	41	
88	66	39	
127	168	266	
24	62	77	
17	63	36	
192	54	96	
280	167	141	
187	163	91	
106	69	81	
182	54	140	
226	262	402	
103	133	187	
77	200	169	
108	140	147	
45	32	82	
83	52	273	
108	44	70	
27	136	117	
346	204	416	
82	44	128	
434	165	335	
126	189	414	
59	60	40	
374	348	260	
102	20	108	
143	220	135	
56	29	60	
59	163	120	
48	73	57	
86	100	329	
102	234	154	
323	283	181	
220	65	126	
146	191	157	
191	101	57	
51	110	212	
112	187	180	
102	419	362	
82	34	137	
60	15	76	
279	167	273	
334	230	391	
281	145	169	
165	172	242	
134	153	173	
84	157	201	
380	96	170	
181	270	328	
216	208	139	
161	132	160	
269	421	122	
99	121	58	
357	321	372	
101	130	177	
66	85	119	
59	49	81	
68	24	14	
128	82	85	
136	165	229	
316	190	208	
168	190	201	
61	185	252	
335	131	95	
63	22	24	
42	80	38	
101	262	363	
154	136	172	
287	162	70	
94	68	51	
91	74	24	
35	31	74	
186	396	129	
209	215	157	
107	206	73	
179	87	121	
447	348	240	
226	222	108	
380	96	208	
337	128	340	
68	283	338	
264	183	250	
26	58	27	
263	98	260	
186	242	251	
58	73	106	
253	204	387	
108	79	53	
176	99	109	
167	349	209	
82	90	110	
279	220	122	
240	84	216	
14	51	29	
195	198	256	
52	193	116	
497	210	531	
157	84	137	
219	83	300	
54	27	33	
288	362	123	
Most likely scenario
282	318	337	
168	205	99	
388	102	258	
400	307	366	
183	76	124	
71	75	60	
96	90	96	
100	255	250	
309	446	165	
428	146	372	
51	49	62	
75	102	46	
227	118	109	
254	290	166	
450	386	276	
120	80	196	
25	36	60	
328	236	100	
44	46	104	
204	413	172	
184	168	116	
304	288	177	
17	34	59	
44	59	35	
226	228	131	
255	161	537	
36	30	48	
206	112	86	
198	338	421	
260	538	280	
199	267	298	
92	223	289	
145	154	256	
194	187	302	
92	111	99	
73	31	95	
288	394	407	
146	104	91	
54	96	60	
404	475	300	
481	327	495	
346	455	369	
387	141	219	
73	50	84	
388	412	554	
148	273	156	
100	96	119	
505	276	356	
221	110	286	
61	83	80	
99	77	44	
110	99	52	
140	196	315	
46	72	85	
32	74	48	
268	81	173	
282	175	151	
345	277	177	
125	77	98	
184	76	206	
450	411	535	
122	183	200	
131	223	237	
189	146	275	
58	51	92	
144	82	299	
115	76	123	
46	160	119	
398	268	474	
98	68	133	
465	181	397	
240	222	427	
96	70	55	
427	525	399	
133	39	146	
162	234	192	
80	36	69	
79	248	237	
96	119	81	
123	190	408	
151	266	162	
483	515	268	
366	100	252	
202	267	192	
236	107	98	
77	204	257	
116	272	233	
162	489	558	
104	66	139	
75	30	78	
296	172	303	
387	314	464	
307	240	258	
259	328	368	
158	290	207	
164	159	284	
412	160	254	
201	315	367	
285	322	270	
196	218	265	
412	604	192	
188	196	78	
414	420	495	
149	136	196	
126	118	232	
70	90	114	
75	35	20	
133	156	112	
148	220	349	
324	314	252	
312	333	280	
111	191	271	
402	194	130	
67	34	31	
76	101	70	
135	395	437	
240	229	223	
309	228	91	
141	132	87	
131	120	45	
40	44	94	
209	442	172	
283	335	169	
133	239	131	
235	132	183	
472	440	379	
284	251	212	
430	163	218	
566	177	531	
107	323	347	
358	268	407	
34	100	44	
425	156	425	
199	271	286	
88	106	110	
281	236	398	
141	92	56	
350	115	178	
263	578	341	
148	170	212	
437	440	164	
242	152	266	
17	54	48	
238	334	307	
93	197	158	
578	214	574	
168	105	230	
239	159	431	
56	35	53	
444	468	217	
The worst scenario
395	460	342	
218	220	117	
437	127	387	
543	419	476	
187	89	173	
94	78	89	
123	128	138	
136	323	305	
457	666	184	
463	162	412	
70	50	93	
93	152	52	
304	161	142	
296	332	234	
527	502	297	
151	84	294	
28	46	78	
416	321	106	
58	54	155	
279	440	175	
247	218	117	
390	349	194	
18	47	68	
47	65	36	
330	248	152	
361	215	730	
50	31	67	
286	126	129	
258	502	583	
341	588	404	
240	310	408	
115	301	319	
185	191	296	
239	264	425	
136	150	117	
96	35	100	
396	446	438	
213	133	112	
79	142	65	
485	506	369	
629	384	650	
392	679	491	
531	145	228	
79	60	113	
529	584	683	
155	342	206	
150	134	122	
594	338	363	
282	117	336	
73	105	106	
142	92	64	
149	139	72	
181	261	325	
69	108	112	
33	109	72	
400	107	252	
300	255	207	
509	297	260	
149	87	144	
185	110	270	
570	576	736	
123	227	203	
187	294	304	
274	178	312	
63	74	114	
171	122	414	
151	106	131	
68	200	129	
558	283	554	
132	91	177	
638	234	435	
351	278	461	
140	82	70	
616	735	480	
175	50	154	
171	341	231	
100	48	73	
87	256	265	
115	170	95	
157	200	552	
172	321	201	
597	533	281	
460	144	288	
297	390	194	
304	122	147	
84	219	259	
170	277	247	
215	621	776	
134	97	150	
111	38	84	
336	242	450	
560	421	490	
434	290	335	
358	426	530	
175	327	253	
185	167	307	
524	230	323	
290	357	502	
393	402	358	
269	281	378	
544	734	241	
227	289	100	
550	482	657	
180	166	214	
164	133	329	
103	94	169	
88	43	21	
181	181	144	
166	266	363	
434	459	278	
462	337	351	
165	250	405	
474	220	183	
93	38	44	
99	136	80	
176	559	553	
294	274	228	
397	302	101	
195	180	104	
182	128	65	
60	51	138	
277	588	256	
289	497	206	
159	329	146	
260	141	224	
635	492	477	
286	370	217	
566	218	320	
700	197	788	
126	358	512	
446	308	420	
43	108	59	
552	164	520	
252	310	375	
108	148	156	
287	347	470	
143	132	59	
418	136	253	
338	837	363	
157	207	229	
639	590	196	
322	189	360	
25	72	65	
291	484	357	
109	236	171	
722	286	667	
217	107	231	
245	221	602	
77	39	79	
617	557	257	
