Factories	5	Jobs	150	Machines	2

Total number of component types per job processed by HSPM
6	5	6	10	8	11	12	5	10	11	6	12	6	8	8	6	11	9	11	12	5	6	7	7	12	12	5	8	11	10	6	6	12	5	8	11	10	9	11	8	7	9	6	10	7	8	8	5	12	9	12	9	12	5	11	10	8	11	8	12	6	12	9	5	9	7	10	5	7	10	6	5	12	11	8	12	6	6	6	8	8	8	8	11	10	11	8	11	9	10	10	6	11	8	5	5	6	12	11	9	9	8	6	12	11	10	11	10	10	10	11	7	7	5	8	10	9	10	5	10	7	11	9	8	10	6	5	6	9	12	11	6	7	9	10	6	10	6	8	10	5	12	7	11	9	10	11	6	8	8	

Total number of component types per job processed by MFPM
1	5	5	3	1	1	2	5	3	5	1	5	1	1	5	4	4	3	2	2	5	5	1	2	1	1	2	5	3	1	2	1	2	2	3	4	1	1	4	5	4	4	1	4	2	1	4	5	3	5	3	2	3	2	3	3	1	1	4	4	1	1	5	1	4	3	2	1	4	2	4	2	1	5	1	4	4	1	5	3	4	3	1	1	4	2	3	2	2	5	3	3	5	2	2	2	1	4	4	1	5	1	1	1	5	2	3	3	5	4	1	4	4	2	3	1	5	4	1	3	4	5	5	5	1	5	5	4	1	4	4	2	5	3	2	3	2	1	1	4	3	2	1	5	2	5	1	2	4	5	

All component type numbers for each job to be processed by HSPM
17	64	2	72	8	73	6	16	7	32	0	18	
12	25	16	11	10	6	7	12	8	38	
1	5	3	26	7	49	4	34	12	13	9	52	
4	33	17	47	18	35	7	20	6	28	1	32	2	37	0	62	19	59	3	64	
5	18	18	5	1	55	12	40	8	35	10	13	11	68	7	28	
15	59	0	23	10	52	5	45	1	48	18	40	19	44	7	26	17	31	3	61	12	67	
17	51	5	47	4	52	2	55	10	40	3	17	15	11	8	60	6	23	18	57	11	41	7	7	
10	19	8	61	6	10	14	17	5	3	
12	7	17	68	7	51	10	32	0	72	19	45	1	46	2	67	15	63	16	74	
6	39	8	42	2	56	3	34	19	36	0	31	11	62	17	58	16	61	7	5	1	71	
16	4	4	73	1	16	3	17	13	18	12	33	
19	65	3	58	16	8	4	37	10	25	5	55	17	23	13	68	7	47	0	75	1	15	2	9	
14	34	11	57	12	51	17	28	1	68	0	12	
17	38	3	60	2	29	11	63	7	53	5	75	1	35	12	61	
18	27	14	2	8	48	12	39	6	10	0	18	16	60	19	17	
16	60	8	57	10	64	9	15	19	48	1	65	
19	35	4	69	18	51	10	11	16	72	3	19	2	32	1	59	14	55	13	37	5	16	
11	45	1	16	3	10	14	6	10	50	9	38	4	22	6	40	18	74	
16	13	0	49	7	4	19	72	9	51	17	66	1	12	4	10	13	63	12	14	18	55	
2	56	0	34	12	67	6	25	9	16	11	19	14	69	17	49	10	15	1	55	5	47	7	5	
15	40	11	37	3	28	14	5	6	65	
17	49	7	73	10	29	0	18	3	1	14	8	
18	19	2	73	12	74	0	33	16	38	14	39	9	1	
18	41	8	3	5	27	2	47	14	49	15	25	6	31	
2	7	5	65	13	34	4	26	0	58	11	37	12	57	18	47	16	56	15	63	3	50	7	9	
10	4	8	41	2	27	19	61	14	40	4	53	7	73	16	9	1	30	5	10	3	64	0	36	
8	67	6	50	10	70	14	58	13	47	
0	32	13	28	5	53	1	15	14	14	3	4	9	39	15	47	
12	70	19	22	11	10	13	71	7	34	14	40	2	72	5	43	9	50	6	33	0	65	
3	71	11	56	19	49	4	46	16	30	2	5	10	11	7	41	8	67	9	17	
7	17	11	64	4	29	18	25	12	66	0	14	
11	5	19	17	9	20	10	21	12	16	13	60	
0	4	4	45	11	38	12	75	7	51	15	74	5	39	2	62	18	5	16	69	10	64	13	49	
2	7	5	5	6	44	4	45	18	66	
16	42	13	63	0	51	1	11	18	9	9	13	8	73	10	52	
0	17	2	16	10	3	17	71	1	63	11	49	12	74	6	33	9	27	14	5	16	47	
0	23	14	13	10	47	11	10	13	41	6	14	16	21	7	56	3	24	9	66	
15	15	10	4	19	8	12	70	7	46	17	43	5	75	1	5	16	45	
17	7	6	29	7	13	15	23	1	20	19	44	11	60	9	48	12	18	16	68	10	50	
7	16	17	36	1	69	13	68	11	39	8	41	5	29	16	12	
2	67	4	4	5	46	13	7	18	50	6	48	12	60	
12	61	15	66	19	13	3	30	13	63	10	45	9	55	7	73	5	6	
17	42	7	71	18	46	11	33	15	5	4	25	
19	14	3	58	14	70	7	40	17	55	8	3	16	13	10	12	12	62	15	48	
3	64	6	20	18	24	17	37	19	58	0	46	14	59	
9	23	4	72	0	16	1	6	6	47	3	27	12	31	10	17	
2	7	7	17	11	30	5	55	0	39	9	22	10	37	15	33	
11	36	9	11	0	29	8	33	7	34	
6	67	12	44	13	68	15	2	8	17	17	56	1	58	3	34	18	63	11	69	10	21	9	30	
0	75	4	8	2	60	13	49	19	62	15	56	16	1	11	43	7	22	
9	72	4	17	5	71	6	57	1	49	16	75	15	1	2	11	14	35	7	37	19	9	17	56	
16	44	12	50	17	62	2	11	3	60	14	73	1	28	13	59	8	3	
9	68	14	69	2	67	8	35	0	36	17	56	6	20	16	1	5	49	11	46	15	62	19	19	
2	16	1	18	4	9	8	20	14	64	
16	3	11	16	12	66	4	32	2	47	6	48	5	22	18	4	9	1	1	24	19	7	
7	43	19	9	13	47	12	27	11	55	15	75	2	6	3	32	9	10	4	25	
10	12	18	17	17	69	0	14	11	2	19	63	9	1	7	59	
7	20	5	4	13	25	3	59	12	72	10	66	15	11	2	32	4	34	8	31	0	36	
12	9	4	8	0	16	1	2	19	71	6	67	17	35	14	12	
16	67	10	37	1	9	0	19	18	47	17	25	8	28	4	22	6	18	12	68	13	36	2	16	
16	4	6	66	19	30	11	57	14	8	3	3	
0	49	18	67	19	1	4	46	12	75	7	23	10	17	14	71	2	55	1	51	16	24	13	74	
3	20	6	46	8	42	11	29	19	54	16	47	2	5	9	44	5	65	
14	39	16	8	4	36	13	50	12	55	
4	68	17	6	18	37	13	1	16	73	5	11	11	32	14	15	0	56	
18	17	19	22	12	42	3	35	17	44	0	23	15	65	
17	13	11	53	19	44	10	22	5	49	16	72	14	35	18	54	4	26	6	61	
6	38	18	16	10	48	11	63	19	3	
17	70	1	11	0	47	16	37	15	13	3	68	14	51	
1	63	19	17	0	52	18	28	14	51	9	3	13	59	2	67	17	69	6	27	
0	75	3	7	8	14	9	44	1	46	15	47	
0	64	10	75	12	62	2	7	13	10	
17	41	14	52	7	73	15	55	8	32	13	25	0	63	12	69	1	18	2	58	5	14	11	28	
1	54	4	38	0	29	3	48	2	60	8	65	15	73	18	64	16	58	17	66	11	75	
6	42	17	37	15	58	19	70	0	41	12	17	8	47	14	50	
9	44	12	31	4	24	10	66	3	73	0	12	1	46	17	28	11	26	18	64	16	38	7	10	
2	14	14	41	11	67	7	26	17	74	15	10	
8	29	15	20	19	66	2	15	14	42	5	13	
19	38	14	4	8	53	7	14	10	74	6	26	
13	7	12	22	10	59	14	57	6	41	17	55	0	67	2	33	
6	31	17	10	14	19	15	69	5	71	10	43	11	51	12	37	
14	71	18	74	4	66	17	58	10	23	0	60	6	50	5	65	
1	28	2	24	17	21	4	60	5	22	16	16	3	17	15	43	
11	15	0	26	7	37	8	12	6	36	13	61	18	42	14	35	1	21	10	65	9	59	
12	22	16	43	19	44	1	5	15	36	7	66	14	68	4	46	8	3	17	35	
12	9	6	68	13	33	16	66	15	57	0	18	5	46	9	43	19	72	2	29	14	51	
11	73	15	25	18	47	4	21	12	49	19	11	5	75	6	70	
19	6	13	22	1	9	4	14	11	2	8	69	10	5	14	4	6	13	3	11	9	20	
12	53	14	50	11	68	15	34	13	16	5	69	3	11	2	38	18	28	
2	12	9	11	0	8	17	54	11	5	10	9	6	18	7	58	8	49	4	30	
0	2	8	27	2	23	1	38	15	68	16	35	6	56	3	10	7	6	14	59	
0	22	17	74	12	9	13	16	18	33	16	45	
19	44	3	57	4	63	9	73	5	61	10	17	18	39	1	69	13	48	0	18	16	32	
0	50	12	3	16	18	19	35	6	62	7	25	14	60	18	45	
16	8	1	54	8	42	4	13	11	30	
6	26	9	58	14	50	8	8	0	61	
1	43	18	58	14	15	17	73	6	10	5	18	
7	35	14	45	9	44	0	31	15	69	2	72	12	64	17	51	13	29	5	60	19	48	10	12	
9	70	4	67	14	40	16	63	0	49	3	30	15	1	18	2	5	39	12	73	17	8	
1	60	13	44	0	61	5	8	18	35	11	12	9	28	15	23	2	13	
9	54	2	71	17	16	16	24	3	41	10	9	12	11	13	72	8	32	
8	2	12	15	10	42	17	44	2	20	15	21	11	27	14	12	
6	8	2	73	16	54	14	52	17	6	11	37	
9	18	16	42	6	15	8	7	18	63	7	41	3	3	17	4	11	53	14	10	13	55	19	59	
8	20	1	43	3	14	5	4	14	5	11	59	4	38	17	74	10	69	2	30	9	48	
7	30	14	42	1	48	18	74	4	29	5	15	13	61	16	33	9	62	2	72	
0	46	10	23	16	25	5	12	13	53	12	36	2	73	3	28	11	42	18	9	7	52	
18	43	15	62	9	17	8	40	11	3	6	24	12	54	1	22	17	4	0	23	
0	62	11	70	8	17	12	59	5	54	10	63	1	13	16	11	3	29	17	51	
19	39	10	55	5	44	12	35	14	60	4	51	9	42	18	25	15	41	1	61	
15	37	12	68	4	1	16	75	6	74	17	11	3	39	11	9	19	15	5	63	14	7	
1	75	8	20	0	6	18	12	10	36	19	54	13	32	
9	67	12	58	14	27	1	47	0	7	3	8	8	69	
13	57	4	67	6	16	16	44	7	69	
12	27	16	18	1	47	18	59	3	36	5	63	17	26	9	58	
15	73	8	19	7	27	2	16	18	44	0	1	11	34	1	3	6	28	16	51	
10	17	6	10	17	27	8	54	0	65	18	39	12	50	19	68	9	24	
2	55	3	46	18	52	15	7	13	17	8	14	14	61	11	70	10	33	6	25	
0	5	15	45	4	52	17	17	16	12	
14	3	6	44	13	66	2	18	11	28	10	35	9	59	18	74	5	32	3	62	
18	21	10	6	3	71	6	67	13	23	2	65	4	59	
18	32	2	21	16	40	9	47	13	42	8	15	4	48	14	49	11	67	15	37	0	6	
3	10	14	66	9	14	13	12	12	72	19	54	10	74	1	3	18	70	
16	23	6	7	14	71	0	35	19	62	15	68	2	43	3	53	
12	21	15	20	18	45	13	39	11	31	5	49	3	63	4	9	10	52	8	37	
6	65	3	12	12	20	2	72	0	64	11	2	
0	31	10	11	3	16	2	13	5	62	
15	23	18	46	7	6	13	49	0	36	14	71	
13	59	5	42	11	8	14	25	8	41	9	52	18	34	16	60	19	22	
3	6	0	57	6	63	15	24	1	58	10	38	18	2	4	48	9	45	19	34	12	13	7	35	
14	51	2	9	6	64	16	3	1	63	3	72	19	28	5	42	12	47	8	37	10	24	
10	17	0	67	11	37	19	46	17	7	12	27	
9	71	0	7	5	73	13	4	4	25	19	33	15	34	
18	75	4	15	16	21	17	47	10	62	15	2	1	30	12	63	19	60	
12	7	13	62	19	12	3	73	18	18	15	35	7	2	14	44	17	52	8	45	
10	68	7	10	2	47	12	61	6	31	17	39	
10	47	11	43	5	64	6	16	3	9	2	15	4	39	14	27	1	70	8	73	
2	11	19	37	13	43	12	54	10	24	0	49	
16	67	7	8	2	24	9	22	18	62	4	64	1	49	11	54	
16	55	8	9	7	25	0	35	6	33	5	2	9	1	10	75	4	52	17	62	
7	45	5	59	19	13	4	41	17	11	
9	60	11	63	8	35	0	20	4	71	15	10	17	74	5	43	18	46	1	31	10	37	13	42	
14	56	16	30	0	51	10	46	7	54	13	6	5	40	
2	55	15	16	3	32	13	71	12	13	8	63	11	60	5	53	18	4	6	8	9	31	
10	13	13	22	0	51	8	26	7	11	5	34	2	75	16	66	11	5	
6	29	14	13	16	2	19	1	4	20	15	3	11	31	18	19	1	55	0	17	
5	15	3	32	17	73	0	62	2	37	8	61	9	42	14	19	10	16	19	3	13	52	
0	20	7	59	1	56	9	60	14	58	6	62	
4	6	13	30	11	14	6	74	2	54	7	56	10	21	12	63	
11	43	8	50	12	26	9	18	3	62	13	2	17	1	6	56	

All component type numbers for each job to be processed by MFPM
9	17	
3	19	2	15	5	2	0	13	1	20	
8	9	7	14	1	4	5	12	9	7	
8	16	0	3	2	8	
6	3	
6	8	
2	19	0	1	
3	5	7	20	9	9	1	15	4	2	
5	14	4	1	9	25	
0	10	7	19	2	3	1	23	9	2	
5	23	
1	19	6	7	9	3	5	8	8	21	
4	20	
5	2	
9	15	5	24	6	13	3	2	1	18	
3	17	7	9	0	19	2	4	
0	18	5	14	3	10	2	16	
8	17	3	1	9	22	
2	17	8	8	
1	2	8	22	
2	23	8	22	6	15	9	6	4	24	
7	11	9	3	5	5	8	4	2	22	
3	2	
5	23	9	5	
3	21	
7	8	
3	19	4	3	
4	12	3	18	6	3	8	13	7	9	
4	9	1	15	0	19	
6	21	
6	15	9	6	
7	11	
8	3	1	22	
6	20	4	25	
1	15	9	24	7	3	
0	22	1	17	5	4	4	12	
1	4	
7	8	
9	20	0	19	1	21	5	23	
8	20	9	11	7	21	0	3	5	8	
5	19	1	22	0	10	9	4	
7	2	3	5	5	24	0	3	
9	14	
0	1	3	15	5	7	7	4	
8	12	4	11	
7	17	
8	15	4	11	3	16	0	14	
4	20	6	15	1	6	7	16	8	9	
5	25	9	12	4	13	
4	12	8	16	2	8	3	9	6	20	
4	4	0	12	6	25	
6	15	2	5	
7	5	0	25	5	15	
2	17	4	10	
3	21	5	5	1	13	
9	4	3	8	0	2	
9	11	
5	9	
7	20	8	5	4	14	0	10	
2	7	3	3	7	15	8	11	
0	9	
2	6	
7	3	6	23	5	8	3	13	2	18	
6	9	
9	22	3	25	6	10	8	15	
1	20	8	4	3	24	
6	15	1	11	
0	2	
0	14	2	15	8	16	3	17	
8	12	5	1	
6	24	5	3	0	1	7	4	
0	4	7	25	
2	20	
6	10	8	23	3	7	5	13	4	5	
2	22	
1	22	8	3	9	9	2	18	
8	2	9	5	6	6	5	20	
5	25	
0	25	8	10	3	5	5	23	7	7	
1	7	5	9	0	19	
6	11	8	7	9	18	3	9	
6	8	5	10	4	25	
2	18	
2	3	
2	2	0	1	9	4	7	13	
0	11	7	23	
1	24	2	9	7	10	
5	4	7	1	
9	13	0	6	
1	23	9	22	6	15	4	2	0	12	
8	14	3	12	1	15	
7	17	9	21	0	15	
2	25	3	3	8	12	4	24	9	19	
8	4	7	16	
7	2	1	23	
1	14	6	22	
7	19	
3	6	2	12	8	5	9	4	
1	16	0	7	6	1	5	8	
6	18	
9	3	6	5	8	8	0	25	5	4	
1	14	
3	3	
2	4	
0	24	8	21	5	17	1	10	4	9	
5	1	7	17	
7	4	2	19	1	1	
1	25	8	24	2	23	
5	19	6	5	3	11	2	9	9	2	
7	5	8	16	5	20	2	25	
4	3	
2	7	0	2	4	4	3	23	
9	24	7	16	5	2	8	19	
5	22	0	20	
8	17	6	4	4	1	
2	7	
2	4	9	14	1	3	6	21	8	5	
9	8	4	3	3	25	8	14	
5	15	
7	2	1	8	6	11	
0	18	4	12	7	2	8	16	
3	7	1	18	8	4	7	9	9	22	
0	7	6	12	3	3	4	13	8	2	
2	5	7	14	5	20	9	3	3	16	
7	12	
2	4	8	17	5	14	4	7	3	1	
5	19	8	11	7	22	6	2	9	24	
0	3	9	2	1	24	5	11	
3	24	
5	4	9	21	1	9	3	20	
1	1	0	16	3	9	6	14	
9	19	5	2	
0	25	2	2	3	13	7	9	8	8	
3	17	6	25	7	13	
5	7	6	9	
6	7	5	11	4	4	
5	12	4	6	
2	4	
3	3	
9	20	5	7	1	15	3	24	
2	13	8	23	0	21	
1	11	7	18	
9	23	
8	8	7	16	0	14	3	2	4	15	
2	1	0	4	
1	13	2	16	8	10	3	22	4	19	
8	22	
1	22	3	11	
0	22	4	13	1	18	7	15	
6	9	5	21	8	25	0	19	9	20	

Three processing times per job on each machine
The best scenario
202	637	
776	449	
324	229	
276	266	
190	495	
594	321	
320	556	
130	160	
896	310	
761	305	
771	392	
140	325	
70	69	
652	641	
90	84	
1049	1091	
392	282	
52	105	
88	236	
287	229	
130	81	
683	452	
190	113	
325	107	
300	467	
133	125	
342	286	
232	167	
143	48	
166	233	
370	397	
664	704	
158	285	
552	828	
263	99	
1075	516	
612	542	
302	150	
254	742	
512	606	
213	423	
118	96	
566	785	
303	149	
569	564	
1126	734	
296	106	
771	648	
442	971	
111	262	
157	142	
163	236	
311	117	
716	276	
515	1072	
157	209	
95	111	
343	267	
456	510	
58	67	
289	926	
289	382	
153	98	
325	61	
596	703	
597	1069	
455	449	
317	323	
169	133	
849	546	
151	91	
1029	692	
312	595	
335	495	
280	484	
199	138	
293	530	
266	558	
108	123	
186	71	
208	228	
549	825	
106	192	
411	915	
171	591	
990	504	
68	71	
289	176	
675	888	
698	528	
432	874	
654	448	
365	347	
356	638	
314	568	
65	173	
718	373	
439	549	
126	350	
501	256	
188	94	
333	477	
639	433	
141	244	
281	164	
247	147	
332	457	
206	281	
64	153	
188	249	
258	251	
558	295	
330	173	
233	194	
524	360	
500	589	
879	585	
105	419	
138	148	
721	638	
367	501	
324	173	
234	346	
925	298	
353	631	
66	230	
571	754	
1145	506	
79	197	
461	638	
76	170	
760	354	
79	79	
77	155	
540	801	
202	190	
56	122	
710	550	
309	451	
198	46	
72	99	
505	280	
547	956	
363	721	
611	385	
437	708	
215	272	
141	114	
167	334	
185	111	
Most likely scenario
323	736	
971	802	
488	360	
429	359	
269	601	
888	412	
329	609	
175	234	
1085	352	
953	502	
1314	427	
244	342	
127	118	
674	956	
119	117	
1345	1456	
393	436	
81	163	
153	363	
444	349	
193	100	
878	459	
245	167	
351	198	
528	882	
143	226	
372	300	
235	269	
228	95	
202	436	
515	659	
1195	939	
243	533	
626	1085	
329	192	
1244	941	
1177	708	
521	262	
309	940	
555	720	
309	526	
212	155	
738	1101	
409	277	
640	814	
1339	988	
545	193	
833	916	
814	1135	
139	270	
175	160	
303	267	
312	139	
823	330	
973	1254	
232	334	
180	140	
622	472	
792	860	
65	80	
347	1118	
353	495	
214	131	
407	112	
614	846	
760	1200	
702	573	
559	609	
174	185	
946	673	
273	120	
1123	763	
457	856	
587	789	
463	719	
354	223	
469	668	
377	651	
135	155	
233	122	
296	288	
951	1091	
166	312	
639	1072	
300	799	
1101	927	
70	87	
353	286	
1135	1053	
753	667	
532	1108	
763	657	
633	485	
462	825	
512	569	
86	177	
1266	561	
797	860	
230	670	
577	475	
208	140	
481	667	
665	624	
160	293	
322	264	
249	192	
350	643	
358	543	
118	231	
219	279	
259	348	
612	427	
418	225	
345	248	
690	468	
600	598	
989	818	
200	562	
211	157	
1167	1037	
728	703	
453	248	
291	369	
996	490	
558	660	
113	354	
746	816	
1290	864	
106	289	
746	711	
94	176	
914	430	
153	135	
104	166	
838	912	
387	253	
102	165	
777	949	
359	466	
217	86	
73	100	
814	460	
868	1076	
542	1236	
718	438	
658	829	
377	525	
173	146	
214	526	
303	169	
The worst scenario
482	892	
1151	1063	
624	362	
470	533	
388	736	
925	418	
383	786	
186	265	
1091	463	
1275	729	
1946	583	
291	389	
190	169	
759	1434	
125	127	
1517	1968	
539	548	
121	220	
185	407	
609	459	
237	111	
1043	556	
342	194	
354	272	
572	1133	
206	338	
451	303	
252	359	
259	115	
264	458	
575	717	
1244	1222	
320	662	
639	1442	
332	226	
1785	1253	
1668	1060	
628	347	
337	1122	
588	1060	
445	773	
222	188	
1056	1617	
419	382	
674	1032	
1692	1253	
776	239	
1078	1177	
997	1534	
162	378	
234	218	
384	292	
339	154	
857	407	
1236	1790	
279	470	
240	167	
795	505	
871	866	
79	98	
476	1412	
440	742	
305	174	
535	160	
629	999	
945	1524	
797	646	
656	742	
176	227	
1007	856	
375	136	
1604	1100	
510	1149	
794	1172	
516	949	
454	268	
482	903	
536	923	
175	166	
241	152	
328	336	
966	1200	
186	348	
720	1348	
301	1081	
1440	1180	
98	115	
359	408	
1677	1248	
824	869	
656	1625	
1131	871	
938	725	
464	864	
707	715	
95	189	
1895	831	
850	897	
293	751	
832	552	
267	180	
509	918	
861	782	
161	416	
405	283	
356	286	
507	758	
530	683	
127	257	
316	378	
281	432	
741	598	
578	231	
469	261	
744	563	
803	825	
1222	833	
297	745	
309	217	
1527	1275	
1086	1054	
495	330	
383	431	
1364	512	
603	798	
127	394	
976	973	
1924	1192	
129	336	
973	893	
96	244	
1042	614	
166	139	
129	189	
866	1133	
513	355	
143	232	
863	1055	
476	587	
265	99	
94	129	
1022	500	
1002	1134	
746	1252	
1036	493	
871	1178	
444	747	
215	198	
285	752	
424	197	
