Factories	5	Jobs	150	Machines	2

Total number of component types per job processed by HSPM
5	11	7	6	11	9	8	12	10	12	8	9	12	7	11	12	7	9	12	12	8	9	10	9	10	8	8	6	6	7	12	9	5	9	11	5	5	10	11	8	8	7	8	9	11	8	11	5	5	12	8	10	7	12	7	11	11	10	6	5	7	11	5	9	12	11	10	12	10	8	5	11	7	10	6	11	8	9	6	7	6	7	12	11	5	7	9	9	9	7	5	10	10	10	12	8	9	9	11	9	11	11	8	6	6	10	9	5	10	8	11	12	10	10	6	7	11	12	6	11	12	5	6	12	6	5	8	12	5	12	8	5	8	12	10	9	6	9	9	8	10	8	9	10	8	6	7	5	8	11	

Total number of component types per job processed by MFPM
1	1	2	2	4	1	4	4	4	3	4	4	5	4	4	5	4	4	3	5	4	4	4	3	4	5	4	3	1	3	1	5	4	3	5	4	1	5	5	4	4	4	3	3	3	1	5	1	4	4	2	3	3	2	1	1	4	1	3	1	2	3	4	3	1	5	1	5	2	3	5	5	1	5	3	2	1	5	4	2	2	5	5	4	1	1	2	2	2	5	5	1	2	3	3	2	1	2	4	4	5	2	1	2	4	3	2	2	5	3	1	4	3	4	1	4	3	1	2	5	1	3	5	3	1	4	5	5	3	2	3	2	4	3	2	5	3	1	4	3	4	1	3	4	2	2	3	3	5	1	

All component type numbers for each job to be processed by HSPM
4	52	14	21	12	49	7	64	16	59	
12	9	4	31	8	40	17	64	0	28	3	3	16	63	18	65	14	33	13	17	7	1	
12	36	18	9	1	39	4	61	2	4	5	33	14	71	
1	32	18	42	4	55	0	59	8	37	5	71	
15	45	3	6	14	59	12	7	7	73	6	31	18	8	0	51	19	2	13	72	16	33	
4	30	9	68	10	61	8	21	14	70	2	33	0	64	12	27	17	66	
10	52	1	37	13	57	8	5	17	51	16	24	11	73	15	9	
4	31	7	66	6	36	19	62	1	18	15	63	13	41	2	39	16	65	18	13	17	58	14	16	
18	35	16	11	1	26	14	63	12	44	4	31	11	29	15	49	17	37	9	71	
6	18	2	5	13	54	3	6	16	61	7	32	19	9	17	1	8	59	12	64	10	50	5	35	
13	49	11	44	10	33	14	23	16	72	5	53	3	14	4	10	
9	47	17	14	19	67	5	51	12	6	13	73	3	75	15	42	16	30	
6	58	10	19	2	7	18	59	19	4	5	3	15	45	17	38	3	28	13	74	4	8	8	25	
9	60	1	12	12	32	10	75	15	20	11	52	18	74	
19	22	0	18	15	35	18	48	9	63	6	30	13	23	16	45	14	46	12	61	4	50	
12	62	1	27	3	32	9	48	19	69	11	11	16	4	10	8	15	15	5	24	6	45	4	23	
1	69	8	2	18	3	4	23	6	63	2	46	17	14	
17	22	6	4	2	10	1	20	10	27	19	54	13	38	14	49	9	5	
0	26	14	17	5	36	1	6	2	35	9	34	4	1	10	49	7	59	12	20	13	18	11	13	
4	30	18	55	3	75	6	44	15	42	2	6	10	56	1	50	12	63	7	12	17	33	11	59	
5	21	7	30	12	63	6	19	9	35	11	74	17	54	4	52	
4	8	13	44	1	52	3	12	5	51	7	36	0	19	18	30	19	61	
9	62	10	22	12	14	4	66	18	38	15	5	19	68	0	12	6	45	17	67	
2	35	16	12	19	47	1	2	3	17	9	21	6	66	17	54	13	62	
0	67	17	71	12	60	2	32	16	58	1	43	6	66	10	17	4	41	3	63	
0	51	12	36	11	42	2	34	5	48	17	11	14	45	3	20	
10	73	15	38	5	40	18	43	11	9	8	19	19	41	2	51	
18	27	1	56	19	34	10	10	6	7	13	53	
5	50	3	62	6	9	14	16	17	42	4	33	
16	68	1	48	9	11	11	35	12	17	19	16	17	61	
2	34	10	58	5	2	16	68	1	35	9	38	15	51	19	57	11	60	18	39	4	56	0	45	
1	23	10	41	15	42	2	19	11	74	8	24	16	56	14	54	0	43	
16	21	18	33	0	31	14	26	1	24	
12	37	5	14	11	16	0	13	7	65	8	64	18	10	10	60	3	23	
8	14	2	57	16	56	4	31	14	1	1	40	9	61	5	70	13	60	18	13	11	52	
5	53	10	19	6	74	16	25	0	6	
18	37	7	65	14	45	13	31	2	34	
3	52	18	34	10	44	17	49	13	70	12	7	14	1	9	73	11	61	6	43	
5	43	17	1	4	47	6	15	16	28	18	66	3	27	13	6	11	13	2	7	8	26	
19	6	4	66	9	40	0	43	10	21	13	9	15	32	7	28	
15	48	1	30	8	50	5	56	18	70	0	47	10	44	6	24	
17	62	8	22	13	45	14	24	6	69	18	72	19	73	
12	8	6	54	10	19	11	22	3	4	8	37	17	12	16	45	
16	36	3	64	18	71	19	16	4	40	13	60	0	2	1	4	7	19	
10	61	3	24	7	29	17	19	18	38	12	17	9	34	2	10	15	6	5	22	8	18	
16	8	19	40	13	23	11	22	12	35	5	9	10	67	4	20	
17	4	5	72	19	19	6	31	3	42	1	6	15	59	11	61	0	25	16	67	13	64	
0	25	17	42	4	4	8	37	10	49	
1	67	12	66	5	56	0	15	15	25	
6	33	13	44	12	21	10	39	0	73	9	41	8	22	14	32	17	4	3	70	18	49	16	29	
9	37	4	63	15	60	5	56	16	75	10	41	7	40	0	47	
10	41	16	16	4	8	3	55	0	23	11	54	6	31	18	33	5	61	17	70	
12	63	2	47	15	61	17	4	7	31	0	6	11	60	
3	17	1	3	7	72	13	62	16	75	19	68	4	45	15	66	5	8	9	11	0	27	10	37	
11	63	19	53	13	23	10	62	12	13	8	26	7	64	
7	41	19	5	1	59	12	38	4	67	3	15	15	16	13	71	5	43	10	55	8	47	
6	24	16	32	7	59	19	9	15	65	18	10	2	38	14	46	1	63	13	2	17	26	
18	27	9	70	1	34	3	50	17	29	5	14	2	73	6	36	15	12	12	32	
15	41	3	9	19	26	18	2	7	46	14	73	
19	18	3	26	17	67	6	59	11	27	
3	22	6	71	13	74	2	23	0	4	1	58	8	20	
4	64	9	38	13	67	5	66	3	35	12	51	0	13	18	26	2	17	14	71	11	47	
8	58	12	46	2	52	14	39	18	12	
13	25	18	42	1	65	12	59	15	67	8	62	3	45	16	24	5	57	
13	34	10	5	12	21	0	23	11	46	5	71	9	17	3	16	2	69	1	55	6	9	18	35	
17	62	19	74	10	39	5	69	9	67	2	27	8	33	7	23	1	5	12	55	6	11	
13	48	10	29	11	71	5	39	3	57	1	8	2	21	9	1	18	54	17	12	
3	17	1	43	14	34	10	29	17	69	7	74	18	32	2	27	19	47	13	55	4	31	16	28	
14	6	7	38	5	16	1	4	12	72	18	49	15	5	9	39	11	29	17	58	
3	27	10	8	2	31	1	49	14	44	0	39	4	28	17	47	
5	16	13	32	3	42	15	30	2	7	
19	16	12	57	3	42	16	56	11	19	1	32	4	10	6	9	15	66	13	73	2	53	
4	64	6	50	11	29	0	15	14	5	16	47	5	31	
11	4	4	67	16	68	7	26	1	3	9	5	14	48	0	56	8	62	6	17	
6	12	16	7	5	22	2	33	0	50	18	48	
15	42	14	46	13	25	11	66	3	44	10	3	16	59	18	45	1	9	4	5	9	34	
7	75	5	4	9	41	14	37	4	49	3	29	18	1	19	9	
7	51	17	67	0	18	11	48	5	75	8	45	3	31	9	34	16	29	
14	26	9	37	13	29	3	10	10	15	1	31	
12	52	19	55	6	35	18	72	10	36	15	41	17	19	
18	16	10	57	17	26	6	61	12	43	8	72	
12	53	13	48	16	46	18	70	6	73	3	11	0	45	
18	66	8	16	0	51	9	38	15	7	5	21	16	54	12	12	14	60	19	69	4	75	6	55	
12	33	1	39	9	16	6	7	17	60	4	58	3	30	16	17	10	51	8	74	18	50	
1	38	12	2	4	59	14	22	13	34	
1	25	14	22	0	55	5	47	4	60	2	7	18	49	
10	67	6	29	3	61	1	10	4	40	13	41	18	12	12	16	7	37	
7	33	19	13	12	70	2	60	18	63	6	1	1	69	8	9	13	25	
10	26	8	62	4	66	18	30	0	31	1	67	11	49	17	4	3	65	
17	67	5	32	18	1	14	50	9	68	3	45	2	2	
6	4	15	9	2	40	14	33	11	74	
9	4	18	63	10	44	4	2	2	58	14	17	11	16	0	52	17	30	13	70	
9	44	4	45	10	15	0	3	18	63	11	60	16	39	5	24	15	71	14	53	
17	32	9	44	15	23	5	61	6	48	7	60	3	37	0	8	11	49	13	50	
6	66	14	54	19	74	12	37	4	58	5	24	10	26	1	69	13	2	2	28	11	71	9	31	
6	30	10	11	14	57	18	15	16	28	5	7	8	46	3	73	
19	55	9	35	12	47	10	52	2	32	1	53	11	59	0	3	6	66	
1	74	10	50	17	22	4	35	16	29	7	52	2	20	9	67	0	47	
19	7	0	71	8	45	4	22	11	27	5	65	9	29	10	47	13	60	14	73	1	24	
4	38	13	13	6	20	0	54	12	1	17	47	9	3	8	18	3	14	
16	22	8	41	15	73	2	67	4	34	7	3	3	58	17	28	9	52	10	7	18	24	
17	2	3	68	5	52	4	47	8	57	7	30	13	36	1	71	6	65	16	39	18	66	
11	2	10	31	13	30	3	53	6	23	17	43	4	49	12	35	
17	33	16	1	19	48	9	35	15	19	1	7	
11	47	10	71	14	4	6	40	12	19	18	28	
14	18	11	10	10	69	6	11	2	52	1	45	12	74	13	54	18	49	15	73	
7	74	10	30	19	70	3	18	9	56	8	11	5	8	0	64	17	19	
5	67	4	12	8	21	10	34	12	30	
9	54	5	11	13	62	10	68	6	21	12	30	16	65	7	8	11	19	3	49	
5	25	1	19	3	55	13	11	18	53	0	18	17	59	4	47	
11	22	14	4	13	74	3	14	9	45	0	32	8	10	5	29	1	72	2	75	18	67	
7	13	10	73	9	24	6	11	4	68	0	17	5	28	8	20	18	35	2	25	15	30	12	46	
14	5	7	62	17	67	19	19	9	35	11	15	4	45	13	41	12	36	1	16	
6	31	1	68	11	65	15	64	9	48	7	4	14	10	5	5	19	29	3	44	
9	13	19	5	7	41	2	48	16	46	14	17	
12	40	7	52	13	12	4	9	14	53	16	59	19	72	
9	48	14	5	5	57	7	38	10	39	13	18	12	62	1	26	19	20	8	32	3	74	
6	50	16	40	0	25	11	31	9	30	13	2	18	66	5	70	14	44	4	58	8	23	12	60	
3	58	15	5	7	41	18	4	14	75	11	21	
2	65	8	4	18	58	14	5	3	8	5	63	15	70	17	53	16	64	0	1	11	26	
18	4	7	41	15	32	17	75	3	22	2	66	13	60	8	49	12	35	16	70	11	64	19	19	
7	8	4	25	18	33	19	74	5	9	
17	6	1	38	9	9	10	39	19	10	8	43	
15	50	5	68	14	37	2	54	3	29	8	66	0	53	17	25	6	55	19	35	11	47	18	21	
6	51	19	15	10	20	7	63	8	6	18	69	
14	72	15	10	16	36	9	53	18	9	
5	10	18	13	11	48	7	50	15	56	9	40	0	14	4	73	
12	17	4	9	11	53	3	13	17	30	6	27	5	58	10	5	0	54	16	50	2	65	14	75	
7	11	1	30	14	31	12	14	11	13	
2	52	18	32	5	40	3	56	6	39	10	44	12	11	4	20	17	53	9	12	8	74	1	17	
11	67	13	18	18	64	16	9	3	38	2	30	7	8	14	19	
18	58	4	4	2	61	16	35	6	16	
5	72	15	15	8	46	14	35	0	64	18	57	13	37	11	73	
12	72	13	49	3	54	6	42	7	12	14	62	8	73	1	31	17	35	4	52	9	2	18	53	
2	44	1	35	12	15	6	39	0	29	19	28	14	26	3	61	5	38	9	33	
10	17	7	69	4	52	1	67	16	25	11	45	12	30	3	68	9	31	
1	26	5	47	2	71	4	49	6	75	12	66	
15	39	5	7	8	42	16	75	14	49	19	1	2	16	7	69	6	52	
2	15	9	60	18	26	19	54	10	23	11	28	0	2	16	17	15	75	
10	36	5	26	12	50	19	6	6	47	18	34	4	64	1	63	
11	14	17	54	19	5	13	66	16	61	3	9	18	2	5	40	7	37	4	60	
17	69	4	1	0	43	18	50	12	17	15	8	8	9	6	51	
17	43	6	28	1	60	13	26	4	16	0	13	15	21	19	63	5	62	
16	65	10	26	9	21	7	74	13	75	5	11	2	25	17	67	11	53	6	66	
18	58	5	15	15	47	9	46	10	24	6	48	3	1	14	27	
0	23	9	67	18	19	13	68	8	21	5	35	
12	24	9	62	19	65	16	32	17	47	8	38	13	7	
11	64	15	72	4	8	12	69	13	31	
19	29	14	67	9	63	2	30	1	26	12	24	15	74	10	9	
0	18	15	56	18	46	11	1	13	12	12	42	3	69	17	22	7	57	16	4	14	74	

All component type numbers for each job to be processed by MFPM
2	13	
1	12	
3	19	5	25	
9	14	3	1	
7	14	8	18	1	15	0	9	
1	7	
6	3	5	6	3	24	1	16	
9	24	7	15	5	8	3	18	
6	13	4	24	0	2	3	3	
5	15	1	16	7	13	
7	4	9	15	2	21	1	18	
9	20	0	16	3	4	1	7	
1	8	8	16	9	7	0	14	5	11	
3	8	8	6	7	15	4	10	
3	6	0	9	2	25	5	1	
1	14	6	12	9	10	7	21	3	22	
6	4	4	24	7	7	9	3	
1	25	2	15	8	20	5	24	
5	25	2	24	9	16	
2	12	3	1	5	15	8	18	7	21	
7	3	0	23	4	11	6	8	
1	2	0	14	2	3	3	18	
6	16	9	9	4	23	5	2	
0	4	2	19	5	20	
2	4	9	2	0	22	4	11	
8	6	1	15	6	7	4	22	7	1	
6	15	1	7	5	1	4	4	
7	21	0	1	3	4	
2	13	
2	6	8	3	5	15	
4	1	
1	5	9	21	8	1	7	4	6	13	
8	8	4	16	7	20	6	11	
0	1	5	6	8	24	
7	24	4	14	8	13	9	17	2	10	
2	6	5	20	3	3	8	21	
5	21	
4	13	9	18	8	24	3	16	2	22	
2	10	7	1	5	15	9	18	1	2	
7	21	9	22	4	7	5	4	
3	21	1	7	4	2	2	19	
4	8	3	2	2	6	6	24	
4	1	1	12	3	22	
0	25	1	18	3	3	
0	17	8	16	1	11	
7	15	
4	3	6	21	9	10	8	17	5	22	
2	23	
5	9	0	12	2	3	8	14	
4	24	8	15	0	16	7	22	
9	1	1	23	
3	11	8	24	4	17	
0	25	8	2	7	23	
1	11	9	17	
1	22	
4	5	
9	21	6	22	2	8	5	5	
7	21	
1	9	8	6	0	20	
9	17	
3	2	4	18	
0	19	6	4	7	3	
5	21	1	3	8	8	9	11	
8	23	0	3	1	7	
3	13	
9	14	8	9	6	22	2	23	4	25	
1	10	
8	22	5	18	3	11	2	9	6	24	
9	12	1	13	
1	14	4	18	3	5	
7	4	9	18	6	7	2	8	8	1	
7	14	8	13	6	20	4	4	2	11	
1	15	
4	14	1	17	5	9	0	11	3	25	
6	2	1	1	3	3	
4	14	6	2	
3	12	
9	22	7	14	6	15	8	23	0	7	
5	12	6	22	7	10	9	15	
9	21	7	15	
0	10	6	22	
6	1	8	5	1	10	5	15	3	6	
5	20	7	23	6	3	0	12	8	16	
4	22	8	15	9	4	3	10	
8	23	
5	24	
1	17	9	14	
7	3	9	25	
8	10	1	23	
9	19	7	2	8	21	1	1	6	14	
2	14	3	17	1	2	8	12	0	8	
9	20	
2	5	5	25	
1	25	6	2	3	7	
1	14	2	5	3	16	
4	16	7	9	
1	22	
5	20	7	15	
3	19	6	13	7	6	8	21	
4	8	9	18	3	11	7	24	
6	7	2	5	1	25	3	3	9	19	
9	1	3	16	
2	10	
8	11	2	5	
6	7	3	14	9	16	5	25	
2	15	0	22	7	2	
1	24	6	16	
5	17	4	3	
0	15	9	9	5	3	7	24	2	25	
2	24	3	6	9	1	
2	7	
6	1	1	23	8	10	9	6	
6	25	2	15	3	21	
2	12	7	20	4	14	5	11	
3	6	
4	15	6	3	9	12	0	16	
2	3	3	18	7	8	
6	22	
0	9	6	17	
5	15	3	8	1	12	7	21	4	18	
7	15	
8	2	6	21	5	16	
3	12	8	20	4	16	2	10	7	11	
1	17	7	4	0	8	
5	9	
0	25	6	15	9	11	3	24	
9	8	0	21	5	18	8	11	3	4	
5	21	4	16	1	9	2	14	0	10	
4	20	8	19	1	7	
9	24	4	17	
8	7	3	18	4	12	
4	13	8	19	
2	23	6	10	9	5	8	21	
6	25	7	6	2	16	
5	17	4	20	
6	25	0	8	1	6	3	16	7	11	
5	19	9	3	4	21	
3	14	
9	18	1	24	0	20	8	12	
9	1	6	22	1	7	
0	7	8	9	2	16	5	14	
2	15	
9	1	3	2	7	23	
3	22	0	15	7	13	1	23	
7	1	6	16	
4	18	3	5	
1	10	0	22	2	24	
9	20	6	21	3	1	
2	12	5	13	6	4	9	2	1	24	
6	16	

Three processing times per job on each machine
The best scenario
60	91	
371	249	
233	300	
247	158	
68	51	
182	216	
120	105	
373	99	
49	16	
174	107	
298	93	
34	13	
30	72	
200	198	
169	74	
49	28	
74	313	
123	94	
286	390	
109	115	
13	24	
9	33	
16	72	
169	57	
123	64	
151	195	
128	113	
105	194	
96	59	
77	89	
55	24	
71	61	
66	114	
63	34	
247	99	
253	176	
117	48	
329	333	
105	165	
69	46	
322	132	
345	203	
121	227	
60	37	
57	143	
323	346	
101	127	
116	167	
95	129	
97	346	
121	166	
157	51	
101	78	
80	416	
133	238	
241	192	
37	37	
53	23	
55	49	
121	85	
139	59	
75	105	
90	71	
250	58	
270	291	
170	171	
24	51	
291	335	
13	16	
195	82	
325	265	
96	160	
82	89	
134	86	
178	176	
66	81	
365	271	
156	161	
237	121	
23	47	
92	164	
80	43	
198	100	
110	250	
99	191	
210	302	
164	130	
35	11	
157	355	
365	241	
30	18	
331	397	
296	292	
124	45	
174	313	
48	59	
289	243	
17	39	
34	17	
70	305	
77	178	
280	430	
134	195	
71	137	
132	51	
50	53	
141	291	
27	33	
211	123	
32	20	
124	31	
166	72	
41	50	
77	215	
145	121	
68	48	
33	14	
74	135	
45	103	
95	254	
103	343	
95	303	
230	215	
202	142	
186	110	
158	161	
49	54	
192	75	
50	34	
79	19	
207	294	
188	221	
205	357	
426	80	
29	33	
57	27	
23	33	
66	166	
129	218	
85	122	
94	44	
104	219	
150	89	
243	232	
280	325	
116	78	
41	156	
59	47	
92	107	
418	282	
Most likely scenario
111	145	
448	424	
234	401	
342	210	
91	54	
361	274	
154	134	
521	129	
80	29	
337	126	
419	157	
48	17	
32	74	
268	279	
262	114	
78	37	
140	402	
184	100	
483	590	
189	118	
24	28	
18	57	
21	75	
272	70	
125	101	
215	233	
150	171	
108	234	
186	96	
131	106	
57	31	
95	81	
128	177	
104	36	
277	169	
438	229	
160	92	
523	565	
155	309	
96	71	
414	154	
423	302	
225	437	
66	56	
103	186	
495	409	
182	163	
218	297	
118	155	
147	448	
194	226	
242	83	
167	93	
130	438	
234	356	
394	339	
49	73	
75	36	
90	64	
152	128	
253	93	
84	120	
125	93	
290	113	
288	353	
215	305	
35	53	
383	379	
20	19	
287	116	
344	432	
149	243	
121	150	
141	135	
281	199	
71	108	
508	314	
215	266	
244	179	
26	59	
102	173	
156	83	
393	144	
220	382	
179	252	
254	585	
198	248	
60	18	
172	518	
464	410	
58	20	
344	500	
362	454	
132	61	
251	326	
73	63	
371	246	
24	73	
48	33	
137	362	
129	211	
419	475	
266	209	
121	247	
133	67	
67	90	
194	315	
31	60	
246	128	
37	25	
132	55	
205	105	
45	53	
124	261	
283	202	
136	51	
46	26	
89	180	
88	161	
114	348	
134	385	
134	312	
438	291	
351	167	
341	124	
181	220	
95	102	
284	129	
56	61	
101	37	
314	347	
288	335	
372	412	
483	152	
52	59	
58	34	
37	54	
122	198	
159	276	
95	156	
171	81	
136	327	
219	114	
318	237	
335	442	
195	87	
57	160	
60	74	
110	191	
584	524	
The worst scenario
145	203	
608	513	
247	423	
427	280	
120	70	
378	292	
208	197	
734	134	
101	38	
356	164	
442	230	
66	25	
33	104	
382	372	
383	124	
115	40	
197	574	
185	115	
724	741	
272	174	
35	38	
24	62	
31	109	
345	104	
162	112	
317	298	
181	172	
159	328	
233	110	
179	153	
74	34	
138	101	
184	200	
122	46	
288	229	
507	288	
179	136	
591	635	
158	437	
140	87	
603	223	
429	411	
314	649	
72	64	
126	276	
691	578	
207	172	
226	417	
142	215	
155	640	
241	303	
311	92	
192	98	
139	552	
251	398	
455	486	
69	98	
99	48	
104	82	
168	163	
312	126	
95	133	
141	107	
363	147	
414	393	
246	395	
48	63	
455	485	
28	26	
356	122	
404	434	
210	298	
128	160	
159	183	
396	266	
96	149	
517	451	
291	367	
344	238	
38	85	
149	206	
213	124	
444	174	
259	478	
265	360	
325	634	
233	296	
84	24	
196	668	
638	478	
84	25	
355	560	
423	630	
189	67	
283	427	
75	64	
501	360	
28	106	
59	42	
184	374	
191	296	
521	708	
358	261	
166	335	
142	100	
99	133	
289	428	
44	70	
336	173	
40	35	
155	74	
221	150	
62	76	
126	371	
377	257	
173	69	
59	28	
101	214	
104	224	
125	371	
181	524	
189	374	
634	373	
390	186	
498	148	
264	285	
129	146	
408	187	
60	63	
128	39	
321	392	
338	488	
534	486	
572	185	
53	68	
82	47	
46	66	
149	251	
162	317	
137	159	
174	91	
202	365	
287	129	
365	351	
343	634	
202	110	
61	179	
66	104	
151	223	
838	564	
