Factories	4	Jobs	200	Machines	2

Total number of component types per job processed by HSPM
11	11	12	5	9	10	11	10	11	8	7	5	8	5	9	10	12	9	10	6	7	7	10	11	7	8	9	8	8	5	5	5	10	9	12	6	12	6	10	5	8	7	12	5	7	6	6	12	6	8	10	8	9	5	10	5	7	12	8	6	6	6	11	11	9	10	5	9	7	9	12	8	6	10	5	9	7	9	7	7	12	12	7	8	7	7	8	11	5	8	6	12	11	5	11	5	7	12	9	8	10	11	8	11	5	10	10	10	10	5	6	11	12	6	11	6	10	11	5	12	7	12	12	10	6	8	11	6	12	8	6	9	6	12	8	5	5	5	11	8	7	10	9	10	8	7	12	12	9	11	9	9	7	8	10	9	7	9	11	12	9	7	5	12	10	12	10	6	7	12	8	11	7	8	10	9	8	5	11	7	12	5	12	9	5	5	7	9	7	6	5	7	5	7	6	10	7	11	7	7	

Total number of component types per job processed by MFPM
5	2	4	5	4	2	4	2	4	3	3	4	2	2	5	3	1	3	4	1	4	2	5	1	1	4	4	1	5	2	1	2	1	2	2	4	1	3	2	2	2	4	2	4	3	2	3	4	2	1	1	4	5	2	3	5	1	5	5	5	4	2	4	3	4	3	3	1	3	2	2	4	1	5	3	1	5	1	1	4	4	1	1	4	4	4	1	1	2	3	4	1	5	3	4	3	4	2	2	4	5	5	2	1	1	5	1	5	5	5	2	2	5	5	4	4	1	5	4	4	4	1	5	4	3	5	4	3	4	5	2	5	5	5	1	5	5	4	5	4	2	2	5	1	5	2	5	3	5	4	1	5	2	1	2	4	2	4	4	5	5	5	2	3	1	5	4	5	3	5	4	5	3	4	2	5	1	3	5	3	5	3	5	5	2	5	4	2	2	1	1	3	3	4	3	1	5	4	4	3	

All component type numbers for each job to be processed by HSPM
9	22	12	3	10	46	1	27	4	24	11	63	14	38	0	20	2	6	7	56	8	64	
17	70	18	26	19	37	8	1	11	25	0	18	16	23	13	58	12	62	5	32	15	56	
2	35	11	7	17	68	7	8	18	56	6	17	19	37	0	18	5	1	14	67	3	74	9	43	
14	37	1	15	17	56	2	26	13	62	
16	41	14	36	17	19	11	73	10	9	0	34	5	47	4	61	7	51	
18	49	13	30	15	51	6	19	3	32	12	7	9	3	2	52	10	61	14	4	
2	4	11	25	12	3	17	75	8	15	7	5	10	53	18	68	9	16	1	50	3	56	
6	13	10	12	13	2	19	69	0	67	17	35	5	74	4	65	11	62	18	36	
4	49	2	10	3	1	13	26	9	7	15	30	5	53	17	14	12	16	0	52	6	72	
6	18	15	51	5	17	7	28	3	59	0	48	1	71	16	31	
10	52	1	37	2	69	3	8	13	30	14	41	17	3	
1	64	2	60	12	14	17	8	13	45	
9	22	7	9	11	40	5	34	2	45	13	11	18	10	12	61	
8	11	1	6	2	75	7	37	10	34	
5	68	19	67	15	75	2	72	12	21	18	37	17	6	10	71	9	22	
12	12	9	59	7	73	0	17	19	39	11	61	18	37	3	1	8	24	2	56	
3	20	7	27	15	72	16	50	17	1	11	36	1	54	2	73	6	69	12	37	19	23	10	38	
17	60	2	51	8	8	15	18	9	40	12	31	10	42	5	16	4	37	
3	64	2	6	0	47	14	56	12	7	6	15	1	2	16	71	10	19	15	46	
18	73	2	9	11	52	8	47	6	14	1	69	
12	47	15	24	2	43	0	58	18	35	16	52	6	41	
6	43	8	16	7	37	18	40	16	33	17	15	4	22	
3	47	18	10	4	59	11	60	17	70	16	32	9	8	13	50	19	24	8	61	
17	34	0	66	10	75	18	37	3	9	19	22	16	12	12	60	15	18	4	41	2	43	
9	41	0	14	2	23	19	60	10	40	1	36	13	56	
15	69	14	64	16	46	7	65	9	35	12	1	18	15	1	24	
2	74	1	46	11	34	10	18	14	66	17	4	5	12	6	17	4	52	
11	16	2	22	12	71	5	40	19	29	10	50	9	45	0	66	
6	37	19	22	0	3	10	73	16	29	1	66	18	47	12	19	
5	31	17	58	4	71	6	2	3	19	
0	8	18	70	5	20	2	64	17	72	
18	59	16	34	15	42	3	2	12	51	
7	9	1	28	8	75	9	35	3	16	2	12	6	37	17	38	16	1	11	56	
2	36	3	19	5	3	17	72	0	49	15	24	18	38	16	8	6	7	
18	37	13	46	3	32	16	60	19	50	11	31	1	68	4	51	14	55	15	41	8	44	12	40	
10	1	7	39	15	34	3	4	13	29	0	63	
7	43	19	34	0	28	3	57	15	73	5	3	4	46	14	24	12	31	1	30	9	61	17	44	
8	36	11	41	1	46	0	25	12	19	14	59	
1	74	0	66	9	10	10	42	7	18	4	49	15	43	13	19	16	4	19	51	
9	58	16	10	6	2	13	41	0	19	
5	1	0	29	3	59	15	27	13	42	6	18	2	7	19	14	
1	30	19	64	14	21	8	72	11	2	2	68	16	15	
17	72	8	5	19	51	15	27	3	71	1	48	10	52	16	42	12	29	13	3	7	38	0	74	
15	12	12	4	14	5	11	60	16	26	
9	44	2	60	7	38	12	32	18	56	0	40	11	41	
2	73	4	4	3	58	10	10	0	30	12	57	
0	59	16	47	13	52	1	23	15	25	7	21	
9	16	4	47	14	38	2	56	18	70	19	75	10	17	13	25	6	26	12	48	5	32	0	37	
1	37	12	4	16	5	7	65	15	47	0	57	
8	6	19	55	12	2	17	51	0	28	18	12	7	4	5	56	
11	60	19	73	16	47	15	16	1	52	2	36	17	20	3	1	6	68	8	51	
7	13	17	2	11	12	5	23	2	62	10	60	0	18	9	14	
18	46	19	63	2	70	1	39	5	23	4	18	17	53	16	30	15	33	
9	53	0	23	1	65	19	62	10	64	
16	26	10	48	7	32	1	58	17	67	12	46	9	74	19	8	3	53	15	35	
8	43	14	4	13	32	6	61	3	57	
7	67	9	22	15	13	4	45	3	71	19	29	16	35	
8	44	11	62	9	54	10	18	4	46	7	26	18	59	19	68	2	42	12	1	16	47	13	24	
7	6	15	7	19	20	6	43	9	59	18	74	3	18	16	61	
9	64	17	3	7	44	13	72	15	25	19	46	
13	12	16	56	1	65	18	53	3	55	5	36	
4	5	19	57	17	53	9	48	8	8	0	15	
18	13	16	1	0	12	14	73	15	65	9	74	3	36	11	5	6	60	13	46	12	2	
13	31	17	17	10	33	9	3	18	62	6	20	15	46	12	11	7	22	11	64	2	14	
5	9	17	49	8	70	10	64	18	55	7	43	4	48	6	68	16	1	
19	42	18	48	3	29	8	57	7	33	5	40	2	11	6	54	15	56	16	19	
8	27	18	37	0	22	9	1	1	66	
0	55	3	64	14	13	4	17	17	9	5	60	18	48	8	3	9	19	
8	50	10	72	15	48	13	62	11	2	4	64	14	22	
13	19	0	15	8	3	6	64	11	74	4	16	14	52	17	70	5	43	
5	19	0	66	13	11	14	49	11	13	19	70	9	56	6	61	18	60	10	37	8	55	16	18	
14	31	10	5	9	58	11	9	2	12	13	68	15	25	3	2	
3	23	18	42	0	46	15	28	10	2	14	69	
0	56	14	20	8	58	1	30	3	24	7	10	18	74	13	71	4	60	9	34	
3	24	16	32	9	8	12	2	19	6	
1	69	10	47	4	49	18	19	6	51	5	40	14	42	19	30	3	15	
16	42	6	17	19	51	13	54	3	39	14	25	12	34	
12	35	5	45	9	57	19	32	15	62	4	2	17	43	14	27	16	13	
14	70	8	74	5	64	11	24	19	51	1	48	6	46	
12	28	13	31	14	68	1	1	17	44	2	20	6	27	
9	46	1	58	19	75	2	28	13	19	6	51	15	68	17	59	3	39	12	18	14	6	8	56	
19	18	18	48	9	7	5	40	13	64	4	21	3	61	8	22	7	43	6	59	17	12	14	56	
0	72	13	47	18	33	14	18	15	27	1	53	7	34	
19	59	9	53	11	58	1	32	10	33	13	29	17	2	12	25	
13	75	6	69	14	13	8	59	7	5	10	15	2	71	
12	62	4	67	0	4	19	8	15	58	11	30	8	11	
12	26	13	37	16	29	15	17	17	58	3	63	18	56	9	3	
6	41	19	58	1	32	8	62	0	45	10	3	15	31	13	22	9	68	2	23	16	28	
0	53	13	73	2	35	17	72	10	46	
4	28	5	15	12	63	7	17	17	9	13	10	6	11	8	69	
1	11	2	42	13	47	18	70	6	61	12	72	
4	24	5	26	17	4	12	68	3	47	14	9	1	21	8	30	19	31	2	75	6	16	16	15	
6	42	11	51	0	27	10	31	18	29	19	40	17	19	8	63	3	44	16	64	9	3	
7	55	15	19	1	60	13	34	18	8	
9	37	2	4	10	6	11	7	13	17	14	59	1	25	12	40	7	36	5	35	15	52	
7	44	19	53	1	29	4	37	6	8	
15	64	13	45	12	48	11	14	14	73	9	1	18	37	
0	51	17	35	13	75	5	22	6	3	2	62	9	42	16	57	19	72	18	31	3	27	10	63	
11	44	10	9	9	58	4	41	18	34	0	49	2	7	13	31	19	63	
6	71	5	17	15	13	0	63	17	24	2	1	7	58	16	29	
5	32	17	55	6	4	4	12	9	14	19	15	11	71	10	1	7	41	0	74	
16	36	12	52	8	12	10	22	2	7	18	38	13	70	0	8	4	67	17	75	1	17	
2	47	15	44	4	73	18	15	10	71	1	45	12	72	3	30	
1	14	4	1	9	4	5	58	11	69	7	20	18	2	0	52	6	73	10	39	8	36	
0	48	9	41	7	43	13	37	16	58	
18	50	17	59	19	66	12	42	6	45	4	54	2	6	8	31	15	10	7	5	
3	75	2	60	11	5	18	42	14	55	8	25	10	36	13	19	15	29	19	48	
16	3	18	36	12	35	2	55	13	11	19	74	8	50	7	58	15	20	3	57	
4	62	12	35	14	68	19	23	8	33	2	20	5	25	18	75	10	54	7	43	
7	55	18	70	10	8	12	12	0	65	
9	68	18	31	13	8	4	65	8	33	6	49	
18	15	1	23	10	27	16	10	8	66	17	46	5	50	19	5	15	43	12	25	0	2	
3	15	17	59	15	33	11	36	13	10	7	20	12	72	5	74	14	30	6	26	4	22	18	55	
15	40	5	9	6	36	19	75	3	46	4	30	
18	34	17	58	16	37	7	53	10	56	9	16	2	31	15	74	3	51	5	49	11	71	
12	53	6	40	7	45	11	26	5	19	2	14	
12	57	9	26	13	2	6	69	17	72	7	71	1	13	8	25	19	35	16	51	
6	10	4	29	7	16	3	53	5	37	8	45	9	59	18	64	12	6	0	62	19	34	
5	47	2	48	0	56	17	42	6	8	
14	9	9	38	4	34	19	72	17	4	16	44	12	2	5	19	13	24	8	57	3	36	1	5	
9	33	10	45	17	68	13	34	3	46	2	19	4	22	
11	38	17	24	15	52	12	69	18	36	6	1	16	75	4	11	2	5	3	29	8	22	14	53	
5	44	16	56	19	39	10	19	14	20	1	24	3	62	18	72	6	55	0	70	17	63	12	50	
13	61	10	21	14	49	17	15	4	22	12	39	2	14	6	27	18	63	1	10	
10	74	13	17	11	48	5	20	7	33	9	67	
6	16	4	34	2	68	11	62	7	32	10	27	5	47	15	58	
2	65	9	43	17	10	13	26	11	39	0	32	14	33	8	20	12	7	7	36	19	37	
15	38	11	24	13	6	19	13	5	33	9	25	
5	75	9	14	14	51	7	58	12	66	4	34	17	37	6	50	11	61	10	49	19	19	2	65	
4	50	13	45	5	71	8	52	15	44	16	38	17	43	1	16	
1	61	19	27	9	11	18	75	7	60	2	38	
19	11	11	66	4	42	15	39	7	1	16	15	17	47	0	30	2	38	
9	11	14	74	1	56	11	47	16	63	13	26	
16	56	10	13	0	23	8	25	9	40	15	17	2	66	18	16	12	50	19	33	1	74	4	71	
2	9	3	22	10	18	1	29	15	33	14	59	7	39	0	28	
10	1	2	15	19	29	15	51	9	43	
10	36	9	1	17	11	12	38	3	59	
15	70	14	44	8	66	5	59	11	23	
4	18	8	11	5	32	1	52	13	35	16	55	3	27	2	66	15	22	19	70	12	12	
7	14	5	58	14	16	1	53	2	18	16	60	4	31	8	12	
0	62	4	68	18	37	8	8	16	47	10	26	1	35	
13	32	18	61	12	21	19	56	14	58	10	12	4	43	15	26	1	29	16	8	
3	25	14	37	18	20	17	13	2	43	13	7	9	61	1	72	5	62	
0	39	16	59	19	23	7	44	3	2	15	11	4	4	5	9	13	5	10	16	
2	40	7	1	11	15	18	9	0	28	19	57	16	17	6	62	
5	47	11	53	1	54	2	35	6	73	13	67	7	3	
18	75	12	67	1	5	17	45	16	53	15	2	11	11	2	46	10	18	19	7	8	17	9	16	
1	13	16	36	5	9	8	7	12	73	19	28	10	56	9	11	7	10	6	24	15	45	14	25	
15	67	13	25	7	35	12	41	3	30	18	68	6	24	9	26	4	13	
5	70	12	1	8	71	11	53	6	16	15	72	14	18	7	27	3	37	10	63	1	36	
17	35	0	74	15	50	4	51	2	67	1	58	14	37	16	16	18	55	
17	31	19	25	18	17	15	48	10	15	11	5	8	29	12	40	2	55	
14	8	12	42	9	41	8	36	1	75	17	33	3	50	
18	6	5	47	6	49	7	8	13	40	12	1	11	30	2	17	
5	23	14	12	4	36	19	73	6	70	1	62	11	57	2	37	17	6	0	58	
0	31	8	62	17	53	5	37	11	30	12	10	16	64	4	24	2	12	
18	53	3	17	13	61	17	43	8	38	15	34	9	13	
4	41	12	30	16	23	1	44	17	52	3	17	9	1	7	66	10	35	
16	52	14	71	8	13	15	70	17	59	7	1	13	26	5	48	10	55	4	4	19	10	
13	50	5	52	16	26	3	12	19	70	9	37	2	44	8	41	10	45	4	38	14	6	0	10	
5	44	11	53	1	74	3	16	18	67	10	22	7	37	4	17	8	18	
8	35	12	3	7	59	13	4	18	67	1	7	16	21	
14	65	3	4	11	7	7	59	5	51	
5	8	6	20	15	31	13	19	18	74	16	15	7	50	4	6	19	4	8	13	9	48	11	23	
8	61	1	46	7	73	10	2	17	15	5	44	6	42	9	9	11	68	16	74	
8	4	10	5	1	14	4	23	18	24	12	43	5	17	9	45	13	30	7	35	19	32	0	75	
18	67	1	7	15	39	11	10	17	2	0	38	6	29	10	35	16	20	3	44	
10	18	6	38	9	46	17	63	3	27	4	37	
6	32	19	15	14	50	10	52	7	14	11	70	8	53	
8	10	15	54	5	71	2	15	0	67	12	21	16	43	18	70	10	28	4	40	1	1	11	41	
4	13	19	33	0	41	8	73	14	61	5	6	13	66	15	36	
16	30	2	52	14	26	12	29	6	18	11	45	0	13	4	70	5	14	15	47	19	5	
14	60	7	44	16	70	17	65	1	59	2	5	12	43	
13	17	7	26	19	28	11	34	0	10	4	68	16	11	10	14	
0	20	7	64	18	27	10	37	15	69	19	38	17	51	8	52	13	50	12	42	
3	30	8	23	6	29	17	60	19	64	18	53	16	68	11	15	10	37	
15	42	12	64	14	28	8	5	17	14	18	15	4	59	16	16	
1	2	3	54	17	33	9	16	19	67	
3	67	0	63	7	34	15	49	18	51	9	2	19	45	10	58	4	70	1	9	12	43	
18	34	2	7	1	73	5	32	3	14	12	54	10	23	
18	33	16	69	6	67	0	7	12	44	15	34	8	55	1	52	17	21	9	10	14	75	4	23	
10	25	9	40	6	28	12	49	13	24	
3	16	6	8	15	68	2	45	11	3	0	54	14	29	17	28	4	5	7	37	13	12	19	33	
2	73	3	72	14	27	11	71	7	4	16	23	8	74	9	29	1	57	
16	20	15	22	1	57	11	33	4	41	
8	60	6	25	18	28	0	34	4	31	
17	34	5	68	7	51	9	12	16	26	11	48	18	64	
10	37	6	64	4	20	3	34	16	40	13	31	8	67	19	25	2	54	
1	29	6	36	11	74	0	8	3	34	2	56	4	54	
19	54	3	33	13	58	15	72	7	29	14	71	
6	16	3	33	1	49	0	45	19	7	
19	72	18	64	5	56	4	53	9	50	7	7	17	51	
13	18	15	36	6	39	10	47	0	15	
18	70	8	11	10	27	3	58	14	65	0	39	6	22	
17	54	3	13	11	45	1	30	10	22	8	7	
10	59	8	65	9	21	15	47	2	32	12	5	19	31	17	24	13	70	5	62	
10	2	4	41	11	26	18	59	2	1	5	29	14	71	
12	63	7	27	1	40	5	9	10	58	17	3	13	23	18	6	15	13	3	44	14	50	
18	31	12	8	9	1	14	51	5	16	4	47	2	30	
17	44	1	37	6	6	16	34	15	3	18	40	10	51	

All component type numbers for each job to be processed by MFPM
7	20	1	19	6	25	3	2	4	23	
5	12	7	22	
2	24	7	1	0	3	3	6	
2	11	7	15	8	2	0	24	5	23	
6	2	5	11	3	16	2	23	
8	1	7	4	
9	10	3	1	4	17	0	23	
8	13	7	5	
4	23	2	24	5	6	9	7	
3	3	1	12	8	11	
2	25	8	22	1	17	
6	21	8	13	1	16	9	5	
6	25	0	8	
4	24	2	5	
4	1	2	4	0	17	7	2	5	16	
1	18	4	4	7	20	
7	21	
6	15	1	11	3	10	
5	13	3	8	6	20	8	2	
9	14	
6	25	7	24	9	23	0	5	
1	4	0	25	
8	11	9	5	7	19	2	22	4	12	
1	8	
7	9	
7	16	9	22	5	18	8	19	
2	3	8	7	7	9	0	2	
4	19	
5	22	7	11	8	16	2	7	9	14	
5	12	1	8	
8	14	
9	14	3	8	
2	16	
0	13	7	2	
3	4	4	21	
3	3	1	15	0	16	2	19	
3	9	
8	10	6	24	5	12	
4	13	3	16	
6	15	7	8	
8	13	2	12	
0	1	8	13	7	17	5	14	
3	9	5	23	
1	3	4	17	2	25	6	24	
3	8	4	10	8	20	
7	23	5	15	
5	4	9	2	2	21	
2	8	4	22	9	20	6	24	
5	15	4	20	
0	18	
6	3	
2	8	7	18	0	20	9	11	
0	1	2	17	8	6	9	2	5	24	
0	25	8	13	
9	6	7	3	2	23	
7	19	5	12	9	10	8	2	4	16	
5	5	
2	20	4	12	9	8	1	10	7	5	
7	18	9	17	6	9	1	8	4	6	
3	23	1	19	6	1	7	17	4	7	
8	5	6	18	4	6	7	3	
4	12	0	16	
1	12	7	24	8	11	0	9	
6	4	8	8	5	1	
7	18	9	16	1	10	0	7	
9	6	3	15	4	8	
4	25	3	15	9	11	
1	19	
5	4	8	23	0	3	
2	17	8	23	
0	5	2	20	
0	15	9	19	3	20	2	8	
6	3	
9	7	6	12	7	10	1	11	5	19	
6	10	8	20	3	3	
3	11	
5	3	9	10	2	24	4	1	6	14	
0	12	
4	7	
0	24	1	23	6	14	7	12	
4	19	1	20	5	2	2	15	
6	8	
8	7	
5	19	2	4	4	20	3	9	
7	18	6	8	1	15	0	14	
9	10	2	21	7	14	3	22	
0	12	
9	16	
3	9	6	25	
5	15	1	11	2	12	
1	14	2	20	5	10	4	17	
4	20	
5	6	9	14	4	10	1	9	6	1	
9	16	8	1	2	23	
2	17	6	9	5	15	1	10	
8	20	0	11	1	1	
7	25	4	17	0	6	5	20	
6	19	8	21	
9	25	3	8	
8	13	2	20	9	21	5	12	
6	14	1	9	7	21	5	19	3	25	
7	11	6	17	3	12	0	22	4	1	
7	7	1	13	
7	18	
3	15	
4	19	6	18	8	23	9	21	3	6	
1	9	
5	10	7	4	1	14	4	3	3	1	
6	25	7	1	2	4	3	5	0	19	
0	9	9	15	4	24	8	3	7	20	
5	8	4	2	
3	19	9	13	
5	19	3	13	9	16	4	9	1	14	
0	1	2	15	4	4	8	6	1	3	
3	6	1	19	5	13	2	22	
0	1	4	4	3	21	5	5	
0	22	
3	4	5	25	7	1	1	6	4	24	
4	8	9	7	7	1	6	13	
8	25	5	16	0	5	1	4	
8	23	3	2	7	6	9	8	
1	22	
7	20	3	10	5	7	8	15	4	5	
8	24	0	10	6	15	5	13	
3	18	0	11	5	1	
4	5	6	8	8	20	7	25	2	24	
8	23	6	3	3	12	5	5	
2	25	6	10	3	14	
0	8	4	1	2	25	6	7	
3	5	9	24	0	16	8	17	1	20	
4	16	1	23	
5	3	3	13	1	20	0	24	8	5	
1	12	4	13	2	16	0	2	3	10	
0	22	6	8	9	14	8	9	5	2	
5	10	
1	25	0	11	7	2	9	18	2	8	
3	4	1	23	5	14	2	22	7	18	
1	24	2	22	7	17	8	18	
9	19	1	12	8	24	7	18	6	8	
0	24	4	7	3	25	2	18	
8	3	5	25	
3	23	6	22	
1	12	0	5	9	22	7	16	5	6	
2	13	
7	2	9	7	4	8	8	19	6	3	
8	25	0	22	
9	15	8	24	7	1	0	10	6	23	
6	6	7	15	4	20	
0	9	1	23	8	2	9	1	7	8	
1	25	8	10	6	6	4	21	
0	23	
9	3	4	17	3	22	8	25	7	13	
1	25	9	24	
3	9	
2	20	3	24	
1	4	8	1	4	18	6	6	
2	3	1	13	
6	13	1	6	5	20	9	11	
2	7	5	14	7	16	3	5	
4	22	2	16	1	1	9	5	7	7	
7	22	5	1	6	5	9	6	1	16	
1	9	5	6	0	2	8	20	9	5	
3	24	8	7	
4	25	7	8	1	20	
5	21	
1	12	6	18	7	4	0	16	9	20	
7	22	1	19	2	1	5	3	
2	8	6	2	8	18	0	12	1	3	
1	24	9	4	2	25	
8	14	4	4	0	18	5	8	7	19	
3	15	9	18	7	24	4	2	
7	23	8	20	3	16	1	19	2	9	
0	24	7	4	4	20	
2	2	3	21	1	18	0	5	
9	12	5	24	
0	10	4	19	9	14	8	11	5	1	
6	17	
4	23	5	11	0	24	
9	16	0	8	8	4	6	14	5	7	
1	18	9	7	6	24	
5	12	6	18	3	8	8	24	0	17	
0	9	8	7	2	13	
8	21	1	6	0	3	6	2	5	8	
1	6	5	4	6	1	3	18	9	12	
5	6	7	16	
7	4	8	9	2	14	6	19	0	24	
3	9	7	18	8	6	0	24	
0	8	2	12	
8	22	3	18	
2	20	
2	8	
5	9	2	1	0	12	
6	2	1	11	5	13	
4	3	2	1	5	8	7	5	
6	15	4	12	2	14	
4	19	
5	1	4	17	6	8	1	6	3	15	
9	2	1	25	6	23	5	10	
6	2	1	8	3	12	2	11	
4	6	0	7	6	20	

Three processing times per job on each machine
The best scenario
389	379	
706	234	
333	272	
1098	1039	
565	860	
405	318	
184	140	
207	314	
624	727	
631	884	
432	784	
176	89	
992	314	
246	141	
305	346	
125	128	
284	358	
744	255	
225	386	
351	245	
243	314	
120	182	
387	500	
102	314	
548	220	
603	445	
118	109	
151	247	
300	432	
577	931	
139	294	
272	128	
359	330	
599	566	
448	229	
180	321	
284	151	
95	217	
163	355	
857	1005	
151	123	
91	144	
475	258	
175	367	
847	863	
77	79	
400	133	
215	133	
230	175	
221	1341	
954	936	
402	407	
193	159	
276	589	
98	43	
617	619	
376	143	
105	203	
323	319	
130	181	
289	499	
241	505	
234	157	
178	450	
695	657	
325	600	
148	164	
1176	758	
444	409	
186	327	
796	681	
450	325	
226	326	
696	1043	
540	894	
607	465	
398	703	
466	373	
388	232	
769	667	
823	781	
200	116	
384	255	
712	669	
655	458	
833	721	
368	598	
592	518	
118	77	
647	240	
156	235	
458	473	
244	620	
243	384	
911	1316	
601	509	
468	466	
418	514	
193	113	
504	874	
120	69	
606	324	
390	360	
66	33	
176	161	
291	249	
572	125	
661	693	
735	1016	
191	82	
264	309	
176	255	
305	372	
215	121	
252	115	
214	961	
232	326	
348	272	
170	95	
799	838	
104	572	
282	946	
260	113	
135	224	
452	249	
114	67	
155	320	
555	870	
706	182	
561	169	
324	349	
697	941	
569	1001	
44	75	
159	199	
523	650	
160	248	
175	310	
185	139	
1113	752	
239	675	
462	667	
192	313	
461	275	
423	297	
146	217	
342	748	
242	437	
597	831	
651	591	
365	170	
526	425	
656	627	
299	625	
251	505	
442	390	
551	510	
1064	789	
393	426	
247	914	
727	939	
249	205	
575	767	
161	56	
197	385	
395	929	
233	125	
538	355	
372	429	
981	285	
265	243	
343	1252	
335	226	
835	369	
128	164	
380	136	
680	451	
476	721	
1348	371	
545	350	
189	158	
343	159	
394	200	
1016	690	
419	632	
141	112	
812	857	
247	433	
716	849	
225	288	
903	307	
218	152	
47	134	
77	80	
220	146	
153	166	
771	1026	
298	600	
126	253	
750	709	
Most likely scenario
404	415	
920	355	
366	377	
1311	1051	
582	1188	
577	438	
313	151	
280	479	
772	1009	
1235	915	
542	836	
195	103	
1261	379	
319	276	
336	595	
200	256	
333	502	
885	359	
239	434	
366	438	
356	602	
136	185	
705	632	
155	384	
559	429	
730	823	
203	137	
290	326	
528	550	
1106	1093	
188	436	
279	206	
376	414	
609	638	
556	369	
347	366	
386	168	
167	272	
271	561	
1378	1022	
209	238	
143	190	
829	318	
200	396	
1433	1293	
106	151	
516	213	
229	147	
331	251	
368	1374	
1335	1271	
520	632	
309	223	
381	713	
164	52	
677	912	
421	240	
121	206	
485	548	
235	351	
460	836	
336	610	
263	195	
258	607	
1309	1110	
504	1002	
174	181	
1405	1002	
871	509	
285	538	
1113	984	
474	333	
429	500	
766	1325	
702	1172	
874	558	
436	711	
525	418	
628	285	
1135	804	
1032	1112	
229	175	
400	280	
930	779	
685	724	
1221	942	
566	792	
1118	528	
141	125	
663	405	
267	339	
603	720	
433	739	
419	647	
950	1326	
952	861	
526	851	
444	627	
281	187	
668	1457	
196	132	
841	619	
405	524	
118	65	
219	308	
355	387	
603	222	
1182	725	
1261	1255	
284	91	
424	402	
340	370	
462	551	
358	157	
269	116	
393	1276	
250	344	
626	393	
173	138	
979	974	
182	662	
549	1036	
301	215	
147	314	
571	258	
182	92	
233	486	
681	1030	
916	254	
1076	321	
401	535	
892	1228	
614	1048	
56	143	
202	224	
564	726	
229	330	
283	349	
239	217	
1375	1096	
317	679	
728	817	
380	399	
686	276	
718	504	
244	314	
383	751	
352	510	
622	1131	
698	623	
397	286	
588	560	
1056	776	
316	638	
291	792	
724	430	
828	784	
1248	968	
414	617	
476	1011	
1100	1205	
374	409	
928	996	
214	81	
363	392	
421	1060	
241	127	
546	542	
378	467	
1049	494	
377	291	
444	1416	
385	309	
1094	523	
255	229	
395	219	
790	652	
772	1049	
1558	376	
590	424	
205	194	
388	265	
437	387	
1475	897	
769	698	
173	139	
1243	1092	
358	437	
943	1066	
251	376	
989	415	
224	226	
78	142	
151	99	
351	234	
218	243	
1044	1222	
357	860	
225	305	
812	851	
The worst scenario
413	510	
1368	448	
400	494	
1434	1258	
827	1662	
827	566	
460	225	
286	620	
863	1021	
1378	1151	
686	1020	
230	113	
1427	472	
348	318	
345	789	
255	269	
450	661	
888	442	
305	630	
388	553	
511	670	
152	273	
960	718	
218	404	
562	488	
1004	1019	
215	181	
362	442	
605	629	
1519	1407	
198	594	
379	280	
449	539	
757	954	
742	500	
510	453	
480	196	
199	283	
405	583	
1419	1471	
220	355	
187	224	
1221	415	
209	581	
2071	1399	
142	156	
573	215	
304	170	
491	255	
426	1674	
1584	1403	
750	688	
400	277	
449	789	
203	71	
953	1126	
522	328	
126	272	
698	657	
249	416	
568	1202	
478	901	
342	279	
382	871	
1381	1594	
619	1289	
194	193	
1502	1028	
1157	620	
313	627	
1448	1390	
563	352	
635	710	
955	1402	
930	1629	
1080	714	
478	825	
552	541	
680	355	
1249	1036	
1284	1364	
271	230	
401	358	
1038	1155	
937	844	
1229	1214	
612	803	
1614	606	
144	171	
886	551	
282	450	
687	1055	
514	852	
439	767	
1146	1884	
1326	875	
700	1001	
565	670	
346	190	
914	1906	
293	174	
847	821	
417	654	
174	68	
319	453	
468	485	
898	265	
1521	1053	
1505	1306	
403	136	
520	491	
403	400	
579	713	
519	177	
297	146	
546	1476	
349	374	
792	537	
222	147	
1034	1126	
247	703	
622	1321	
395	297	
156	394	
734	327	
257	102	
318	611	
740	1423	
1288	260	
1387	410	
459	557	
1148	1781	
631	1570	
71	202	
220	281	
834	928	
278	436	
287	439	
351	233	
1746	1468	
326	709	
930	994	
485	530	
974	306	
838	696	
348	336	
456	1028	
512	724	
734	1457	
911	815	
457	341	
704	764	
1104	954	
465	866	
367	1133	
911	642	
954	953	
1805	1284	
570	801	
669	1107	
1233	1458	
444	477	
968	1448	
311	120	
430	397	
561	1138	
338	165	
809	634	
388	567	
1241	663	
446	343	
620	1819	
437	457	
1447	769	
291	341	
574	285	
1006	959	
982	1461	
1966	391	
779	468	
298	235	
468	319	
458	423	
1903	1332	
833	1011	
206	150	
1669	1491	
437	598	
1295	1533	
365	409	
1209	468	
336	232	
99	203	
207	107	
411	250	
246	316	
1217	1812	
534	1282	
334	310	
1208	1203	
