Factories	5	Jobs	200	Machines	2

Total number of component types per job processed by HSPM
5	7	5	7	11	5	5	8	10	12	12	12	11	8	8	8	9	8	7	6	6	10	8	9	11	5	7	8	8	10	5	5	8	5	7	6	9	9	5	11	10	10	6	9	6	7	10	6	9	7	8	6	8	11	10	6	5	12	6	7	11	6	6	5	7	6	9	9	8	8	11	11	9	5	11	12	12	10	12	11	9	12	6	6	7	11	6	12	10	12	11	9	6	12	10	9	11	9	5	8	10	11	7	10	6	11	11	6	6	11	6	8	10	7	10	8	12	10	12	5	10	12	8	5	9	10	11	9	12	6	10	5	12	9	9	6	10	6	6	7	11	9	8	5	12	8	10	9	7	9	12	7	12	12	11	5	11	10	8	5	8	6	7	6	9	11	9	8	12	6	12	7	12	5	9	10	6	8	7	12	7	7	6	11	9	5	6	7	5	11	9	5	10	8	6	12	7	7	7	8	

Total number of component types per job processed by MFPM
1	1	2	2	5	2	4	4	1	3	1	4	3	5	4	5	2	3	1	4	3	4	1	3	2	4	2	5	3	2	5	4	5	4	3	4	2	5	3	2	5	5	4	2	2	4	3	1	4	4	1	3	2	5	5	3	2	2	2	5	3	1	1	2	3	5	5	1	1	5	4	4	5	2	2	5	4	3	5	4	3	3	5	2	3	3	2	5	3	1	5	1	1	3	5	5	1	2	2	5	5	3	2	3	2	2	3	2	5	2	5	5	5	1	4	2	5	1	5	3	1	1	5	1	2	4	5	1	4	5	2	1	3	4	2	4	1	1	1	2	3	4	1	2	2	4	4	4	1	5	4	2	2	3	5	1	3	5	2	4	3	2	1	2	3	5	2	5	5	1	3	2	1	1	3	4	5	5	4	3	1	4	4	3	2	5	1	3	2	2	2	1	5	4	3	4	2	4	5	5	

All component type numbers for each job to be processed by HSPM
3	24	12	3	7	57	10	43	15	31	
6	73	0	44	2	65	9	48	5	43	18	46	17	21	
6	71	1	44	11	6	19	45	2	52	
11	72	13	33	7	63	0	52	9	24	14	75	10	26	
11	35	14	51	18	3	2	68	6	9	17	50	0	41	15	59	5	21	19	6	1	57	
3	37	0	75	4	47	14	43	1	68	
19	35	8	74	15	3	2	33	13	59	
11	42	3	18	18	65	9	52	17	13	13	64	2	45	19	70	
6	5	4	11	3	22	17	43	13	65	18	20	8	71	1	62	14	1	9	57	
16	70	8	65	0	8	7	54	5	74	3	59	1	47	15	46	10	67	12	51	11	7	6	25	
17	65	0	37	12	13	2	35	10	72	15	34	4	58	3	7	14	19	5	63	16	73	19	6	
16	49	6	36	11	73	12	61	1	14	18	38	5	44	14	60	0	40	8	43	3	56	10	27	
19	13	14	25	8	12	7	26	12	8	17	1	15	55	10	45	6	52	3	23	2	7	
15	43	13	25	7	64	18	42	14	35	12	20	16	54	4	32	
0	31	17	14	6	11	9	44	1	60	4	16	15	71	7	62	
9	23	11	49	16	21	0	74	2	52	18	20	10	62	8	37	
0	75	13	70	2	23	9	7	12	58	10	21	17	30	8	60	4	64	
7	17	5	22	13	54	8	61	4	55	14	62	6	27	1	13	
10	46	3	10	16	4	1	30	0	34	13	39	9	1	
11	73	17	66	18	7	16	33	10	70	12	57	
12	70	0	75	5	46	18	68	13	52	6	26	
6	44	19	3	10	42	4	1	1	45	13	40	12	46	15	50	16	71	18	10	
14	37	19	39	2	2	6	61	16	66	0	4	15	8	18	34	
8	49	12	3	0	68	3	54	1	69	10	58	11	15	16	75	13	42	
16	67	11	39	9	49	14	68	7	18	10	3	17	11	8	40	0	25	4	15	18	64	
0	49	11	65	1	18	16	8	13	58	
6	12	16	5	9	75	17	71	15	26	4	66	11	3	
1	66	2	34	3	46	19	37	12	48	11	26	6	52	14	71	
13	56	3	54	18	33	11	12	8	29	15	9	14	59	16	32	
17	69	10	60	8	33	2	38	11	71	9	13	7	9	3	18	4	43	13	11	
1	8	7	12	3	72	0	3	12	66	
18	40	11	18	3	41	1	65	5	70	
12	6	10	70	14	67	19	29	0	48	16	52	15	14	9	1	
9	31	14	56	2	53	10	3	13	38	
8	69	2	41	16	5	6	14	11	35	15	38	9	48	
2	24	6	66	1	70	5	74	8	18	15	42	
19	20	0	75	10	57	3	45	1	58	2	29	7	24	14	32	16	19	
0	59	19	52	10	64	17	46	12	74	6	36	2	33	8	10	1	24	
9	14	10	60	3	73	8	45	15	57	
12	27	16	13	6	57	5	8	13	56	18	74	1	69	9	53	4	30	10	43	17	44	
4	2	17	38	10	51	9	25	13	5	5	63	15	24	14	16	2	57	19	39	
19	31	14	49	7	35	1	65	12	47	8	11	6	43	16	28	4	15	17	73	
14	10	15	23	0	71	6	57	3	39	12	62	
19	4	14	37	17	58	0	20	13	72	12	5	4	42	6	31	5	17	
2	59	16	47	11	4	6	1	15	71	3	60	
9	47	18	14	5	48	12	29	3	30	6	32	10	25	
4	43	15	54	3	71	7	58	19	2	8	14	11	12	18	26	5	30	14	21	
12	12	15	25	19	50	16	43	3	45	2	48	
6	34	10	39	18	62	4	37	13	55	1	11	14	58	16	1	19	43	
7	57	16	69	11	64	18	19	8	66	6	12	17	47	
5	57	10	28	0	7	18	14	8	53	17	60	12	51	2	21	
2	38	11	53	19	8	14	15	5	12	4	48	
12	61	3	49	4	74	6	6	9	17	17	30	5	46	15	10	
3	67	15	38	12	51	7	26	11	65	19	6	13	46	8	15	6	7	0	4	1	1	
2	66	4	1	6	56	3	42	18	35	9	49	5	55	1	53	11	65	13	25	
9	39	18	15	6	51	11	56	5	72	3	43	
9	7	3	44	16	18	15	24	10	48	
18	14	19	32	13	54	17	63	3	31	11	44	8	27	15	19	14	70	1	62	10	9	4	41	
5	38	6	37	18	25	4	62	16	57	0	71	
0	55	17	9	13	21	18	45	2	23	5	14	4	11	
16	7	13	58	6	25	18	44	5	37	11	22	15	47	0	16	17	56	14	8	8	67	
14	34	4	69	13	59	1	19	12	37	8	75	
6	37	12	28	11	62	15	25	7	15	16	10	
9	3	14	44	13	16	18	2	6	67	
19	52	9	40	17	39	12	64	6	70	14	8	15	31	
8	71	18	49	6	9	11	48	7	21	0	15	
0	36	7	66	11	39	1	34	16	7	2	25	10	51	3	55	4	35	
3	37	19	14	1	64	9	1	4	6	2	29	14	42	7	34	5	51	
3	44	10	64	16	2	4	62	19	15	9	6	6	33	0	68	
14	42	1	17	15	45	5	8	3	71	17	24	19	65	10	70	
17	43	19	34	7	9	18	4	15	48	4	29	10	18	2	60	12	16	5	75	9	42	
8	41	2	44	17	59	7	34	5	60	1	50	6	73	0	3	14	15	16	71	12	62	
5	48	1	57	15	7	4	61	6	43	19	28	16	55	13	20	8	58	
18	60	3	56	10	53	7	29	13	13	
16	64	12	48	10	39	7	36	18	29	11	40	15	23	5	31	3	70	6	71	1	49	
9	22	7	69	17	47	19	67	3	62	10	38	2	72	8	35	15	55	18	33	6	42	1	46	
13	17	12	28	11	52	9	11	6	68	2	16	14	18	8	5	18	42	15	49	0	51	19	35	
4	1	5	2	13	6	6	50	3	65	18	4	2	74	15	22	11	52	17	38	
18	48	8	52	7	58	15	17	1	15	17	9	13	13	11	5	3	73	12	46	5	42	0	60	
11	21	3	34	6	38	7	30	5	48	4	73	13	10	2	50	10	39	14	55	8	68	
0	75	1	33	4	47	7	1	9	60	16	35	17	72	13	61	14	6	
6	49	0	16	17	35	16	65	5	26	12	38	4	74	14	57	18	32	3	54	2	29	10	42	
13	41	2	58	6	19	12	70	8	5	0	48	
6	1	10	49	17	75	11	28	8	53	18	34	
12	27	8	23	11	30	10	15	2	43	15	21	17	11	
19	38	8	19	5	28	2	59	4	66	10	22	17	34	1	72	14	35	15	53	3	9	
0	39	7	2	4	3	17	31	9	34	19	48	
4	22	2	66	10	34	15	49	13	3	16	37	8	4	7	19	5	26	12	59	11	62	19	17	
7	23	2	17	1	48	17	38	19	14	11	31	16	5	18	63	6	11	10	15	
1	24	14	60	8	49	12	6	15	48	5	10	19	22	18	65	0	62	3	5	2	53	16	8	
18	74	12	51	14	1	4	16	2	19	7	57	6	73	19	75	9	32	8	54	3	38	
11	64	6	44	13	24	14	46	7	61	8	35	19	49	2	42	15	30	
12	41	0	10	6	5	1	6	14	9	9	66	
19	3	7	16	3	74	15	20	2	22	10	24	18	19	11	12	5	14	8	33	9	43	12	68	
13	29	0	45	17	31	14	42	15	9	10	40	9	68	19	21	2	16	7	18	
5	35	13	28	14	15	2	7	12	51	7	41	8	21	6	65	11	58	
11	1	8	17	9	39	18	19	5	34	4	48	14	8	17	25	13	30	2	10	1	52	
9	37	2	64	11	75	14	65	10	72	12	52	5	31	16	29	0	51	
5	38	1	11	0	75	2	57	19	68	
6	71	15	36	5	17	0	22	16	60	7	42	12	57	9	66	
8	33	19	10	13	9	5	56	1	34	18	23	4	27	0	7	6	63	15	22	
14	68	2	55	9	2	18	8	11	69	19	18	6	21	13	56	12	31	8	17	0	3	
7	5	6	55	16	22	4	62	8	13	17	57	2	1	
4	50	2	7	13	63	18	46	17	57	9	25	8	29	11	3	6	8	5	47	
3	37	10	8	17	32	13	25	7	58	15	70	
6	21	8	27	0	42	16	59	10	34	7	14	5	48	19	31	4	54	9	9	14	68	
7	45	19	17	8	35	3	60	18	32	6	33	0	43	5	9	16	25	11	73	12	11	
9	72	11	31	17	33	13	19	15	22	16	58	
19	8	3	3	13	34	9	27	6	63	7	7	
8	6	10	34	4	8	3	48	14	74	11	29	7	31	15	40	0	36	6	42	2	71	
14	53	16	7	9	16	11	5	5	55	10	46	
8	5	14	57	16	25	1	69	0	41	17	9	3	34	6	33	
1	62	4	3	12	59	8	54	10	6	13	52	0	31	7	11	15	53	17	56	
15	14	2	1	5	10	12	43	6	18	3	50	14	49	
4	53	7	27	8	41	5	19	19	51	12	42	14	3	10	12	11	30	9	57	
6	40	11	60	16	42	4	7	19	68	12	49	13	27	7	38	
7	53	11	58	15	36	13	56	1	31	6	38	2	73	9	47	12	29	14	16	8	60	3	61	
0	28	12	71	7	1	6	16	2	32	8	50	4	6	13	13	15	14	10	11	
8	36	0	13	15	17	5	9	4	43	10	22	13	10	1	38	17	14	9	8	11	64	6	46	
15	1	13	68	3	32	12	51	19	13	
9	14	3	1	1	66	5	36	8	19	11	74	18	59	0	8	13	61	10	9	
6	28	12	65	1	51	0	42	5	47	7	15	11	14	4	4	14	33	9	38	17	7	2	9	
19	15	17	48	16	16	14	20	6	57	0	22	1	12	5	64	
3	5	16	28	2	73	14	3	17	23	
0	51	2	27	3	45	1	75	5	69	10	43	17	56	15	22	16	11	
16	32	5	59	12	16	2	57	3	7	13	75	4	25	9	5	14	23	17	61	
3	27	2	3	16	37	12	50	13	21	11	36	1	54	6	4	9	18	19	61	7	9	
8	27	2	66	6	29	16	38	1	33	10	61	17	40	5	73	11	74	
7	35	16	59	3	39	10	4	19	24	2	30	0	15	12	45	8	42	9	63	4	2	11	50	
0	62	4	55	12	61	15	51	2	48	8	42	
7	66	9	4	1	51	16	3	4	34	8	62	10	55	6	41	11	56	15	40	
2	71	1	37	16	67	9	50	13	40	
5	66	1	33	9	3	10	64	2	62	4	18	19	72	13	54	6	58	11	5	14	49	8	60	
2	30	14	9	7	49	18	23	3	45	1	54	5	19	19	5	11	27	
15	5	19	4	0	28	4	65	17	55	14	27	9	62	18	7	11	11	
13	29	12	6	15	31	4	43	17	50	3	73	
4	49	14	9	19	61	7	47	16	19	5	11	10	53	13	57	6	68	9	29	
7	52	13	4	0	11	17	9	18	43	1	74	
6	64	1	74	0	29	7	41	9	62	11	45	
17	28	13	40	1	48	3	34	18	38	7	33	11	45	
18	58	4	28	0	72	7	42	9	50	13	45	2	5	8	12	5	21	15	64	16	47	
18	10	7	3	13	68	17	55	16	56	15	17	1	33	0	41	19	14	
14	35	11	71	3	40	1	23	0	27	2	55	7	25	19	63	
19	13	2	53	15	14	11	41	6	71	
5	10	13	38	15	74	18	5	12	50	0	46	7	66	11	14	6	18	10	53	1	20	19	75	
3	6	5	22	15	20	13	19	9	33	2	68	4	73	12	59	
18	32	6	16	16	46	4	54	7	41	11	13	13	60	15	25	9	69	5	71	
3	28	8	44	19	45	16	69	5	46	12	34	18	64	6	38	13	59	
7	11	3	50	4	73	14	7	10	62	9	40	16	29	
7	46	13	24	2	9	16	31	11	1	3	39	1	47	19	75	17	61	
4	12	11	6	17	32	13	58	1	39	8	53	19	61	12	37	10	26	6	44	0	8	7	57	
8	42	17	52	18	31	6	74	15	63	11	8	9	58	
10	51	1	70	17	34	13	41	8	12	2	27	15	55	12	54	16	14	0	19	19	63	14	25	
9	50	18	2	5	65	17	23	6	4	0	10	14	9	2	6	16	20	11	24	7	44	8	29	
7	3	4	61	12	15	3	62	9	40	6	24	8	22	14	12	1	37	15	2	2	54	
10	25	7	75	9	22	12	64	16	68	
17	10	5	63	15	61	0	27	14	12	7	20	12	38	4	58	6	14	13	71	10	56	
4	22	3	72	15	32	5	71	17	33	18	39	12	52	8	62	10	13	16	57	
8	34	10	31	3	18	16	32	14	26	6	53	2	39	0	65	
12	10	7	45	13	31	5	18	19	19	
0	37	11	46	16	47	13	39	3	42	18	38	15	23	2	6	
9	68	15	71	4	6	19	16	11	15	3	56	
18	36	0	65	11	63	14	51	6	70	17	41	5	28	
19	39	17	52	16	11	14	13	9	44	8	3	
14	46	9	3	5	9	11	53	13	26	17	17	16	7	12	25	6	29	
18	62	17	66	2	46	16	74	8	48	9	30	12	39	13	36	7	57	11	8	0	71	
16	20	6	21	0	61	14	43	17	7	7	66	5	74	13	36	1	17	
2	50	0	36	19	42	15	62	9	65	3	22	17	9	13	31	
10	75	12	9	15	72	7	53	2	48	3	10	0	73	5	60	17	40	9	65	6	29	11	42	
16	34	3	25	14	60	7	13	2	22	9	35	
11	67	2	37	17	14	14	44	19	61	15	64	8	75	5	19	10	22	9	21	0	55	12	43	
3	11	10	62	6	13	12	70	8	21	0	6	7	1	
4	18	7	42	14	49	3	55	11	43	1	46	17	3	6	1	0	44	16	19	8	75	18	12	
18	44	11	69	15	27	14	3	9	21	
18	19	5	45	12	17	17	13	14	12	15	65	16	61	9	7	8	39	
5	32	4	14	14	53	12	30	13	21	8	41	9	65	0	54	7	72	3	27	
7	15	5	41	17	11	18	56	10	30	1	62	
2	66	13	57	11	33	19	11	9	8	15	4	0	23	17	52	
8	1	14	37	5	46	1	64	3	40	6	39	7	45	
13	57	6	56	12	26	14	73	7	49	3	35	5	65	8	52	9	72	17	5	10	1	19	48	
14	32	9	54	4	27	10	62	2	24	11	65	12	20	
8	62	19	41	3	26	15	39	10	75	0	57	2	60	
6	58	19	2	14	59	16	63	2	46	13	25	
19	50	18	28	11	27	10	65	15	75	16	63	7	21	2	53	17	46	14	17	12	41	
2	29	8	65	4	46	7	47	15	19	18	42	12	58	14	12	9	11	
0	53	5	52	10	42	8	22	3	27	
0	57	7	69	15	30	17	15	9	11	2	56	
13	57	17	28	4	5	18	38	19	72	9	47	12	55	
2	70	17	29	10	35	1	50	9	20	
7	58	6	62	14	42	4	50	11	73	2	15	19	59	12	64	15	22	5	18	1	47	
6	14	10	35	7	74	0	32	4	38	2	15	13	1	9	29	16	71	
18	69	17	48	1	1	12	46	5	75	
18	67	7	30	17	55	12	44	11	75	2	25	16	68	13	34	4	31	6	3	
1	11	4	24	18	7	8	22	17	5	12	16	5	30	14	73	
15	48	10	61	2	22	17	47	8	58	19	36	
9	45	8	16	12	64	18	10	19	19	1	66	17	69	6	53	7	6	0	71	4	3	14	29	
5	49	3	43	2	8	10	64	12	55	19	62	4	54	
0	31	1	44	11	65	14	9	7	74	18	30	9	63	
19	57	18	25	2	5	7	68	6	60	3	65	4	14	
15	67	14	75	9	61	1	47	3	60	13	26	10	70	18	5	

All component type numbers for each job to be processed by MFPM
1	18	
8	17	
2	9	1	22	
6	20	0	10	
9	13	2	5	3	11	5	20	0	1	
3	13	8	16	
1	16	9	3	0	8	2	21	
3	4	5	2	6	25	9	12	
8	22	
3	7	2	24	6	2	
5	13	
1	7	6	19	5	16	8	9	
0	21	8	1	6	10	
2	20	1	24	8	3	0	8	4	25	
4	20	3	13	9	14	7	23	
1	11	8	14	6	16	4	21	9	13	
6	20	9	2	
2	17	7	24	5	9	
0	24	
4	15	8	9	3	7	7	11	
9	20	5	13	1	15	
3	4	0	9	1	23	8	13	
6	21	
6	4	8	6	1	15	
9	19	3	25	
3	3	7	25	0	17	4	7	
4	21	1	8	
8	7	3	17	6	11	5	5	4	8	
4	22	1	19	0	24	
8	15	9	17	
8	19	6	12	3	13	2	8	5	10	
5	5	4	12	6	11	7	18	
2	5	6	23	0	20	5	12	1	11	
4	3	2	4	0	14	9	25	
2	8	7	6	8	12	
5	3	7	17	6	15	1	21	
8	11	6	13	
6	23	3	17	4	18	5	21	8	19	
0	21	5	17	6	2	
0	14	7	13	
6	16	9	10	8	9	0	23	1	1	
2	12	1	15	3	5	8	13	9	7	
5	17	2	19	6	22	3	8	
8	22	2	17	
7	16	8	18	
7	24	4	14	6	9	3	2	
0	12	4	8	2	11	
0	13	
1	11	9	20	8	18	6	5	
5	15	4	19	1	9	0	7	
9	25	
3	2	0	15	1	3	
1	4	0	13	
9	19	7	24	3	7	8	14	2	25	
4	13	9	14	0	25	3	15	5	3	
2	16	9	24	8	21	
4	14	2	9	
1	15	8	23	
7	18	8	11	
6	6	2	9	4	11	3	17	0	8	
3	10	6	4	5	18	
6	23	
1	17	
4	2	8	15	
0	23	3	18	4	24	
6	14	5	9	4	13	8	24	9	23	
7	5	8	6	4	25	5	1	0	20	
8	5	
2	4	
9	10	5	22	3	6	2	1	8	8	
2	2	0	8	4	23	8	20	
4	6	6	1	9	19	3	16	
7	10	0	14	1	25	5	8	9	19	
5	7	1	4	
6	22	4	14	
2	1	4	12	1	20	3	25	0	18	
1	15	3	18	2	2	7	6	
0	18	9	7	8	5	
8	18	9	22	6	17	1	9	4	13	
8	8	1	18	2	24	3	6	
4	12	8	23	3	5	
6	10	0	3	9	14	
9	10	5	16	0	1	8	23	2	7	
4	13	2	11	
3	10	1	22	0	23	
1	7	6	12	9	24	
5	10	1	11	
7	13	0	21	2	7	6	22	5	25	
5	4	2	20	1	5	
0	8	
5	12	2	13	7	25	8	24	0	9	
8	13	
3	22	
7	15	5	16	1	12	
3	16	4	22	6	25	9	15	1	10	
4	23	1	19	8	1	9	3	5	11	
1	21	
2	14	5	10	
2	7	6	19	
7	10	8	4	2	9	5	3	3	11	
3	22	8	5	4	2	5	9	1	8	
6	20	5	18	7	17	
3	19	0	23	
5	20	1	25	2	21	
2	17	1	3	
9	13	1	1	
6	19	7	24	4	9	
6	7	1	21	
3	19	7	18	1	22	4	25	0	11	
3	22	0	3	
7	18	8	10	0	25	3	9	1	16	
3	15	9	9	1	23	2	14	5	20	
7	15	0	18	1	21	8	4	9	3	
5	20	
1	10	2	4	8	12	4	7	
0	24	4	3	
7	6	6	11	0	25	1	19	2	16	
8	1	
4	15	8	6	7	7	3	20	0	1	
0	17	6	11	8	9	
6	22	
4	22	
8	4	4	16	7	13	2	9	9	2	
4	16	
2	13	7	15	
6	22	4	23	9	1	5	12	
9	11	6	12	7	16	5	22	4	2	
2	22	
9	3	4	18	0	20	2	15	
1	11	0	19	9	3	4	1	3	13	
6	17	9	22	
3	21	
6	13	9	10	2	8	
1	25	0	5	4	10	6	6	
4	12	9	17	
8	21	7	16	0	6	2	24	
2	13	
6	1	
7	12	
8	11	6	15	
7	13	4	18	8	19	
2	2	4	6	5	15	3	3	
1	21	
1	17	9	5	
6	5	9	14	
4	11	8	9	7	20	9	6	
1	23	0	20	3	15	5	2	
0	25	5	22	8	11	3	13	
7	22	
7	11	8	24	6	1	9	16	0	20	
3	18	5	4	6	19	8	16	
5	20	0	21	
9	4	5	12	
7	12	2	15	9	5	
5	21	9	13	8	9	4	19	6	6	
4	1	
9	12	5	21	8	19	
3	15	1	5	2	22	0	23	8	10	
7	12	6	16	
1	25	7	4	9	8	0	19	
8	8	5	4	7	25	
0	12	2	21	
1	22	
0	13	7	9	
1	22	2	6	9	14	
6	18	0	23	5	20	1	19	9	17	
8	14	4	9	
0	3	2	1	6	5	4	20	5	6	
8	25	0	11	6	16	2	7	4	21	
7	7	
5	15	2	12	0	3	
5	6	1	18	
4	10	
9	4	
9	24	1	10	5	5	
2	1	8	11	5	14	4	9	
7	20	1	21	6	15	2	23	8	19	
2	14	5	9	3	1	4	13	9	23	
4	7	5	14	1	10	6	12	
6	10	3	17	4	12	
3	25	
4	24	7	23	9	11	0	20	
2	14	9	10	8	3	3	1	
7	20	3	13	4	2	
3	8	1	15	
5	25	1	12	3	24	0	6	2	8	
7	17	
1	16	9	10	5	21	
0	25	7	11	
7	13	6	22	
7	19	8	13	
0	19	
4	25	6	22	0	2	1	15	5	18	
7	17	4	2	9	24	6	10	
6	21	4	3	0	8	
9	1	1	25	7	21	6	9	
7	6	4	4	
7	16	5	13	9	24	2	3	
2	23	6	21	7	3	5	19	0	25	
0	5	3	13	6	2	2	25	1	21	

Three processing times per job on each machine
The best scenario
481	466	
243	256	
632	270	
517	724	
238	201	
178	118	
334	430	
193	139	
83	90	
535	319	
354	400	
328	172	
481	500	
408	136	
338	385	
317	120	
566	222	
500	624	
86	148	
340	811	
147	85	
427	171	
351	162	
83	75	
432	559	
746	669	
482	915	
541	440	
749	678	
152	156	
793	873	
514	307	
405	157	
207	279	
103	172	
604	455	
396	531	
323	338	
183	200	
109	147	
213	297	
270	683	
261	130	
656	339	
538	1113	
449	585	
916	448	
281	292	
127	66	
792	287	
435	325	
826	505	
297	227	
162	334	
84	272	
917	438	
167	418	
332	230	
290	494	
597	496	
340	150	
219	307	
632	785	
117	67	
629	242	
287	205	
409	209	
726	602	
528	439	
427	255	
504	157	
181	490	
275	229	
423	991	
672	457	
156	138	
972	679	
145	100	
262	518	
767	385	
986	275	
53	52	
133	288	
565	402	
253	186	
478	368	
122	179	
635	162	
724	349	
432	597	
195	176	
944	510	
321	209	
252	200	
742	477	
77	142	
822	681	
182	396	
228	200	
87	175	
609	115	
185	549	
657	533	
221	176	
463	778	
41	125	
301	552	
172	148	
235	266	
98	159	
414	662	
237	174	
235	613	
233	259	
301	679	
81	221	
619	147	
207	115	
529	854	
365	386	
244	252	
242	109	
408	295	
640	643	
74	35	
431	1088	
991	735	
502	571	
125	174	
171	89	
197	369	
93	110	
1144	279	
564	375	
131	106	
132	146	
653	455	
523	650	
320	349	
540	914	
191	404	
382	173	
141	353	
387	272	
130	176	
395	704	
702	572	
596	161	
529	679	
762	625	
285	987	
99	244	
369	717	
166	106	
271	190	
975	1166	
1097	981	
706	637	
352	255	
588	267	
252	293	
377	260	
113	110	
312	110	
459	254	
46	86	
1471	1142	
178	338	
225	160	
89	139	
571	432	
212	109	
227	361	
283	374	
277	336	
143	421	
218	314	
58	170	
416	364	
434	119	
104	125	
451	968	
504	854	
226	352	
190	138	
810	831	
1114	159	
834	635	
353	489	
277	131	
406	270	
461	362	
480	428	
220	115	
559	516	
321	874	
409	484	
953	725	
354	548	
68	53	
Most likely scenario
535	521	
284	278	
717	372	
774	754	
291	296	
216	194	
428	616	
211	199	
130	164	
594	614	
416	709	
416	275	
671	675	
781	257	
555	528	
404	224	
684	271	
594	908	
130	175	
428	931	
251	147	
620	332	
526	301	
134	94	
485	883	
858	1151	
515	1006	
757	539	
912	1230	
302	278	
1013	1337	
875	464	
463	304	
349	289	
164	191	
733	535	
513	673	
485	462	
320	306	
188	264	
226	392	
283	717	
423	209	
843	347	
997	1154	
562	720	
979	872	
446	521	
221	89	
977	539	
534	441	
1134	642	
442	376	
167	507	
144	327	
1172	467	
209	478	
334	311	
307	741	
701	687	
386	243	
316	419	
799	805	
213	87	
984	444	
367	218	
781	353	
975	1028	
577	483	
519	282	
525	170	
351	560	
316	412	
833	1005	
1007	739	
190	265	
1175	1041	
289	148	
404	557	
785	537	
1162	517	
65	56	
230	501	
647	597	
467	300	
598	394	
199	333	
692	310	
756	516	
513	747	
196	211	
1269	719	
341	335	
261	280	
1082	584	
141	266	
996	1170	
270	605	
430	240	
130	176	
792	207	
367	1066	
794	712	
259	262	
504	822	
82	197	
592	675	
216	202	
383	508	
163	249	
491	782	
339	308	
295	645	
259	341	
491	714	
132	297	
658	187	
216	203	
734	1078	
400	738	
273	330	
339	186	
430	510	
806	1063	
124	66	
615	1523	
1196	966	
971	576	
202	198	
251	139	
365	433	
121	188	
1157	454	
878	668	
242	165	
188	206	
879	800	
706	697	
460	627	
775	1022	
252	465	
384	230	
185	362	
524	355	
173	179	
412	709	
706	886	
615	319	
993	1312	
867	961	
340	1075	
161	257	
371	890	
223	161	
308	219	
1130	1262	
1302	1151	
748	703	
539	262	
833	298	
321	352	
422	292	
153	165	
404	170	
591	336	
79	160	
1573	1235	
309	451	
275	300	
146	202	
675	483	
257	201	
261	455	
534	713	
345	350	
160	427	
304	516	
102	244	
479	461	
449	171	
184	176	
722	1337	
871	948	
358	417	
336	169	
1336	946	
1160	314	
942	674	
433	610	
420	218	
516	341	
866	637	
692	475	
370	123	
876	581	
405	1337	
564	521	
1226	841	
643	657	
102	61	
The worst scenario
786	634	
362	347	
936	499	
854	1025	
385	299	
239	280	
615	746	
275	255	
189	211	
844	817	
608	815	
617	349	
821	968	
1003	364	
736	772	
571	245	
806	403	
700	935	
193	259	
448	1249	
350	179	
827	482	
685	435	
143	110	
620	959	
1119	1512	
771	1261	
925	743	
1165	1507	
358	404	
1072	1698	
1283	568	
519	380	
522	360	
206	245	
952	753	
580	699	
512	595	
473	327	
214	269	
246	414	
414	827	
476	248	
902	439	
1321	1379	
599	804	
1307	1110	
654	713	
223	98	
1369	752	
772	640	
1250	937	
466	443	
222	638	
146	347	
1523	688	
254	517	
445	355	
427	907	
910	865	
392	333	
422	502	
997	915	
261	112	
1389	550	
473	318	
1028	363	
1392	1400	
639	663	
641	339	
752	240	
475	785	
433	617	
1110	1058	
1269	1017	
255	280	
1248	1269	
414	204	
449	804	
1012	657	
1412	667	
86	60	
271	694	
760	681	
536	385	
800	478	
213	457	
780	364	
1084	756	
589	813	
242	307	
1885	1040	
436	500	
333	405	
1184	718	
176	383	
1106	1293	
346	844	
538	291	
182	210	
935	275	
409	1469	
1076	732	
329	331	
590	997	
102	208	
853	804	
226	255	
420	537	
202	261	
537	806	
441	341	
350	790	
358	490	
631	880	
179	315	
931	275	
298	293	
830	1426	
442	970	
377	386	
443	209	
490	584	
1200	1170	
139	85	
838	1910	
1379	1432	
1009	650	
213	263	
345	195	
372	616	
164	192	
1674	662	
893	881	
352	192	
189	293	
945	830	
781	818	
689	631	
923	1236	
377	561	
549	311	
248	518	
755	494	
186	212	
526	995	
1016	1030	
640	409	
1463	1373	
1064	1073	
365	1183	
226	340	
507	1037	
309	232	
364	281	
1182	1884	
1667	1447	
1059	938	
718	355	
1007	419	
355	384	
535	361	
220	210	
425	202	
751	378	
94	218	
1946	1783	
421	499	
351	366	
178	205	
775	506	
365	263	
374	477	
672	866	
398	493	
236	447	
367	545	
112	292	
485	593	
548	255	
238	196	
807	1765	
1226	1347	
520	444	
400	235	
1553	1238	
1454	374	
1156	939	
643	813	
628	258	
758	473	
1065	801	
881	521	
387	151	
1275	772	
409	1468	
719	597	
1537	1125	
680	855	
147	85	
