Factories	3	Jobs	50	Machines	3

Total number of component types per job processed by HSPM
8	12	8	8	5	6	8	7	9	7	5	9	11	11	8	6	6	9	9	7	8	9	11	11	9	6	8	11	6	6	5	8	7	7	6	11	5	12	5	5	9	9	7	8	8	11	7	6	11	12	

Total number of component types per job processed by MFPM
1	2	4	1	4	5	1	2	1	2	1	3	4	1	5	5	2	3	4	4	1	1	5	2	4	5	3	2	4	4	4	5	1	3	2	3	3	3	2	5	4	5	3	3	4	3	1	3	5	1	5	2	2	3	4	1	3	2	3	2	5	4	2	2	1	1	4	1	3	5	1	2	2	2	5	3	2	2	5	5	5	4	2	4	5	5	3	5	4	2	5	2	2	2	1	3	4	4	2	4	

All component type numbers for each job to be processed by HSPM
9	9	16	48	14	38	13	34	17	11	3	20	10	67	4	52	
16	30	19	54	7	17	12	16	8	36	6	52	17	7	5	32	18	46	4	18	9	67	2	21	
9	12	16	7	8	10	3	44	15	34	14	23	19	29	10	1	
16	12	4	23	7	8	12	43	1	73	6	75	14	57	0	2	
11	27	7	50	13	2	17	32	0	72	
3	54	17	23	5	6	18	74	7	46	12	58	
19	44	17	69	13	54	14	1	9	50	10	57	8	52	3	13	
10	8	13	2	6	7	15	22	8	30	4	45	5	38	
12	47	3	1	10	52	19	37	8	71	11	5	4	26	15	4	1	66	
0	45	12	57	1	43	5	3	18	32	2	24	7	60	
9	22	10	37	4	59	3	74	16	42	
16	44	3	39	4	73	7	32	8	52	1	69	5	37	9	50	0	13	
16	67	5	27	18	28	3	60	6	68	17	64	4	8	8	24	15	17	2	23	10	35	
16	41	18	19	9	55	19	3	14	9	6	7	13	21	5	29	3	48	11	13	17	17	
17	62	0	18	12	70	13	68	18	56	10	52	19	22	6	30	
9	36	15	66	10	48	18	75	7	44	8	26	
7	70	15	28	17	7	0	48	1	4	16	31	
18	68	11	47	12	62	15	24	4	42	6	75	2	32	0	52	10	67	
1	8	18	72	3	19	4	17	14	31	6	41	15	25	17	4	11	65	
18	3	2	21	4	38	0	8	14	72	12	15	8	45	
6	10	18	59	7	16	5	44	11	64	14	61	15	19	17	40	
3	40	14	17	18	43	13	26	17	55	15	67	10	52	12	33	5	18	
18	19	2	25	17	16	4	57	14	71	15	7	1	69	16	4	19	11	9	29	12	49	
19	3	0	21	15	44	9	33	13	57	6	50	8	6	4	4	10	11	17	60	11	12	
9	75	18	62	6	67	0	70	19	19	3	43	7	28	16	39	2	41	
3	4	11	24	0	71	18	6	6	49	10	34	
8	75	5	45	4	46	13	48	7	3	11	34	6	68	3	5	
6	30	12	3	11	20	0	16	3	75	9	66	2	35	8	27	7	55	16	6	13	17	
19	25	2	52	6	49	9	23	7	28	4	40	
14	14	6	7	0	62	3	37	10	24	7	32	
4	7	16	60	8	58	14	75	17	50	
3	68	19	14	10	16	0	22	15	21	7	51	13	36	5	30	
1	53	3	8	12	67	10	70	11	42	14	12	18	51	
2	32	8	53	15	61	10	2	14	20	11	33	4	8	
4	72	12	11	17	32	1	21	7	48	6	9	
8	57	9	69	12	37	3	58	0	28	6	16	15	3	14	49	7	25	1	15	2	38	
10	6	19	2	1	30	0	8	18	27	
18	19	8	38	3	15	9	41	13	63	7	44	11	70	4	43	6	2	2	16	1	6	16	22	
4	41	11	18	8	19	7	9	2	54	
11	5	1	29	15	56	2	62	4	34	
10	49	12	7	19	71	7	17	11	24	9	3	18	18	8	20	14	36	
16	41	9	55	12	8	8	20	19	64	7	35	17	60	10	16	15	65	
7	7	18	41	0	43	11	61	12	67	13	38	2	24	
4	53	19	54	6	16	17	64	18	49	7	32	5	9	15	10	
10	34	12	73	11	70	5	4	18	52	1	59	13	8	3	45	
18	62	3	63	2	59	6	25	8	8	9	45	7	47	5	6	11	58	19	41	0	24	
9	58	18	60	16	31	19	44	14	75	10	7	17	57	
7	2	8	69	2	70	4	56	11	40	9	55	
2	23	4	5	17	11	18	75	8	17	3	7	15	71	19	19	6	9	10	28	0	65	
17	3	15	22	0	13	16	9	8	69	18	8	3	46	19	70	10	47	7	30	13	23	1	66	

All component type numbers for each job to be processed by MFPM
9	1	
9	29	6	38	
2	20	8	9	7	2	0	18	
9	34	
3	17	9	11	8	18	5	5	
2	40	6	29	9	50	7	38	8	34	
4	3	
1	48	6	34	
4	13	
8	43	6	38	
6	15	
8	27	4	38	2	42	
1	13	4	9	5	21	3	17	
9	42	
4	24	6	14	9	3	1	19	5	15	
3	34	9	39	0	47	1	46	8	48	
0	20	9	23	
2	43	9	28	8	30	
6	23	7	22	9	1	1	14	
6	46	0	47	4	34	3	44	
6	10	
2	29	
7	15	5	10	6	11	4	6	3	23	
1	44	3	47	
5	15	4	6	3	21	1	4	
3	44	0	30	1	39	5	45	9	49	
0	15	3	9	5	24	
6	45	3	44	
7	19	9	11	3	9	8	4	
6	33	7	48	1	50	4	35	
4	6	1	17	2	24	8	9	
3	35	0	37	1	32	6	26	8	47	
5	17	
9	46	6	44	8	26	
4	12	7	6	
0	46	5	44	1	26	
8	14	3	4	1	25	
9	41	7	28	8	44	
6	18	8	11	
0	34	9	39	8	48	4	47	1	32	
8	12	4	7	1	6	7	10	
7	42	9	31	6	39	0	37	1	27	
7	1	1	7	6	21	
6	39	9	37	1	35	
6	17	3	16	4	3	5	11	
5	40	8	35	7	49	
5	9	
1	28	3	32	5	31	
5	15	0	11	4	14	9	2	2	16	
0	48	
6	9	4	10	2	21	9	13	5	14	
2	32	7	44	
9	2	3	8	
1	49	3	50	6	41	
3	2	5	20	9	9	0	1	
0	50	
4	4	9	7	3	3	
9	50	5	37	
4	6	8	10	0	2	
3	34	0	36	
4	24	9	17	6	5	7	10	5	12	
9	41	6	27	7	42	1	32	
8	1	7	3	
7	35	6	38	
0	13	
9	26	
4	20	3	17	1	16	2	22	
6	43	
5	19	8	3	7	4	
6	37	9	49	8	33	1	26	5	41	
2	22	
6	47	2	26	
1	9	4	16	
8	48	0	45	
4	14	2	11	1	25	7	21	5	24	
9	31	1	27	3	30	
1	2	7	9	
4	43	3	38	
9	7	0	23	5	5	1	25	3	1	
5	48	8	36	7	49	3	27	4	41	
0	8	7	21	8	3	3	22	6	7	
1	30	5	46	9	45	4	47	
3	17	7	23	
0	30	5	33	7	49	1	36	
7	11	1	17	8	13	5	19	9	20	
0	27	6	43	1	37	2	26	3	29	
8	4	6	8	2	9	
6	27	7	33	9	31	4	43	3	37	
4	18	5	15	2	14	0	16	
2	39	7	42	
0	6	1	13	5	22	9	19	2	25	
4	31	3	39	
2	7	8	24	
0	27	4	32	
9	4	
6	45	5	50	4	36	
6	4	2	20	5	25	9	12	
1	48	3	47	9	39	7	31	
3	12	4	7	
7	45	8	32	5	28	3	30	

Three processing times per job on each machine
The best scenario
98	61	33	
76	250	147	
97	199	136	
451	262	252	
44	44	24	
151	46	200	
195	118	118	
178	101	95	
35	33	84	
80	48	108	
46	81	151	
183	168	61	
102	71	129	
323	205	109	
16	23	18	
142	354	115	
77	274	106	
191	222	112	
100	157	228	
48	42	29	
214	235	218	
67	61	24	
81	96	77	
232	438	254	
51	64	30	
71	50	93	
108	52	31	
56	58	97	
162	287	239	
81	51	33	
57	287	197	
137	265	339	
238	141	525	
295	363	346	
118	279	120	
52	144	62	
64	36	58	
185	212	172	
121	120	72	
218	339	71	
18	25	24	
322	220	276	
58	73	174	
213	155	97	
176	136	174	
341	317	247	
63	113	84	
260	88	298	
100	119	206	
380	469	215	
Most likely scenario
124	69	46	
98	283	247	
103	205	145	
475	337	290	
50	45	32	
165	67	264	
247	140	178	
226	142	136	
64	61	92	
154	70	116	
61	99	178	
207	333	122	
156	100	196	
396	349	167	
31	45	29	
145	370	164	
143	390	200	
227	362	217	
163	197	244	
54	48	45	
287	371	342	
123	66	38	
98	187	80	
321	601	278	
86	66	55	
83	73	120	
112	54	60	
74	101	107	
206	362	365	
97	88	65	
108	339	293	
269	471	478	
446	226	554	
307	459	357	
170	455	224	
66	195	92	
65	65	73	
267	367	333	
161	122	126	
285	349	136	
32	36	31	
533	299	475	
92	109	217	
412	249	113	
186	169	181	
473	381	472	
110	131	105	
411	173	512	
130	214	307	
463	479	398	
The worst scenario
132	98	60	
106	288	273	
111	302	170	
642	377	416	
72	67	42	
230	71	379	
367	185	205	
227	162	162	
93	83	137	
167	92	141	
74	144	225	
225	368	132	
164	105	226	
480	424	241	
45	62	37	
211	529	244	
149	516	244	
257	525	239	
189	295	317	
57	55	48	
299	384	450	
140	78	46	
129	273	93	
342	712	356	
110	85	59	
115	87	121	
145	76	79	
91	126	160	
264	410	498	
125	91	70	
113	351	361	
389	693	523	
616	274	564	
417	551	462	
186	598	288	
67	214	114	
67	69	95	
382	504	395	
224	176	171	
376	513	168	
45	41	34	
653	365	612	
111	136	288	
555	326	118	
242	175	229	
595	453	554	
145	141	135	
598	178	607	
145	287	360	
499	533	456	
