Factories	2	Jobs	100	Machines	3

Total number of component types per job processed by HSPM
11	9	6	5	5	7	8	10	7	11	8	6	6	12	11	11	12	5	7	11	10	12	9	5	11	6	5	7	10	9	6	6	7	9	7	12	7	7	9	9	10	7	5	5	8	9	5	12	6	11	7	12	5	5	10	11	5	5	11	5	8	11	9	12	9	7	8	8	7	10	11	10	5	11	6	11	12	11	11	10	10	10	11	6	5	11	8	9	11	6	8	6	12	6	12	12	10	10	10	10	

Total number of component types per job processed by MFPM
4	1	4	2	2	1	5	1	1	2	5	1	2	2	1	3	5	1	5	1	4	3	2	5	2	5	2	4	2	4	1	4	1	3	4	4	3	5	5	5	3	2	5	3	2	3	5	1	4	1	5	5	4	3	5	2	5	4	3	2	2	1	2	3	2	2	4	4	4	3	5	1	4	4	1	4	1	1	2	1	4	3	1	1	4	1	3	2	2	4	3	5	3	1	4	4	4	2	5	5	1	1	2	2	3	1	3	5	4	3	2	2	5	1	2	1	3	3	5	5	2	5	1	5	2	3	2	3	4	2	2	5	5	1	5	1	3	4	1	3	1	5	2	2	3	4	3	3	5	1	2	5	2	4	5	5	3	4	1	5	2	2	5	4	2	5	3	3	1	1	5	5	2	1	1	4	4	5	3	5	4	4	3	3	5	2	3	2	2	1	5	3	4	5	3	2	2	2	4	3	

All component type numbers for each job to be processed by HSPM
6	66	18	41	1	4	0	22	10	16	16	14	15	24	3	74	8	45	14	38	13	40	
17	24	15	64	6	8	11	38	19	9	13	48	5	28	2	36	14	20	
11	35	0	42	8	2	9	40	15	43	10	24	
10	13	11	61	16	30	2	50	17	52	
16	44	17	43	2	28	10	11	0	29	
3	15	17	46	9	4	1	24	16	13	0	18	12	35	
5	5	13	33	3	25	9	67	1	48	11	37	14	41	15	15	
5	24	2	53	10	46	7	29	11	4	0	43	9	38	4	20	12	9	15	72	
1	24	18	29	6	65	13	25	10	40	4	13	17	12	
11	36	13	44	1	33	4	46	18	2	8	48	0	7	3	25	14	73	12	6	9	17	
4	16	7	54	10	65	3	20	2	40	1	15	6	53	14	51	
6	5	2	23	0	52	15	66	13	21	18	15	
3	54	13	66	19	9	17	1	10	67	6	68	
8	17	0	67	19	2	10	59	4	60	15	47	17	57	2	37	9	32	6	50	1	52	13	25	
15	14	9	46	17	7	7	70	5	74	3	61	19	73	13	23	12	6	16	48	1	15	
10	7	19	41	14	31	0	18	11	6	9	54	3	47	1	64	7	46	18	12	15	75	
19	39	5	4	17	37	3	17	2	36	16	26	15	44	1	43	10	68	9	62	6	35	12	52	
8	61	0	52	4	7	5	45	14	46	
15	70	1	20	3	62	5	12	6	39	7	31	0	71	
1	54	16	65	15	19	6	52	4	4	17	2	18	24	7	64	11	47	2	39	8	60	
5	30	15	71	8	36	18	64	9	4	0	44	1	69	14	20	7	15	4	18	
12	7	8	52	9	51	2	29	19	21	1	27	4	65	13	60	18	47	5	59	0	30	16	63	
7	55	4	41	5	58	2	5	9	14	13	53	16	69	11	62	8	47	
3	60	2	22	11	41	14	66	7	75	
19	33	5	29	14	50	7	30	4	8	8	24	17	70	6	4	13	51	2	27	11	71	
8	25	18	5	9	7	17	43	3	62	7	69	
11	39	17	50	5	10	19	45	7	56	
19	19	17	74	2	15	1	48	13	30	11	63	8	40	
5	10	4	51	10	16	2	37	18	46	19	58	3	41	15	8	12	44	0	73	
0	75	17	57	5	5	13	8	2	7	1	59	10	11	19	69	16	35	
19	44	9	1	17	56	6	32	10	11	3	66	
3	41	18	26	12	9	10	38	8	32	16	39	
15	22	16	56	4	18	1	31	19	2	18	45	2	52	
14	33	1	1	5	17	16	35	11	12	19	59	18	66	10	39	2	55	
19	54	17	47	8	1	14	69	11	23	3	20	10	68	
4	21	5	56	19	55	8	37	17	50	2	24	15	70	18	10	0	58	12	38	7	18	3	65	
5	8	8	20	15	9	12	54	11	45	16	17	9	46	
7	46	8	14	1	31	13	72	6	28	5	18	14	66	
12	7	1	71	18	24	10	32	13	56	7	33	6	45	4	72	15	4	
3	39	9	68	17	41	12	71	15	30	11	26	0	49	19	44	7	38	
1	12	11	49	19	48	5	63	14	34	16	36	2	72	15	64	6	29	18	31	
6	24	11	62	3	17	17	2	16	67	9	49	14	52	
4	5	6	10	15	34	13	48	8	35	
6	32	1	58	7	71	19	4	2	37	
16	4	15	12	6	46	11	50	0	14	3	53	18	21	4	51	
4	56	13	48	14	59	18	18	8	20	11	14	0	37	6	69	19	25	
2	47	9	48	14	65	7	1	18	46	
4	36	8	42	3	10	13	31	14	24	10	71	7	41	18	38	1	29	6	33	9	67	16	56	
14	72	15	2	13	4	12	50	3	31	9	24	
4	40	11	3	1	41	0	53	16	1	12	9	18	37	9	57	13	7	2	27	17	20	
9	59	1	23	7	20	10	15	12	74	5	45	16	64	
1	14	14	32	8	37	11	27	6	63	5	56	10	64	16	71	2	49	13	44	15	46	18	41	
8	8	0	48	15	53	3	54	7	41	
0	53	6	42	17	30	4	38	18	41	
0	26	16	68	18	65	1	1	6	39	11	15	17	16	9	70	8	31	7	57	
18	26	0	70	17	42	1	73	10	30	8	36	2	35	19	38	6	21	15	5	16	59	
5	60	19	39	17	45	16	38	15	28	
5	61	2	47	18	70	10	22	7	18	
16	57	10	27	4	51	17	23	14	48	5	4	13	3	8	28	18	26	0	30	12	65	
2	24	17	22	10	13	8	67	5	3	
13	47	8	26	2	74	14	6	10	48	17	52	12	55	1	64	
9	68	3	65	7	44	5	4	12	20	17	7	0	24	8	55	6	30	1	16	13	75	
6	41	17	16	12	27	10	59	9	73	18	42	0	44	8	71	16	7	
17	66	13	8	9	72	15	47	6	20	12	71	10	2	3	53	2	29	0	16	11	19	14	74	
15	65	7	46	18	62	4	8	6	41	19	49	0	7	14	75	8	73	
1	11	18	3	17	54	3	8	13	56	10	59	5	34	
1	11	3	28	0	13	8	69	11	12	6	37	17	44	4	47	
14	69	11	24	16	17	19	38	0	57	17	13	3	70	5	39	
14	75	19	10	6	63	18	45	2	64	8	57	0	72	
13	37	9	64	8	50	11	72	7	52	18	43	15	33	6	21	2	39	16	25	
1	14	10	32	4	1	2	20	3	11	11	72	18	63	8	69	12	43	16	25	7	23	
2	37	11	35	17	1	12	14	13	9	10	33	1	61	3	55	7	15	19	25	
0	9	8	60	16	21	7	28	15	26	
15	7	10	6	14	26	8	39	3	35	0	22	9	49	6	20	12	56	18	25	4	55	
9	67	0	11	17	46	19	7	8	18	15	4	
19	4	4	65	9	5	18	28	12	35	14	13	1	9	17	64	15	61	6	10	7	50	
10	62	17	34	1	72	5	60	7	15	0	48	13	20	16	40	3	58	12	44	19	5	9	35	
4	32	0	64	6	12	15	11	19	72	11	2	17	48	14	46	10	14	1	30	9	21	
12	49	13	48	10	14	4	58	2	6	9	32	14	10	16	35	7	18	11	43	18	7	
0	60	10	33	16	13	15	69	11	71	14	38	13	45	18	72	7	75	1	74	
19	50	10	70	7	62	11	74	15	63	16	36	5	12	4	57	14	17	18	41	
1	14	9	22	7	20	15	74	17	62	4	25	8	17	14	49	18	43	2	41	
7	36	12	14	13	43	14	17	9	55	19	21	1	1	11	3	4	47	16	19	0	7	
1	44	7	64	18	57	15	38	12	60	13	59	
13	30	5	3	15	18	1	31	8	32	
17	16	11	71	4	57	6	74	0	72	1	52	12	33	9	54	15	1	13	56	14	41	
1	50	15	46	9	31	17	18	19	67	3	25	11	48	16	17	
15	52	13	71	17	18	6	16	8	8	16	64	1	75	10	28	18	5	
3	24	11	27	2	55	19	58	15	52	14	10	16	25	13	50	6	75	4	33	12	57	
0	27	15	66	5	4	7	56	11	22	13	71	
15	21	5	7	3	43	19	71	2	38	17	59	4	27	16	17	
13	30	5	31	14	7	8	48	19	66	15	43	
10	18	14	44	7	42	19	64	18	1	13	60	5	49	3	34	8	19	0	16	2	74	17	48	
12	66	14	39	19	65	2	70	5	34	13	27	
12	62	4	13	7	10	1	26	6	70	14	20	19	24	11	9	17	12	13	54	18	40	15	15	
16	26	12	40	0	68	2	3	4	27	10	32	13	66	19	20	8	25	9	19	3	39	5	18	
13	14	8	29	5	17	1	46	16	28	7	51	15	44	10	34	0	5	11	11	
1	32	9	50	2	53	6	60	3	54	14	26	13	43	5	30	10	28	8	3	
12	64	1	72	19	24	11	33	7	4	15	69	5	67	18	44	13	51	6	30	
11	33	7	66	14	45	6	70	10	58	2	47	4	30	19	36	16	3	17	46	

All component type numbers for each job to be processed by MFPM
0	8	5	3	7	4	4	9	
4	43	
5	1	0	8	7	2	9	15	
6	28	1	47	
7	9	4	22	
8	43	
3	13	9	11	0	15	6	9	8	18	
8	50	
6	7	
6	26	2	50	
3	7	5	15	4	19	6	24	7	21	
3	41	
8	5	5	7	
4	33	2	39	
3	16	
4	39	6	41	3	34	
9	25	7	11	3	8	8	13	6	23	
2	30	
2	21	0	2	1	25	4	11	7	5	
3	40	
4	22	7	17	0	14	2	2	
2	37	3	31	4	40	
7	18	0	22	
8	41	9	35	3	38	5	33	6	45	
7	11	4	2	
7	33	3	30	2	41	0	38	8	36	
5	23	2	1	
3	37	4	43	5	41	7	33	
9	4	6	17	
5	40	0	45	1	35	2	32	
0	7	
4	47	5	31	1	32	2	30	
9	14	
0	26	8	41	5	38	
4	3	2	17	7	2	1	21	
2	26	4	34	0	46	5	33	
8	23	7	19	4	21	
0	30	5	37	4	26	1	39	9	40	
2	7	0	24	3	13	5	11	1	21	
3	40	9	34	7	27	5	31	1	35	
6	4	1	17	7	20	
6	38	5	39	
0	12	8	9	2	10	5	5	6	14	
2	37	1	30	7	28	
8	21	7	16	
7	45	3	41	8	35	
3	10	6	19	0	13	8	3	5	18	
7	38	
3	9	1	14	5	18	0	19	
3	29	
3	6	7	2	2	23	4	22	1	17	
2	40	1	32	3	46	8	33	6	26	
7	9	5	16	3	20	6	7	
4	50	7	31	1	28	
9	2	6	18	1	23	5	12	2	20	
4	28	0	30	
7	25	5	18	6	15	1	19	9	24	
1	42	8	46	6	39	9	45	
6	5	8	23	5	18	
8	26	1	44	
5	20	0	9	
1	37	
8	1	4	20	
6	33	8	43	7	49	
6	8	2	16	
4	48	2	31	
1	15	8	9	9	2	5	19	
8	46	6	32	5	43	0	38	
5	21	4	1	3	13	7	16	
6	33	8	47	2	27	
7	16	0	4	3	8	9	7	4	1	
0	42	
1	14	3	21	0	8	2	5	
1	42	5	29	9	26	7	36	
6	20	
3	33	8	31	4	26	2	34	
7	5	
5	38	
0	16	6	17	
4	45	
6	22	0	5	1	8	5	13	
2	38	8	32	9	48	
9	6	
7	43	
3	12	5	2	8	15	2	13	
2	30	
3	19	4	7	5	15	
9	47	0	29	
1	18	2	17	
6	39	4	37	3	32	1	47	
7	1	6	4	4	3	
9	36	2	35	5	44	7	30	3	38	
5	11	4	7	3	14	
9	29	
4	17	3	24	2	9	8	3	
9	28	7	48	2	26	6	34	
9	7	7	20	5	3	2	14	
9	42	6	29	
0	23	7	20	3	21	2	18	9	1	
4	36	5	42	2	41	3	49	7	44	
2	4	
4	42	
3	3	0	4	
1	31	7	29	
4	9	3	8	7	14	
7	40	
0	20	3	13	2	22	
2	47	6	48	4	31	0	27	3	28	
4	24	6	12	3	9	9	4	
2	32	3	46	0	47	
6	4	5	16	
7	42	5	26	
9	13	4	9	0	21	3	12	5	1	
0	27	
2	18	3	3	
2	40	
4	25	6	11	5	21	
5	26	3	30	4	40	
2	25	8	14	5	7	3	19	6	4	
7	29	0	41	3	28	9	45	5	37	
6	8	5	10	
3	50	9	46	7	39	1	42	5	28	
8	25	
1	28	9	36	5	34	6	29	0	31	
3	15	1	4	
0	27	7	48	3	36	
0	14	8	25	
0	50	8	49	3	44	
9	22	1	12	7	21	6	13	
5	35	4	42	
9	13	7	15	
7	36	9	43	0	47	3	35	5	38	
8	24	1	21	7	22	3	17	9	19	
9	43	
1	10	4	2	0	9	7	18	5	13	
4	46	
3	2	0	1	8	18	
8	31	2	35	6	38	5	40	
1	24	
2	45	9	37	5	42	
9	11	
1	45	7	38	0	41	6	33	3	47	
0	24	7	2	
4	28	6	47	
5	9	9	24	3	19	
6	45	7	37	9	43	0	31	
3	1	1	13	0	11	
8	35	7	45	1	27	
6	24	7	4	2	8	8	15	9	2	
7	26	
5	11	8	25	
3	39	4	40	2	35	8	47	6	29	
9	22	1	17	
8	26	2	50	6	35	4	43	
9	10	2	16	7	13	5	20	1	14	
9	29	0	42	8	32	4	37	7	44	
2	24	8	5	0	9	
0	41	9	28	3	49	7	44	
4	3	
9	32	7	47	4	48	6	34	1	39	
4	19	0	2	
3	28	8	44	
8	12	6	4	3	8	9	21	4	20	
9	49	7	30	4	48	0	44	
8	1	9	8	
4	43	0	28	6	36	5	46	9	35	
4	4	3	12	2	14	
3	43	5	31	2	26	
5	3	
4	43	
0	5	2	3	9	16	7	11	8	17	
9	41	8	42	0	28	5	46	3	31	
5	14	7	9	
6	44	
8	20	
0	30	1	46	4	40	9	33	
7	6	3	22	6	8	0	14	
7	37	8	29	0	43	1	47	9	33	
1	18	0	15	5	12	
0	28	2	37	3	43	9	29	4	46	
9	14	7	19	8	23	2	25	
6	27	5	26	4	47	8	44	
4	1	8	17	1	22	
0	38	5	26	8	35	
1	13	7	3	2	16	3	2	6	9	
2	34	9	28	
0	21	6	7	9	23	
3	41	2	47	
2	12	8	8	
5	32	
1	16	4	21	5	22	9	1	2	18	
0	27	6	49	5	47	
9	11	1	12	3	6	8	20	
4	46	1	41	2	43	5	31	7	38	
0	20	8	9	4	1	
1	39	0	46	
6	10	8	14	
3	48	7	41	
6	18	4	15	3	17	1	2	
4	32	5	40	9	34	

Three processing times per job on each machine
The best scenario
52	84	177	
628	744	390	
561	1067	893	
164	204	193	
894	658	436	
296	447	360	
232	577	940	
328	541	975	
548	432	349	
301	564	628	
485	203	374	
439	1164	774	
247	654	948	
951	1170	613	
303	282	176	
82	230	150	
59	72	28	
65	110	79	
319	338	484	
412	401	329	
1096	792	590	
389	836	807	
490	300	348	
452	389	594	
627	953	933	
933	638	301	
266	131	318	
804	506	647	
474	367	234	
236	270	175	
562	722	1166	
504	405	621	
883	1154	506	
125	138	79	
146	149	82	
434	1001	400	
136	62	217	
191	147	63	
224	237	106	
325	171	399	
330	385	187	
661	410	328	
180	84	102	
485	502	240	
560	598	556	
488	548	279	
950	695	897	
373	129	250	
245	264	184	
71	34	78	
361	1036	486	
79	50	102	
268	459	200	
132	343	329	
1250	395	769	
715	961	406	
280	91	228	
991	902	330	
108	167	235	
91	102	157	
349	621	302	
1320	495	434	
128	97	166	
218	89	223	
151	430	450	
449	484	221	
359	626	451	
44	169	99	
140	287	179	
229	245	123	
279	383	165	
148	901	754	
584	113	346	
131	490	263	
1033	288	623	
238	480	325	
651	720	501	
325	313	304	
366	305	439	
421	231	276	
340	260	319	
200	432	481	
208	319	357	
224	570	582	
58	74	126	
366	390	271	
93	208	134	
330	407	1210	
115	125	146	
921	186	204	
415	168	251	
319	384	704	
83	47	65	
248	303	334	
1039	559	440	
136	210	79	
239	88	309	
466	394	146	
163	135	109	
260	466	618	
Most likely scenario
81	160	190	
691	891	483	
681	1290	957	
216	386	252	
1010	1290	438	
553	598	413	
299	686	994	
597	923	1132	
582	618	455	
596	615	737	
581	285	375	
575	1385	1093	
451	984	1211	
1392	1434	1146	
438	292	267	
131	256	257	
74	144	53	
119	176	86	
469	457	496	
502	512	489	
1100	1010	1032	
674	1124	842	
650	512	620	
677	755	709	
732	1413	1267	
1373	889	402	
275	163	343	
1459	838	1111	
489	656	259	
386	430	255	
799	1039	1284	
696	496	973	
991	1376	894	
172	154	122	
157	173	122	
511	1113	749	
233	95	231	
221	178	86	
284	279	155	
431	249	450	
384	531	238	
937	490	434	
224	129	188	
728	687	418	
632	743	618	
655	583	346	
1367	830	1530	
605	206	478	
330	348	232	
76	53	81	
580	1117	743	
88	86	133	
280	565	217	
198	420	536	
1283	440	1000	
1040	1326	695	
303	163	250	
1185	1113	355	
142	272	354	
119	174	294	
681	984	576	
1446	840	738	
241	104	264	
255	92	249	
278	562	582	
575	622	380	
597	775	839	
86	239	156	
255	399	189	
296	294	128	
452	430	239	
270	1053	1026	
686	207	487	
253	752	499	
1322	574	716	
397	615	536	
850	912	885	
358	420	381	
562	354	632	
662	391	400	
558	387	541	
224	565	493	
396	493	690	
387	643	727	
83	86	209	
591	441	404	
161	221	172	
395	475	1213	
162	161	256	
968	272	312	
731	282	442	
343	632	1070	
84	81	95	
271	318	530	
1216	939	475	
246	356	140	
244	164	325	
645	530	242	
178	201	212	
312	861	948	
The worst scenario
91	233	199	
852	1083	554	
805	1572	1317	
223	472	315	
1493	1509	471	
758	720	581	
352	772	1009	
710	1003	1275	
834	780	510	
768	733	854	
823	342	427	
855	1826	1468	
650	1457	1731	
1512	1690	1716	
524	320	288	
159	331	365	
98	151	79	
137	230	120	
529	602	601	
706	761	532	
1415	1345	1210	
838	1419	991	
890	552	845	
1012	1004	800	
1084	1889	1732	
2032	1068	594	
349	222	512	
1616	940	1560	
538	771	364	
527	575	331	
836	1521	1787	
943	558	1231	
1128	1831	1101	
193	196	127	
232	240	173	
539	1137	987	
266	137	299	
305	247	129	
305	405	186	
453	314	603	
409	778	264	
1111	722	618	
298	193	202	
978	891	449	
706	1013	627	
889	741	514	
1962	1178	1915	
791	289	500	
338	419	307	
107	77	98	
802	1501	997	
91	115	137	
354	808	302	
236	482	539	
1396	466	1288	
1407	1549	801	
344	205	325	
1479	1327	472	
166	278	454	
121	200	348	
702	1062	731	
1742	1160	930	
280	152	287	
319	108	254	
290	809	610	
750	920	459	
764	955	1042	
129	314	197	
381	472	279	
348	380	152	
632	565	290	
376	1442	1300	
726	264	660	
296	1078	668	
1654	741	1020	
454	800	689	
1055	960	1219	
478	505	425	
833	451	713	
709	468	474	
581	504	649	
298	674	705	
573	667	946	
472	829	728	
85	92	276	
785	585	472	
214	282	203	
522	693	1287	
222	181	299	
1276	328	439	
892	311	657	
349	758	1330	
103	99	133	
287	362	770	
1654	1239	611	
359	436	202	
295	202	440	
821	651	315	
248	203	274	
334	1234	1110	
