Factories	3	Jobs	50	Machines	3

Total number of component types per job processed by HSPM
8	12	9	10	11	6	7	5	6	7	12	7	11	10	8	9	11	9	6	9	12	10	10	5	6	12	9	5	6	9	8	10	10	7	8	10	7	10	8	5	7	12	11	12	7	8	12	9	8	11	

Total number of component types per job processed by MFPM
3	4	2	5	1	3	2	2	2	4	4	3	3	1	2	1	4	2	4	5	3	4	5	2	1	4	4	2	5	4	5	4	5	4	5	4	4	3	4	1	2	2	4	1	4	5	4	1	3	1	3	4	3	3	3	5	4	3	3	3	1	3	4	3	4	1	5	2	5	3	3	1	3	3	4	2	5	3	2	5	1	2	5	2	4	5	2	5	5	2	2	4	5	4	3	2	3	4	3	4	

All component type numbers for each job to be processed by HSPM
16	60	10	73	7	36	0	25	8	21	19	1	13	48	9	56	
16	3	6	23	8	37	4	52	18	72	19	25	14	34	11	2	12	14	2	40	10	31	15	21	
0	16	17	9	11	26	5	64	8	23	16	2	2	17	19	38	15	52	
0	66	16	8	2	1	4	24	9	11	6	40	14	41	15	57	18	5	8	72	
19	56	13	35	2	65	0	5	16	43	10	75	15	32	4	15	14	2	12	6	8	61	
5	30	7	36	18	7	6	37	4	65	2	10	
2	29	9	49	16	72	14	50	7	34	18	19	17	71	
4	28	17	37	1	15	3	51	2	56	
18	60	3	7	13	45	2	57	6	25	12	53	
13	48	7	63	5	14	4	40	6	64	15	60	18	58	
4	12	7	63	5	36	6	58	18	54	10	22	12	66	11	2	2	15	8	33	3	5	9	1	
8	73	11	18	4	54	5	50	12	52	9	46	0	24	
9	15	14	37	15	28	17	30	5	42	4	74	3	43	1	22	12	61	10	21	16	10	
18	67	0	50	9	68	17	69	8	34	4	44	15	4	7	61	5	32	13	13	
1	16	17	5	11	10	4	70	8	63	16	57	13	26	7	17	
2	11	8	12	19	21	11	71	5	63	17	64	10	18	4	43	13	30	
15	60	0	26	14	39	2	56	8	18	12	58	3	25	7	23	5	1	16	45	17	6	
3	51	2	13	15	59	12	3	10	6	19	37	8	40	5	57	18	17	
16	25	13	1	6	42	8	46	14	20	3	3	
16	69	5	43	17	3	3	37	13	30	6	55	14	52	18	22	1	67	
19	50	10	6	17	70	0	72	3	27	6	30	12	40	7	29	5	13	1	34	11	32	18	55	
1	18	0	2	17	72	15	27	6	5	13	17	8	24	5	19	12	68	14	53	
3	74	17	59	9	1	2	8	1	12	4	18	0	24	5	47	19	2	14	63	
5	54	18	35	1	4	4	23	8	51	
18	37	3	61	0	30	11	71	6	8	9	20	
2	66	17	73	5	60	10	5	11	15	16	38	4	14	18	69	9	56	19	4	14	67	6	44	
10	52	11	27	19	63	2	12	7	75	3	32	14	41	16	39	18	23	
10	66	2	59	3	53	12	40	17	16	
16	24	14	33	10	32	2	14	11	65	8	30	
10	53	4	32	17	15	2	12	14	35	8	45	6	58	12	5	13	52	
17	64	14	68	18	58	4	25	9	66	12	74	3	16	19	24	
8	71	10	73	15	69	7	25	16	19	1	5	3	9	9	22	2	44	18	60	
1	22	8	14	18	17	2	61	11	63	6	48	4	60	7	55	16	32	5	10	
10	4	14	45	19	36	2	34	16	73	0	51	3	17	
17	35	19	49	18	23	12	36	11	69	0	3	14	33	2	52	
9	30	18	65	2	43	0	63	12	3	6	51	10	12	14	19	3	31	8	35	
17	17	7	71	0	36	12	23	3	49	5	6	8	47	
13	45	3	74	15	3	7	38	4	54	0	65	11	1	8	59	17	40	2	12	
8	1	10	51	4	37	14	46	1	49	18	56	9	10	15	70	
6	33	8	6	1	66	14	25	18	71	
16	65	5	5	3	50	12	24	18	25	15	70	1	57	
11	36	10	73	15	49	17	58	0	30	6	33	4	57	1	34	16	35	13	39	2	66	5	53	
9	25	15	15	6	21	13	40	11	46	7	67	18	13	12	12	10	64	17	2	16	9	
12	6	15	71	11	23	14	37	1	9	18	5	16	17	3	42	2	41	17	72	19	60	7	56	
8	35	0	21	9	40	13	30	7	36	4	68	14	75	
10	61	15	19	16	67	6	55	2	8	14	13	4	31	18	44	
1	39	13	42	7	61	2	41	11	43	10	30	14	62	15	64	18	16	4	29	8	20	12	70	
10	75	4	45	5	58	16	5	0	41	8	24	6	38	19	59	12	49	
12	60	11	48	5	13	1	72	14	43	3	7	13	64	6	27	
7	66	12	34	5	44	16	16	10	15	4	22	1	30	8	57	13	3	6	11	15	75	

All component type numbers for each job to be processed by MFPM
0	14	6	8	5	19	
6	29	7	37	8	28	5	40	
6	16	1	11	
7	42	5	37	9	30	2	26	1	27	
9	24	
0	30	1	36	5	48	
0	17	9	15	
5	31	4	48	
4	16	5	25	
6	28	5	48	8	31	3	45	
5	25	1	20	7	15	8	16	
3	50	2	45	6	41	
8	12	2	13	6	18	
3	41	
4	11	7	5	
9	29	
0	17	4	21	5	8	2	20	
4	38	6	49	
3	12	5	3	8	2	6	23	
7	34	5	31	9	36	4	27	3	37	
3	5	2	9	6	17	
0	40	1	39	7	48	2	35	
7	18	6	23	0	5	8	25	4	1	
5	45	3	50	
1	2	
8	48	4	33	6	39	5	34	
9	10	3	12	1	11	2	4	
4	36	8	33	
5	10	0	2	2	21	3	22	8	9	
8	35	2	47	4	37	7	27	
1	5	0	25	7	13	9	11	4	19	
7	37	1	29	9	31	8	32	
5	7	7	10	1	20	3	9	9	2	
4	50	3	33	7	49	1	26	
1	18	6	24	0	23	3	16	9	5	
5	29	0	27	3	40	2	45	
1	1	5	24	0	21	3	17	
7	45	2	39	9	46	
5	17	6	5	7	18	3	12	
1	32	
7	1	0	13	
4	32	2	48	
5	15	3	18	6	13	0	19	
4	33	
0	17	2	25	8	6	6	1	
3	26	8	29	9	49	4	43	0	48	
1	8	8	5	5	9	7	4	
7	42	
4	16	6	22	3	13	
0	50	
7	11	9	16	6	12	
1	36	4	26	0	34	7	50	
4	19	5	12	8	6	
1	41	3	46	5	47	
1	13	6	24	2	25	
0	41	7	34	6	40	5	48	2	49	
5	23	9	19	7	25	0	6	
3	31	1	40	8	48	
7	2	6	13	8	24	
6	45	7	47	0	35	
9	12	
2	43	9	41	7	26	
7	8	4	10	6	20	0	14	
4	37	5	27	1	40	
0	15	4	19	5	23	3	4	
2	42	
3	16	0	5	6	12	2	15	9	21	
4	32	1	47	
8	12	2	4	7	25	3	6	5	7	
4	33	8	32	1	37	
4	5	6	12	2	2	
3	43	
9	6	5	9	3	23	
3	45	2	34	7	31	
8	24	3	4	4	3	2	14	
4	32	1	30	
3	6	7	18	4	12	0	4	6	5	
9	40	4	34	0	42	
6	2	8	14	
7	35	0	47	1	33	4	50	8	45	
5	6	
4	28	9	41	
5	22	8	1	3	11	1	6	7	9	
9	27	0	43	
5	16	1	20	9	15	8	6	
8	37	9	26	0	29	1	49	4	46	
1	7	6	21	
3	26	6	49	5	29	1	43	8	33	
1	10	9	19	7	14	5	21	4	22	
9	39	3	42	
0	10	2	11	
9	45	7	39	3	29	2	36	
2	23	7	14	1	3	0	8	6	18	
8	40	1	30	2	31	5	33	
1	22	3	25	4	20	
7	35	5	31	
2	17	9	18	4	4	
7	38	2	26	4	36	8	41	
3	2	6	21	2	19	
7	47	2	45	5	37	1	36	

Three processing times per job on each machine
The best scenario
103	144	113	
56	103	64	
143	84	164	
106	74	174	
86	61	51	
409	401	548	
137	131	197	
244	250	156	
27	27	101	
495	192	130	
64	53	50	
102	88	50	
160	85	64	
159	96	97	
176	181	332	
35	18	19	
438	288	186	
145	30	53	
387	237	103	
111	86	79	
130	116	399	
185	131	61	
284	190	114	
77	53	46	
46	90	102	
463	179	215	
199	225	389	
143	114	186	
95	153	285	
301	335	199	
54	39	51	
302	138	359	
124	206	237	
93	163	105	
204	384	344	
315	136	220	
78	213	112	
265	231	257	
24	25	42	
94	114	23	
29	56	34	
219	276	198	
109	100	160	
138	307	142	
115	71	103	
56	16	43	
247	192	97	
69	138	116	
48	70	105	
32	11	30	
Most likely scenario
112	200	123	
112	167	114	
151	129	208	
143	105	243	
102	77	83	
427	580	586	
156	247	219	
304	260	269	
35	45	104	
512	213	240	
98	81	69	
147	116	77	
304	160	99	
187	99	124	
242	319	355	
40	22	22	
453	360	338	
157	49	94	
435	452	114	
154	98	130	
228	213	559	
211	230	111	
309	267	188	
130	56	58	
84	136	148	
481	208	299	
226	314	409	
212	192	285	
156	268	333	
355	429	246	
78	66	100	
487	165	557	
132	293	354	
97	188	141	
404	477	373	
323	156	298	
133	240	140	
429	235	390	
38	28	62	
156	151	46	
37	65	44	
375	346	258	
143	170	179	
239	347	155	
156	102	150	
79	30	48	
267	197	109	
92	143	165	
53	91	109	
40	22	33	
The worst scenario
140	235	176	
157	248	121	
154	191	297	
149	154	251	
124	81	99	
476	844	593	
165	280	230	
442	365	338	
46	64	136	
569	244	292	
118	108	75	
176	134	93	
306	237	111	
203	102	154	
293	361	480	
58	27	26	
585	428	406	
210	64	109	
471	573	165	
155	133	184	
323	223	798	
241	292	137	
383	307	256	
192	69	81	
113	146	153	
605	266	346	
259	406	553	
301	268	364	
176	355	442	
433	562	360	
108	67	150	
568	224	667	
181	298	485	
113	207	149	
405	576	446	
358	231	434	
171	288	207	
603	270	455	
54	40	63	
190	186	68	
42	69	51	
529	408	294	
198	181	182	
339	460	166	
208	136	170	
114	41	55	
365	201	156	
107	194	193	
57	122	126	
57	25	44	
