Factories	3	Jobs	50	Machines	3

Total number of component types per job processed by HSPM
7	7	9	11	6	5	10	6	8	12	6	10	6	9	11	11	8	10	10	8	12	7	10	12	7	8	11	5	10	8	5	11	8	8	10	11	8	7	9	5	6	9	12	10	7	5	12	10	5	11	

Total number of component types per job processed by MFPM
5	2	5	2	2	2	3	5	2	2	4	5	1	4	4	4	4	4	3	1	1	2	1	2	4	1	5	5	5	4	5	2	5	5	5	4	1	4	4	3	5	2	4	5	1	2	5	5	1	1	2	3	1	1	5	5	3	3	2	4	4	2	5	1	5	1	4	4	5	3	4	5	2	2	2	3	1	2	3	4	2	2	4	2	2	1	1	2	2	3	4	4	4	4	2	4	4	1	1	2	

All component type numbers for each job to be processed by HSPM
18	7	13	26	8	22	17	41	9	71	19	21	15	39	
2	43	10	11	5	61	14	14	19	48	15	10	0	13	
17	24	5	22	6	12	18	57	2	19	19	72	7	14	1	54	3	61	
16	27	17	1	5	24	12	56	3	25	7	52	8	75	1	51	6	45	0	55	19	19	
0	4	10	17	4	71	5	13	6	21	15	30	
5	47	15	31	7	33	13	68	4	44	
17	46	8	24	11	5	7	33	16	65	2	57	19	54	4	53	13	27	3	10	
19	1	1	9	9	35	8	2	13	19	17	40	
0	27	19	54	4	2	15	24	6	70	10	49	13	75	1	31	
6	50	16	49	12	30	9	14	17	39	8	3	15	66	7	57	2	60	11	34	1	8	5	27	
18	13	14	41	19	28	15	74	6	5	0	32	
7	33	2	30	14	63	16	74	15	71	10	75	0	31	17	9	13	18	6	40	
9	58	5	65	0	42	2	17	10	32	7	43	
19	7	9	63	2	28	12	30	17	27	6	57	0	34	14	44	11	33	
15	50	13	58	12	65	4	41	19	73	0	11	8	32	3	19	11	20	1	7	9	17	
2	11	19	66	9	44	6	23	15	62	10	47	4	45	18	41	14	57	16	20	11	34	
5	30	10	57	9	51	1	40	4	20	18	70	14	35	7	9	
8	52	11	38	15	8	6	25	0	28	12	26	14	58	2	63	4	15	9	40	
18	30	8	9	10	12	3	50	15	57	11	33	1	36	14	43	2	73	4	21	
2	27	15	67	10	57	7	33	5	26	9	40	1	49	0	1	
17	20	15	35	4	75	5	72	19	40	6	18	0	64	13	10	8	27	2	71	1	52	3	12	
6	3	7	15	0	2	5	71	2	66	8	54	4	10	
15	8	16	54	19	10	14	36	4	45	9	39	0	68	1	22	5	27	3	25	
11	22	15	34	16	56	17	15	2	38	5	32	8	55	18	45	7	39	19	69	1	51	9	43	
1	10	11	60	9	63	14	4	10	15	7	46	8	73	
10	65	12	7	13	35	9	63	17	33	2	27	14	12	11	50	
6	16	12	62	7	67	8	56	11	39	3	53	10	5	4	74	19	13	15	72	0	9	
6	72	12	38	9	17	10	67	1	14	
10	57	12	22	3	71	0	66	6	3	19	20	14	64	2	7	13	1	17	25	
9	22	12	68	18	17	16	72	6	24	8	40	14	54	15	35	
17	32	5	69	11	41	6	19	12	45	
12	12	1	25	16	10	11	34	3	49	8	21	0	15	6	72	2	11	18	43	19	2	
15	47	13	3	10	7	12	75	11	2	17	57	5	50	9	1	
5	10	7	22	3	23	15	62	8	32	4	29	6	15	0	35	
10	44	2	8	3	22	9	62	1	13	12	38	16	2	18	67	6	74	8	31	
8	13	2	39	10	16	4	6	6	38	18	20	0	34	19	71	13	37	11	66	12	11	
18	60	12	63	3	73	17	22	10	34	19	13	0	68	7	53	
14	44	10	41	7	68	15	24	16	45	6	20	13	60	
17	28	12	25	9	3	10	62	5	58	16	22	19	55	1	18	13	14	
1	2	12	74	2	31	4	30	6	12	
19	46	1	10	8	55	3	15	14	1	16	16	
0	29	3	8	14	21	7	52	19	64	15	38	17	45	16	75	18	17	
13	39	8	52	2	72	0	6	15	54	19	15	16	35	1	45	14	4	9	71	7	2	11	16	
2	73	15	70	4	35	10	59	3	28	17	74	1	51	11	19	19	33	14	69	
8	26	15	41	2	67	13	15	1	5	0	35	18	60	
12	7	8	55	18	1	4	42	3	38	
1	71	14	39	9	11	17	28	15	24	2	68	4	40	3	62	0	2	19	34	6	58	7	1	
12	37	19	11	17	63	15	7	7	72	10	46	18	2	13	26	1	69	5	28	
0	48	13	6	10	19	1	47	9	37	
1	74	12	56	14	62	0	66	10	6	5	23	16	42	11	29	7	69	4	53	15	34	

All component type numbers for each job to be processed by MFPM
8	23	4	15	7	19	1	24	5	13	
8	28	5	37	
2	11	3	2	5	14	0	19	7	13	
8	32	6	41	
1	21	6	17	
1	38	8	39	
5	5	3	20	8	1	
2	42	6	39	4	46	5	43	3	33	
4	3	2	12	
0	41	7	48	
5	10	8	6	0	2	9	16	
6	29	1	46	0	48	3	41	9	31	
5	5	
9	38	3	26	1	45	4	29	
7	5	8	10	2	21	3	22	
7	45	4	44	8	26	5	50	
9	2	8	3	7	17	1	4	
5	47	6	32	3	29	0	38	
9	13	0	10	6	22	
1	37	
2	23	
0	49	6	30	
1	19	
9	35	5	40	
2	19	9	4	7	22	1	14	
2	33	
6	5	8	17	2	8	7	16	4	4	
5	47	1	38	0	49	7	37	9	50	
0	18	8	3	4	14	6	1	1	10	
4	34	6	29	5	39	0	37	
0	16	7	4	1	22	8	21	5	13	
0	37	4	40	
8	19	6	25	9	22	5	11	0	16	
0	41	4	45	5	34	9	32	8	27	
0	6	3	25	9	15	2	11	1	3	
7	28	0	43	9	37	6	48	
9	1	
1	32	0	48	2	36	4	41	
9	21	4	16	6	19	0	23	
8	40	3	29	4	42	
3	18	8	3	2	9	4	1	9	22	
0	42	8	28	
2	8	3	10	7	5	6	14	
1	37	6	28	3	47	2	26	4	32	
7	24	
5	36	8	41	
1	5	2	11	4	9	5	14	6	3	
9	44	5	35	7	36	2	27	6	47	
3	12	
2	33	
4	18	6	19	
3	43	4	34	8	31	
1	5	
9	47	
4	4	9	14	3	11	5	1	0	2	
0	33	8	50	4	49	6	40	7	36	
1	13	4	3	8	1	
5	44	3	45	9	50	
6	19	8	8	
4	36	0	33	5	27	6	32	
7	20	5	10	3	16	1	8	
4	36	8	41	
1	25	4	1	3	22	7	23	5	7	
2	38	
8	14	7	18	2	12	9	23	6	16	
8	40	
7	14	5	15	3	11	4	24	
7	28	0	26	8	32	1	49	
5	4	1	13	8	12	9	11	4	14	
2	29	1	40	0	27	
3	3	0	22	8	21	5	23	
5	49	4	32	1	26	6	29	2	30	
8	2	0	20	
5	36	3	34	
2	12	1	13	
7	35	5	50	1	42	
1	5	
0	49	4	44	
2	12	8	20	3	5	
0	49	8	35	3	28	1	41	
9	3	2	23	
9	50	4	46	
1	18	8	22	5	6	7	19	
1	31	7	37	
0	5	1	4	
2	28	
7	10	
0	40	8	27	
5	19	7	24	
9	37	2	26	8	35	
7	9	3	10	2	12	1	15	
7	36	4	48	0	38	5	50	
6	9	9	18	2	17	0	22	
1	26	2	47	7	30	3	34	
5	7	0	16	
7	45	3	48	6	26	2	42	
1	4	6	17	8	6	7	25	
9	34	
4	17	
7	38	2	48	

Three processing times per job on each machine
The best scenario
413	568	419	
434	243	205	
256	152	590	
322	304	245	
577	422	754	
1041	994	1230	
78	42	92	
405	369	468	
474	664	564	
442	667	402	
179	541	337	
628	648	245	
338	297	494	
779	348	419	
750	682	280	
91	228	442	
384	399	278	
483	711	429	
540	583	164	
296	402	689	
486	255	336	
454	107	433	
341	679	793	
269	615	498	
181	160	453	
899	481	613	
113	86	229	
140	284	377	
303	360	243	
574	334	689	
870	697	413	
144	74	206	
102	71	175	
554	489	267	
359	171	256	
868	947	641	
334	289	181	
183	309	316	
673	626	335	
336	339	337	
153	242	495	
575	702	571	
101	94	113	
502	897	611	
606	382	452	
356	300	495	
363	260	232	
784	465	813	
109	167	54	
641	603	1337	
Most likely scenario
623	712	593	
447	296	215	
349	239	591	
437	360	411	
624	816	823	
1052	1389	1472	
112	76	151	
452	453	474	
527	1087	727	
699	778	410	
235	559	431	
636	1213	360	
522	349	522	
938	497	683	
1014	867	398	
170	232	496	
389	590	320	
879	778	462	
583	735	202	
592	583	835	
533	395	551	
587	202	711	
439	810	904	
425	802	595	
320	292	670	
1042	796	1087	
136	92	290	
167	412	383	
483	502	247	
835	355	945	
978	728	476	
166	114	263	
180	135	201	
697	642	425	
466	334	407	
1212	1100	1239	
458	393	207	
209	368	381	
776	751	488	
421	439	381	
209	310	563	
623	762	576	
198	186	196	
660	1149	880	
611	506	653	
394	351	521	
439	390	388	
846	724	1119	
143	186	87	
1012	861	1351	
The worst scenario
770	1051	755	
613	311	273	
386	299	841	
630	529	534	
827	1079	1033	
1070	1459	1872	
157	95	213	
587	656	497	
608	1327	1080	
993	921	458	
327	590	584	
687	1753	481	
713	446	548	
957	502	993	
1218	1224	462	
245	283	612	
578	851	360	
1205	1103	578	
705	847	213	
676	769	1122	
768	400	641	
588	293	914	
466	1163	1132	
489	926	716	
377	330	733	
1257	1153	1142	
144	105	298	
171	428	459	
664	554	255	
912	510	1417	
1242	1034	491	
207	120	311	
245	137	237	
871	746	589	
695	377	441	
1576	1641	1449	
482	395	290	
228	514	419	
1000	1019	644	
439	485	553	
273	417	698	
893	943	839	
224	234	284	
689	1252	1285	
913	655	691	
425	454	647	
641	513	542	
907	888	1633	
203	218	93	
1092	1024	1630	
