Factories	6	Jobs	150	Machines	3

Total number of component types per job processed by HSPM
5	9	9	7	10	8	9	11	11	8	7	6	6	6	5	5	6	12	12	6	11	6	6	9	10	8	12	8	7	6	5	8	8	12	8	8	11	7	12	10	11	12	6	8	7	7	12	8	12	6	8	11	12	7	6	10	6	7	9	10	8	5	10	10	11	7	11	10	6	11	11	6	6	8	11	11	12	6	9	10	6	11	10	11	11	8	6	11	9	12	6	9	10	7	9	5	7	9	8	10	10	11	6	6	10	6	12	8	11	12	12	9	5	12	12	6	7	9	5	5	10	5	5	5	10	10	10	11	11	9	8	11	8	7	12	12	10	5	10	6	6	7	12	8	8	7	12	5	8	10	

Total number of component types per job processed by MFPM
4	2	3	3	2	1	5	2	2	2	4	5	5	2	3	1	3	2	3	5	1	3	5	2	2	2	2	2	3	4	4	3	3	3	3	2	5	2	3	5	4	1	1	1	4	1	5	4	2	5	3	3	5	2	4	1	5	5	1	2	3	1	5	4	2	5	2	1	3	5	2	3	1	5	1	1	5	2	2	1	2	2	3	1	2	3	5	1	3	5	1	2	3	5	2	4	1	1	5	5	4	2	2	5	3	5	4	1	5	3	2	5	3	1	3	5	5	2	3	4	1	3	1	3	3	1	3	3	5	1	3	4	4	2	1	1	5	1	3	5	5	2	2	3	3	5	1	3	1	5	2	4	3	3	5	1	5	1	2	4	3	2	4	3	2	5	4	3	2	4	4	1	2	2	5	3	5	1	4	2	4	2	2	4	3	4	5	2	1	2	1	3	4	4	2	2	3	4	5	1	5	1	5	4	3	5	4	5	4	1	2	5	5	4	2	1	3	1	1	2	1	5	1	1	5	5	1	3	1	5	1	3	2	3	2	3	4	4	5	3	1	3	2	5	2	1	2	4	2	3	3	5	1	5	2	2	3	2	2	4	4	5	4	4	5	1	1	2	4	4	2	1	5	3	4	4	5	2	2	5	1	2	3	5	2	3	1	3	1	5	3	2	5	1	5	2	3	4	1	5	

All component type numbers for each job to be processed by HSPM
6	31	4	60	19	2	0	63	7	15	
15	20	8	29	1	12	6	48	18	24	9	42	2	44	13	45	10	11	
7	71	3	49	10	8	8	46	18	53	12	15	2	39	17	38	13	19	
13	5	1	68	14	6	17	47	4	1	16	67	2	10	
5	29	1	53	4	40	16	12	6	39	3	28	14	34	2	18	10	60	17	3	
7	51	16	69	8	57	6	27	13	6	4	56	2	36	14	46	
14	64	15	69	19	30	11	7	18	50	2	48	17	14	8	26	4	15	
19	66	5	69	1	48	18	12	13	57	17	10	16	40	15	39	0	68	9	50	11	9	
3	60	18	73	10	71	8	27	11	50	6	11	7	33	9	12	12	26	5	28	17	56	
7	29	15	74	18	47	14	51	1	25	5	33	2	11	13	17	
7	49	13	53	11	58	10	51	14	39	2	64	1	68	
17	61	3	33	11	38	4	23	19	62	1	45	
14	12	8	40	17	35	15	70	1	48	5	64	
7	20	18	6	15	37	19	2	3	4	11	22	
18	2	16	48	9	46	3	34	14	11	
0	4	13	22	2	48	14	13	9	32	
7	73	18	57	19	42	9	31	11	10	5	32	
9	12	8	66	7	32	2	55	0	10	18	53	13	2	1	27	19	56	5	5	14	20	16	42	
17	20	15	50	3	36	14	3	0	4	11	29	4	49	16	33	13	24	1	8	6	7	8	46	
3	46	19	47	9	11	5	53	7	48	10	51	
19	17	7	28	6	8	9	2	0	61	13	30	12	31	18	18	16	69	2	11	4	53	
4	1	17	38	5	56	15	44	0	18	11	71	
19	23	9	36	2	69	3	12	10	73	1	63	
4	69	0	71	16	39	6	57	17	25	12	11	11	51	14	6	2	21	
18	37	9	22	14	11	2	71	4	14	12	12	19	43	8	4	15	69	5	66	
1	38	3	11	19	26	12	29	11	3	15	71	16	13	2	27	
3	65	13	68	9	58	1	52	4	51	10	54	18	23	8	61	2	57	16	35	17	46	7	15	
7	75	17	8	15	67	18	18	4	39	12	37	0	3	2	42	
17	12	6	19	2	1	10	62	15	47	11	37	9	25	
7	61	15	60	12	59	4	51	19	47	6	44	
17	55	12	1	4	52	1	71	6	43	
1	63	16	23	17	37	18	5	11	15	13	18	5	12	0	43	
7	25	17	57	3	3	19	33	12	34	6	66	0	47	9	21	
5	63	15	26	9	14	7	46	2	57	17	29	12	3	19	70	8	60	6	11	4	23	10	5	
17	69	0	9	7	17	11	51	2	23	1	70	18	47	13	29	
1	72	9	24	6	7	19	10	11	66	15	2	2	74	10	73	
19	12	12	58	7	36	14	28	0	5	5	24	11	34	18	53	9	29	2	44	4	27	
3	66	6	52	16	1	17	24	19	64	1	56	10	6	
5	64	18	12	15	1	2	57	10	32	14	10	19	13	16	18	9	65	12	9	17	48	8	61	
19	36	0	70	16	63	15	26	11	43	1	34	18	67	6	37	10	45	14	16	
9	71	12	22	1	25	16	48	0	2	17	16	11	52	6	14	5	47	4	57	13	24	
19	59	10	48	13	18	3	53	12	51	16	70	8	45	9	71	0	55	15	72	1	3	14	62	
3	28	7	3	0	35	2	54	14	11	12	45	
12	3	15	29	14	38	19	22	2	28	18	26	0	52	8	64	
3	43	19	37	8	58	11	39	2	4	6	62	10	65	
7	30	5	59	14	58	16	70	4	43	13	45	3	34	
16	45	9	53	13	11	8	61	10	7	18	59	14	69	1	12	2	75	6	21	5	73	11	40	
13	6	3	62	16	24	4	22	2	19	7	46	0	8	14	63	
14	70	1	69	10	46	19	54	13	71	0	31	16	36	5	13	17	63	4	26	6	6	3	2	
7	40	1	74	9	4	17	49	0	1	6	46	
13	56	0	38	12	26	8	17	14	1	18	51	2	61	16	69	
5	52	2	67	9	62	12	74	3	40	10	64	7	27	11	60	19	8	15	73	18	17	
6	55	1	68	9	18	14	62	16	12	10	53	8	36	4	61	5	34	7	38	3	25	18	75	
3	28	5	66	8	36	7	41	4	40	14	9	16	54	
12	47	0	22	13	25	6	62	8	41	4	3	
11	7	19	16	4	6	14	12	15	2	0	58	6	40	18	24	1	14	8	47	
3	62	1	46	6	40	11	59	15	35	7	44	
13	67	17	7	19	65	18	62	2	44	15	29	10	69	
19	20	6	55	16	56	8	22	3	12	2	26	11	53	18	51	0	63	
1	56	11	9	15	63	19	10	17	32	8	70	5	38	6	21	18	6	14	57	
5	1	16	8	11	26	19	16	0	42	6	22	3	46	14	70	
2	24	14	46	10	47	0	51	3	61	
7	48	10	22	14	5	9	1	15	19	18	29	8	17	13	30	3	66	16	10	
8	46	19	44	17	54	12	1	18	69	1	29	14	61	10	49	13	47	2	5	
11	10	18	16	8	57	17	33	2	23	15	35	1	14	19	46	3	13	10	73	14	26	
4	40	1	51	15	73	0	26	9	7	12	10	8	43	
8	23	13	5	3	22	1	48	2	15	16	3	0	47	9	10	18	39	7	36	10	72	
9	61	1	38	12	25	17	4	14	51	4	65	6	3	10	26	18	45	3	24	
4	42	1	56	6	46	11	73	19	26	14	8	
19	39	7	38	1	74	18	73	13	11	12	5	2	27	3	2	6	22	5	31	8	6	
13	12	4	46	17	29	15	68	0	10	3	75	9	45	19	7	14	32	12	50	2	17	
17	51	3	2	10	37	1	15	12	57	15	55	
5	14	0	6	2	28	11	3	16	58	13	55	
10	69	6	38	15	56	19	32	4	8	12	57	5	52	2	1	
6	6	10	14	13	15	11	20	5	53	16	11	2	47	0	62	15	2	19	8	4	7	
12	62	2	67	15	38	18	22	17	3	19	17	6	18	5	39	0	28	14	26	1	30	
10	62	19	31	4	47	17	18	12	23	3	63	9	59	8	12	0	44	18	61	15	67	6	74	
6	41	3	2	15	36	17	62	13	57	10	18	
17	13	12	37	10	39	2	43	16	36	15	56	6	23	3	67	7	61	
4	65	13	37	0	44	2	34	10	12	12	72	8	63	17	66	19	50	5	39	
9	62	1	10	6	36	19	16	12	70	14	72	
18	33	0	31	12	44	13	40	14	62	2	49	16	46	10	52	15	72	8	66	5	23	
8	75	5	43	11	52	12	8	17	40	4	38	0	19	10	14	1	45	3	70	
1	47	7	29	17	41	4	62	9	46	3	14	6	49	2	23	13	27	19	63	15	65	
14	15	17	61	13	47	10	14	9	49	1	11	18	17	2	1	16	58	6	63	12	56	
6	26	17	51	2	28	9	68	5	1	11	54	15	23	18	66	
4	74	7	13	16	41	17	45	3	44	14	27	
15	60	2	14	16	32	8	64	11	55	4	9	5	58	9	5	14	50	18	61	6	11	
18	25	17	44	8	64	4	43	14	30	6	65	0	67	7	26	9	21	
4	53	3	10	7	19	19	48	6	57	5	4	18	50	12	69	13	12	10	64	16	45	17	42	
14	67	4	48	12	14	11	69	0	2	9	58	
3	5	18	35	11	9	0	47	15	29	5	56	1	57	19	58	14	40	
0	32	16	16	17	37	4	54	6	74	11	19	15	44	5	63	1	2	10	43	
6	27	5	36	9	7	3	68	7	37	14	49	2	46	
19	24	1	50	4	21	17	45	3	64	6	12	5	22	10	34	18	2	
19	20	10	48	4	50	8	71	13	22	
2	39	3	59	17	20	15	75	7	54	4	11	16	22	
4	73	2	38	17	64	18	49	7	29	12	54	15	60	6	44	14	4	
8	30	3	62	5	9	9	65	6	44	17	10	1	50	19	2	
9	55	1	71	14	27	17	47	8	34	0	67	18	17	5	72	12	69	4	22	
17	33	11	29	16	75	10	64	15	14	7	3	9	8	5	69	4	44	19	60	
9	7	5	26	13	54	2	43	4	15	10	20	17	6	0	32	3	24	8	35	12	37	
18	8	6	53	7	66	13	43	4	75	12	74	
18	17	10	42	3	35	7	20	2	19	0	71	
0	27	6	26	7	49	3	63	1	10	2	70	4	19	18	50	9	41	10	67	
5	50	7	20	19	31	9	48	11	51	13	67	
1	4	10	51	18	73	4	64	17	18	12	36	11	42	19	35	5	45	2	40	0	8	16	68	
15	7	16	55	18	48	11	63	8	43	10	23	19	28	6	32	
11	2	13	21	2	61	4	62	10	56	9	58	1	16	12	26	15	4	8	75	16	1	
3	34	16	39	19	37	6	30	15	70	18	67	9	38	2	10	12	26	0	15	8	17	17	24	
17	51	16	20	13	73	9	65	19	22	5	12	10	63	0	37	12	53	15	1	8	5	14	42	
12	73	0	12	8	75	2	14	1	37	15	41	9	36	19	40	18	10	
15	75	14	60	19	46	7	61	4	17	
12	63	19	45	1	2	9	40	5	64	11	47	8	25	13	43	6	58	0	60	18	72	14	41	
4	1	17	30	12	50	8	8	14	59	6	24	19	34	15	38	11	47	16	71	13	14	7	75	
18	70	5	5	8	43	4	17	16	20	12	2	
4	24	1	39	3	20	16	58	12	5	13	59	6	4	
16	40	10	28	5	49	3	7	8	16	7	60	18	59	1	25	12	52	
9	28	4	40	7	13	19	59	11	22	
5	40	3	18	15	74	10	34	13	2	
15	31	5	26	3	70	17	66	1	37	14	44	13	32	18	13	9	10	4	25	
10	36	1	50	19	1	0	33	18	51	
9	14	1	63	5	57	8	12	16	44	
6	29	1	70	10	74	18	43	19	25	
16	50	8	32	4	14	1	64	9	55	0	2	6	62	12	12	17	21	14	3	
18	70	17	16	8	31	10	35	12	29	13	14	19	73	3	68	5	44	2	39	
4	31	13	46	10	7	2	21	19	68	12	64	14	34	17	60	0	74	1	47	
18	44	3	63	10	67	12	48	0	2	19	27	11	24	7	61	14	55	9	19	15	52	
12	20	11	74	4	6	10	31	3	30	8	8	13	69	15	11	0	64	5	63	1	71	
7	17	18	60	12	73	13	40	16	33	11	21	8	13	0	46	14	3	
9	58	4	8	18	22	8	55	12	1	15	41	13	50	17	66	
17	57	2	13	11	45	8	7	14	34	3	58	19	5	12	71	5	36	18	51	4	66	
15	7	11	26	18	39	8	19	3	15	7	54	1	32	16	73	
16	66	3	64	18	3	14	33	17	48	10	15	7	1	
11	47	0	55	18	17	4	12	1	74	9	35	15	4	16	15	8	60	5	20	14	25	13	75	
18	53	3	43	1	3	6	66	7	33	4	67	13	23	0	30	8	9	16	15	17	29	11	12	
13	38	9	27	0	30	4	51	2	56	3	42	15	7	10	34	12	32	1	26	
18	11	14	22	4	7	9	56	16	29	
7	75	3	28	8	41	10	16	14	45	19	60	0	53	18	59	15	63	4	15	
9	35	18	68	13	10	5	36	17	26	12	18	
16	74	8	39	1	51	6	28	7	16	0	18	
0	21	1	63	6	22	18	29	15	67	14	53	5	37	
2	45	12	21	13	52	6	15	9	63	0	49	8	48	7	27	10	56	5	62	11	12	3	50	
4	9	18	39	3	26	14	34	17	50	10	20	2	45	9	19	
16	12	3	5	18	44	8	25	4	54	17	17	5	37	2	51	
15	17	7	37	17	10	16	47	6	5	2	51	1	60	
0	33	14	29	10	52	18	63	1	10	7	72	2	14	3	25	13	37	16	67	5	19	17	5	
8	17	5	45	17	38	16	16	6	34	
0	7	2	74	11	60	4	3	3	53	1	40	15	10	7	63	
4	27	19	29	2	68	1	16	11	45	14	58	6	26	15	51	5	69	10	61	

All component type numbers for each job to be processed by MFPM
6	1	2	18	4	9	0	8	
5	29	8	33	
7	9	3	15	9	10	
3	27	1	47	4	37	
7	11	0	8	
8	41	
8	7	9	25	6	20	5	12	0	4	
2	43	9	29	
0	6	6	9	
7	29	2	37	
4	24	6	23	1	3	9	16	
6	49	7	46	8	43	4	41	5	39	
1	22	9	24	8	25	3	15	6	18	
9	35	1	42	
9	6	0	23	7	14	
3	41	
6	14	0	15	2	24	
3	41	8	34	
4	2	2	9	1	24	
2	37	4	34	8	47	1	30	0	43	
2	16	
5	29	1	46	2	34	
7	21	9	12	3	17	6	4	0	9	
6	44	3	26	
9	4	7	25	
2	34	0	46	
9	8	7	21	
2	31	7	34	
4	25	9	10	7	15	
9	48	3	32	1	29	6	38	
3	18	0	17	6	15	5	14	
5	37	7	50	3	47	
5	17	2	7	6	20	
4	49	5	28	8	32	
4	17	9	4	7	18	
8	41	9	48	
2	18	6	15	1	22	7	21	3	4	
8	40	2	36	
5	2	7	5	3	13	
6	46	0	39	7	42	3	44	5	40	
9	13	3	24	1	7	4	25	
3	50	
9	2	
4	31	
0	2	8	8	1	14	4	23	
9	41	
3	3	6	13	5	9	2	8	1	14	
6	34	5	37	8	31	1	48	
2	6	5	18	
3	35	4	43	2	45	8	31	7	28	
5	25	4	7	3	15	
2	28	1	41	0	32	
1	16	4	1	3	2	2	23	6	9	
1	36	2	31	
1	13	4	23	3	17	9	22	
8	27	
8	18	9	4	4	5	7	17	2	13	
0	37	1	36	5	32	3	33	6	42	
1	15	
3	47	7	36	
1	25	8	23	9	3	
4	44	
5	13	8	4	0	25	4	16	6	9	
8	29	6	38	5	43	7	42	
1	14	4	4	
0	41	3	35	5	49	9	46	2	30	
0	8	2	5	
4	31	
3	8	4	7	7	9	
8	29	2	46	7	44	1	50	0	34	
7	21	3	14	
1	27	7	48	0	47	
4	5	
4	31	6	39	1	50	8	32	5	48	
3	20	
2	43	
7	15	4	8	5	5	6	25	1	10	
6	31	2	37	
8	21	6	25	
6	38	
4	22	9	2	
3	30	4	33	
6	12	8	5	1	3	
5	30	
0	14	8	1	
5	34	9	44	0	31	
7	7	3	2	6	1	0	4	5	21	
3	39	
7	7	4	6	5	12	
1	28	3	46	5	37	4	26	7	42	
9	11	
6	39	7	46	
8	6	9	1	6	17	
2	48	7	43	4	47	5	26	3	45	
3	10	5	3	
7	42	6	34	4	27	9	32	
0	18	
5	30	
0	20	8	2	2	9	5	19	4	10	
2	37	5	36	7	41	1	26	9	31	
1	16	2	6	7	1	4	2	
3	31	8	38	
4	2	7	3	
1	28	5	37	3	32	6	35	4	30	
8	8	9	19	2	17	
1	42	9	46	5	32	4	30	2	27	
0	4	8	23	2	22	9	25	
8	33	
3	4	4	10	1	18	8	14	9	22	
9	47	8	40	1	29	
1	4	6	17	
4	46	1	27	5	49	6	45	0	29	
9	25	6	15	2	18	
2	46	
9	4	4	5	5	14	
4	47	2	32	8	31	3	26	6	44	
2	8	5	10	0	18	3	6	6	1	
4	44	5	49	
7	19	9	4	6	14	
4	38	1	32	9	40	7	29	
3	8	
3	29	6	27	5	49	
7	7	
5	32	7	31	2	26	
7	15	3	6	1	1	
2	30	
5	21	1	11	7	16	
5	31	0	49	8	38	
9	6	3	3	0	10	8	1	6	5	
5	37	
8	16	0	21	2	12	
5	33	9	29	0	30	7	38	
3	23	0	7	9	24	1	13	
3	50	2	27	
7	23	
6	27	
8	17	1	22	3	16	9	25	0	14	
8	31	
7	1	9	6	3	24	
9	29	0	45	7	43	2	39	6	34	
4	15	0	20	7	3	1	2	5	9	
7	30	9	36	
0	1	6	5	
9	29	4	41	6	38	
0	19	5	4	6	5	
2	41	6	50	4	47	5	48	0	35	
0	22	
9	32	7	45	6	29	
8	16	
7	41	2	35	4	39	9	36	5	28	
7	2	9	3	
9	30	2	27	8	26	7	31	
5	19	8	21	2	22	
7	33	0	49	1	46	
2	5	1	8	8	15	0	25	6	7	
5	28	
6	21	7	20	3	15	0	1	1	22	
7	48	
7	11	6	3	
3	47	5	34	1	48	7	30	
4	19	6	21	8	17	
8	35	1	31	
4	10	5	13	9	2	6	7	
6	38	9	47	3	35	
7	16	0	13	
7	50	0	42	1	36	5	28	2	29	
1	25	2	8	8	2	0	14	
2	44	5	41	1	47	
3	20	2	18	
7	49	6	40	3	35	9	38	
3	7	9	16	5	23	1	11	
3	33	
3	20	4	19	
9	37	2	35	
2	14	5	6	3	8	4	7	9	15	
9	40	3	38	2	28	
4	21	3	17	8	14	9	3	0	2	
0	32	
2	4	5	14	9	9	6	7	
4	43	7	30	
6	13	4	10	9	5	7	19	
5	49	3	44	
7	14	3	13	
9	47	2	35	5	44	0	49	
1	12	2	3	3	6	
5	37	4	32	6	49	7	43	
1	17	0	12	6	7	9	3	7	25	
6	49	0	30	
9	19	
6	43	0	38	
0	17	
0	30	6	46	7	34	
7	6	2	17	0	4	3	18	
2	50	5	38	4	27	7	35	
0	17	3	4	
4	44	8	39	
5	10	3	14	8	19	
1	38	8	47	7	28	4	49	
1	15	0	17	2	8	7	23	3	6	
7	49	
6	6	0	12	5	9	4	15	7	24	
9	45	
8	12	0	17	3	3	6	5	1	21	
9	39	4	34	1	46	2	28	
6	16	1	5	4	1	
2	33	6	29	9	27	1	34	7	32	
9	10	7	8	2	16	4	11	
7	28	3	33	5	37	8	27	9	32	
4	16	5	13	2	11	1	14	
7	44	
3	25	1	19	
9	41	2	42	0	48	7	35	8	43	
6	13	7	14	4	19	2	3	1	22	
8	44	9	41	5	26	2	47	
1	6	0	13	
0	43	
1	18	7	19	9	4	
2	27	
3	25	
0	30	9	31	
6	14	
1	39	5	46	9	43	3	40	8	48	
2	6	
8	27	
6	18	5	19	3	9	1	7	7	23	
3	45	9	37	5	36	4	30	2	39	
7	6	
9	42	6	38	8	43	
7	15	
0	38	9	29	5	48	1	31	3	47	
1	16	
2	34	4	35	6	37	
1	2	3	13	
4	29	3	32	2	40	
1	22	3	1	
1	40	0	37	2	47	
0	14	3	24	6	19	5	20	
6	45	4	39	3	31	2	43	
8	6	4	3	5	23	9	12	7	7	
4	44	0	37	8	26	
2	19	
1	32	7	43	3	44	
0	3	2	16	
2	38	0	48	9	36	8	26	6	42	
0	8	1	3	
3	27	
3	19	5	18	
1	38	5	49	8	44	7	36	
4	24	2	19	
1	40	3	36	8	32	
6	10	5	22	1	21	
6	45	8	49	2	32	9	37	1	31	
3	2	
5	35	6	39	1	45	3	50	8	36	
7	10	4	15	
2	45	7	28	
5	25	9	24	2	8	
9	32	5	46	
4	4	6	13	
8	27	1	30	0	47	7	50	
2	1	7	10	3	15	9	14	
1	50	3	39	6	31	8	42	5	26	
6	25	3	24	9	21	0	23	
9	26	1	34	2	35	0	38	
0	11	3	6	1	8	9	25	5	9	
4	42	
2	2	
6	37	4	32	
6	20	1	1	5	17	7	23	
2	43	3	35	0	45	5	37	
4	25	0	13	
4	29	
2	12	1	17	5	8	9	18	8	13	
7	32	3	36	9	38	
7	1	9	8	5	9	8	12	
7	38	5	29	4	34	6	28	
3	21	6	16	9	24	7	1	2	8	
6	38	1	42	
3	16	1	19	
1	42	9	36	7	37	6	44	8	38	
5	18	
1	35	2	48	
2	1	1	6	3	14	
3	40	9	28	7	35	5	42	1	41	
7	18	3	20	
0	49	1	27	9	46	
1	14	
4	42	0	40	5	49	
0	9	
4	49	1	37	6	30	5	47	9	45	
9	23	4	14	3	21	
2	30	6	39	
7	3	8	10	1	17	3	1	4	9	
9	40	
1	19	8	1	3	2	0	14	5	20	
4	38	8	39	
1	1	2	17	8	25	
1	50	5	49	4	27	7	31	
6	14	
9	37	4	35	1	42	8	29	2	28	

Three processing times per job on each machine
The best scenario
666	654	341	
268	388	422	
226	182	182	
331	646	731	
218	329	169	
373	318	302	
414	318	468	
190	158	170	
269	84	222	
397	211	158	
324	602	976	
127	253	247	
59	189	68	
496	117	247	
818	452	610	
672	833	549	
85	163	243	
668	216	686	
934	842	501	
60	84	194	
128	98	73	
1385	948	500	
426	541	264	
231	314	221	
597	734	214	
388	261	268	
807	244	570	
638	377	572	
1170	1017	1100	
541	887	425	
354	432	566	
280	428	387	
423	173	218	
92	318	163	
879	589	449	
607	440	399	
581	659	498	
586	512	531	
118	398	294	
376	314	221	
138	237	98	
149	131	279	
482	340	361	
445	436	334	
639	1019	434	
971	632	627	
678	468	447	
522	204	353	
714	585	472	
874	448	384	
283	317	149	
599	233	313	
624	515	817	
177	70	65	
345	128	386	
475	415	357	
401	414	712	
834	885	272	
1071	302	922	
257	353	711	
800	998	477	
356	196	288	
1038	427	803	
92	62	162	
696	968	246	
683	686	337	
1428	951	929	
304	1026	253	
410	512	571	
550	540	215	
321	243	311	
464	262	411	
739	443	333	
413	435	285	
180	160	111	
284	585	170	
141	255	212	
528	461	295	
363	77	101	
131	136	123	
59	93	75	
596	311	162	
708	729	683	
86	87	129	
194	50	76	
56	150	77	
162	704	276	
321	889	694	
786	592	382	
309	535	244	
615	420	350	
820	474	1097	
505	1023	826	
700	286	572	
123	132	163	
601	581	373	
666	383	356	
592	170	131	
893	634	358	
206	101	135	
255	742	244	
238	240	121	
582	251	469	
505	543	395	
234	295	336	
185	405	554	
293	225	219	
109	99	207	
166	49	163	
430	556	344	
211	100	139	
162	150	76	
548	507	275	
847	283	744	
504	561	542	
238	173	103	
340	745	769	
363	338	650	
198	352	608	
264	325	272	
141	245	319	
146	453	85	
183	176	205	
109	414	196	
428	903	865	
381	291	399	
934	348	317	
823	798	546	
790	1220	1114	
442	902	536	
940	534	418	
178	194	146	
223	599	425	
199	375	487	
567	815	704	
818	417	377	
614	178	601	
393	226	280	
824	728	1146	
365	246	354	
605	376	246	
495	269	954	
62	277	201	
410	416	444	
143	230	189	
638	582	179	
797	885	742	
254	225	212	
151	157	196	
141	167	123	
Most likely scenario
1021	800	398	
289	645	684	
259	282	190	
447	746	958	
302	506	237	
565	348	509	
522	478	546	
274	255	238	
348	159	273	
751	328	266	
380	1164	1071	
222	434	301	
95	285	71	
655	189	281	
1048	861	675	
788	1366	798	
132	260	265	
1229	409	1150	
1053	847	518	
116	111	252	
242	109	96	
1388	976	745	
742	611	510	
272	322	407	
735	1144	331	
395	414	532	
1116	316	939	
1128	452	838	
1319	1453	1250	
607	1067	494	
567	831	603	
377	602	514	
543	296	323	
152	355	252	
1479	1167	800	
659	682	477	
985	814	708	
887	878	838	
143	458	399	
539	482	259	
162	239	170	
178	208	338	
562	446	395	
879	650	561	
1072	1084	778	
1361	1178	1245	
978	497	705	
601	324	451	
833	786	933	
1030	526	660	
393	341	250	
931	391	416	
667	876	1230	
201	124	126	
445	203	722	
650	429	515	
422	535	744	
1380	1060	367	
1168	455	1157	
327	618	714	
860	1137	634	
445	246	310	
1106	449	936	
143	67	247	
1099	1143	489	
1112	971	398	
1467	1324	1269	
412	1282	407	
815	751	599	
649	774	258	
377	373	508	
788	427	821	
863	522	529	
495	618	350	
185	161	137	
431	730	297	
241	310	334	
543	495	303	
417	126	160	
219	205	212	
109	155	103	
822	521	235	
755	1008	1023	
158	158	151	
232	80	79	
74	177	122	
226	747	305	
389	959	958	
876	619	716	
475	608	289	
784	528	400	
1004	560	1178	
751	1197	848	
708	294	794	
238	153	306	
682	608	623	
694	434	390	
647	211	201	
1225	954	712	
315	162	140	
359	931	252	
320	422	146	
739	477	500	
623	557	646	
272	368	372	
362	699	689	
396	335	392	
190	131	229	
186	64	169	
543	739	436	
248	102	147	
244	235	105	
814	550	309	
948	356	858	
1007	563	794	
376	342	162	
366	895	889	
536	486	658	
343	472	618	
336	423	293	
174	272	324	
240	482	155	
244	249	241	
129	465	223	
513	945	1315	
509	308	400	
1249	539	463	
841	879	952	
953	1346	1202	
704	963	647	
1010	971	649	
299	245	199	
393	674	761	
272	467	558	
933	855	801	
968	834	595	
618	291	1047	
668	410	357	
963	1407	1422	
460	342	391	
800	560	401	
893	448	1111	
94	336	240	
534	592	548	
237	270	266	
643	863	242	
1285	1335	849	
385	399	289	
241	267	383	
158	232	149	
The worst scenario
1045	979	511	
329	938	952	
273	294	269	
584	998	1015	
317	729	330	
596	473	543	
766	546	684	
297	324	320	
492	235	343	
939	382	275	
495	1505	1490	
228	621	345	
110	336	88	
686	264	330	
1125	975	864	
1013	1752	1158	
152	353	360	
1390	519	1445	
1373	936	651	
173	138	353	
310	157	128	
1828	1153	773	
1048	792	669	
354	326	567	
770	1553	403	
409	462	641	
1358	355	1124	
1342	594	1189	
1818	2138	1680	
793	1437	639	
644	1089	834	
452	741	771	
602	348	449	
187	530	282	
1872	1255	1096	
847	717	572	
1023	999	787	
1234	1253	943	
183	666	550	
808	601	278	
222	333	183	
236	249	452	
597	556	432	
1093	685	604	
1198	1285	859	
1990	1611	1563	
1436	707	892	
740	341	599	
1100	1108	937	
1484	604	965	
448	440	375	
1212	493	578	
878	1204	1367	
213	146	168	
488	299	996	
873	437	571	
490	626	1106	
1951	1123	376	
1749	536	1325	
396	709	1004	
1238	1169	692	
666	300	456	
1380	613	958	
201	100	335	
1396	1494	675	
1256	1304	567	
1691	1876	1823	
428	1445	425	
837	1015	667	
662	897	293	
431	411	616	
801	563	1097	
1176	657	616	
571	768	483	
273	225	186	
642	928	374	
328	330	340	
557	709	431	
595	139	203	
302	254	286	
160	156	114	
1015	588	331	
1117	1415	1518	
189	170	193	
331	81	86	
111	201	123	
245	827	443	
468	1373	1001	
910	644	879	
486	611	341	
1010	752	409	
1192	632	1588	
1032	1624	1051	
897	417	1055	
307	220	449	
911	712	891	
937	544	541	
733	309	257	
1551	1206	867	
443	219	147	
459	1116	333	
356	600	165	
760	697	581	
627	733	925	
308	470	438	
434	976	809	
536	435	510	
225	139	246	
277	66	209	
665	740	557	
255	133	163	
339	349	146	
1079	713	402	
1276	488	1100	
1044	650	897	
392	432	195	
443	1267	1015	
723	638	698	
410	544	876	
417	532	432	
254	340	384	
284	551	182	
321	260	296	
147	640	256	
607	974	1805	
590	384	535	
1859	696	604	
992	927	1385	
1344	1501	1567	
885	1252	757	
1017	993	661	
354	317	222	
497	876	982	
384	556	732	
1221	1189	894	
992	969	638	
756	337	1389	
943	479	402	
1297	1651	1970	
491	398	530	
1001	734	441	
1199	558	1477	
140	424	322	
563	826	696	
335	370	365	
836	932	265	
1585	1764	940	
453	580	332	
293	319	465	
216	247	215	
