Factories	7	Jobs	50	Machines	3

Total number of component types per job processed by HSPM
9	11	10	12	11	12	5	7	9	5	6	5	7	5	6	8	5	6	8	5	7	12	7	8	11	7	7	12	11	5	7	5	11	5	5	9	5	7	10	12	11	7	8	11	5	11	9	12	12	11	

Total number of component types per job processed by MFPM
2	5	1	2	4	1	4	3	5	3	5	5	1	2	4	2	2	1	5	1	2	1	4	5	4	5	5	4	1	3	3	5	3	3	5	5	3	5	4	2	5	3	4	5	2	1	5	2	2	4	2	1	1	5	3	1	3	4	1	1	5	5	5	2	5	5	3	1	3	4	2	5	3	4	5	1	3	1	4	3	5	5	4	2	5	2	2	5	2	1	3	2	1	3	5	4	2	5	1	4	

All component type numbers for each job to be processed by HSPM
7	6	2	58	13	16	1	59	11	20	0	51	10	65	6	60	19	23	
6	4	0	41	1	42	12	61	4	9	14	3	8	27	9	1	15	8	17	68	7	53	
19	58	0	11	9	71	6	49	14	63	4	39	8	19	12	51	17	36	1	41	
17	27	10	73	13	23	1	43	9	9	19	12	15	63	14	35	4	15	12	44	8	41	0	52	
12	14	8	59	18	39	9	47	1	54	19	43	4	10	16	49	5	74	6	33	10	31	
5	69	7	35	11	32	0	3	17	42	8	62	16	60	6	72	19	9	4	31	9	26	18	55	
6	41	10	21	4	19	1	44	3	39	
13	47	10	54	9	41	7	20	2	43	15	9	18	60	
6	8	18	71	15	42	1	62	19	50	14	44	4	54	0	53	16	39	
12	16	15	55	8	4	18	45	4	64	
18	71	0	32	4	73	6	66	1	34	16	58	
19	26	10	71	5	10	0	5	16	40	
7	16	18	65	15	71	19	42	11	61	9	60	10	72	
14	66	7	23	17	38	9	40	3	19	
16	21	1	75	15	30	9	66	8	9	19	57	
5	19	19	42	4	4	18	73	16	16	8	54	12	67	9	69	
4	11	0	69	5	8	1	32	8	22	
7	3	1	22	11	72	12	39	15	8	9	25	
2	8	13	52	14	75	1	16	16	27	17	31	7	69	8	28	
5	44	12	27	7	70	13	42	1	65	
15	41	19	31	7	34	12	18	18	27	6	54	0	57	
0	19	9	4	15	72	6	1	17	60	4	31	18	12	16	69	11	75	12	56	14	6	2	47	
10	22	12	13	14	65	9	26	13	71	15	27	18	50	
9	25	4	68	14	9	10	35	12	15	5	22	0	48	1	33	
8	75	2	31	17	58	19	13	6	10	5	12	18	63	16	43	7	45	4	26	13	37	
12	20	14	42	6	32	5	35	8	26	19	53	15	61	
8	22	0	65	1	67	12	60	13	72	4	75	18	48	
5	20	9	50	12	11	2	52	1	22	7	8	16	69	13	18	14	35	17	40	0	39	18	41	
17	41	16	64	0	72	7	16	9	43	18	36	11	29	14	65	12	25	15	62	8	68	
10	67	15	51	8	36	3	29	18	16	
5	53	1	49	19	5	2	65	4	47	6	52	9	10	
1	2	6	46	13	10	11	64	18	3	
8	51	13	59	15	73	7	13	1	10	18	57	14	4	0	29	4	40	6	24	5	44	
15	59	12	71	10	36	9	37	14	43	
0	6	16	11	7	14	2	2	14	13	
16	37	6	14	12	23	17	72	5	53	2	50	7	70	0	47	14	26	
15	36	8	27	1	40	4	56	16	64	
7	75	12	36	19	49	5	35	9	62	18	8	15	34	
0	42	11	18	15	35	2	49	13	73	10	69	6	72	12	66	17	17	8	7	
14	39	10	20	3	32	1	28	18	55	19	56	0	59	2	64	7	72	11	4	8	41	6	21	
16	70	17	36	4	18	1	57	19	72	12	32	13	9	14	35	3	38	15	65	7	14	
13	74	11	36	18	73	4	10	10	14	14	53	15	6	
3	9	6	14	0	33	7	34	9	36	15	74	5	37	18	44	
18	71	4	50	15	45	0	47	8	12	14	22	3	29	5	1	9	63	2	33	1	13	
9	63	3	29	5	24	0	50	19	54	
2	13	14	28	6	23	19	54	5	21	4	8	7	55	18	71	3	37	11	26	12	66	
12	37	8	11	19	9	15	45	13	14	5	50	9	40	16	8	11	5	
12	44	19	33	14	41	10	32	17	6	2	69	1	5	11	51	15	9	0	56	7	49	9	15	
8	65	18	25	6	18	12	8	13	16	0	58	17	32	19	30	16	2	10	21	15	20	4	70	
19	54	1	11	16	63	5	5	7	27	9	16	14	45	12	53	8	75	4	60	13	69	

All component type numbers for each job to be processed by MFPM
9	9	1	22	
9	30	0	33	3	47	6	27	4	48	
3	16	
0	31	5	27	
6	12	7	17	1	6	8	25	
6	44	
2	11	7	7	8	14	4	20	
5	35	8	48	0	36	
4	20	1	25	2	4	0	12	3	13	
0	41	5	33	4	34	
6	1	2	12	7	25	0	10	9	15	
8	44	9	39	6	27	4	37	3	49	
2	18	
4	37	8	32	
2	25	8	24	0	21	3	18	
7	47	6	35	
7	11	4	4	
2	39	
5	7	1	14	7	6	8	24	6	9	
4	29	
2	7	7	13	
2	33	
6	20	9	14	0	22	3	5	
1	27	5	31	3	41	4	48	8	42	
7	20	3	2	5	18	8	25	
7	41	2	44	6	37	4	39	0	26	
8	7	7	17	3	11	4	20	9	3	
0	47	8	37	9	42	4	43	
5	12	
9	50	6	48	3	42	
6	1	9	3	5	8	
6	49	9	46	0	43	4	33	2	42	
1	2	9	8	0	14	
1	46	9	40	5	42	
6	3	1	4	7	7	4	24	5	22	
1	49	6	46	0	39	8	28	5	47	
0	21	9	7	6	18	
1	42	4	43	3	40	8	26	2	28	
9	13	0	22	7	4	2	10	
5	33	4	45	
4	7	6	1	2	14	1	23	7	3	
5	50	2	32	7	30	
9	24	5	12	7	8	1	18	
3	37	7	48	6	45	0	27	1	44	
0	1	1	7	
6	27	
7	6	5	24	1	12	9	17	3	9	
4	41	7	32	
9	10	2	13	
7	28	8	29	5	50	9	45	
6	11	5	7	
2	36	
2	6	
8	48	7	49	1	41	0	47	2	26	
7	15	8	25	4	22	
9	48	
4	17	1	11	3	20	
0	29	4	44	6	38	3	27	
3	19	
5	38	
7	6	2	22	1	16	0	25	6	18	
0	26	6	38	9	35	2	34	4	44	
6	15	8	24	1	3	3	12	5	8	
8	33	9	32	
8	10	9	3	0	11	7	4	6	9	
5	43	1	34	3	47	4	46	9	38	
0	24	2	23	8	19	
4	47	
9	13	7	6	1	3	
7	47	0	35	1	30	3	36	
1	14	5	9	
5	42	3	33	6	39	4	34	7	27	
2	18	3	6	4	3	
9	40	2	45	3	46	6	33	
3	21	2	6	9	20	4	11	7	15	
4	35	
4	2	3	18	5	6	
6	35	
8	13	2	7	0	10	3	3	
1	44	6	35	5	50	
8	19	7	23	4	8	0	17	1	25	
1	33	0	44	8	49	5	36	3	31	
6	23	8	11	9	9	4	14	
0	36	3	38	
9	4	2	24	4	19	5	16	3	15	
2	49	9	43	
4	17	7	19	
7	42	0	36	8	31	4	48	5	28	
7	20	8	22	
6	30	
5	17	9	1	4	9	
8	29	4	47	
7	18	
0	44	4	33	1	32	
3	16	7	17	2	10	8	14	1	11	
0	33	3	42	7	40	1	46	
4	6	2	22	
4	43	0	27	7	38	8	50	1	35	
4	21	
2	32	8	48	3	50	4	28	

Three processing times per job on each machine
The best scenario
226	156	132	
102	210	85	
202	258	218	
100	66	96	
128	264	156	
225	263	124	
85	82	101	
36	105	83	
130	206	183	
278	222	497	
159	146	287	
115	243	89	
131	39	92	
389	250	230	
234	111	240	
202	264	179	
104	185	174	
201	257	221	
175	244	163	
17	26	21	
26	42	57	
512	170	124	
78	90	69	
273	116	117	
311	267	136	
197	152	205	
40	111	70	
210	298	228	
130	68	146	
113	202	223	
158	90	220	
62	120	212	
123	188	126	
60	83	141	
294	231	280	
169	207	261	
391	169	260	
134	59	141	
276	294	150	
223	81	135	
172	348	109	
92	278	151	
236	90	176	
81	40	55	
92	111	104	
183	79	132	
21	27	26	
385	164	489	
55	69	31	
147	240	253	
Most likely scenario
425	294	196	
155	247	96	
231	282	304	
104	120	167	
195	267	266	
355	284	192	
118	108	113	
55	180	86	
146	213	209	
308	224	547	
257	267	308	
173	252	138	
132	51	101	
457	371	287	
318	161	384	
234	318	239	
201	223	287	
241	367	411	
202	256	167	
24	30	27	
35	48	60	
538	207	216	
129	169	128	
298	181	136	
321	339	272	
368	211	232	
51	117	78	
400	488	333	
243	76	195	
181	213	268	
227	112	268	
102	148	265	
216	265	130	
67	158	207	
466	257	295	
259	413	311	
404	231	440	
156	66	159	
354	328	200	
312	96	247	
194	368	136	
160	408	281	
332	151	287	
83	52	71	
121	133	172	
198	132	204	
23	34	37	
391	207	501	
63	81	33	
166	271	297	
The worst scenario
440	306	225	
212	342	134	
309	401	390	
109	177	181	
208	333	288	
459	349	224	
125	147	121	
73	249	99	
147	258	229	
321	329	567	
325	363	377	
239	337	142	
161	63	137	
613	447	420	
339	173	434	
326	392	356	
215	242	333	
320	493	423	
226	278	218	
32	33	37	
46	59	83	
546	227	294	
160	195	157	
322	232	186	
367	405	395	
488	258	271	
52	148	92	
489	491	385	
362	87	277	
258	232	356	
265	115	344	
147	165	349	
272	344	170	
94	177	310	
638	341	433	
341	562	369	
435	262	528	
159	71	164	
377	473	267	
372	109	279	
234	477	137	
208	534	343	
382	206	385	
108	66	90	
134	193	195	
267	192	254	
29	43	50	
469	213	682	
92	104	46	
169	272	380	
