Factories	7	Jobs	150	Machines	3

Total number of component types per job processed by HSPM
5	8	8	11	12	9	5	5	10	6	6	6	11	10	6	5	5	11	10	7	12	5	10	7	8	12	9	10	5	8	10	7	9	6	6	7	12	5	11	9	11	6	7	10	12	7	6	11	9	9	8	11	7	9	7	6	6	12	7	6	6	7	6	9	8	6	6	11	10	11	9	6	7	9	5	8	7	9	8	12	11	5	5	10	12	12	7	11	12	5	6	8	12	7	8	11	8	8	9	8	8	12	6	5	8	9	7	8	11	8	11	8	11	7	9	6	12	5	11	5	10	5	5	8	8	7	7	11	10	11	7	6	5	8	11	5	6	12	6	10	8	12	8	7	10	6	11	7	8	5	

Total number of component types per job processed by MFPM
3	2	5	1	3	4	3	5	1	4	3	4	3	3	2	4	1	2	5	4	5	2	1	5	1	3	3	2	5	2	3	2	1	4	4	3	5	3	5	2	4	5	1	5	4	5	2	3	1	4	2	4	3	1	5	4	3	5	3	4	4	4	4	4	2	1	5	5	5	3	5	5	1	3	1	3	4	1	3	5	3	4	4	4	2	2	5	3	3	2	2	3	3	3	1	4	1	4	2	3	3	4	4	2	4	4	4	3	4	3	3	2	3	2	3	5	4	2	3	4	1	4	5	1	5	1	2	1	1	1	2	1	4	3	5	1	4	1	1	5	5	5	1	4	3	3	5	4	4	2	2	2	5	3	2	3	5	5	3	3	1	3	2	1	5	5	2	1	5	3	4	1	2	3	3	2	3	5	3	5	2	1	4	4	3	5	5	3	1	4	4	2	2	2	5	1	1	5	1	4	3	5	4	5	3	5	3	1	5	1	3	1	3	1	2	4	1	5	5	1	3	5	1	2	2	5	5	4	1	3	1	4	1	2	3	5	4	3	1	1	2	4	1	3	3	5	2	1	1	2	3	1	4	1	4	4	2	3	2	2	1	4	3	5	5	5	1	2	3	4	1	3	1	5	4	4	2	5	3	1	5	2	3	2	3	1	4	5	2	5	4	2	1	3	3	2	2	2	4	3	

All component type numbers for each job to be processed by HSPM
18	20	16	41	6	4	7	62	13	3	
2	30	11	19	7	6	4	71	10	7	8	38	3	41	18	75	
13	7	9	43	3	27	6	44	7	1	4	67	0	48	16	9	
9	52	11	14	1	27	3	58	0	21	6	28	13	67	14	32	5	36	7	13	15	63	
11	63	9	18	19	50	7	32	13	72	15	27	8	75	0	47	1	62	16	23	14	14	17	22	
15	41	3	16	10	42	14	67	13	11	0	70	12	47	5	7	7	49	
6	35	2	34	18	50	3	29	10	44	
0	1	13	22	8	23	19	5	3	30	
11	6	2	45	3	65	10	14	6	16	4	15	13	28	16	58	18	69	19	37	
5	32	14	36	7	4	6	47	10	38	17	26	
6	75	15	48	2	39	8	62	4	37	19	52	
15	72	1	57	10	55	9	69	4	45	11	11	
6	45	15	1	14	21	9	42	19	57	12	4	3	62	16	43	0	50	18	14	10	11	
7	52	2	41	15	53	11	69	16	25	13	9	14	26	10	21	17	57	6	27	
12	10	11	1	9	16	3	58	10	43	13	18	
6	57	7	67	12	18	10	1	4	56	
5	9	14	22	12	62	6	40	2	44	
13	46	12	69	6	40	14	15	11	49	7	70	5	65	0	47	18	67	4	55	9	66	
13	32	7	47	11	5	6	14	16	22	9	54	5	7	10	23	12	48	15	1	
0	54	11	51	17	45	2	40	9	19	10	18	18	2	
8	44	17	53	2	48	14	45	6	31	5	54	10	65	12	20	19	11	16	28	15	7	0	37	
6	9	8	12	1	54	2	30	19	26	
6	44	9	26	10	51	5	60	11	17	15	63	18	34	0	42	4	38	16	54	
8	56	5	11	7	48	14	63	13	51	19	10	6	7	
6	12	9	26	11	8	5	35	14	71	16	61	13	65	19	15	
18	70	15	23	9	49	4	34	16	45	2	33	17	18	0	35	3	59	7	8	5	68	13	67	
18	54	13	34	16	17	0	42	3	27	4	75	9	55	7	49	5	52	
3	14	7	25	6	9	0	19	12	57	9	2	10	42	2	46	4	21	11	68	
12	60	14	56	0	43	16	30	7	16	
8	42	7	43	15	48	6	32	19	39	1	35	10	16	14	63	
2	35	18	58	9	71	19	39	6	28	5	9	17	64	12	56	11	11	1	67	
6	12	10	6	12	21	17	49	11	28	8	18	1	71	
4	62	17	22	18	44	14	30	13	69	16	73	15	43	11	71	0	21	
19	25	14	72	7	22	15	24	10	44	2	36	
16	53	10	18	11	44	1	15	4	70	18	73	
16	27	3	28	12	70	0	8	7	6	1	60	8	34	
12	71	0	38	3	4	18	24	16	49	4	19	17	12	10	23	2	31	13	68	8	43	1	55	
14	67	12	61	11	50	6	60	9	49	
4	11	13	42	3	59	5	10	2	19	0	38	12	8	10	34	7	50	17	22	8	2	
14	47	5	44	13	50	1	57	9	34	3	23	15	30	12	27	0	25	
4	55	0	7	7	74	18	14	8	28	15	3	14	44	2	37	1	68	3	45	10	19	
11	9	16	61	4	13	2	39	3	5	10	68	
2	66	6	50	12	3	19	29	1	47	16	65	11	11	
19	47	11	10	9	15	5	50	8	29	17	27	16	39	12	72	7	65	0	28	
13	12	11	51	14	46	1	8	7	26	10	71	4	25	12	63	2	44	19	24	6	3	18	10	
9	21	18	51	10	10	17	25	15	26	4	64	14	14	
14	55	6	59	3	26	8	14	4	7	16	24	
19	8	15	13	6	36	4	57	2	48	13	9	7	64	11	21	8	70	14	15	0	34	
6	22	16	49	5	17	10	10	18	29	8	27	1	69	17	20	11	60	
0	74	1	52	19	66	4	8	3	43	18	63	17	13	2	16	10	73	
10	67	3	11	16	38	5	49	2	19	18	4	1	25	13	52	
16	74	10	71	17	59	3	18	6	29	13	10	14	6	0	12	4	2	15	38	1	17	
2	14	14	70	15	31	13	55	16	39	17	65	11	37	
16	70	2	18	6	22	4	44	18	55	5	33	19	42	1	15	13	38	
7	66	5	19	13	4	8	37	3	9	16	41	9	30	
19	33	13	24	6	9	14	25	16	6	9	58	
11	31	18	39	12	67	9	70	10	72	8	37	
14	22	2	40	7	52	9	6	11	41	10	32	18	74	12	33	13	14	1	49	3	71	8	56	
14	4	3	2	8	75	0	47	19	31	16	23	12	61	
17	69	2	34	16	10	7	39	15	61	9	60	
12	11	15	27	13	6	19	75	6	66	9	42	
3	71	7	10	14	54	19	25	1	61	17	21	12	42	
13	12	9	22	1	44	18	59	8	7	11	71	
14	36	17	32	18	37	13	74	0	64	10	2	5	56	9	58	11	1	
16	65	11	12	17	47	5	37	14	17	4	7	12	6	13	40	
14	26	12	45	16	30	13	46	2	51	19	55	
14	68	10	50	17	40	18	19	6	66	8	72	
12	12	6	70	0	55	2	15	5	44	13	1	7	47	18	63	15	29	17	30	9	40	
17	34	5	24	10	74	16	45	8	5	1	29	3	18	12	23	13	8	15	21	
11	51	5	61	13	66	14	67	15	40	12	20	16	21	4	70	9	6	6	16	1	13	
9	60	17	53	3	25	5	9	10	16	15	41	2	54	18	48	1	24	
15	36	17	60	1	53	3	37	6	68	19	11	
8	33	14	6	19	9	2	61	15	73	13	19	4	8	
14	30	8	22	5	16	19	63	12	52	0	65	18	41	11	74	10	6	
14	9	10	71	8	2	9	63	2	17	
9	73	12	51	14	19	15	16	4	62	17	3	16	1	7	60	
4	54	5	8	14	47	6	16	11	7	16	58	7	17	
4	56	5	46	3	18	0	65	16	4	9	69	1	54	13	33	15	24	
7	46	13	70	10	48	9	7	6	50	18	49	17	56	11	39	
9	29	10	32	3	3	0	23	18	71	12	25	7	4	14	52	5	64	2	65	11	13	13	28	
8	37	9	29	17	23	16	46	2	63	0	55	1	71	12	42	7	25	19	68	10	44	
19	32	3	11	11	37	10	13	1	25	
4	42	19	63	9	17	13	35	18	44	
4	63	2	40	12	38	19	56	14	8	8	34	1	71	7	46	16	67	11	17	
6	71	11	4	0	31	10	40	15	17	7	60	2	26	13	16	3	7	1	24	12	9	14	43	
14	45	3	17	1	39	13	21	18	9	2	27	10	69	19	35	0	3	15	48	9	31	17	70	
19	54	6	47	16	61	18	67	13	34	12	31	8	15	
9	54	4	40	10	19	7	38	16	39	19	11	1	65	12	60	17	73	11	71	13	5	
11	37	16	72	5	4	10	58	18	26	13	9	4	2	15	23	19	22	2	70	9	10	17	21	
19	25	11	38	2	26	1	49	3	8	
17	19	8	22	16	73	19	32	18	69	9	8	
10	16	7	19	4	40	17	43	13	23	19	32	16	6	15	57	
13	70	7	13	14	55	11	73	9	54	6	61	0	69	15	33	8	8	18	14	17	32	10	23	
13	36	7	5	8	67	10	26	15	43	1	32	9	39	
9	65	16	21	4	14	5	11	8	72	17	41	6	50	0	44	
17	49	3	12	11	71	1	72	18	37	16	25	15	11	12	46	14	27	6	73	13	5	
9	1	19	27	14	9	10	57	16	5	15	56	8	24	17	43	
11	70	16	8	6	50	17	42	18	62	0	25	15	52	12	7	
3	50	5	20	12	73	4	24	0	40	14	53	17	67	19	57	8	49	
10	53	2	58	19	39	14	33	12	66	5	56	1	4	7	65	
6	69	19	75	13	26	15	23	18	30	4	55	3	53	0	52	
2	37	9	46	7	42	3	74	14	29	12	22	5	67	18	18	15	24	0	10	11	28	6	72	
7	66	9	45	5	18	10	6	16	75	1	72	
18	60	11	61	0	6	14	36	7	41	
0	35	7	74	12	41	5	38	4	24	8	25	17	72	2	75	
16	51	15	70	14	57	4	53	2	72	9	12	13	23	0	61	6	17	
2	53	5	72	19	67	4	62	18	37	7	20	14	36	
14	45	17	72	7	64	12	61	6	9	4	14	19	41	2	71	
14	60	16	61	11	63	8	57	9	40	19	13	4	72	10	17	0	74	1	70	7	36	
10	45	6	14	19	43	12	41	0	15	3	68	17	55	7	17	
6	69	13	16	1	20	19	75	17	2	18	51	12	67	15	44	8	5	3	40	7	29	
5	32	9	30	18	5	13	42	10	28	4	75	2	13	17	50	
1	10	15	9	18	13	16	35	19	12	6	30	8	16	14	21	3	38	12	20	0	64	
16	59	1	29	2	32	12	38	17	55	0	21	11	40	
1	50	12	39	9	52	16	65	15	10	3	22	11	72	8	17	17	20	
6	20	7	7	1	4	10	23	0	50	19	33	
10	8	12	20	7	59	17	61	19	71	1	72	14	55	9	15	11	49	3	57	13	19	5	50	
16	54	15	46	6	65	19	48	12	12	
17	23	18	72	0	45	4	69	8	54	9	6	13	30	2	58	14	63	5	67	19	33	
2	3	15	15	18	70	6	5	16	42	
3	15	14	53	8	44	15	47	11	45	13	30	2	43	19	58	7	9	6	32	
6	5	16	62	4	9	3	24	14	39	
12	70	10	72	15	47	13	40	4	5	
9	10	14	1	13	24	19	2	3	42	18	50	16	35	0	38	
3	72	9	23	11	6	2	31	7	70	15	11	12	62	0	29	
8	18	6	32	13	39	3	54	19	56	18	9	12	67	
14	34	2	29	15	54	8	65	5	55	6	75	17	70	
9	34	8	56	5	68	17	13	16	10	2	35	6	69	3	28	18	50	13	4	7	27	
9	68	7	9	6	48	0	12	15	33	10	4	17	21	11	16	19	50	12	10	
6	54	5	12	15	8	0	26	12	46	10	1	19	30	8	19	11	22	17	6	18	56	
11	52	10	51	13	71	16	23	7	38	17	75	18	10	
13	2	4	31	17	70	10	6	12	60	9	73	
18	72	2	36	12	11	1	55	10	67	
9	39	10	50	7	46	15	14	8	10	6	73	12	71	1	26	
11	65	2	58	18	26	16	74	13	38	12	10	1	3	14	48	17	36	3	32	8	63	
9	34	14	41	19	46	11	26	16	52	
6	70	14	10	15	49	17	72	3	60	16	34	
11	50	12	64	0	9	8	20	2	59	14	52	7	57	19	24	18	3	9	11	16	51	6	42	
2	2	7	74	0	44	14	16	19	27	3	17	
3	54	9	68	2	13	14	11	18	45	7	18	15	22	16	61	6	39	8	62	
17	33	15	22	2	30	8	3	18	59	19	48	7	11	16	41	
12	68	7	56	11	31	14	28	15	67	2	23	8	64	6	54	0	14	10	8	16	12	4	18	
12	44	8	7	10	63	6	36	14	68	9	24	7	17	11	31	
12	36	4	9	8	63	10	16	5	65	16	48	0	52	
0	27	19	28	9	69	10	46	1	48	16	42	5	50	12	33	18	31	3	9	
16	23	2	49	10	65	12	72	18	55	13	45	
19	44	0	9	12	43	16	5	6	36	11	22	1	58	13	21	7	33	15	52	10	73	
9	65	1	40	3	61	18	31	5	27	8	55	12	35	
3	31	5	18	6	1	0	42	10	24	2	22	1	62	7	9	
10	29	12	23	5	18	14	48	0	64	

All component type numbers for each job to be processed by MFPM
8	12	7	5	6	14	
7	45	6	29	
7	20	9	12	2	1	1	14	6	8	
6	29	
6	14	9	20	0	19	
6	28	5	26	4	30	0	32	
5	19	8	8	0	2	
9	28	7	42	2	33	0	32	5	27	
1	15	
0	49	1	40	7	46	5	29	
0	15	2	8	3	1	
9	28	0	42	2	47	1	40	
1	10	6	3	2	7	
5	36	4	29	0	48	
5	11	6	3	
1	32	2	38	5	47	0	49	
4	13	
1	50	9	45	
6	10	7	21	2	3	1	19	8	2	
6	39	5	48	8	43	4	49	
9	23	6	2	1	24	4	17	3	3	
3	35	1	32	
3	20	
8	48	2	35	0	46	1	36	4	37	
5	8	
5	26	7	34	0	31	
2	3	0	6	1	5	
3	38	4	29	
7	22	0	25	5	21	9	9	1	11	
2	40	3	27	
3	1	8	25	0	20	
9	42	3	47	
2	11	
3	44	9	29	1	48	4	27	
1	24	5	16	3	4	7	3	
6	45	2	27	3	49	
3	3	0	18	4	10	6	8	2	23	
4	30	7	37	2	26	
1	25	2	1	8	2	7	9	6	5	
9	37	4	26	
2	23	3	18	6	4	1	9	
8	47	0	45	9	38	3	26	4	46	
1	25	
3	47	5	28	2	38	8	26	6	50	
1	20	5	3	6	12	9	6	
6	46	0	29	1	41	2	47	3	49	
9	11	5	12	
2	38	0	39	3	50	
4	9	
4	27	2	38	9	39	5	35	
1	19	2	12	
1	31	3	44	9	48	7	35	
4	22	8	18	6	21	
8	36	
9	16	0	20	4	22	7	9	3	17	
7	41	1	38	5	48	0	49	
7	21	9	12	2	1	
9	34	5	31	0	44	8	37	1	29	
3	16	2	1	8	18	
5	34	4	44	1	48	3	31	
1	17	8	24	2	12	6	8	
2	47	6	36	8	35	0	49	
5	17	4	12	6	7	2	2	
6	32	9	49	2	42	4	33	
8	4	6	12	
0	29	
8	9	9	13	5	24	2	15	6	6	
6	30	3	31	0	39	5	37	7	34	
1	18	0	4	6	8	8	9	5	6	
5	46	3	30	6	29	
1	18	3	6	5	10	8	13	7	22	
9	50	2	33	1	38	4	39	6	44	
9	16	
4	32	5	38	2	36	
8	20	
8	43	6	37	0	30	
6	6	1	1	5	18	7	10	
7	31	
3	19	0	22	9	5	
2	32	0	44	3	38	6	35	5	41	
5	18	4	2	7	1	
2	33	3	35	7	37	8	27	
2	16	0	1	9	25	5	22	
9	36	8	31	0	45	2	43	
8	7	3	5	
8	40	1	42	
1	20	9	11	6	16	3	14	7	17	
2	42	5	46	6	33	
1	1	0	5	4	21	
7	31	4	43	
5	10	2	25	
4	34	9	37	0	46	
0	19	7	20	1	14	
6	30	1	48	9	42	
5	1	
9	30	4	33	1	46	0	41	
4	14	
4	27	7	42	3	29	5	49	
5	25	0	15	
6	33	4	50	8	35	
5	21	9	8	4	20	
6	49	7	37	8	34	4	26	
7	19	6	12	3	24	8	3	
6	35	4	47	
5	3	1	2	7	6	8	8	
7	35	4	31	5	30	9	50	
9	7	6	4	8	25	2	18	
0	46	5	26	8	36	
7	20	9	15	0	16	6	2	
0	50	6	30	1	34	
9	25	7	13	3	18	
2	26	3	46	
8	4	2	8	6	3	
6	34	8	27	
8	23	6	3	5	8	
1	46	7	42	0	31	4	29	6	36	
2	6	5	13	1	14	7	4	
2	45	6	40	
1	24	5	15	7	8	
8	50	2	49	9	35	4	44	
1	24	
8	27	1	28	6	46	3	48	
7	15	6	14	9	25	4	18	3	12	
7	40	
3	9	9	5	0	24	5	13	4	2	
8	26	
8	18	5	11	
7	48	
6	6	
6	30	
0	11	8	5	
4	34	
1	22	9	6	8	9	0	19	
7	37	1	49	0	36	
3	7	5	11	0	25	6	22	9	16	
0	39	
3	13	0	1	9	12	8	11	
5	45	
9	2	
8	31	4	38	6	41	3	47	1	35	
1	25	7	1	5	6	0	3	3	23	
2	49	8	31	4	45	5	32	6	39	
4	23	
8	36	0	47	5	43	3	31	
5	15	3	20	2	7	
9	50	4	33	5	26	
0	18	2	25	9	14	4	24	5	5	
0	35	5	32	6	46	8	37	
3	9	6	6	2	14	1	16	
8	43	2	33	
4	11	1	5	
9	38	1	46	
6	19	3	18	4	23	7	11	9	2	
9	32	3	31	7	42	
8	19	2	20	
7	27	2	45	5	49	
6	19	9	12	4	10	8	18	3	25	
8	47	0	41	2	49	5	27	7	43	
2	5	9	21	3	18	
9	33	6	48	1	42	
1	25	
8	43	0	29	6	46	
1	3	6	16	
9	35	
1	9	7	10	2	13	3	8	8	21	
5	48	3	43	0	28	9	35	2	31	
9	17	7	22	
3	34	
5	12	8	13	0	15	2	10	1	5	
7	29	2	49	6	42	
6	13	4	7	0	24	3	4	
1	37	
0	9	2	16	
3	47	4	46	7	40	
2	24	3	11	8	19	
5	40	2	46	
8	6	3	12	6	7	
9	46	1	29	2	28	6	36	0	49	
9	2	6	22	1	16	
9	30	8	27	0	45	1	47	3	40	
4	24	2	6	
6	36	
5	8	6	21	7	16	3	1	
4	43	3	40	9	44	0	38	
7	7	2	13	9	4	
2	46	0	38	6	43	1	50	7	28	
0	2	7	6	2	11	4	16	5	23	
5	36	6	47	1	26	
6	6	
1	29	8	27	0	26	2	31	
6	16	4	14	8	20	0	18	
2	31	3	33	
8	3	3	13	
1	48	6	30	
9	24	8	17	0	18	1	14	7	5	
5	47	
3	9	
5	36	1	48	9	26	0	38	4	49	
3	19	
1	47	6	31	3	42	8	44	
5	7	8	8	4	13	
1	42	2	47	9	39	8	38	3	40	
3	24	8	5	5	21	2	14	
7	39	6	27	9	32	5	41	8	29	
8	22	7	15	5	14	
9	42	6	45	8	44	1	31	0	49	
6	23	9	3	0	7	
4	36	
8	25	5	11	7	19	1	9	3	16	
1	34	
2	8	9	18	1	12	
4	32	
5	12	0	17	1	16	
5	30	
6	5	5	17	
2	49	4	50	3	47	7	35	
4	17	
4	26	2	32	8	50	3	30	9	37	
3	8	5	1	4	15	9	16	7	4	
4	48	
1	14	8	21	3	12	
3	33	8	36	6	40	5	47	1	45	
4	11	
2	45	4	39	
5	25	7	5	
9	42	8	28	5	38	4	47	7	26	
4	7	0	5	1	9	8	10	9	4	
9	30	8	34	0	37	1	48	
4	23	
9	36	0	37	8	26	
7	11	
1	29	0	48	4	37	8	36	
7	19	
7	49	3	45	
5	10	9	8	7	16	
2	40	0	39	3	48	8	30	1	26	
9	14	4	19	3	18	8	3	
6	33	3	47	1	31	
2	21	
0	44	
0	21	6	6	
5	37	6	29	4	31	2	39	
6	14	
1	41	4	34	7	33	
9	17	8	5	1	3	
9	34	0	28	2	45	4	46	8	26	
1	23	4	14	
8	28	
5	1	
3	44	7	37	
7	22	1	25	8	14	
6	49	
0	3	1	8	4	22	5	20	
9	44	
1	7	9	18	4	8	3	20	
1	38	6	48	3	35	4	27	
9	21	0	19	
1	50	7	44	3	40	
1	14	5	24	
5	33	1	48	
2	21	
5	28	0	27	9	46	3	47	
7	18	8	20	5	9	
5	32	7	36	4	49	0	35	9	38	
0	6	2	14	9	3	4	12	5	1	
5	41	2	43	0	40	8	27	7	48	
9	13	
4	38	6	41	
9	13	3	2	6	1	
2	45	4	31	6	39	5	48	
8	25	
0	48	5	30	7	41	
0	19	
2	47	7	37	3	27	4	48	1	46	
7	10	0	18	6	14	4	15	
3	41	5	31	4	30	2	27	
4	23	1	24	
8	45	9	50	7	46	1	36	3	42	
6	13	3	1	7	22	
5	37	
2	3	3	12	0	6	4	16	8	15	
3	33	6	36	
4	3	7	4	3	15	
2	30	9	34	
7	1	3	10	4	9	
6	46	
0	22	9	25	6	4	2	14	
5	27	9	32	1	43	2	42	4	30	
3	1	8	18	
7	43	0	29	6	32	2	34	5	39	
7	21	1	23	6	5	0	4	
7	36	6	50	
4	24	
9	35	4	26	2	44	
3	13	2	19	7	20	
9	49	4	33	
5	23	8	3	
5	40	7	29	
4	13	2	25	1	2	0	12	
5	29	0	43	6	38	

Three processing times per job on each machine
The best scenario
902	617	381	
480	241	357	
35	46	111	
288	276	402	
486	181	338	
442	957	1166	
262	251	184	
54	81	244	
120	589	273	
339	281	512	
231	308	139	
340	191	418	
242	117	170	
246	199	144	
322	110	258	
178	860	728	
881	847	873	
959	599	558	
655	218	776	
336	370	336	
81	167	109	
348	78	200	
771	460	886	
521	633	312	
867	303	1034	
465	300	193	
723	867	215	
968	571	693	
343	809	708	
557	681	536	
126	104	119	
286	532	298	
728	580	294	
554	193	391	
111	102	347	
576	484	491	
889	1151	299	
331	254	280	
196	519	263	
209	368	402	
282	230	254	
742	319	764	
276	110	298	
608	938	812	
627	458	805	
278	540	323	
437	817	501	
383	913	233	
272	203	347	
953	478	1065	
156	106	76	
268	318	230	
614	360	409	
738	325	371	
353	538	327	
97	153	98	
228	649	941	
847	246	322	
64	87	136	
813	365	704	
272	139	293	
435	257	891	
630	369	576	
620	584	421	
100	83	59	
55	131	110	
156	175	145	
581	832	531	
953	351	1144	
243	597	466	
171	211	167	
340	383	369	
64	111	128	
565	301	530	
358	271	288	
154	55	102	
206	281	159	
106	235	173	
195	222	216	
77	45	108	
918	703	676	
661	244	326	
749	319	428	
1235	1174	1061	
85	101	113	
246	366	258	
178	111	322	
100	179	62	
551	957	672	
712	787	1011	
367	769	572	
185	189	135	
756	905	905	
216	232	551	
86	89	162	
131	79	31	
175	64	146	
451	280	180	
1017	392	279	
262	153	194	
671	549	576	
82	292	133	
670	479	515	
295	572	548	
797	1022	941	
249	203	536	
72	101	106	
53	93	140	
394	1186	397	
428	420	358	
567	1083	997	
160	304	287	
359	467	436	
777	511	601	
403	662	280	
507	573	101	
447	180	799	
121	142	46	
86	68	55	
316	178	498	
77	130	216	
294	405	383	
305	400	320	
833	844	617	
394	377	652	
712	732	338	
129	215	226	
407	237	324	
794	997	359	
433	483	236	
221	300	217	
491	171	291	
69	140	74	
342	241	1182	
105	97	108	
215	370	115	
246	180	160	
646	288	208	
450	336	619	
748	489	559	
782	1045	1091	
92	46	43	
256	134	89	
1119	236	250	
746	482	578	
49	109	232	
944	958	718	
933	534	648	
305	177	242	
100	47	99	
Most likely scenario
1089	936	702	
854	405	442	
59	51	186	
407	317	476	
734	337	399	
605	1349	1185	
433	449	200	
72	141	258	
171	649	427	
496	367	634	
363	348	239	
512	325	757	
458	218	184	
302	298	148	
459	157	368	
326	1132	840	
933	932	898	
1423	829	760	
809	359	818	
541	488	467	
140	266	169	
356	100	343	
787	710	1004	
935	1086	448	
885	547	1251	
527	464	224	
879	869	367	
1155	1138	703	
542	1081	938	
662	756	610	
146	180	183	
491	963	354	
1452	637	428	
579	316	723	
155	127	408	
660	924	949	
993	1156	484	
336	320	288	
321	1025	349	
255	421	448	
365	247	457	
1159	495	956	
498	176	421	
1170	1069	829	
959	483	1150	
344	905	357	
457	902	858	
418	931	370	
344	232	439	
1356	846	1418	
181	148	122	
320	320	241	
649	402	484	
863	603	451	
651	806	562	
142	212	152	
383	741	1025	
880	472	524	
117	99	266	
978	398	763	
398	252	367	
531	478	1108	
1051	420	845	
637	592	835	
134	136	71	
106	248	135	
273	180	216	
973	1109	873	
1417	698	1350	
418	634	695	
259	234	263	
499	588	560	
114	153	138	
704	438	913	
479	294	316	
170	82	121	
230	308	207	
175	269	334	
206	278	238	
141	66	128	
1000	1010	1016	
737	307	422	
924	527	631	
1267	1350	1389	
148	132	116	
299	419	392	
311	161	449	
130	328	114	
557	1053	1123	
813	1105	1318	
429	925	753	
265	377	253	
972	1010	1066	
288	352	735	
151	133	202	
170	147	54	
209	126	292	
653	413	346	
1023	691	282	
339	201	279	
953	900	1078	
153	313	141	
969	607	889	
511	926	797	
1069	1106	1072	
427	386	809	
105	115	123	
89	180	154	
708	1233	638	
459	703	373	
1002	1467	1037	
186	414	373	
397	860	719	
1267	817	1104	
775	1042	453	
537	574	186	
696	318	1125	
215	204	72	
142	93	77	
508	292	520	
148	256	285	
346	494	433	
404	689	388	
1153	1292	669	
457	621	731	
1100	1226	419	
181	344	284	
510	264	502	
1537	1427	565	
552	822	453	
358	351	257	
626	309	492	
88	188	94	
666	468	1238	
155	103	186	
317	531	177	
314	320	184	
679	292	260	
477	599	817	
1090	758	802	
1071	1248	1361	
125	47	76	
387	236	140	
1164	378	294	
861	777	751	
71	189	253	
1075	1080	1407	
1119	724	980	
313	258	330	
104	90	182	
The worst scenario
1399	1361	1042	
1252	518	528	
83	63	210	
498	422	568	
768	382	537	
784	1443	1521	
562	457	299	
101	183	322	
232	736	570	
523	547	909	
369	421	251	
632	416	860	
593	291	241	
378	426	164	
649	201	523	
352	1374	968	
1142	1005	1058	
2116	978	854	
1123	500	1209	
621	693	529	
145	303	242	
407	105	487	
871	1009	1096	
1335	1577	584	
1233	690	1561	
572	605	311	
1044	921	428	
1309	1552	737	
694	1333	1241	
822	1094	849	
204	226	262	
562	1098	465	
1647	805	638	
593	457	1045	
205	159	440	
711	1320	1396	
1062	1245	531	
408	335	327	
394	1357	452	
374	516	521	
500	248	606	
1453	587	1315	
527	246	580	
1557	1590	1035	
1420	640	1373	
389	985	501	
639	932	963	
607	1275	398	
414	316	569	
1874	946	2043	
256	165	168	
321	415	256	
740	557	620	
1275	795	490	
930	864	745	
191	316	163	
416	979	1421	
927	563	774	
142	144	336	
1194	501	1061	
424	338	532	
566	484	1139	
1468	446	1175	
842	648	983	
173	170	78	
157	357	164	
277	226	227	
1454	1259	1139	
1529	995	1608	
497	895	936	
347	325	302	
588	590	598	
156	215	201	
778	491	1195	
517	422	423	
235	106	137	
253	418	289	
262	366	397	
277	398	356	
160	86	184	
1039	1497	1035	
1005	318	567	
983	725	703	
1525	1957	1425	
195	151	135	
312	521	462	
433	237	561	
168	389	144	
786	1297	1176	
942	1374	1436	
622	1160	791	
275	419	343	
983	1467	1174	
368	442	980	
207	164	289	
194	181	79	
258	166	325	
761	490	442	
1143	768	420	
502	264	394	
1113	985	1393	
172	407	210	
1023	616	1110	
643	1197	850	
1455	1446	1123	
610	488	986	
148	117	174	
124	202	198	
994	1654	805	
492	778	487	
1149	1761	1460	
216	560	403	
441	1251	788	
1826	964	1625	
1110	1400	574	
634	685	190	
856	469	1452	
228	305	87	
207	135	92	
535	296	754	
152	262	297	
347	602	575	
530	922	560	
1644	1791	957	
526	878	1002	
1590	1558	441	
197	407	314	
723	276	680	
2045	1712	701	
676	1050	490	
492	445	353	
751	423	680	
112	243	105	
891	616	1433	
204	153	250	
409	751	204	
369	423	248	
808	298	368	
700	637	1012	
1319	926	910	
1300	1629	1901	
134	66	106	
541	255	210	
1744	423	326	
902	1097	1036	
103	269	319	
1425	1212	1948	
1292	1075	1024	
398	307	381	
107	130	184	
