Factories	5	Jobs	100	Machines	2

Total number of component types per job processed by HSPM
12	11	11	7	5	5	11	9	6	8	11	11	6	6	8	8	11	5	7	10	6	5	7	7	12	11	11	12	6	5	6	10	12	7	7	8	6	6	8	9	11	12	9	8	5	11	10	9	12	12	9	10	10	10	9	10	7	11	12	8	7	7	9	7	8	12	9	9	8	9	7	9	7	10	7	6	8	11	9	5	6	9	5	5	5	5	8	9	6	10	8	9	7	9	5	11	10	10	9	9	

Total number of component types per job processed by MFPM
1	1	3	3	2	5	5	4	5	5	5	4	1	3	1	4	2	1	5	4	5	2	3	4	1	4	5	5	5	3	1	1	5	1	1	3	5	1	2	1	2	2	1	1	3	3	4	4	5	2	3	1	5	2	4	4	5	4	4	3	5	4	4	1	1	1	3	4	3	3	4	1	4	3	4	5	3	2	1	2	4	4	4	4	3	4	4	3	2	4	1	1	1	1	3	5	2	2	5	4	

All component type numbers for each job to be processed by HSPM
19	60	8	39	11	9	14	27	17	22	0	43	10	28	18	17	9	57	2	18	6	62	1	29	
12	52	19	64	14	26	3	14	16	43	1	23	5	47	10	27	15	33	6	75	18	18	
17	52	9	4	0	9	18	57	5	35	15	48	7	37	13	58	16	11	1	5	12	2	
13	32	3	46	14	59	10	73	16	66	19	8	18	56	
6	59	17	11	4	16	3	45	15	73	
8	39	5	24	1	29	10	12	6	27	
17	39	18	10	4	50	10	22	7	27	5	51	9	49	1	18	0	31	2	9	8	11	
18	27	0	71	9	50	13	1	14	31	7	35	8	32	16	16	11	26	
1	21	2	48	14	6	19	44	3	2	4	33	
15	11	16	71	8	60	19	43	13	27	2	46	3	75	1	31	
12	7	10	31	0	47	7	69	4	38	19	70	2	44	3	63	11	43	14	67	1	36	
8	45	14	12	11	43	18	60	19	7	10	25	9	42	13	56	2	1	7	26	4	32	
8	19	6	34	5	28	7	73	1	53	12	32	
12	72	0	66	19	31	15	26	6	51	16	59	
8	68	1	36	11	56	3	37	19	50	6	10	4	46	0	53	
14	29	7	9	19	48	6	56	9	4	11	41	8	59	18	45	
14	47	2	33	15	54	8	6	17	71	7	4	0	2	10	43	5	67	9	38	16	70	
5	29	6	20	8	18	12	27	17	74	
6	56	1	55	13	30	4	18	17	49	11	33	19	11	
1	32	4	34	7	71	17	11	0	21	5	16	13	10	8	72	15	12	2	4	
6	48	0	34	8	33	14	18	2	28	17	52	
7	39	5	1	10	51	4	33	16	7	
4	46	14	61	12	19	1	57	8	36	6	2	5	54	
10	41	1	14	19	13	5	59	7	50	11	38	13	75	
9	17	12	10	8	60	13	39	15	30	19	67	11	70	1	74	18	12	3	7	4	59	7	24	
17	55	11	70	19	64	7	31	15	33	1	73	14	38	16	36	18	3	6	51	8	59	
6	5	5	16	9	31	8	29	16	74	19	3	2	47	0	68	14	33	13	35	10	21	
3	2	1	55	16	16	13	19	7	58	4	53	14	22	5	45	11	10	0	47	10	23	19	73	
18	57	10	63	3	41	13	42	16	16	5	34	
6	34	11	5	15	22	4	66	7	47	
8	73	14	44	2	33	7	71	12	72	19	17	
11	23	1	13	9	56	15	25	12	38	14	53	8	42	0	60	13	61	2	47	
0	42	4	48	19	21	18	36	2	65	1	35	16	56	12	40	13	51	8	52	9	2	3	47	
4	11	1	35	16	10	14	70	5	42	10	55	8	14	
0	22	19	52	17	11	14	57	15	15	10	4	3	50	
13	73	5	22	10	45	7	48	4	6	18	26	12	17	1	18	
15	28	3	66	4	55	1	64	5	58	18	1	
19	75	7	10	0	23	17	67	11	22	6	7	
9	20	12	48	1	61	11	12	0	16	18	18	10	22	4	60	
9	73	6	20	4	8	13	39	10	19	2	40	7	11	12	46	16	64	
13	65	0	38	14	66	7	27	19	53	12	41	11	57	8	3	6	74	4	18	17	8	
12	44	0	24	2	27	13	34	1	60	10	53	17	67	16	73	4	75	14	50	19	37	5	71	
1	44	13	4	18	67	12	13	8	55	3	43	5	23	2	29	16	50	
15	46	13	68	10	22	9	30	3	61	8	60	2	55	1	12	
7	4	12	24	17	37	16	18	10	54	
13	27	4	35	0	57	1	29	8	62	19	43	16	44	17	41	3	28	15	20	5	71	
8	67	4	55	9	68	12	27	18	15	0	34	11	66	6	14	7	46	16	6	
15	62	8	45	9	70	2	40	11	25	16	73	7	37	10	75	12	3	
6	3	15	11	9	48	1	14	11	45	14	72	13	34	3	39	17	71	0	22	12	21	10	20	
13	53	9	69	10	8	7	18	12	1	18	31	19	26	17	4	8	38	4	39	14	55	15	67	
10	19	9	50	6	66	5	70	18	11	19	16	17	34	11	41	3	13	
1	58	6	40	10	47	16	13	3	45	0	52	12	22	2	25	19	51	4	61	
3	70	19	54	18	13	14	29	2	44	12	22	9	28	16	2	8	45	10	48	
2	9	18	67	1	66	4	20	11	55	14	69	19	42	6	11	9	3	13	24	
2	38	6	50	14	49	18	6	9	57	15	34	4	54	3	72	13	21	
14	44	1	48	19	39	5	33	15	74	0	72	10	65	18	52	9	53	7	12	
2	50	10	75	8	48	12	41	18	74	5	25	6	36	
3	62	6	21	18	69	2	72	13	41	19	67	4	36	8	30	15	53	12	13	1	18	
3	54	17	64	12	32	7	14	11	58	6	13	15	16	9	63	19	22	5	74	0	42	13	26	
0	59	4	48	15	22	18	54	13	20	2	7	14	66	6	9	
9	19	4	9	11	64	17	38	16	65	2	27	3	36	
1	70	15	63	2	5	4	49	7	3	10	15	13	64	
17	73	1	9	10	11	4	63	6	57	15	61	18	64	9	15	12	52	
15	56	16	39	7	45	14	14	13	61	8	13	2	50	
7	71	14	75	3	62	17	39	9	20	4	38	8	14	12	4	
8	61	18	33	7	71	11	54	15	31	1	60	10	62	13	14	5	18	2	37	4	29	9	27	
8	13	18	44	13	25	4	20	15	55	2	53	16	5	19	11	12	67	
9	61	2	36	3	5	0	9	7	6	8	69	14	56	13	71	11	24	
14	12	6	44	13	40	1	43	12	45	8	8	11	4	7	18	
14	53	16	16	13	17	5	57	17	19	0	35	7	23	6	59	8	48	
3	22	13	29	2	3	15	34	6	24	8	47	9	59	
12	8	19	14	3	27	11	68	9	57	18	66	16	16	13	28	0	59	
17	59	12	73	15	67	7	49	2	51	9	13	14	22	
16	32	5	33	1	19	10	38	9	65	19	16	8	60	7	36	0	10	2	41	
13	44	17	63	19	68	8	37	2	69	1	32	9	1	
9	23	1	64	11	18	6	22	18	67	3	56	
14	24	19	52	0	66	16	8	11	3	9	25	8	2	18	51	
0	24	5	74	4	57	13	58	8	23	6	38	9	32	19	46	12	62	16	45	10	6	
12	34	2	24	9	61	1	75	19	29	7	13	18	72	5	25	11	36	
8	36	10	7	14	39	3	56	12	27	
7	16	8	3	13	54	17	60	11	24	5	15	
12	25	9	61	2	1	10	33	1	5	8	42	6	39	18	31	5	7	
5	68	9	51	6	44	2	30	1	66	
2	40	19	31	9	28	3	65	12	18	
9	51	18	42	0	60	17	23	4	75	
3	56	4	18	18	31	9	24	15	63	
3	75	16	67	9	5	15	69	10	23	11	18	0	60	4	58	
0	4	6	17	15	42	10	74	1	35	8	5	16	48	5	39	11	43	
7	24	16	35	14	1	11	64	18	66	8	36	
2	29	7	10	1	54	8	36	3	20	11	23	16	9	5	24	19	4	17	5	
5	32	13	53	17	28	14	6	15	67	3	57	4	55	8	39	
2	6	3	60	10	53	7	25	9	74	4	30	6	49	12	56	13	7	
3	69	15	18	13	17	1	41	9	11	19	30	11	29	
0	52	18	22	10	30	9	73	2	2	12	44	7	19	5	26	15	55	
17	49	10	5	11	20	18	7	1	33	
2	31	11	45	1	74	4	50	9	54	18	21	19	40	0	8	17	7	3	18	15	68	
12	47	9	24	11	3	17	42	14	70	15	51	16	46	6	23	7	60	19	54	
14	52	15	64	8	73	7	21	3	40	12	58	11	35	13	51	4	72	1	53	
16	73	1	36	19	56	9	70	14	34	5	35	6	37	10	54	8	44	
16	52	14	25	1	12	18	10	10	7	11	74	9	5	6	48	17	45	

All component type numbers for each job to be processed by MFPM
3	4	
0	11	
3	3	2	13	5	12	
2	1	1	22	5	2	
6	24	3	2	
1	24	4	13	7	2	9	22	0	14	
8	5	5	15	7	25	6	7	4	2	
6	11	4	23	7	1	1	20	
2	5	7	21	4	24	6	15	9	4	
5	22	1	5	4	23	7	8	6	19	
0	11	7	16	3	17	8	9	9	24	
5	12	2	9	9	2	1	22	
8	9	
4	7	2	20	9	11	
6	2	
1	11	5	13	2	20	8	16	
1	11	3	18	
9	16	
4	22	2	4	0	23	5	11	9	8	
3	1	8	12	6	8	2	23	
3	20	7	16	8	3	4	8	1	7	
9	18	6	17	
6	3	7	6	1	14	
5	6	9	25	2	15	4	24	
7	24	
2	12	8	4	0	18	1	1	
8	11	9	16	1	12	0	22	2	7	
7	8	9	21	2	14	1	9	0	6	
7	1	2	2	5	23	6	22	0	19	
9	11	1	5	6	7	
8	11	
6	10	
3	17	2	24	9	21	4	16	1	10	
4	16	
5	6	
5	25	4	17	7	2	
6	10	2	15	4	17	3	9	5	7	
6	1	
4	12	6	23	
0	7	
7	4	2	13	
8	4	4	18	
3	15	
5	5	
7	19	5	21	0	17	
0	11	5	13	8	17	
4	16	6	1	2	25	9	4	
0	15	1	22	9	13	8	1	
3	20	5	5	6	2	9	18	4	25	
0	3	7	10	
2	10	0	21	7	17	
3	5	
4	5	7	21	3	19	9	13	2	14	
7	1	6	16	
4	2	8	10	7	8	1	17	
4	6	3	21	0	4	7	9	
0	25	1	17	7	7	4	20	5	24	
2	17	8	24	5	4	0	21	
3	13	4	18	5	23	8	1	
3	10	7	16	5	23	
6	5	9	22	0	15	7	9	3	10	
4	13	6	7	9	9	5	25	
4	1	3	17	9	7	6	2	
0	20	
7	1	
2	13	
2	9	0	15	9	2	
4	1	5	6	6	18	1	23	
5	19	4	9	6	15	
9	20	1	16	2	3	
4	21	7	14	6	8	1	22	
8	18	
8	20	9	18	1	10	4	11	
0	3	3	18	7	13	
8	8	2	12	9	5	1	9	
1	22	4	23	5	2	3	18	6	25	
2	9	6	11	5	7	
7	11	4	8	
9	14	
4	25	1	1	
5	23	4	20	8	11	9	9	
6	20	2	11	3	3	0	2	
8	20	4	10	5	21	9	18	
9	11	4	21	0	10	5	19	
9	8	6	4	8	1	
7	14	0	4	2	12	9	23	
5	9	0	16	8	25	4	6	
5	11	7	17	4	21	
5	5	2	21	
7	1	1	9	3	17	4	21	
9	11	
4	6	
8	14	
4	21	
5	10	2	9	7	17	
6	16	2	11	7	18	1	17	0	25	
4	3	8	5	
6	20	1	22	
9	1	3	17	5	18	7	9	0	3	
0	2	7	24	9	16	5	5	

Three processing times per job on each machine
The best scenario
88	155	
76	165	
202	208	
242	120	
210	69	
89	143	
110	107	
142	132	
63	118	
227	383	
177	257	
122	170	
190	182	
292	192	
69	203	
184	139	
89	87	
156	277	
44	61	
152	98	
136	138	
37	34	
150	113	
286	262	
156	185	
316	173	
306	233	
141	352	
429	197	
71	72	
268	224	
324	282	
81	130	
127	212	
126	258	
170	153	
79	124	
441	227	
59	230	
134	178	
76	44	
93	159	
53	75	
104	95	
21	31	
171	79	
146	215	
26	23	
99	135	
267	441	
48	33	
24	30	
208	171	
124	281	
27	21	
34	31	
297	191	
405	386	
128	52	
198	124	
149	548	
75	68	
73	43	
108	101	
131	67	
96	160	
346	340	
197	101	
95	166	
131	440	
129	119	
17	27	
400	267	
70	52	
110	138	
78	177	
91	237	
29	31	
224	410	
61	99	
284	278	
208	76	
77	64	
127	82	
248	211	
25	70	
185	181	
35	50	
88	210	
63	164	
121	297	
265	315	
184	130	
296	225	
54	205	
164	84	
108	73	
116	143	
207	171	
184	256	
Most likely scenario
110	174	
122	186	
234	262	
254	140	
369	111	
123	144	
136	110	
200	146	
110	152	
359	533	
202	272	
150	215	
231	206	
462	221	
134	218	
203	253	
103	108	
162	433	
71	66	
256	138	
196	202	
39	43	
233	156	
386	361	
185	214	
346	202	
443	290	
192	407	
451	332	
102	99	
406	309	
584	302	
157	153	
240	350	
208	326	
198	184	
156	149	
477	325	
72	237	
154	242	
103	55	
150	184	
96	85	
155	178	
38	41	
190	80	
164	228	
39	35	
165	137	
286	489	
56	39	
46	50	
272	260	
212	329	
30	26	
48	44	
316	305	
526	418	
177	66	
280	172	
267	579	
83	129	
117	59	
162	200	
193	111	
186	243	
350	356	
270	175	
143	264	
223	472	
194	155	
31	35	
401	476	
85	73	
128	154	
97	187	
146	311	
53	54	
294	503	
64	131	
314	290	
240	85	
138	67	
234	116	
339	409	
38	122	
272	187	
68	67	
103	217	
82	167	
229	325	
387	416	
198	162	
337	285	
88	217	
294	122	
151	91	
160	208	
274	284	
362	296	
The worst scenario
131	199	
150	245	
333	313	
322	152	
551	114	
146	177	
169	127	
248	198	
140	155	
443	777	
236	371	
223	250	
281	245	
515	235	
141	283	
210	283	
106	148	
195	639	
105	89	
348	200	
231	296	
45	60	
320	178	
474	469	
226	245	
384	284	
572	390	
271	532	
614	356	
144	142	
527	408	
627	341	
171	177	
288	354	
311	343	
232	227	
158	212	
673	453	
85	319	
176	257	
142	82	
154	208	
128	110	
166	187	
40	45	
278	103	
195	335	
58	45	
207	176	
357	702	
79	51	
65	51	
306	377	
221	374	
45	27	
56	55	
317	391	
581	532	
189	71	
406	258	
304	719	
113	134	
161	88	
180	275	
238	119	
261	280	
519	486	
401	229	
193	348	
330	607	
215	197	
43	52	
573	561	
90	108	
136	176	
114	194	
213	449	
55	73	
345	652	
84	167	
438	380	
350	104	
177	73	
295	173	
402	526	
49	125	
338	242	
100	86	
138	276	
122	234	
231	455	
506	518	
267	168	
380	424	
117	317	
414	164	
224	92	
173	262	
366	425	
368	430	
