Factories	6	Jobs	200	Machines	2

Total number of component types per job processed by HSPM
5	12	12	9	10	10	10	6	7	10	12	11	7	9	9	11	6	6	5	6	7	6	10	9	5	6	8	7	5	9	6	8	11	11	9	10	5	12	12	5	6	9	9	11	11	7	7	8	11	9	5	6	10	5	5	12	7	10	5	8	7	5	10	10	9	12	5	11	12	10	11	7	5	12	7	7	6	11	11	9	11	11	8	11	6	12	10	6	6	7	7	8	11	11	8	5	6	8	9	7	7	11	6	11	6	12	7	5	6	5	6	7	6	12	6	6	10	10	6	6	10	5	6	7	10	10	10	8	10	7	12	11	6	9	7	9	8	9	9	7	12	12	8	9	5	11	8	6	6	8	12	12	12	11	12	6	10	12	5	11	5	9	7	9	9	10	11	9	11	11	12	5	8	10	8	7	6	10	6	12	10	7	10	9	10	10	6	12	12	7	12	7	6	6	10	8	8	7	12	12	

Total number of component types per job processed by MFPM
1	2	1	2	4	2	3	1	2	2	5	5	1	4	2	3	2	2	3	3	4	4	2	1	3	5	5	2	4	1	3	4	1	1	3	1	5	5	3	2	4	1	3	3	3	4	2	2	5	3	1	4	1	1	5	1	3	4	4	2	3	3	3	4	3	4	2	3	2	3	3	4	3	5	1	2	5	2	4	5	1	5	3	4	4	2	2	2	5	2	1	4	4	4	3	3	1	3	2	1	4	5	1	3	3	4	3	4	4	5	4	5	3	1	3	3	2	4	4	1	3	2	2	5	5	4	3	4	1	2	4	5	4	5	5	2	2	4	2	4	3	4	4	4	1	2	3	3	2	4	5	3	4	2	5	2	3	3	4	1	4	2	3	5	5	2	3	2	1	5	3	2	1	1	5	2	5	1	5	1	1	1	3	2	2	2	2	3	3	5	2	2	4	4	2	5	4	5	2	1	

All component type numbers for each job to be processed by HSPM
12	6	4	37	0	17	14	13	13	66	
9	19	4	23	18	34	10	74	3	12	0	11	6	33	7	58	14	30	12	16	8	51	2	71	
15	72	3	65	14	57	8	34	17	73	13	12	19	8	9	62	2	52	0	58	12	63	1	21	
2	16	10	61	12	7	9	41	1	22	18	44	8	64	17	73	15	3	
16	17	19	53	5	2	17	13	10	66	15	41	0	8	18	11	1	70	13	42	
9	70	3	1	18	73	17	29	6	42	8	47	7	33	12	60	15	13	13	23	
14	59	1	27	2	28	16	50	12	58	19	31	0	15	11	5	5	4	9	71	
3	33	1	44	11	8	9	17	16	59	4	19	
0	58	12	22	17	61	13	62	18	57	19	20	15	8	
12	71	6	47	17	70	5	59	2	61	3	10	16	16	19	60	1	51	18	62	
5	13	8	58	7	53	1	61	17	32	4	69	6	29	19	50	14	1	0	70	13	20	11	17	
3	24	12	4	17	28	2	67	14	64	15	47	7	43	6	75	4	42	5	55	11	31	
5	17	3	22	18	66	17	55	13	69	7	60	12	23	
6	6	7	7	19	56	8	23	5	42	14	51	15	50	11	59	9	12	
4	25	3	65	7	12	18	17	16	56	1	8	9	54	6	63	10	66	
1	47	15	29	12	8	16	72	9	53	10	24	8	3	0	75	4	65	19	50	17	35	
4	52	13	69	7	54	0	26	10	66	6	53	
5	67	14	70	0	6	12	65	10	60	7	62	
3	64	14	74	5	65	13	16	11	20	
13	8	19	35	9	7	17	54	15	3	10	73	
1	2	12	69	15	6	13	15	2	27	8	42	11	13	
8	25	11	69	7	51	5	41	12	19	1	15	
7	59	4	68	16	50	17	35	2	71	12	70	18	26	6	52	14	56	13	11	
16	35	11	45	5	51	6	43	17	23	9	46	18	9	3	2	10	56	
5	73	2	74	7	27	3	71	15	34	
18	31	12	34	0	60	15	57	13	3	5	23	
9	60	6	74	1	37	16	61	15	52	19	55	14	13	5	3	
14	1	1	70	9	5	5	64	15	18	7	38	10	13	
15	2	16	18	13	65	10	50	19	1	
13	21	12	17	17	55	8	10	14	64	16	42	7	49	4	62	15	75	
9	54	13	50	17	69	18	1	15	15	8	39	
3	73	11	50	16	59	1	66	10	12	17	74	0	69	13	29	
3	12	1	25	10	34	11	49	2	27	15	74	6	9	8	66	7	58	4	60	0	55	
0	55	16	48	17	14	12	15	19	64	3	61	18	70	7	47	5	49	4	58	2	57	
13	27	15	63	0	22	10	32	12	13	6	53	14	24	1	4	2	52	
7	20	8	43	18	44	3	14	2	3	9	11	1	55	5	63	4	49	0	45	
19	48	4	21	6	4	9	33	14	57	
16	49	18	30	9	74	12	52	0	2	14	50	10	44	8	67	4	68	2	33	6	17	13	55	
14	21	15	48	2	71	0	3	17	34	13	50	18	51	19	68	9	62	4	42	12	67	16	1	
11	4	15	51	0	50	8	45	9	25	
6	59	18	15	3	44	5	60	10	40	12	46	
17	40	1	45	19	68	16	59	10	27	5	13	11	10	12	61	13	31	
10	58	11	59	8	30	6	33	16	13	5	23	18	1	1	60	4	68	
4	1	14	46	5	30	15	24	19	7	3	14	1	42	18	31	13	37	11	70	17	62	
12	31	18	52	17	7	5	70	4	54	9	27	14	30	8	53	7	10	3	18	6	48	
8	19	4	46	9	17	16	1	1	40	12	48	2	8	
18	29	13	32	5	6	12	65	4	66	19	9	8	15	
17	65	1	11	5	25	19	36	4	27	10	8	2	26	15	59	
9	58	5	33	16	30	19	16	14	36	2	59	0	32	13	62	12	29	18	13	6	4	
17	57	15	26	14	5	5	39	6	23	19	46	1	45	7	13	0	66	
7	42	10	8	16	44	4	58	17	33	
18	39	9	17	15	63	10	23	5	32	1	36	
0	34	1	66	9	42	5	31	17	61	7	10	14	26	13	25	3	64	10	28	
1	59	11	63	0	56	6	3	13	17	
17	57	12	66	14	62	5	28	1	11	
17	28	1	66	11	40	7	13	9	64	3	14	18	49	5	9	12	75	4	25	6	19	19	63	
13	23	18	51	10	41	4	44	2	8	16	66	5	54	
15	54	11	30	0	24	3	4	1	8	18	27	13	52	14	61	17	59	5	65	
9	2	4	75	6	50	0	27	18	64	
13	50	16	33	9	31	12	71	8	9	5	43	19	65	0	27	
18	13	7	11	1	32	5	21	16	27	4	64	11	75	
13	21	4	5	3	72	8	3	10	18	
16	54	5	56	2	29	1	48	15	10	14	59	12	61	0	1	18	15	10	51	
18	12	7	62	10	52	6	71	16	29	19	2	5	53	1	70	15	36	2	4	
16	8	11	13	0	40	13	58	19	6	10	12	1	65	7	34	14	55	
7	20	4	62	13	75	19	32	18	54	5	4	17	35	14	70	3	26	1	11	6	48	11	5	
0	38	14	16	19	55	17	53	15	21	
5	65	11	58	0	11	12	62	18	2	3	37	9	61	7	49	4	51	16	14	1	10	
0	65	8	29	12	36	19	54	10	37	13	32	7	73	18	34	11	59	4	2	9	33	1	39	
5	32	12	24	16	53	11	71	17	44	4	70	10	9	19	12	0	25	15	34	
4	58	18	37	15	7	6	16	3	27	1	64	11	18	14	1	16	45	0	57	12	61	
15	12	13	38	7	65	11	64	0	25	8	57	1	58	
1	1	12	47	8	18	10	6	2	32	
11	55	15	49	19	4	0	65	2	69	5	51	12	73	7	58	13	40	8	29	10	18	6	53	
15	72	11	38	16	20	14	2	5	49	19	28	0	18	
2	61	4	46	19	50	18	22	17	25	1	47	16	66	
2	60	4	53	11	67	16	26	13	72	6	36	
11	30	10	69	15	64	14	19	18	66	9	26	3	16	1	63	4	21	2	56	0	2	
13	6	5	46	7	61	12	34	16	24	11	28	10	14	3	42	1	21	19	39	2	56	
11	59	15	27	6	47	9	32	19	28	1	57	13	67	2	53	16	71	
7	12	11	40	14	29	8	35	3	62	2	36	6	54	16	37	12	10	15	2	0	22	
8	20	6	37	15	52	3	41	1	28	12	8	5	25	18	50	16	54	17	73	14	51	
19	34	16	59	17	68	6	36	18	46	15	41	10	44	11	8	
3	7	6	55	16	14	12	47	19	52	17	60	15	10	0	42	13	20	4	71	1	34	
10	73	17	34	16	46	1	36	4	11	9	50	
5	40	15	41	12	37	8	74	1	10	2	46	16	62	10	51	0	59	11	9	13	68	9	27	
10	22	6	60	2	35	12	36	9	75	13	67	4	55	15	69	1	51	8	18	
12	33	15	26	18	13	14	20	16	58	1	65	
10	66	8	53	19	4	13	60	15	54	11	40	
11	24	6	6	12	25	9	64	2	3	10	44	1	45	
12	42	14	47	7	12	5	60	2	45	6	17	13	36	
13	2	9	72	1	70	3	11	0	44	18	17	11	66	4	64	
2	12	4	18	7	35	13	30	12	74	18	27	14	8	16	54	0	47	9	75	10	62	
3	8	13	51	11	45	12	40	14	55	18	59	19	44	8	42	7	39	0	27	5	28	
3	26	4	51	5	32	19	34	10	66	14	37	0	52	9	71	
7	65	16	61	10	50	4	56	19	75	
0	51	5	62	9	14	12	13	14	6	3	22	
5	43	4	37	11	63	13	47	1	51	8	52	14	49	12	71	
9	20	0	73	18	75	5	27	14	63	7	72	3	9	11	39	8	7	
12	32	11	56	14	63	2	51	6	14	7	16	4	49	
15	54	11	63	0	39	7	43	18	35	2	71	16	19	
9	72	5	38	12	68	14	36	8	51	7	64	4	1	19	29	15	57	16	24	2	66	
6	5	15	39	2	53	3	35	13	29	7	43	
7	63	4	37	12	64	10	52	8	46	0	2	1	68	15	48	16	44	3	67	14	5	
7	21	3	10	4	50	15	24	11	43	17	39	
18	41	4	37	5	6	16	38	9	19	17	30	10	39	1	15	15	1	11	17	8	8	14	47	
8	66	12	11	6	54	19	4	3	60	16	44	4	10	
16	75	14	42	10	13	19	4	5	24	
13	69	11	27	6	51	16	49	5	53	15	67	
11	44	19	1	15	36	1	11	5	54	
19	29	9	49	14	6	2	43	15	68	12	45	
1	56	7	40	2	67	17	52	18	37	16	33	14	58	
1	6	9	50	14	42	7	21	19	44	8	53	
5	59	17	7	13	40	12	34	7	46	11	71	8	8	16	2	1	53	15	11	0	70	10	61	
5	45	1	74	13	28	4	3	7	36	0	20	
11	23	13	55	15	56	17	24	0	65	3	9	
10	24	4	12	7	15	2	13	12	51	5	69	17	25	8	54	9	68	18	52	
5	61	7	73	11	71	18	16	0	23	15	6	13	51	8	39	16	54	14	67	
3	36	6	25	18	22	8	75	17	8	10	34	
7	35	3	65	16	10	9	27	13	5	15	45	
2	59	10	17	12	4	14	71	3	41	11	19	9	3	6	58	0	26	13	7	
5	50	4	6	18	39	19	16	13	34	
18	48	3	7	12	67	11	55	9	44	15	3	
0	4	9	54	14	12	2	46	5	70	15	33	13	53	
14	14	6	74	11	72	16	50	12	28	2	36	19	19	17	33	8	42	0	29	
14	5	1	31	13	58	9	37	11	11	6	9	18	7	7	24	8	63	2	62	
17	40	12	54	10	37	16	49	5	14	3	45	15	72	14	10	4	2	18	39	
15	75	11	70	13	66	17	20	6	38	9	7	12	25	2	4	
0	57	12	37	4	3	10	5	13	71	15	60	17	14	14	12	8	27	19	66	
3	41	2	46	1	32	17	68	9	55	7	58	11	43	
7	47	15	43	19	45	17	11	12	57	3	46	0	49	18	63	10	75	14	30	6	50	5	23	
14	43	15	28	17	19	7	41	18	27	16	1	4	49	2	23	19	38	1	18	9	68	
13	52	3	68	10	22	6	74	19	15	11	56	
5	20	12	60	2	39	8	18	11	31	9	7	17	5	10	33	13	58	
13	62	4	56	14	13	10	74	12	52	15	60	16	57	
13	45	15	72	1	7	12	70	5	5	7	42	16	21	0	61	8	22	
14	1	13	33	12	15	1	49	6	38	8	69	4	10	16	30	
13	21	17	74	4	31	14	65	6	40	12	47	18	41	15	25	9	62	
18	66	6	12	8	73	3	19	13	67	7	37	2	1	15	33	14	20	
4	53	5	37	9	66	7	5	1	12	0	55	10	73	
15	18	13	20	18	10	6	37	0	15	1	52	12	68	5	74	3	67	17	36	2	64	8	43	
5	31	8	37	1	14	16	50	14	53	18	26	11	6	15	36	6	47	3	5	9	21	13	63	
4	56	5	13	14	66	16	33	17	49	18	35	12	48	13	55	
5	52	19	17	3	37	16	43	2	36	10	68	13	21	18	49	12	60	
18	12	9	16	1	4	7	45	12	35	
0	21	9	13	10	40	11	74	15	35	12	25	3	14	16	65	5	18	2	29	17	26	
17	73	18	55	15	31	13	14	0	49	14	38	19	72	2	10	
5	23	16	38	13	32	12	6	11	71	14	16	
10	30	15	60	19	38	16	27	18	35	8	74	
19	73	18	70	11	59	17	5	13	11	12	36	1	72	0	55	
12	46	17	14	6	57	7	8	10	38	9	44	3	34	5	67	19	71	14	2	4	59	18	17	
2	49	16	39	8	50	19	1	17	63	0	29	14	46	12	34	9	23	13	56	3	51	1	33	
14	27	3	51	15	48	10	29	7	62	18	52	0	68	13	3	5	26	11	58	9	25	6	38	
8	22	16	71	19	48	17	62	15	39	7	68	14	18	9	34	1	66	3	55	2	52	
16	19	14	72	12	59	19	53	10	58	11	44	4	7	7	42	1	11	8	32	5	71	9	18	
18	23	12	49	4	63	5	52	0	38	14	24	
5	64	13	52	18	43	7	54	16	19	1	30	15	18	2	58	17	51	10	40	
3	34	19	10	15	28	12	55	14	61	9	65	8	3	5	13	17	45	18	43	16	56	2	52	
3	40	7	46	17	15	11	57	9	54	
1	14	9	48	10	29	15	54	14	52	19	45	8	8	13	28	17	49	18	62	16	4	
11	34	8	69	0	55	2	9	1	33	
1	62	17	26	18	23	12	38	2	17	8	14	6	7	4	60	11	50	
5	8	16	38	12	54	18	66	10	23	17	75	2	51	
11	47	10	20	1	44	16	22	2	1	6	68	18	50	12	13	7	73	
3	75	4	29	5	69	15	70	14	14	10	8	8	11	19	60	0	39	
0	62	5	60	11	38	16	54	10	20	18	1	1	36	4	55	3	22	15	17	
0	75	7	65	12	33	4	23	3	51	15	37	17	29	19	44	6	30	1	24	16	49	
13	58	5	61	18	21	14	11	19	65	0	47	3	5	1	74	4	19	
4	1	10	16	6	56	1	74	5	3	17	49	18	52	7	28	15	26	14	62	0	67	
8	70	11	69	17	34	14	29	5	13	1	7	19	5	12	52	6	28	9	16	16	67	
8	36	2	8	11	26	5	40	0	62	17	39	16	48	7	47	14	44	6	61	1	33	4	46	
8	65	12	53	10	60	6	44	0	56	
11	5	12	47	7	50	1	16	10	71	8	25	14	36	19	65	
4	48	16	65	12	6	2	13	11	73	14	45	8	33	9	3	18	5	1	22	
9	27	6	50	3	26	12	75	5	57	19	12	8	25	4	16	
2	56	14	21	15	49	9	7	6	68	10	28	0	35	
17	6	2	48	4	44	6	68	7	45	14	72	
11	9	5	6	10	20	2	40	13	7	4	33	7	54	6	11	16	61	18	51	
8	75	12	14	13	56	10	52	1	72	7	54	
15	48	14	49	4	50	6	15	18	39	12	72	8	52	5	37	17	14	10	24	0	20	16	3	
12	70	7	22	2	51	17	67	9	63	11	57	6	9	15	20	16	59	5	32	
13	2	18	55	6	27	10	32	16	36	17	4	14	75	
8	36	18	54	6	37	14	47	5	66	15	2	9	19	10	73	12	53	4	30	
8	45	19	36	4	38	5	13	6	39	13	42	11	68	10	11	17	54	
13	63	3	57	9	37	1	55	0	18	15	40	17	61	11	32	4	1	10	9	
2	6	14	72	5	65	10	21	13	74	8	64	15	16	9	59	4	75	1	34	
3	27	11	58	4	28	0	69	19	16	5	52	
17	19	5	64	18	14	13	75	2	30	1	61	0	3	15	8	16	43	3	33	9	39	14	24	
3	59	13	52	14	50	2	66	19	20	18	47	17	19	11	17	10	42	5	64	12	44	1	33	
2	18	19	59	14	42	6	58	12	24	9	48	5	33	
3	59	4	7	9	66	1	67	0	45	6	51	18	22	16	27	11	54	19	44	15	1	12	46	
6	5	5	63	17	42	9	19	4	44	10	18	18	71	
1	65	3	40	4	8	15	23	11	52	0	64	
0	27	4	70	16	28	12	9	2	74	8	7	
14	66	11	67	9	70	1	43	12	23	7	65	2	2	5	22	4	49	0	39	
19	2	9	45	6	52	12	5	11	65	17	56	18	71	13	48	
4	13	7	62	18	47	2	23	5	61	19	59	14	4	16	10	
8	75	14	40	15	25	16	18	12	39	1	15	4	5	
10	44	2	61	6	19	19	56	11	17	9	36	5	25	18	66	14	70	15	23	1	8	3	50	
2	44	15	42	9	10	4	55	3	52	1	3	0	46	12	41	10	14	5	6	14	8	7	56	

All component type numbers for each job to be processed by MFPM
7	5	
1	15	4	2	
1	5	
2	1	6	3	
1	4	2	17	7	21	4	11	
9	16	5	21	
1	2	9	11	6	12	
5	23	
9	21	7	17	
0	5	7	11	
0	17	3	21	4	13	9	4	1	2	
0	20	8	9	1	13	3	8	5	2	
2	20	
6	10	3	11	0	16	2	13	
3	3	1	21	
3	13	5	25	9	7	
5	11	9	14	
3	12	8	8	
3	9	5	8	9	11	
2	9	4	24	5	17	
6	16	1	11	4	20	5	7	
4	1	6	20	0	18	3	17	
0	12	4	1	
9	1	
9	22	3	9	7	25	
8	11	6	14	7	24	1	23	4	12	
1	21	7	10	4	1	6	5	0	18	
0	13	4	6	
7	9	4	23	1	18	0	14	
6	14	
3	11	2	5	5	15	
1	25	4	9	8	2	7	5	
8	14	
1	11	
9	6	3	10	5	12	
0	17	
8	1	6	17	1	21	3	11	9	19	
1	15	9	21	8	19	3	3	4	9	
1	5	9	9	3	10	
0	13	9	21	
2	25	9	3	6	4	3	7	
3	2	
5	4	1	9	7	6	
5	18	0	22	8	24	
6	1	7	5	1	18	
4	10	9	13	5	19	0	7	
1	21	5	19	
8	13	5	19	
8	15	6	22	0	18	9	12	3	24	
7	25	8	11	2	22	
9	22	
4	25	9	17	7	7	3	2	
8	7	
5	11	
4	21	9	11	5	7	7	20	3	9	
6	11	
6	19	4	21	8	22	
2	22	0	2	4	10	5	6	
2	1	1	22	7	14	4	11	
5	16	2	12	
5	21	7	12	3	20	
9	6	6	1	3	9	
4	14	0	9	1	1	
8	14	9	23	4	10	1	21	
9	20	7	3	3	25	
1	10	9	16	4	18	3	21	
7	3	0	1	
7	18	4	23	8	8	
5	12	9	23	
7	10	4	6	6	21	
1	15	3	14	8	5	
6	12	2	23	1	13	9	7	
5	21	0	18	9	17	
5	19	9	2	6	20	8	9	3	3	
8	11	
9	6	2	19	
6	20	8	21	1	13	2	8	7	23	
2	1	5	14	
4	25	5	23	1	8	2	1	
8	20	7	12	1	5	3	23	4	9	
8	19	
2	6	9	11	6	5	5	15	7	4	
4	9	8	23	2	19	
2	22	4	13	7	4	1	7	
3	19	2	18	7	9	5	2	
5	10	8	15	
9	11	8	4	
3	1	9	10	
4	21	2	18	5	15	7	5	0	7	
8	5	5	13	
4	24	
4	11	3	14	2	15	7	20	
6	18	5	14	9	6	2	19	
9	4	7	10	2	15	3	16	
8	18	1	21	7	7	
9	1	3	19	7	11	
6	2	
9	14	3	23	4	10	
2	20	5	19	
2	23	
7	16	1	20	0	8	4	13	
0	10	4	11	3	25	6	5	5	14	
5	23	
8	8	6	5	9	15	
7	10	6	24	8	18	
6	22	0	19	9	18	1	5	
5	2	4	7	7	9	
2	17	5	6	0	21	6	4	
4	7	8	5	2	1	3	22	
5	11	6	6	1	15	4	20	3	12	
9	11	6	9	1	10	5	22	
7	2	8	15	3	9	1	12	2	8	
9	17	0	22	4	12	
7	22	
7	7	3	8	4	22	
5	7	3	9	2	18	
1	23	5	15	
0	9	2	4	5	2	1	10	
4	14	8	15	9	19	1	4	
7	7	
9	17	0	6	3	20	
2	15	9	19	
8	4	6	21	
1	13	6	8	3	19	9	15	0	21	
1	22	7	23	2	11	8	6	6	4	
1	24	6	18	7	25	8	13	
5	13	7	14	0	16	
8	24	7	10	9	18	0	17	
2	25	
4	10	2	22	
9	13	1	25	3	4	5	1	
3	12	5	13	4	11	6	17	9	24	
6	7	5	19	7	16	4	22	
5	23	6	12	9	19	3	11	8	8	
1	14	7	3	9	16	5	8	3	10	
2	23	7	6	
4	18	6	13	
5	22	3	10	0	21	7	8	
5	11	0	23	
1	5	2	7	9	23	0	14	
3	11	8	13	2	12	
1	10	2	13	0	7	7	5	
9	5	1	6	3	16	7	20	
0	22	9	25	1	12	8	14	
0	2	
7	24	2	25	
6	10	9	23	2	5	
4	18	5	11	6	8	
8	13	6	9	
7	13	8	14	1	10	4	20	
7	14	0	11	5	12	4	9	3	8	
1	9	6	24	4	15	
9	13	3	18	5	23	1	15	
1	1	0	16	
8	16	2	11	7	10	1	22	5	24	
5	6	9	15	
3	23	2	7	1	19	
5	1	9	16	2	21	
9	7	5	22	1	12	4	9	
6	6	
7	4	5	15	2	16	8	14	
3	14	8	11	
1	12	3	18	6	6	
1	10	5	3	0	18	3	2	2	19	
3	13	6	19	1	17	0	3	7	21	
0	13	6	2	
9	15	6	25	2	20	
4	23	3	15	
2	25	
0	23	4	18	5	10	2	17	7	13	
2	25	8	3	3	12	
6	4	7	21	
8	17	
2	13	
4	18	3	21	1	1	6	23	2	2	
7	20	2	18	
0	22	5	17	2	25	4	1	7	16	
0	5	
3	18	6	21	0	19	4	15	9	13	
2	1	
7	19	
9	14	
6	21	2	3	5	4	
5	23	8	1	
2	15	6	22	
8	17	9	13	
8	20	5	4	
4	23	3	19	0	12	
7	7	9	13	8	18	
6	7	0	3	9	16	5	20	7	24	
4	4	0	7	
2	23	4	15	
9	1	5	5	4	17	6	13	
7	2	3	5	4	24	0	19	
9	13	3	8	
7	11	2	1	1	16	6	19	0	17	
8	19	6	25	3	12	2	13	
0	3	9	1	3	16	4	13	8	14	
0	15	9	19	
1	4	

Three processing times per job on each machine
The best scenario
798	531	
402	595	
468	346	
453	874	
515	190	
953	792	
246	82	
349	269	
695	429	
1036	743	
432	184	
608	484	
197	210	
89	92	
567	493	
145	143	
80	65	
491	480	
316	665	
326	785	
214	351	
474	391	
460	634	
137	199	
491	426	
439	281	
628	1116	
642	726	
61	237	
265	106	
411	457	
167	215	
696	885	
146	529	
380	986	
531	281	
419	210	
709	1008	
294	383	
242	526	
500	1179	
143	77	
776	325	
925	1285	
254	556	
227	178	
1077	667	
95	170	
412	668	
911	432	
595	1278	
173	133	
452	349	
114	405	
44	151	
27	82	
860	945	
177	95	
163	529	
423	779	
1237	615	
160	188	
1037	505	
127	87	
554	610	
156	203	
575	487	
68	192	
490	827	
322	519	
763	449	
176	221	
116	114	
394	472	
299	290	
237	131	
268	274	
185	302	
297	816	
196	272	
102	106	
131	265	
409	317	
404	412	
122	122	
718	305	
471	282	
105	74	
926	395	
824	792	
47	121	
200	830	
128	433	
44	130	
436	661	
249	472	
122	255	
371	133	
260	202	
308	497	
570	538	
224	84	
77	40	
80	63	
274	211	
660	721	
278	144	
404	339	
786	544	
1110	692	
331	327	
777	447	
317	352	
625	621	
886	713	
206	870	
466	451	
122	239	
375	386	
351	249	
333	198	
229	89	
136	305	
370	264	
379	749	
505	491	
548	230	
50	71	
277	348	
92	113	
382	650	
1252	515	
662	953	
257	761	
1142	600	
531	560	
374	774	
198	200	
232	210	
881	451	
242	139	
96	291	
287	158	
408	493	
488	322	
435	305	
564	438	
221	384	
356	549	
219	217	
359	405	
329	239	
496	393	
239	291	
1043	969	
1117	419	
580	911	
535	788	
662	671	
215	58	
232	455	
101	125	
136	201	
287	397	
474	547	
225	134	
282	136	
882	373	
606	777	
165	92	
401	348	
176	198	
561	402	
246	199	
162	430	
342	705	
547	199	
280	116	
64	194	
649	358	
482	511	
319	176	
404	145	
50	72	
519	674	
651	876	
696	986	
182	248	
397	340	
164	180	
511	509	
335	299	
487	472	
299	321	
369	489	
368	395	
75	252	
325	1194	
570	788	
878	935	
Most likely scenario
1400	559	
601	612	
825	480	
532	880	
986	256	
1045	1319	
280	107	
438	333	
844	568	
1043	780	
451	243	
1098	588	
237	300	
93	164	
659	557	
147	227	
135	72	
851	583	
452	830	
503	1109	
293	380	
480	519	
835	928	
150	211	
661	728	
552	304	
891	1305	
1058	748	
102	270	
366	188	
657	475	
242	378	
1108	1040	
279	969	
449	1003	
545	292	
475	267	
1209	1139	
575	587	
255	684	
604	1477	
259	112	
1469	565	
1441	1350	
431	713	
420	200	
1277	779	
141	294	
508	739	
1052	642	
1024	1415	
184	194	
757	663	
140	407	
70	180	
47	150	
993	977	
184	97	
184	711	
663	871	
1306	1182	
310	302	
1313	807	
189	161	
593	1010	
180	213	
1087	782	
77	193	
887	1171	
641	571	
1092	488	
284	248	
205	163	
647	690	
452	310	
263	182	
282	400	
247	321	
593	884	
230	513	
139	151	
239	465	
605	497	
480	511	
129	127	
859	531	
529	401	
106	117	
951	469	
1029	1127	
71	168	
309	980	
242	450	
74	133	
535	1195	
478	616	
176	328	
499	140	
288	325	
325	498	
637	901	
340	167	
149	67	
131	71	
372	313	
720	993	
293	177	
510	384	
947	918	
1379	1085	
351	408	
1093	714	
386	405	
703	693	
900	822	
403	1040	
659	654	
161	335	
652	397	
358	446	
336	220	
339	152	
208	563	
520	415	
729	806	
936	592	
836	343	
66	76	
365	379	
108	182	
572	728	
1330	657	
738	1079	
453	938	
1236	653	
712	702	
408	1036	
277	293	
282	273	
1115	890	
386	194	
135	346	
409	217	
604	692	
709	576	
655	307	
606	624	
262	425	
710	831	
375	227	
653	466	
530	288	
907	600	
376	473	
1329	1176	
1136	425	
766	1049	
950	898	
1210	765	
217	106	
381	708	
162	166	
165	248	
442	468	
937	877	
388	261	
437	266	
1083	475	
748	1009	
181	126	
458	541	
180	216	
834	449	
348	336	
240	761	
376	750	
628	280	
312	147	
68	213	
817	484	
586	642	
360	188	
443	212	
80	109	
866	1232	
707	969	
914	1182	
303	305	
627	429	
249	244	
992	548	
446	449	
592	529	
337	377	
496	572	
561	543	
113	389	
446	1235	
952	1162	
1343	1315	
The worst scenario
1528	836	
749	803	
903	710	
725	1148	
1120	371	
1452	1518	
365	119	
476	437	
1093	729	
1272	1006	
536	289	
1359	640	
299	394	
108	174	
928	682	
195	240	
184	82	
1241	671	
520	976	
549	1365	
299	453	
586	777	
1202	967	
175	250	
877	745	
793	456	
912	1860	
1260	870	
150	372	
526	263	
863	698	
329	484	
1509	1080	
302	1268	
650	1149	
785	308	
696	294	
1583	1211	
797	780	
330	857	
623	1971	
287	129	
2044	650	
1739	1441	
586	963	
596	227	
1390	1144	
172	332	
644	892	
1466	706	
1427	1580	
250	245	
980	765	
182	410	
93	194	
50	225	
1009	979	
193	105	
240	808	
916	882	
1908	1203	
393	304	
1800	1137	
266	167	
783	1318	
246	221	
1517	1111	
79	280	
1114	1394	
824	624	
1620	675	
296	316	
270	244	
787	890	
622	445	
355	199	
328	485	
300	395	
837	1033	
284	572	
155	195	
310	659	
621	525	
648	665	
153	170	
1239	760	
592	419	
145	151	
1243	541	
1360	1188	
105	221	
345	1347	
260	533	
84	145	
722	1759	
610	668	
189	383	
513	198	
392	448	
402	665	
751	1125	
366	179	
150	97	
157	96	
408	398	
754	1368	
341	240	
635	554	
1306	973	
2002	1253	
499	434	
1377	952	
464	598	
976	797	
936	871	
448	1232	
757	700	
169	348	
955	500	
377	546	
468	312	
411	202	
311	661	
712	596	
1080	1113	
1119	782	
1085	438	
89	98	
394	494	
117	238	
834	1036	
1879	855	
751	1172	
572	1037	
1588	689	
789	778	
512	1311	
286	392	
353	325	
1366	1302	
474	196	
171	388	
451	325	
807	905	
915	805	
697	457	
647	846	
337	596	
779	928	
510	302	
899	672	
733	398	
1161	885	
445	516	
1657	1177	
1233	623	
980	1184	
1064	1077	
1600	829	
296	111	
512	1024	
217	196	
229	302	
455	525	
1317	1281	
579	270	
627	276	
1529	508	
859	1344	
267	165	
525	794	
243	248	
940	574	
422	445	
252	825	
516	779	
882	346	
457	150	
70	216	
836	707	
595	878	
368	233	
571	254	
103	123	
1297	1315	
709	1377	
1320	1736	
322	457	
721	580	
289	324	
1116	716	
489	653	
669	779	
358	408	
664	586	
800	780	
143	461	
663	1303	
1323	1249	
1581	1482	
