Factories	7	Jobs	50	Machines	2

Total number of component types per job processed by HSPM
10	6	8	11	11	6	7	6	6	6	10	8	11	9	9	5	10	8	9	10	8	11	12	11	11	5	11	7	9	5	10	9	12	10	11	8	8	6	5	9	8	7	5	11	6	10	6	11	10	9	

Total number of component types per job processed by MFPM
3	5	5	5	5	4	3	2	1	4	1	1	2	5	1	1	5	1	3	1	1	4	5	1	1	3	5	1	1	2	2	4	4	3	2	4	1	5	2	3	2	4	2	4	5	1	2	2	4	1	

All component type numbers for each job to be processed by HSPM
9	70	0	30	14	14	19	41	6	49	13	64	17	52	4	2	3	3	2	56	
14	26	12	6	11	14	0	16	1	62	4	12	
9	1	5	59	11	16	14	68	2	15	4	69	17	31	7	23	
17	44	11	61	13	3	19	23	4	20	16	10	2	25	9	46	15	15	10	57	7	45	
16	2	13	4	2	52	15	22	9	47	10	69	12	30	19	64	4	63	14	41	8	14	
1	12	10	57	15	38	14	37	12	32	0	72	
1	62	15	5	14	44	13	4	8	39	2	51	11	55	
17	47	5	57	12	54	7	1	13	58	18	21	
3	54	8	19	17	3	19	42	2	60	16	20	
15	40	6	12	3	55	4	38	9	39	0	59	
1	42	0	40	15	3	9	72	8	68	13	25	5	73	17	11	10	21	14	62	
15	28	4	32	8	48	0	73	3	64	6	16	11	65	5	53	
19	51	5	61	9	71	14	74	16	69	12	40	1	36	10	53	3	64	4	6	6	8	
7	53	14	34	8	61	12	71	2	28	15	27	3	8	16	26	17	45	
10	3	1	28	12	20	3	9	0	53	16	17	13	33	6	31	9	56	
6	8	15	69	18	71	0	61	11	57	
0	24	13	8	7	23	18	45	5	39	14	35	10	66	12	2	3	56	15	27	
4	74	3	63	19	43	6	41	16	50	18	57	8	66	0	35	
10	74	1	3	17	37	12	4	19	2	7	55	4	41	18	69	15	33	
1	2	13	75	16	41	8	1	2	71	7	33	3	69	19	68	6	23	0	51	
8	33	5	62	11	43	9	64	7	60	15	74	17	3	18	22	
8	61	14	41	7	72	4	20	9	2	11	60	12	19	15	65	18	66	17	26	3	52	
4	7	12	53	5	37	15	40	17	72	7	39	14	10	0	8	8	22	10	62	2	52	13	9	
19	34	16	30	10	41	15	45	4	5	2	60	9	56	5	1	17	36	3	20	18	54	
3	28	14	74	1	7	16	39	17	71	0	43	4	73	18	55	10	13	13	40	8	44	
13	70	11	9	4	46	6	54	18	35	
11	24	6	26	3	44	12	15	8	35	0	56	15	61	1	47	5	58	9	67	18	6	
17	24	16	16	19	68	10	2	6	72	4	55	3	54	
11	60	18	48	19	50	4	70	2	18	7	57	3	29	10	73	14	40	
0	1	18	2	7	31	6	7	11	8	
18	56	17	59	14	74	6	23	1	57	0	24	3	72	15	49	4	67	10	46	
6	31	3	6	14	1	4	25	15	48	12	15	17	68	16	53	1	50	
9	57	19	11	16	46	8	63	18	50	13	49	17	62	6	56	14	3	15	31	1	72	10	61	
15	9	7	73	14	68	19	33	8	22	2	31	5	17	4	1	10	32	6	61	
6	10	7	3	5	53	0	56	19	75	13	34	9	35	12	26	1	14	17	69	4	43	
4	66	17	48	9	1	11	10	10	47	5	72	0	21	19	62	
8	75	19	4	10	60	0	47	18	36	2	70	17	34	13	37	
14	46	15	64	18	61	3	75	10	58	1	71	
1	66	12	41	17	68	18	56	19	53	
9	29	17	10	12	35	5	37	3	69	14	58	19	18	4	5	15	34	
14	17	19	26	8	73	1	49	18	12	6	35	2	70	0	32	
19	68	11	15	6	13	15	37	2	17	5	46	1	41	
3	29	19	70	6	42	16	73	14	20	
19	14	9	62	4	23	0	50	8	35	17	6	5	59	18	21	2	67	16	10	6	30	
8	21	15	15	12	66	6	63	10	67	7	40	
19	42	12	47	8	20	16	71	4	31	1	35	5	37	9	10	2	41	17	50	
16	72	19	57	2	51	12	70	3	68	17	18	
4	26	19	39	0	62	18	20	14	32	6	43	13	13	11	18	16	72	7	30	12	14	
9	52	19	13	0	64	14	7	13	26	1	69	10	55	4	62	11	60	8	5	
1	39	13	5	12	48	9	43	8	66	16	54	3	3	19	20	18	50	

All component type numbers for each job to be processed by MFPM
6	24	3	16	5	13	
0	22	7	10	6	7	2	24	9	17	
7	12	6	14	3	8	9	19	8	15	
1	8	4	21	3	17	0	16	6	14	
2	22	6	10	7	18	8	5	9	20	
8	19	2	17	4	15	7	9	
5	13	3	21	9	17	
6	11	4	17	
4	17	
9	1	1	16	5	20	4	15	
8	6	
2	25	
5	19	0	9	
8	12	2	13	3	17	7	4	1	6	
1	8	
7	13	
3	19	2	3	9	12	1	14	5	18	
1	25	
4	22	2	9	8	15	
3	5	
8	25	
3	9	7	10	9	1	2	17	
5	17	7	4	2	16	9	10	8	18	
8	9	
9	2	
9	23	7	20	3	8	
8	16	4	12	0	22	5	18	9	21	
1	14	
8	18	
2	12	0	8	
2	12	7	15	
4	14	5	22	0	20	6	19	
8	4	5	25	4	22	1	24	
7	15	5	11	2	22	
7	17	1	9	
8	16	6	5	4	24	1	14	
9	19	
8	5	1	4	4	20	0	12	9	18	
2	19	4	9	
6	25	0	24	4	6	
8	7	5	2	
2	21	7	6	4	25	3	14	
6	2	2	17	
3	3	8	18	2	9	7	25	
1	20	8	19	2	14	9	6	3	2	
8	10	
5	20	9	22	
3	20	0	10	
0	20	1	25	7	14	4	7	
2	19	

Three processing times per job on each machine
The best scenario
885	1010	
272	232	
414	477	
535	630	
521	412	
358	162	
212	1223	
233	351	
126	209	
175	88	
1080	1111	
403	672	
144	511	
185	697	
245	555	
442	215	
353	1064	
255	223	
408	697	
172	196	
680	646	
715	705	
626	567	
374	576	
243	154	
385	337	
382	202	
558	182	
226	375	
258	132	
426	472	
142	89	
330	392	
844	342	
471	380	
279	487	
93	80	
196	859	
598	320	
71	56	
200	509	
385	375	
1343	623	
131	162	
105	117	
290	334	
327	531	
716	1102	
117	107	
366	588	
Most likely scenario
1500	1362	
432	416	
429	805	
916	774	
987	431	
541	259	
402	1327	
376	592	
153	414	
251	153	
1160	1351	
465	693	
288	574	
246	712	
448	775	
534	363	
699	1099	
401	295	
611	916	
189	374	
768	849	
907	752	
661	702	
454	773	
391	250	
430	370	
397	343	
861	326	
333	647	
264	180	
652	733	
195	168	
410	453	
1077	408	
575	645	
345	523	
114	119	
287	961	
778	578	
110	78	
392	633	
432	400	
1413	791	
146	225	
133	229	
310	602	
407	646	
952	1126	
151	139	
376	638	
The worst scenario
1834	1677	
640	588	
555	968	
1286	958	
1133	492	
688	274	
600	1891	
554	621	
226	448	
273	201	
1506	1365	
491	926	
414	750	
257	1038	
645	825	
575	504	
758	1108	
507	425	
767	1181	
232	495	
1026	1026	
1229	851	
812	798	
531	1044	
466	323	
506	383	
441	509	
1105	445	
410	740	
389	252	
837	871	
291	222	
518	564	
1455	549	
576	919	
373	712	
163	156	
371	1053	
1004	581	
125	102	
524	929	
550	490	
1540	1036	
154	292	
148	266	
362	848	
533	681	
1211	1486	
197	163	
385	777	
