Factories	2	Jobs	50	Machines	2

Total number of component types per job processed by HSPM
5	9	7	9	11	8	10	7	10	5	12	11	8	7	9	7	8	6	7	6	6	7	10	12	8	8	10	8	11	7	7	7	12	6	8	12	9	9	8	12	7	11	10	6	12	6	7	11	7	9	

Total number of component types per job processed by MFPM
3	2	1	3	2	1	2	1	3	2	1	3	1	3	3	3	4	3	1	4	4	3	1	2	3	2	3	5	4	5	3	2	2	3	5	3	4	4	5	2	4	2	2	3	5	4	2	3	1	3	

All component type numbers for each job to be processed by HSPM
3	59	0	75	6	68	7	3	16	70	
18	32	10	33	17	59	6	31	5	24	12	8	4	29	15	75	13	44	
14	10	13	30	11	73	6	74	1	56	15	14	12	60	
9	70	15	23	4	61	13	58	5	28	11	33	18	9	1	68	7	29	
1	12	9	37	4	4	8	39	5	31	16	66	17	33	12	30	2	34	15	75	7	69	
7	57	0	30	2	72	12	8	6	34	17	25	16	54	8	46	
7	24	15	56	5	8	13	52	9	42	10	48	2	59	19	40	1	22	0	49	
7	57	0	23	5	66	19	59	11	25	8	18	9	9	
8	46	18	3	1	14	12	32	5	43	3	50	16	8	6	17	14	71	11	23	
3	47	16	60	0	48	19	23	7	26	
11	6	0	41	4	14	3	71	17	16	8	57	13	21	14	26	7	13	2	11	9	31	19	8	
11	29	12	9	4	75	15	71	19	30	2	40	6	34	5	52	3	18	14	3	18	56	
6	45	14	27	10	17	16	5	1	71	3	34	19	21	7	64	
5	22	14	75	0	26	2	70	7	14	19	34	13	29	
5	9	1	63	10	28	12	40	3	37	8	16	6	3	14	75	4	58	
11	74	9	34	1	48	2	71	10	61	7	1	4	58	
9	4	4	64	11	6	6	3	16	54	10	24	19	65	14	41	
9	36	12	45	17	33	18	65	19	60	14	31	
9	7	16	11	6	21	2	56	4	18	12	35	7	29	
6	7	15	40	14	66	19	33	7	23	16	35	
10	8	7	7	11	53	1	62	9	33	3	16	
10	25	5	15	7	63	3	66	18	28	6	5	2	49	
17	54	13	12	5	16	11	66	12	37	16	10	7	17	6	39	19	47	14	52	
0	29	9	41	6	65	7	73	13	66	3	12	15	59	12	54	14	34	5	45	8	24	10	14	
13	70	2	55	4	8	9	5	10	2	0	7	15	23	12	68	
6	67	7	24	4	18	18	59	0	19	17	31	3	46	19	51	
19	73	12	49	16	38	8	35	15	1	6	17	0	64	10	2	18	50	7	70	
17	40	7	14	18	65	19	24	4	21	3	43	14	18	12	50	
15	19	18	68	3	56	6	73	9	32	16	35	14	23	5	50	4	37	13	66	17	33	
6	53	8	41	2	18	9	16	7	62	3	47	14	8	
14	26	0	17	9	63	2	57	11	54	7	32	16	28	
5	33	1	3	11	59	8	63	3	61	15	24	10	72	
18	18	5	58	12	40	6	54	13	13	17	71	0	62	15	68	14	11	1	23	4	46	2	35	
17	4	12	21	9	41	2	37	6	69	15	56	
17	31	13	53	18	62	10	29	19	37	4	33	16	18	5	72	
10	1	4	28	19	59	0	38	18	40	14	6	1	58	16	53	6	39	17	23	8	22	11	18	
7	21	8	19	14	55	11	51	9	67	19	20	10	8	0	11	13	39	
15	20	0	44	13	65	19	67	6	66	16	61	10	26	1	27	4	68	
14	13	9	52	16	19	5	35	1	59	6	56	18	58	11	6	
6	60	4	10	16	44	13	49	12	35	3	61	10	7	15	48	18	12	2	1	19	24	17	70	
18	5	9	45	7	64	0	66	1	1	13	55	11	42	
15	1	4	9	5	22	7	17	3	56	10	36	16	20	0	21	9	7	17	65	2	48	
4	34	6	67	2	33	3	48	14	14	5	46	8	51	1	35	11	64	7	41	
0	69	10	3	3	62	12	28	17	19	7	59	
4	1	13	37	2	9	14	25	7	41	8	43	15	70	9	33	19	49	16	2	18	10	6	12	
7	70	12	49	9	54	3	14	1	15	19	34	
17	37	19	10	15	53	5	2	13	23	16	17	3	69	
0	20	11	9	15	34	3	18	2	42	17	52	14	33	19	24	18	48	9	5	16	54	
19	45	13	40	5	18	14	69	16	32	10	58	9	3	
19	53	3	10	0	24	16	5	13	8	8	43	9	9	6	67	2	65	

All component type numbers for each job to be processed by MFPM
9	2	6	5	3	13	
2	3	0	9	
2	16	
5	17	6	3	7	6	
5	14	4	7	
4	24	
9	6	1	4	
1	21	
4	23	3	19	6	3	
7	10	0	3	
9	14	
7	21	9	17	1	5	
3	2	
1	8	6	2	3	21	
8	14	4	5	0	6	
3	13	5	15	4	10	
9	8	5	19	2	10	4	15	
1	11	7	15	6	6	
9	16	
3	8	5	11	4	3	1	2	
7	19	4	10	0	12	9	2	
1	14	2	15	9	4	
2	24	
2	7	9	12	
2	21	9	8	5	20	
3	3	6	7	
2	10	5	22	4	13	
0	11	7	8	2	10	4	5	1	17	
1	16	3	21	6	12	0	17	
0	1	7	25	5	20	6	2	3	13	
2	6	1	8	9	17	
3	12	5	17	
3	3	6	16	
8	24	5	21	0	17	
7	1	1	19	6	24	0	7	3	13	
6	12	2	4	3	13	
5	10	7	16	3	21	8	20	
1	5	0	19	7	17	9	14	
3	19	7	1	5	10	0	17	9	11	
9	9	7	6	
7	19	1	18	5	9	3	17	
6	24	0	4	
3	12	1	7	
2	6	8	5	1	7	
4	25	2	24	3	9	7	3	9	17	
3	7	9	3	0	23	8	8	
2	16	5	10	
0	8	4	12	2	11	
5	3	
0	14	5	24	4	3	

Three processing times per job on each machine
The best scenario
47	77	
112	147	
81	101	
132	102	
273	436	
314	130	
73	242	
140	166	
55	67	
35	32	
201	142	
464	140	
33	48	
486	170	
56	97	
13	19	
160	93	
108	50	
253	182	
249	309	
242	198	
39	23	
160	79	
322	330	
50	130	
145	67	
52	192	
398	284	
127	230	
82	55	
391	273	
38	63	
110	184	
137	128	
111	335	
280	173	
154	155	
29	29	
248	304	
69	58	
247	379	
205	253	
179	65	
167	230	
209	192	
152	144	
67	81	
118	103	
180	156	
334	232	
Most likely scenario
52	140	
139	202	
114	133	
208	193	
305	503	
435	228	
141	254	
199	227	
77	85	
51	42	
312	147	
592	269	
57	73	
511	181	
72	100	
22	23	
233	173	
198	94	
409	216	
380	358	
258	326	
75	30	
161	80	
379	417	
60	131	
239	109	
90	195	
460	351	
205	252	
154	77	
493	516	
69	72	
163	275	
213	252	
184	479	
308	201	
179	174	
31	33	
400	384	
70	62	
440	464	
350	298	
194	101	
188	264	
272	326	
169	214	
115	106	
131	194	
315	247	
564	271	
The worst scenario
54	150	
156	257	
118	168	
263	248	
351	587	
648	285	
184	333	
209	260	
97	100	
62	47	
354	157	
847	374	
62	106	
640	222	
97	128	
31	24	
279	209	
258	123	
464	324	
479	507	
384	424	
112	40	
223	86	
470	420	
79	164	
324	134	
97	230	
566	371	
219	344	
206	113	
681	671	
84	76	
199	340	
276	369	
201	575	
358	257	
212	207	
34	45	
500	416	
72	87	
621	495	
357	436	
272	122	
231	396	
406	337	
181	216	
162	107	
153	267	
390	276	
581	366	
