Factories	3	Jobs	100	Machines	2

Total number of component types per job processed by HSPM
11	10	8	8	6	5	11	9	11	7	5	8	5	5	9	5	10	11	7	11	9	5	11	11	6	10	6	9	9	10	10	12	12	9	8	12	12	12	5	7	10	12	12	5	10	8	5	5	11	8	7	7	8	8	9	12	6	9	8	10	8	6	12	12	8	5	11	9	7	12	10	12	6	7	9	5	5	7	6	6	12	5	5	8	8	8	7	6	9	11	9	10	10	10	7	7	8	6	7	8	

Total number of component types per job processed by MFPM
2	1	5	2	2	5	2	3	3	2	5	4	2	5	2	5	1	5	2	1	5	4	3	5	2	4	1	5	3	1	4	3	3	2	2	1	1	3	4	3	1	5	3	2	2	4	1	1	5	5	5	4	4	5	3	3	2	1	1	1	4	5	5	3	3	5	4	3	5	2	3	2	3	2	2	2	5	2	3	4	5	5	4	5	2	2	4	4	3	3	1	2	1	1	1	3	1	5	3	1	

All component type numbers for each job to be processed by HSPM
3	39	4	8	8	3	17	50	16	69	19	54	11	30	2	19	13	40	14	12	7	23	
13	15	12	41	1	74	5	19	14	61	17	43	6	70	10	52	8	31	15	27	
13	15	15	12	17	32	1	23	18	42	7	8	12	41	11	71	
4	3	16	57	14	30	11	50	5	38	15	59	10	34	17	23	
5	70	16	65	9	54	12	17	10	40	11	9	
6	71	0	58	4	25	11	9	13	72	
2	67	6	11	11	45	12	24	17	74	4	42	13	60	10	7	1	13	0	2	9	39	
12	49	8	41	19	11	18	9	1	40	16	71	14	70	10	34	5	69	
7	3	17	33	3	23	19	24	0	62	16	14	6	35	9	58	4	10	14	50	1	45	
8	56	15	27	6	63	13	22	17	1	14	31	4	35	
7	6	10	18	1	41	6	29	13	38	
11	28	2	21	12	52	13	65	17	18	9	39	4	30	5	17	
17	66	14	1	19	24	1	65	18	21	
8	49	1	2	13	25	0	24	15	72	
2	12	13	22	3	66	4	34	10	56	18	26	1	61	11	47	19	62	
18	38	17	51	9	6	2	24	1	47	
7	33	15	2	10	11	9	53	6	60	13	44	3	3	1	38	2	29	18	9	
4	32	13	35	14	49	8	28	9	10	15	15	7	25	19	11	18	24	3	26	5	23	
18	48	9	45	2	56	17	23	6	40	14	52	0	15	
9	3	10	39	5	25	8	5	3	47	14	53	16	22	13	58	19	64	1	56	7	51	
7	11	18	61	0	38	5	52	19	1	6	27	12	22	8	42	4	39	
9	37	13	26	0	40	19	31	5	19	
10	35	5	18	12	49	14	67	8	47	2	64	18	61	17	71	11	8	6	52	3	12	
8	2	19	14	9	39	17	47	5	21	14	53	3	19	4	60	6	67	18	59	10	8	
19	10	18	45	6	17	3	21	2	38	15	70	
3	39	10	31	5	41	18	32	13	62	2	67	15	16	19	3	12	9	14	73	
0	41	6	7	2	46	9	4	12	49	13	28	
2	56	18	75	3	47	7	5	4	74	13	60	16	6	5	7	8	28	
15	43	5	72	2	10	18	13	14	15	19	17	1	73	8	38	12	66	
11	61	2	56	9	3	6	72	13	74	3	41	19	4	14	24	12	43	16	40	
10	15	5	56	2	46	1	66	6	45	18	69	14	13	15	41	19	53	16	20	
9	31	6	75	8	5	17	60	5	45	4	10	11	65	7	2	16	74	15	57	13	6	2	36	
17	71	0	51	9	64	5	31	8	53	19	11	13	26	15	68	14	2	11	29	16	28	3	14	
13	71	19	61	5	33	0	34	15	37	14	5	17	72	9	7	12	73	
16	31	8	45	15	10	0	22	6	68	14	55	12	19	19	74	
13	10	9	13	3	6	2	9	0	50	5	60	6	23	14	43	7	74	1	68	11	48	19	4	
4	56	9	3	6	51	2	53	8	33	19	61	15	50	5	71	17	25	0	28	11	12	7	16	
8	12	14	71	17	35	12	63	13	40	11	49	4	14	3	52	9	47	1	19	7	5	0	74	
4	65	8	52	3	73	11	7	19	20	
1	10	19	61	2	70	6	63	8	39	3	14	7	6	
13	67	10	5	5	62	7	20	4	69	2	34	0	73	17	23	18	12	9	30	
15	39	2	4	10	57	6	56	18	61	12	8	11	28	0	43	17	40	3	36	8	26	4	52	
2	20	14	17	10	33	7	12	17	53	4	43	18	25	1	14	5	13	12	71	15	32	6	47	
1	55	13	34	11	16	15	19	17	54	
0	20	15	42	4	61	12	53	13	25	16	27	19	10	7	29	3	73	6	49	
11	5	8	49	5	53	16	3	18	20	4	45	3	35	6	19	
19	50	15	48	6	11	11	32	5	65	
5	49	16	56	14	58	13	44	7	47	
4	21	13	7	11	67	9	53	2	70	6	22	15	73	18	48	8	16	17	49	3	39	
10	20	4	34	2	71	5	75	0	11	13	49	16	74	18	12	
7	68	4	34	11	39	19	30	18	4	10	56	6	10	
1	67	16	41	13	52	6	61	7	28	2	44	4	15	
14	6	6	75	19	33	13	54	16	57	18	16	11	64	1	23	
9	1	5	8	17	36	4	50	14	20	0	26	8	3	12	59	
4	3	10	17	1	60	0	19	16	5	13	26	5	15	15	9	9	50	
7	36	16	11	15	32	14	10	19	18	10	12	6	48	11	6	3	67	9	7	2	27	8	41	
14	68	2	11	12	42	9	48	16	23	13	72	
17	4	9	46	11	28	15	32	1	14	16	42	10	3	0	21	12	66	
13	24	19	23	17	7	11	38	14	74	12	64	18	54	6	15	
14	61	3	50	2	70	10	32	9	2	13	37	18	43	1	14	11	42	7	21	
12	10	4	13	19	3	10	55	13	70	0	31	9	18	17	41	
10	4	5	7	3	70	1	10	0	12	17	52	
14	42	9	52	18	4	2	47	0	7	7	73	16	37	4	64	19	62	13	55	6	15	3	49	
9	70	3	19	14	15	1	22	16	62	5	4	19	9	11	72	18	35	8	75	4	26	6	68	
19	36	3	42	16	28	15	20	7	32	17	22	0	17	1	51	
14	28	17	30	8	74	1	23	6	48	
3	64	16	75	11	8	9	43	14	34	6	25	18	6	4	19	13	22	17	15	1	42	
6	62	14	11	16	44	13	18	11	14	2	23	8	72	10	69	12	70	
2	33	13	66	10	65	5	41	19	2	4	16	12	59	
10	58	0	73	3	70	4	64	15	1	2	61	7	3	17	51	18	47	9	4	8	35	14	43	
8	13	16	26	5	46	3	41	19	37	7	54	4	38	10	2	14	15	0	64	
16	36	3	74	8	66	15	67	1	49	9	6	2	1	0	29	5	58	18	42	14	61	11	33	
14	42	12	59	10	46	15	31	13	22	4	3	
4	26	18	53	6	29	19	10	11	60	1	55	14	46	
18	17	13	64	15	59	8	47	16	28	1	42	19	30	10	2	12	18	
1	15	6	41	3	57	12	3	8	14	
8	75	15	59	5	41	17	71	19	31	
12	27	19	63	3	64	17	46	15	11	0	57	18	66	
13	37	19	75	4	51	10	33	8	64	11	54	
2	43	4	73	5	32	14	3	1	55	16	27	
5	54	9	21	15	69	13	70	16	15	1	6	10	19	4	14	2	66	18	72	7	37	8	49	
18	34	11	18	2	63	14	40	16	38	
13	6	4	69	12	66	17	46	1	54	
9	47	10	29	4	30	19	70	3	23	18	38	12	75	0	10	
1	57	3	66	11	55	2	1	9	67	15	12	0	7	13	52	
6	3	18	12	13	54	17	69	0	5	9	41	19	27	7	75	
8	37	12	34	0	26	4	20	5	65	1	71	18	47	
10	62	18	15	14	74	15	44	12	48	3	55	
15	46	3	63	19	29	7	59	10	4	9	72	4	30	17	49	8	23	
2	1	16	51	9	68	7	31	5	43	18	29	19	72	4	23	12	27	3	59	8	17	
12	73	1	7	19	4	13	18	3	24	2	49	4	50	6	61	15	26	
1	41	17	66	7	46	19	74	13	27	4	6	9	73	14	24	18	29	6	8	
10	64	6	71	13	46	8	51	17	39	1	24	7	65	9	19	19	75	4	17	
8	2	11	75	18	26	3	15	17	50	5	60	15	72	16	14	10	65	0	25	
11	27	0	74	12	33	6	21	8	55	13	61	1	11	
19	8	8	7	13	68	14	60	16	34	2	42	6	23	
6	59	12	60	0	47	17	1	13	5	3	17	9	13	19	43	
15	26	18	70	19	55	8	73	9	45	1	42	
13	52	5	60	0	69	2	40	12	8	8	2	7	35	
7	39	19	47	0	25	3	59	11	51	18	7	8	52	5	8	

All component type numbers for each job to be processed by MFPM
2	23	9	21	
3	25	
0	22	2	4	9	16	8	25	3	15	
4	8	8	25	
3	14	6	20	
2	18	4	5	3	15	5	21	1	25	
2	11	7	23	
1	14	0	10	6	11	
9	18	5	3	7	9	
2	20	8	10	
5	9	6	13	3	15	1	18	2	1	
9	12	8	7	2	18	3	1	
1	12	0	1	
2	18	5	11	4	23	3	13	7	24	
6	7	5	25	
5	11	6	25	8	4	9	14	4	9	
8	16	
9	24	7	11	3	12	0	13	5	22	
1	20	9	8	
0	14	
7	9	5	2	8	20	6	15	0	10	
6	25	7	14	4	21	2	8	
5	5	8	12	0	23	
7	18	0	24	5	3	8	4	6	6	
8	23	3	13	
5	15	7	9	1	23	8	17	
9	23	
5	10	3	11	1	15	7	9	2	4	
1	3	3	17	2	15	
8	13	
1	15	3	14	0	13	7	8	
4	25	5	15	3	10	
0	8	1	24	6	9	
0	8	8	4	
8	2	2	12	
3	14	
8	8	
8	13	6	15	7	10	
4	20	3	22	8	12	9	16	
0	17	7	19	8	25	
5	7	
0	25	6	5	2	9	3	1	5	3	
6	16	0	15	1	1	
6	23	7	19	
2	16	0	25	
1	23	6	21	9	7	4	17	
9	3	
9	7	
3	5	6	10	1	6	4	7	8	25	
4	5	0	16	9	10	6	22	1	17	
0	20	1	1	9	10	8	6	5	24	
0	17	7	9	4	12	6	22	
3	5	1	15	8	19	5	2	
0	4	8	21	6	15	1	3	3	2	
8	18	3	20	5	8	
7	8	8	17	0	19	
8	4	3	16	
7	20	
4	1	
3	16	
7	14	3	20	0	7	2	4	
5	12	4	7	1	24	2	8	7	4	
8	21	1	3	7	7	0	2	3	5	
9	21	4	12	5	10	
8	18	5	7	4	16	
7	20	1	17	4	13	6	11	5	21	
0	3	9	6	1	24	7	4	
9	20	6	2	3	6	
0	2	7	13	2	9	4	3	9	21	
1	2	4	25	
2	7	6	15	5	9	
2	1	4	7	
3	9	6	24	7	13	
5	18	6	4	
0	21	2	24	
9	1	5	9	
4	6	0	10	2	18	1	20	5	16	
9	12	6	11	
7	12	8	6	1	10	
6	9	9	21	3	11	2	13	
7	23	6	25	5	5	1	4	0	19	
6	24	4	12	8	17	0	15	7	21	
9	10	4	23	7	22	0	1	
4	20	7	3	5	23	2	8	9	1	
4	3	8	11	
4	6	8	21	
0	13	6	25	9	21	3	3	
5	20	2	23	7	11	3	7	
4	24	6	1	9	11	
3	15	2	12	7	16	
5	10	
4	12	9	11	
3	2	
2	12	
1	1	
0	16	5	2	4	14	
8	24	
0	3	9	11	8	12	6	20	5	8	
6	9	1	13	8	23	
8	2	

Three processing times per job on each machine
The best scenario
68	133	
89	86	
12	63	
55	51	
54	120	
257	139	
94	145	
450	246	
194	83	
204	278	
59	100	
78	29	
357	342	
92	87	
127	125	
43	80	
29	56	
190	97	
206	64	
110	80	
224	349	
34	22	
48	163	
31	20	
78	94	
226	269	
102	34	
130	111	
244	314	
94	143	
207	234	
393	375	
177	333	
128	113	
61	34	
95	96	
82	74	
499	238	
130	150	
87	122	
190	177	
362	295	
47	99	
344	188	
15	24	
238	113	
169	149	
31	43	
73	96	
62	73	
66	33	
398	231	
172	83	
358	91	
16	23	
101	57	
36	139	
167	165	
135	142	
78	57	
341	230	
89	172	
154	313	
202	116	
25	39	
110	123	
306	200	
160	118	
290	216	
21	32	
154	58	
95	67	
86	49	
60	39	
102	121	
24	21	
92	195	
419	304	
131	81	
78	222	
134	163	
216	213	
215	214	
53	102	
97	58	
106	98	
77	51	
146	195	
139	198	
30	12	
150	414	
95	129	
132	142	
163	100	
66	72	
70	49	
87	148	
334	206	
26	23	
191	112	
Most likely scenario
102	264	
141	135	
24	80	
60	54	
107	133	
294	157	
102	202	
497	277	
255	136	
219	302	
81	200	
89	50	
477	515	
115	125	
215	219	
74	102	
42	67	
263	110	
300	83	
123	157	
245	446	
52	26	
84	230	
52	33	
133	99	
403	389	
169	61	
185	186	
383	367	
111	214	
234	244	
545	547	
237	466	
165	149	
66	42	
150	184	
100	138	
597	239	
140	294	
140	226	
364	197	
436	433	
87	168	
438	264	
16	40	
312	176	
228	289	
57	49	
79	119	
95	85	
71	66	
410	246	
330	155	
363	108	
27	24	
125	109	
68	191	
221	258	
186	203	
84	63	
420	306	
126	268	
293	413	
257	126	
49	49	
175	198	
357	310	
297	229	
450	429	
26	55	
166	79	
102	80	
104	91	
77	53	
164	152	
39	35	
148	214	
441	336	
155	105	
92	224	
260	276	
240	277	
301	261	
81	118	
157	63	
144	189	
97	98	
227	376	
198	216	
46	22	
162	443	
156	145	
180	250	
171	145	
108	106	
123	85	
150	187	
371	291	
30	32	
229	187	
The worst scenario
116	388	
210	146	
35	83	
77	61	
136	178	
436	193	
113	209	
733	413	
280	155	
325	326	
95	264	
109	57	
550	755	
120	163	
242	220	
90	134	
48	72	
372	128	
376	123	
158	221	
292	547	
72	27	
119	296	
66	46	
177	113	
424	419	
218	63	
265	233	
427	467	
138	272	
267	253	
777	650	
273	669	
216	218	
92	63	
197	267	
119	203	
623	318	
207	354	
147	233	
527	245	
641	604	
106	235	
570	363	
22	47	
395	229	
310	348	
84	50	
118	121	
116	109	
105	84	
557	338	
431	218	
491	143	
33	33	
184	144	
90	263	
239	330	
202	295	
85	87	
444	451	
146	272	
426	457	
319	133	
53	52	
228	287	
535	416	
361	270	
616	593	
29	63	
236	98	
120	84	
146	120	
111	55	
209	205	
58	46	
197	282	
504	384	
165	150	
108	253	
386	325	
327	306	
428	331	
113	166	
232	87	
157	226	
138	113	
316	403	
288	290	
54	27	
219	544	
175	160	
255	354	
228	163	
110	158	
139	123	
156	201	
462	419	
42	38	
303	201	
