Factories	6	Jobs	150	Machines	3

Total number of component types per job processed by HSPM
8	10	8	6	5	6	5	7	10	11	6	12	11	6	7	9	7	7	10	5	6	9	7	7	9	6	8	5	12	10	10	11	8	6	5	9	11	9	7	9	12	10	6	7	9	8	5	10	11	5	9	10	5	9	12	9	9	11	10	7	12	5	10	9	11	9	7	11	5	6	8	6	11	8	5	10	6	7	11	8	7	6	9	9	5	7	12	11	10	5	8	6	7	10	8	9	9	10	7	11	12	7	8	7	8	7	12	6	9	11	10	11	11	9	11	12	12	12	6	5	12	10	9	9	12	7	10	11	11	9	5	9	7	11	7	11	10	5	10	11	10	12	9	5	5	6	7	8	12	9	

Total number of component types per job processed by MFPM
5	3	1	1	3	4	1	3	2	4	4	5	4	1	2	2	2	2	2	3	5	1	3	4	1	4	1	3	5	5	1	2	4	1	2	3	2	5	4	5	3	5	2	1	2	5	4	3	1	4	1	5	5	2	1	1	2	5	3	1	2	5	5	3	3	4	5	5	1	5	1	4	2	1	5	3	2	2	2	3	1	4	4	1	3	1	1	4	2	1	1	2	2	4	2	4	5	1	4	4	1	5	2	1	2	3	3	5	3	1	2	4	4	1	4	4	5	5	4	2	4	1	3	5	2	1	1	3	4	3	5	3	4	4	5	4	4	4	5	1	1	5	5	3	5	3	1	2	4	3	3	2	3	5	5	1	1	1	3	1	4	5	5	1	4	5	5	2	1	1	3	4	5	1	3	4	1	3	4	3	3	2	3	1	4	5	1	5	1	5	3	1	4	5	1	2	2	3	1	2	3	5	1	2	5	3	3	1	5	5	3	5	3	1	4	3	2	1	2	4	3	3	1	1	2	5	5	1	1	4	5	4	2	1	1	2	4	5	1	1	2	2	2	2	2	1	5	2	1	2	5	2	4	1	2	2	3	4	2	4	5	3	2	3	1	3	3	4	1	4	2	4	4	2	3	4	2	1	5	4	4	2	4	3	1	2	2	2	5	5	5	3	2	3	3	5	3	3	3	4	

All component type numbers for each job to be processed by HSPM
18	70	17	25	6	41	4	48	13	63	1	35	16	71	2	7	
10	67	6	46	3	57	0	75	7	14	5	36	1	50	14	1	4	61	18	35	
7	47	16	10	18	58	10	66	6	43	11	21	3	52	15	11	
1	30	16	73	7	72	9	48	2	46	18	64	
11	36	16	75	19	16	13	49	0	51	
9	49	10	55	3	48	11	53	6	21	16	31	
12	38	8	71	5	64	17	67	7	20	
0	50	8	74	17	6	3	38	1	37	9	66	12	32	
0	46	11	18	15	16	10	19	16	29	1	12	6	38	2	68	8	48	7	36	
17	54	13	50	7	27	16	21	19	45	11	51	14	53	0	71	18	41	5	49	9	74	
8	18	3	62	2	33	16	23	19	58	17	22	
16	57	9	38	8	60	6	48	11	18	13	26	5	35	0	62	7	7	17	59	3	31	10	16	
1	22	7	2	14	52	18	45	16	23	13	34	5	16	17	35	2	53	4	65	9	21	
18	73	1	54	0	25	17	41	10	53	15	43	
7	37	16	7	19	25	12	55	8	42	9	27	5	12	
17	49	6	55	8	59	1	18	4	27	18	56	9	50	13	1	3	47	
14	50	3	63	2	57	17	54	8	15	16	20	5	53	
18	39	8	74	10	16	5	51	15	65	1	10	7	27	
18	56	11	61	9	23	19	28	12	62	7	52	14	22	4	43	16	12	3	17	
17	23	12	73	7	69	13	17	16	26	
13	33	14	29	8	13	15	72	5	7	12	4	
5	69	17	22	9	45	11	72	16	75	10	1	19	57	13	26	4	70	
12	65	13	74	4	59	14	41	6	46	18	20	3	19	
3	4	11	10	4	66	1	18	12	69	2	26	7	61	
1	50	8	75	5	47	17	39	9	17	12	73	18	19	0	56	14	62	
2	13	9	7	3	5	18	34	4	64	5	45	
17	56	9	27	7	20	1	73	12	7	14	31	18	63	5	52	
19	13	11	29	9	44	13	19	12	4	
11	72	19	12	12	27	7	20	6	16	2	43	13	36	10	68	18	32	16	54	5	39	9	42	
12	45	14	65	3	18	9	44	19	10	17	59	18	51	8	3	13	12	2	22	
13	21	12	58	7	7	19	65	11	23	16	25	5	36	0	14	18	41	10	10	
2	44	19	17	0	74	3	15	8	30	17	23	10	58	11	22	9	36	6	34	13	70	
13	71	9	5	5	9	8	54	7	70	12	3	14	12	16	11	
12	19	14	5	16	13	13	33	5	63	0	10	
14	68	5	65	17	24	2	48	11	60	
7	16	14	18	10	64	15	37	13	2	11	19	18	45	8	59	6	14	
13	11	3	16	4	66	17	75	0	3	8	6	7	29	10	22	16	48	19	59	9	44	
13	51	16	27	7	28	8	37	6	14	11	52	14	16	0	48	12	54	
13	50	16	3	19	4	3	44	12	61	2	10	15	52	
9	42	4	69	13	47	16	23	17	17	19	27	3	51	1	2	11	7	
9	54	13	5	0	1	8	74	5	65	4	18	7	3	18	12	15	57	17	22	6	6	14	15	
16	53	14	46	5	5	19	17	6	16	3	64	8	4	17	9	13	69	2	47	
7	67	0	27	18	5	5	73	12	71	17	49	
19	43	4	6	5	25	1	29	13	23	18	44	2	64	
15	24	14	54	18	27	17	17	6	5	0	33	7	71	11	35	8	26	
9	51	7	67	18	26	4	47	12	54	11	3	13	44	16	70	
4	73	7	22	10	20	1	36	3	17	
4	25	17	5	1	20	14	47	19	35	13	22	12	43	5	26	9	71	8	72	
13	15	9	28	17	50	19	29	5	26	3	30	0	12	18	7	16	10	15	4	12	69	
6	15	4	55	2	45	1	70	14	22	
1	13	5	24	15	36	17	31	0	40	14	34	12	41	4	68	10	64	
16	53	10	59	11	19	9	2	13	33	0	60	6	62	7	66	5	40	18	69	
19	37	16	38	18	40	0	16	8	4	
6	27	10	12	16	21	4	19	11	58	17	2	2	17	0	43	18	51	
10	47	3	74	19	45	11	29	5	26	0	35	12	24	9	50	1	72	4	33	15	67	2	46	
18	71	19	34	3	1	11	62	15	73	16	8	17	32	12	74	8	60	
6	21	11	37	14	41	10	47	8	71	3	52	15	3	7	49	19	4	
4	19	10	5	3	37	11	66	0	70	7	39	6	28	17	55	2	29	19	17	18	58	
1	39	3	6	16	33	5	73	15	42	19	21	13	48	10	20	0	74	14	65	
19	59	8	6	13	8	11	70	14	3	1	56	3	75	
3	71	15	39	7	66	18	18	0	47	8	11	11	16	16	51	13	56	4	41	2	15	6	3	
17	69	15	34	12	47	5	55	19	5	
18	18	11	51	0	30	12	17	14	53	2	31	13	59	8	52	19	67	16	35	
12	3	1	14	0	39	18	71	10	74	6	16	7	42	9	17	8	2	
19	74	17	44	0	29	16	32	12	37	13	20	5	50	3	60	15	55	10	28	14	12	
15	40	12	71	6	65	17	37	5	18	4	63	9	36	10	42	19	72	
10	42	19	47	9	50	15	45	12	25	6	10	3	35	
8	33	0	70	15	63	16	2	4	66	1	69	14	43	18	67	7	35	17	22	3	18	
18	35	11	50	19	25	7	54	14	13	
18	6	14	59	13	71	7	21	4	11	2	47	
7	73	1	24	3	68	17	20	0	17	2	70	18	27	12	51	
12	44	13	41	7	24	2	69	16	37	5	15	
17	51	18	12	13	25	0	3	4	43	7	68	2	32	9	23	11	4	16	29	12	62	
18	49	15	13	12	29	6	17	0	58	5	68	17	15	8	60	
9	3	16	71	0	8	5	61	7	55	
12	63	3	46	1	74	13	22	17	48	6	52	4	9	0	33	5	70	9	10	
6	50	7	9	2	58	4	25	13	7	9	44	
19	68	16	47	15	71	3	9	18	20	12	18	8	11	
17	55	18	74	9	7	10	49	4	13	15	26	16	52	13	33	6	48	11	22	8	16	
6	64	11	31	9	71	3	25	12	6	14	2	13	34	8	62	
12	14	13	59	19	67	7	36	10	50	1	4	0	6	
17	15	8	53	7	16	13	41	12	74	3	61	
1	38	9	36	3	64	15	37	8	26	17	44	5	40	16	9	13	75	
17	45	15	19	13	8	2	58	12	41	11	12	9	31	16	11	5	13	
0	12	15	40	10	70	12	3	8	38	
6	18	5	53	0	29	17	30	4	56	2	47	7	20	
5	62	6	40	15	2	0	49	12	66	13	22	18	38	7	53	14	11	11	42	2	31	1	36	
18	68	16	15	17	31	1	69	12	20	6	30	8	61	2	25	15	17	7	50	11	51	
12	42	5	10	1	64	13	28	7	44	16	65	17	31	9	26	15	74	3	61	
14	48	5	12	12	3	16	5	10	54	
4	1	13	49	16	19	8	44	12	25	5	22	1	50	15	20	
0	9	16	15	4	7	19	16	17	35	1	54	
13	58	2	21	8	52	18	57	6	43	5	23	12	25	
13	69	4	41	11	50	16	48	12	40	1	67	5	5	19	65	2	2	3	60	
4	38	9	75	18	56	7	59	10	74	13	37	0	63	15	51	
7	58	14	23	17	74	5	38	6	30	16	34	12	49	1	62	11	75	
2	31	19	55	12	66	4	21	6	56	14	46	18	70	8	3	1	29	
12	56	11	33	5	64	10	3	6	69	7	70	14	74	9	43	4	54	13	71	
16	36	19	61	11	25	15	26	2	13	9	32	0	47	
19	23	15	71	14	62	3	48	12	38	18	30	2	19	6	12	5	17	10	64	0	67	
7	15	18	50	3	62	1	20	14	74	15	70	13	46	4	53	2	57	19	47	5	38	6	6	
0	49	14	47	13	42	10	60	16	8	18	27	2	51	
12	26	13	72	11	37	19	8	15	7	3	65	4	30	2	75	
0	8	13	10	9	15	7	69	16	41	1	7	15	32	
13	18	8	17	10	36	3	49	0	69	6	66	12	11	17	63	
12	55	18	46	7	27	15	20	1	70	8	40	5	1	
16	23	17	28	1	40	3	63	5	46	9	59	18	8	8	68	12	65	6	51	0	45	11	50	
7	17	1	75	10	27	5	5	8	18	12	30	
8	34	3	59	18	14	9	57	15	24	14	56	4	33	1	8	12	50	
5	20	19	44	13	54	16	63	9	24	3	41	18	56	7	16	15	11	11	38	17	1	
2	27	12	4	17	41	13	48	16	63	19	43	18	59	10	66	7	34	4	74	
10	71	18	65	1	10	17	61	4	59	9	34	2	37	3	53	6	44	12	15	15	33	
0	73	19	31	11	69	4	6	13	38	15	21	18	23	14	36	5	55	17	48	7	53	
10	30	13	23	8	29	19	48	17	69	12	49	16	58	6	31	7	6	
4	6	17	69	7	20	18	64	2	37	1	4	10	55	19	21	0	39	11	44	3	61	
13	50	8	19	19	25	12	31	6	17	0	40	9	70	3	61	15	52	10	66	11	39	7	68	
6	3	15	31	17	70	19	39	14	22	3	30	1	12	13	15	18	46	2	20	11	53	0	14	
6	16	10	23	17	29	5	15	4	25	13	42	14	2	16	72	3	7	18	14	0	64	19	1	
5	23	14	40	12	73	15	60	10	1	6	18	
15	44	1	7	3	3	4	42	19	70	
5	60	11	21	6	64	10	30	19	61	3	52	14	6	9	47	16	75	17	32	15	1	0	35	
8	39	18	56	6	49	0	26	3	41	10	72	5	31	9	28	17	55	2	19	
7	5	8	63	11	19	2	59	9	67	13	52	16	60	19	53	15	22	
3	45	19	54	2	1	13	60	4	17	1	70	7	31	17	26	14	67	
13	38	14	69	10	6	3	10	15	12	6	27	17	51	2	52	7	16	12	39	9	1	16	5	
12	33	1	47	0	44	18	3	10	8	14	70	16	32	
14	25	15	59	11	40	13	57	7	49	12	65	1	16	4	11	18	72	3	45	
5	32	12	30	10	48	4	67	16	62	7	54	8	8	14	50	15	70	17	20	11	41	
5	23	14	60	12	74	13	34	6	44	1	54	8	29	16	18	4	30	17	73	0	61	
2	50	14	48	16	29	13	22	19	51	6	67	17	12	18	17	9	10	
16	1	3	19	1	30	5	65	11	45	
8	19	6	28	4	2	5	9	1	52	14	37	10	47	2	55	18	67	
18	13	4	40	5	27	11	30	15	6	13	52	6	72	
11	59	10	31	5	73	18	28	9	25	7	38	15	21	1	45	14	20	6	72	12	64	
9	52	6	72	19	70	4	59	17	63	16	13	0	73	
13	36	10	37	5	53	3	63	15	50	6	46	16	68	19	39	12	15	1	57	11	34	
13	51	7	26	4	19	10	17	8	60	18	67	9	61	16	11	5	36	11	63	
13	37	18	22	15	56	12	75	2	26	
13	28	16	21	0	25	11	31	4	1	5	27	8	6	3	10	15	71	9	55	
3	16	1	62	9	67	14	60	12	38	19	54	10	30	11	65	5	32	8	10	18	43	
13	57	16	9	9	13	6	54	10	27	3	31	4	37	11	2	5	65	12	53	
16	33	3	4	15	7	19	57	14	36	9	2	18	40	0	22	1	39	6	42	13	6	7	51	
17	18	0	46	4	26	13	47	2	25	16	24	6	12	10	44	15	36	
14	12	2	32	10	40	17	19	15	56	
9	27	17	25	7	71	10	21	13	48	
0	24	5	69	13	32	12	70	8	22	10	6	
19	48	13	20	14	45	3	71	4	34	5	11	16	42	
1	21	15	38	2	53	9	57	5	67	6	44	7	24	18	63	
3	34	17	51	19	24	2	42	13	62	8	58	4	22	10	3	16	66	1	40	5	27	0	68	
11	11	1	56	19	48	0	32	4	26	10	6	8	53	6	75	17	58	

All component type numbers for each job to be processed by MFPM
1	12	4	22	7	8	6	24	2	20	
1	44	4	39	6	29	
2	23	
4	46	
4	16	8	19	7	9	
7	35	1	28	9	44	5	33	
4	23	
4	38	1	43	7	27	
3	6	9	3	
7	48	8	41	5	33	0	43	
9	12	3	2	6	4	5	3	
7	29	8	30	6	39	9	35	2	40	
0	2	4	18	7	22	2	13	
8	44	
4	25	7	2	
7	37	9	34	
0	18	8	1	
2	34	1	42	
1	20	5	14	
3	50	1	32	0	49	
1	17	0	9	3	15	2	6	9	5	
4	28	
9	19	2	23	1	1	
7	44	0	30	2	28	5	26	
5	17	
1	41	8	49	2	29	0	46	
1	20	
2	49	5	38	0	32	
8	7	4	8	9	18	6	25	1	16	
7	38	4	30	3	43	6	29	8	41	
5	20	
0	36	5	38	
4	20	2	6	8	11	5	17	
8	30	
9	6	6	15	
5	32	4	50	9	39	
1	14	4	13	
3	46	5	48	6	40	2	32	0	31	
5	11	7	21	6	14	4	8	
3	35	4	26	0	37	1	49	9	48	
5	21	1	2	0	15	
0	43	9	28	7	34	1	39	2	33	
3	3	5	10	
8	33	
4	22	1	10	
9	42	4	28	5	44	7	48	6	37	
6	17	0	5	1	6	4	2	
2	45	7	41	0	34	
5	2	
4	38	5	49	8	46	7	35	
2	21	
6	30	1	35	3	37	9	32	8	41	
2	19	7	4	1	24	6	25	4	23	
5	33	6	35	
8	5	
7	30	
7	23	9	16	
7	44	9	33	6	26	4	50	3	29	
8	15	9	16	1	4	
3	50	
2	5	4	18	
1	34	4	27	5	36	0	30	3	48	
9	13	3	8	0	9	5	6	8	2	
2	47	9	28	7	26	
9	20	5	17	3	18	
4	36	2	47	6	41	1	26	
5	1	4	14	7	10	0	3	6	7	
7	27	5	32	0	40	9	41	8	46	
2	12	
3	39	9	38	4	43	2	35	8	32	
8	6	
0	39	9	48	1	33	7	42	
8	24	6	10	
4	31	
3	17	1	16	9	11	2	2	5	5	
7	31	3	30	6	48	
7	1	2	15	
2	36	0	42	
5	18	9	6	
3	34	0	37	5	40	
4	3	
7	40	5	32	6	47	8	37	
1	4	5	20	4	3	7	16	
6	49	
4	1	9	24	8	21	
4	42	
7	20	
3	36	4	27	7	39	5	29	
2	3	6	18	
0	26	
1	13	
1	40	3	47	
5	23	2	24	
4	48	6	45	5	33	8	46	
3	21	6	17	
5	41	8	47	7	28	1	48	
1	17	9	4	7	24	8	19	0	11	
7	35	
1	22	2	8	5	6	7	14	
1	40	9	34	8	35	4	36	
6	16	
9	33	1	36	7	37	6	41	4	39	
6	7	8	23	
4	47	
7	10	1	6	
9	29	8	36	6	43	
1	7	0	4	7	17	
8	49	6	41	9	31	3	40	1	28	
9	8	1	13	6	1	
1	45	
4	17	9	22	
8	46	4	37	2	27	3	26	
3	24	1	9	0	10	7	13	
3	35	
7	7	3	24	2	12	8	19	
3	47	1	42	4	28	6	30	
3	25	8	7	7	19	4	8	9	22	
2	47	7	38	6	46	0	44	8	35	
1	17	0	8	2	24	9	10	
4	44	8	41	
6	23	1	1	0	13	8	9	
6	27	
3	6	4	22	8	3	
9	37	0	28	5	32	1	40	2	48	
8	21	7	23	
7	28	
2	6	
9	30	7	39	8	42	
5	6	1	12	3	18	6	3	
0	37	8	33	7	42	
7	25	5	2	3	7	2	6	4	18	
2	48	1	45	0	44	
3	4	5	14	1	20	6	16	
0	26	5	29	3	44	1	50	
2	19	6	15	1	14	0	3	3	20	
4	44	8	47	1	39	5	27	
9	16	1	6	2	14	7	23	
8	42	4	47	7	27	3	50	
4	3	5	24	2	12	0	21	1	1	
7	43	
7	25	
4	40	6	39	3	29	0	41	8	35	
7	24	9	18	0	6	8	14	4	3	
4	43	9	40	7	39	
5	3	3	25	6	9	2	13	7	19	
0	50	3	38	5	37	
9	5	
8	47	5	34	
0	3	1	18	9	22	6	10	
1	30	5	43	0	39	
1	21	9	24	6	14	
6	49	2	31	
0	23	5	6	4	14	
0	36	7	49	2	35	6	47	4	32	
9	19	3	8	8	20	4	24	1	6	
9	31	
7	12	
0	31	
6	21	8	2	4	6	
8	41	
6	12	9	19	7	2	3	25	
3	44	5	26	8	38	0	40	2	33	
2	7	9	20	0	15	4	4	6	22	
6	50	
8	12	1	10	9	14	0	9	
0	43	5	36	6	41	1	45	2	34	
3	6	9	12	5	18	0	2	1	22	
6	38	2	31	
9	22	
3	27	
6	14	3	2	8	6	
5	48	6	26	2	38	7	44	
3	7	4	13	9	9	1	2	7	1	
7	28	
7	14	5	8	2	21	
9	49	0	34	7	26	2	45	
3	2	
9	40	3	37	0	35	
2	6	4	1	1	8	3	25	
4	34	0	39	7	47	
0	18	7	7	2	1	
4	36	5	35	
2	17	5	10	8	18	
7	47	
0	10	5	14	4	15	8	17	
9	47	1	30	4	38	6	35	3	29	
4	25	
5	31	9	40	0	42	7	48	8	39	
1	4	
0	29	9	27	1	46	4	42	5	32	
5	24	2	19	0	25	
5	49	
4	12	8	24	1	7	2	21	
0	32	5	44	3	50	2	35	6	26	
5	19	
0	50	6	47	
9	10	0	13	
2	42	0	41	9	43	
8	22	
1	47	6	33	
9	14	1	12	2	23	
3	26	8	30	2	49	0	47	6	39	
9	5	
1	34	0	27	
4	23	7	6	6	16	1	18	3	1	
8	32	1	29	4	42	
9	23	6	3	5	11	
6	44	
8	11	6	8	2	25	0	4	4	23	
5	42	2	46	3	44	4	33	6	45	
3	20	9	6	8	21	
1	49	7	35	0	43	2	28	5	38	
4	4	3	16	8	3	
7	45	
9	19	8	8	4	14	6	17	
5	40	1	33	3	28	
8	15	5	3	
0	47	
1	16	2	25	
7	45	9	35	0	31	6	33	
0	17	2	25	1	13	
2	47	9	31	6	26	
3	4	
2	29	
0	19	6	18	
2	31	1	47	9	36	3	48	6	40	
1	2	4	14	2	13	9	16	6	6	
2	41	
1	14	
0	40	7	30	1	48	5	34	
1	11	7	2	9	24	6	16	8	14	
2	44	9	48	6	35	1	46	
0	8	2	21	
8	47	
9	8	
8	50	1	40	
3	22	6	19	7	10	9	14	
4	48	8	30	1	43	6	42	5	49	
4	5	
7	31	
8	16	6	21	
6	44	4	32	
4	10	6	9	
0	38	2	28	
0	9	9	23	
8	28	
2	14	4	13	9	9	6	10	7	19	
4	26	6	33	
0	16	
5	31	2	45	
6	8	7	18	1	6	3	24	4	22	
3	31	1	44	
9	24	2	17	1	19	0	7	
6	40	
2	13	3	10	
1	36	9	40	
6	7	8	8	5	9	
5	28	9	46	2	43	4	37	
6	13	3	2	
1	50	9	34	5	32	2	33	
5	3	0	13	6	1	1	5	9	6	
6	30	7	50	3	27	
2	20	6	16	
6	28	5	46	1	43	
4	15	
6	44	2	33	7	29	
1	19	0	8	7	11	
2	29	5	42	9	45	4	46	
5	21	
1	29	0	28	5	27	6	38	
0	25	3	3	
9	28	7	42	0	34	4	37	
3	20	0	12	8	6	4	11	
9	30	4	36	
3	19	1	9	0	21	
5	26	9	30	3	28	2	35	
2	13	5	18	
9	40	
1	20	5	23	9	13	2	21	0	22	
4	40	2	28	3	43	0	26	
0	3	7	22	4	18	5	15	
8	36	2	46	
7	7	0	8	8	13	3	25	
7	49	9	36	0	30	
1	1	
3	27	7	32	
5	25	3	21	
2	44	7	43	
8	10	9	11	1	3	4	2	0	9	
9	50	5	41	6	36	2	45	1	33	
7	18	5	2	8	10	3	12	1	24	
8	30	2	29	3	27	
9	19	5	6	
9	30	7	37	4	50	
7	5	9	8	5	6	
9	50	4	26	6	36	3	49	8	35	
4	9	0	19	8	14	
5	29	4	26	0	49	
4	22	0	5	7	8	
3	49	7	47	4	33	0	43	

Three processing times per job on each machine
The best scenario
63	27	62	
305	322	171	
112	59	81	
320	143	115	
40	18	114	
163	349	499	
30	37	50	
125	48	36	
57	150	71	
124	178	71	
261	369	244	
343	123	351	
89	266	116	
392	123	269	
18	15	31	
126	144	189	
301	188	156	
83	135	56	
154	131	182	
295	287	112	
241	336	270	
48	87	99	
273	547	282	
154	168	118	
254	268	147	
542	167	112	
58	84	35	
87	67	52	
255	411	115	
76	85	29	
84	84	84	
180	84	131	
262	246	305	
143	73	69	
117	159	193	
111	242	98	
187	230	198	
208	59	83	
358	133	142	
193	336	198	
197	300	258	
89	110	93	
335	156	114	
286	193	234	
116	114	78	
85	96	18	
21	85	46	
64	52	55	
272	384	196	
167	95	159	
23	25	40	
287	200	461	
70	107	82	
123	86	95	
136	193	128	
21	12	13	
155	144	80	
162	233	107	
96	72	163	
32	40	20	
176	96	153	
102	325	147	
469	119	270	
173	81	175	
73	151	178	
84	104	224	
177	34	179	
104	103	106	
65	34	67	
252	333	261	
90	299	168	
80	213	397	
92	55	102	
143	364	202	
129	236	219	
140	90	150	
38	91	78	
28	49	79	
27	23	36	
92	57	30	
336	319	461	
25	45	71	
251	70	344	
257	77	112	
151	160	329	
77	97	110	
18	17	31	
306	66	124	
157	223	303	
204	124	271	
165	352	296	
77	125	101	
128	175	200	
258	367	139	
78	141	51	
168	141	251	
175	209	181	
112	91	132	
73	73	101	
124	61	132	
41	122	116	
111	176	63	
31	27	19	
159	314	180	
85	67	240	
16	79	47	
233	154	129	
262	222	290	
129	144	122	
481	304	107	
105	119	89	
134	106	82	
143	188	306	
162	28	117	
127	136	137	
229	167	433	
259	409	343	
56	259	230	
164	69	160	
86	96	44	
102	57	70	
51	29	18	
283	111	73	
25	64	62	
62	16	39	
173	192	79	
55	36	76	
41	13	27	
305	170	272	
168	92	92	
222	287	275	
104	77	78	
256	143	146	
225	168	110	
137	156	265	
373	300	181	
350	268	146	
56	147	101	
43	27	15	
133	116	183	
45	23	39	
78	178	132	
189	149	391	
74	218	214	
19	17	48	
128	167	131	
110	111	104	
181	207	141	
293	198	119	
265	178	258	
Most likely scenario
67	42	70	
398	534	227	
115	74	115	
338	193	206	
71	32	125	
182	452	510	
49	71	71	
147	65	62	
67	157	122	
238	245	102	
301	415	304	
463	166	391	
175	398	163	
421	221	472	
25	22	34	
152	243	239	
574	191	216	
96	143	92	
250	152	196	
505	537	170	
251	397	273	
87	120	164	
386	581	451	
227	268	156	
261	409	294	
563	198	152	
92	102	43	
92	94	97	
356	519	181	
146	140	47	
96	108	91	
229	163	216	
371	271	431	
145	77	79	
145	306	287	
148	316	136	
306	390	201	
244	85	143	
375	195	229	
251	613	286	
375	456	280	
119	199	98	
499	179	196	
395	281	279	
134	153	97	
88	139	36	
34	107	90	
121	73	64	
440	420	250	
204	145	175	
25	28	44	
340	210	530	
103	122	135	
202	107	100	
169	223	139	
36	23	20	
233	270	106	
189	256	172	
138	81	187	
43	44	33	
333	192	247	
118	334	160	
471	159	400	
217	127	278	
100	169	342	
136	135	349	
183	63	201	
139	142	112	
82	55	109	
377	335	507	
165	425	203	
127	280	409	
95	67	167	
204	411	262	
141	273	435	
187	105	181	
73	176	95	
56	82	83	
38	35	59	
117	102	46	
409	499	494	
38	65	79	
364	129	401	
307	80	119	
297	197	360	
83	135	111	
34	28	52	
333	109	213	
295	296	324	
320	152	277	
251	468	356	
130	155	114	
246	201	237	
281	505	212	
115	144	57	
264	145	287	
208	337	259	
175	94	151	
106	103	186	
134	116	214	
65	174	164	
179	288	98	
40	52	21	
189	410	256	
126	96	264	
31	83	71	
438	226	184	
324	410	325	
211	158	200	
501	352	181	
110	201	176	
143	110	92	
180	287	327	
165	51	128	
230	202	211	
455	290	458	
369	526	482	
81	265	245	
213	116	213	
100	103	87	
119	64	76	
82	38	27	
387	196	109	
49	106	101	
83	21	43	
290	195	148	
88	51	90	
46	23	33	
358	246	309	
225	175	107	
366	317	482	
190	103	115	
328	277	246	
229	237	136	
149	171	393	
473	366	360	
460	470	210	
111	190	194	
61	40	20	
259	136	212	
51	32	42	
92	227	198	
279	217	438	
127	248	337	
22	22	83	
243	179	175	
160	128	189	
220	310	152	
333	336	226	
270	221	303	
The worst scenario
90	63	97	
402	617	290	
143	79	157	
414	278	233	
79	36	165	
205	593	685	
59	88	73	
149	74	72	
85	180	132	
255	335	136	
373	559	429	
488	234	575	
189	560	172	
624	258	499	
31	25	51	
179	267	301	
783	279	295	
102	187	108	
338	209	213	
644	708	176	
353	485	333	
104	165	222	
569	815	654	
242	279	222	
363	575	425	
772	267	186	
126	150	48	
120	99	137	
475	670	261	
161	208	49	
115	145	112	
343	187	235	
383	351	462	
188	114	115	
207	443	289	
220	424	193	
350	475	298	
347	95	163	
434	217	231	
255	855	310	
403	501	358	
175	217	103	
618	253	259	
459	360	390	
187	165	133	
127	152	41	
41	150	106	
152	104	71	
607	435	263	
282	188	181	
36	36	46	
507	281	758	
136	143	151	
234	129	105	
210	275	170	
38	27	23	
254	343	141	
267	384	216	
149	111	218	
54	56	47	
337	266	264	
145	415	213	
649	231	425	
245	177	372	
138	237	360	
140	173	371	
221	64	258	
150	154	147	
107	57	157	
427	488	554	
192	457	280	
131	407	446	
112	86	186	
212	475	389	
165	292	488	
228	146	208	
84	228	106	
65	109	114	
47	49	84	
169	106	49	
598	745	596	
42	69	111	
432	148	546	
321	102	138	
361	203	461	
113	155	166	
46	40	73	
394	141	288	
306	431	429	
447	155	404	
328	551	431	
174	186	154	
265	221	334	
293	709	224	
121	210	77	
369	195	331	
217	403	387	
239	116	212	
122	127	226	
184	133	289	
91	214	243	
203	405	143	
55	54	29	
223	518	309	
144	125	379	
43	93	87	
632	322	227	
453	532	436	
238	201	222	
567	473	187	
165	260	189	
159	123	128	
192	342	366	
234	75	131	
318	247	283	
565	329	627	
462	545	544	
84	318	363	
267	150	307	
114	132	98	
154	91	114	
90	49	31	
528	274	135	
54	146	104	
87	29	60	
426	282	178	
107	68	91	
59	33	39	
498	266	352	
317	198	121	
401	370	645	
247	154	157	
485	317	328	
231	325	145	
190	190	513	
524	440	424	
631	592	291	
144	265	233	
68	46	24	
372	183	313	
61	47	55	
107	277	224	
352	318	559	
155	330	501	
31	27	95	
257	231	245	
237	140	201	
289	461	174	
377	484	311	
311	277	331	
