Factories	2	Jobs	50	Machines	3

Total number of component types per job processed by HSPM
12	10	10	10	8	8	5	10	11	12	9	11	5	11	10	12	7	5	8	8	10	12	5	8	7	6	11	11	8	12	11	11	7	12	12	10	5	12	9	5	5	8	7	8	11	5	5	10	7	7	

Total number of component types per job processed by MFPM
3	3	1	1	4	3	1	2	4	5	4	4	5	5	1	1	1	3	2	1	5	5	1	3	5	3	3	5	4	2	2	3	2	5	1	4	1	4	5	5	3	1	2	2	1	3	1	3	2	3	4	5	5	2	2	1	4	1	4	2	2	4	4	1	1	4	2	1	1	1	1	4	2	1	1	4	3	2	1	3	2	5	3	1	2	5	1	2	3	3	2	1	5	5	1	3	5	1	2	2	

All component type numbers for each job to be processed by HSPM
15	25	13	73	8	26	6	48	0	11	2	15	7	56	18	62	5	37	10	30	1	13	17	2	
10	18	14	69	5	50	7	67	17	19	9	16	0	32	4	39	6	49	19	74	
0	64	7	14	5	55	17	41	11	51	16	34	2	19	1	15	13	50	10	71	
12	1	2	56	17	45	13	13	5	29	8	26	16	52	1	61	15	27	7	3	
13	30	6	46	17	19	4	59	14	70	3	41	16	31	19	24	
1	40	10	12	2	3	3	48	8	41	15	71	12	16	4	31	
2	5	15	37	7	48	8	73	12	63	
11	56	16	11	10	30	5	31	18	6	17	63	8	28	19	3	3	67	0	44	
4	2	2	20	9	8	18	44	19	64	13	10	16	42	5	14	3	36	17	27	7	46	
5	11	19	65	12	26	11	20	3	30	7	59	18	42	1	58	6	56	10	22	0	31	9	68	
11	66	12	63	19	60	1	65	8	32	3	2	10	75	5	16	18	15	
16	54	14	70	19	44	11	75	9	56	4	45	7	33	3	1	8	46	1	62	15	52	
11	36	7	66	4	48	0	10	3	54	
19	9	12	63	5	14	8	17	18	2	11	32	3	42	6	61	15	68	10	75	7	55	
2	7	6	66	13	65	14	10	1	28	11	42	8	51	7	52	18	61	4	2	
1	60	3	15	17	59	12	28	10	51	18	20	11	63	9	24	6	3	13	40	19	4	15	12	
4	60	12	35	7	13	19	59	16	39	9	23	15	10	
1	12	6	74	5	48	19	47	4	73	
10	57	7	48	6	47	16	54	12	18	2	30	14	46	18	61	
18	62	0	34	7	7	8	9	12	21	5	36	16	61	13	43	
10	6	9	31	11	16	8	62	19	74	18	60	3	63	12	70	2	18	7	54	
6	32	7	66	13	49	16	35	12	6	14	64	3	51	9	36	1	3	5	12	10	7	19	18	
14	57	1	2	3	34	0	35	18	54	
10	29	16	10	12	27	11	8	18	20	5	51	8	19	0	34	
15	35	12	38	18	30	14	18	1	45	17	29	6	51	
10	69	8	71	1	5	9	47	3	29	6	37	
19	68	8	17	3	24	17	5	13	14	0	56	7	37	10	30	4	67	5	39	15	26	
13	74	18	25	4	13	3	48	5	64	11	40	9	16	10	72	17	22	6	59	12	30	
14	20	8	67	0	13	16	64	15	60	2	8	13	68	17	47	
11	22	7	40	13	57	15	75	19	55	6	43	16	28	0	37	17	45	3	4	1	65	18	64	
18	31	9	26	3	41	0	73	6	53	5	56	7	11	4	38	13	5	15	35	11	44	
15	31	9	36	2	47	14	2	8	34	12	32	18	71	6	63	5	61	0	51	3	50	
5	17	8	44	2	2	1	75	7	70	6	55	17	51	
19	38	6	42	13	45	5	6	1	49	12	13	2	17	15	5	3	43	14	41	7	30	18	27	
18	69	12	65	19	36	17	27	5	38	6	68	14	19	4	14	3	60	9	9	15	26	16	67	
6	37	18	15	12	49	14	29	16	28	17	55	0	59	1	47	13	60	19	63	
6	4	19	20	13	11	17	47	9	58	
3	40	8	1	16	35	19	39	2	26	11	55	0	30	9	6	15	44	13	52	7	5	1	13	
3	4	12	49	1	55	5	68	10	8	14	24	2	27	6	23	13	42	
17	22	10	2	9	8	4	74	18	72	
6	34	16	13	19	72	4	52	5	69	
0	20	13	67	4	7	17	19	18	34	10	22	2	27	6	65	
16	18	8	74	13	4	5	53	6	70	11	61	15	67	
11	72	13	56	0	34	3	74	5	23	17	46	7	11	15	43	
15	71	17	12	10	35	12	3	9	17	13	24	3	44	2	50	6	41	7	64	19	11	
2	59	16	6	4	33	8	65	17	42	
0	20	17	34	19	25	4	13	2	27	
17	35	6	47	0	15	14	21	18	14	5	22	1	24	16	51	7	26	4	9	
3	2	12	58	7	61	15	47	0	53	11	67	6	9	
15	67	0	32	14	59	13	62	1	66	2	56	11	23	

All component type numbers for each job to be processed by MFPM
7	10	0	8	5	16	
7	37	0	41	9	27	
9	20	
9	41	
0	24	7	17	5	25	4	8	
1	32	5	31	7	34	
8	19	
1	38	6	33	
6	18	8	19	2	1	1	25	
6	44	7	45	9	27	0	26	5	49	
7	4	1	18	3	11	6	22	
2	29	5	28	1	31	9	40	
1	9	2	20	7	25	3	15	0	8	
7	32	2	31	3	39	5	41	1	47	
8	17	
2	47	
2	5	
7	38	8	34	1	50	
2	10	9	8	
5	35	
0	2	3	19	8	22	1	13	6	15	
3	33	1	31	0	46	4	32	2	45	
8	2	
4	32	5	45	1	28	
7	25	0	16	9	7	2	5	5	3	
3	28	7	27	4	35	
8	10	1	8	5	23	
7	30	6	32	8	49	1	50	4	34	
1	11	5	25	8	12	9	1	
5	48	0	38	
3	19	9	2	
1	31	9	26	5	34	
2	10	4	4	
3	35	6	48	4	34	9	31	5	45	
6	1	
3	31	1	49	0	29	7	33	
7	13	
8	35	3	43	9	26	5	29	
6	23	3	22	9	6	1	1	0	14	
6	29	4	34	1	46	3	31	7	26	
1	20	3	3	4	11	
3	28	
6	25	2	19	
3	38	8	35	
2	12	
6	42	8	40	7	30	
7	19	
2	27	1	41	6	36	
2	20	9	2	
7	34	6	46	3	35	
4	6	0	11	5	21	8	8	
7	40	0	35	3	32	8	34	6	43	
1	12	5	10	4	7	0	1	6	3	
1	43	4	38	
6	18	8	11	
5	41	
1	12	3	7	2	18	5	23	
3	40	
1	23	5	5	0	1	6	3	
0	48	5	49	
5	1	0	11	
1	49	9	37	6	42	4	47	
4	22	8	9	1	2	5	23	
7	26	
5	25	
7	26	0	37	1	33	5	32	
4	24	8	21	
5	29	
3	9	
4	28	
2	14	
6	44	0	45	7	49	3	41	
1	22	7	3	
5	47	
1	4	
6	48	5	44	3	40	2	33	
1	5	9	1	0	17	
0	27	2	40	
1	1	
3	33	6	43	1	28	
6	12	8	3	
9	41	6	31	5	28	4	38	0	35	
5	21	6	18	8	25	
2	48	
9	9	2	10	
2	44	9	36	3	32	4	31	6	29	
4	2	
7	42	2	47	
1	9	9	4	5	21	
7	48	3	34	8	43	
1	2	6	18	
2	26	
2	8	9	18	6	15	3	6	1	24	
7	42	2	41	3	45	1	48	4	50	
9	20	
8	42	0	48	6	39	
9	10	6	8	3	16	7	22	2	20	
8	34	
8	17	5	5	
4	47	2	26	

Three processing times per job on each machine
The best scenario
40	40	14	
274	305	191	
290	281	129	
53	42	37	
188	184	70	
315	162	203	
125	170	67	
116	304	140	
37	28	10	
59	35	17	
162	73	59	
95	41	173	
145	103	333	
282	284	186	
50	59	82	
316	144	271	
151	206	224	
122	47	197	
217	163	83	
57	155	105	
245	128	83	
70	179	240	
86	50	29	
110	112	278	
209	198	365	
70	49	119	
186	350	130	
325	149	473	
65	140	203	
259	264	193	
255	101	82	
208	213	97	
317	248	267	
95	184	305	
194	60	51	
110	31	56	
34	19	37	
229	176	207	
248	333	141	
35	77	22	
53	82	69	
67	114	137	
256	254	122	
93	73	126	
206	202	104	
79	106	215	
120	77	56	
111	172	250	
124	142	216	
83	114	69	
Most likely scenario
57	59	23	
331	420	372	
396	369	256	
62	53	41	
215	251	74	
408	248	310	
175	173	86	
171	431	187	
45	47	15	
69	37	26	
299	106	98	
184	56	182	
199	194	438	
483	365	363	
75	79	124	
372	167	306	
241	286	248	
191	77	254	
225	309	154	
111	277	192	
287	150	92	
97	266	242	
111	72	52	
155	167	356	
220	213	370	
94	82	208	
211	512	203	
367	153	484	
125	162	351	
292	279	263	
266	119	125	
314	260	141	
384	268	452	
146	189	313	
206	115	97	
125	57	60	
35	22	41	
268	232	343	
287	516	264	
43	95	28	
63	157	72	
88	153	243	
334	294	137	
160	91	144	
288	240	114	
84	107	263	
143	113	68	
117	263	393	
147	230	239	
117	136	110	
The worst scenario
79	84	29	
434	578	522	
475	445	259	
86	55	52	
299	365	95	
475	362	391	
254	182	125	
178	439	230	
57	62	18	
90	49	32	
319	124	131	
223	75	207	
240	195	513	
493	398	502	
98	83	161	
437	249	364	
340	339	332	
246	91	305	
296	423	188	
143	310	266	
288	173	106	
110	393	285	
131	82	65	
196	195	467	
315	262	424	
108	120	225	
249	724	277	
401	171	672	
147	239	480	
380	289	305	
393	124	187	
324	263	200	
504	331	677	
194	217	387	
250	138	106	
143	85	88	
39	30	49	
315	243	367	
351	611	312	
64	115	41	
91	209	101	
127	198	269	
420	440	172	
213	98	163	
291	328	130	
96	123	340	
169	114	97	
150	300	453	
170	234	272	
122	197	113	
