Factories	2	Jobs	50	Machines	2

Total number of component types per job processed by HSPM
8	5	8	9	8	11	6	12	10	11	10	5	7	12	5	11	12	5	8	9	11	11	8	9	10	10	10	11	9	7	9	8	10	11	6	12	12	10	8	12	8	5	12	12	8	12	6	12	12	8	

Total number of component types per job processed by MFPM
3	2	1	4	5	2	3	1	4	3	1	2	3	4	4	5	2	5	1	1	5	5	5	1	5	5	2	3	4	4	5	1	5	2	2	5	1	1	2	4	2	2	4	3	3	5	5	1	3	1	

All component type numbers for each job to be processed by HSPM
11	58	15	48	4	64	2	28	0	45	5	26	1	54	16	1	
12	1	6	50	18	14	19	17	7	48	
14	11	4	62	5	12	1	30	19	68	9	28	0	34	13	58	
9	40	5	62	16	4	15	64	12	27	7	48	19	35	1	52	4	13	
6	70	17	36	11	23	14	21	12	68	10	8	4	48	13	73	
9	59	4	61	13	58	2	39	8	44	16	23	18	41	6	67	15	12	14	1	7	19	
15	10	16	65	9	39	6	44	4	48	13	55	
1	11	19	71	7	43	12	59	9	12	3	38	2	28	8	34	10	63	17	54	11	5	18	58	
12	2	13	8	11	60	14	49	6	11	17	10	3	75	19	29	8	64	1	24	
5	41	9	28	16	10	12	24	10	47	13	27	7	30	2	54	14	2	15	4	8	58	
17	62	1	67	15	8	9	54	10	63	4	36	14	73	7	45	18	75	8	43	
12	46	7	31	0	6	6	28	11	26	
10	4	15	33	18	41	4	3	9	2	1	8	16	13	
6	70	0	20	16	52	18	11	7	72	10	68	2	18	14	58	9	54	1	9	8	38	3	49	
11	49	7	24	9	14	2	4	0	21	
18	59	6	16	8	32	17	6	12	50	11	10	13	20	5	74	7	44	1	65	19	70	
7	34	0	37	10	14	19	60	6	54	1	32	8	26	3	57	14	8	9	12	5	9	16	45	
13	25	6	9	14	65	17	45	5	11	
16	50	9	53	8	61	3	8	19	3	14	28	5	1	15	7	
13	71	17	31	16	70	11	30	12	68	14	52	3	47	18	55	6	16	
17	9	15	72	13	37	2	58	12	49	1	73	5	26	0	10	9	28	10	51	19	62	
2	44	19	4	9	29	14	53	10	40	17	54	18	63	0	75	16	25	12	69	13	10	
8	40	14	35	1	24	7	4	0	70	15	6	16	41	19	30	
9	30	18	72	1	23	19	64	2	42	13	36	12	55	8	60	17	5	
2	18	3	30	18	37	7	51	1	42	6	49	13	75	4	55	10	25	0	57	
7	10	0	52	13	49	6	48	9	28	18	3	11	59	8	8	16	44	19	17	
8	71	14	64	19	39	17	56	5	48	11	57	1	23	18	11	4	63	0	52	
5	31	6	58	7	14	1	28	17	50	19	69	10	35	8	21	12	11	0	51	14	46	
7	32	10	14	11	15	14	64	12	49	2	27	19	39	15	44	6	18	
15	43	5	18	16	19	17	23	10	17	4	54	9	49	
7	30	18	14	3	56	15	38	14	22	12	39	16	72	10	35	17	1	
1	26	0	45	13	41	19	36	9	40	10	44	15	66	11	49	
17	68	14	1	4	26	0	3	13	32	6	2	16	36	19	63	1	70	7	31	
19	47	15	48	11	22	10	33	12	62	9	25	0	31	18	44	6	50	16	40	14	29	
13	59	14	61	17	43	0	1	10	50	7	30	
19	46	17	39	15	59	3	73	13	12	1	11	9	65	4	72	14	16	0	35	7	63	10	55	
13	2	11	29	14	73	4	26	6	65	17	23	7	70	16	3	2	47	3	25	18	22	10	5	
15	59	2	36	8	27	1	10	6	34	3	29	14	24	19	23	16	40	17	54	
10	45	17	68	8	51	0	20	5	62	7	42	1	1	19	37	
19	48	7	21	14	62	2	74	10	27	11	53	3	24	18	32	0	69	5	72	4	31	15	11	
13	7	12	9	16	26	7	37	5	19	9	22	4	66	1	58	
11	38	13	33	19	42	8	73	9	34	
15	51	16	37	4	29	17	18	2	61	5	42	10	52	6	54	0	39	19	73	9	3	8	28	
19	24	4	59	1	72	6	38	11	31	9	43	17	67	13	23	2	73	8	54	10	39	12	52	
9	72	8	44	14	58	15	26	16	39	13	8	19	38	2	23	
1	75	10	48	7	21	19	19	9	47	2	64	8	69	12	27	6	18	3	43	4	66	14	34	
17	53	15	16	3	63	18	34	7	36	6	20	
17	22	19	45	16	13	18	58	1	30	0	64	15	8	12	23	10	73	2	2	14	49	9	40	
16	45	10	57	19	8	13	19	15	23	14	49	1	1	17	51	11	41	18	33	12	5	6	53	
15	31	12	59	18	72	9	6	13	3	16	42	7	47	19	57	

All component type numbers for each job to be processed by MFPM
0	25	5	15	4	23	
8	4	2	2	
6	16	
7	20	2	3	3	25	9	1	
2	22	1	17	9	18	7	21	4	24	
3	25	4	12	
8	19	3	17	2	10	
6	4	
4	2	9	14	3	6	2	10	
6	22	0	2	8	20	
4	7	
7	15	8	19	
6	12	4	6	2	2	
2	3	3	8	1	23	8	2	
3	24	4	10	7	6	0	8	
9	4	5	15	6	10	8	23	3	13	
5	3	6	8	
3	19	8	18	4	7	6	6	5	23	
3	4	
3	3	
6	7	7	13	5	19	8	12	2	5	
4	11	8	8	2	4	6	25	0	1	
4	11	0	8	8	4	5	2	7	23	
5	3	
8	22	5	10	4	3	3	11	1	7	
8	22	1	18	2	13	5	5	0	9	
7	17	5	14	
3	23	0	11	1	8	
2	17	9	7	7	21	1	12	
8	6	4	1	9	2	3	20	
0	14	5	24	6	8	2	13	3	2	
4	25	
2	8	4	11	1	7	0	15	8	5	
8	12	2	8	
9	11	3	8	
1	23	7	11	4	3	5	4	6	16	
7	11	
2	16	
7	11	9	24	
5	4	1	11	0	10	2	23	
4	18	7	5	
5	6	6	11	
9	14	2	15	5	12	4	8	
9	13	1	1	3	23	
5	12	7	23	4	11	
5	24	2	17	6	18	1	25	4	6	
3	4	8	17	1	8	4	22	7	1	
4	4	
2	22	9	24	5	15	
4	23	

Three processing times per job on each machine
The best scenario
58	45	
131	116	
66	37	
82	15	
112	399	
215	74	
256	296	
223	199	
152	88	
169	122	
218	328	
338	418	
165	99	
239	258	
156	89	
135	424	
103	133	
393	213	
112	77	
72	128	
136	291	
206	465	
406	316	
148	166	
42	165	
99	118	
48	43	
224	72	
118	159	
371	250	
366	355	
203	203	
98	208	
195	90	
134	417	
131	48	
434	389	
60	48	
64	38	
147	113	
394	296	
70	20	
151	185	
115	53	
117	106	
299	149	
159	160	
225	178	
454	249	
48	72	
Most likely scenario
84	67	
230	170	
93	40	
100	27	
118	430	
286	147	
290	348	
272	286	
192	122	
189	207	
272	422	
340	460	
242	178	
301	455	
178	98	
202	531	
121	188	
397	357	
142	152	
79	133	
221	393	
273	494	
478	435	
221	322	
70	188	
117	121	
60	46	
370	93	
119	239	
393	324	
488	556	
231	262	
123	232	
210	162	
184	531	
168	61	
523	426	
67	67	
97	74	
211	134	
433	343	
74	35	
219	204	
143	77	
199	132	
328	208	
241	210	
262	290	
484	400	
78	137	
The worst scenario
124	77	
252	187	
103	48	
150	31	
153	611	
415	211	
428	485	
299	398	
254	173	
283	209	
285	593	
385	566	
268	216	
385	670	
193	127	
220	709	
166	252	
483	482	
171	217	
103	168	
321	421	
406	657	
496	441	
298	332	
88	276	
167	165	
89	66	
385	139	
147	307	
449	453	
625	727	
294	372	
163	236	
238	181	
243	658	
169	62	
704	484	
75	79	
108	75	
302	179	
480	354	
81	47	
326	252	
148	99	
287	188	
480	285	
259	277	
378	433	
573	466	
90	146	
