Factories	5	Jobs	150	Machines	2

Total number of component types per job processed by HSPM
9	10	10	7	5	12	6	7	6	12	8	8	10	7	11	7	5	7	5	9	8	9	6	5	6	12	11	10	8	11	6	12	9	5	8	9	12	11	10	9	5	9	8	5	5	8	7	7	10	11	9	11	6	9	6	12	7	11	5	9	7	7	12	10	5	12	12	6	12	6	8	6	10	12	7	8	11	8	8	12	7	7	6	11	9	10	12	10	10	12	10	9	6	6	9	8	5	7	12	12	12	7	7	7	5	5	12	6	12	7	12	7	12	11	11	10	10	12	7	7	7	7	10	8	12	7	6	9	9	5	8	5	6	12	8	11	6	12	8	9	9	5	11	7	9	7	9	7	7	7	

Total number of component types per job processed by MFPM
5	5	3	5	3	5	3	1	1	4	4	1	2	2	3	2	5	5	4	5	2	2	3	3	2	5	4	5	5	5	3	3	3	2	1	4	4	2	1	5	4	1	4	3	2	1	4	5	4	3	2	5	2	3	4	3	1	3	4	3	4	3	1	4	4	3	1	1	5	3	2	1	5	1	2	1	3	1	5	5	4	3	3	3	2	1	2	2	5	1	1	1	1	2	5	3	3	4	5	4	1	1	1	4	1	3	1	1	3	3	1	2	1	1	5	1	4	5	1	1	1	5	4	1	1	1	2	5	2	2	2	1	1	5	2	1	2	5	4	5	1	5	1	4	2	4	2	2	3	1	

All component type numbers for each job to be processed by HSPM
19	39	15	67	17	69	1	56	0	29	6	3	11	59	16	38	9	10	
10	29	14	13	19	63	15	7	6	37	17	34	4	30	12	40	0	9	13	52	
17	2	7	15	16	21	15	67	6	16	12	56	10	65	19	12	8	30	2	29	
0	9	3	4	9	46	14	67	12	34	8	58	17	31	
6	51	16	65	15	58	11	61	8	59	
18	43	17	34	8	45	2	54	3	7	7	71	16	69	0	44	19	47	12	68	5	55	13	21	
19	48	15	6	7	37	8	67	11	18	17	22	
13	30	11	51	9	44	4	75	17	16	3	10	8	29	
12	23	11	72	13	34	0	3	14	74	4	35	
1	66	16	24	5	12	3	48	13	10	7	22	0	37	4	27	6	47	11	62	15	28	10	54	
13	48	9	45	1	11	8	59	12	39	5	72	6	56	14	42	
13	19	12	1	5	61	2	50	11	23	8	4	4	51	9	65	
6	38	16	45	8	8	5	32	17	60	15	62	2	12	14	22	18	43	9	3	
10	71	7	34	6	6	8	62	13	20	11	65	16	16	
3	33	1	45	11	20	0	51	6	23	8	42	17	58	2	68	4	2	19	32	14	35	
2	54	11	8	19	10	15	51	3	2	18	26	13	53	
10	72	3	3	16	30	7	19	18	28	
2	66	8	53	16	37	11	29	12	36	10	20	14	33	
7	45	1	13	9	61	4	40	10	46	
12	15	17	13	16	73	1	31	18	10	0	46	8	41	19	33	14	70	
7	29	8	62	15	13	12	37	17	18	10	22	16	73	4	68	
17	14	8	75	11	73	4	3	1	39	14	15	6	37	18	30	16	74	
10	74	6	43	8	57	3	2	16	65	9	63	
19	62	18	50	9	12	6	36	14	72	
9	59	19	58	1	69	2	75	6	13	12	41	
11	21	18	12	4	20	3	64	15	62	0	36	5	43	14	74	19	65	16	13	7	67	13	41	
10	35	13	53	15	56	19	24	17	65	9	15	6	1	8	44	11	39	5	69	3	59	
8	43	13	37	17	41	11	59	6	60	15	28	14	1	3	54	4	62	7	57	
19	17	11	30	12	10	6	58	18	33	0	29	7	16	3	24	
11	30	10	20	8	16	3	31	2	15	0	38	18	9	4	6	17	65	7	26	19	74	
5	8	19	36	12	53	1	1	16	6	9	60	
10	7	9	67	2	19	15	31	0	39	8	65	17	47	16	9	4	72	6	59	14	2	1	45	
14	25	1	56	8	62	10	49	4	21	11	16	2	55	12	27	17	46	
11	67	10	49	1	41	6	36	17	46	
6	11	13	45	7	75	9	14	18	43	4	32	17	21	5	60	
12	50	0	68	14	49	6	57	19	8	11	17	10	24	5	45	4	12	
15	66	16	53	19	59	4	41	1	17	8	56	14	42	0	70	9	24	17	61	10	28	2	12	
10	64	11	35	13	57	12	38	8	29	4	62	7	10	17	59	19	12	3	49	14	32	
0	51	10	10	1	40	17	38	14	1	5	73	6	30	2	75	15	56	19	53	
4	24	6	11	9	58	10	38	11	34	14	50	13	64	2	1	8	46	
6	17	10	14	5	15	11	65	14	4	
9	19	6	41	10	59	5	8	17	21	8	68	2	37	19	32	3	74	
5	38	19	1	14	55	8	68	1	47	11	7	6	60	2	59	
11	51	10	59	2	14	9	48	14	38	
4	28	6	65	10	9	1	74	19	71	
11	16	9	60	5	25	2	73	0	20	16	46	18	38	8	71	
7	26	17	46	6	44	1	7	5	58	14	3	2	30	
14	70	18	14	17	41	7	67	3	72	19	34	6	60	
1	46	16	26	7	2	4	61	14	64	9	65	0	74	13	68	2	58	6	45	
12	75	4	38	15	5	18	24	17	26	1	11	6	16	0	62	7	46	11	69	3	6	
19	23	6	29	3	2	5	6	14	65	10	59	0	61	2	75	8	24	
6	21	0	69	2	27	13	14	19	18	14	45	16	63	8	38	9	68	1	29	12	30	
13	6	17	50	15	74	18	40	11	72	10	34	
19	32	15	35	11	56	6	67	14	14	17	8	5	42	10	60	8	5	
7	7	1	26	19	6	17	68	15	23	18	14	
8	53	14	21	11	28	5	3	7	2	9	35	0	4	15	40	16	34	3	48	1	44	19	7	
10	57	0	67	8	56	2	68	5	53	13	40	3	49	
2	48	8	28	11	74	3	73	4	58	1	57	9	60	18	11	19	1	6	75	5	42	
18	12	3	37	6	53	13	56	0	18	
9	55	11	33	1	35	16	14	19	62	2	31	3	6	17	12	14	38	
2	16	16	72	6	35	17	25	7	60	9	51	8	8	
8	50	13	6	10	31	19	20	18	9	14	23	17	33	
14	57	2	7	15	72	5	73	4	2	11	6	12	52	19	44	9	46	3	56	8	22	13	62	
9	33	1	23	19	58	3	35	0	47	4	19	6	42	13	63	12	32	2	68	
14	61	9	73	16	56	17	50	13	27	
10	27	3	14	7	7	19	53	18	56	0	5	4	21	9	33	12	44	2	24	17	8	6	50	
1	13	4	53	7	34	11	52	0	30	8	26	17	36	13	22	5	14	15	60	19	57	2	59	
10	22	1	65	6	66	13	34	5	3	8	55	
11	18	14	20	19	10	10	3	0	61	8	39	3	15	9	27	16	25	7	65	15	68	5	28	
15	40	14	47	5	71	1	62	0	21	10	43	
4	54	1	66	5	12	6	20	17	19	9	65	10	44	19	39	
14	62	10	66	12	46	8	6	9	69	11	47	
18	32	14	73	8	58	3	14	17	59	1	49	12	3	13	66	0	2	16	47	
1	52	0	59	13	16	7	10	2	43	16	37	12	56	3	44	8	62	18	64	5	28	15	7	
9	25	4	19	15	70	18	61	7	24	0	51	3	54	
14	6	18	18	16	74	3	26	15	17	0	64	12	34	2	9	
6	47	4	30	1	71	10	17	3	36	19	31	15	3	12	42	0	32	2	6	5	65	
18	51	7	33	11	75	4	21	17	54	19	34	2	39	3	12	
18	3	0	37	2	55	4	17	14	63	12	48	17	27	3	32	
0	21	5	57	11	64	18	8	10	73	2	62	9	60	19	72	3	50	12	48	15	28	17	4	
19	25	12	31	2	39	18	72	0	38	6	33	15	2	
12	16	11	22	19	33	15	64	5	9	10	3	13	74	
16	33	4	29	0	14	1	42	5	45	13	71	
15	53	7	19	5	38	11	8	19	50	16	45	18	13	6	56	2	9	4	23	14	58	
12	61	8	36	0	67	5	71	15	11	1	19	18	27	6	73	2	23	
17	29	15	13	5	58	6	19	18	20	9	64	8	70	11	36	10	62	1	54	
4	50	2	68	18	63	15	11	11	40	8	38	5	5	1	58	0	32	14	1	3	27	16	65	
9	53	11	55	10	35	7	42	14	19	15	38	5	8	8	59	3	24	19	63	
8	1	19	64	0	51	16	31	10	54	4	27	1	33	7	58	17	28	6	44	
11	25	17	41	15	17	9	68	10	69	3	39	1	60	13	63	12	49	14	26	19	7	8	20	
4	71	7	46	14	19	2	9	16	56	18	12	8	21	10	35	9	11	1	30	
11	75	10	36	4	55	18	30	15	46	14	69	12	9	13	43	3	64	
12	27	7	75	19	47	9	17	16	22	18	16	
6	14	17	26	13	30	4	17	15	39	12	29	
19	70	17	71	13	46	16	64	1	74	12	48	7	27	14	6	10	11	
9	64	11	66	13	47	6	6	4	55	15	14	1	4	2	16	
14	71	3	49	6	1	9	63	15	51	
8	42	19	17	18	8	12	67	10	68	16	56	9	31	
13	37	8	18	4	69	15	51	6	46	5	39	19	71	10	63	1	75	2	53	17	9	9	8	
12	14	0	3	7	57	14	19	11	24	6	7	8	11	1	28	9	63	18	50	19	75	2	43	
8	16	13	61	0	62	9	9	16	46	3	32	12	42	5	18	14	33	17	71	15	25	18	66	
0	29	6	60	4	52	15	41	12	12	5	14	17	51	
18	26	3	66	6	38	1	25	9	45	14	40	11	33	
1	34	5	8	12	55	8	16	11	24	14	9	19	6	
4	70	11	61	13	3	19	11	0	39	
19	6	0	9	12	27	14	3	8	23	
10	66	15	48	3	36	11	71	16	39	12	4	8	51	14	16	13	2	0	64	19	5	7	29	
17	16	4	40	0	47	8	26	16	33	12	52	
2	57	9	6	15	28	12	31	14	53	7	49	11	11	19	61	5	42	4	51	6	70	1	22	
4	11	12	1	13	44	14	55	16	74	3	65	19	25	
6	50	1	24	19	30	17	19	16	7	5	17	0	21	9	15	12	57	4	37	8	60	11	1	
0	55	17	42	4	9	9	17	19	10	10	6	12	19	
10	59	15	33	0	27	1	39	2	74	12	4	5	20	4	42	7	61	17	46	14	14	9	5	
17	10	0	15	4	29	9	40	8	51	15	38	19	32	1	1	7	57	3	52	10	16	
3	53	8	67	1	29	11	34	2	65	9	32	15	44	6	24	17	14	12	8	14	22	
12	70	11	69	16	18	8	29	13	9	14	22	4	21	1	65	3	16	10	63	
17	63	6	9	12	33	8	3	18	12	7	45	13	58	1	54	11	20	0	55	
11	30	16	38	13	41	14	53	3	58	5	9	2	42	1	22	10	33	0	12	12	50	17	59	
4	1	7	34	9	49	5	9	11	30	16	17	10	73	
14	30	11	61	0	22	19	21	1	13	6	47	18	37	
3	42	14	71	16	64	0	5	2	32	17	62	19	40	
10	47	15	14	19	52	8	73	7	45	9	57	13	32	
11	23	2	21	1	37	8	16	15	35	3	47	0	67	6	72	13	65	19	52	
8	4	17	51	15	60	5	41	3	65	1	50	19	62	7	71	
17	26	12	68	9	48	3	17	6	16	8	2	5	5	13	41	14	6	19	30	4	13	16	47	
14	17	0	45	18	66	10	67	2	57	16	46	8	62	
7	4	13	12	17	40	3	35	1	74	8	21	
12	20	5	55	14	7	19	71	18	12	9	42	15	28	17	43	1	31	
10	68	3	71	19	39	4	66	17	5	11	27	15	44	12	9	0	46	
10	72	18	32	4	38	11	65	9	21	
13	16	5	17	10	39	7	13	17	3	4	58	16	31	15	34	
12	9	3	70	8	17	9	7	17	62	
11	25	8	34	13	31	17	15	3	40	14	37	
0	64	17	65	10	46	1	36	12	22	5	17	18	19	7	34	4	39	16	60	6	38	9	44	
2	29	11	69	4	54	12	31	19	30	8	57	6	62	7	52	
13	44	7	59	15	28	6	26	5	25	18	27	14	15	10	48	4	10	3	45	0	62	
4	71	10	24	14	21	17	35	18	27	8	10	
4	13	19	26	12	71	6	5	13	22	10	65	9	15	17	49	2	50	3	69	8	21	18	4	
14	60	18	56	6	15	0	69	2	72	4	11	8	21	9	57	
17	44	1	24	4	71	15	41	16	74	12	52	5	70	3	34	10	30	
3	48	5	72	4	50	19	67	0	62	6	53	15	36	14	34	10	12	
11	26	6	34	14	48	5	1	7	36	
3	70	16	33	2	42	6	4	12	25	4	32	18	52	13	63	9	72	7	26	19	55	
11	5	2	48	0	37	9	64	14	42	7	34	17	2	
9	36	14	52	2	30	11	31	0	10	4	51	6	24	7	11	13	15	
17	66	15	7	13	63	7	46	12	35	8	38	16	29	
4	17	6	63	19	37	0	53	11	6	17	57	12	40	1	21	15	74	
18	61	0	54	16	75	5	35	14	31	4	14	1	34	
5	71	7	30	15	59	13	12	8	20	18	75	4	45	
5	63	6	73	10	23	9	37	8	32	14	38	12	17	

All component type numbers for each job to be processed by MFPM
6	8	2	5	8	14	3	19	1	10	
0	12	2	20	3	6	4	2	7	14	
8	21	6	4	2	8	
0	16	6	11	3	9	9	14	7	13	
9	16	0	8	6	5	
3	12	5	5	2	21	9	25	8	17	
9	15	5	6	1	3	
4	1	
8	16	
1	6	5	9	3	13	0	12	
5	20	1	3	9	15	6	16	
9	15	
9	14	0	20	
4	16	9	13	
1	16	7	9	8	13	
9	23	5	16	
4	7	2	24	8	25	0	1	9	16	
7	1	0	14	1	8	9	15	8	11	
7	12	3	20	4	19	0	5	
8	1	6	7	5	4	9	21	1	20	
3	9	0	14	
4	2	6	12	
5	4	4	1	2	2	
3	3	7	12	6	16	
6	10	3	17	
4	8	5	9	3	22	8	6	2	4	
2	23	3	22	5	14	0	7	
1	15	2	25	7	3	4	1	0	21	
2	24	8	15	5	4	0	11	9	23	
3	5	1	7	8	12	9	23	2	17	
4	7	6	22	2	8	
9	14	1	13	4	23	
5	23	2	6	3	17	
6	1	2	7	
8	12	
5	18	0	25	3	17	7	9	
2	12	7	13	1	17	0	16	
1	2	9	5	
6	17	
7	17	0	19	3	4	1	11	8	16	
3	14	4	22	7	7	0	16	
5	14	
1	5	3	11	6	23	4	4	
0	13	1	16	4	2	
5	10	6	9	
5	13	
3	14	4	21	5	23	1	18	
3	14	1	13	2	8	7	7	6	1	
3	3	5	22	1	4	8	8	
3	16	2	10	4	2	
3	8	0	10	
2	9	7	3	9	8	0	11	6	18	
5	22	6	11	
0	1	7	6	9	9	
6	1	9	3	2	25	5	10	
6	7	8	3	9	6	
7	8	
2	17	9	12	8	23	
0	19	7	21	1	16	4	22	
9	18	1	15	8	10	
9	24	0	9	2	25	3	13	
4	22	0	14	5	23	
4	22	
8	6	9	22	3	18	7	15	
9	16	6	11	0	2	1	13	
1	14	7	12	3	18	
7	21	
0	3	
9	1	2	10	1	5	8	20	7	18	
7	19	6	9	0	10	
4	23	9	24	
0	17	
8	9	6	12	5	2	1	25	3	15	
2	21	
1	8	6	10	
9	18	
4	11	2	17	5	8	
8	5	
5	10	6	4	9	18	1	12	7	6	
0	24	7	12	2	3	9	22	1	8	
7	24	1	23	8	14	3	6	
7	3	8	13	3	17	
8	21	6	15	0	13	
3	25	1	22	2	17	
3	24	0	1	
3	16	
8	25	0	24	
3	2	9	13	
4	22	9	10	0	4	3	25	7	16	
5	9	
2	20	
2	9	
7	11	
5	21	6	2	
3	18	1	13	0	17	8	5	4	12	
2	12	1	24	3	17	
1	6	7	17	9	2	
7	7	1	6	5	11	4	4	
1	17	6	2	8	20	7	14	3	8	
9	17	5	3	2	23	4	16	
2	3	
2	10	
8	12	
6	25	8	20	9	17	1	21	
0	13	
4	16	7	19	9	12	
3	6	
9	25	
8	22	4	4	7	6	
7	25	5	16	8	7	
8	3	
9	22	1	23	
1	13	
7	22	
3	13	7	16	0	14	6	9	1	4	
6	5	
9	20	5	4	2	17	6	22	
2	20	6	18	5	19	9	4	8	9	
0	12	
8	19	
9	3	
2	25	4	9	3	11	7	7	5	2	
1	17	9	20	7	13	4	9	
2	14	
0	24	
1	20	
5	21	1	15	
1	7	6	13	7	9	8	24	2	22	
8	4	6	21	
0	24	6	20	
4	1	8	14	
0	19	
3	6	
0	21	4	5	8	16	5	22	1	17	
3	19	0	24	
1	22	
8	21	2	11	
8	18	7	14	9	9	0	20	5	19	
5	6	8	5	0	24	3	12	
3	17	7	10	4	9	6	5	1	4	
0	7	
2	10	3	1	6	20	7	9	4	6	
1	24	
7	17	8	3	4	8	0	1	
6	15	8	4	
8	24	7	12	6	9	1	16	
4	1	6	3	
6	13	9	3	
3	24	6	3	5	8	
1	23	

Three processing times per job on each machine
The best scenario
46	147	
111	213	
183	132	
132	139	
84	58	
81	62	
449	126	
228	255	
40	166	
112	25	
121	97	
113	57	
193	146	
203	175	
224	398	
303	212	
483	107	
81	141	
263	163	
136	232	
56	53	
305	456	
294	79	
163	106	
169	108	
25	50	
245	72	
315	324	
167	178	
178	290	
77	123	
94	115	
186	154	
104	124	
105	253	
119	135	
32	84	
213	214	
20	39	
113	84	
317	251	
261	122	
46	59	
212	199	
118	273	
188	228	
29	9	
267	252	
217	72	
83	30	
109	309	
236	121	
33	27	
212	262	
76	174	
15	24	
73	148	
349	259	
129	151	
241	295	
221	64	
397	273	
145	261	
139	96	
145	122	
220	189	
160	95	
83	48	
79	27	
117	25	
69	26	
168	51	
325	169	
86	265	
101	159	
141	404	
156	158	
414	349	
613	137	
82	62	
76	33	
174	324	
200	138	
50	24	
167	112	
113	118	
48	124	
278	218	
143	204	
211	103	
124	124	
99	245	
86	127	
130	188	
312	173	
97	28	
347	258	
137	183	
32	55	
261	355	
342	248	
384	196	
34	40	
28	52	
49	82	
503	412	
160	150	
31	19	
28	34	
215	66	
127	98	
311	75	
13	34	
90	91	
396	446	
286	296	
107	70	
114	82	
297	211	
120	95	
49	53	
205	256	
31	27	
287	206	
289	102	
126	164	
25	44	
68	172	
184	155	
94	154	
255	239	
94	197	
218	357	
125	126	
84	67	
50	89	
40	136	
554	187	
136	190	
148	121	
117	104	
22	23	
264	478	
323	261	
142	186	
239	152	
93	188	
203	83	
148	280	
48	41	
Most likely scenario
82	196	
184	318	
273	150	
233	204	
99	60	
93	71	
459	191	
296	259	
67	168	
118	38	
132	134	
126	69	
194	191	
214	280	
311	549	
360	244	
500	172	
123	166	
341	187	
161	254	
83	65	
315	514	
423	115	
256	125	
268	178	
28	62	
434	127	
366	396	
228	236	
180	331	
123	132	
95	165	
277	209	
133	168	
109	367	
179	203	
35	91	
238	286	
28	49	
213	91	
566	475	
341	206	
49	66	
251	208	
214	352	
273	283	
39	15	
490	291	
249	103	
106	41	
196	364	
298	157	
64	41	
286	338	
148	180	
23	47	
109	272	
478	450	
152	232	
354	431	
276	102	
468	445	
150	270	
273	115	
157	156	
383	319	
179	155	
96	94	
82	50	
137	46	
101	51	
251	78	
416	222	
151	426	
166	240	
188	544	
230	183	
417	485	
628	192	
91	111	
96	46	
221	434	
302	257	
80	41	
260	146	
186	124	
63	141	
377	430	
179	252	
261	203	
247	244	
163	334	
138	239	
230	306	
427	252	
101	36	
481	492	
240	223	
52	75	
262	363	
384	354	
416	236	
58	58	
54	86	
78	95	
566	468	
172	199	
46	33	
55	39	
250	105	
208	120	
321	83	
17	39	
94	107	
400	454	
418	355	
123	71	
139	157	
384	404	
150	185	
69	76	
223	280	
42	46	
296	259	
458	155	
165	229	
30	48	
96	189	
294	214	
134	165	
316	363	
136	246	
426	486	
236	176	
110	73	
85	164	
78	138	
580	190	
215	268	
169	189	
130	123	
24	36	
312	486	
545	354	
225	264	
366	259	
132	247	
246	112	
150	360	
69	72	
The worst scenario
117	280	
199	341	
398	182	
343	283	
142	65	
114	97	
624	283	
362	366	
68	215	
123	42	
148	188	
171	77	
288	251	
297	338	
428	757	
530	337	
567	178	
171	181	
456	268	
162	275	
122	95	
356	763	
501	132	
357	133	
364	217	
35	84	
484	131	
429	506	
288	344	
207	439	
131	165	
101	209	
295	236	
184	217	
127	383	
186	252	
40	136	
300	347	
38	54	
226	108	
714	557	
488	255	
72	80	
292	286	
223	418	
405	399	
47	17	
618	311	
337	125	
119	42	
234	528	
360	173	
83	53	
317	394	
222	244	
31	61	
145	394	
493	491	
190	309	
447	542	
408	144	
689	451	
162	384	
281	118	
192	217	
555	345	
242	204	
112	100	
119	59	
142	68	
124	67	
264	84	
558	278	
152	564	
182	284	
243	619	
259	232	
590	547	
817	202	
120	132	
114	58	
259	469	
390	320	
96	55	
360	160	
248	141	
72	201	
440	530	
216	300	
378	241	
273	256	
209	364	
167	288	
255	398	
601	349	
110	53	
651	518	
261	284	
63	81	
341	507	
524	438	
481	277	
60	60	
69	98	
100	117	
568	666	
226	246	
50	38	
78	55	
261	152	
220	145	
363	109	
23	46	
109	131	
430	468	
505	466	
136	84	
202	174	
508	461	
216	228	
80	114	
296	360	
43	66	
334	289	
478	156	
227	296	
40	62	
142	214	
357	245	
184	219	
362	380	
160	343	
630	605	
323	223	
118	84	
93	221	
107	197	
600	258	
243	296	
225	278	
186	138	
25	48	
416	645	
658	476	
269	282	
399	381	
183	355	
256	159	
181	371	
72	78	
