Factories	4	Jobs	50	Machines	3

Total number of component types per job processed by HSPM
6	6	12	9	10	6	9	12	11	10	10	5	9	6	7	7	12	7	11	11	10	7	6	5	8	7	7	5	12	5	8	8	11	9	9	6	6	11	10	5	10	7	11	6	8	11	6	6	10	8	

Total number of component types per job processed by MFPM
1	4	4	2	5	5	1	2	2	1	2	1	2	5	5	2	5	5	4	5	2	5	1	1	4	4	1	2	1	4	1	2	5	4	3	5	5	4	1	5	2	3	5	4	5	5	1	4	4	3	2	5	1	3	2	5	4	3	2	5	2	4	5	1	3	1	1	1	2	2	1	3	4	3	5	5	4	5	4	2	1	4	3	5	3	5	4	1	3	5	2	3	4	5	1	1	3	1	5	4	

All component type numbers for each job to be processed by HSPM
6	35	15	69	17	17	2	30	9	27	16	62	
19	18	8	26	16	10	5	17	17	16	0	41	
13	15	11	53	15	26	14	42	9	20	5	2	6	73	0	19	18	7	19	31	16	11	10	65	
6	30	5	11	0	12	18	16	16	40	11	60	13	29	14	10	8	52	
2	37	18	49	8	46	13	8	16	29	9	67	4	34	17	5	11	28	3	57	
16	39	15	43	11	7	17	36	18	44	5	50	
6	38	3	44	4	43	10	67	15	73	13	70	7	29	8	57	17	4	
9	9	8	12	6	67	17	21	11	74	12	20	15	72	3	51	2	42	0	56	5	55	4	75	
10	17	15	43	4	6	17	69	9	5	8	55	12	9	18	3	3	56	2	13	5	42	
6	5	15	27	18	54	0	10	8	75	9	32	17	8	4	28	16	17	3	69	
1	51	9	71	14	4	5	3	13	10	7	24	4	72	16	9	0	41	8	28	
1	46	9	64	3	16	18	8	10	22	
9	75	15	4	0	15	16	49	6	50	12	5	2	6	7	55	13	23	
1	29	9	44	7	43	16	66	14	63	15	57	
11	10	8	74	15	47	12	44	7	19	18	32	5	9	
18	46	11	51	6	33	10	39	9	7	3	59	0	45	
1	53	16	17	11	25	17	2	12	12	3	44	13	33	7	29	15	21	0	9	14	19	2	73	
18	26	7	43	10	66	11	38	9	37	6	62	13	52	
0	24	4	20	12	19	19	46	10	47	3	11	13	70	14	14	16	23	7	8	6	58	
6	47	15	9	16	67	5	64	14	20	11	51	19	10	8	46	0	49	12	24	18	16	
4	69	14	11	3	9	17	4	0	74	6	44	18	20	13	33	12	59	7	52	
15	25	3	29	16	28	17	23	19	6	11	47	14	63	
4	70	1	53	10	25	9	9	14	55	19	36	
19	49	12	10	16	29	1	41	2	39	
7	38	8	39	3	75	14	2	17	4	18	17	9	27	4	67	
1	11	5	1	10	67	17	46	8	20	18	32	11	66	
16	15	19	40	2	22	9	70	1	14	3	46	4	28	
17	59	19	75	11	54	0	19	18	1	
11	45	16	8	4	73	14	74	3	46	1	66	7	39	8	49	17	29	0	25	19	23	13	54	
2	55	1	23	9	70	18	46	17	10	
4	48	10	9	13	36	15	20	18	65	1	68	12	5	8	12	
14	52	9	29	19	44	11	10	2	59	5	47	6	46	13	54	
0	57	16	74	11	19	1	54	6	12	17	69	2	2	13	51	12	35	4	48	8	26	
16	57	13	53	2	5	1	8	10	45	7	29	19	11	6	60	18	27	
13	18	14	69	2	53	11	43	12	72	5	61	15	6	6	10	7	67	
7	56	5	16	11	23	16	2	6	74	9	43	
18	51	12	33	3	56	16	12	14	48	8	41	
12	29	11	12	17	11	2	58	18	48	16	45	10	3	1	46	0	25	14	33	4	72	
16	56	9	14	4	74	14	67	19	23	5	4	12	34	17	16	13	21	15	57	
0	38	9	21	11	27	14	74	8	39	
18	63	5	5	2	17	4	35	7	9	14	50	1	54	8	21	3	43	11	39	
13	33	16	17	8	23	5	69	3	4	10	26	11	65	
7	63	13	67	9	46	3	51	16	66	14	27	8	8	15	60	17	72	10	38	12	52	
9	36	18	17	2	47	15	11	5	75	16	15	
12	30	6	53	3	43	7	50	19	6	13	51	9	20	2	46	
1	19	10	37	4	50	6	17	9	64	2	57	19	45	13	38	18	53	16	33	5	6	
13	1	14	27	7	5	19	22	18	55	11	50	
6	38	11	36	17	26	15	50	4	69	8	27	
4	67	1	11	10	16	19	8	0	14	16	64	3	10	8	71	18	61	5	66	
19	26	13	37	2	3	5	8	0	66	8	57	11	7	14	22	

All component type numbers for each job to be processed by MFPM
2	25	
7	35	1	38	4	30	8	29	
5	19	7	16	9	21	2	20	
9	33	2	43	
7	3	2	19	5	7	1	12	3	1	
7	33	3	30	1	48	2	46	5	47	
8	1	
3	50	8	27	
6	3	9	17	
2	39	
2	17	0	18	
0	27	
4	9	7	23	
4	41	3	37	5	35	0	40	6	43	
5	14	2	25	6	4	7	7	0	2	
5	39	6	37	
6	3	0	24	2	19	9	14	7	9	
1	46	5	38	4	32	2	31	6	30	
9	19	7	9	4	14	0	16	
7	45	9	36	0	40	3	33	4	30	
1	21	5	17	
0	27	6	33	4	35	5	28	9	44	
4	1	
2	45	
6	6	3	12	9	18	2	8	
5	37	2	47	8	36	0	40	
6	12	
2	40	6	27	
3	10	
4	36	8	33	0	49	5	34	
0	20	
8	27	4	31	
2	12	9	14	4	23	1	6	6	21	
0	42	4	31	7	26	9	45	
3	1	7	15	6	23	
8	46	1	31	3	26	9	39	0	44	
9	19	6	13	0	24	7	5	4	4	
5	40	7	34	8	44	6	28	
1	24	
6	37	0	34	7	45	4	27	2	35	
2	21	4	2	
2	32	7	26	1	50	
6	14	1	6	8	9	3	21	9	1	
2	31	3	38	4	34	1	33	
6	11	5	6	0	17	1	23	8	10	
8	48	5	31	9	45	4	36	1	38	
4	5	
7	34	5	46	2	38	8	37	
7	12	3	18	8	8	0	17	
5	46	4	27	0	43	
4	5	6	4	
4	38	0	26	6	45	2	49	1	27	
9	24	
4	44	5	28	0	38	
1	16	4	22	
6	30	2	50	1	34	9	43	3	35	
3	3	4	17	5	19	8	18	
2	26	5	45	7	36	
7	15	1	24	
6	50	2	28	3	37	8	30	1	36	
1	20	8	22	
7	34	5	30	3	37	4	44	
8	11	5	25	0	18	3	7	6	17	
1	31	
2	16	7	6	0	15	
7	46	
2	9	
2	49	
1	11	7	2	
6	36	2	37	
2	17	
1	41	5	37	9	38	
3	3	5	8	1	24	8	5	
4	28	7	44	8	26	
6	9	8	25	0	22	4	1	5	12	
5	27	9	45	8	30	1	41	6	38	
2	6	1	17	5	13	6	2	
8	29	4	41	9	49	0	37	1	46	
1	1	2	12	5	18	3	5	
4	46	9	49	
7	6	
0	41	5	44	9	26	4	49	
5	1	8	16	7	20	
6	36	9	35	8	45	7	32	4	28	
5	6	6	5	2	15	
1	41	2	27	3	31	0	37	5	45	
4	20	6	13	5	16	0	5	
6	32	
9	7	4	2	1	13	
9	50	1	44	7	46	2	35	3	29	
8	25	1	2	
5	27	6	50	8	36	
7	25	0	21	8	4	9	3	
1	27	4	31	5	36	2	38	7	39	
6	9	
4	38	
4	18	6	25	1	24	
0	47	
2	25	9	23	8	21	3	20	4	10	
9	45	8	33	0	46	5	43	

Three processing times per job on each machine
The best scenario
463	360	250	
588	416	465	
1200	1062	1064	
489	427	381	
243	394	159	
395	688	468	
339	501	309	
140	445	483	
940	653	695	
145	61	175	
425	391	999	
121	243	478	
160	157	271	
203	109	242	
88	229	143	
56	155	188	
210	201	75	
478	976	233	
718	720	868	
400	192	528	
219	603	845	
200	289	501	
1096	358	361	
242	157	604	
358	596	600	
79	76	131	
886	608	644	
188	176	201	
417	381	359	
464	408	466	
244	91	288	
563	578	881	
29	113	73	
336	1030	388	
290	168	172	
47	100	79	
387	947	996	
178	288	302	
57	53	111	
262	457	108	
706	428	581	
90	157	78	
331	137	406	
130	46	86	
127	539	119	
875	875	396	
177	417	268	
199	272	96	
384	162	419	
373	456	364	
Most likely scenario
496	422	304	
636	626	756	
1205	1277	1138	
631	753	549	
296	436	209	
407	726	556	
416	681	366	
253	581	564	
1029	1285	1191	
201	76	182	
607	415	1115	
164	404	504	
162	268	279	
301	123	386	
128	319	155	
106	211	225	
309	322	92	
701	978	399	
1197	733	1065	
494	282	581	
356	832	913	
315	290	672	
1455	608	557	
337	244	725	
537	971	786	
155	136	142	
1133	736	1021	
233	207	264	
503	484	548	
501	667	635	
428	138	407	
941	831	1184	
57	157	78	
604	1145	396	
344	264	178	
65	148	145	
585	1318	1192	
218	399	514	
104	81	124	
341	508	209	
1088	823	1061	
127	312	120	
458	217	760	
148	63	136	
187	544	138	
912	1005	726	
303	574	427	
229	308	125	
565	261	729	
499	837	685	
The worst scenario
716	460	362	
720	862	1082	
1439	1857	1680	
761	851	782	
383	462	281	
594	874	569	
593	977	411	
352	865	778	
1441	1405	1400	
232	92	223	
854	467	1379	
233	581	729	
223	352	355	
373	179	389	
140	450	184	
155	230	245	
338	425	134	
713	1093	543	
1750	992	1505	
552	303	776	
515	1104	1244	
397	309	908	
1495	645	699	
347	352	918	
663	1127	1069	
158	192	186	
1663	913	1319	
321	218	342	
599	502	612	
587	852	772	
468	146	502	
1030	1135	1594	
63	216	110	
881	1438	488	
494	328	200	
83	214	176	
663	1596	1657	
294	481	706	
106	106	140	
357	620	272	
1213	1224	1233	
183	389	180	
535	263	1096	
176	74	202	
243	564	141	
1118	1069	856	
431	615	542	
231	370	143	
617	323	946	
702	1104	976	
