Factories	2	Jobs	50	Machines	3

Total number of component types per job processed by HSPM
7	11	11	9	9	6	5	7	12	5	6	8	10	7	12	6	6	10	9	5	10	11	5	9	9	11	7	5	9	11	8	5	11	9	8	6	5	11	5	12	7	11	9	5	6	12	11	5	6	12	

Total number of component types per job processed by MFPM
3	1	2	1	2	4	1	5	2	4	4	4	1	3	1	5	2	4	3	4	5	2	2	1	2	4	4	2	5	1	5	1	3	4	1	1	3	3	1	2	5	1	1	4	3	4	2	1	1	5	3	5	4	2	1	2	4	5	2	5	2	3	5	2	3	1	3	2	3	4	3	4	3	3	1	4	2	2	1	1	2	2	1	1	1	1	3	1	2	2	1	5	1	1	1	1	4	1	1	5	

All component type numbers for each job to be processed by HSPM
5	50	4	56	11	34	10	53	0	38	8	18	16	42	
6	31	9	10	19	38	3	56	15	71	12	32	11	14	16	18	0	65	13	35	5	23	
15	9	7	24	9	58	6	61	8	18	11	36	0	57	3	51	4	46	13	32	2	6	
1	37	10	25	13	29	14	54	15	44	11	70	7	48	6	32	19	64	
19	53	18	16	5	41	14	56	15	42	8	59	7	60	6	55	1	28	
9	43	10	14	1	3	11	53	13	66	16	11	
13	41	0	21	10	53	12	3	5	39	
12	68	19	75	9	4	2	45	16	19	7	51	13	49	
4	73	9	71	7	28	1	7	8	48	2	70	14	42	13	30	12	21	16	59	17	1	5	41	
11	3	5	48	6	15	0	32	3	26	
16	33	14	13	2	12	5	34	9	26	18	5	
16	26	17	47	13	24	2	75	1	10	5	60	11	74	7	13	
11	24	18	7	15	72	19	9	8	25	13	73	2	18	16	63	5	64	6	58	
13	27	2	20	9	38	8	44	4	36	5	73	11	15	
16	70	11	71	10	73	1	34	3	64	5	1	4	51	12	65	17	38	13	6	14	56	19	62	
11	36	10	47	12	73	4	59	13	46	7	32	
12	1	9	53	18	56	1	11	19	10	10	14	
4	46	11	47	3	59	14	6	7	45	5	71	12	54	16	68	1	27	10	12	
19	25	15	13	8	54	3	74	11	18	6	2	9	53	16	68	1	16	
0	38	10	8	1	40	2	46	18	58	
8	12	2	49	4	40	14	71	9	65	3	20	6	58	16	7	17	34	10	4	
6	30	11	1	9	21	7	8	2	44	8	34	12	7	13	43	19	31	3	46	1	12	
12	39	2	75	16	7	8	4	7	41	
9	56	6	69	7	48	11	11	4	30	14	38	16	1	19	36	17	15	
7	49	1	56	4	45	8	22	12	23	10	17	19	6	15	18	6	63	
17	32	7	53	1	22	19	68	5	58	9	27	6	47	15	2	11	23	10	20	12	66	
15	63	3	23	0	55	16	68	8	4	7	25	17	69	
19	16	14	27	6	21	4	18	16	46	
16	43	2	40	15	20	3	30	8	22	9	69	0	33	13	4	17	35	
18	60	4	68	12	14	13	39	19	3	16	4	1	21	7	75	9	59	3	52	2	37	
10	54	3	22	0	44	17	48	4	55	7	37	18	8	11	71	
7	47	6	16	14	43	2	66	15	39	
1	54	4	49	15	13	7	29	11	22	18	45	8	12	2	3	10	14	9	17	13	21	
10	50	5	3	6	60	19	66	1	54	2	40	13	52	4	20	17	23	
13	54	1	67	3	69	6	24	2	51	5	68	9	35	19	9	
5	44	3	53	1	4	11	9	2	64	19	48	
3	57	6	63	0	38	18	60	13	9	
13	13	19	57	0	49	15	71	16	73	3	45	5	6	12	2	1	4	18	17	4	58	
6	56	4	3	13	11	15	52	8	75	
9	36	0	38	14	69	1	11	7	51	4	37	6	20	11	74	15	4	10	21	18	27	13	72	
5	12	19	53	11	40	9	7	15	27	10	29	8	34	
18	33	15	6	5	51	4	22	16	69	1	25	9	38	19	48	11	7	17	59	10	32	
9	55	8	72	13	54	14	46	17	66	16	57	1	75	11	11	19	33	
0	16	3	60	1	15	15	36	10	63	
17	8	12	65	10	43	8	54	18	50	1	67	
17	46	1	37	11	14	13	43	10	42	16	69	18	58	4	48	8	20	0	7	14	73	2	60	
13	1	10	58	14	30	0	17	16	60	6	69	3	13	12	11	8	50	9	39	4	20	
2	69	15	65	17	38	3	56	11	14	
3	16	6	40	19	69	0	31	8	27	7	8	
14	10	18	47	16	59	10	36	17	39	0	44	9	26	8	43	1	28	5	50	3	23	19	65	

All component type numbers for each job to be processed by MFPM
7	20	0	10	1	18	
9	35	
7	24	0	4	
4	36	
0	8	6	22	
2	47	6	41	1	46	0	40	
9	14	
0	48	7	32	1	50	3	28	8	26	
6	10	4	2	
4	45	9	48	6	40	5	38	
2	22	7	14	1	21	3	13	
8	35	6	26	9	34	4	43	
6	11	
2	39	3	46	4	35	
4	13	
9	37	2	46	8	42	4	32	3	29	
1	9	9	11	
2	40	7	30	6	50	5	28	
8	2	4	18	3	8	
3	41	4	31	0	44	2	26	
3	9	8	24	9	25	1	11	2	1	
8	49	4	38	
7	23	3	7	
7	35	
9	22	2	16	
5	28	8	45	0	26	7	34	
6	6	2	24	0	5	4	2	
5	33	0	39	
4	4	7	9	0	22	9	18	3	23	
0	28	
9	7	0	24	7	17	6	18	1	4	
5	32	
9	5	3	9	6	8	
6	37	3	40	0	44	5	46	
3	18	
9	47	
4	12	1	22	3	11	
6	49	2	35	8	47	
6	10	
1	37	6	30	
4	13	7	2	5	15	8	1	2	8	
3	29	
6	8	
4	26	6	32	3	42	9	40	
4	22	0	24	9	23	
3	50	1	35	6	38	2	37	
1	17	0	15	
4	30	
2	6	
3	38	5	42	1	47	2	48	0	35	
5	4	4	21	7	24	
7	37	3	33	6	48	9	39	5	26	
3	11	1	7	2	19	6	2	
3	29	6	37	
5	2	
6	33	3	28	
3	20	7	12	2	5	5	6	
0	37	1	46	4	31	5	44	8	39	
7	15	8	7	
7	35	6	39	0	47	2	31	4	34	
7	4	8	17	
2	27	7	49	0	48	
6	10	5	6	7	12	8	25	2	11	
4	33	8	48	
5	19	6	23	7	4	
6	27	
0	5	4	17	5	3	
5	27	4	49	
9	10	5	18	0	22	
5	44	8	30	0	41	2	39	
1	19	4	25	9	3	
1	29	0	43	2	36	5	32	
2	22	0	2	6	25	
2	40	4	32	9	34	
7	16	
1	38	8	34	3	42	5	41	
2	11	7	5	
7	36	2	26	
3	5	
5	36	
9	5	5	20	
0	36	2	43	
6	20	
8	41	
0	10	
6	45	
2	22	0	5	7	19	
0	45	
1	13	6	5	
4	38	7	45	
0	25	
2	30	8	49	0	44	1	35	7	31	
1	3	
1	45	
7	3	
3	48	
1	16	4	15	2	10	6	12	
6	43	
6	8	
8	27	4	32	1	36	3	47	0	37	

Three processing times per job on each machine
The best scenario
362	331	506	
161	353	481	
199	166	238	
411	209	459	
587	337	993	
998	289	759	
47	62	82	
184	281	84	
584	441	362	
124	62	124	
228	512	293	
153	126	191	
363	623	757	
435	817	387	
186	120	257	
536	1117	430	
751	858	683	
146	122	174	
329	254	424	
408	333	524	
321	294	115	
383	228	617	
208	332	599	
713	851	307	
356	450	782	
63	62	138	
105	301	118	
1007	245	941	
532	755	278	
530	901	517	
955	796	1085	
223	457	396	
214	199	255	
136	146	122	
152	156	141	
155	149	73	
101	395	89	
583	711	417	
765	449	809	
574	793	576	
237	302	256	
82	166	50	
126	284	339	
190	346	182	
234	427	324	
611	295	739	
517	401	575	
75	63	213	
239	270	250	
1251	1179	862	
Most likely scenario
511	390	836	
234	636	504	
346	226	319	
605	256	846	
764	585	1457	
1132	537	939	
50	86	149	
244	348	149	
815	483	593	
192	102	159	
430	575	315	
192	227	313	
442	771	853	
700	927	392	
214	164	287	
616	1396	725	
982	1237	690	
230	136	193	
385	327	519	
795	478	788	
336	397	146	
429	409	962	
385	371	691	
723	1047	593	
377	585	814	
104	70	194	
192	340	168	
1152	479	1297	
609	955	398	
896	998	864	
1116	846	1265	
242	774	420	
404	292	292	
257	195	196	
161	297	226	
220	271	140	
142	429	158	
799	974	419	
903	635	1047	
1138	1215	953	
369	392	496	
145	194	78	
247	468	528	
342	349	187	
282	681	647	
883	410	796	
691	446	640	
118	73	244	
262	308	268	
1276	1280	1290	
The worst scenario
686	426	863	
238	809	565	
430	240	340	
760	299	1024	
955	687	1705	
1660	645	1408	
68	93	208	
301	493	166	
1098	494	759	
258	106	229	
491	657	412	
244	277	438	
605	781	1048	
915	1062	480	
244	218	385	
749	1660	809	
990	1259	921	
242	169	215	
566	360	545	
924	630	1092	
447	561	181	
437	573	1438	
466	492	733	
994	1565	735	
447	716	894	
128	93	217	
275	419	215	
1578	527	1625	
684	1048	451	
1217	1151	935	
1182	1174	1798	
307	776	544	
462	318	380	
300	240	285	
220	367	272	
290	295	205	
209	459	201	
1079	1314	506	
915	656	1413	
1537	1485	1085	
506	540	741	
183	279	100	
266	675	536	
369	447	201	
314	870	823	
1101	411	956	
729	458	818	
141	74	357	
275	321	271	
1398	1715	1373	
