Factories	7	Jobs	50	Machines	2

Total number of component types per job processed by HSPM
11	7	10	10	7	8	9	12	12	7	12	10	8	8	7	8	12	5	10	10	9	5	9	9	12	6	10	8	12	8	12	7	9	12	6	7	7	5	6	7	12	6	11	6	6	12	5	10	8	6	

Total number of component types per job processed by MFPM
2	1	1	3	3	2	1	4	2	5	3	2	1	3	3	1	1	2	5	1	5	4	5	1	2	5	4	5	4	4	1	5	1	3	2	5	2	5	2	1	2	2	1	4	2	3	1	3	3	4	

All component type numbers for each job to be processed by HSPM
7	66	17	63	3	53	18	59	14	73	8	30	5	20	16	27	12	67	6	64	10	44	
16	59	7	15	13	6	1	34	14	56	19	20	3	52	
10	5	13	29	9	37	18	25	11	14	6	51	12	69	3	60	15	31	16	24	
9	13	3	30	7	34	1	11	16	3	5	37	10	36	13	21	19	18	15	41	
1	29	11	69	6	68	4	17	14	22	3	50	5	47	
8	3	1	41	6	44	18	59	13	38	16	72	2	52	19	4	
5	54	0	33	3	21	13	13	14	65	10	64	18	22	8	45	6	61	
0	5	1	2	3	56	19	12	12	64	13	31	8	8	2	26	6	55	11	29	9	60	4	18	
12	20	7	47	11	46	3	57	1	2	13	39	2	12	5	56	4	18	10	28	9	48	8	3	
19	13	11	9	12	53	17	46	9	1	4	7	7	37	
15	3	2	39	4	2	8	58	5	59	18	66	13	55	7	72	19	73	16	35	0	5	1	26	
4	70	1	31	17	57	18	64	11	27	10	53	8	55	19	52	5	60	3	65	
14	55	11	71	16	67	7	7	19	56	5	50	17	12	2	40	
15	7	8	70	2	73	16	38	0	54	14	1	12	44	7	47	
9	6	2	71	12	59	1	53	0	42	15	4	3	43	
14	34	1	31	11	44	10	68	18	52	4	3	8	56	9	74	
11	24	18	29	5	67	14	7	8	63	0	16	3	52	13	68	2	33	9	72	10	48	4	54	
4	57	8	10	19	75	16	74	15	52	
12	58	9	37	0	52	5	44	6	68	7	54	10	33	2	24	14	17	3	14	
8	12	9	33	12	23	1	22	0	21	19	50	4	49	15	73	2	25	17	41	
14	12	6	10	10	51	2	1	8	45	19	4	1	18	3	26	17	38	
15	51	6	45	5	13	8	42	16	11	
0	50	11	9	8	1	15	48	16	49	4	3	13	7	12	22	2	15	
3	27	16	36	19	61	2	56	8	13	13	47	12	39	7	42	17	1	
9	47	13	29	12	6	11	18	10	58	1	14	7	55	6	52	15	45	4	38	3	15	19	41	
2	49	6	16	15	63	3	20	0	21	14	15	
16	51	14	12	19	58	15	69	10	54	17	55	6	63	8	56	0	21	2	18	
3	30	10	67	9	31	19	72	16	75	14	16	5	68	17	49	
7	46	5	9	18	44	10	15	19	8	17	53	14	59	2	36	6	45	12	6	3	72	1	26	
15	22	8	39	5	43	19	14	18	18	13	9	0	8	3	75	
10	1	12	65	18	5	2	44	6	2	17	32	4	41	19	7	5	61	1	10	11	69	13	34	
10	73	9	21	5	11	14	70	13	75	8	51	6	57	
3	70	14	36	2	75	0	7	4	1	16	65	9	14	13	18	18	12	
2	16	6	17	14	68	4	49	13	11	8	73	17	45	18	5	11	69	9	26	12	22	19	15	
2	1	6	27	19	44	18	31	8	59	14	40	
18	14	4	28	10	30	14	22	15	18	13	32	7	2	
0	48	7	23	13	20	15	2	18	63	9	62	1	10	
3	73	2	49	15	26	12	39	19	32	
1	23	8	19	18	64	12	17	4	37	6	21	
10	50	0	64	15	13	6	23	4	38	5	74	9	48	
15	4	3	38	10	66	5	2	9	23	0	39	19	62	14	24	16	22	12	11	7	59	11	74	
1	53	11	69	8	25	15	61	5	58	7	60	
17	28	4	39	8	6	15	37	7	45	5	75	9	20	19	50	6	51	11	23	16	15	
13	64	8	47	16	24	2	17	6	39	15	70	
17	58	3	74	13	4	11	41	15	5	2	40	
8	64	19	65	0	36	6	53	15	8	7	55	9	21	10	49	13	50	3	47	2	71	14	34	
1	38	14	12	2	57	6	48	13	13	
15	63	9	67	5	16	4	23	6	18	11	25	12	34	16	8	13	55	17	45	
12	52	2	45	16	57	4	42	7	5	10	46	0	67	6	70	
5	36	14	64	4	12	19	7	15	17	9	48	

All component type numbers for each job to be processed by MFPM
4	23	3	10	
0	18	
7	19	
6	15	0	9	8	25	
5	19	3	5	0	14	
3	8	6	5	
4	6	
4	21	2	3	0	1	3	7	
2	5	0	6	
6	25	8	13	1	21	3	3	0	11	
6	11	9	7	0	9	
4	2	5	20	
7	20	
5	7	3	19	1	1	
1	17	5	22	2	7	
1	20	
1	2	
8	10	0	13	
8	22	2	2	9	7	1	24	5	15	
6	23	
0	12	3	5	6	7	2	6	1	10	
8	24	4	18	9	7	7	12	
9	12	1	20	5	6	6	5	8	10	
1	1	
4	25	9	17	
3	20	1	17	8	16	6	11	2	19	
8	19	9	5	4	21	2	15	
6	22	3	10	8	23	4	19	1	1	
6	1	5	23	0	16	8	25	
3	4	7	24	9	16	6	14	
5	23	
3	6	8	16	2	7	1	3	5	12	
0	3	
8	7	0	17	6	1	
4	18	1	1	
2	6	6	5	4	24	3	20	5	23	
6	21	1	3	
0	21	3	10	6	2	4	16	1	22	
2	3	8	19	
6	17	
0	22	2	4	
1	3	9	16	
0	10	
6	17	2	4	8	19	3	9	
0	25	6	23	
1	4	3	9	0	6	
5	3	
4	5	7	18	0	1	
6	11	3	6	0	8	
6	16	8	13	3	21	5	1	

Three processing times per job on each machine
The best scenario
33	69	
87	92	
97	139	
32	17	
122	85	
112	44	
26	86	
46	25	
62	72	
61	58	
26	44	
305	226	
105	242	
78	98	
37	13	
128	173	
200	119	
393	134	
362	211	
65	84	
119	96	
170	171	
57	83	
119	88	
229	57	
132	190	
289	154	
96	137	
152	137	
95	196	
112	140	
49	50	
74	48	
119	242	
75	150	
137	183	
323	211	
294	197	
52	86	
96	190	
338	152	
192	61	
117	131	
283	439	
352	315	
105	250	
60	158	
144	237	
241	305	
19	37	
Most likely scenario
35	102	
92	102	
174	188	
39	21	
186	146	
167	88	
40	99	
73	36	
67	95	
77	75	
46	45	
348	344	
114	293	
147	145	
42	17	
132	198	
321	165	
424	209	
528	290	
70	99	
124	192	
277	254	
67	95	
202	91	
234	67	
189	245	
462	209	
127	203	
298	241	
129	320	
205	275	
56	59	
99	88	
214	332	
91	155	
244	218	
395	322	
298	242	
77	158	
114	264	
377	205	
243	98	
188	144	
440	510	
448	337	
151	315	
73	161	
158	388	
421	361	
32	47	
The worst scenario
46	121	
137	139	
185	255	
49	25	
268	192	
221	131	
45	136	
92	53	
90	128	
83	98	
65	54	
409	375	
150	312	
189	188	
48	19	
175	217	
348	195	
474	241	
580	403	
80	141	
162	220	
380	268	
92	119	
262	97	
316	71	
231	333	
688	212	
139	227	
360	342	
135	456	
254	348	
74	70	
131	90	
304	344	
115	176	
345	226	
475	455	
408	257	
78	175	
156	281	
463	264	
304	128	
264	161	
638	679	
564	390	
167	471	
80	202	
176	513	
433	421	
37	67	
