Factories	5	Jobs	200	Machines	2

Total number of component types per job processed by HSPM
11	10	5	5	12	11	9	10	10	11	6	7	12	10	10	12	9	10	11	6	7	8	5	7	5	12	8	12	11	12	5	11	8	6	10	12	12	5	12	7	8	6	5	6	10	12	7	12	5	8	8	7	9	5	6	10	6	11	12	7	7	10	5	11	5	10	8	9	9	8	5	11	7	11	8	6	7	8	11	6	5	11	9	10	11	7	8	9	6	8	6	6	6	6	8	8	10	5	6	12	12	11	11	7	8	10	12	6	11	7	7	9	9	9	6	8	7	6	12	12	11	10	7	9	9	10	7	10	7	8	5	6	11	7	7	10	11	10	12	7	6	8	11	5	9	11	9	8	12	9	10	10	6	10	7	9	6	12	9	10	12	11	5	6	8	12	9	12	9	12	6	8	8	5	6	10	6	9	7	10	10	10	9	11	8	9	5	5	7	5	7	7	10	6	5	12	9	10	8	6	

Total number of component types per job processed by MFPM
5	5	2	3	2	3	2	3	1	5	2	5	3	3	4	3	2	1	5	1	1	4	2	5	2	5	3	4	4	1	1	4	3	5	2	3	3	3	1	3	3	1	4	4	2	4	4	3	3	5	4	3	2	1	4	5	4	1	5	2	4	3	4	3	4	2	2	5	4	2	3	3	2	4	5	3	4	3	3	1	5	5	4	1	5	2	2	3	1	5	1	3	1	3	1	4	1	3	1	4	3	4	4	2	4	4	4	3	1	3	2	2	2	4	5	3	2	1	5	5	3	3	3	2	2	5	5	2	5	4	1	3	3	5	3	4	1	5	4	2	1	5	2	3	2	5	3	5	3	5	2	3	4	4	2	4	3	5	1	1	2	2	4	1	3	4	5	2	4	4	5	5	2	5	3	3	5	1	2	2	4	4	2	5	4	4	1	1	3	3	5	5	4	3	3	3	2	5	3	4	

All component type numbers for each job to be processed by HSPM
1	27	13	72	7	54	17	38	14	7	5	25	15	20	16	18	19	58	9	21	2	30	
17	32	11	30	0	5	4	39	9	47	5	60	8	37	1	58	2	17	15	31	
13	69	18	28	5	12	3	22	9	8	
14	75	11	40	7	31	9	5	1	53	
19	24	13	45	8	15	10	44	0	30	6	69	4	58	16	35	17	59	2	37	7	54	5	17	
18	71	11	70	6	45	19	17	10	3	14	13	15	57	0	75	2	4	1	49	3	12	
0	11	19	9	4	57	15	1	18	63	17	32	7	67	14	28	5	62	
0	52	4	43	8	57	9	48	6	65	15	33	14	45	10	74	3	41	1	39	
11	56	12	43	18	68	6	69	15	13	8	18	3	63	4	2	14	29	9	39	
11	52	6	17	7	14	13	60	2	66	1	9	15	37	4	49	8	61	18	42	12	10	
5	22	18	23	0	54	10	62	12	38	3	32	
11	12	17	27	0	37	14	56	2	47	15	15	1	42	
6	23	5	18	3	30	19	24	7	57	1	20	11	62	10	72	2	56	16	52	0	54	18	28	
15	32	2	47	7	4	1	22	4	48	5	34	16	35	19	55	0	5	11	11	
12	68	11	43	16	72	4	41	19	4	13	63	0	7	7	39	8	54	2	58	
11	52	16	24	17	12	7	7	0	56	2	21	3	18	1	48	12	4	9	51	4	37	6	5	
19	23	16	36	8	59	11	3	17	60	2	5	12	44	0	12	18	33	
18	37	13	19	11	9	14	63	0	62	3	24	17	40	12	13	4	36	19	28	
7	25	18	39	14	17	5	8	6	58	19	12	8	69	1	48	4	73	9	36	15	55	
1	18	11	4	4	37	6	71	8	33	9	44	
3	32	6	74	1	55	12	38	9	2	8	26	14	60	
18	7	12	45	3	56	17	11	5	14	19	1	4	24	15	18	
11	61	3	9	8	46	10	4	0	60	
12	59	0	64	19	61	3	23	5	49	15	62	9	44	
8	66	9	70	11	21	12	72	0	9	
1	67	11	52	7	71	2	60	15	7	14	46	17	49	6	72	19	25	18	31	0	44	13	42	
4	25	14	16	10	63	0	26	11	42	5	70	2	49	9	75	
13	45	6	52	18	18	17	53	8	47	15	68	10	12	16	64	2	2	1	30	11	20	7	4	
0	36	13	68	18	4	8	49	2	46	3	71	10	56	11	58	19	72	1	64	12	3	
4	52	10	36	15	75	6	41	5	68	19	13	18	2	11	14	1	45	13	42	16	20	3	4	
8	43	2	70	6	65	4	37	10	62	
2	7	8	74	16	60	5	30	6	25	11	32	13	11	15	54	18	51	12	42	19	9	
14	18	4	38	2	17	12	58	9	37	1	21	5	54	17	33	
7	46	13	25	2	62	12	55	3	14	17	17	
17	34	13	55	4	19	11	66	5	56	16	57	6	14	2	46	1	35	9	51	
13	66	11	52	5	1	6	17	7	73	12	23	10	28	16	8	15	6	2	61	4	5	8	49	
2	12	7	18	6	55	14	66	16	13	11	36	4	31	3	21	0	17	1	9	12	68	15	48	
11	10	13	35	18	33	2	26	5	51	
2	47	4	12	11	4	0	3	16	75	8	19	9	60	6	6	3	52	7	55	15	46	1	30	
3	5	6	60	17	75	5	11	15	20	9	33	13	46	
9	42	2	44	19	65	11	37	18	32	6	18	14	51	3	33	
15	15	19	17	9	24	6	75	13	23	16	41	
5	59	16	41	12	73	6	52	2	65	
8	40	13	25	5	24	17	22	6	15	12	73	
14	36	6	44	4	42	5	5	12	66	11	74	18	2	7	4	8	21	0	14	
11	62	14	54	16	59	0	41	1	20	4	18	13	69	8	27	7	75	17	64	5	10	3	48	
3	13	9	40	11	32	1	51	4	33	17	49	10	16	
16	63	14	30	9	21	8	73	2	31	10	18	13	17	17	48	0	23	11	12	1	35	7	72	
0	53	10	50	15	54	17	19	11	16	
7	58	10	59	17	66	4	49	5	10	12	51	2	70	18	8	
14	41	5	21	2	42	11	22	13	27	7	70	10	73	4	74	
1	65	17	31	15	55	3	45	16	28	9	25	12	16	
6	38	11	20	12	16	13	48	18	46	10	12	3	35	7	40	17	6	
3	55	11	52	19	46	12	6	5	38	
19	46	12	59	14	2	4	51	8	25	5	74	
16	31	4	55	7	61	18	72	11	28	0	25	10	33	15	29	19	42	2	69	
12	52	10	9	5	5	2	15	18	62	6	45	
19	39	9	45	6	11	14	44	15	58	7	31	13	43	5	24	10	59	8	1	11	7	
18	60	11	33	1	73	17	45	13	2	4	36	6	23	5	42	0	14	7	50	16	63	8	10	
13	75	0	51	10	52	19	54	9	58	12	43	6	60	
10	14	1	21	18	5	16	11	5	43	7	75	3	40	
1	53	12	21	16	34	4	67	8	29	13	61	10	11	17	16	19	36	5	43	
16	36	10	9	9	65	12	26	15	29	
18	44	19	40	9	29	12	48	2	66	11	46	6	3	7	50	16	18	15	9	8	60	
13	1	10	71	3	10	17	57	12	21	
3	9	0	39	18	75	6	55	10	46	1	74	17	51	2	34	16	27	5	33	
6	11	19	66	17	45	4	53	1	72	5	6	12	41	13	54	
17	62	6	18	12	51	16	37	11	56	7	23	18	25	4	50	19	9	
17	67	10	38	8	27	15	50	12	45	9	11	11	17	18	32	13	64	
16	43	17	22	8	59	1	30	10	10	11	29	7	17	19	53	
2	70	3	67	19	23	7	32	9	10	
19	74	6	36	1	65	4	11	5	71	16	60	0	8	7	49	17	40	18	59	10	3	
12	12	19	60	9	68	11	5	18	10	2	54	0	24	
17	74	11	24	15	30	10	34	18	2	9	67	4	56	3	26	12	46	0	51	1	65	
5	75	14	63	11	14	12	67	17	37	19	40	16	38	6	6	
14	31	19	1	0	34	3	32	4	55	5	18	
19	39	17	59	15	45	6	61	12	69	1	63	4	67	
14	57	6	12	13	5	7	37	0	2	17	24	5	52	10	21	
14	21	4	70	8	46	1	9	9	12	3	3	12	62	2	24	13	10	17	40	19	43	
12	36	4	23	10	72	0	17	8	18	19	65	
11	32	18	59	13	74	7	75	5	17	
0	46	7	73	12	12	13	39	17	34	4	64	2	66	10	50	14	13	15	62	16	59	
11	6	8	49	16	38	13	20	18	59	3	54	10	42	17	44	5	40	
8	20	3	29	18	36	12	43	5	6	17	45	10	2	16	75	0	70	6	69	
8	4	9	71	13	1	14	36	15	67	4	23	16	25	10	46	6	29	0	72	1	17	
4	49	11	11	1	25	12	72	3	31	13	52	15	32	
6	60	12	48	11	27	13	65	19	8	10	21	14	17	8	14	
19	14	14	6	4	69	13	23	2	11	1	15	15	72	3	73	18	46	
19	22	1	42	3	40	12	33	11	48	10	2	
1	67	10	14	8	48	13	54	2	69	16	8	19	47	4	56	
7	54	13	24	0	28	1	15	2	50	11	64	
17	56	4	15	3	69	16	63	7	30	1	62	
16	40	6	61	9	65	14	18	7	35	18	24	
16	10	13	71	15	32	12	5	14	74	4	70	
9	8	11	40	1	55	18	70	5	46	15	69	6	36	3	54	
15	65	13	54	9	18	11	55	8	37	7	23	0	10	12	70	
10	73	13	29	16	43	14	42	8	75	1	58	7	2	11	10	4	35	3	66	
16	14	19	43	17	72	8	61	7	20	
18	49	10	22	17	67	0	70	12	18	1	4	
3	10	6	58	13	74	18	50	8	8	16	70	14	25	0	57	19	32	9	12	11	49	10	41	
10	67	7	28	1	31	16	11	3	1	12	37	18	21	19	66	11	48	2	18	14	22	6	58	
4	75	12	41	5	34	13	23	7	43	16	63	0	12	6	35	9	46	10	42	15	10	
16	60	8	9	19	56	2	49	14	25	10	18	1	12	12	74	13	27	6	35	4	53	
16	5	2	73	15	25	7	1	8	32	17	49	13	66	
9	39	17	10	0	36	4	29	13	14	8	40	12	68	14	19	
18	35	14	71	12	17	11	66	6	39	16	4	10	45	7	33	9	40	3	16	
2	73	12	17	0	20	9	60	16	14	11	58	1	26	19	43	18	62	5	15	14	3	4	75	
9	20	2	15	12	1	0	64	6	51	15	21	
3	49	15	51	6	44	1	52	0	68	11	25	5	65	8	23	18	21	10	11	19	27	
18	14	1	74	17	47	13	48	10	13	11	26	8	66	
13	12	12	64	15	6	8	2	3	17	11	33	17	52	
1	63	14	39	18	6	4	60	5	3	0	8	17	18	2	52	10	20	
0	63	19	9	18	60	8	38	13	58	7	26	2	71	6	36	3	20	
15	40	5	65	11	35	3	45	17	3	6	52	18	50	12	48	8	43	
13	29	17	46	3	55	1	44	10	68	15	72	
5	68	14	73	8	75	2	27	18	25	12	4	15	59	13	41	
18	16	12	28	17	7	2	60	15	67	14	33	1	53	
4	43	11	1	10	33	6	75	0	61	17	14	
8	51	2	7	9	37	6	20	11	1	16	21	1	39	15	27	14	32	17	60	3	46	19	9	
18	33	4	62	11	52	19	38	15	60	3	63	9	26	7	51	1	50	8	66	12	20	0	45	
7	41	16	50	1	56	0	67	13	63	19	70	4	25	10	33	6	28	15	7	3	75	
19	57	9	6	18	1	12	35	0	64	13	17	15	53	11	66	17	3	6	61	
2	4	16	46	9	35	18	28	5	49	3	5	15	54	
2	30	11	73	18	71	4	36	1	23	3	75	7	63	8	11	5	38	
5	26	9	59	7	12	8	1	16	4	6	29	13	45	18	38	10	75	
7	60	17	42	14	56	16	15	19	20	6	10	15	45	10	31	11	69	9	16	
0	70	5	23	6	68	2	35	17	55	10	2	14	72	
10	26	1	21	14	63	19	2	11	6	6	18	12	36	16	9	2	17	4	75	
8	36	1	57	18	52	14	40	2	7	15	2	7	15	
13	34	14	67	9	49	15	53	2	43	12	32	0	59	7	10	
9	22	10	17	19	51	4	49	14	43	
16	32	2	19	15	8	3	67	1	45	5	72	
3	3	10	73	6	11	14	26	9	5	8	10	12	17	7	75	17	25	0	74	18	55	
17	70	16	35	13	12	6	58	10	67	12	26	3	24	
4	25	5	53	13	68	1	46	2	41	8	57	11	3	
14	17	2	42	18	37	7	35	6	39	9	25	15	19	16	53	4	41	0	27	
7	34	8	16	2	9	15	10	10	74	1	28	3	52	4	31	6	36	5	1	16	55	
16	15	19	13	2	46	9	73	11	63	5	55	6	72	0	54	14	34	4	9	
18	70	3	65	16	54	6	14	2	74	1	34	15	10	19	23	10	11	8	2	14	66	9	58	
16	66	18	16	7	48	8	14	1	19	11	24	0	1	
17	74	5	59	18	48	9	52	10	12	4	70	
7	74	0	62	14	10	1	18	19	44	10	42	6	68	5	33	
12	65	7	50	19	49	18	34	5	57	2	12	1	39	13	13	0	25	8	33	3	75	
6	10	10	38	11	70	12	67	14	45	
10	12	9	49	17	63	3	52	6	31	16	23	13	39	14	22	0	56	
13	19	7	21	15	15	2	64	11	54	8	18	10	61	17	32	3	66	4	52	16	39	
8	14	12	9	4	39	1	12	5	67	15	74	10	21	14	17	11	35	
7	67	14	61	13	44	4	20	8	8	10	26	1	29	17	30	
10	58	2	56	9	63	1	32	15	33	19	62	8	20	17	72	5	23	13	42	16	69	11	52	
17	53	6	63	15	25	18	66	2	4	8	46	10	45	0	65	4	19	
11	29	13	68	14	46	1	11	8	33	18	19	16	7	7	24	6	43	2	37	
2	5	0	2	6	54	17	58	3	59	19	66	8	63	9	23	7	15	5	12	
14	29	15	67	8	45	19	30	16	43	17	11	
18	6	9	16	12	48	8	20	6	58	17	71	5	63	13	57	3	49	1	4	
12	59	15	61	2	53	18	29	1	66	13	10	9	51	
5	28	9	49	18	7	14	61	4	48	1	72	0	67	6	43	17	3	
7	2	5	13	2	44	3	29	19	42	9	32	
4	37	0	3	13	31	6	36	15	52	14	14	8	1	9	41	19	61	11	34	10	68	7	15	
3	5	19	65	11	42	12	25	1	34	15	54	14	22	2	11	5	73	
8	31	13	35	4	8	10	30	1	42	12	28	0	61	3	7	14	70	18	41	
1	75	15	33	3	14	0	29	14	7	11	6	17	51	7	50	8	11	6	9	2	2	4	32	
9	60	7	29	5	65	17	12	16	11	2	67	11	27	19	34	18	24	8	1	12	18	
19	31	18	40	16	66	17	18	2	7	
19	27	0	60	12	71	7	16	5	23	15	69	
2	68	7	23	16	64	12	56	18	33	13	6	19	36	3	28	
13	7	6	25	17	40	7	44	14	22	18	39	2	37	9	23	12	3	5	71	15	27	4	15	
12	5	15	21	8	67	6	10	4	15	16	49	3	41	0	4	19	33	
12	54	8	41	15	62	19	26	5	9	2	19	17	31	6	55	0	52	4	60	13	39	10	44	
13	14	8	71	7	37	16	11	6	17	12	52	2	49	19	68	18	39	
17	27	4	53	9	49	18	73	1	72	8	67	14	28	13	63	10	11	11	59	15	9	5	60	
8	4	2	36	11	32	6	30	14	3	18	40	
15	74	8	4	13	52	1	63	14	7	10	71	17	46	7	43	
19	19	6	34	13	72	1	43	8	30	7	44	11	68	12	60	
14	18	19	5	0	6	10	3	17	41	
15	50	2	34	13	44	10	66	0	26	12	67	
18	17	7	9	4	54	10	56	11	40	0	70	14	51	8	35	16	74	12	23	
8	45	6	37	4	14	17	34	15	75	16	67	
6	50	11	70	12	62	17	28	2	58	19	12	5	74	0	38	1	31	
1	13	15	42	2	35	14	51	12	10	11	32	17	31	
7	68	12	63	8	70	17	59	2	37	10	11	18	57	13	29	16	36	15	65	
11	52	4	14	8	23	14	11	2	1	17	39	9	12	16	47	18	53	13	74	
1	70	15	58	8	39	14	57	16	63	4	40	5	24	9	6	6	64	11	72	
16	47	3	52	5	5	13	21	9	43	8	34	18	10	14	41	6	67	
1	21	3	67	17	26	14	35	19	75	9	6	16	36	0	25	15	44	10	49	4	39	
19	32	15	47	8	62	6	14	5	10	10	15	16	69	18	34	
12	26	2	61	18	69	17	64	1	35	5	68	8	48	7	52	14	28	
6	42	1	8	5	66	14	34	12	51	
1	31	4	48	2	64	8	1	15	68	
19	7	2	59	5	15	16	9	7	64	0	69	18	26	
2	7	5	65	10	17	12	2	4	56	
11	56	9	69	17	66	0	2	1	37	13	47	2	75	
7	31	10	63	6	49	13	58	3	42	16	65	4	48	
7	10	13	6	10	40	18	17	1	75	3	73	12	45	15	74	2	39	5	32	
16	43	14	36	5	63	9	30	10	17	12	72	
10	58	1	37	12	16	15	54	6	24	
8	26	7	3	0	41	5	55	18	46	6	53	15	65	2	20	12	56	16	18	1	43	11	17	
8	75	10	32	6	60	17	73	7	64	11	16	15	71	9	68	12	6	
14	30	5	43	1	24	16	49	9	27	19	40	13	17	17	69	12	73	6	46	
15	71	0	11	5	38	16	24	3	58	8	43	1	36	13	3	
17	25	8	12	5	41	11	2	2	28	9	55	

All component type numbers for each job to be processed by MFPM
7	11	2	15	5	14	8	6	0	8	
9	8	3	13	2	21	0	14	6	16	
1	15	0	9	
8	10	2	9	7	16	
4	23	3	1	
4	8	2	9	9	10	
5	21	1	9	
3	11	9	6	8	22	
1	17	
2	7	7	10	4	24	3	23	8	13	
6	17	3	7	
6	15	0	25	1	2	7	16	5	20	
6	4	4	20	3	10	
3	18	7	3	6	17	
9	24	4	8	6	23	2	9	
0	1	4	4	1	20	
0	3	2	5	
8	15	
7	13	9	14	6	6	3	12	5	9	
9	19	
5	23	
5	11	3	12	2	22	6	15	
4	25	9	21	
3	1	2	25	9	14	7	2	1	24	
5	11	8	17	
4	22	1	6	7	12	8	20	9	11	
8	11	3	5	1	2	
7	7	3	8	1	2	4	11	
5	19	9	21	4	6	8	24	
5	5	
6	19	
2	10	5	16	7	8	0	25	
9	15	1	23	3	5	
7	9	6	24	2	21	8	7	9	16	
7	16	3	1	
4	23	1	17	6	8	
2	4	8	14	1	17	
1	3	2	19	7	17	
9	12	
4	22	5	4	9	1	
5	3	4	23	0	16	
2	2	
1	19	5	12	3	7	8	16	
4	10	6	5	3	20	5	14	
3	19	8	9	
0	6	4	24	5	8	7	20	
1	21	9	20	3	10	2	7	
7	4	8	13	6	11	
1	20	9	18	0	1	
0	19	1	20	2	14	5	24	3	9	
6	2	8	16	3	25	2	10	
2	7	9	3	5	11	
1	4	4	19	
5	7	
3	4	8	1	6	25	7	12	
7	18	5	19	0	24	2	3	8	21	
4	5	0	10	7	8	5	20	
3	14	
8	5	9	20	7	4	2	2	0	19	
9	11	7	24	
6	6	0	3	8	25	4	11	
1	25	0	20	7	9	
4	10	0	23	1	14	8	1	
6	10	3	17	0	7	
0	24	5	5	8	13	2	25	
4	23	2	12	
9	7	7	22	
0	25	9	3	1	18	2	12	8	23	
7	23	2	4	8	25	1	19	
5	24	3	6	
0	5	1	14	4	6	
2	13	9	15	0	21	
1	3	9	4	
8	10	2	1	7	24	5	23	
0	24	2	4	5	12	1	1	9	25	
8	8	7	6	2	1	
3	20	9	15	7	9	8	24	
7	18	2	23	9	15	
4	7	9	22	2	25	
3	8	
9	19	0	8	1	10	8	22	5	11	
3	9	4	8	6	14	5	4	0	19	
3	15	8	11	0	8	6	4	
0	21	
4	20	1	23	8	18	3	2	7	4	
1	10	9	19	
0	20	1	4	
4	25	8	7	5	21	
2	17	
3	15	8	11	7	13	4	8	0	16	
4	25	
7	11	9	24	2	6	
1	25	
1	14	2	3	9	1	
8	12	
2	12	9	7	8	1	1	9	
2	16	
1	4	3	15	5	8	
4	16	
3	4	1	9	2	8	5	15	
4	1	7	13	3	4	
3	4	2	17	1	21	9	8	
6	16	4	20	7	3	9	11	
6	19	8	15	
0	25	8	20	7	9	9	23	
4	1	3	19	1	13	9	17	
9	12	1	1	2	7	3	13	
1	5	9	15	3	16	
3	22	
8	12	0	20	6	2	
9	24	0	10	
7	19	2	10	
9	20	6	7	
2	17	9	19	4	9	8	24	
9	17	8	16	5	12	3	24	7	9	
7	2	4	6	5	3	
4	14	5	7	
7	8	
8	23	5	22	4	9	1	7	9	8	
7	5	6	2	4	17	5	19	2	1	
4	8	5	13	3	18	
3	9	1	11	8	22	
8	7	4	24	2	19	
1	14	9	12	
6	7	7	19	
2	5	4	20	5	13	3	6	7	8	
6	19	4	24	5	11	7	18	9	23	
6	9	4	1	
0	12	6	18	4	22	5	25	2	7	
2	4	6	23	3	9	4	16	
2	21	
0	3	1	14	6	18	
2	14	4	1	1	24	
9	10	4	24	5	20	2	1	1	17	
0	14	2	3	9	4	
4	23	9	18	3	14	1	1	
6	7	
3	4	1	14	8	16	9	6	4	19	
5	8	7	14	4	23	1	9	
2	24	1	1	
3	1	
1	20	8	11	7	6	6	16	0	3	
3	21	4	5	
9	8	7	5	8	3	
7	19	9	20	
8	3	3	19	2	14	4	15	7	12	
6	13	4	24	0	15	
5	6	0	9	7	19	6	23	2	17	
8	4	3	17	2	19	
5	19	0	5	9	18	7	3	8	11	
9	19	3	18	
1	1	5	4	0	9	
3	5	5	2	0	6	9	24	
9	14	2	16	5	4	6	8	
0	5	7	19	
2	8	0	24	9	18	8	17	
6	20	3	2	0	7	
1	10	9	11	8	3	4	5	2	15	
3	8	
7	12	
8	18	4	13	
5	19	0	5	
7	22	3	3	1	10	4	14	
9	16	
9	7	5	5	2	21	
3	6	1	19	4	21	9	10	
7	9	9	16	8	18	4	2	2	22	
0	7	2	20	
9	22	4	18	8	5	5	12	
1	5	7	20	2	4	3	24	
7	18	6	3	8	5	4	10	1	16	
0	15	7	22	1	25	5	7	6	20	
4	24	0	15	
9	7	2	2	3	20	0	13	1	22	
5	21	6	2	0	25	
1	16	4	5	8	13	
8	17	6	5	2	8	1	16	3	3	
9	21	
3	19	0	10	
9	23	7	21	
7	14	6	24	4	18	1	6	
0	9	1	5	9	21	7	12	
2	10	8	1	
9	22	6	17	8	5	1	16	0	19	
4	11	7	5	0	17	2	1	
8	2	5	16	6	24	2	3	
8	18	
3	18	
1	1	7	4	8	13	
7	3	9	19	5	11	
1	8	8	21	9	24	7	10	4	14	
1	4	8	1	5	5	2	13	0	12	
9	14	3	5	8	19	6	12	
8	3	9	19	3	10	
9	23	5	2	0	9	
8	7	4	18	7	23	
9	17	2	11	
0	5	1	1	3	7	9	8	2	12	
3	22	7	11	4	5	
0	22	6	23	4	25	2	20	

Three processing times per job on each machine
The best scenario
18	31	
206	120	
122	215	
170	148	
109	187	
36	51	
274	226	
346	220	
118	158	
109	70	
341	142	
182	165	
118	158	
166	272	
147	188	
130	92	
268	343	
87	60	
93	271	
113	153	
149	124	
269	114	
17	23	
101	133	
131	201	
16	49	
150	48	
127	109	
252	338	
394	399	
40	62	
140	230	
289	84	
80	202	
77	184	
41	25	
125	195	
123	93	
145	95	
203	135	
88	88	
191	129	
103	142	
37	59	
259	228	
288	239	
70	117	
424	137	
25	43	
221	144	
218	300	
160	254	
83	26	
440	276	
74	60	
223	250	
91	59	
123	165	
219	215	
155	91	
181	351	
285	151	
299	216	
19	23	
137	158	
100	22	
371	263	
59	39	
44	55	
148	190	
82	44	
164	144	
384	329	
32	95	
208	138	
135	131	
106	43	
143	76	
49	82	
34	50	
315	129	
492	179	
78	146	
29	58	
62	154	
125	33	
209	115	
175	181	
183	196	
195	76	
170	187	
78	37	
56	66	
73	63	
89	90	
51	52	
68	106	
178	67	
150	167	
209	91	
97	130	
84	111	
109	55	
209	348	
183	69	
76	93	
84	336	
211	49	
335	191	
210	231	
132	143	
242	192	
186	146	
132	96	
83	211	
101	263	
158	272	
26	33	
374	467	
144	106	
254	296	
150	339	
228	439	
83	58	
326	291	
70	151	
515	272	
35	21	
53	70	
144	480	
100	153	
177	176	
77	95	
66	159	
53	37	
164	100	
84	67	
77	52	
83	77	
315	249	
66	186	
59	55	
252	388	
90	121	
99	211	
323	200	
221	248	
64	81	
281	166	
38	21	
36	104	
115	111	
208	244	
101	339	
131	108	
104	36	
176	159	
138	70	
81	131	
292	298	
162	177	
260	159	
159	166	
272	254	
50	71	
47	48	
173	54	
230	76	
108	63	
343	112	
166	169	
41	56	
91	78	
98	70	
190	80	
112	152	
24	16	
94	92	
332	203	
267	85	
71	18	
358	205	
172	256	
54	88	
97	40	
200	197	
177	171	
229	163	
89	30	
303	298	
186	182	
420	483	
92	57	
379	131	
194	328	
146	307	
276	192	
281	186	
126	143	
216	141	
Most likely scenario
23	33	
265	222	
161	238	
227	271	
211	371	
49	78	
281	257	
414	355	
136	282	
172	107	
420	235	
255	233	
152	176	
168	332	
173	202	
146	129	
379	436	
104	99	
105	272	
211	203	
227	240	
416	122	
19	42	
167	190	
143	331	
22	73	
218	69	
195	165	
299	551	
619	615	
46	64	
228	238	
311	126	
117	296	
118	195	
69	41	
201	266	
151	107	
257	122	
246	184	
152	124	
202	212	
137	178	
55	81	
382	405	
337	273	
84	141	
478	235	
36	54	
374	216	
384	411	
315	298	
101	48	
489	403	
102	84	
257	406	
108	87	
136	270	
278	311	
166	168	
235	531	
464	240	
538	269	
23	31	
256	235	
103	42	
487	347	
84	63	
61	88	
188	344	
115	56	
271	159	
538	362	
48	118	
311	234	
173	167	
110	62	
171	87	
87	134	
50	77	
343	234	
577	267	
130	234	
58	82	
81	163	
204	55	
217	118	
183	267	
262	200	
268	87	
291	259	
82	69	
95	76	
114	70	
127	156	
78	53	
119	128	
258	118	
284	322	
290	151	
132	147	
120	189	
113	74	
217	553	
209	133	
86	121	
92	355	
257	93	
433	226	
345	322	
144	205	
417	204	
284	154	
167	154	
94	220	
197	295	
222	319	
38	50	
439	478	
248	172	
348	399	
208	352	
408	447	
88	61	
553	452	
95	217	
586	378	
51	26	
76	76	
162	568	
184	184	
252	283	
78	105	
95	190	
74	48	
176	128	
95	97	
83	84	
100	150	
529	287	
78	250	
73	96	
470	411	
123	215	
195	277	
529	254	
376	325	
76	89	
459	325	
75	25	
68	189	
128	213	
213	322	
173	451	
206	118	
113	40	
191	274	
222	78	
117	193	
339	299	
215	312	
388	189	
240	211	
278	257	
67	131	
56	50	
174	75	
328	122	
162	105	
348	220	
170	274	
48	82	
100	147	
132	75	
205	147	
179	289	
32	30	
104	97	
530	374	
295	143	
72	20	
370	228	
318	353	
66	105	
139	43	
272	334	
244	230	
307	191	
90	45	
486	510	
231	248	
523	549	
104	113	
404	257	
204	539	
188	467	
306	208	
315	193	
154	197	
298	190	
The worst scenario
29	35	
304	225	
213	325	
308	380	
251	387	
70	89	
398	374	
553	439	
180	324	
214	112	
519	243	
332	305	
186	232	
171	383	
224	258	
180	191	
422	627	
124	147	
125	378	
255	222	
258	261	
471	167	
25	43	
196	207	
146	332	
31	104	
307	94	
202	246	
313	620	
661	746	
49	85	
327	263	
412	137	
123	297	
148	261	
72	48	
238	321	
186	148	
301	133	
323	257	
154	129	
300	246	
157	196	
78	111	
475	582	
462	325	
93	187	
533	282	
40	66	
386	270	
489	554	
344	349	
136	62	
628	547	
131	125	
366	419	
125	114	
177	370	
298	313	
178	176	
290	563	
674	316	
625	365	
26	42	
339	323	
113	46	
495	351	
87	73	
69	123	
215	470	
159	75	
402	191	
592	389	
61	139	
462	272	
222	202	
123	79	
205	101	
107	162	
75	111	
396	276	
640	396	
185	253	
77	112	
107	169	
253	81	
318	148	
272	377	
328	226	
295	112	
335	287	
119	103	
128	108	
158	89	
153	198	
109	79	
135	138	
371	163	
397	380	
362	201	
181	204	
141	223	
118	85	
253	766	
269	152	
96	152	
118	529	
300	127	
450	299	
482	475	
146	239	
593	206	
315	168	
241	223	
141	276	
267	422	
319	448	
48	55	
518	563	
349	200	
481	502	
221	461	
521	597	
100	63	
734	478	
138	238	
650	453	
52	33	
92	107	
164	725	
245	256	
299	323	
115	151	
134	254	
94	62	
214	159	
138	124	
122	95	
140	214	
655	294	
98	251	
100	108	
506	449	
134	250	
259	378	
724	379	
493	345	
89	124	
497	334	
92	32	
98	225	
166	297	
222	371	
194	537	
245	171	
166	43	
201	351	
251	86	
157	253	
380	389	
278	319	
443	195	
332	290	
279	260	
86	145	
66	69	
250	78	
397	159	
202	147	
417	296	
251	293	
61	92	
105	159	
140	105	
264	196	
196	399	
45	38	
117	105	
616	476	
367	211	
103	27	
525	234	
442	463	
96	155	
148	59	
305	420	
362	333	
375	204	
104	65	
725	609	
248	252	
774	650	
138	128	
525	261	
265	592	
274	626	
385	214	
331	206	
178	257	
390	284	
