Factories	3	Jobs	200	Machines	3

Total number of component types per job processed by HSPM
11	9	9	7	6	7	12	8	8	11	6	11	8	11	10	11	8	8	12	7	5	11	10	5	9	9	10	10	5	9	12	12	10	11	9	12	9	12	12	6	9	7	7	11	10	6	10	9	8	9	8	9	10	6	10	10	11	9	8	12	9	6	12	7	12	5	10	5	9	5	6	5	8	5	12	9	10	7	5	11	7	5	8	11	7	8	8	12	7	7	5	8	7	5	5	9	9	7	12	10	12	12	10	5	11	5	12	6	8	6	5	7	12	6	7	5	11	12	12	12	11	10	10	7	6	7	7	10	9	7	8	11	12	6	8	6	10	6	8	8	11	12	10	6	9	9	10	8	7	8	7	8	9	11	6	7	8	11	8	10	12	8	5	8	7	5	9	8	7	8	6	8	12	9	10	9	12	8	11	10	11	12	8	9	7	10	9	9	11	10	10	9	9	8	12	9	6	9	12	11	

Total number of component types per job processed by MFPM
5	4	3	3	1	2	1	5	4	5	5	5	1	3	3	1	3	1	3	3	5	4	2	2	5	3	4	3	2	3	5	3	1	5	2	4	3	1	1	3	1	3	5	2	1	2	3	1	2	2	3	5	4	5	5	3	2	4	5	5	2	1	1	3	4	2	2	3	2	3	4	3	4	3	4	3	5	2	1	4	1	1	3	4	3	1	5	2	4	3	5	4	3	1	2	3	5	1	2	3	2	4	5	2	2	4	1	1	2	1	5	2	1	4	3	1	2	2	5	4	4	5	2	5	5	5	3	2	2	3	2	5	3	2	1	3	2	1	1	5	3	4	5	3	4	3	4	4	2	3	1	1	1	4	4	3	4	3	3	3	5	3	4	5	1	5	1	2	3	5	4	3	5	2	1	4	2	4	1	1	4	2	4	5	4	2	2	3	1	4	4	5	2	2	1	4	1	1	4	4	4	1	5	3	3	4	3	3	2	4	3	1	3	2	5	1	5	1	1	2	2	5	2	1	1	2	3	2	3	4	5	5	5	4	4	3	1	3	1	1	4	2	5	4	5	5	5	2	3	3	4	5	4	3	4	3	1	5	1	5	1	3	3	3	4	2	2	4	3	4	2	1	4	4	4	1	3	4	4	5	3	5	4	1	2	4	5	2	3	4	2	2	4	3	4	2	5	5	1	4	2	4	3	3	2	4	4	2	3	4	5	1	2	1	5	2	4	4	5	3	3	5	2	1	3	5	1	2	2	5	5	2	3	5	3	1	5	4	3	3	2	1	5	2	3	1	2	3	5	1	3	1	3	4	3	1	1	2	5	1	5	2	4	2	2	2	1	5	2	2	3	5	4	1	2	2	4	1	1	2	4	4	1	5	4	4	2	1	1	4	1	2	2	4	3	2	3	4	1	3	

All component type numbers for each job to be processed by HSPM
9	67	16	63	5	23	15	53	0	40	6	38	2	61	19	56	17	15	1	34	11	75	
3	31	6	68	18	64	0	38	10	45	11	24	15	3	9	49	4	60	
16	23	11	54	2	27	8	68	6	57	14	44	12	2	9	38	15	3	
13	54	18	60	14	8	16	43	10	44	15	73	11	40	
5	5	9	43	17	75	0	36	13	55	1	41	
0	50	16	34	6	11	12	36	9	68	15	29	5	39	
9	5	10	49	7	11	13	32	11	38	17	30	4	57	19	2	0	72	14	10	18	8	8	19	
13	35	7	24	14	31	17	7	0	52	19	57	10	75	9	10	
4	67	1	72	13	48	19	20	12	64	9	55	2	44	10	29	
12	17	13	23	19	74	1	56	17	39	5	14	3	48	16	28	6	11	4	4	14	19	
7	11	0	12	15	41	17	70	10	56	19	28	
8	74	17	75	15	19	0	12	12	29	3	33	7	28	9	45	13	4	6	22	11	18	
1	72	7	36	14	74	19	19	8	44	9	42	12	51	3	48	
6	8	3	21	0	24	7	65	1	35	16	55	8	44	14	49	9	30	19	16	2	61	
14	36	19	43	7	14	15	18	2	4	9	65	12	62	17	27	0	53	4	10	
3	43	5	27	12	18	19	20	15	26	11	52	18	71	14	61	10	29	4	17	8	69	
16	64	19	50	14	32	10	45	11	16	15	25	6	75	1	52	
3	75	6	42	18	60	12	50	17	12	5	33	8	36	14	41	
8	30	5	4	1	19	4	39	0	16	16	55	2	73	15	17	10	66	9	68	17	40	14	34	
14	72	0	57	18	65	8	43	5	9	9	35	4	14	
7	36	9	40	2	63	0	27	8	39	
5	25	6	7	15	1	17	17	7	45	9	8	1	37	4	49	11	4	16	13	12	75	
0	24	6	26	19	1	12	9	1	50	2	73	10	46	13	58	7	39	14	59	
17	44	9	68	13	54	3	7	16	74	
16	66	9	8	7	23	10	7	1	34	5	16	0	31	17	63	4	62	
15	53	17	5	16	43	7	60	2	33	13	41	1	74	6	2	4	58	
12	47	3	3	19	51	2	52	15	11	6	38	7	60	5	39	4	1	9	56	
3	20	13	19	6	7	8	49	4	38	17	18	5	59	19	50	14	37	9	26	
9	55	11	21	1	53	7	41	4	74	
0	30	10	22	13	70	1	59	18	62	3	47	5	8	4	21	7	65	
5	36	4	19	0	13	13	55	7	67	18	70	8	41	17	10	12	18	3	39	10	23	11	33	
4	69	10	67	2	33	9	44	8	41	15	75	1	27	7	30	13	21	14	55	0	26	3	34	
3	46	9	71	0	51	7	17	10	49	18	18	19	7	4	29	1	33	17	6	
17	8	18	50	8	57	9	48	10	68	15	24	3	46	6	62	12	23	2	66	1	49	
7	56	11	54	16	60	1	14	6	25	12	18	4	1	17	44	2	73	
15	71	11	41	4	53	16	72	5	24	12	49	14	34	3	21	8	58	13	63	7	42	2	2	
8	35	19	61	2	29	12	69	4	60	3	4	7	64	16	30	14	15	
1	65	13	19	10	4	14	15	17	60	9	67	8	58	12	36	18	63	16	50	4	29	5	46	
2	70	15	50	9	51	17	63	18	74	14	72	5	19	16	10	0	21	11	42	4	31	19	48	
2	5	19	10	15	6	6	40	18	42	4	17	
15	50	18	19	7	40	19	32	9	52	17	24	1	26	13	7	5	72	
8	67	14	2	11	23	12	12	10	15	4	29	9	44	
7	29	4	2	6	33	18	23	19	5	13	32	8	1	
4	29	0	74	12	20	8	28	18	23	15	33	19	25	13	21	1	60	9	10	6	18	
4	37	2	71	16	52	13	8	11	18	6	59	9	56	14	36	0	15	19	50	
17	34	7	75	6	68	0	47	18	54	10	10	
1	12	13	8	9	14	3	70	12	50	18	21	0	37	16	43	2	38	6	41	
5	53	0	18	10	6	17	47	1	60	11	74	18	64	3	58	8	13	
18	69	6	16	5	1	15	34	1	6	7	66	9	39	10	11	
19	51	6	38	0	4	7	18	9	37	13	13	2	23	17	33	18	71	
5	45	12	69	10	2	7	40	17	35	13	28	3	38	9	25	
3	64	15	52	11	42	19	51	13	50	4	70	12	41	10	10	14	57	
7	43	0	58	3	21	18	62	13	7	15	29	17	49	8	23	5	55	16	39	
3	39	15	45	18	46	9	38	14	4	5	24	
13	11	15	52	8	75	10	14	14	22	1	6	6	44	19	47	18	13	5	50	
1	54	17	34	9	41	6	69	5	26	3	63	18	66	14	30	16	18	15	38	
14	45	5	30	10	54	11	46	8	5	17	25	0	60	16	39	9	27	15	55	6	3	
19	73	13	44	16	10	12	22	3	38	15	20	2	15	8	24	5	55	
10	14	14	54	1	10	2	45	6	47	13	46	4	1	3	59	
0	17	1	30	11	64	6	59	15	15	2	62	10	53	3	26	17	45	16	29	12	48	4	12	
18	59	11	39	10	47	2	14	8	6	12	30	5	1	15	21	1	56	
14	59	2	6	9	44	6	49	13	56	8	63	
6	70	12	5	13	39	0	71	4	21	18	75	5	69	10	3	7	40	16	13	1	22	19	16	
4	14	18	44	8	28	12	5	3	55	5	62	19	26	
6	41	8	36	15	52	17	42	11	26	7	47	16	70	3	14	13	48	5	53	19	9	2	29	
3	65	9	49	0	12	4	15	18	34	
17	44	13	4	8	25	19	14	14	47	0	71	15	28	12	17	9	15	4	48	
12	25	17	38	7	54	18	55	15	27	
10	52	14	8	19	39	5	50	8	25	6	22	7	28	12	4	13	45	
17	9	1	61	10	73	3	1	12	13	
15	70	19	47	3	49	5	44	4	3	10	57	
15	40	4	12	5	34	16	62	1	49	
14	11	5	20	17	60	8	59	3	19	19	47	1	71	11	24	
15	1	10	57	13	46	16	50	0	75	
6	21	4	63	16	26	8	37	13	46	14	66	17	9	9	38	0	50	12	51	18	70	5	17	
1	40	4	33	8	24	16	6	13	4	11	52	6	13	17	17	10	55	
11	64	17	58	13	42	16	36	19	55	4	57	5	61	9	37	6	68	12	3	
4	59	2	16	9	27	15	24	17	72	16	62	11	36	
16	44	19	60	2	26	11	53	8	61	
11	61	3	36	4	44	9	4	10	50	1	9	18	58	8	54	0	73	2	23	19	53	
19	10	8	69	3	28	6	50	4	62	11	39	2	31	
7	6	8	71	17	14	1	43	3	37	
18	3	8	5	9	28	3	29	13	23	16	65	19	12	2	33	
2	13	15	42	5	65	19	10	4	69	13	54	3	28	8	3	1	62	0	2	11	1	
19	12	15	4	7	18	18	11	10	58	2	37	11	65	
16	51	3	6	11	21	2	25	6	8	0	36	9	52	1	12	
9	30	6	63	8	11	1	27	4	52	13	62	14	19	3	44	
19	57	2	15	10	51	11	67	16	40	8	31	17	18	18	1	12	54	7	14	6	35	5	62	
14	41	9	48	4	66	5	12	11	22	8	44	16	59	
1	14	15	63	13	75	3	57	16	22	9	55	4	67	
15	19	14	18	7	23	6	43	0	1	
4	15	18	10	16	51	10	50	1	62	0	14	14	20	13	36	
0	42	16	58	12	10	14	59	7	49	1	65	17	30	
19	12	3	34	1	19	12	29	18	43	
2	23	7	61	18	72	15	75	3	59	
8	64	17	54	3	51	9	5	15	26	5	31	2	25	12	14	0	33	
2	70	0	57	14	46	7	11	4	69	15	27	18	72	16	39	8	19	
19	55	0	4	3	2	15	31	5	25	13	68	12	24	
10	9	17	29	14	47	11	67	9	58	13	71	8	48	0	65	2	54	3	15	5	74	19	56	
9	15	1	63	10	59	17	5	12	67	18	75	4	65	15	49	16	55	3	64	
9	32	2	41	6	73	13	23	8	46	18	45	3	35	17	36	19	54	10	65	14	64	4	70	
14	8	17	13	4	53	5	11	10	4	19	16	1	9	16	25	9	21	6	12	12	62	18	46	
13	67	1	20	0	35	17	56	8	57	19	21	11	17	14	73	12	61	3	26	
19	40	10	8	3	72	13	13	11	27	
13	50	8	68	17	64	6	62	2	67	15	63	1	58	0	12	18	28	4	47	12	46	
0	37	14	74	9	30	15	22	18	50	
15	65	9	61	3	66	13	6	4	58	6	56	10	24	11	35	5	15	18	47	7	40	17	29	
17	71	1	11	2	47	6	72	19	56	8	2	
4	46	1	41	19	6	18	10	16	1	0	45	2	65	7	3	
12	21	13	49	17	10	4	18	16	70	7	40	
15	44	19	26	1	37	12	50	3	39	
3	11	6	71	5	31	19	19	4	32	10	48	12	70	
12	14	6	31	2	71	10	64	7	12	11	27	18	23	15	42	14	68	17	28	16	40	8	43	
10	41	1	45	0	21	3	13	15	42	8	49	
10	59	16	44	2	38	19	1	9	54	18	2	1	5	
3	33	5	35	18	36	12	12	4	45	
0	44	17	52	4	36	1	6	19	51	7	40	11	1	3	62	5	15	14	10	10	59	
15	3	19	47	4	29	12	6	16	26	17	72	0	40	5	20	11	60	10	73	3	36	8	70	
6	16	1	22	10	29	4	13	14	58	11	39	15	37	0	59	9	54	7	23	13	4	17	70	
11	38	3	66	13	68	4	22	2	67	1	20	7	23	15	3	19	40	14	33	5	57	16	39	
4	50	14	17	8	51	13	30	0	1	15	41	6	59	3	48	5	52	11	28	1	45	
11	24	0	30	9	9	15	4	17	47	7	5	8	72	18	74	19	17	14	45	
16	41	6	45	1	46	11	30	2	40	14	27	10	25	15	58	7	54	12	61	
3	33	15	37	12	3	10	55	7	12	4	71	16	26	
1	61	19	10	6	1	0	39	10	53	17	42	
15	43	2	45	0	70	11	54	13	75	4	20	9	8	
4	4	7	17	1	15	16	29	6	35	5	33	18	56	
3	20	6	11	14	29	4	15	18	6	19	47	7	58	13	44	16	35	9	64	
1	35	13	12	9	22	11	37	0	19	5	25	10	50	8	52	14	5	
8	72	7	56	2	17	18	63	1	13	14	54	12	59	
7	29	0	75	5	6	14	16	12	65	3	55	16	30	10	68	
19	46	1	44	2	40	4	52	3	38	10	68	12	70	14	47	13	5	0	36	7	8	
12	41	18	16	8	33	15	50	0	30	13	7	11	19	1	71	4	51	3	20	2	24	10	45	
19	68	2	37	11	8	5	14	15	45	16	38	
10	40	17	10	3	7	14	67	8	41	1	38	4	17	11	34	
8	28	7	72	19	49	1	56	5	40	15	29	
10	21	3	12	16	15	9	48	19	43	1	65	4	1	7	27	2	19	8	74	
13	19	17	63	16	30	3	41	1	50	7	16	
11	24	7	74	2	50	15	72	6	56	3	14	16	11	0	71	
15	52	13	74	19	71	17	44	2	75	10	14	9	20	16	58	
4	7	0	23	7	1	12	63	16	10	15	48	9	71	17	54	8	66	3	65	6	28	
6	74	4	69	18	1	1	41	19	67	11	11	10	29	7	14	2	19	0	68	5	4	16	50	
13	14	3	22	18	5	11	74	9	11	15	37	7	62	19	44	2	68	6	15	
12	42	10	38	4	32	14	57	8	22	6	5	
14	70	15	75	16	62	8	48	11	10	10	5	13	13	12	21	3	58	
18	36	12	15	5	20	19	66	13	45	3	33	11	51	16	12	7	26	
1	62	7	20	18	24	11	35	13	22	9	17	8	45	19	16	14	9	17	6	
3	35	10	17	16	50	18	44	1	48	9	62	19	59	13	74	
4	27	18	51	8	38	3	13	0	9	9	5	13	72	
6	35	9	72	3	46	11	27	4	60	17	73	15	57	16	31	
10	60	15	43	11	74	0	15	1	29	19	52	3	6	
7	56	3	13	4	11	17	25	9	35	15	60	16	42	19	51	
15	28	11	22	13	69	14	15	19	10	16	2	6	24	5	23	12	37	
9	11	15	1	11	73	2	69	19	62	6	17	14	40	0	9	12	15	10	6	16	27	
1	27	6	31	4	17	12	59	11	69	9	53	
5	63	16	70	9	41	15	45	12	64	13	27	4	1	
2	16	16	7	11	32	14	63	6	20	19	64	7	69	8	51	
18	25	15	19	16	47	14	29	5	4	0	10	9	59	17	51	1	44	19	66	3	58	
1	3	6	50	19	69	3	41	12	44	8	36	4	39	7	46	
6	13	5	21	9	62	13	29	1	57	12	27	14	20	18	49	8	72	3	46	
10	46	18	41	15	55	0	18	6	40	3	38	9	2	1	22	12	72	19	62	11	29	5	64	
14	20	11	28	16	12	18	49	15	55	8	58	6	19	13	63	
4	30	1	48	7	22	5	60	19	26	
1	10	16	73	18	29	3	15	0	16	7	41	13	45	10	63	
10	54	6	8	17	31	0	28	19	42	18	9	14	33	
3	64	9	31	5	42	8	69	15	25	
3	70	2	28	6	54	11	25	10	43	17	68	4	3	14	57	0	20	
18	49	5	8	15	34	19	19	3	40	0	36	13	4	2	57	
15	70	18	65	9	23	19	5	2	68	4	42	0	20	
9	3	0	44	16	26	1	55	2	61	3	54	8	29	7	21	
2	15	9	8	7	72	19	42	1	44	10	45	
5	67	2	59	4	40	3	39	1	75	17	49	10	8	13	38	
18	32	14	56	19	25	15	3	5	11	2	53	13	72	16	21	8	17	1	43	12	66	10	69	
14	7	0	40	17	38	5	72	10	52	11	33	12	28	18	35	19	32	
19	34	17	39	1	2	10	62	2	59	12	47	5	28	9	8	0	40	6	73	
13	39	0	48	8	36	16	35	12	72	2	4	19	26	7	58	6	64	
19	67	15	10	8	61	17	5	1	33	0	1	2	14	3	51	12	56	14	43	13	54	10	66	
16	73	18	4	11	42	6	18	19	22	7	16	2	44	15	40	
17	49	0	64	8	35	14	58	3	4	18	56	1	60	2	61	12	73	19	50	9	32	
19	75	8	59	14	20	2	28	17	50	13	49	4	60	7	33	15	4	0	39	
13	14	6	28	1	53	7	67	5	55	0	47	9	73	12	45	15	4	17	31	10	70	
1	28	12	57	17	73	3	35	2	59	0	20	7	29	15	61	19	14	16	54	18	9	11	7	
19	54	9	36	16	74	3	50	10	19	0	53	1	3	15	2	
2	64	3	2	13	12	18	34	11	21	0	75	5	24	7	71	19	14	
13	12	4	5	12	11	15	2	2	61	14	31	9	45	
2	6	1	65	5	17	11	30	15	73	14	1	19	62	6	5	10	22	18	48	
17	45	6	40	8	32	0	4	10	36	3	73	14	67	16	7	19	27	
2	15	10	60	3	12	9	2	12	54	6	66	4	58	15	34	0	70	
16	14	9	61	18	15	15	44	4	64	2	41	17	37	14	42	13	36	8	30	10	65	
6	2	15	68	12	73	10	72	16	15	4	54	8	35	0	37	18	44	1	71	
7	12	11	30	13	59	10	29	18	22	3	6	16	9	17	5	14	58	5	51	
7	18	4	5	11	29	18	69	15	67	13	23	16	25	10	47	9	54	
3	50	17	20	10	36	6	53	16	26	2	7	4	43	14	4	19	40	
16	33	17	11	9	1	18	29	7	65	11	31	12	17	0	45	
12	45	13	29	16	21	9	20	8	33	2	64	5	53	10	6	4	51	3	40	7	73	1	15	
12	73	19	12	0	64	18	69	2	37	11	26	1	49	13	51	3	61	
17	13	15	22	19	52	16	3	0	9	11	10	
10	23	17	42	8	61	6	50	1	28	12	37	4	13	16	2	9	25	
8	74	1	68	16	53	3	55	4	43	18	7	14	72	0	13	6	26	7	46	9	48	17	28	
12	63	11	61	15	65	10	14	5	75	19	16	13	40	6	24	0	44	7	31	4	47	

All component type numbers for each job to be processed by MFPM
6	6	8	4	2	9	9	5	5	15	
1	39	0	27	5	49	9	26	
6	6	9	12	2	14	
6	48	7	49	2	31	
1	13	
5	40	1	38	
5	6	
1	27	4	34	0	37	5	40	2	28	
3	7	0	25	8	23	6	17	
9	27	5	44	3	41	4	37	8	30	
4	18	5	6	2	7	1	8	7	4	
7	47	8	34	2	26	0	27	4	29	
1	19	
1	29	9	45	7	50	
9	19	4	13	1	3	
6	45	
8	9	5	20	6	18	
3	31	
0	7	6	20	4	13	
2	33	3	45	6	35	
9	2	2	20	6	12	4	18	5	7	
1	45	5	29	2	37	9	28	
6	3	3	21	
5	33	1	42	
4	5	1	6	7	9	0	7	9	16	
9	39	1	44	3	37	
3	14	9	5	5	23	2	1	
1	35	4	30	7	33	
8	24	6	11	
1	45	0	28	2	29	
2	20	1	5	0	25	6	8	9	18	
9	46	5	39	4	27	
9	10	
7	36	0	41	5	49	3	50	6	38	
7	12	1	17	
4	31	6	46	1	43	3	44	
1	23	0	7	3	12	
5	49	
7	9	
8	28	9	26	1	34	
2	9	
2	42	1	30	5	29	
0	19	3	22	1	21	7	7	5	12	
2	44	4	36	
5	3	
2	44	7	33	
8	3	5	8	2	23	
7	38	
5	24	7	20	
7	49	9	32	
5	15	8	18	0	2	
3	40	6	28	1	39	0	30	4	41	
6	15	5	18	0	4	3	1	
2	36	3	29	7	34	9	30	4	48	
5	24	3	23	7	12	8	3	1	22	
5	33	6	41	0	44	
5	15	4	12	
4	26	0	42	7	38	1	32	
7	8	5	12	2	11	3	17	8	25	
0	44	6	27	2	32	5	34	7	35	
1	11	0	25	
2	32	
9	5	
7	36	6	43	5	44	
0	3	5	4	8	18	7	23	
7	42	0	33	
5	16	4	24	
9	45	2	41	4	49	
7	6	4	13	
4	27	6	48	5	44	
6	6	8	15	7	5	4	7	
8	35	3	26	7	33	
7	3	9	19	6	22	8	6	
7	36	9	43	8	50	
0	12	4	15	9	7	1	1	
1	47	2	38	7	29	
5	3	1	13	8	15	7	9	4	10	
3	37	1	33	
4	8	
4	46	5	26	1	29	9	30	
4	23	
7	28	
5	24	3	3	0	7	
1	26	3	32	6	48	9	28	
5	15	2	6	1	7	
1	36	
9	17	5	23	0	21	7	16	6	13	
7	35	5	39	
4	22	8	3	3	17	5	9	
9	27	3	37	0	35	
1	22	4	13	6	25	2	18	5	15	
1	45	6	32	7	42	2	27	
8	11	1	20	5	8	
1	33	
3	8	9	24	
0	33	8	44	7	28	
6	20	8	13	7	10	5	5	4	22	
3	48	
1	4	5	15	
8	40	0	37	3	48	
9	13	7	14	
7	49	4	40	2	27	1	50	
6	17	2	22	0	18	3	19	7	16	
3	31	9	46	
1	4	6	17	
8	37	5	49	7	41	4	45	
5	23	
2	47	
9	9	7	25	
2	37	
5	22	9	2	1	14	8	21	6	9	
8	27	4	39	
1	3	
6	39	7	32	5	43	3	41	
5	16	3	2	9	20	
9	40	
0	16	1	10	
6	36	1	26	
9	5	8	2	0	14	2	25	6	3	
8	32	2	45	4	48	1	39	
6	17	2	6	1	12	3	16	
4	34	3	33	1	40	2	37	8	30	
4	9	1	21	
5	34	8	45	9	32	6	49	1	43	
7	15	2	18	8	12	5	10	1	22	
8	42	3	27	0	48	2	45	1	44	
6	6	8	17	7	1	
4	36	6	31	
9	10	8	3	
0	28	4	27	5	32	
4	8	9	12	
0	44	1	39	5	26	9	29	2	27	
7	9	3	10	1	22	
3	45	6	31	
3	25	
6	45	5	44	4	42	
8	10	3	3	
1	29	
2	9	
5	26	2	37	4	31	0	45	9	30	
5	24	7	1	0	15	
2	49	8	40	0	46	3	48	
5	10	8	21	6	17	0	11	9	24	
9	33	5	41	7	40	
5	23	9	17	0	4	6	16	
9	45	2	41	0	43	
1	13	4	14	6	18	9	10	
1	26	9	29	2	37	3	28	
7	14	2	2	
2	50	4	31	8	48	
1	21	
9	46	
7	18	
1	42	7	44	0	34	9	50	
3	7	9	5	2	25	1	17	
8	42	9	49	7	33	
9	1	3	14	5	9	6	12	
8	45	5	32	0	41	
0	18	4	22	5	24	
7	31	4	43	1	39	
9	21	4	3	2	18	0	15	5	23	
7	34	9	43	4	32	
7	22	9	21	0	11	3	1	
1	34	3	31	8	39	9	44	6	40	
0	17	
9	49	6	50	2	33	3	29	4	44	
4	20	
2	42	9	39	
6	15	3	24	0	11	
2	35	4	46	8	26	3	36	5	34	
8	4	1	16	3	24	0	15	
4	39	2	38	9	32	
1	18	6	9	9	4	4	12	0	8	
6	40	0	31	
2	20	
6	30	1	48	2	37	3	31	
6	25	3	24	
6	46	0	43	2	40	5	28	
1	19	
6	42	
2	24	0	14	5	25	8	22	
6	45	1	40	
1	20	0	21	7	13	2	8	
4	38	1	36	7	31	2	46	9	32	
2	7	9	21	6	13	1	22	
1	40	7	36	
4	13	2	20	
3	47	7	35	9	38	
3	1	
6	50	4	37	1	35	3	38	
0	17	7	7	8	16	1	19	
1	50	5	43	6	49	8	26	4	37	
5	17	4	6	
7	40	0	27	
3	14	
1	44	3	34	8	49	5	47	
3	14	
2	33	
8	2	0	10	3	7	6	21	
0	46	5	38	9	37	8	35	
0	2	7	25	3	7	9	14	
0	45	
7	8	4	23	5	24	0	6	2	16	
9	42	2	26	6	30	
0	3	7	19	9	8	
1	41	5	44	6	32	8	28	
0	18	4	20	2	23	
8	29	9	32	5	48	
8	14	6	12	
9	26	3	45	5	46	4	47	
4	17	8	7	9	11	
9	41	
8	14	9	17	6	25	
0	48	5	47	
5	13	9	4	0	15	2	25	1	19	
2	32	
8	20	6	3	0	11	2	23	5	5	
4	46	
9	14	
6	40	5	29	
3	22	5	4	
6	27	4	30	1	48	3	42	7	37	
1	7	3	6	
2	36	
0	11	
8	29	9	27	
3	17	8	11	6	13	
9	28	0	30	
1	23	8	15	2	9	
9	48	6	32	3	44	0	42	
0	3	4	1	6	7	7	13	3	16	
3	29	0	44	4	31	8	30	1	36	
3	15	1	8	7	20	4	1	0	17	
2	35	7	38	9	41	3	28	
8	6	7	24	6	7	0	23	
3	39	8	48	7	46	
4	23	
6	38	9	47	1	32	
8	23	
3	27	
2	19	8	23	5	7	7	8	
8	43	9	27	
8	15	9	3	2	24	5	12	6	14	
7	40	1	34	8	49	9	39	
4	25	8	19	3	16	5	7	9	21	
9	26	1	34	3	30	7	33	5	49	
1	8	4	20	2	13	6	19	3	24	
0	39	9	32	
2	9	7	4	1	5	
5	29	4	27	3	28	
0	13	5	16	7	7	3	2	
2	41	4	49	6	39	8	34	1	27	
5	12	4	5	3	20	0	11	
3	37	0	39	5	40	
4	17	0	14	8	9	1	23	
3	41	0	47	9	34	
6	17	
2	30	7	39	1	33	3	35	6	38	
6	21	
8	48	7	41	6	33	4	26	2	36	
4	18	
3	45	5	46	2	33	
8	22	1	5	2	23	
9	50	1	38	8	40	
7	13	1	3	8	11	3	16	
3	40	4	26	
8	22	1	7	
9	32	6	31	2	45	0	43	
6	5	4	20	2	13	
3	48	9	47	5	34	2	31	
0	5	3	1	
8	41	
3	25	2	1	6	16	0	14	
4	34	7	38	6	39	2	42	
5	7	7	6	1	11	6	20	
7	29	
3	2	4	11	2	5	
7	39	6	41	2	40	1	38	
0	13	9	19	2	6	4	8	
9	35	6	45	1	30	5	36	7	46	
3	24	8	22	5	20	
2	35	6	42	4	27	0	49	3	50	
1	22	6	4	9	13	3	8	
6	41	
9	11	5	23	
6	48	0	43	2	27	9	46	
5	17	9	13	2	25	0	10	4	24	
3	49	9	35	
7	19	6	11	2	23	
7	39	2	46	0	28	3	30	
2	21	4	13	
8	46	1	37	
1	25	7	3	2	15	9	1	
0	37	3	30	9	39	
6	8	2	5	7	13	1	1	
3	33	5	43	
5	9	4	6	9	23	7	1	3	12	
1	27	4	32	7	37	3	45	2	31	
5	5	
1	32	6	28	9	27	2	44	
1	1	4	7	
0	41	5	44	3	31	1	33	
4	2	7	21	8	19	
9	43	4	36	1	26	
3	23	6	7	
7	39	6	43	5	44	2	50	
8	14	5	8	6	12	2	4	
7	42	6	46	
4	13	5	8	1	14	
9	26	7	43	8	28	5	41	
3	1	6	23	1	7	0	21	4	10	
5	29	
9	25	3	2	
0	29	
3	13	4	7	6	5	9	17	5	12	
3	29	2	50	
8	19	5	25	1	17	2	22	
9	40	1	31	6	46	2	26	
7	7	6	15	5	12	8	19	9	8	
1	43	9	37	6	34	
8	20	6	11	5	18	
6	49	4	38	2	42	9	29	5	46	
8	16	2	5	
5	33	
0	22	6	14	8	18	
4	29	1	45	7	26	0	40	3	44	
6	23	
1	50	6	46	
1	8	6	3	
1	48	6	39	4	41	0	44	9	36	
1	13	2	24	3	16	6	8	9	17	
7	49	9	43	
9	7	7	16	1	9	
0	26	1	29	2	33	9	41	5	45	
4	8	6	3	7	23	
6	44	
0	23	7	8	3	24	2	17	6	25	
6	37	4	30	2	46	9	27	
0	20	2	25	8	4	
5	28	6	41	4	47	
3	19	5	24	
5	31	
1	17	5	14	6	13	2	5	9	11	
9	32	2	33	
9	1	0	7	4	12	
6	30	
8	16	5	11	
5	49	6	44	1	28	
6	1	9	23	0	3	5	18	4	24	
8	37	
4	11	8	23	2	8	
6	48	
3	24	5	9	6	11	
9	30	4	50	7	27	1	43	
6	17	4	8	1	1	
1	46	
0	25	
9	45	3	38	
1	9	9	18	4	15	2	16	5	24	
8	32	
4	7	7	24	5	18	8	13	6	15	
7	41	6	49	
0	1	5	17	9	22	7	3	
8	46	5	38	
1	20	9	12	
7	45	0	34	
8	13	
3	37	8	39	6	49	4	40	0	29	
2	5	5	3	
4	40	7	29	
6	3	5	25	4	1	
6	36	0	38	7	26	2	50	1	30	
1	20	3	11	4	2	0	3	
8	39	
5	21	2	2	
3	33	7	46	
1	17	2	18	4	20	9	4	
6	26	
1	7	
5	28	6	49	
7	7	6	6	4	3	2	5	
1	46	9	35	5	37	7	30	
0	4	
8	33	6	50	3	45	5	35	2	26	
9	20	2	17	4	16	0	9	
6	40	4	26	7	42	8	37	
4	25	7	23	
0	35	
5	2	
5	39	9	26	8	35	3	49	
5	5	
8	45	5	28	
2	6	6	12	
5	44	3	39	1	27	0	32	
2	3	4	1	6	20	
9	44	2	37	
9	17	8	6	1	3	
7	47	3	37	5	27	1	38	
2	3	
8	38	2	35	0	41	

Three processing times per job on each machine
The best scenario
197	136	104	
43	69	65	
300	204	285	
92	85	115	
91	270	151	
43	68	79	
335	208	174	
195	91	221	
115	294	291	
27	65	84	
139	52	47	
256	220	294	
46	145	86	
15	62	23	
287	383	388	
138	149	217	
268	138	196	
252	266	164	
48	108	75	
189	232	278	
332	209	262	
141	319	124	
401	265	433	
99	98	46	
198	172	132	
43	35	29	
111	96	146	
188	132	164	
65	89	110	
297	302	133	
292	119	324	
110	62	38	
129	179	208	
200	300	112	
220	267	211	
288	251	355	
95	29	42	
194	295	210	
176	153	133	
37	119	55	
120	280	112	
108	114	140	
120	282	263	
198	250	445	
101	66	311	
69	68	48	
240	188	221	
92	72	146	
34	45	24	
221	157	212	
72	146	91	
354	111	229	
116	156	71	
159	195	66	
154	178	249	
116	61	106	
110	151	141	
23	54	48	
79	226	73	
206	109	64	
171	182	151	
385	277	309	
23	43	26	
331	200	439	
49	68	28	
92	184	228	
84	43	88	
105	127	81	
94	67	49	
141	58	111	
257	75	365	
55	30	30	
130	204	334	
152	182	268	
18	76	54	
93	44	74	
85	142	175	
203	198	62	
39	17	15	
127	229	96	
147	151	320	
227	117	212	
43	111	98	
173	236	227	
50	133	58	
106	63	137	
89	160	103	
133	115	108	
185	186	178	
141	222	210	
168	100	97	
79	128	67	
169	94	353	
169	47	169	
177	303	105	
67	121	165	
181	99	88	
40	33	31	
79	186	107	
35	36	37	
76	67	68	
312	213	175	
31	37	30	
39	66	42	
293	394	151	
65	73	61	
63	77	32	
61	55	65	
154	115	183	
53	51	82	
330	200	271	
265	105	114	
68	26	64	
153	199	137	
269	221	214	
86	32	72	
63	78	98	
218	427	243	
191	152	75	
369	383	464	
324	564	359	
124	121	259	
274	156	101	
366	297	389	
89	89	86	
99	61	39	
118	105	196	
127	78	188	
380	366	453	
106	173	52	
152	259	229	
207	295	145	
204	178	157	
239	197	163	
307	133	439	
65	58	96	
68	44	63	
92	96	67	
190	353	437	
325	340	162	
389	131	365	
33	43	74	
31	54	58	
58	24	44	
67	115	94	
94	220	134	
97	104	194	
81	201	137	
206	312	266	
101	240	107	
145	89	72	
75	153	143	
123	190	289	
152	171	138	
244	75	184	
23	26	14	
18	27	44	
50	163	77	
87	112	81	
157	124	134	
165	108	115	
192	86	194	
82	52	128	
167	238	79	
40	11	55	
117	112	50	
191	320	332	
191	76	57	
142	89	86	
82	53	125	
215	352	165	
453	265	396	
98	107	242	
385	443	425	
202	91	276	
110	160	86	
60	42	33	
147	143	143	
458	361	247	
84	251	335	
44	97	79	
95	173	247	
54	60	83	
105	261	250	
30	46	54	
88	92	81	
70	70	64	
206	157	290	
137	356	175	
236	208	169	
20	43	44	
71	80	53	
71	175	80	
285	184	167	
153	218	146	
120	95	168	
423	474	355	
132	69	63	
97	286	329	
84	64	107	
Most likely scenario
258	161	154	
44	102	83	
311	397	353	
124	134	188	
172	330	301	
57	86	108	
538	324	301	
210	157	380	
160	408	448	
38	70	90	
140	57	74	
282	237	432	
72	146	87	
27	63	37	
398	401	419	
236	274	233	
304	182	277	
269	321	185	
49	158	133	
308	323	332	
406	343	396	
147	385	150	
483	479	567	
135	107	52	
369	185	170	
49	52	54	
112	171	235	
222	191	178	
81	124	172	
384	402	166	
370	197	350	
119	117	66	
196	292	242	
344	307	125	
358	464	288	
385	379	442	
158	47	61	
383	419	359	
195	184	266	
69	213	92	
201	343	210	
147	145	169	
154	347	378	
240	415	502	
154	101	320	
95	75	95	
257	270	242	
157	113	154	
65	51	45	
242	248	382	
99	182	120	
403	197	237	
227	260	85	
199	216	77	
217	258	253	
162	118	112	
167	293	162	
30	82	62	
112	292	101	
225	196	117	
209	222	281	
520	320	457	
40	44	35	
369	205	459	
70	86	30	
105	193	274	
107	68	102	
143	166	99	
110	85	55	
260	94	158	
318	107	369	
108	49	57	
195	301	409	
258	303	479	
35	90	101	
163	67	138	
100	155	284	
238	249	82	
58	23	30	
217	435	177	
162	192	330	
340	151	263	
72	153	140	
305	417	287	
95	244	89	
118	72	205	
140	175	119	
153	175	195	
206	279	271	
232	321	362	
246	116	165	
130	171	88	
305	188	385	
211	73	271	
190	409	177	
133	135	198	
199	166	92	
64	61	34	
91	316	134	
56	56	40	
78	127	76	
377	231	337	
57	42	47	
47	106	44	
362	457	224	
95	109	104	
94	124	50	
69	58	79	
190	172	196	
66	82	102	
486	281	374	
270	167	139	
86	46	109	
191	393	206	
294	256	282	
93	56	96	
72	84	116	
231	521	444	
314	165	149	
377	576	471	
550	595	561	
171	218	292	
366	199	166	
376	365	418	
117	121	137	
101	64	72	
184	112	250	
239	112	354	
382	427	483	
135	212	56	
178	292	364	
379	352	217	
235	183	265	
436	213	313	
580	232	517	
79	95	149	
91	53	101	
128	113	75	
216	398	492	
405	370	243	
423	152	407	
47	74	81	
40	69	73	
87	39	66	
111	129	136	
119	242	199	
176	188	275	
107	221	212	
227	377	350	
136	360	201	
155	91	140	
148	173	225	
132	220	317	
182	254	204	
261	139	309	
26	29	24	
20	28	55	
90	206	98	
112	200	136	
227	171	144	
173	168	119	
200	127	205	
127	90	183	
252	242	137	
50	15	61	
174	160	77	
289	484	419	
206	116	71	
162	126	99	
83	58	134	
300	363	321	
479	442	578	
189	187	274	
508	504	441	
377	166	517	
124	186	158	
81	45	49	
217	255	175	
568	479	298	
100	265	357	
83	119	88	
117	192	350	
91	93	106	
143	330	292	
55	81	81	
152	170	96	
75	80	68	
229	252	426	
176	358	285	
366	243	185	
32	62	53	
130	105	83	
127	294	112	
306	270	256	
259	322	218	
216	155	229	
509	509	399	
140	77	99	
145	289	413	
102	66	140	
The worst scenario
299	235	161	
45	109	86	
447	574	362	
139	169	205	
187	340	403	
83	87	159	
716	437	435	
289	199	460	
201	413	570	
45	99	119	
200	71	80	
311	278	589	
102	174	115	
35	73	44	
456	434	594	
265	312	278	
453	240	278	
355	408	215	
62	166	150	
394	387	402	
462	492	554	
182	535	157	
529	538	648	
181	151	66	
406	219	190	
57	70	76	
142	199	281	
285	241	224	
87	176	246	
407	426	222	
393	293	449	
157	144	86	
276	400	356	
467	359	151	
504	518	356	
449	476	554	
171	64	78	
461	490	471	
268	241	311	
85	228	107	
277	363	262	
184	155	181	
231	503	383	
277	467	655	
222	128	413	
128	91	113	
326	403	271	
174	120	158	
68	62	49	
281	303	383	
101	183	124	
434	285	331	
276	328	90	
232	272	101	
267	286	287	
232	140	143	
213	435	211	
39	93	76	
114	359	123	
276	276	151	
259	248	313	
633	453	631	
46	60	39	
428	305	514	
98	96	38	
109	263	397	
130	97	112	
150	229	121	
160	112	74	
312	135	177	
419	115	391	
123	50	72	
202	322	484	
323	409	569	
40	102	138	
199	90	169	
144	215	382	
323	359	96	
87	32	32	
282	458	217	
199	221	377	
405	194	283	
107	200	157	
399	434	372	
118	265	120	
122	87	254	
204	214	163	
158	240	200	
234	315	365	
268	436	423	
257	169	172	
145	173	127	
419	253	459	
275	93	362	
248	416	195	
150	148	259	
285	217	131	
94	90	43	
117	386	189	
83	62	58	
117	181	79	
556	337	437	
78	54	62	
62	111	55	
461	581	236	
115	123	118	
119	152	73	
83	84	89	
264	257	232	
75	119	143	
645	330	481	
358	168	163	
127	63	127	
210	436	220	
311	383	310	
116	65	144	
94	111	156	
340	560	534	
340	206	174	
468	670	574	
652	767	683	
191	269	383	
372	292	226	
494	443	564	
164	128	167	
140	74	101	
237	150	319	
297	166	455	
564	438	533	
168	312	58	
237	306	523	
404	472	240	
344	230	372	
485	286	347	
857	315	532	
112	108	177	
103	69	105	
177	151	92	
241	541	700	
464	470	286	
629	194	524	
52	104	92	
54	101	89	
100	57	86	
161	176	151	
134	265	287	
215	190	403	
152	317	241	
244	443	396	
190	519	203	
231	136	176	
171	257	314	
143	222	436	
203	309	207	
380	141	440	
38	32	26	
29	40	57	
134	277	138	
151	254	200	
311	239	215	
235	248	155	
231	173	294	
163	134	247	
350	344	187	
74	17	80	
215	227	106	
322	619	548	
224	157	106	
239	132	116	
101	67	144	
346	490	435	
481	540	649	
191	243	362	
586	668	532	
494	244	637	
173	276	231	
107	60	69	
249	326	257	
640	480	413	
132	340	419	
95	120	128	
146	261	366	
106	116	115	
214	339	365	
76	104	119	
215	230	122	
76	100	85	
257	328	488	
184	416	321	
372	312	192	
46	78	69	
182	130	84	
172	403	117	
338	351	277	
280	408	297	
231	223	270	
630	729	531	
154	99	130	
210	416	615	
131	81	153	
