Factories	2	Jobs	200	Machines	2

Total number of component types per job processed by HSPM
7	12	8	12	11	7	5	8	8	7	12	6	9	8	10	10	7	5	6	12	6	5	7	8	5	9	7	7	6	12	8	6	7	12	6	6	8	9	5	12	7	12	12	9	8	10	11	5	8	8	9	8	12	9	9	9	6	6	5	10	8	6	11	11	12	6	7	6	11	10	10	11	12	12	10	5	7	12	10	5	11	10	11	6	5	8	10	8	10	11	12	9	6	11	8	8	6	9	12	12	11	9	11	5	8	8	5	9	7	8	7	10	6	9	12	6	7	10	12	7	8	8	5	11	9	6	7	7	12	6	12	8	10	7	8	10	11	8	5	5	5	11	10	12	10	5	5	8	11	6	6	5	10	12	7	10	6	5	9	7	8	12	8	10	6	11	9	11	5	11	11	9	12	8	12	11	7	8	5	12	9	12	9	9	6	8	10	5	8	8	5	7	8	12	6	10	7	6	7	6	

Total number of component types per job processed by MFPM
3	3	2	4	3	5	2	3	5	1	2	2	4	2	4	5	4	3	4	2	4	5	4	1	2	3	2	4	5	3	3	1	3	2	2	4	5	2	5	1	2	5	5	1	2	5	5	1	2	5	4	5	5	5	1	4	2	3	3	4	4	3	1	3	4	4	3	1	5	2	1	2	5	1	5	1	1	3	3	1	4	4	5	1	4	5	1	2	3	1	4	1	5	1	4	2	4	4	5	4	1	1	5	2	3	5	3	3	3	1	5	1	4	2	1	4	2	4	3	2	4	3	5	2	1	4	3	5	1	1	1	3	3	5	1	4	2	5	3	2	3	4	3	5	3	4	3	3	5	2	4	1	4	2	2	1	4	4	3	3	5	1	1	2	2	1	2	5	5	2	1	1	2	3	3	4	1	2	5	4	4	4	4	3	3	2	1	5	5	2	2	3	3	1	4	3	4	1	2	1	

All component type numbers for each job to be processed by HSPM
1	28	12	38	16	42	0	65	11	15	13	37	6	8	
17	66	6	27	3	72	5	34	7	1	9	4	13	18	2	23	14	6	1	40	19	55	10	64	
2	15	16	74	15	41	10	56	0	31	18	53	7	21	19	2	
0	9	2	15	18	52	15	42	3	13	6	32	17	59	16	41	13	49	12	18	5	34	7	63	
8	26	17	64	7	1	18	58	15	60	6	57	11	21	13	22	2	17	3	18	9	3	
10	8	4	35	17	5	3	70	1	13	7	19	12	26	
6	45	10	69	0	75	14	65	3	14	
8	68	10	72	18	9	5	55	4	61	1	16	3	23	11	38	
9	29	7	22	4	56	12	7	13	70	1	36	16	38	18	60	
16	53	5	27	4	73	15	22	11	40	8	12	17	16	
16	73	0	61	7	6	5	21	13	60	2	18	19	45	9	13	12	27	4	64	11	9	15	8	
0	74	6	11	1	22	10	26	18	25	8	57	
19	13	7	38	9	37	4	45	15	32	2	72	6	40	11	16	10	34	
14	54	7	73	12	4	19	12	18	72	4	51	3	35	16	47	
0	67	12	75	11	21	6	71	17	14	15	38	13	19	4	7	19	70	1	73	
18	44	17	70	6	7	3	45	13	9	0	14	4	64	1	13	19	31	15	58	
7	32	19	30	18	1	5	16	4	31	14	74	9	72	
17	38	13	47	16	68	15	30	0	66	
12	69	16	57	1	58	6	47	17	15	5	70	
0	19	11	23	16	45	4	65	12	12	3	56	5	42	17	70	19	58	7	50	6	49	9	52	
16	26	17	74	9	49	13	53	10	57	6	8	
0	31	2	45	5	5	12	35	6	33	
3	70	17	11	4	42	16	21	5	24	9	46	8	29	
2	2	10	32	7	72	17	51	11	70	4	47	12	18	15	40	
19	34	10	57	15	5	6	65	3	1	
16	3	8	27	11	1	3	10	0	40	18	20	1	17	12	54	14	64	
7	42	18	51	11	11	10	71	15	35	8	49	13	57	
13	47	1	25	8	2	14	55	2	37	5	20	6	17	
13	11	3	49	2	10	16	33	10	9	18	21	
14	39	19	41	13	73	0	30	17	74	10	26	1	63	2	29	12	48	9	13	18	3	11	11	
5	70	8	31	11	38	15	69	12	10	3	65	9	11	10	74	
3	59	12	34	9	28	4	69	19	3	10	72	
18	68	6	9	9	59	7	26	13	34	8	67	12	74	
14	70	0	47	15	16	6	65	19	30	17	15	4	66	18	33	8	50	2	28	9	73	12	59	
14	9	1	72	7	36	18	32	4	26	6	59	
7	32	8	11	6	64	13	73	10	48	19	28	
13	35	16	69	4	55	11	54	5	27	6	51	1	22	8	10	
13	23	15	65	0	1	1	72	18	51	12	68	4	19	14	70	3	8	
12	6	7	13	9	37	19	52	5	70	
7	34	17	11	13	28	1	58	15	75	14	67	5	23	11	30	8	69	0	3	19	17	4	36	
10	39	3	35	7	22	13	28	1	32	16	56	11	63	
4	29	14	5	6	27	1	15	3	2	12	21	2	30	18	12	13	44	5	48	11	38	19	33	
3	58	18	59	8	43	10	16	17	15	9	18	12	11	6	51	5	54	15	75	13	56	2	57	
8	8	14	23	17	66	2	43	15	74	18	72	19	15	0	71	7	6	
8	65	13	5	19	28	5	2	11	32	16	38	7	70	9	12	
5	27	1	71	6	48	17	25	15	60	9	22	10	55	14	13	7	1	2	31	
1	21	18	48	3	8	14	49	10	33	4	10	6	47	13	28	12	44	19	36	11	19	
6	17	14	43	4	30	3	15	7	39	
14	48	5	12	0	72	10	63	2	68	17	70	12	26	9	30	
16	45	9	14	19	16	15	4	10	38	14	19	0	9	2	17	
0	54	5	57	19	70	18	45	12	73	14	46	3	75	17	25	7	44	
2	58	1	3	11	33	8	51	9	9	19	57	13	4	0	55	
2	10	0	74	19	31	14	8	15	9	6	64	3	43	12	47	11	4	13	5	4	6	5	3	
19	70	6	34	0	43	11	25	7	59	10	9	5	19	3	57	17	36	
11	8	15	21	18	55	6	61	13	18	16	41	1	44	4	74	7	17	
19	2	12	17	0	28	8	12	7	40	10	73	18	68	9	46	3	10	
2	73	13	26	6	49	18	21	11	47	5	72	
4	11	0	68	5	50	2	24	3	6	9	21	
3	10	13	11	11	21	18	52	10	28	
14	67	11	26	4	63	9	29	17	27	16	15	19	43	2	50	5	6	12	41	
3	40	0	56	1	72	12	6	13	2	6	13	4	62	5	18	
12	44	0	45	18	48	7	31	19	37	1	71	
10	26	4	32	11	4	15	56	7	15	16	74	12	34	18	58	6	59	9	65	8	20	
12	69	15	29	3	39	8	12	17	13	18	63	5	3	0	11	4	27	19	2	2	49	
14	40	5	13	2	47	6	3	13	54	16	5	11	38	0	63	4	56	1	8	3	24	19	22	
15	24	6	22	9	11	14	9	1	3	13	50	
10	4	4	7	11	32	3	55	8	52	19	65	9	47	
4	33	6	13	12	56	11	47	9	68	14	23	
13	2	4	61	3	17	15	67	7	73	11	60	9	59	17	68	0	42	18	19	16	64	
13	75	16	2	7	12	14	16	0	30	15	73	4	47	5	32	11	65	10	31	
16	71	11	31	12	68	4	63	3	55	13	54	18	18	17	8	14	42	19	53	
2	47	6	25	5	44	13	28	10	5	17	34	3	57	14	62	1	73	9	13	12	56	
13	8	17	59	10	44	11	70	1	12	6	24	14	32	5	49	9	61	15	62	3	30	4	7	
19	69	1	63	8	58	15	44	9	26	7	6	0	1	2	56	10	73	16	66	18	61	17	24	
10	19	14	31	7	48	11	71	3	44	9	42	17	68	13	37	0	61	16	47	
13	39	16	54	8	18	2	66	7	4	
2	36	1	12	17	5	19	16	10	29	7	31	0	35	
11	22	19	10	9	74	15	48	13	1	6	8	18	47	2	46	17	45	12	2	1	27	10	7	
6	43	18	29	16	39	14	74	10	54	0	12	2	17	8	35	19	63	4	51	
1	67	10	8	8	31	18	29	9	18	
18	12	13	16	6	9	8	36	1	43	4	49	16	68	17	74	15	48	9	26	11	32	
14	68	10	33	9	64	6	52	18	18	15	66	13	2	1	19	19	44	0	5	
6	71	13	65	1	23	7	37	4	11	18	17	11	66	12	1	10	74	8	15	17	67	
17	63	3	12	16	15	7	68	9	29	10	47	
19	56	18	62	8	9	9	70	12	42	
0	25	16	32	1	12	3	28	18	34	2	27	8	66	6	9	
11	19	15	66	16	14	8	34	2	45	13	13	9	62	0	36	7	27	5	5	
8	6	19	64	17	62	4	72	15	27	10	56	1	8	6	63	
14	21	6	35	16	4	1	64	10	70	2	17	0	58	13	29	7	40	3	56	
2	46	5	6	9	44	19	26	11	51	3	5	18	25	0	57	12	3	14	45	7	48	
9	20	2	59	11	75	5	34	1	21	19	19	0	28	14	42	12	54	7	8	10	39	17	67	
14	39	10	34	4	62	18	3	6	23	5	1	9	16	19	44	7	42	
19	3	11	74	5	43	12	39	10	29	4	52	
2	61	3	32	11	55	1	68	13	60	10	72	14	58	18	56	7	52	19	1	17	5	
14	36	13	41	15	60	1	17	2	39	9	70	18	71	12	37	
14	67	19	22	13	43	10	66	5	7	0	36	11	5	6	54	
12	42	3	34	19	23	15	66	18	30	7	26	
12	41	4	52	0	25	19	61	8	65	5	1	6	32	7	71	3	28	
17	8	8	29	13	47	3	54	19	12	15	19	7	44	18	45	1	66	14	57	11	13	9	16	
15	8	4	44	18	16	11	56	1	59	9	49	2	3	19	32	13	73	0	60	3	40	6	27	
2	31	0	25	12	17	10	19	11	64	17	74	19	71	16	22	5	15	4	23	13	12	
5	63	19	33	10	7	0	36	3	3	1	70	4	16	16	29	8	34	
12	52	11	71	16	66	13	50	3	44	6	64	5	26	18	23	1	68	10	74	7	36	
18	33	4	75	13	41	19	68	15	16	
2	68	13	54	15	73	5	55	7	69	0	35	9	46	14	38	
16	2	14	24	12	21	9	7	17	34	7	40	11	60	10	14	
12	54	13	20	2	74	16	49	9	2	
19	31	3	50	7	14	2	45	16	34	5	52	10	39	13	6	17	1	
0	40	2	15	15	8	6	6	19	16	12	64	5	58	
16	7	7	70	12	53	0	20	10	21	8	51	2	31	15	67	
14	2	8	38	10	73	18	4	1	36	15	25	13	15	
2	29	3	17	9	41	6	71	5	49	8	32	14	61	4	10	1	36	16	48	
12	42	3	2	8	66	2	27	19	36	18	30	
16	62	6	15	7	10	11	56	2	48	5	35	4	61	8	18	9	7	
0	38	19	3	14	13	12	75	13	18	4	60	18	70	6	5	1	39	17	10	11	43	15	71	
18	15	12	2	11	3	19	70	8	4	15	68	
5	75	11	59	2	22	14	54	15	69	7	73	18	21	
8	16	16	42	14	33	9	23	11	28	6	9	17	68	13	21	18	17	1	55	
17	43	4	19	3	48	2	20	9	56	5	67	19	59	8	8	14	14	16	10	0	35	15	45	
13	71	12	47	10	41	7	73	2	22	11	6	16	17	
5	11	16	53	19	43	2	30	3	6	15	73	0	47	8	52	
3	20	9	66	2	64	11	57	6	21	18	10	4	53	17	36	
3	49	9	34	13	67	14	57	10	8	
2	49	11	41	14	32	6	15	0	39	10	69	15	7	4	52	17	5	8	44	12	73	
6	64	16	42	4	60	3	29	19	36	12	15	9	41	14	4	18	62	
5	15	3	45	7	31	12	20	6	42	10	34	
13	31	9	7	18	64	14	48	17	22	4	53	11	54	
13	10	16	20	11	74	2	15	6	36	19	27	5	14	
9	40	16	1	14	41	4	42	3	3	13	59	18	24	19	69	12	55	11	38	10	65	6	50	
8	53	0	25	1	14	17	17	18	66	19	22	
0	36	16	75	2	22	5	71	18	64	14	52	4	72	1	35	19	32	17	43	15	14	12	63	
15	9	8	12	17	30	5	54	16	23	10	74	1	33	2	24	
7	14	9	49	13	23	1	33	0	72	10	60	2	67	8	36	18	27	14	37	
10	45	19	4	1	17	18	65	7	46	15	9	12	1	
6	34	0	35	15	40	16	8	5	21	18	25	2	61	9	59	
14	43	11	34	12	36	3	2	17	38	9	47	7	48	19	31	6	41	8	59	
10	46	1	59	16	18	12	74	18	42	6	48	2	75	8	10	0	47	14	62	19	32	
13	66	5	19	7	44	12	55	0	9	18	12	8	18	10	69	
17	72	4	18	8	9	3	1	2	33	
7	25	10	14	4	72	11	46	9	42	
4	17	14	71	17	73	9	66	15	7	
16	33	11	28	4	27	12	65	2	54	9	67	17	14	7	55	3	31	1	32	8	36	
19	28	8	54	5	52	14	21	3	36	11	56	0	50	1	10	12	62	4	8	
7	45	4	2	9	50	18	9	8	25	1	11	19	67	17	13	13	57	16	75	0	71	3	21	
9	50	12	25	7	47	14	7	8	46	11	42	6	44	19	53	16	38	18	59	
0	15	14	9	9	32	19	10	16	27	
19	38	17	71	4	33	12	59	16	29	
6	38	12	52	8	24	0	21	15	42	4	16	18	56	16	50	
14	57	19	15	11	32	5	27	13	68	4	7	9	22	16	42	7	37	3	51	15	29	
6	32	5	54	14	4	15	9	11	1	16	37	
2	20	10	13	1	70	18	52	16	44	8	47	
6	35	3	10	12	42	13	63	10	56	
7	71	19	12	5	70	13	2	3	8	4	45	15	52	1	16	6	26	0	53	
11	4	4	69	15	32	14	75	19	15	6	35	9	42	16	20	10	14	17	25	18	24	8	29	
14	35	16	63	10	9	19	7	2	18	15	73	18	56	
10	75	1	50	17	23	6	1	11	64	3	65	18	12	14	63	2	59	4	8	
11	18	17	1	19	33	1	39	2	37	8	57	
13	47	14	49	7	14	6	20	11	45	
4	19	8	57	3	24	17	46	6	49	16	36	2	32	19	56	11	68	
6	58	12	42	19	56	17	30	10	52	16	54	0	69	
13	7	4	74	19	58	10	52	12	9	7	64	11	45	2	4	
13	10	7	73	0	14	15	20	16	59	1	61	12	5	18	19	19	4	17	21	3	50	14	29	
10	62	19	51	0	44	15	33	1	55	16	15	4	28	13	73	
12	3	16	6	10	69	3	23	6	7	18	56	8	20	13	49	1	53	19	64	
10	64	1	75	12	59	5	54	8	8	19	23	
0	66	10	6	11	21	4	68	19	52	18	69	12	22	5	19	1	32	17	18	8	44	
12	30	2	23	16	25	8	21	1	10	6	56	9	22	4	1	7	75	
2	72	14	41	5	15	10	2	16	19	12	8	19	48	6	68	4	56	0	75	1	9	
10	18	8	66	5	42	1	71	13	3	
14	67	11	48	19	19	17	70	3	60	18	74	15	17	9	38	5	22	12	59	2	50	
8	67	19	2	6	50	17	61	0	65	11	23	13	31	14	22	18	38	3	62	9	19	
12	15	19	55	1	26	0	68	8	36	4	40	16	56	3	34	11	54	
3	48	0	21	19	16	9	19	4	23	7	44	14	57	16	36	8	61	18	14	15	41	12	7	
5	72	4	54	2	65	1	15	0	23	9	37	18	49	15	43	
14	33	3	64	16	46	17	19	10	53	1	12	18	9	19	7	12	38	11	67	4	50	15	63	
13	39	19	60	7	62	17	70	6	48	8	25	1	47	11	72	10	24	2	71	0	52	
8	36	17	67	7	61	3	58	14	23	13	35	11	53	
2	73	7	16	17	32	16	25	12	34	6	30	18	69	1	58	
5	44	3	69	15	5	8	8	13	65	
11	61	12	44	13	70	1	4	16	26	10	27	8	19	3	69	18	42	14	62	5	38	7	9	
10	54	4	23	18	65	2	71	6	52	12	16	7	34	1	45	8	8	
15	29	16	27	17	24	0	64	10	25	7	33	12	53	18	54	8	72	6	67	13	3	1	19	
1	1	14	26	13	44	12	3	15	57	8	10	9	18	3	30	6	31	
1	38	14	23	15	67	11	28	7	53	5	46	17	5	12	26	13	72	
16	74	3	8	11	40	9	67	17	1	18	43	
19	58	6	31	2	74	18	61	8	41	7	30	12	29	10	7	
16	28	9	22	0	51	5	4	1	68	14	25	18	10	3	30	13	38	10	23	
18	14	12	29	15	5	19	19	6	49	
11	23	8	5	3	8	7	51	0	50	10	13	12	33	15	60	
8	29	12	62	19	16	17	46	3	14	7	9	0	61	15	24	
4	45	5	57	2	28	1	49	8	42	
5	54	19	18	9	63	11	71	18	53	8	69	15	40	
14	40	9	23	2	36	1	41	10	53	7	15	8	7	19	62	
13	48	9	52	4	67	10	50	1	68	14	9	11	16	3	21	18	31	5	23	19	62	17	30	
2	19	19	39	0	44	4	55	18	17	6	50	
0	32	14	19	7	1	9	44	13	4	12	20	17	31	6	17	8	54	1	33	
9	6	15	27	13	57	1	38	3	4	7	70	4	75	
16	54	9	68	7	39	12	73	14	23	10	17	
1	55	2	4	5	10	12	11	17	54	4	3	16	40	
15	70	3	11	17	58	7	52	9	73	18	14	

All component type numbers for each job to be processed by MFPM
1	24	8	9	0	22	
3	11	5	16	4	17	
5	19	0	8	
5	7	9	12	8	1	6	24	
9	15	4	8	1	14	
7	10	0	16	9	18	4	23	2	3	
3	13	1	23	
2	3	8	23	4	18	
3	11	7	19	2	20	1	8	6	6	
4	6	
7	10	8	6	
8	23	4	6	
7	6	6	10	3	21	4	23	
0	9	7	14	
0	18	4	20	6	2	9	17	
2	19	6	24	1	11	4	21	5	13	
0	4	4	22	5	2	7	10	
2	2	0	9	4	25	
7	11	3	3	8	19	6	13	
7	15	5	13	
4	6	1	25	2	2	0	24	
4	4	9	18	8	7	1	5	3	10	
4	8	3	23	9	14	2	1	
1	23	
2	13	6	15	
3	13	1	23	4	5	
6	14	3	15	
7	20	9	1	4	22	3	15	
9	16	5	15	0	5	8	2	7	12	
1	7	0	21	4	9	
7	25	0	22	1	20	
1	18	
6	5	5	25	3	23	
5	19	1	15	
2	11	5	8	
6	3	9	14	3	11	5	12	
2	15	3	8	5	19	1	17	4	18	
8	24	7	23	
1	2	4	16	0	5	8	17	5	8	
2	23	
3	9	5	15	
9	15	0	4	4	18	8	19	2	16	
5	16	2	4	4	1	0	24	1	13	
7	14	
6	23	1	25	
2	15	3	13	7	14	9	5	6	25	
1	6	6	22	4	3	9	18	8	14	
1	23	
2	25	6	2	
1	11	5	7	4	18	7	14	0	10	
1	16	9	6	3	4	4	10	
0	15	1	11	6	2	3	17	8	12	
8	1	7	2	4	22	2	10	0	23	
1	16	8	12	6	7	3	9	5	6	
5	1	
5	24	7	18	8	5	4	4	
8	8	6	16	
8	21	9	23	6	17	
3	9	1	24	6	22	
5	16	4	4	0	22	2	9	
9	17	3	14	0	3	2	1	
9	25	2	23	6	3	
7	25	
8	3	9	1	1	7	
4	5	1	9	9	10	8	4	
5	10	3	23	2	4	9	20	
4	4	6	11	5	9	
6	23	
6	3	9	15	5	6	7	25	0	5	
0	10	9	4	
5	8	
4	2	6	18	
6	19	9	4	7	24	5	12	3	8	
2	16	
6	2	9	1	0	9	1	3	2	25	
3	8	
9	14	
1	2	8	7	3	20	
8	15	3	14	2	21	
4	6	
3	7	8	19	6	1	2	15	
9	21	5	9	3	24	6	19	
3	11	6	3	8	20	4	15	0	22	
7	3	
2	1	8	19	0	5	4	22	
6	18	2	15	5	19	1	22	4	6	
8	11	
9	22	5	5	
0	20	9	17	5	3	
7	18	
3	12	2	23	7	5	0	9	
1	17	
9	16	1	6	2	18	6	25	5	8	
5	18	
1	19	4	15	9	4	5	9	
9	11	4	6	
4	11	3	24	2	9	8	6	
9	11	1	17	6	20	0	4	
1	24	2	13	6	6	0	9	9	20	
8	17	3	15	7	23	5	7	
2	1	
9	11	
9	24	6	13	8	15	5	12	3	7	
0	12	7	11	
5	5	6	22	1	19	
7	23	3	1	9	6	4	18	0	8	
8	9	9	15	7	16	
5	3	2	18	3	20	
7	24	2	23	9	25	
9	13	
0	15	1	12	7	7	8	9	2	13	
5	25	
0	1	8	7	3	4	7	24	
9	19	4	23	
0	13	
8	6	0	16	9	1	4	25	
6	9	9	18	
5	11	1	10	0	20	6	13	
7	22	3	8	1	9	
5	13	3	19	
1	7	3	21	9	13	2	25	
9	1	6	23	0	24	
0	21	5	14	8	9	2	10	3	19	
9	4	0	14	
9	19	
5	4	2	12	3	6	1	8	
3	21	1	24	9	4	
8	20	9	25	4	4	7	7	6	15	
6	15	
4	14	
0	14	
7	12	2	25	1	15	
3	3	8	2	1	5	
3	24	0	1	7	2	9	21	5	4	
1	23	
0	4	1	1	6	22	7	10	
6	23	5	11	
6	9	9	11	3	5	2	24	0	8	
2	16	4	19	6	21	
9	8	7	9	
5	18	1	15	2	24	
8	23	6	7	2	10	3	3	
1	19	8	6	7	17	
2	16	6	6	8	24	7	3	1	23	
7	7	2	10	0	16	
4	13	0	19	8	7	2	17	
2	16	9	21	5	25	
8	4	9	18	0	19	
3	10	5	19	0	18	8	24	2	20	
9	23	4	7	
0	18	1	11	6	20	9	19	
9	3	
8	5	6	7	3	13	4	17	
3	20	0	13	
8	17	1	4	
5	21	
1	22	3	2	9	18	7	9	
7	7	2	11	4	21	3	13	
8	11	5	15	3	4	
0	1	8	13	2	16	
8	10	3	21	5	7	7	13	2	1	
3	11	
1	20	
4	17	9	23	
0	14	2	9	
6	5	
8	14	7	2	
5	23	8	10	7	24	4	12	2	19	
9	16	8	21	2	8	7	13	5	20	
8	5	4	17	
9	16	
4	17	
3	15	6	14	
2	3	9	11	3	25	
0	23	9	14	8	19	
6	5	7	19	2	9	0	6	
9	14	
6	22	5	15	
8	14	3	23	4	17	2	2	1	5	
4	5	9	3	0	19	6	11	
4	3	1	11	3	17	5	8	
9	8	5	15	3	2	6	5	
3	2	0	4	4	16	7	14	
8	13	2	16	7	10	
8	15	6	23	4	10	
2	4	6	2	
1	9	
6	7	1	9	7	18	9	8	0	10	
8	2	1	9	6	13	4	24	7	7	
1	14	2	21	
5	13	7	14	
1	10	8	6	3	24	
8	14	7	4	1	19	
9	17	
4	20	6	18	9	19	8	1	
6	19	9	20	2	22	
1	2	3	21	8	23	4	25	
3	20	
5	12	7	23	
5	17	

Three processing times per job on each machine
The best scenario
41	79	
549	546	
325	250	
858	715	
120	49	
556	429	
542	400	
392	283	
176	417	
345	279	
287	102	
505	212	
538	387	
67	108	
716	685	
422	286	
319	205	
404	362	
290	331	
295	497	
575	1011	
369	607	
202	83	
209	157	
477	756	
282	690	
121	24	
253	99	
272	557	
159	553	
625	418	
845	631	
799	433	
334	809	
572	709	
350	847	
399	166	
812	842	
413	395	
395	635	
508	399	
496	526	
119	291	
132	271	
817	381	
285	666	
231	279	
375	424	
92	184	
574	424	
549	241	
355	326	
910	1006	
1171	922	
995	429	
258	260	
511	484	
114	78	
229	306	
242	398	
152	186	
405	663	
151	107	
311	246	
202	116	
553	589	
520	702	
939	555	
177	287	
197	79	
621	757	
1309	519	
491	823	
194	204	
1005	478	
584	359	
402	501	
72	45	
100	134	
441	228	
230	471	
579	284	
281	570	
960	446	
823	801	
338	171	
689	310	
361	365	
286	128	
505	505	
240	392	
605	625	
541	303	
525	268	
212	207	
440	619	
632	488	
261	447	
345	251	
107	87	
248	610	
420	472	
101	91	
227	95	
485	598	
427	235	
657	372	
399	181	
410	418	
745	769	
694	435	
157	135	
277	562	
336	823	
81	114	
605	715	
993	513	
506	1030	
287	622	
828	329	
869	702	
383	154	
297	693	
383	275	
216	477	
892	887	
123	160	
143	79	
347	557	
692	752	
298	367	
633	309	
244	274	
181	532	
303	964	
647	407	
125	119	
867	1284	
371	533	
527	309	
304	366	
600	443	
42	33	
573	461	
314	427	
50	69	
304	353	
135	175	
445	345	
316	746	
107	119	
240	211	
210	262	
840	325	
436	402	
590	452	
245	234	
353	493	
211	181	
472	316	
443	439	
174	194	
519	668	
236	188	
184	55	
214	986	
632	557	
215	321	
176	161	
1067	652	
229	148	
222	185	
175	213	
393	449	
286	255	
714	247	
423	371	
510	301	
134	64	
401	214	
435	266	
262	240	
949	830	
252	142	
350	237	
241	301	
57	172	
274	331	
622	348	
85	100	
124	175	
476	476	
823	222	
206	243	
338	575	
411	193	
120	141	
158	175	
272	1170	
267	381	
Most likely scenario
47	133	
715	685	
474	296	
1239	1207	
149	89	
785	605	
1042	419	
641	379	
236	430	
679	337	
382	131	
630	361	
804	394	
122	207	
919	1004	
602	371	
484	326	
424	538	
464	332	
335	539	
810	1379	
575	617	
317	133	
213	161	
654	1036	
326	923	
188	45	
381	117	
380	899	
258	812	
842	623	
970	985	
1111	572	
617	825	
1076	947	
508	1373	
588	298	
901	1028	
482	525	
628	850	
540	430	
614	613	
144	306	
261	299	
1210	641	
443	801	
269	287	
704	487	
134	343	
946	687	
641	455	
621	382	
1358	1488	
1328	1114	
1214	791	
355	311	
543	686	
138	144	
249	528	
447	494	
168	273	
603	947	
152	131	
314	284	
242	167	
614	701	
871	1192	
954	725	
323	315	
361	132	
793	877	
1341	649	
840	1114	
286	329	
1186	674	
730	396	
475	565	
110	78	
147	211	
448	431	
257	531	
900	420	
456	824	
995	515	
870	819	
480	195	
749	584	
554	448	
299	186	
631	807	
393	406	
985	1065	
1059	431	
908	427	
219	236	
821	851	
701	964	
365	532	
522	414	
124	171	
301	640	
599	488	
118	133	
255	129	
883	615	
436	374	
810	473	
760	304	
596	626	
1323	1055	
913	528	
190	189	
422	794	
504	980	
160	219	
1099	1155	
1092	957	
511	1091	
514	625	
1200	416	
884	1029	
422	280	
557	770	
703	361	
242	658	
1410	1265	
232	226	
213	136	
486	607	
972	828	
509	613	
759	466	
258	369	
205	555	
410	1077	
654	672	
238	181	
984	1337	
615	774	
966	460	
355	453	
684	460	
67	50	
729	913	
514	440	
68	103	
471	670	
255	199	
494	387	
529	912	
169	156	
480	389	
238	274	
870	565	
817	590	
879	492	
266	287	
555	643	
276	214	
632	409	
551	595	
296	363	
847	1115	
303	319	
314	103	
345	1375	
898	826	
221	503	
327	305	
1103	873	
260	292	
419	369	
223	375	
500	602	
399	320	
999	402	
641	379	
526	351	
143	84	
703	353	
493	369	
427	397	
1018	1170	
302	239	
485	269	
380	480	
60	179	
474	419	
643	382	
108	117	
175	202	
905	769	
1129	313	
407	276	
656	690	
512	286	
218	229	
228	235	
423	1421	
450	429	
The worst scenario
55	163	
1049	843	
544	298	
1527	1803	
187	104	
1054	831	
1387	525	
781	526	
281	614	
838	451	
519	167	
706	462	
879	417	
148	246	
1077	1337	
699	513	
627	447	
501	571	
571	408	
478	648	
1088	1563	
842	629	
404	155	
314	176	
662	1281	
478	995	
201	50	
490	138	
456	1263	
382	824	
1018	655	
1221	1155	
1500	764	
630	1217	
1100	1253	
660	1772	
728	432	
1221	1182	
721	782	
859	923	
657	466	
650	853	
149	329	
302	324	
1423	803	
584	1016	
295	411	
817	560	
140	378	
975	877	
925	643	
750	384	
1467	1632	
1607	1209	
1330	891	
461	329	
743	855	
171	186	
350	650	
490	570	
211	328	
820	1193	
161	179	
405	342	
263	195	
844	704	
935	1607	
1206	1008	
327	389	
459	141	
822	1001	
1646	933	
1189	1130	
411	455	
1425	892	
1082	419	
524	579	
115	93	
196	228	
514	544	
384	706	
954	567	
590	1133	
1023	654	
895	965	
703	292	
1055	836	
810	465	
371	277	
814	1015	
528	460	
1118	1277	
1577	553	
1190	538	
312	350	
972	1169	
801	1272	
411	630	
598	439	
180	239	
359	738	
750	605	
142	151	
374	145	
898	679	
482	404	
1058	640	
1001	354	
639	715	
1588	1336	
1132	599	
256	220	
463	884	
589	1221	
185	232	
1180	1392	
1390	1223	
633	1516	
600	728	
1536	493	
1146	1528	
555	416	
591	1078	
776	501	
290	918	
1897	1351	
243	238	
237	148	
566	827	
1334	932	
630	791	
1047	503	
361	462	
264	642	
535	1169	
767	880	
348	187	
1442	1889	
757	980	
1063	508	
371	507	
747	566	
93	75	
821	920	
750	558	
90	109	
542	713	
273	256	
731	482	
728	1313	
185	157	
649	395	
326	278	
1167	579	
949	740	
1154	578	
268	325	
664	869	
398	288	
743	528	
602	867	
441	429	
1164	1393	
372	325	
463	154	
498	1415	
945	1035	
272	535	
486	345	
1345	1207	
357	424	
447	370	
277	425	
742	791	
468	368	
1337	589	
892	493	
735	428	
210	102	
863	501	
633	406	
512	402	
1338	1420	
415	354	
529	397	
562	644	
71	241	
506	596	
839	404	
159	173	
227	220	
1160	1151	
1519	386	
484	291	
685	783	
626	399	
317	230	
238	244	
537	1841	
494	622	
