Factories	7	Jobs	100	Machines	3

Total number of component types per job processed by HSPM
12	8	9	10	7	5	11	7	7	6	11	11	12	7	9	9	10	9	7	10	11	8	7	12	6	12	9	5	7	11	11	9	10	12	7	8	10	7	7	12	7	12	12	9	8	9	7	5	12	7	7	10	7	7	5	10	11	9	5	11	5	6	6	11	10	7	10	5	10	12	10	12	12	10	12	8	10	7	7	7	5	7	9	6	12	5	6	7	10	10	12	5	6	9	5	6	6	7	12	9	

Total number of component types per job processed by MFPM
4	4	5	2	1	1	2	4	4	1	1	1	2	2	1	1	2	2	5	1	1	2	3	4	2	1	4	3	3	5	1	4	2	1	1	4	4	3	3	5	2	2	4	5	1	5	3	4	2	2	2	2	2	3	4	1	3	5	2	2	2	3	1	4	1	1	1	2	2	4	4	2	1	1	1	2	3	2	4	5	4	4	3	3	4	4	5	4	1	1	1	3	1	5	4	3	3	5	2	2	5	3	4	2	4	3	3	3	4	3	5	4	3	3	5	5	2	5	1	4	1	3	4	2	3	4	1	1	2	3	4	4	3	4	4	4	3	5	3	2	3	3	4	2	5	5	5	3	4	3	2	5	2	1	2	1	2	5	2	3	5	5	4	4	3	1	1	1	2	3	3	3	5	4	4	2	4	3	2	5	3	5	5	5	3	4	1	3	3	1	5	4	1	1	3	2	2	5	4	4	

All component type numbers for each job to be processed by HSPM
2	55	13	69	3	50	11	28	19	11	17	72	15	39	4	75	16	22	6	23	14	56	18	26	
8	40	2	60	18	2	17	55	1	41	10	57	6	21	3	23	
14	30	15	8	10	73	5	20	18	19	16	23	7	28	11	17	0	21	
19	30	0	8	2	75	18	13	7	61	11	28	14	27	4	68	16	31	15	33	
19	66	7	54	5	75	18	46	12	49	3	14	4	73	
10	7	17	22	2	30	0	19	16	49	
0	23	2	4	8	31	19	20	5	11	9	75	14	35	7	15	10	32	12	1	4	2	
10	49	11	64	0	69	8	41	15	19	4	50	12	45	
18	62	8	11	9	37	15	25	17	31	1	4	2	19	
6	3	10	30	5	52	8	21	16	45	19	20	
12	20	3	19	8	70	13	40	17	58	10	2	2	5	7	27	16	9	5	64	15	35	
16	7	2	18	17	46	8	74	19	60	7	63	3	58	0	50	13	16	14	54	12	45	
7	5	18	31	6	72	11	46	13	51	9	45	17	74	0	24	8	58	4	66	16	33	5	18	
7	56	17	8	13	57	11	16	19	43	10	58	6	23	
3	55	13	63	6	10	17	11	4	34	9	36	0	69	5	15	1	17	
1	68	10	8	7	16	6	47	13	67	17	18	9	12	19	43	14	57	
11	40	12	58	5	52	4	15	9	63	19	71	10	44	2	55	16	34	1	66	
11	73	10	45	2	13	4	59	16	58	13	42	19	60	14	38	6	19	
17	47	1	8	10	44	14	53	13	22	12	61	11	70	
15	20	11	7	2	33	5	43	6	14	8	18	9	31	13	63	1	10	10	9	
11	72	2	11	12	42	16	69	0	40	15	37	19	19	13	75	3	14	6	28	4	25	
17	48	2	5	15	27	4	65	12	17	3	21	10	28	0	68	
0	72	7	1	11	9	15	34	13	23	9	75	17	33	
6	51	1	72	18	70	14	33	10	20	9	2	19	66	17	52	3	58	11	69	15	45	13	22	
17	15	5	7	11	6	6	40	8	2	9	31	
12	9	9	17	17	42	3	47	15	28	6	54	16	18	0	3	10	52	7	8	4	51	13	48	
7	21	19	39	4	65	6	63	18	2	14	14	9	38	17	37	12	35	
19	23	11	35	5	4	4	20	10	69	
6	22	7	44	0	31	17	14	18	46	14	60	3	48	
8	5	9	61	6	40	18	23	17	67	15	43	4	58	14	51	3	72	0	42	13	50	
10	45	5	18	11	68	13	26	14	67	0	25	6	10	9	47	8	24	1	74	2	7	
2	5	3	41	11	52	13	65	4	42	10	59	0	44	6	3	17	48	
14	59	15	47	16	12	7	2	2	26	17	39	8	7	5	71	4	38	1	40	
9	10	3	8	11	52	12	70	2	3	14	2	10	14	1	68	16	19	6	67	4	53	0	41	
0	45	6	34	9	21	14	50	13	28	4	29	16	49	
3	27	11	19	8	69	19	70	2	15	12	53	9	48	6	36	
8	60	11	51	15	52	5	63	16	37	2	14	3	1	9	39	19	65	7	57	
2	73	9	20	18	29	14	48	8	51	12	19	5	31	
8	7	18	37	6	42	12	74	15	9	9	69	10	43	
8	21	17	39	9	52	13	61	4	23	16	18	5	73	2	44	3	72	18	36	7	7	15	31	
13	15	5	43	18	65	9	6	4	29	12	45	7	61	
3	52	10	7	0	68	18	3	19	64	1	40	14	39	4	55	12	33	11	22	13	2	15	62	
15	69	3	14	5	72	12	52	10	11	19	65	2	23	13	2	11	12	17	20	1	37	4	62	
6	51	5	40	13	72	7	65	14	6	1	22	18	19	8	67	15	47	
5	37	4	73	14	40	3	34	13	55	18	25	1	11	6	44	
2	9	1	2	0	14	17	17	19	32	4	58	13	8	3	40	9	38	
13	45	19	55	12	29	10	2	9	21	17	10	6	40	
9	69	10	66	14	52	12	28	7	35	
6	51	4	9	8	44	10	12	12	55	19	11	11	34	2	61	5	23	9	57	15	49	14	45	
10	65	17	22	4	53	3	58	14	67	19	34	0	52	
5	45	9	5	11	41	16	50	3	20	17	4	1	17	
18	24	17	7	14	55	7	11	4	37	10	22	2	6	1	48	19	63	15	16	
4	13	9	68	14	28	0	32	5	19	8	22	18	36	
19	2	6	47	16	55	4	32	10	54	14	56	3	3	
15	49	19	32	7	23	17	6	4	45	
0	17	8	75	19	58	2	53	4	18	5	52	3	12	14	71	9	36	1	24	
14	21	15	68	2	75	17	48	11	33	1	28	4	73	6	10	19	3	13	62	5	74	
4	74	2	45	1	49	15	56	9	23	19	31	3	36	7	25	17	24	
0	63	14	46	13	52	19	44	18	75	
4	23	10	42	6	26	9	70	2	69	11	16	8	24	0	51	7	14	14	48	19	4	
0	23	16	29	5	54	15	47	10	13	
0	48	17	31	18	34	6	1	19	59	13	10	
10	17	18	2	4	18	15	64	9	62	17	14	
17	63	13	36	0	2	8	58	2	26	19	46	4	25	12	47	10	24	15	20	1	17	
19	6	2	12	6	9	7	61	15	58	13	37	1	68	9	14	0	20	16	34	
8	16	2	47	10	21	13	56	16	35	1	38	3	24	
14	3	10	58	17	28	11	56	16	48	2	24	7	57	8	13	9	67	6	69	
12	39	15	9	5	15	4	69	14	21	
5	12	10	40	11	58	8	32	18	37	14	34	4	2	2	74	13	52	3	22	
18	25	16	5	8	23	12	1	10	41	2	54	0	69	11	24	13	17	1	72	9	8	4	56	
2	61	18	46	19	36	11	15	3	71	8	23	12	11	13	24	1	41	16	59	
10	18	7	73	0	42	12	55	17	49	15	27	8	41	5	7	19	3	13	52	18	39	16	23	
0	9	6	33	13	23	16	20	19	2	17	59	2	12	14	37	18	3	8	35	9	50	5	32	
7	34	1	19	17	22	0	9	4	74	16	39	9	60	13	1	5	31	15	26	
10	61	9	36	7	19	1	16	13	10	5	49	0	23	8	62	6	52	17	31	4	66	3	67	
16	61	13	28	2	55	8	38	0	46	19	75	7	37	4	31	
11	2	9	46	10	53	5	63	7	55	6	13	18	69	3	54	8	57	16	67	
12	68	7	11	17	46	2	5	13	36	18	44	19	43	
15	6	9	9	2	8	4	38	14	4	11	63	1	50	
15	37	5	53	18	41	9	70	2	31	13	72	14	64	
1	27	4	5	15	43	13	41	14	15	
6	3	0	64	15	38	16	60	19	73	12	23	10	47	
3	42	12	71	9	14	5	59	15	65	16	52	11	12	8	25	17	6	
0	47	14	27	13	45	17	72	2	18	12	37	
13	13	5	10	14	8	7	25	15	56	8	2	2	23	4	12	10	30	16	28	19	61	6	59	
12	36	10	26	1	9	2	66	6	57	
3	1	10	74	1	20	6	22	8	10	16	17	
3	23	2	34	16	63	14	44	1	30	8	41	6	71	
9	49	4	62	15	10	19	5	11	66	17	25	5	68	10	16	6	32	18	73	
8	49	1	7	11	20	6	59	13	61	18	6	10	65	17	33	9	39	3	19	
11	47	16	29	8	35	5	48	18	57	4	23	2	49	13	64	12	51	6	38	3	14	14	25	
11	46	19	42	9	26	3	66	13	47	
14	73	6	64	9	25	11	32	10	50	17	22	
13	66	17	63	8	45	15	53	14	2	11	32	1	58	2	67	12	41	
7	35	11	72	9	55	15	38	12	15	
9	25	11	56	5	50	16	65	19	1	10	39	
2	46	4	34	1	16	6	9	15	43	9	36	
1	38	9	59	14	5	4	44	3	72	12	54	5	52	
19	48	13	1	7	18	0	21	10	60	11	12	9	22	2	31	8	2	4	7	1	43	15	36	
5	68	14	42	17	31	18	57	16	13	0	67	13	22	8	20	6	10	

All component type numbers for each job to be processed by MFPM
6	18	7	16	8	4	0	10	
8	49	1	33	7	38	3	50	
5	4	6	18	7	25	9	7	3	15	
2	47	0	30	
7	18	
7	40	
5	23	0	12	
9	31	6	38	8	47	3	43	
9	7	4	9	2	18	8	8	
3	27	
4	11	
3	41	
1	23	8	2	
4	45	7	40	
1	22	
8	44	
8	11	9	4	
2	50	0	44	
7	11	1	22	8	13	5	16	3	10	
7	37	
3	13	
9	49	5	27	
4	5	0	23	2	8	
3	26	4	40	5	45	9	39	
4	14	8	11	
2	42	
4	3	7	8	8	12	9	10	
9	33	3	43	6	41	
3	17	4	15	9	5	
6	26	7	50	1	38	4	31	3	27	
3	4	
3	35	7	45	6	49	0	36	
3	9	2	25	
4	37	
9	21	
0	34	4	42	1	49	8	37	
1	18	4	19	6	7	3	17	
3	37	2	35	5	41	
6	5	0	10	7	19	
0	27	2	30	5	47	1	40	6	44	
7	18	5	4	
7	27	6	40	
7	15	8	7	3	21	6	18	
3	31	5	37	4	39	7	47	1	41	
3	12	
8	29	7	26	3	27	0	43	4	47	
5	24	1	2	6	6	
4	34	5	47	7	30	9	49	
7	6	2	4	
2	48	3	44	
3	20	5	4	
1	46	0	29	
7	21	4	8	
6	33	4	44	8	34	
1	3	0	20	6	1	9	21	
6	36	
6	23	9	7	7	16	
7	32	3	49	4	50	6	48	5	42	
3	18	9	1	
8	36	3	40	
6	23	8	13	
6	30	3	35	0	44	
9	15	
8	43	6	48	4	30	5	32	
1	6	
4	43	
1	7	
7	37	3	31	
9	16	8	24	
7	50	5	44	9	36	8	40	
1	18	7	17	0	16	2	24	
2	36	7	30	
7	7	
7	30	
1	4	
4	26	9	44	
6	17	9	4	3	6	
0	50	9	38	
9	4	3	10	5	23	4	11	
3	34	0	44	8	42	5	45	9	49	
9	3	4	10	1	15	7	16	
7	32	6	34	5	38	3	35	
3	5	2	14	0	21	
2	43	1	46	8	39	
1	7	2	25	9	22	7	15	
0	44	4	37	3	38	7	43	
9	18	4	2	6	16	7	24	0	7	
7	28	8	38	5	50	2	34	
3	2	
3	39	
1	3	
3	30	1	43	8	32	
8	22	
0	47	3	41	9	33	7	34	4	29	
2	2	1	11	3	18	9	4	
4	41	9	32	3	40	
0	19	2	6	5	14	
3	45	4	34	9	48	6	27	7	32	
5	8	8	9	
0	28	5	48	
8	2	3	8	9	22	7	17	4	14	
4	31	3	49	2	45	
0	10	5	4	4	3	8	21	
3	38	9	26	
7	8	4	7	1	23	3	16	
6	44	9	50	7	29	
0	15	7	9	6	6	
5	36	9	37	8	44	
5	21	7	24	6	23	8	17	
5	48	7	34	3	41	
1	16	9	4	0	24	5	6	7	17	
5	31	2	38	9	49	0	33	
2	20	9	9	3	7	
3	39	5	50	7	47	
1	25	4	10	5	22	8	5	6	4	
5	34	7	31	2	45	0	33	4	47	
0	20	1	2	
3	42	4	26	8	29	2	36	6	40	
3	5	
6	37	5	27	2	35	3	50	
3	4	
5	41	8	48	4	29	
5	16	9	13	8	6	7	20	
2	27	5	40	
2	6	6	20	8	18	
7	47	4	39	2	30	5	44	
7	10	
9	32	
8	10	9	4	
1	37	7	36	9	41	
8	16	7	7	0	14	4	17	
3	47	6	44	7	46	4	27	
5	18	1	8	4	23	
8	29	5	46	0	48	9	44	
0	6	8	2	1	7	9	5	
3	50	5	46	9	39	1	36	
8	13	9	20	7	15	
8	46	0	48	6	34	5	42	2	33	
4	19	9	18	0	21	
7	31	6	26	
8	23	1	6	5	14	
0	49	6	32	8	29	
2	13	0	16	5	17	3	10	
3	29	7	34	
4	22	3	5	7	21	6	20	1	25	
3	43	4	36	1	29	8	47	6	41	
4	1	5	15	0	9	6	7	7	17	
6	29	1	49	8	34	
5	2	9	15	8	9	1	25	
9	28	1	34	8	50	
0	23	9	4	
2	31	7	49	3	43	6	36	9	37	
0	20	5	14	
8	45	
4	5	3	7	
2	47	
5	7	3	18	
1	32	4	50	5	27	9	28	0	41	
1	1	4	3	
0	42	2	46	1	35	
1	19	2	16	8	14	7	6	3	11	
0	33	3	29	4	35	6	42	9	50	
0	2	3	11	9	10	4	6	
4	28	3	37	9	33	1	45	
1	10	3	4	0	7	
2	50	
9	20	
1	43	
3	5	4	6	
5	32	1	38	7	50	
1	20	9	4	3	14	
3	49	5	29	7	41	
4	19	1	12	3	13	8	5	0	2	
7	38	1	31	0	30	5	41	
2	6	5	22	8	24	0	9	
9	26	3	48	
6	11	2	19	3	16	5	17	
0	46	6	37	8	27	
2	25	4	14	
0	37	1	46	7	38	5	42	3	49	
1	21	3	25	9	12	
6	44	9	31	1	29	2	47	7	46	
6	5	1	4	8	10	9	16	7	2	
6	27	0	30	7	46	3	26	5	28	
7	25	4	6	2	23	
7	39	9	28	3	44	4	37	
8	12	
8	45	1	35	4	27	
2	12	6	13	0	14	
7	50	
7	9	3	11	6	19	5	22	1	24	
7	37	6	34	5	36	1	41	
9	8	
2	45	
8	12	3	17	4	23	
2	32	9	49	
9	10	7	25	
3	43	2	44	8	50	4	34	7	36	
4	13	9	19	1	5	2	22	
1	36	9	41	4	28	8	39	

Three processing times per job on each machine
The best scenario
90	67	91	
169	249	169	
325	250	382	
199	56	104	
478	197	536	
243	558	353	
103	160	246	
864	353	535	
200	229	246	
1331	659	490	
157	90	63	
832	1003	223	
59	117	203	
630	1189	988	
404	491	239	
307	100	227	
765	557	901	
505	311	284	
909	922	561	
347	377	625	
788	1256	777	
105	24	112	
302	163	447	
669	316	452	
355	356	737	
819	721	270	
94	222	184	
308	361	509	
299	492	928	
342	349	357	
354	338	889	
188	153	137	
287	253	203	
836	533	603	
452	713	922	
407	438	539	
174	74	258	
506	1035	576	
568	1010	760	
530	224	251	
326	118	197	
257	677	588	
194	171	217	
311	205	251	
141	111	123	
296	519	562	
647	774	474	
187	277	67	
521	481	221	
289	285	466	
308	388	177	
980	573	1256	
364	212	370	
272	298	509	
327	114	189	
349	244	263	
319	797	484	
184	412	130	
403	592	443	
724	585	296	
116	243	358	
1116	536	447	
111	84	57	
264	204	324	
292	402	265	
415	974	845	
476	695	159	
233	819	907	
405	220	117	
566	614	712	
329	210	182	
259	442	515	
762	270	367	
145	120	151	
302	266	260	
628	680	368	
382	471	220	
263	668	355	
543	544	733	
405	440	368	
178	285	390	
172	272	234	
599	478	697	
142	114	368	
248	367	85	
183	162	427	
1001	1128	380	
460	468	557	
428	500	352	
102	223	105	
241	392	292	
777	354	730	
737	1160	938	
394	270	400	
197	301	394	
170	98	282	
214	268	79	
119	304	256	
128	239	250	
77	99	46	
Most likely scenario
136	116	146	
290	297	282	
591	371	417	
349	90	135	
558	235	652	
438	626	464	
124	277	272	
1287	438	702	
244	293	349	
1344	775	866	
182	148	72	
877	1160	345	
82	188	215	
853	1410	1080	
488	664	472	
328	186	256	
911	738	918	
609	573	375	
1023	972	701	
436	550	681	
1284	1353	1272	
113	45	171	
474	261	839	
739	418	612	
610	377	770	
895	873	385	
184	270	274	
410	530	681	
356	639	1260	
475	445	424	
575	524	1055	
237	305	151	
358	343	370	
960	755	936	
515	951	1244	
550	651	677	
322	137	300	
689	1339	637	
590	1107	969	
760	281	385	
405	204	223	
424	688	811	
243	290	256	
444	346	283	
173	164	146	
520	598	605	
1096	829	586	
288	291	100	
846	714	400	
315	361	481	
490	393	213	
1129	1026	1275	
449	328	662	
426	324	577	
415	138	246	
356	350	345	
428	802	652	
242	441	176	
508	648	735	
930	752	387	
172	319	463	
1144	1054	730	
131	93	80	
506	237	346	
488	655	471	
784	1123	952	
635	874	294	
464	867	979	
452	331	177	
879	623	885	
558	223	357	
424	549	918	
1001	447	706	
228	235	187	
594	469	439	
684	1083	411	
466	515	254	
498	1009	546	
659	691	955	
436	539	442	
345	495	645	
321	326	281	
683	855	1022	
179	218	527	
322	431	142	
359	311	806	
1107	1293	422	
615	583	613	
679	644	631	
140	427	198	
246	715	334	
816	707	928	
844	1219	1426	
492	376	463	
325	451	434	
174	178	411	
284	426	140	
129	377	348	
164	379	317	
110	151	66	
The worst scenario
141	170	200	
358	314	359	
725	374	455	
452	116	174	
769	262	904	
628	702	605	
174	357	281	
1537	629	926	
256	375	518	
1602	1040	945	
265	170	93	
1115	1229	417	
92	213	240	
862	1610	1541	
556	836	693	
430	246	344	
929	1010	1182	
725	853	540	
1522	1143	789	
650	791	743	
1888	1907	1744	
132	65	196	
675	347	856	
846	511	739	
632	491	935	
1297	950	475	
185	338	390	
513	596	858	
474	693	1717	
607	631	489	
830	781	1139	
305	455	180	
388	446	382	
1001	1102	1319	
570	1308	1691	
683	759	726	
350	160	318	
893	1806	903	
684	1579	1335	
946	337	560	
601	269	297	
524	973	1153	
269	316	349	
544	431	313	
249	224	194	
529	846	867	
1213	1058	862	
405	295	115	
1023	932	501	
428	391	546	
603	572	301	
1228	1183	1762	
668	330	745	
504	340	717	
603	159	361	
412	412	494	
609	1152	892	
353	539	196	
742	767	789	
1375	777	406	
247	320	550	
1152	1238	1036	
168	130	104	
519	273	485	
538	771	665	
985	1584	998	
838	1232	418	
542	1237	1244	
465	361	249	
937	716	1264	
663	296	436	
472	763	1048	
1274	471	809	
259	318	247	
876	510	582	
721	1376	454	
494	752	319	
637	1242	566	
850	727	981	
468	595	644	
474	733	652	
352	348	306	
760	1116	1320	
242	294	606	
325	457	158	
423	435	911	
1443	1348	451	
792	680	738	
734	806	736	
163	486	291	
307	932	373	
958	757	1378	
1161	1627	1507	
517	403	538	
483	453	445	
232	222	574	
289	556	157	
161	553	373	
243	524	363	
122	208	81	
