Factories	6	Jobs	100	Machines	2

Total number of component types per job processed by HSPM
6	8	11	6	7	11	11	7	7	5	6	11	12	6	5	7	11	12	12	9	7	12	12	6	8	11	9	7	8	10	5	9	10	9	12	5	12	10	10	5	7	10	10	8	12	12	9	8	10	7	10	10	5	8	10	6	8	11	7	8	6	6	5	5	5	6	9	10	5	7	9	10	8	6	11	6	10	9	6	10	11	9	7	6	10	7	12	10	12	5	6	5	6	6	10	8	7	8	8	6	

Total number of component types per job processed by MFPM
4	3	5	5	3	3	5	2	4	3	2	3	4	4	5	3	3	1	5	5	4	3	4	2	3	3	3	3	1	3	5	3	5	5	1	5	4	1	3	1	4	5	4	5	4	3	3	4	5	3	4	2	1	2	4	5	3	4	5	2	5	5	3	3	4	1	4	5	1	2	1	4	4	2	3	3	1	4	2	1	5	2	5	5	5	1	1	5	1	4	1	5	2	3	1	1	4	1	4	5	

All component type numbers for each job to be processed by HSPM
16	72	12	71	6	67	19	70	5	63	14	66	
19	66	10	71	15	58	12	44	3	65	18	29	17	13	1	21	
4	44	18	37	15	30	1	18	12	52	9	3	14	8	5	20	17	43	6	45	7	4	
1	36	16	16	2	47	8	53	3	68	11	6	
9	14	17	48	11	39	10	2	14	62	8	68	0	10	
3	24	15	40	2	13	9	2	5	26	6	25	16	49	14	21	1	18	18	50	11	59	
2	67	18	59	10	10	3	55	17	31	9	33	15	75	4	23	13	18	1	25	16	57	
10	14	14	13	13	75	0	61	6	40	12	11	17	44	
5	51	3	35	9	62	10	52	11	7	4	70	6	20	
1	44	4	42	5	41	18	30	8	53	
1	25	6	63	11	34	5	38	4	43	19	52	
10	47	12	1	4	35	17	27	5	17	14	24	15	48	2	60	8	54	1	71	16	8	
10	49	19	70	11	43	18	65	15	8	16	54	8	18	5	68	14	5	3	73	0	20	2	2	
10	69	16	28	8	6	7	56	11	35	4	46	
19	21	13	23	9	65	8	46	1	27	
18	61	11	38	12	30	8	55	15	49	17	51	19	62	
12	8	2	61	9	28	0	74	19	56	4	20	13	37	14	60	8	35	5	1	10	12	
2	51	11	53	6	60	15	12	13	73	9	42	3	25	10	71	0	30	7	64	1	61	14	23	
17	72	7	69	10	43	15	56	13	41	16	32	9	61	14	13	3	44	2	60	6	63	1	57	
15	17	13	18	12	57	1	41	9	29	11	4	3	65	18	16	2	51	
13	39	8	26	7	63	0	66	1	45	15	58	11	61	
3	63	19	68	7	64	2	65	9	36	6	24	16	43	10	39	1	53	8	18	12	21	14	48	
17	56	9	27	0	46	13	24	11	10	1	4	14	33	18	20	10	40	12	2	2	16	4	55	
8	50	12	73	15	37	2	51	17	14	13	55	
19	2	9	12	14	23	12	4	16	53	6	50	13	20	0	19	
17	45	13	26	7	15	0	17	19	57	8	12	10	41	9	37	1	75	4	61	14	20	
1	37	6	71	7	54	12	63	11	58	13	16	19	4	15	51	2	21	
14	46	13	69	9	18	15	61	11	9	0	65	17	13	
4	6	12	57	10	68	6	5	14	71	11	9	16	26	1	49	
7	6	5	42	17	4	11	75	10	73	8	24	3	51	4	32	19	5	6	56	
3	14	5	52	18	3	11	70	17	74	
1	51	3	26	4	62	19	18	11	36	10	23	7	43	8	68	12	16	
12	12	17	35	8	9	13	29	6	33	11	21	18	46	2	52	5	30	10	27	
9	43	8	45	15	25	18	74	1	55	11	73	12	21	6	41	17	12	
10	56	14	20	8	24	4	38	5	5	1	43	18	8	2	74	16	26	3	67	15	59	0	54	
15	38	7	9	4	3	13	51	3	17	
10	12	5	48	11	27	13	63	1	18	4	2	9	74	14	65	6	17	19	71	3	68	16	32	
0	65	3	61	15	14	5	56	14	58	13	62	1	11	10	33	7	54	8	49	
10	5	2	34	16	50	0	10	3	26	12	47	11	21	19	54	8	15	18	49	
18	26	12	43	3	25	5	54	13	13	
4	20	1	50	13	6	7	52	15	27	17	22	18	9	
12	72	8	32	2	48	4	61	9	15	1	16	3	74	16	19	15	30	11	45	
6	34	12	73	0	49	10	26	7	61	14	19	18	20	3	57	9	25	11	48	
1	1	19	71	6	43	12	64	9	45	18	13	5	31	14	14	
8	42	14	22	2	72	10	32	12	9	11	49	0	75	15	13	4	10	1	73	13	34	16	55	
13	16	12	71	14	23	18	57	5	44	10	50	4	36	6	62	11	51	9	67	19	65	15	55	
0	54	15	55	8	67	3	15	1	57	14	17	5	42	10	2	19	53	
0	9	9	68	5	1	1	11	6	64	2	3	7	14	18	44	
4	29	16	6	10	27	8	58	0	22	2	51	13	55	18	30	19	47	7	8	
13	66	15	46	3	25	10	70	19	18	16	26	17	53	
14	48	3	38	13	27	19	74	11	37	5	7	7	39	2	30	15	70	10	3	
18	74	13	60	0	69	14	15	7	37	3	7	11	34	2	3	17	52	9	71	
1	62	3	37	12	14	18	38	4	43	
7	24	6	63	0	40	10	35	2	55	12	19	17	60	11	34	
9	42	5	21	3	9	15	27	6	26	7	66	16	6	4	30	0	29	11	45	
19	56	3	15	1	11	11	71	14	33	13	28	
7	60	5	57	9	44	2	73	18	47	14	22	11	20	1	12	
10	12	4	15	8	14	2	38	6	65	16	4	14	66	15	9	18	55	5	36	9	16	
12	35	5	31	7	20	19	60	15	4	13	72	14	38	
12	18	4	47	2	43	17	12	8	33	3	45	7	19	16	61	
14	21	5	26	13	65	0	49	10	19	11	4	
2	48	12	5	16	6	10	47	11	26	5	17	
15	41	5	31	10	43	4	24	11	10	
12	45	19	14	10	75	8	38	3	59	
11	63	12	18	5	56	0	44	16	38	
5	73	10	9	17	56	3	62	16	38	8	40	
15	61	1	18	10	64	9	36	19	69	2	47	12	65	14	38	17	10	
1	17	10	19	16	62	2	1	15	18	3	9	18	36	7	8	19	28	17	72	
0	51	10	3	2	64	7	2	6	12	
7	30	13	69	1	61	18	11	11	35	10	58	12	51	
16	39	15	53	19	21	1	58	5	48	12	33	6	69	14	13	10	73	
2	26	9	46	3	22	1	1	14	72	7	20	11	66	5	27	6	62	4	48	
16	22	6	32	18	65	14	51	3	43	1	17	12	19	9	25	
7	47	17	39	12	36	6	59	15	58	19	42	
12	52	10	66	18	38	14	22	15	47	1	2	13	31	9	42	4	32	6	37	19	10	
17	24	19	70	12	73	10	27	11	42	0	15	
18	9	17	53	1	40	10	67	6	50	13	51	4	11	0	46	19	45	14	75	
11	20	9	73	1	26	18	61	16	34	0	52	12	45	19	12	8	24	
5	43	1	48	7	66	19	22	9	38	17	37	
5	19	11	37	12	72	8	34	4	13	18	58	3	18	1	47	7	35	6	62	
6	67	10	48	19	30	14	16	12	20	3	42	13	3	17	64	5	12	11	25	4	73	
17	16	9	45	0	37	12	4	1	20	8	55	16	40	4	50	2	36	
9	36	4	12	0	58	13	70	17	53	16	30	19	54	
8	39	9	13	17	61	10	27	16	66	1	37	
1	46	16	45	4	60	15	11	6	63	7	22	5	72	18	50	11	24	12	73	
13	68	17	74	7	25	19	54	5	44	8	30	2	64	
19	41	12	42	10	60	2	21	8	59	13	58	1	49	5	65	0	63	4	64	9	5	18	46	
3	24	15	5	5	7	0	47	19	72	2	48	11	54	8	65	17	28	18	41	
4	60	6	56	9	69	12	67	15	40	10	42	5	18	0	38	7	21	11	33	1	22	8	54	
13	18	15	3	3	17	8	33	5	75	
5	40	7	75	14	28	6	56	1	30	13	67	
4	21	8	8	10	67	3	26	11	14	
18	29	2	38	3	1	1	19	13	49	15	70	
8	16	13	31	4	66	12	8	18	22	1	42	
9	38	14	62	3	13	13	27	17	46	2	74	16	37	1	57	0	25	12	20	
12	16	2	48	17	10	1	11	8	54	15	9	5	33	11	7	
19	63	14	45	13	17	11	38	5	10	6	24	8	5	
4	58	9	75	8	26	6	41	7	56	18	7	19	46	13	59	
7	31	15	5	16	75	5	34	18	11	8	36	3	2	10	37	
13	30	7	64	16	8	11	11	15	14	18	69	

All component type numbers for each job to be processed by MFPM
6	18	5	21	8	6	0	5	
0	4	4	15	7	16	
9	1	2	14	1	20	8	12	5	24	
2	5	4	17	8	20	1	9	6	6	
1	20	4	18	2	19	
8	18	5	24	7	11	
6	19	0	24	3	21	1	10	7	17	
5	10	8	21	
6	1	8	16	0	6	1	2	
4	24	0	3	1	7	
1	16	4	17	
3	13	4	12	2	3	
0	1	4	15	8	24	9	22	
1	1	3	22	6	19	9	20	
3	6	6	10	7	3	8	21	2	16	
1	8	9	12	5	20	
2	12	6	20	3	24	
5	8	
0	2	1	7	4	4	2	15	5	22	
5	4	3	11	6	20	1	3	8	7	
2	4	0	2	8	24	1	11	
3	1	6	24	9	22	
8	22	2	23	6	24	7	19	
4	25	3	3	
4	12	7	25	5	21	
8	11	9	15	7	20	
4	2	8	22	9	17	
1	11	2	13	6	23	
5	7	
5	11	3	4	6	5	
6	6	8	13	1	3	0	23	3	17	
2	23	4	8	0	25	
4	16	9	22	3	25	1	9	5	14	
9	19	1	7	7	8	5	14	0	12	
0	21	
9	7	0	16	5	3	7	15	4	25	
4	18	0	8	1	3	9	9	
0	11	
9	14	7	19	4	5	
7	7	
9	25	4	8	7	4	0	20	
9	10	4	21	2	13	7	4	1	15	
2	3	7	8	4	18	3	19	
8	3	3	23	4	6	0	8	5	13	
3	4	4	21	9	22	5	2	
9	6	5	8	1	14	
9	10	7	15	4	23	
4	9	1	19	0	14	5	10	
8	4	9	3	5	11	7	6	1	15	
1	12	0	10	3	17	
5	4	4	17	7	24	6	11	
3	16	1	22	
5	17	
5	8	6	16	
6	21	3	7	2	12	9	14	
0	10	8	4	7	24	2	14	3	16	
5	3	9	5	7	25	
4	23	8	4	5	16	0	19	
4	19	3	24	6	15	7	9	1	20	
0	16	8	25	
3	12	1	25	0	24	9	4	6	1	
6	3	8	14	1	9	7	11	0	20	
6	7	5	5	3	14	
7	15	0	8	2	11	
9	4	3	12	4	25	7	10	
7	14	
6	16	2	21	3	17	1	3	
7	5	4	23	2	20	3	22	5	3	
5	14	
5	24	3	23	
1	1	
5	12	6	1	4	2	1	13	
8	25	5	20	0	4	3	17	
0	8	9	14	
7	23	6	22	1	7	
7	10	1	1	4	2	
1	25	
0	8	7	2	6	19	8	11	
8	9	2	21	
1	17	
9	19	5	23	2	25	8	10	6	20	
3	11	0	21	
1	1	8	19	5	11	6	6	3	22	
7	21	3	12	0	7	9	24	4	6	
3	17	1	10	6	23	0	19	5	20	
3	11	
3	8	
3	7	6	19	5	9	1	13	9	16	
6	20	
8	19	7	21	2	2	9	1	
4	15	
7	13	9	10	2	9	1	11	4	5	
5	20	3	19	
1	15	8	4	5	12	
4	9	
1	22	
5	24	6	18	1	8	7	1	
5	9	
6	10	5	21	2	13	3	19	
6	4	1	9	9	24	2	10	5	5	

Three processing times per job on each machine
The best scenario
472	298	
307	322	
1171	575	
584	634	
289	154	
653	492	
415	292	
353	694	
529	559	
37	81	
508	107	
788	455	
337	309	
1386	385	
255	86	
824	584	
154	234	
75	203	
135	127	
246	824	
558	420	
417	347	
404	145	
162	147	
435	585	
612	1137	
288	297	
56	68	
633	211	
340	454	
657	729	
159	91	
519	440	
357	337	
151	271	
55	144	
445	184	
156	202	
126	112	
769	532	
149	126	
127	107	
150	492	
94	137	
821	429	
384	329	
274	386	
725	528	
194	865	
797	299	
80	46	
408	718	
371	275	
733	367	
929	401	
774	286	
112	277	
510	661	
280	599	
324	402	
330	116	
159	66	
478	458	
524	478	
180	692	
777	641	
255	178	
443	539	
295	136	
153	232	
174	172	
699	489	
131	83	
188	79	
369	600	
212	603	
222	763	
133	205	
333	213	
288	154	
84	160	
610	402	
502	1030	
103	415	
586	420	
631	483	
151	210	
722	667	
480	703	
179	135	
426	618	
738	590	
163	164	
183	271	
321	721	
1228	633	
330	256	
331	335	
376	398	
297	361	
Most likely scenario
840	318	
359	439	
1317	652	
986	965	
554	161	
846	611	
683	327	
603	799	
534	795	
54	95	
536	190	
1183	491	
505	376	
1460	676	
347	164	
1259	856	
241	294	
124	248	
186	215	
466	919	
777	814	
489	443	
529	186	
172	202	
852	724	
655	1316	
403	410	
88	92	
792	333	
593	634	
717	761	
196	150	
1031	684	
397	429	
189	286	
69	185	
458	247	
226	209	
244	177	
926	771	
177	238	
200	194	
163	554	
157	142	
931	554	
597	407	
377	559	
1073	948	
266	882	
846	410	
121	77	
520	719	
648	503	
870	594	
1518	484	
1043	524	
171	361	
589	787	
389	841	
482	612	
440	138	
232	131	
489	512	
776	664	
217	758	
1207	984	
257	197	
882	657	
567	178	
160	251	
191	308	
1051	914	
195	98	
250	116	
435	612	
363	1122	
274	858	
155	304	
385	222	
337	234	
130	166	
644	545	
871	1291	
139	453	
1168	450	
882	874	
253	408	
902	1001	
607	1155	
202	161	
744	995	
938	1051	
167	238	
293	356	
415	793	
1332	964	
454	482	
498	437	
738	531	
303	521	
The worst scenario
1137	427	
370	580	
1329	819	
1403	1035	
667	207	
1188	883	
771	330	
890	960	
732	1088	
69	114	
676	206	
1685	594	
612	435	
1467	804	
384	203	
1458	874	
275	380	
155	299	
208	306	
659	1180	
947	1081	
518	508	
578	241	
240	237	
1186	923	
902	1421	
552	455	
92	102	
1055	429	
792	727	
912	997	
244	199	
1192	980	
413	539	
216	384	
87	224	
605	319	
286	296	
270	236	
1354	813	
227	286	
204	280	
168	715	
223	208	
1001	787	
601	522	
398	709	
1127	1123	
334	943	
884	463	
135	99	
762	946	
674	676	
1244	849	
1899	539	
1360	608	
243	403	
865	937	
453	1091	
500	895	
493	168	
286	168	
690	642	
979	939	
295	1007	
1711	1009	
278	207	
1120	846	
704	195	
217	319	
216	352	
1502	1364	
252	130	
328	130	
476	869	
453	1265	
327	904	
172	450	
531	305	
385	287	
138	224	
932	559	
1066	1926	
178	581	
1341	485	
918	963	
311	443	
1225	1217	
720	1415	
249	229	
980	1197	
1045	1145	
218	299	
413	395	
537	1128	
1370	1422	
659	499	
680	595	
918	541	
357	633	
