Factories	2	Jobs	50	Machines	3

Total number of component types per job processed by HSPM
5	10	9	9	11	6	5	12	9	5	5	5	9	8	7	6	11	12	11	10	11	7	6	5	11	6	10	12	5	6	8	6	11	10	9	9	10	5	9	7	12	8	5	10	5	6	7	6	9	5	

Total number of component types per job processed by MFPM
3	3	3	2	3	3	1	2	3	1	5	4	2	5	3	3	5	3	2	4	3	5	2	3	1	1	4	1	1	2	5	4	1	2	5	3	5	3	5	5	4	3	5	5	1	4	4	2	3	3	4	4	2	1	2	5	3	2	2	1	5	3	2	4	3	4	4	5	1	1	3	5	1	3	4	1	5	4	3	5	1	3	5	3	4	1	4	5	4	5	1	3	5	4	5	1	4	5	1	4	

All component type numbers for each job to be processed by HSPM
1	14	3	33	4	39	2	72	15	65	
19	37	8	3	15	61	3	23	2	67	5	4	18	38	7	24	13	1	17	20	
7	26	19	68	2	56	17	27	13	65	10	31	18	49	11	7	8	33	
1	53	9	12	2	7	4	67	10	4	15	68	19	57	18	8	16	13	
17	53	5	69	1	12	19	40	7	4	16	49	15	51	11	13	12	47	2	2	14	25	
17	70	13	31	14	17	3	41	2	7	9	54	
15	67	11	74	3	15	17	7	14	54	
18	38	10	34	15	25	7	72	12	62	2	27	8	30	4	11	1	16	11	50	0	33	3	75	
4	10	16	56	17	42	19	20	12	69	6	36	1	4	9	70	14	41	
3	22	1	33	10	28	7	13	13	6	
3	66	5	34	4	6	6	54	13	45	
0	29	19	62	2	46	11	44	14	14	
6	38	11	73	1	31	13	28	7	51	8	42	4	32	0	43	14	35	
10	17	5	59	14	63	18	24	9	60	6	39	16	46	11	7	
1	62	14	29	3	57	7	15	15	51	17	42	13	69	
8	38	12	46	19	50	18	63	3	22	6	42	
13	36	1	29	8	15	16	32	14	1	2	48	11	57	9	33	18	4	6	39	3	35	
11	58	4	4	7	32	15	59	0	11	9	9	14	39	2	15	17	38	6	22	19	75	13	50	
7	6	15	42	3	64	19	63	4	75	0	24	2	21	1	25	12	11	11	10	13	2	
7	11	1	64	13	48	4	45	10	69	19	46	2	16	0	44	15	54	18	58	
10	11	13	74	9	30	16	19	14	15	5	55	19	13	18	59	1	22	11	6	12	68	
14	43	9	21	15	69	13	5	19	54	10	46	12	19	
6	37	3	28	14	21	13	45	4	54	19	61	
18	43	16	26	12	68	1	4	6	45	
12	61	0	43	9	10	8	11	1	63	15	41	4	20	18	15	16	1	19	71	17	74	
10	10	5	37	12	64	9	60	17	44	16	30	
2	3	1	61	12	35	19	59	13	64	5	5	9	21	0	26	8	1	15	46	
18	48	14	62	8	15	9	32	15	14	19	12	13	65	4	69	5	13	6	60	10	20	17	28	
16	20	4	3	8	52	14	13	3	21	
12	39	8	26	19	3	0	69	15	50	6	13	
1	36	19	10	2	39	10	60	3	23	13	51	9	7	0	55	
3	41	1	1	18	48	14	68	10	36	7	13	
15	4	8	44	1	49	13	46	11	60	10	23	12	45	0	16	17	48	14	73	9	72	
14	14	17	64	4	19	12	54	15	57	8	52	0	49	9	15	5	9	16	1	
2	16	9	42	4	55	10	5	19	12	11	36	15	30	5	41	7	10	
13	6	14	42	19	21	8	73	18	36	12	16	15	26	11	20	4	4	
4	4	6	15	16	28	18	66	14	58	7	1	19	36	17	8	0	33	13	9	
13	36	15	21	10	53	18	55	11	26	
16	16	1	67	7	56	11	63	6	53	2	10	8	4	12	18	17	38	
4	24	8	36	15	66	0	48	16	23	12	44	5	13	
9	28	17	29	11	67	15	36	4	70	3	43	10	26	19	51	12	30	14	17	6	7	5	25	
1	22	8	55	9	12	17	68	2	51	14	13	6	43	15	44	
9	5	19	44	4	58	11	69	5	29	
10	12	15	1	6	10	8	37	3	3	14	19	1	50	9	34	17	5	2	35	
7	6	8	32	6	5	0	68	11	50	
18	23	19	13	3	7	5	39	15	2	13	25	
18	70	9	36	13	6	19	42	11	59	14	18	12	25	
10	13	12	4	8	71	0	37	13	53	17	26	
19	65	5	58	11	49	17	55	0	51	2	57	12	12	7	70	6	73	
2	48	12	36	7	16	13	14	8	37	

All component type numbers for each job to be processed by MFPM
8	21	6	10	9	1	
6	43	2	39	1	28	
1	8	4	6	7	18	
5	31	6	30	
1	9	6	11	2	4	
4	29	0	39	9	41	
2	3	
3	40	0	48	
8	1	1	23	5	19	
2	39	
7	25	5	16	0	2	2	3	1	11	
7	35	0	34	1	45	9	26	
6	16	3	15	
3	44	5	48	4	46	1	39	0	32	
3	21	1	24	6	19	
4	30	9	31	2	50	
3	14	8	13	2	3	4	15	0	22	
0	39	9	36	4	42	
6	18	9	2	
5	28	1	37	7	41	9	46	
1	22	6	6	7	16	
4	39	8	33	1	44	9	28	3	37	
5	25	8	11	
9	49	5	38	7	50	
4	11	
7	40	
8	2	7	4	3	5	1	14	
1	43	
4	14	
5	30	2	47	
6	8	9	2	8	11	7	24	5	25	
2	44	7	33	6	50	9	30	
9	6	
0	35	2	29	
1	23	0	9	6	1	8	7	3	13	
0	45	7	37	3	38	
8	9	1	19	2	21	7	6	0	1	
7	45	3	42	4	36	
2	13	7	19	4	7	0	17	9	12	
3	38	5	28	9	47	8	31	2	27	
3	22	1	6	2	12	4	21	
4	35	7	48	3	33	
5	15	2	13	8	3	6	1	1	21	
1	27	8	26	4	44	6	33	3	46	
2	7	
8	37	4	33	5	28	2	48	
2	16	7	8	6	20	3	18	
8	49	5	48	
8	21	3	24	7	4	
6	41	1	34	0	46	
7	4	8	18	0	9	4	14	
2	40	1	49	8	46	4	36	
4	24	8	20	
0	49	
5	12	2	3	
5	50	6	48	9	26	7	39	0	41	
3	11	7	15	1	16	
4	45	3	38	
1	8	2	16	
7	30	
5	23	7	5	0	19	2	18	3	17	
6	31	7	29	2	26	
7	12	2	9	
0	34	8	41	3	50	4	38	
6	17	3	19	0	21	
2	39	6	49	1	42	4	50	
5	10	1	17	9	21	6	8	
2	48	1	46	6	26	7	27	0	33	
5	22	
8	34	
4	18	0	22	1	11	
1	36	9	31	6	45	2	37	7	40	
9	5	
3	44	2	27	0	41	
7	20	1	15	6	22	4	8	
8	43	
9	25	8	3	5	24	3	6	0	7	
6	34	0	29	5	35	3	27	
0	23	2	13	5	21	
8	44	4	39	3	30	2	35	7	48	
1	25	
8	33	2	50	1	48	
0	13	3	21	9	16	8	24	6	8	
2	32	0	43	4	40	
8	14	4	19	2	24	9	8	
0	27	
7	16	9	8	4	3	3	9	
6	27	2	43	0	33	9	48	1	40	
0	23	6	8	4	21	2	1	
3	49	1	29	2	41	0	46	7	48	
1	11	
2	35	4	26	3	36	
4	16	8	15	6	22	2	12	0	19	
9	27	4	33	5	34	2	38	
4	17	1	24	9	10	2	16	7	5	
8	49	
6	24	2	13	1	25	8	4	
8	33	6	41	5	34	3	40	1	36	
5	10	
2	38	1	34	6	35	9	36	

Three processing times per job on each machine
The best scenario
75	92	208	
248	129	246	
304	149	301	
230	285	130	
24	25	28	
66	57	17	
206	119	192	
248	368	399	
117	143	86	
170	326	374	
280	122	201	
14	12	23	
457	390	431	
371	131	420	
180	119	123	
115	132	127	
235	228	178	
115	182	86	
343	424	336	
204	541	115	
269	504	271	
152	157	237	
173	132	354	
129	246	162	
154	84	94	
227	261	307	
188	220	139	
35	35	30	
162	365	211	
172	252	488	
310	270	85	
180	430	266	
205	235	162	
182	161	169	
73	55	70	
37	26	23	
114	243	169	
205	62	74	
188	261	269	
108	57	128	
228	242	340	
114	33	43	
355	133	76	
253	278	370	
136	64	176	
129	86	120	
13	25	11	
111	80	60	
214	278	165	
288	190	238	
Most likely scenario
106	167	259	
362	165	400	
555	154	387	
392	311	166	
34	40	38	
80	65	23	
284	185	373	
439	386	458	
130	144	164	
204	353	498	
304	124	206	
17	17	40	
561	513	558	
438	227	432	
209	187	178	
207	220	244	
259	277	189	
178	326	167	
412	530	386	
247	566	152	
311	536	376	
219	263	356	
291	210	421	
169	262	217	
168	91	152	
331	371	336	
189	310	179	
40	39	44	
200	417	420	
211	281	587	
422	411	170	
338	505	448	
249	245	203	
203	189	279	
89	62	110	
47	52	26	
139	263	219	
207	83	89	
243	402	350	
132	107	158	
399	278	415	
119	42	81	
360	177	115	
383	407	467	
183	84	178	
150	118	152	
16	39	17	
172	121	61	
345	406	208	
359	290	394	
The worst scenario
124	232	358	
403	221	568	
657	187	510	
558	424	221	
38	45	46	
103	89	29	
347	276	488	
555	475	469	
145	208	191	
254	395	519	
403	161	282	
22	25	58	
743	545	726	
627	284	640	
294	221	226	
278	272	266	
331	302	245	
252	445	180	
558	585	484	
338	632	205	
370	753	409	
248	296	404	
399	277	535	
249	271	315	
198	95	205	
449	554	462	
191	457	245	
44	40	57	
236	470	448	
268	284	662	
447	476	251	
440	582	543	
297	363	237	
260	217	339	
112	90	128	
63	77	30	
205	281	317	
274	119	108	
344	541	507	
170	143	232	
427	366	560	
175	51	115	
509	187	147	
421	553	549	
268	115	216	
180	162	165	
24	42	22	
255	176	90	
368	517	306	
365	406	459	
