Factories	4	Jobs	150	Machines	3

Total number of component types per job processed by HSPM
6	9	8	7	5	7	11	7	6	6	9	5	10	11	10	11	6	12	10	5	9	6	5	7	8	7	11	9	5	7	5	10	12	12	7	11	6	6	5	5	8	8	11	5	6	9	8	7	5	10	11	10	7	8	9	10	10	12	5	11	11	9	9	5	7	5	11	11	10	12	12	8	11	10	5	12	8	8	11	11	6	9	6	7	12	12	12	7	8	12	11	8	10	7	6	11	8	12	7	7	9	9	6	9	6	12	9	9	6	8	5	6	9	10	11	12	7	12	7	5	10	9	5	7	9	10	5	5	7	9	9	8	11	5	11	7	9	5	5	12	9	8	11	9	6	12	11	10	10	6	

Total number of component types per job processed by MFPM
4	3	2	1	2	5	2	1	2	1	2	2	1	3	1	5	2	5	5	1	5	2	1	1	1	4	5	3	4	2	2	3	4	5	3	3	4	1	5	5	4	5	1	2	3	5	5	4	5	3	3	1	2	5	3	4	3	1	1	2	4	2	2	2	5	5	5	3	4	1	5	5	5	4	3	3	2	3	3	5	3	5	3	5	1	2	5	3	3	1	5	3	3	4	4	3	2	3	2	3	3	1	3	3	3	2	1	4	4	3	4	3	2	5	2	4	1	3	3	2	5	3	4	1	3	2	2	5	2	2	1	5	4	1	5	3	4	4	5	5	2	2	3	1	3	5	2	2	4	4	1	1	1	4	4	5	4	1	3	2	5	1	3	3	1	3	3	1	2	4	4	3	1	5	2	5	5	2	2	4	1	4	4	3	4	3	1	4	3	1	3	5	1	4	4	1	5	4	3	1	1	3	2	5	2	3	4	4	1	1	1	2	4	4	2	2	5	4	1	3	1	3	3	2	2	4	4	3	4	3	5	4	1	5	5	3	5	4	3	5	5	2	2	4	5	1	3	3	4	4	2	1	5	3	4	3	1	2	3	1	3	1	4	2	1	1	2	3	2	5	2	3	3	3	4	3	5	2	2	2	3	2	3	5	2	4	2	5	1	4	4	1	2	1	2	1	2	3	3	1	

All component type numbers for each job to be processed by HSPM
11	56	17	54	3	21	1	42	0	2	7	28	
8	14	4	63	3	75	12	32	6	38	9	54	11	55	17	60	10	67	
7	42	4	67	13	71	14	33	9	12	8	2	19	7	10	74	
12	39	17	27	0	26	16	54	3	9	8	18	15	25	
11	52	15	27	9	63	18	72	10	23	
0	23	8	47	17	31	15	64	12	71	14	4	6	55	
4	48	6	3	12	46	14	60	3	59	11	7	13	19	1	22	9	28	5	23	18	42	
5	41	8	14	0	63	3	2	12	16	11	17	18	15	
11	39	2	48	12	27	16	73	17	15	6	74	
15	26	12	44	10	71	6	62	16	41	18	4	
5	14	18	24	16	6	9	50	6	39	1	60	7	17	19	20	17	65	
14	10	2	4	16	39	15	46	10	59	
7	43	9	39	13	64	14	68	1	50	6	25	15	20	19	11	11	14	17	22	
6	54	19	69	2	30	9	20	15	52	7	64	16	11	0	29	8	19	10	67	14	15	
1	35	11	69	14	52	3	53	19	67	9	15	5	64	6	44	12	37	10	25	
11	17	10	24	2	74	5	4	12	68	17	10	0	20	8	1	1	71	6	12	14	63	
1	42	3	18	2	23	17	2	0	33	12	43	
6	40	15	44	0	58	16	70	13	57	3	27	5	39	7	25	19	63	17	23	2	35	1	41	
2	29	3	41	9	57	0	23	6	62	17	70	1	65	12	14	7	71	14	21	
1	24	6	40	0	69	18	63	7	42	
12	59	10	37	3	53	0	16	14	24	11	42	15	64	7	70	9	55	
9	20	8	50	14	13	19	4	12	18	18	19	
4	25	19	66	7	4	8	3	9	23	
1	45	0	5	18	26	8	21	16	43	17	6	12	72	
8	54	3	23	13	43	1	29	6	72	17	26	11	21	18	6	
0	34	16	59	7	71	3	18	13	23	17	26	4	7	
2	74	4	47	0	66	3	16	10	18	16	26	5	70	7	63	19	43	6	20	12	51	
3	55	16	18	10	49	12	66	2	50	13	36	14	3	19	72	11	5	
2	45	9	26	15	22	5	7	14	66	
12	46	15	24	14	44	6	39	8	72	17	5	1	68	
17	54	11	14	18	44	6	16	12	55	
14	27	16	68	0	62	15	54	7	64	3	59	12	15	1	35	17	29	5	39	
15	51	12	5	0	54	9	1	18	45	8	26	10	34	3	3	4	33	5	61	2	19	19	22	
5	74	7	71	16	52	14	64	3	2	4	54	13	35	17	4	8	27	1	73	12	34	2	65	
11	8	17	51	14	45	2	49	15	5	18	42	7	14	
0	34	3	67	2	8	11	73	6	61	8	4	9	24	15	19	17	13	14	70	10	27	
19	21	12	62	3	73	9	53	11	59	0	35	
0	52	17	1	18	46	7	69	2	19	15	23	
18	46	9	20	4	61	6	48	10	58	
12	64	2	35	11	59	6	14	3	19	
7	40	11	15	8	49	3	36	15	2	2	37	12	62	1	64	
17	52	18	72	16	34	0	29	10	60	5	3	2	61	4	65	
18	22	17	39	0	2	5	67	10	66	16	20	2	33	3	72	6	55	8	7	4	23	
11	36	6	67	8	41	18	7	9	19	
4	70	8	25	0	1	9	69	5	20	2	58	
12	26	9	12	8	50	11	51	10	28	19	48	18	24	5	7	6	47	
3	44	14	67	15	17	11	72	5	71	0	38	16	40	8	27	
7	59	16	61	13	75	17	73	5	42	19	33	1	10	
9	58	17	60	3	42	8	64	13	46	
18	37	15	6	7	15	3	74	4	29	5	1	0	23	2	12	10	30	14	53	
9	63	2	62	18	60	5	32	14	52	10	38	19	55	13	26	6	31	0	65	16	33	
10	7	13	66	15	58	17	8	11	15	9	51	12	11	4	9	16	41	6	42	
4	35	10	45	18	26	6	38	0	33	11	57	12	72	
1	20	18	64	15	57	7	61	8	40	3	63	12	25	17	2	
18	1	3	21	4	51	11	58	15	7	17	53	5	69	19	12	9	31	
7	28	18	22	8	8	11	73	19	15	14	70	4	4	5	9	9	40	0	3	
3	54	10	48	13	21	9	73	17	37	14	40	1	9	18	46	11	62	19	30	
6	11	12	53	18	66	19	40	0	6	2	69	9	47	4	22	17	18	16	16	14	32	10	64	
19	54	8	67	17	8	3	55	11	75	
7	31	16	20	14	22	19	43	6	56	11	44	10	71	13	2	2	14	1	75	18	29	
1	26	19	72	0	11	2	5	3	14	4	18	10	59	8	50	16	27	13	1	11	67	
11	14	3	4	1	55	14	24	13	43	15	23	7	36	5	42	0	49	
10	56	9	13	14	19	0	33	6	15	3	21	1	46	19	40	2	22	
12	64	0	74	3	75	6	71	11	37	
5	16	8	20	3	32	15	13	6	35	10	50	14	38	
3	18	7	17	5	36	15	63	18	48	
14	36	5	16	18	29	12	9	16	8	15	7	9	12	7	15	19	14	2	46	6	39	
18	70	0	13	7	5	1	72	3	68	19	12	2	9	8	33	9	45	14	43	17	67	
6	28	1	63	0	70	16	75	19	15	13	37	2	7	7	71	12	23	14	66	
0	50	16	2	9	60	7	19	10	6	5	7	4	1	14	22	17	18	3	14	6	72	1	11	
9	70	6	67	0	44	7	26	8	15	16	35	19	9	18	4	1	71	3	13	4	25	10	53	
13	27	3	21	18	72	17	23	0	18	11	4	10	20	9	67	
12	63	6	1	3	25	14	53	16	22	18	21	13	67	15	34	1	50	9	14	5	47	
17	58	18	74	7	60	3	53	14	25	8	13	4	22	10	1	5	6	11	67	
10	14	5	11	16	15	9	61	15	33	
8	45	11	18	0	65	2	69	16	29	6	21	18	64	1	3	3	41	4	36	9	39	17	26	
4	5	6	56	19	28	3	47	18	46	11	17	16	27	7	35	
4	11	2	4	10	43	18	16	6	24	3	41	16	72	19	52	
19	27	11	35	3	24	14	37	5	19	4	17	13	32	0	67	8	41	6	29	18	10	
2	4	15	10	7	71	3	39	0	46	5	7	14	32	18	75	16	20	17	65	12	22	
13	71	8	29	1	70	2	15	14	63	15	66	
19	61	18	48	13	60	15	53	17	12	5	18	14	59	12	8	0	23	
15	74	18	68	13	61	8	49	9	22	6	34	
17	30	19	69	12	63	8	41	0	8	18	10	1	6	
9	42	8	33	19	11	4	34	18	21	10	48	5	65	11	44	16	47	17	23	0	60	12	49	
7	73	4	12	18	62	17	18	2	60	3	11	5	51	10	68	9	49	19	57	13	10	15	13	
5	30	1	68	6	11	2	48	11	46	10	74	18	51	15	15	4	62	12	36	13	43	0	71	
6	10	14	75	16	30	13	58	8	8	15	18	19	48	
2	12	12	73	3	41	0	54	6	32	4	17	1	64	10	56	
0	40	10	28	3	29	18	46	12	56	1	34	17	65	4	10	8	50	5	43	9	25	14	66	
17	27	5	24	13	34	15	64	4	63	18	65	12	33	19	62	16	10	7	3	8	50	
15	26	19	44	6	45	11	60	4	14	8	74	0	61	9	65	
7	12	6	50	14	30	15	66	9	74	0	27	19	43	10	51	17	57	12	21	
2	11	19	38	5	39	6	66	17	58	3	75	16	28	
10	30	13	53	7	45	12	48	11	14	9	59	
0	5	9	72	3	24	6	26	14	14	5	44	1	47	2	48	15	69	4	45	16	35	
13	62	11	63	4	45	7	52	15	33	8	41	12	14	10	57	
0	9	10	13	18	35	19	39	1	2	5	46	6	51	14	27	2	71	11	21	9	41	8	42	
14	9	4	2	5	31	16	25	11	30	7	58	0	54	
2	27	14	31	15	38	7	59	3	48	6	71	9	55	
4	61	12	22	14	62	15	23	11	55	19	69	3	72	9	42	2	47	
16	62	0	20	2	16	11	56	6	72	1	28	19	59	10	19	8	64	
17	38	2	35	6	59	12	30	18	52	8	60	
0	15	9	4	2	66	7	17	10	42	5	57	1	41	4	27	16	38	
15	54	6	61	0	19	8	40	3	67	16	44	
12	14	0	3	9	24	15	8	16	72	19	33	14	60	8	57	3	7	1	40	13	51	2	73	
16	74	17	47	10	73	6	61	1	4	4	54	2	46	0	67	13	34	
13	22	6	12	1	24	11	21	17	44	14	65	5	32	10	17	18	30	
6	50	1	68	8	65	16	7	3	45	17	59	
15	56	10	53	19	2	4	23	9	57	13	67	7	49	1	20	
15	3	11	31	5	28	4	9	19	14	
5	33	4	50	6	7	12	48	17	35	9	71	
7	70	10	53	4	59	13	1	0	7	19	4	3	65	8	19	2	26	
8	58	10	21	19	2	18	31	0	73	1	44	15	45	12	69	2	33	3	27	
14	9	11	71	19	15	16	54	15	26	8	7	13	12	9	5	7	36	1	35	12	66	
7	51	4	5	2	22	5	58	0	43	16	3	3	66	19	6	15	44	11	30	1	38	6	75	
14	13	2	58	15	8	18	62	8	10	19	27	0	20	
2	74	11	8	13	27	9	50	16	57	4	6	15	36	3	45	17	71	8	62	5	4	19	43	
2	56	19	1	3	66	13	3	5	46	11	35	7	48	
14	51	1	38	0	58	12	26	8	43	
4	15	3	50	6	70	0	22	19	74	9	47	11	57	13	28	17	4	10	63	
6	45	1	61	0	27	13	39	8	48	16	70	5	36	2	53	14	55	
0	24	17	62	3	22	6	8	2	26	
0	28	3	49	16	5	12	22	8	2	5	72	4	65	
14	48	18	65	2	6	9	19	12	30	13	5	15	16	6	33	7	18	
4	7	13	6	8	11	17	15	16	71	12	67	2	19	18	3	9	17	1	60	
3	33	9	74	7	4	19	27	11	65	
7	70	12	8	6	27	17	49	2	73	
9	23	0	60	12	69	6	18	18	42	19	29	10	75	
3	21	13	66	12	69	11	18	6	8	18	32	9	12	14	63	1	35	
17	74	14	37	2	2	0	42	16	52	3	26	13	4	1	69	11	72	
12	53	13	57	18	35	19	27	7	10	4	32	14	17	2	11	
14	41	19	11	18	27	9	23	11	62	2	28	6	13	0	55	5	50	10	16	1	21	
0	25	6	17	11	9	14	70	5	29	
0	48	7	68	11	3	5	27	3	7	13	40	19	72	6	6	18	45	4	17	2	32	
13	35	14	6	1	53	8	67	9	2	15	70	11	57	
16	13	0	71	3	50	12	29	18	21	6	1	7	54	10	51	11	75	
18	60	3	29	10	75	12	11	1	71	
5	67	4	26	18	49	10	7	19	15	
14	22	6	9	10	40	17	66	3	13	18	59	15	56	9	23	7	71	5	57	8	60	12	46	
12	7	15	51	11	2	3	11	0	24	9	22	6	27	18	44	14	37	
14	45	19	66	0	1	9	53	5	71	13	22	6	18	16	61	
10	66	18	13	16	60	1	49	2	46	13	25	14	22	0	9	8	56	3	33	9	68	
4	59	5	56	13	37	15	47	6	5	7	54	12	17	16	65	8	75	
13	2	6	36	0	20	5	24	16	47	10	68	
18	39	12	4	13	51	7	8	16	16	1	53	11	68	15	17	19	74	4	38	6	7	5	6	
16	38	9	26	6	66	4	29	15	44	1	22	7	34	0	14	19	60	11	5	14	59	
9	69	1	43	16	16	15	63	17	6	8	46	0	31	18	47	2	68	5	13	
17	47	10	13	4	2	5	57	9	28	12	23	0	35	16	75	18	18	14	48	
5	21	11	45	0	36	17	74	6	1	4	71	

All component type numbers for each job to be processed by MFPM
4	1	1	8	3	2	7	11	
0	39	3	27	5	38	
2	12	0	18	
9	40	
8	19	2	21	
2	30	5	42	8	34	4	39	6	37	
9	6	3	20	
8	27	
8	18	9	8	
8	44	
8	11	1	15	
7	31	9	50	
6	6	
9	26	8	42	1	36	
4	12	
2	32	7	47	6	44	3	39	1	38	
6	22	5	11	
8	36	0	26	6	29	1	31	7	47	
5	24	9	9	0	7	7	17	4	21	
2	28	
4	23	2	16	8	12	9	6	3	11	
4	50	6	31	
8	17	
2	43	
2	5	
0	47	5	36	3	31	9	37	
4	20	8	11	9	13	5	9	2	4	
2	38	7	40	8	34	
7	12	6	15	0	17	1	13	
4	44	9	26	
1	20	7	13	
5	50	4	33	9	31	
0	16	5	5	4	7	3	13	
7	50	5	34	1	26	4	41	8	44	
9	20	2	11	1	22	
9	44	7	31	0	43	
5	17	7	18	9	11	1	13	
4	39	
5	4	4	10	9	14	6	15	7	7	
7	50	1	42	2	30	8	38	5	26	
4	2	5	5	3	22	8	7	
7	27	8	29	3	26	4	46	1	42	
9	1	
3	38	6	31	
3	10	6	14	8	25	
9	46	2	37	1	27	7	35	5	47	
1	19	4	18	3	24	2	15	9	11	
6	39	7	32	4	33	3	46	
9	13	4	1	0	17	5	25	6	15	
2	44	4	35	3	49	
6	6	7	5	5	13	
4	48	
5	14	3	3	
5	42	1	32	0	36	7	40	4	41	
7	18	2	19	3	9	
0	47	4	28	1	50	5	36	
3	19	8	8	7	17	
5	26	
7	21	
7	41	5	49	
9	8	3	1	5	15	1	5	
1	28	5	26	
9	19	5	9	
6	48	3	39	
8	14	1	2	3	9	6	19	5	5	
3	34	4	49	8	30	9	43	6	47	
2	20	7	15	0	4	5	1	9	17	
0	37	5	40	1	36	
0	7	9	13	6	5	1	15	
9	45	
0	5	1	12	7	17	5	9	6	15	
7	39	9	47	8	42	0	27	3	38	
7	14	0	17	4	18	2	2	1	13	
3	29	5	28	2	47	1	39	
1	21	0	3	9	12	
7	35	4	47	5	45	
0	22	9	20	
2	39	8	34	5	32	
0	1	8	13	5	20	
9	34	0	43	3	42	8	28	6	45	
1	16	4	17	2	24	
0	39	3	32	1	40	2	31	7	34	
1	16	3	5	5	9	
7	45	0	37	5	43	9	32	4	33	
0	18	
3	47	0	38	
7	8	3	6	0	19	2	23	6	9	
2	40	3	36	7	38	
9	2	2	23	7	12	
7	30	
3	10	2	4	4	17	5	16	7	25	
5	35	9	31	0	48	
9	3	6	10	7	2	
6	26	3	37	0	42	4	41	
7	19	5	1	6	4	9	5	
8	33	3	34	9	31	
5	22	3	1	
9	45	6	28	0	26	
6	22	8	11	
7	31	6	43	2	27	
3	23	0	15	4	4	
3	29	
5	7	7	25	1	21	
1	36	6	43	2	44	
5	13	2	14	7	21	
6	41	7	37	
6	14	
2	45	6	34	4	32	7	30	
5	23	1	21	8	20	0	4	
5	38	8	31	7	41	
3	7	2	9	0	19	6	3	
3	30	5	36	1	44	
8	25	9	17	
2	42	0	26	7	41	9	43	4	44	
0	4	6	22	
0	38	4	37	7	33	6	32	
5	8	
1	49	0	46	7	26	
5	18	3	14	1	8	
5	39	4	42	
3	15	7	8	0	20	4	5	9	17	
2	27	7	44	6	46	
1	4	4	19	0	17	2	3	
6	40	
1	15	9	19	6	1	
3	46	5	47	
8	8	9	5	
4	44	3	42	9	32	2	31	1	27	
3	2	7	9	
8	32	1	26	
7	18	
3	29	2	47	8	35	7	42	6	40	
7	6	0	2	4	9	6	19	
7	28	
1	2	7	10	0	9	9	8	3	17	
6	31	0	35	3	28	
7	12	1	1	3	13	5	23	
2	42	1	31	3	43	6	49	
7	23	4	5	2	9	9	10	8	22	
4	35	8	48	7	42	9	50	2	44	
4	15	3	17	
0	50	5	46	
7	10	0	1	2	6	
8	34	
1	19	7	9	0	16	
2	41	1	27	6	45	5	40	4	36	
4	11	1	20	
7	33	9	31	
7	6	3	11	9	13	5	10	
1	33	5	34	8	45	7	50	
2	17	
9	36	
3	21	
5	36	6	35	9	43	0	45	
5	7	1	23	2	10	0	22	
1	44	5	27	4	35	6	26	9	33	
8	2	0	12	2	15	1	16	
8	33	
7	22	5	20	8	16	
8	43	4	26	
8	21	3	8	4	9	2	24	0	3	
0	45	
8	20	7	24	5	15	
4	37	8	43	5	32	
1	11	
4	35	5	43	7	45	
8	13	2	9	9	16	
2	38	
6	25	9	14	
3	46	4	44	7	35	6	29	
7	12	5	20	2	24	6	19	
2	33	0	45	7	31	
2	18	
4	32	3	39	9	36	5	43	2	26	
1	21	5	16	
8	37	2	50	3	46	7	32	0	43	
3	18	6	9	5	1	0	25	2	7	
4	28	7	41	
4	14	9	15	
6	48	4	50	1	31	3	40	
6	17	
3	45	0	28	4	37	6	35	
3	6	2	19	1	16	6	8	
8	44	6	28	3	32	
1	2	7	24	9	20	0	12	
7	41	5	50	1	36	
6	18	
5	35	7	30	8	26	1	32	
0	6	6	4	5	3	
8	37	
1	10	7	14	9	9	
7	45	3	44	4	37	5	43	6	29	
5	25	
9	44	7	48	0	49	2	33	
1	12	9	7	7	20	6	10	
4	39	
5	1	2	6	0	11	9	9	6	12	
0	41	1	44	9	27	6	29	
6	23	8	11	3	21	
2	29	
5	14	
1	27	2	41	0	47	
4	21	0	12	
1	47	7	33	6	35	4	28	5	40	
9	12	2	18	
1	47	8	42	3	35	
7	22	1	19	8	12	2	1	
1	32	2	27	7	36	0	49	
1	16	
3	26	
6	25	
6	47	3	29	
6	10	5	1	9	7	0	12	
0	49	8	43	6	41	5	45	
4	14	6	7	
2	31	5	27	
4	17	2	16	3	12	5	22	9	18	
7	36	5	45	2	43	6	39	
0	10	
2	34	6	27	5	26	
5	21	
8	31	0	32	4	27	
4	24	2	8	0	20	
1	28	6	27	
7	20	6	17	
4	38	5	33	0	31	6	47	
0	22	5	11	3	20	2	15	
2	32	8	43	9	28	
0	15	8	20	3	17	2	21	
1	28	3	40	7	36	
5	8	3	9	0	16	7	24	1	4	
7	38	8	35	2	39	3	30	
7	22	
5	47	2	29	7	27	3	31	0	40	
8	23	6	12	5	11	0	2	7	5	
1	33	4	47	8	27	
1	25	2	1	5	5	7	22	8	2	
3	39	2	30	0	48	9	31	
7	24	3	23	1	4	
5	46	0	44	2	49	9	32	3	39	
4	18	3	10	5	25	8	16	2	13	
9	50	1	43	
5	19	6	22	
5	40	3	45	1	27	8	36	
0	13	5	18	6	6	4	11	8	5	
3	49	
2	21	5	2	6	25	
4	42	6	28	7	29	
6	13	1	4	9	17	3	19	
5	26	8	37	0	50	2	36	
8	21	1	23	
2	26	
8	16	1	11	7	3	3	7	4	13	
4	35	5	43	8	45	
1	20	5	14	7	5	4	10	
0	47	9	27	4	43	
1	25	
0	46	9	35	
1	12	8	24	4	25	
6	37	
9	22	0	15	4	3	
4	47	
3	16	9	4	8	7	2	20	
0	36	4	43	
8	16	
1	28	
5	16	8	14	
8	30	5	41	2	28	
8	12	3	7	
2	39	7	30	3	28	8	49	0	37	
4	1	7	18	
7	46	5	36	4	40	
5	9	0	4	8	12	
8	26	3	27	5	35	
8	14	2	6	7	7	3	21	
7	44	9	41	0	37	
8	10	6	18	5	15	3	12	4	11	
0	30	5	29	
5	9	9	21	
4	50	8	36	
3	11	4	15	1	20	
1	49	7	26	
3	2	6	6	0	24	
9	47	4	48	8	45	0	27	7	31	
0	16	9	2	
3	30	1	44	2	48	6	36	
4	7	9	12	
7	27	6	33	5	34	2	31	1	44	
4	15	
3	50	8	48	0	40	9	46	
5	4	1	23	3	9	7	17	
8	39	
6	10	9	8	
9	34	
5	24	0	15	
4	35	
6	25	1	1	
9	28	5	42	8	26	
2	4	7	6	9	1	
8	37	

Three processing times per job on each machine
The best scenario
341	558	154	
45	130	61	
503	267	610	
739	669	1134	
829	756	706	
290	452	132	
717	725	478	
361	438	179	
255	910	663	
1346	1032	813	
714	542	889	
42	146	47	
289	286	1105	
298	260	699	
51	287	133	
508	311	465	
450	339	547	
60	235	204	
94	214	255	
155	64	180	
180	97	251	
392	635	286	
392	185	514	
353	152	306	
468	268	296	
598	187	572	
248	256	268	
1233	858	567	
529	660	838	
296	272	595	
270	162	253	
171	203	374	
37	136	151	
207	390	729	
145	49	57	
635	689	347	
314	662	393	
255	136	82	
444	385	564	
67	120	110	
301	101	326	
99	248	153	
821	365	534	
500	268	785	
658	244	334	
474	374	192	
334	257	221	
123	227	51	
87	285	187	
369	219	153	
499	448	389	
88	37	111	
504	550	565	
141	165	417	
657	1130	484	
100	361	260	
260	126	91	
42	49	61	
343	220	223	
891	216	1026	
105	131	93	
433	1006	514	
385	439	237	
299	389	724	
190	133	513	
497	348	354	
122	563	322	
177	262	96	
220	117	238	
552	282	327	
837	641	672	
733	620	908	
267	165	274	
1054	488	642	
541	1191	796	
862	405	415	
387	910	536	
964	818	813	
622	330	712	
505	186	447	
133	129	438	
115	140	120	
457	155	318	
800	940	258	
196	125	101	
116	97	52	
304	384	771	
469	299	385	
491	388	394	
162	238	187	
412	382	377	
204	399	292	
631	417	333	
278	194	473	
160	551	190	
469	377	174	
121	269	435	
441	464	656	
846	276	589	
208	320	161	
392	415	408	
718	740	1252	
243	237	174	
286	143	380	
660	870	806	
112	143	138	
412	643	436	
370	548	835	
204	329	657	
135	476	288	
405	1055	843	
323	222	214	
572	294	516	
810	741	771	
163	48	147	
386	364	349	
143	194	71	
386	184	123	
125	253	100	
471	968	528	
89	225	294	
318	189	181	
129	267	250	
52	90	85	
246	496	667	
60	155	147	
426	536	636	
434	465	814	
54	85	98	
191	225	181	
298	373	211	
81	180	56	
470	322	766	
171	223	196	
96	38	55	
464	509	199	
681	416	415	
96	76	149	
114	76	269	
135	41	136	
728	315	694	
834	980	671	
789	554	775	
605	290	137	
846	679	348	
446	357	248	
342	259	155	
96	133	127	
291	331	366	
735	670	589	
Most likely scenario
674	676	272	
72	223	69	
902	453	970	
934	715	1150	
1051	966	959	
437	511	237	
735	780	884	
499	463	355	
396	1071	728	
1350	1273	972	
921	725	979	
71	243	82	
419	419	1272	
579	383	872	
89	310	217	
869	361	530	
472	383	691	
83	266	289	
131	243	272	
261	69	238	
187	152	277	
539	908	408	
505	290	767	
539	219	455	
559	285	519	
1086	363	931	
361	288	376	
1277	1181	1093	
656	663	846	
567	403	598	
372	204	284	
288	291	404	
60	222	154	
317	446	791	
158	98	81	
1124	735	499	
627	680	656	
274	177	108	
839	650	689	
100	235	160	
413	142	405	
144	284	187	
1143	478	723	
866	286	983	
1083	451	474	
502	706	195	
577	371	304	
194	243	93	
127	325	334	
395	356	290	
699	682	647	
141	52	143	
557	1043	671	
228	171	603	
785	1183	587	
178	425	281	
265	200	121	
64	67	95	
365	284	278	
1047	317	1139	
159	132	144	
747	1213	642	
654	812	443	
558	701	743	
238	262	533	
823	362	647	
210	666	327	
354	316	125	
246	124	330	
687	317	347	
880	1053	732	
1031	1223	1228	
467	192	511	
1371	672	1220	
817	1304	1249	
1014	598	506	
389	966	670	
1139	1188	1161	
650	492	1380	
713	236	654	
175	234	586	
121	204	147	
594	209	562	
956	1012	508	
266	211	132	
137	98	75	
374	667	815	
621	424	540	
606	588	559	
204	276	238	
499	643	554	
385	463	310	
1130	429	556	
363	279	748	
298	570	279	
573	669	215	
192	467	486	
523	553	954	
1120	331	953	
416	436	219	
476	670	424	
1314	1053	1410	
286	265	343	
296	225	420	
690	1336	873	
162	145	211	
470	1125	702	
671	1060	872	
383	428	658	
230	592	535	
643	1056	1123	
331	263	217	
578	326	640	
972	866	835	
164	82	171	
705	691	469	
165	235	103	
685	246	189	
232	296	140	
639	1005	708	
157	230	308	
427	249	218	
168	432	418	
80	169	117	
426	909	846	
99	158	175	
548	673	685	
863	647	921	
104	107	101	
369	337	249	
356	497	342	
160	184	66	
745	336	1244	
264	348	255	
158	73	79	
673	560	258	
785	717	666	
158	150	240	
205	139	304	
140	73	143	
834	394	766	
972	1138	889	
912	1107	1089	
664	402	268	
847	1089	664	
521	538	470	
588	472	237	
129	136	143	
392	420	385	
1273	685	680	
The worst scenario
753	801	373	
82	250	84	
916	520	1334	
1016	944	1448	
1515	1084	1032	
626	525	348	
884	806	1153	
702	495	375	
457	1146	874	
1904	1828	1359	
1021	869	1349	
96	300	105	
613	496	1386	
623	527	1011	
91	343	302	
1108	446	613	
656	563	849	
121	360	371	
150	312	309	
328	89	355	
271	153	403	
599	1038	548	
735	320	1116	
793	307	529	
822	395	681	
1199	532	1095	
379	405	387	
1659	1632	1250	
755	777	1231	
570	421	893	
492	244	329	
310	407	547	
65	286	176	
357	519	1137	
161	101	121	
1613	928	683	
735	926	896	
361	226	111	
1223	915	760	
106	268	163	
456	207	430	
174	343	212	
1189	667	964	
1063	292	1458	
1263	574	485	
717	1057	234	
597	482	329	
221	274	125	
175	402	415	
429	398	368	
986	692	951	
192	74	165	
614	1521	878	
237	233	740	
1047	1306	702	
193	445	293	
285	275	179	
87	72	97	
367	313	282	
1351	467	1474	
160	169	183	
880	1264	689	
726	1055	502	
722	905	820	
321	352	746	
989	411	912	
314	919	433	
381	349	131	
346	139	474	
829	420	514	
939	1055	776	
1359	1375	1323	
554	221	765	
1709	882	1760	
939	1922	1600	
1458	727	677	
478	1172	973	
1415	1781	1508	
792	589	1879	
767	276	696	
218	350	613	
164	262	189	
742	221	658	
1231	1200	636	
309	235	154	
151	144	98	
529	793	1209	
841	612	692	
689	840	785	
239	285	340	
540	793	753	
507	533	459	
1380	542	822	
471	338	780	
379	724	394	
849	725	317	
224	690	561	
524	666	1348	
1619	440	1322	
512	625	233	
710	850	425	
1672	1293	1840	
333	284	459	
372	296	548	
953	1347	1158	
169	168	269	
642	1671	820	
978	1370	931	
525	523	907	
278	853	742	
958	1115	1514	
368	333	315	
591	385	717	
1275	872	1207	
169	103	182	
729	961	636	
239	309	137	
909	296	256	
246	432	181	
670	1248	992	
224	264	363	
458	343	266	
197	472	550	
97	199	162	
632	952	1028	
128	206	244	
703	815	1022	
896	889	1258	
128	109	116	
455	475	323	
495	620	485	
206	189	69	
951	474	1761	
354	463	363	
185	79	84	
784	809	307	
1016	1063	913	
186	171	243	
286	188	424	
157	77	198	
874	566	949	
1397	1218	1243	
1325	1213	1379	
939	536	279	
1222	1260	950	
651	757	534	
802	588	299	
144	190	181	
425	608	434	
1810	998	1012	
