Factories	2	Jobs	200	Machines	2

Total number of component types per job processed by HSPM
10	8	5	11	9	11	12	8	6	8	9	11	12	7	6	12	6	8	7	12	12	9	9	5	9	5	12	8	10	6	8	6	9	12	7	9	11	6	10	12	6	8	6	8	7	6	8	8	12	8	7	7	5	6	9	9	8	6	9	7	6	12	7	7	8	9	8	12	5	7	7	9	8	11	12	12	6	12	12	8	5	12	10	11	12	12	5	10	6	5	9	10	8	12	10	9	6	6	7	11	9	5	11	9	12	9	10	7	7	10	10	5	11	12	7	9	6	12	12	10	10	11	6	8	10	9	11	10	12	12	12	8	5	8	7	11	9	9	8	9	10	7	8	5	12	9	6	7	6	6	6	8	11	7	7	8	10	9	10	12	10	10	7	10	10	10	10	6	8	12	6	10	9	12	8	10	9	11	8	6	11	9	12	11	10	10	5	12	9	5	5	5	8	9	9	9	8	8	12	12	

Total number of component types per job processed by MFPM
5	3	3	2	5	3	2	2	2	3	3	3	5	3	1	3	1	2	4	1	4	1	5	3	1	1	2	5	3	2	5	4	4	1	3	4	2	2	5	5	3	3	2	5	2	2	2	5	4	5	3	3	5	5	5	1	2	4	2	3	2	4	4	2	5	4	2	5	4	5	2	2	1	4	3	5	3	3	5	3	2	1	3	2	5	5	3	1	1	5	3	4	2	2	3	5	1	4	1	2	3	5	4	1	4	3	3	2	2	5	2	1	4	1	3	3	5	2	3	4	2	3	4	5	2	2	4	4	4	5	4	2	5	3	5	5	4	4	5	5	1	5	5	2	3	3	5	4	3	1	1	4	4	3	4	3	1	2	5	4	2	5	4	2	3	3	1	1	5	2	1	5	1	1	3	2	4	4	1	5	1	4	4	4	2	1	2	2	1	3	2	2	3	3	3	4	4	1	2	1	

All component type numbers for each job to be processed by HSPM
11	18	2	48	7	47	13	2	14	61	8	66	19	58	15	16	10	33	1	31	
5	25	13	47	3	57	8	54	18	71	0	18	12	55	1	62	
18	49	8	45	19	48	11	41	17	74	
14	22	5	66	11	41	12	69	15	39	17	17	8	57	10	23	18	2	7	25	2	9	
11	67	13	29	12	14	3	46	1	4	6	35	9	47	18	42	15	74	
5	30	19	20	0	74	10	43	4	8	11	55	14	4	13	14	7	35	18	71	3	10	
14	74	11	5	2	39	6	58	0	9	16	23	18	67	5	46	9	7	10	60	17	49	3	44	
3	21	2	7	1	55	16	58	15	17	9	33	0	57	13	75	
12	24	2	49	6	20	15	29	17	34	8	16	
13	66	7	2	16	72	11	38	5	44	12	47	3	67	1	7	
10	18	8	61	19	34	14	45	2	33	0	39	7	14	1	41	15	3	
6	5	16	12	1	39	13	38	3	13	8	19	12	64	7	43	15	53	2	29	18	59	
10	38	16	68	0	21	2	50	18	54	8	18	6	33	11	51	12	69	14	32	7	65	4	53	
15	65	0	10	8	44	4	6	11	58	3	20	18	4	
4	15	5	48	7	75	8	19	3	52	16	42	
19	58	0	69	3	42	7	4	11	54	16	74	1	26	5	44	17	34	8	38	4	60	2	41	
14	45	12	33	5	9	16	17	2	6	19	35	
8	67	15	39	17	49	10	26	2	14	5	75	7	11	13	17	
6	67	18	1	1	64	3	24	0	6	13	12	17	15	
11	44	8	15	9	74	14	51	1	11	3	55	5	54	13	37	0	1	7	47	2	30	16	49	
14	73	8	58	4	28	1	24	12	4	9	19	18	13	3	17	0	8	15	37	13	49	10	43	
5	14	16	24	1	20	2	72	0	36	15	60	14	62	10	67	17	55	
17	68	10	11	16	22	12	63	9	23	14	8	3	17	6	12	8	70	
10	22	12	59	15	67	3	15	0	37	
14	41	7	48	9	23	4	15	1	24	3	9	16	56	19	65	13	63	
5	33	12	38	7	10	8	19	4	45	
0	66	5	13	2	8	7	36	17	9	6	37	16	27	3	61	8	48	15	43	4	71	9	25	
7	10	19	57	0	4	16	31	3	24	12	66	8	20	6	22	
6	43	3	25	10	74	17	1	11	51	15	35	0	64	18	37	5	22	9	39	
13	38	5	24	17	48	16	1	11	7	14	3	
4	10	11	44	13	58	2	57	9	16	0	21	3	36	19	28	
6	74	13	72	0	16	5	45	19	4	18	56	
12	51	10	34	11	75	15	68	7	25	6	54	17	33	3	47	0	48	
8	10	11	13	9	74	15	33	5	2	1	15	3	12	10	6	16	20	14	43	19	64	12	57	
18	14	10	45	13	57	6	70	14	23	9	61	11	75	
5	49	0	62	10	45	7	23	4	69	19	26	3	6	1	66	12	32	
4	28	13	19	5	70	0	42	17	58	11	23	7	49	3	4	15	60	8	29	14	56	
3	8	17	28	5	17	11	58	10	9	1	49	
6	35	15	16	9	41	18	74	4	70	11	32	7	22	14	31	8	40	2	14	
2	16	11	21	19	57	14	58	9	33	4	74	12	37	3	71	16	54	7	10	17	43	0	63	
4	37	2	40	3	47	17	24	5	35	19	54	
16	14	7	63	19	68	13	29	6	36	1	48	11	12	14	39	
4	68	14	23	18	65	0	15	6	57	5	59	
12	74	8	21	2	32	6	15	19	25	17	10	9	75	18	9	
8	27	18	61	3	58	2	10	13	28	9	13	12	35	
19	10	10	66	12	63	5	27	11	73	15	32	
11	43	17	73	14	19	18	51	1	24	10	8	8	17	12	72	
19	43	4	27	3	71	2	10	11	15	9	56	1	25	5	35	
4	58	11	8	18	27	16	24	5	63	7	23	19	61	1	13	10	26	3	51	0	7	2	2	
2	43	8	72	10	17	17	42	4	31	3	15	11	53	9	29	
13	45	16	8	7	1	19	11	6	70	4	50	1	37	
16	6	14	59	13	43	3	22	12	23	11	51	1	1	
6	46	9	30	13	47	15	70	2	31	
1	56	12	61	7	64	19	19	5	49	15	9	
15	13	13	62	17	3	14	36	19	41	12	33	10	45	1	73	5	8	
12	3	17	26	11	60	18	62	19	64	3	66	13	72	10	40	7	41	
14	22	19	26	3	63	17	69	15	27	6	8	1	46	9	7	
13	57	2	39	5	66	7	64	8	9	19	17	
19	51	9	28	4	1	5	26	8	5	13	67	16	50	3	54	10	24	
10	53	4	55	1	4	2	6	11	19	18	7	15	5	
14	23	17	6	9	65	1	54	12	68	16	8	
15	14	6	2	7	61	13	34	3	30	16	21	10	23	18	59	0	12	5	68	17	17	8	69	
12	40	8	22	5	27	4	17	16	50	17	75	7	72	
16	30	2	13	10	16	9	60	11	26	17	57	18	43	
2	22	18	33	16	57	9	11	12	21	1	15	4	29	0	3	
6	62	13	63	3	50	11	30	9	5	4	17	5	48	8	41	12	29	
10	29	9	56	2	53	14	51	11	73	8	10	15	52	1	15	
13	40	1	45	3	32	17	11	6	24	0	36	18	35	12	52	7	66	14	17	8	34	10	30	
16	18	9	53	3	31	7	25	11	19	
17	65	19	15	13	50	8	34	1	61	2	19	16	70	
7	71	13	72	3	23	1	35	4	41	19	36	15	51	
8	46	1	75	7	36	9	35	4	69	0	51	13	26	17	33	6	34	
19	1	18	18	8	3	5	22	14	64	12	15	2	47	7	61	
0	27	11	7	17	28	3	63	9	3	6	52	12	29	5	31	15	71	14	49	16	54	
7	71	9	20	18	63	4	45	5	47	1	64	6	2	14	46	2	39	10	14	17	28	15	50	
16	3	5	49	0	52	14	63	10	61	15	28	17	48	2	58	13	5	4	67	1	71	9	56	
13	10	11	16	4	14	6	6	14	49	2	12	
16	60	0	71	14	59	8	23	7	26	4	74	17	57	1	27	18	73	9	58	13	8	2	41	
14	55	18	8	5	35	13	71	6	9	9	11	10	56	17	74	2	73	4	41	12	10	16	22	
7	49	12	69	11	14	9	56	6	4	19	1	18	39	15	74	
12	64	4	68	2	50	6	40	17	13	
12	39	5	1	7	29	14	27	15	53	4	55	18	70	2	35	17	8	0	7	6	60	16	48	
18	74	12	4	7	57	5	43	11	40	10	56	9	33	15	8	16	55	13	12	
15	49	12	47	1	38	4	73	10	61	8	72	17	58	19	9	9	2	6	24	13	20	
16	52	1	37	12	45	19	34	2	3	4	40	17	26	0	56	7	58	10	75	9	68	6	60	
4	33	11	35	5	67	9	64	19	43	3	28	18	53	16	47	12	4	10	50	17	11	7	51	
13	64	10	72	3	28	7	32	8	62	
19	64	6	21	12	48	18	10	17	13	8	50	0	47	7	6	10	40	4	73	
12	2	7	29	17	62	9	74	14	47	16	13	
5	64	6	23	1	11	18	33	8	42	
2	36	6	35	7	53	14	6	3	17	0	23	13	30	12	54	17	46	
5	1	6	32	18	4	19	39	17	57	16	22	13	26	14	9	8	33	0	12	
7	47	2	25	17	5	13	26	0	11	3	44	8	56	1	40	
3	1	17	74	1	61	7	43	11	57	19	71	14	16	10	27	6	37	16	26	2	36	13	51	
10	65	8	75	4	72	19	23	15	35	3	12	16	67	13	14	1	28	7	41	
10	60	4	21	12	24	9	37	14	22	3	74	2	9	17	7	6	12	
7	74	6	50	14	17	4	53	8	75	13	42	
12	21	5	26	13	9	1	43	17	72	16	48	
12	58	5	50	3	67	13	43	16	34	10	56	14	57	
16	32	4	1	2	66	5	3	17	38	13	13	15	61	3	29	14	67	6	17	18	42	
16	40	10	67	4	16	12	32	0	63	1	38	5	59	19	52	17	2	
2	47	8	41	1	1	13	28	12	25	
7	40	10	6	1	21	16	50	4	48	11	75	19	19	13	23	12	69	6	33	18	31	
16	60	10	74	2	70	13	53	15	9	4	48	11	41	1	31	5	32	
0	37	3	9	14	38	11	42	5	3	2	73	8	67	9	30	10	68	12	11	13	15	15	43	
3	45	13	17	16	4	11	20	1	65	9	39	14	21	19	43	12	52	
4	33	15	38	6	16	0	11	14	61	3	52	7	60	19	34	18	2	17	74	
5	46	1	72	19	66	9	28	14	25	18	56	4	69	
11	63	16	66	5	71	0	29	18	67	6	6	4	12	
18	60	14	64	11	19	8	32	7	21	19	13	9	34	0	73	10	35	13	17	
8	32	13	29	9	3	17	73	16	21	2	11	3	74	5	72	19	66	14	20	
9	43	1	4	8	13	13	18	6	53	
5	28	19	42	10	56	8	65	17	14	3	31	4	67	18	57	2	12	6	75	0	74	
4	30	11	66	16	27	1	58	2	67	17	12	18	34	15	32	14	55	7	61	8	3	3	31	
13	34	9	59	5	58	8	7	2	28	3	49	17	47	
11	68	10	28	8	39	0	22	7	15	6	37	4	75	2	42	18	17	
16	12	14	30	8	74	15	64	17	1	7	2	
2	32	15	56	1	14	4	66	17	42	11	25	5	72	19	57	12	50	0	11	8	16	14	65	
5	48	9	32	16	22	13	61	14	69	11	16	0	68	19	2	15	58	3	52	8	8	10	11	
1	57	14	46	15	20	11	27	12	1	10	3	16	18	4	58	3	71	2	15	
18	3	16	5	13	28	0	22	7	40	5	11	10	73	15	54	19	60	14	27	
12	45	14	38	19	26	16	56	9	22	2	50	10	60	15	68	4	75	8	72	3	14	
16	70	3	22	9	41	19	36	1	53	18	32	
7	64	5	34	3	3	0	72	15	46	13	28	9	68	11	60	
9	67	19	17	4	60	5	70	17	5	10	75	7	46	18	59	14	71	16	47	
19	68	3	37	0	48	4	75	15	36	18	18	17	27	2	29	1	12	
9	57	7	5	12	33	5	8	4	71	1	30	0	58	13	24	6	61	14	47	18	56	
15	32	13	22	0	71	19	4	3	72	10	26	7	42	6	23	12	25	11	54	
9	4	14	30	6	68	0	49	2	41	17	58	18	40	4	34	1	74	3	36	11	66	15	16	
19	15	1	22	7	44	12	24	15	32	10	73	9	38	18	4	8	60	13	7	17	6	6	53	
4	10	9	32	13	8	5	69	11	38	12	4	15	42	19	14	0	67	1	37	16	23	14	47	
0	39	4	45	8	30	15	37	2	3	11	63	17	14	5	31	
10	59	13	63	3	57	12	43	18	48	
12	56	2	15	1	64	4	16	11	40	18	67	3	34	0	32	
1	23	16	41	7	58	6	36	9	52	10	35	18	26	
0	37	14	13	15	51	1	1	6	7	11	15	16	29	8	35	2	2	12	75	10	24	
17	7	16	36	6	68	18	73	13	47	5	74	7	16	10	56	3	63	
16	23	14	69	19	8	15	28	3	6	9	63	4	37	2	5	8	50	
7	68	2	64	18	62	10	30	14	37	16	26	15	73	3	44	
15	46	2	27	10	43	14	24	7	26	9	38	8	9	17	58	12	29	
6	57	17	62	14	12	3	32	8	51	13	45	4	40	15	48	2	50	19	38	
6	28	8	50	9	37	0	64	18	38	15	61	7	27	
15	48	10	74	11	45	2	57	19	69	12	14	5	52	1	70	
3	51	7	40	2	38	6	5	5	14	
15	29	2	30	10	74	6	28	11	67	8	73	13	15	12	16	9	42	18	11	0	33	19	35	
2	74	5	25	4	20	7	17	16	28	1	3	12	38	3	23	19	15	
5	55	8	64	12	12	10	6	16	33	0	61	
15	39	10	30	14	25	7	71	2	18	1	57	11	26	
8	32	1	68	12	48	5	42	18	60	19	41	
14	58	19	19	13	62	3	16	17	42	12	72	
8	4	11	33	4	37	15	21	0	38	12	55	
13	23	0	49	1	7	8	1	3	4	5	50	14	54	17	27	
14	19	11	45	19	22	5	55	4	15	9	33	7	70	2	47	13	3	16	21	12	69	
6	71	8	63	9	36	4	47	0	40	18	41	7	73	
9	59	14	65	0	62	13	35	3	45	12	26	2	23	
17	73	3	13	16	67	1	22	5	39	0	75	7	28	9	37	
11	24	10	4	6	25	8	32	5	23	2	16	12	42	7	31	4	14	13	55	
2	39	19	71	0	61	5	5	11	50	8	32	17	53	1	72	12	11	
3	32	5	15	9	20	6	8	14	63	13	42	0	34	8	57	17	44	7	59	
11	73	6	56	13	75	18	23	2	37	5	26	15	4	14	58	17	22	1	34	3	44	8	12	
3	16	5	4	1	50	12	46	2	19	14	6	17	48	6	56	7	23	13	38	
1	57	16	39	5	8	8	55	12	16	10	3	18	23	11	12	19	75	6	61	
7	73	17	41	5	33	12	32	0	2	2	25	1	55	
15	4	7	56	1	44	16	52	8	24	6	72	19	68	17	40	2	20	14	31	
7	60	16	14	3	33	14	12	8	32	18	41	5	68	10	52	13	46	19	19	
15	28	0	43	8	59	12	16	10	65	9	47	7	44	1	20	3	71	17	14	
11	55	16	75	1	3	12	25	6	48	14	45	15	42	18	32	0	53	9	17	
12	13	18	32	17	23	10	51	15	62	2	46	
5	41	0	18	8	5	4	51	15	19	2	65	12	64	9	10	
14	41	11	49	9	23	5	44	19	63	3	65	4	59	1	62	6	4	2	48	8	71	18	31	
6	7	3	73	5	6	0	8	11	5	14	61	
6	46	16	7	11	4	0	33	5	73	3	30	7	32	12	63	8	61	14	14	
19	25	7	18	5	43	9	27	2	42	18	65	4	71	11	1	13	20	
10	43	16	39	2	73	5	44	9	60	1	57	4	49	0	8	12	4	18	5	7	52	11	1	
10	45	12	4	6	50	0	67	7	19	19	59	15	13	8	43	
1	12	15	39	19	7	17	34	4	72	12	63	18	40	0	59	5	73	11	42	
14	72	10	53	12	44	0	23	19	42	3	6	7	20	6	65	2	40	
11	19	3	29	13	15	8	11	6	35	19	70	14	68	1	1	9	39	12	59	10	49	
17	4	12	6	7	23	2	21	15	55	4	33	19	14	3	53	
5	58	16	36	12	52	17	37	10	57	19	23	
17	66	16	17	9	23	14	18	15	9	11	14	8	49	2	60	4	3	13	39	7	36	
18	74	16	6	0	72	7	8	1	69	11	10	8	16	17	59	14	24	
18	61	7	11	9	70	15	46	11	28	10	8	12	34	14	31	3	54	6	49	2	18	4	23	
12	39	4	69	0	23	16	40	18	38	6	53	14	9	19	65	11	30	5	24	7	60	
13	55	15	27	3	51	8	14	12	32	0	49	10	70	16	39	17	18	4	16	
15	30	0	69	1	5	9	41	10	23	12	4	6	34	13	36	5	47	8	55	
8	55	5	63	4	7	14	31	0	52	
8	62	3	64	1	3	17	24	4	60	15	12	16	66	14	6	10	25	19	8	2	58	6	53	
18	40	4	61	17	28	10	29	6	54	3	9	1	38	7	69	19	11	
6	52	17	9	15	63	0	27	1	28	
17	52	0	34	3	44	7	13	19	70	
0	66	9	25	10	46	5	15	15	27	
17	23	16	9	19	29	1	58	0	16	18	72	3	8	10	47	
13	33	17	1	14	65	12	54	6	61	4	27	1	68	11	16	3	7	
12	55	6	14	15	68	13	58	18	36	4	21	17	12	1	22	16	38	
9	59	10	32	5	1	18	28	16	31	2	2	15	38	17	66	0	34	
6	34	18	10	13	41	9	53	19	7	12	51	17	22	8	30	
9	57	4	60	16	19	12	61	13	13	3	39	0	54	15	51	
4	74	18	64	11	59	15	37	10	4	13	70	5	58	12	21	2	51	17	43	0	62	16	35	
16	66	2	52	1	58	14	75	10	47	5	1	6	60	3	59	4	45	7	18	15	56	19	23	

All component type numbers for each job to be processed by MFPM
0	2	7	1	5	20	4	7	3	9	
3	23	6	3	7	22	
8	4	4	9	1	25	
6	4	9	1	
7	14	3	9	9	10	1	7	2	6	
9	22	3	23	6	25	
7	6	3	20	
2	6	0	1	
1	10	0	11	
9	8	5	22	1	9	
2	3	3	4	4	17	
2	10	7	7	4	25	
7	12	4	18	9	6	6	25	3	11	
5	12	8	7	2	17	
2	4	
3	20	2	12	4	11	
4	1	
9	19	5	16	
9	15	1	1	6	8	8	18	
3	10	
6	4	5	10	3	16	8	19	
8	18	
2	25	9	8	0	11	7	4	5	24	
8	23	3	2	2	5	
0	5	
8	17	
8	13	6	19	
3	5	7	1	5	20	1	17	4	3	
8	10	1	14	9	21	
5	4	3	13	
1	12	4	5	7	24	8	3	9	19	
0	18	7	23	9	22	5	4	
6	7	7	13	9	15	5	4	
7	18	
8	6	3	3	6	23	
4	19	3	10	0	21	6	15	
4	22	7	3	
9	21	8	24	
8	15	5	10	1	22	3	25	6	21	
1	2	3	15	4	13	5	24	2	16	
5	11	8	7	1	5	
1	8	2	9	7	17	
3	5	5	8	
7	9	1	17	3	21	4	16	0	23	
7	18	1	17	
7	1	4	24	
1	17	6	15	
5	18	7	11	3	23	0	9	2	21	
3	11	6	23	4	7	0	5	
3	20	5	10	8	21	9	6	4	23	
2	11	5	13	4	3	
0	3	9	2	1	11	
0	17	3	21	6	16	2	11	1	24	
7	23	1	20	6	18	2	15	3	22	
4	14	8	15	0	3	9	16	2	12	
1	14	
8	25	2	13	
9	9	7	19	2	24	6	21	
7	21	2	3	
0	3	1	22	4	25	
2	7	4	12	
6	3	1	7	8	12	5	21	
8	23	0	6	5	7	6	5	
5	22	6	9	
1	21	7	7	9	3	5	23	8	17	
5	25	3	19	2	9	6	20	
2	4	7	21	
3	21	7	6	9	1	8	9	4	4	
8	17	9	19	6	10	2	4	
2	10	1	5	7	2	9	16	4	15	
0	16	6	21	
1	1	9	22	
7	2	
1	18	3	11	6	3	8	19	
5	13	9	3	1	23	
5	19	9	13	8	2	0	10	3	20	
3	18	9	25	6	14	
8	15	9	16	0	25	
2	3	1	12	3	5	5	7	6	22	
7	17	3	1	4	6	
0	18	9	8	
4	12	
3	5	0	10	8	1	
3	9	9	10	
5	12	6	8	2	21	0	9	4	22	
8	7	7	24	5	17	9	22	1	9	
8	22	1	5	9	21	
0	5	
8	3	
9	14	2	8	3	10	7	12	8	6	
4	24	6	25	8	9	
0	25	2	10	8	12	3	4	
9	20	2	15	
6	8	4	24	
7	2	9	12	5	1	
1	17	9	19	7	16	8	11	0	7	
4	7	
7	17	8	6	3	1	0	10	
4	7	
0	13	1	5	
0	18	3	24	8	4	
1	23	9	17	4	6	2	24	0	22	
9	5	8	15	3	7	0	25	
7	1	
3	14	6	22	5	25	4	13	
0	5	2	22	6	6	
2	11	5	2	6	19	
7	2	8	25	
4	10	8	2	
6	19	1	5	2	4	8	13	7	8	
1	11	4	25	
3	3	
2	21	0	9	4	20	6	1	
7	3	
7	4	4	15	2	13	
2	5	7	15	1	6	
1	20	5	5	0	3	6	11	7	9	
8	4	6	8	
6	2	7	10	0	13	
0	3	6	8	5	15	4	17	
1	14	0	16	
5	20	0	17	7	12	
5	11	6	8	7	17	8	7	
9	11	2	21	4	22	6	10	3	3	
1	7	6	20	
4	21	0	14	
5	20	4	19	9	12	0	23	
7	1	4	16	1	5	2	7	
6	9	7	1	0	2	4	10	
4	12	2	13	3	3	8	19	9	24	
3	17	4	2	6	7	7	3	
7	12	4	7	
8	22	7	5	3	14	4	8	9	15	
9	7	8	12	4	16	
1	4	7	24	9	15	0	20	8	8	
4	17	5	20	6	2	7	18	1	8	
4	13	1	12	5	18	8	16	
3	15	0	16	6	22	9	17	
4	11	1	16	7	21	8	24	2	14	
0	19	4	12	8	15	3	17	9	25	
6	19	
2	3	5	9	8	12	6	21	0	8	
7	11	5	9	1	14	0	25	3	20	
4	12	6	13	
9	17	8	6	5	22	
5	17	8	7	1	10	
5	12	1	15	3	25	2	22	6	23	
0	20	3	12	7	1	8	14	
8	12	4	4	2	22	
0	7	
8	1	
3	4	7	20	1	24	9	22	
2	14	9	20	1	2	8	8	
7	9	6	8	1	18	
8	19	9	22	2	15	5	20	
7	5	1	4	3	24	
9	7	
2	13	7	25	
4	20	3	1	6	24	1	4	9	10	
9	10	5	1	8	2	1	25	
2	20	3	14	
8	7	1	17	0	18	5	3	2	19	
4	4	8	23	5	11	1	8	
8	3	0	12	
0	23	3	25	9	9	
3	14	4	1	2	21	
5	23	
6	10	
6	19	5	15	9	12	3	4	2	16	
2	5	5	20	
2	21	
3	2	2	5	7	8	8	15	4	23	
9	13	
4	22	
2	18	3	8	7	19	
7	16	9	22	
7	12	6	3	8	5	5	19	
8	22	4	17	7	24	2	25	
4	16	
2	6	7	7	1	14	3	22	6	15	
2	4	
3	5	4	6	0	2	7	16	
5	13	9	22	2	12	7	15	
9	17	4	11	1	9	5	6	
6	14	9	19	
4	20	
0	3	5	8	
9	10	3	6	
3	11	
3	7	9	13	0	1	
6	8	2	1	
0	13	4	18	
0	23	5	24	1	2	
2	6	1	17	8	16	
6	22	9	18	0	1	
4	20	0	13	5	23	9	9	
2	3	0	15	1	1	6	20	
6	24	
5	24	6	15	
4	12	

Three processing times per job on each machine
The best scenario
186	152	
68	76	
78	124	
103	260	
309	145	
68	173	
48	46	
293	290	
106	268	
150	140	
28	41	
385	153	
9	34	
82	258	
277	328	
406	388	
63	48	
334	266	
30	32	
72	153	
154	455	
220	134	
202	171	
311	411	
224	264	
134	99	
225	127	
187	208	
121	61	
123	276	
414	319	
407	124	
94	81	
59	146	
130	134	
60	179	
226	127	
35	87	
160	137	
134	247	
149	257	
44	30	
189	194	
86	82	
242	280	
298	258	
53	128	
60	114	
181	68	
41	78	
106	135	
53	37	
306	214	
171	197	
14	50	
71	58	
152	230	
49	54	
90	268	
83	64	
174	61	
87	59	
113	92	
291	220	
142	86	
55	118	
39	115	
536	193	
111	402	
174	244	
337	174	
98	168	
76	92	
409	295	
80	38	
156	367	
149	173	
90	128	
80	73	
31	57	
351	221	
136	106	
241	268	
272	268	
77	79	
147	106	
316	246	
61	71	
113	28	
125	108	
355	369	
77	58	
92	66	
51	42	
97	163	
357	119	
52	120	
110	118	
129	397	
233	351	
232	187	
136	62	
314	182	
413	129	
66	115	
108	258	
20	42	
91	75	
178	180	
257	148	
217	200	
38	53	
58	150	
281	254	
114	149	
169	307	
491	378	
80	27	
444	236	
531	222	
125	244	
180	83	
177	160	
232	328	
119	49	
85	152	
369	407	
318	387	
176	133	
124	86	
59	39	
228	149	
303	228	
26	28	
21	45	
194	308	
73	15	
206	77	
498	339	
154	111	
204	346	
188	390	
63	137	
187	145	
87	62	
180	217	
195	90	
255	125	
223	174	
284	283	
61	107	
123	86	
241	156	
248	378	
94	320	
179	237	
178	100	
307	149	
329	126	
99	122	
155	104	
85	123	
132	90	
75	187	
30	80	
88	242	
294	247	
53	28	
194	162	
32	66	
154	178	
283	273	
165	250	
165	156	
153	132	
161	106	
309	463	
166	54	
26	16	
259	144	
320	227	
54	41	
113	209	
72	134	
50	58	
24	10	
287	322	
162	301	
501	119	
47	227	
71	150	
329	274	
87	31	
71	74	
28	45	
49	26	
94	150	
207	188	
51	15	
160	92	
Most likely scenario
372	169	
101	107	
86	163	
176	269	
375	255	
127	175	
81	89	
429	302	
129	325	
218	156	
41	59	
471	193	
16	40	
121	259	
426	487	
492	396	
85	65	
354	286	
49	63	
112	171	
205	459	
377	140	
284	324	
326	440	
345	467	
146	146	
374	197	
319	333	
123	67	
163	454	
432	390	
440	141	
153	128	
82	222	
233	137	
95	190	
298	252	
64	89	
250	139	
183	330	
206	273	
73	36	
212	241	
88	128	
260	330	
394	425	
76	146	
93	132	
225	72	
73	80	
124	206	
79	55	
364	237	
248	377	
27	61	
92	61	
218	234	
69	83	
96	283	
97	91	
176	112	
168	116	
153	137	
381	439	
178	140	
86	145	
75	127	
564	380	
136	501	
208	476	
429	312	
175	188	
79	97	
434	462	
85	46	
189	413	
156	210	
157	153	
98	83	
56	65	
400	355	
243	110	
477	371	
300	410	
150	107	
171	195	
380	312	
117	109	
121	50	
197	153	
397	436	
79	60	
122	130	
52	49	
144	234	
555	194	
60	123	
176	228	
169	434	
283	389	
320	233	
264	111	
418	328	
510	175	
90	125	
184	318	
32	54	
120	105	
197	284	
379	157	
238	202	
57	76	
89	184	
401	329	
173	232	
234	440	
562	540	
86	47	
519	335	
532	284	
175	352	
190	98	
209	214	
392	435	
135	56	
116	173	
447	437	
385	526	
239	163	
225	135	
75	41	
403	169	
430	292	
43	56	
42	76	
300	425	
81	22	
254	89	
516	376	
213	208	
290	425	
338	419	
107	243	
210	232	
141	74	
261	291	
374	119	
326	139	
361	345	
301	303	
111	131	
126	111	
313	180	
300	472	
150	346	
245	454	
330	101	
371	239	
331	141	
183	228	
156	150	
122	155	
225	150	
93	328	
59	144	
128	282	
354	433	
64	36	
365	291	
54	77	
188	271	
336	302	
299	406	
199	192	
221	178	
257	163	
580	560	
184	101	
28	21	
428	195	
473	271	
61	49	
137	218	
122	174	
95	101	
36	17	
302	497	
165	357	
516	234	
81	249	
84	179	
379	384	
103	56	
117	122	
50	79	
80	41	
102	266	
236	189	
56	21	
298	141	
The worst scenario
406	241	
150	122	
90	218	
201	350	
445	360	
138	214	
104	102	
546	403	
182	342	
255	191	
45	67	
694	289	
20	52	
157	294	
490	679	
568	528	
108	69	
525	329	
51	77	
147	199	
265	570	
503	196	
291	330	
466	636	
371	690	
194	150	
506	273	
329	400	
132	71	
170	530	
547	518	
470	161	
225	176	
100	310	
235	204	
112	253	
393	310	
68	121	
323	140	
235	424	
240	300	
76	44	
225	246	
130	181	
305	430	
587	526	
78	205	
115	172	
314	105	
74	109	
134	247	
112	68	
437	346	
316	391	
29	84	
126	66	
251	266	
93	104	
129	365	
124	109	
215	117	
224	145	
177	194	
512	602	
258	169	
123	199	
95	188	
816	510	
146	642	
222	548	
477	464	
257	209	
108	108	
561	594	
112	60	
192	571	
234	264	
203	216	
119	101	
76	67	
478	491	
350	112	
640	531	
306	525	
153	132	
234	198	
528	441	
136	135	
163	69	
286	208	
493	612	
104	86	
131	176	
58	61	
202	258	
685	282	
79	143	
179	255	
209	563	
294	478	
321	298	
317	156	
438	365	
559	196	
95	165	
200	364	
43	69	
151	143	
200	328	
525	231	
317	268	
79	98	
116	261	
447	438	
197	312	
279	491	
576	596	
88	52	
650	369	
646	397	
199	476	
203	128	
226	277	
499	557	
156	58	
161	188	
657	607	
571	560	
262	208	
277	179	
84	60	
509	180	
569	405	
45	76	
44	111	
347	567	
111	25	
286	98	
621	509	
222	305	
432	632	
352	461	
154	271	
251	251	
156	78	
330	311	
451	151	
460	180	
365	383	
441	432	
128	148	
157	153	
325	191	
321	641	
152	439	
277	489	
389	134	
420	248	
451	177	
269	308	
211	225	
176	175	
284	154	
105	365	
62	197	
143	366	
429	632	
78	49	
425	352	
55	98	
246	328	
365	361	
323	447	
220	288	
249	230	
367	196	
615	743	
191	137	
31	30	
443	274	
481	322	
87	65	
199	327	
129	238	
110	130	
52	18	
330	571	
174	502	
759	310	
91	345	
115	226	
478	535	
138	79	
164	148	
64	81	
90	51	
123	325	
325	250	
62	24	
308	142	
