Factories	3	Jobs	200	Machines	2

Total number of component types per job processed by HSPM
10	12	9	6	8	5	10	5	8	12	5	10	5	12	12	7	7	7	11	8	8	6	6	9	6	8	5	7	9	9	12	7	7	12	6	5	6	12	11	6	10	8	7	7	7	6	5	7	10	9	12	10	11	5	8	8	5	10	12	5	9	7	7	10	8	10	5	5	8	5	8	12	9	10	6	7	8	11	12	7	12	11	11	9	7	9	10	8	7	7	12	10	5	5	12	10	5	11	6	6	8	7	8	9	6	12	9	11	8	12	8	7	5	6	8	6	12	11	10	11	10	6	12	6	11	11	9	5	6	10	9	8	12	11	11	11	9	11	8	10	7	8	9	7	7	10	12	8	9	11	10	7	6	8	5	10	12	8	8	12	10	5	7	11	5	8	10	12	10	10	12	11	12	8	8	8	9	6	6	6	8	8	10	6	5	5	5	12	8	5	9	7	11	12	7	7	11	7	12	10	

Total number of component types per job processed by MFPM
2	4	2	5	5	2	1	5	1	4	3	5	5	1	2	4	3	2	5	5	4	3	5	5	4	4	3	3	4	5	3	5	4	3	5	4	2	4	2	3	2	1	1	2	5	1	2	3	2	1	2	4	3	2	5	2	3	5	3	5	3	5	5	4	2	1	1	4	4	4	4	3	3	4	1	4	5	4	5	2	5	5	2	1	1	5	4	3	1	4	1	5	2	4	4	4	5	4	5	4	4	5	4	5	4	4	3	1	1	2	3	2	4	4	2	5	1	5	1	4	1	2	1	1	4	3	5	1	4	2	4	2	5	1	5	5	4	1	2	5	1	2	4	1	5	1	4	5	4	2	4	3	3	3	2	3	3	1	3	5	3	5	3	5	2	4	2	1	3	1	4	5	1	5	4	3	3	4	1	2	2	5	1	1	4	3	1	2	2	5	4	4	4	5	3	5	4	5	1	3	

All component type numbers for each job to be processed by HSPM
2	64	0	35	1	31	15	12	4	30	13	63	6	33	10	52	19	11	7	75	
6	52	18	36	10	27	0	12	16	73	17	75	13	65	15	51	11	15	9	1	19	66	3	29	
17	23	7	11	2	8	11	68	16	29	1	15	10	50	18	35	0	70	
0	42	5	65	8	59	16	5	17	33	1	27	
6	51	11	31	2	27	13	36	0	30	17	70	15	35	7	33	
13	73	18	57	16	51	12	72	0	20	
6	55	18	28	19	9	17	57	3	22	0	23	5	58	11	7	8	75	4	71	
19	64	18	31	5	60	16	74	8	48	
14	71	1	66	2	40	7	24	5	54	17	53	10	57	16	49	
5	17	14	72	3	34	11	46	7	6	1	36	4	57	16	10	6	18	0	15	13	2	12	62	
13	48	14	13	2	3	15	6	5	16	
15	57	6	24	13	41	7	36	19	27	18	6	17	40	4	29	1	52	2	34	
13	14	6	59	19	65	15	36	16	25	
8	22	3	9	0	72	15	40	18	65	9	31	16	74	11	48	19	36	6	46	10	8	12	75	
12	72	9	8	8	36	6	51	4	49	14	57	15	40	2	66	10	48	3	34	17	9	16	20	
14	72	15	43	5	50	17	57	7	33	10	56	18	70	
18	42	1	34	14	31	9	5	8	75	5	46	11	69	
17	53	12	12	9	65	19	29	4	71	10	21	0	59	
18	12	8	23	11	62	14	73	3	53	9	58	4	2	0	48	7	52	15	70	1	24	
6	42	15	32	14	55	4	51	11	1	2	11	0	13	8	67	
7	56	14	68	18	39	4	13	5	15	6	40	15	29	2	44	
19	36	3	68	16	58	7	4	5	32	11	44	
4	59	16	69	10	10	5	13	17	46	12	71	
4	49	18	3	8	34	19	24	12	57	2	11	0	20	3	61	7	4	
1	35	17	4	3	54	10	74	0	29	18	43	
18	21	6	58	2	54	9	19	15	36	10	70	12	32	11	65	
12	61	9	31	15	33	10	9	5	5	
11	11	3	26	2	60	0	14	19	54	15	72	8	37	
17	67	14	25	3	54	15	6	10	45	13	35	8	49	6	64	12	57	
11	32	9	18	19	46	8	24	6	65	17	57	7	42	10	22	4	52	
18	63	10	24	19	28	14	68	13	67	12	55	4	40	15	34	16	62	1	74	6	69	2	71	
8	51	7	57	13	73	3	29	1	42	12	56	2	12	
12	19	9	55	17	30	13	53	16	10	18	61	8	57	
19	65	15	26	17	56	18	64	11	4	6	13	10	31	7	33	9	30	12	32	0	42	16	48	
19	9	12	68	4	16	6	71	1	39	8	10	
11	2	3	24	8	54	1	64	18	13	
2	58	15	34	4	43	19	22	0	5	10	47	
17	57	13	24	9	66	7	11	19	50	8	64	11	7	10	69	1	18	18	59	16	27	3	55	
4	72	2	5	19	21	3	4	17	25	5	56	15	52	6	18	13	47	7	70	1	67	
4	43	19	72	13	26	12	28	6	45	9	27	
13	33	11	60	0	11	8	42	1	37	2	34	18	16	15	36	6	20	5	19	
2	10	19	63	3	11	18	7	9	34	17	24	8	41	14	31	
14	28	18	15	8	16	17	52	7	64	0	26	19	7	
12	67	11	69	17	35	16	13	8	53	13	68	9	51	
10	25	7	49	13	8	6	40	18	59	16	41	9	72	
0	12	11	49	17	43	4	13	15	39	7	26	
8	9	16	22	10	44	7	17	2	32	
8	74	7	56	5	27	13	54	2	1	3	50	16	68	
15	3	11	72	7	53	6	62	10	33	12	60	5	8	1	25	2	23	19	15	
18	2	8	40	16	61	3	75	6	63	4	22	0	65	17	50	19	47	
13	3	4	36	9	28	0	44	14	32	6	69	8	20	5	60	17	29	11	16	15	10	10	47	
5	18	14	35	6	48	16	26	15	63	7	30	8	25	18	31	9	74	17	41	
11	29	5	67	9	51	13	34	14	70	3	48	16	42	1	20	0	55	4	58	17	17	
4	12	13	68	11	23	7	6	10	62	
14	13	3	37	2	50	1	32	17	8	5	44	0	31	7	18	
7	29	16	63	2	49	0	2	3	70	8	8	4	53	12	58	
10	52	5	41	17	46	9	50	0	29	
19	71	2	63	0	34	3	69	4	52	1	4	18	11	14	16	5	27	15	36	
16	25	9	9	6	54	14	75	15	26	3	33	13	17	18	67	8	56	2	71	12	41	4	37	
6	56	3	5	15	57	16	21	7	65	
9	46	13	33	3	17	18	16	4	70	2	6	11	62	5	67	8	34	
3	68	0	69	8	7	14	26	16	53	12	37	19	67	
12	5	15	73	3	25	16	23	6	16	14	42	17	53	
19	37	1	68	5	58	10	31	13	38	7	52	11	22	2	42	4	47	14	48	
15	44	19	19	8	22	5	13	18	55	12	39	1	28	4	41	
0	70	3	69	12	62	13	65	10	66	9	39	11	50	5	45	4	8	17	32	
3	53	4	13	18	28	10	24	5	15	
5	17	3	64	19	1	15	27	14	26	
8	5	18	30	15	37	17	51	3	33	7	36	11	62	1	69	
0	49	8	51	18	6	2	41	10	67	
1	31	16	51	12	39	8	55	4	17	10	1	7	54	2	75	
2	55	6	32	12	18	1	59	13	20	11	3	14	26	16	31	19	74	10	47	17	36	4	16	
1	39	5	42	0	28	17	46	15	65	8	25	3	58	12	71	2	16	
7	43	11	12	2	32	4	38	9	17	16	22	15	5	14	39	8	61	3	36	
2	55	16	53	5	42	3	52	12	70	18	17	
5	53	6	63	13	29	4	7	9	11	17	67	11	30	
16	11	0	31	7	74	5	10	8	14	17	35	12	70	6	39	
4	19	11	63	8	29	15	57	18	67	5	37	10	6	3	13	6	66	13	3	12	41	
6	45	0	2	15	37	1	44	8	74	19	70	12	34	10	62	5	72	17	55	7	5	14	32	
7	9	8	64	11	61	18	38	0	37	2	8	5	4	
17	8	9	54	11	38	5	74	7	22	16	61	18	65	15	57	13	63	10	28	14	25	8	59	
10	54	12	12	6	34	11	58	4	67	5	35	3	3	15	43	8	60	13	41	18	50	
13	25	14	17	0	22	4	21	18	61	8	10	2	38	11	46	1	53	7	45	3	43	
12	27	18	28	0	31	3	11	15	35	6	2	19	13	4	26	2	5	
7	34	5	62	14	44	0	22	12	40	1	70	17	69	
18	4	11	68	6	46	17	53	0	42	7	65	9	5	5	64	15	18	
7	36	18	60	0	26	3	28	12	11	5	54	17	57	2	59	10	65	19	18	
2	7	18	38	7	15	14	64	15	6	17	40	10	72	0	26	
5	40	6	45	11	66	19	14	7	30	4	33	3	11	
13	72	3	12	17	64	12	27	0	67	10	9	5	26	
12	10	16	9	6	73	4	17	17	50	18	8	0	60	7	12	5	74	15	70	1	66	13	37	
13	10	2	69	7	1	17	42	5	75	16	54	18	3	3	20	10	45	1	64	
9	39	17	20	18	46	1	38	19	7	
6	20	18	48	4	30	16	26	13	45	
10	31	6	40	5	59	16	52	13	2	18	69	3	18	4	62	0	61	1	34	11	73	9	64	
11	71	17	46	10	44	7	45	6	64	14	34	8	48	4	40	3	33	5	23	
19	16	6	60	13	4	7	27	8	21	
3	30	12	66	16	73	18	74	11	33	9	1	1	64	5	72	17	69	7	44	2	22	
12	46	2	72	4	9	14	75	9	56	8	36	
0	50	3	68	10	57	18	69	16	28	1	39	
0	10	14	41	16	53	12	33	17	56	8	15	1	35	6	64	
11	16	7	23	3	55	6	37	8	57	14	34	1	36	
9	22	12	58	7	27	19	37	5	38	18	74	4	3	0	43	
17	20	3	61	0	62	4	34	12	41	8	70	1	37	11	54	13	64	
14	10	7	75	10	64	18	32	2	37	16	30	
17	6	11	11	4	46	19	22	12	73	5	5	6	49	8	71	9	17	3	20	2	58	18	4	
5	72	4	17	16	42	1	30	11	16	19	14	7	31	9	28	3	51	
14	28	8	30	11	35	13	8	9	58	5	14	0	16	18	49	12	74	3	41	1	7	
1	37	3	31	7	74	17	1	5	47	6	68	18	66	13	48	
8	64	1	66	17	40	19	12	16	50	6	46	7	75	13	58	9	17	5	55	15	69	10	37	
13	36	0	6	5	71	11	19	15	27	7	56	4	58	14	18	
9	75	19	29	11	40	2	68	4	67	0	20	6	28	
10	45	1	40	9	3	14	53	17	13	
7	19	5	55	19	75	10	29	16	50	1	13	
11	25	0	32	6	69	8	27	2	57	12	29	17	43	4	51	
18	75	17	36	10	51	2	52	1	23	7	73	
0	44	16	11	8	63	15	75	3	54	10	7	18	64	2	74	11	62	13	65	14	55	9	23	
12	59	13	68	0	14	5	12	1	11	15	44	17	30	11	29	18	70	14	3	4	47	
16	17	10	28	5	32	11	70	1	47	15	65	0	56	6	39	12	50	9	2	
3	67	0	69	4	66	12	75	11	1	13	63	17	2	19	14	7	65	9	56	8	8	
9	66	14	57	13	71	6	39	7	23	1	6	8	13	19	47	2	26	11	40	
4	50	2	39	6	31	15	32	10	24	11	56	
19	13	16	33	6	26	7	60	12	40	3	18	10	6	2	63	17	72	15	24	5	22	8	53	
0	63	18	50	7	62	13	32	19	71	16	49	
7	50	9	20	6	53	10	48	2	27	11	64	0	71	18	14	12	58	8	12	13	9	
16	54	18	50	13	65	12	37	10	20	11	57	3	69	17	60	19	13	8	3	0	21	
7	30	4	40	2	63	5	19	18	4	16	43	0	45	17	20	3	67	
3	26	12	72	13	2	5	20	19	53	
4	13	7	52	14	20	8	50	9	46	18	73	
5	17	3	35	18	52	11	29	14	21	8	7	17	19	16	55	6	22	13	60	
9	15	17	21	7	9	2	62	16	45	0	39	11	50	12	40	19	73	
5	24	17	46	8	30	7	11	18	33	12	4	13	39	4	54	
17	22	14	71	10	9	0	49	13	70	9	61	7	56	8	4	1	74	6	41	11	55	12	73	
15	60	13	22	11	47	1	27	7	65	18	66	17	50	6	35	12	29	16	73	5	3	
11	69	6	15	3	11	17	21	12	40	8	70	15	31	1	54	5	19	19	32	0	22	
16	2	19	28	1	24	8	73	6	68	18	52	5	41	4	57	12	31	3	26	9	59	
15	61	16	4	8	43	9	29	1	1	11	51	4	28	3	16	12	67	
11	70	18	25	17	37	12	3	9	67	13	61	1	35	0	17	7	36	2	5	4	71	
14	1	0	71	11	74	17	42	2	12	5	46	6	13	7	28	
1	13	8	66	16	53	6	18	7	19	2	17	13	62	10	54	0	5	18	37	
8	46	0	15	12	10	2	61	10	38	16	71	13	68	
8	6	18	44	15	59	3	35	17	43	13	10	4	22	16	45	
11	2	13	34	6	28	14	1	12	63	15	74	10	36	17	71	7	61	
6	15	2	61	7	42	10	34	3	16	19	10	18	25	
6	8	5	17	1	43	12	61	11	52	13	69	7	54	
2	68	11	36	13	7	6	59	3	62	9	10	16	26	10	33	12	55	5	61	
2	60	7	47	8	42	1	36	13	46	11	72	16	12	3	53	17	45	9	5	12	29	18	13	
7	36	11	42	3	6	1	71	5	26	12	46	18	55	6	39	
6	52	5	45	9	62	17	56	14	59	2	10	11	51	19	8	10	74	
15	56	2	12	19	15	18	55	1	32	4	69	11	41	17	3	13	36	14	39	16	61	
18	7	13	56	10	12	7	2	19	61	12	53	3	52	11	22	5	24	9	54	
3	66	16	32	11	70	6	30	13	46	15	16	9	14	
11	44	17	15	7	41	6	29	19	24	1	12	
15	32	18	1	13	37	5	67	3	61	17	38	11	36	19	68	
19	45	2	20	17	26	18	50	9	18	
10	60	17	20	9	40	5	53	7	12	0	8	11	43	12	68	8	56	6	15	
19	40	11	21	12	3	9	15	2	8	10	71	6	11	8	12	16	64	18	31	5	34	7	28	
7	14	10	69	6	73	14	71	5	49	8	44	17	30	1	40	
9	4	13	54	11	35	19	56	18	30	15	19	1	37	5	64	
2	11	9	36	5	35	8	68	3	62	1	65	14	13	0	9	7	58	12	75	18	28	13	37	
9	51	15	22	2	59	19	5	6	49	5	68	3	70	10	54	1	17	0	23	
2	7	15	12	1	39	19	59	3	26	
4	46	13	13	5	14	10	10	0	34	7	42	15	68	
16	33	19	53	6	72	3	12	1	7	12	28	9	36	10	32	7	60	17	38	18	8	
13	67	18	54	12	8	7	35	2	27	
7	75	12	14	8	18	14	25	19	32	1	13	5	53	3	7	
7	52	5	68	12	29	1	41	19	72	10	48	4	10	13	3	9	62	16	27	
2	71	9	22	7	50	15	68	4	62	19	43	6	17	0	21	14	11	3	59	17	33	16	40	
19	7	4	57	18	52	17	22	5	72	0	30	2	42	16	35	9	34	12	32	
19	60	15	2	12	4	0	63	4	8	2	56	8	66	18	74	3	25	17	29	
14	31	4	9	16	20	7	15	11	61	15	72	0	40	12	69	5	37	17	47	9	19	6	1	
9	30	10	28	13	52	1	10	15	64	16	27	6	35	0	71	5	11	18	43	3	51	
11	21	10	40	0	20	17	55	19	57	9	30	15	34	14	13	6	51	4	22	1	54	12	31	
15	59	10	14	13	66	12	57	0	26	16	56	1	22	3	54	
18	70	14	50	4	31	0	21	9	38	12	74	7	20	15	11	
18	71	6	20	12	8	17	42	0	9	16	29	10	2	11	31	
18	64	15	53	0	48	13	19	12	68	7	9	10	62	1	36	3	23	
1	39	17	1	4	67	8	44	14	68	2	33	
12	65	10	24	11	36	17	54	9	40	6	14	
4	45	12	75	2	69	11	46	10	72	17	58	
5	4	14	30	8	67	12	8	9	22	3	34	10	6	2	37	
11	39	2	52	13	15	14	25	12	10	1	18	10	30	15	6	
2	66	15	36	14	70	1	1	4	22	8	64	3	75	13	33	11	16	9	11	
7	5	15	40	11	60	8	51	12	69	6	39	
14	45	17	5	11	22	13	8	10	10	
9	46	17	60	13	12	19	7	7	58	
15	61	17	65	9	51	10	34	13	62	
12	55	19	8	13	35	14	39	4	25	6	30	0	54	3	74	18	5	9	37	10	41	1	33	
17	30	13	27	7	52	1	15	4	49	12	57	2	1	11	55	
8	55	2	26	0	34	7	20	17	11	
3	6	19	35	5	1	17	36	13	8	4	3	2	20	9	68	12	31	
15	33	1	69	11	60	8	28	12	18	13	51	7	7	
3	57	18	45	7	62	13	74	6	40	11	28	8	65	10	13	1	19	0	50	17	56	
18	55	5	37	1	54	8	36	4	52	19	3	12	10	2	31	7	5	11	27	17	72	0	2	
3	8	16	20	13	75	9	53	5	66	2	54	0	61	
10	17	12	74	3	44	0	62	6	4	2	66	9	67	
19	33	17	30	7	46	2	21	3	70	16	56	13	71	5	6	9	28	0	57	10	54	
8	34	18	25	6	18	16	26	1	17	11	66	4	10	
13	16	12	42	8	68	14	14	15	29	6	46	18	64	11	19	7	23	19	30	3	45	2	66	
10	37	18	19	14	23	11	21	2	54	7	53	13	45	5	34	9	73	19	18	

All component type numbers for each job to be processed by MFPM
5	25	2	23	
3	6	0	4	4	17	7	9	
5	11	0	22	
0	16	9	24	7	15	2	17	1	21	
2	5	9	16	1	19	6	21	0	4	
6	7	9	2	
4	6	
1	24	3	7	6	1	4	18	7	13	
7	14	
0	8	6	10	2	23	3	4	
8	2	5	16	3	20	
2	20	3	21	7	6	1	2	0	11	
2	19	9	4	5	15	8	9	3	11	
1	11	
5	17	1	4	
1	2	8	8	0	18	4	20	
5	21	4	16	9	9	
9	20	5	2	
0	18	7	14	1	16	4	21	2	15	
1	18	2	8	7	15	0	17	5	2	
1	19	8	20	5	3	0	4	
4	24	2	5	0	23	
8	1	4	24	6	10	1	14	3	18	
3	9	0	18	2	4	9	24	6	22	
8	13	2	23	4	22	0	14	
5	7	3	22	6	15	7	19	
1	6	0	24	2	16	
4	13	5	11	3	6	
6	13	1	20	3	5	7	23	
0	24	9	12	8	1	6	9	3	20	
1	9	4	13	3	23	
4	7	3	21	0	1	9	12	7	11	
8	1	3	6	9	11	1	12	
9	15	5	7	4	5	
6	20	8	3	9	19	1	21	3	24	
4	18	3	22	5	14	1	1	
4	12	9	21	
7	4	3	2	5	7	8	20	
6	1	0	7	
4	21	2	5	1	17	
4	12	8	22	
1	13	
7	5	
4	8	5	25	
6	23	4	17	5	2	1	9	0	21	
9	20	
4	12	2	20	
1	9	9	23	0	11	
8	4	3	8	
9	10	
0	19	2	18	
5	4	9	18	7	20	0	25	
3	19	1	16	2	13	
2	9	5	23	
1	9	6	8	8	25	4	1	5	7	
4	7	2	15	
1	24	7	25	3	7	
1	18	8	22	7	16	4	13	6	12	
7	16	9	3	0	23	
2	15	8	24	3	10	7	16	9	19	
5	2	6	20	8	17	
5	11	8	20	2	12	7	3	9	7	
8	14	5	17	1	21	3	16	9	18	
2	14	7	6	9	7	1	20	
3	7	2	5	
7	10	
6	13	
1	1	9	21	5	9	8	24	
8	8	0	4	4	9	7	20	
4	5	1	20	6	21	3	6	
0	6	6	16	3	17	4	2	
9	6	7	20	6	14	
4	1	2	23	7	2	
6	9	7	17	8	10	4	15	
0	23	
3	1	0	18	5	23	1	25	
6	3	8	6	4	14	7	24	0	2	
2	14	7	24	1	1	9	21	
7	2	9	16	6	11	4	8	5	22	
1	19	3	22	
1	5	6	22	5	3	7	14	4	10	
2	20	5	8	9	14	7	1	1	2	
9	24	0	23	
9	7	
8	17	
0	23	7	9	1	7	5	18	9	17	
7	18	6	10	4	22	0	19	
0	19	7	14	2	16	
1	13	
2	14	5	1	7	7	3	3	
5	19	
2	6	5	3	8	20	4	11	0	12	
5	22	8	8	
3	3	4	6	8	4	1	19	
7	9	8	15	3	4	9	22	
5	10	7	9	1	3	4	17	
6	10	3	6	9	9	8	17	1	24	
9	25	1	21	2	23	8	11	
7	7	9	16	5	1	4	13	3	15	
6	11	9	1	3	7	5	18	
8	5	6	10	2	24	3	17	
6	20	2	23	0	15	8	14	5	5	
6	4	4	12	2	3	0	11	
2	18	4	25	9	7	1	21	0	1	
7	19	2	17	4	9	0	3	
6	8	5	11	8	7	4	15	
3	8	7	21	9	4	
7	16	
7	20	
7	5	2	17	
9	5	7	4	4	23	
0	2	3	9	
9	5	2	25	0	2	1	24	
1	15	6	25	7	12	2	9	
7	25	4	12	
8	15	2	7	0	16	9	8	7	9	
6	19	
2	24	7	6	8	21	6	13	0	25	
6	10	
0	8	8	5	2	17	5	10	
2	10	
1	23	9	3	
9	1	
7	8	
6	4	1	7	0	18	5	14	
6	6	5	15	4	9	
0	3	3	14	6	17	8	1	7	13	
3	8	
3	23	2	17	9	10	6	18	
2	10	8	23	
5	14	7	2	4	18	2	10	
2	22	3	3	
0	12	6	11	2	3	1	20	4	17	
0	2	
4	13	7	15	0	4	8	9	6	23	
1	9	7	5	6	24	3	21	4	13	
1	7	4	23	3	10	8	3	
7	4	
7	9	2	12	
0	6	3	20	1	12	6	19	5	25	
6	10	
1	20	6	12	
0	2	2	18	4	12	3	5	
9	22	
5	25	2	11	9	13	3	16	7	24	
4	5	
9	9	7	8	0	21	1	3	
1	19	6	10	7	5	0	14	3	13	
8	11	2	24	9	19	0	18	
9	21	1	14	
8	21	5	11	2	12	6	23	
4	18	8	12	0	23	
6	7	8	17	9	19	
1	1	7	17	5	15	
3	18	1	7	
4	20	9	19	5	8	
0	20	5	4	7	7	
8	9	
4	23	6	13	5	16	
0	7	2	13	3	1	5	14	8	21	
5	3	0	16	4	17	
0	8	9	16	3	4	7	25	4	3	
1	18	0	23	9	22	
4	4	2	1	1	13	0	18	3	10	
0	13	4	20	
1	12	6	9	2	23	7	10	
0	16	7	15	
9	8	
4	7	2	12	7	8	
6	19	
4	2	8	13	2	12	9	8	
7	19	0	23	5	21	9	11	4	3	
9	15	
2	4	1	16	4	22	5	12	7	14	
9	16	2	20	8	21	7	10	
5	2	6	14	4	4	
7	11	9	9	4	16	
0	22	9	6	4	15	7	14	
1	16	
3	10	9	12	
8	13	3	16	
9	18	2	23	4	20	3	6	6	13	
7	15	
2	25	
5	19	0	21	6	5	3	23	
3	19	9	3	6	25	
2	12	
9	5	7	9	
8	9	4	25	
6	9	0	5	8	21	9	16	4	19	
4	14	8	3	1	16	7	10	
3	1	9	19	6	13	8	3	
1	7	8	14	6	10	7	4	
9	7	3	25	7	10	1	4	6	15	
6	9	7	25	0	13	
9	7	6	16	5	1	2	22	8	14	
2	2	4	16	9	12	7	8	
6	17	3	25	0	24	8	23	7	12	
2	25	
9	10	6	1	1	25	

Three processing times per job on each machine
The best scenario
671	643	
595	192	
304	288	
108	200	
553	275	
589	529	
1083	628	
232	335	
56	90	
302	750	
328	229	
222	210	
897	759	
886	922	
168	524	
300	679	
465	479	
236	663	
426	264	
252	701	
428	795	
344	718	
243	244	
133	122	
205	238	
712	206	
184	251	
529	510	
99	89	
563	966	
324	1183	
456	204	
120	147	
220	181	
239	274	
205	165	
1337	263	
73	92	
275	509	
249	976	
538	568	
520	269	
579	432	
70	52	
435	430	
247	182	
520	796	
632	138	
273	629	
326	768	
362	696	
144	137	
335	566	
122	245	
442	508	
389	704	
170	105	
286	300	
242	253	
609	1171	
158	325	
160	300	
82	170	
228	143	
332	1196	
184	301	
64	109	
71	178	
566	656	
433	274	
854	451	
78	74	
118	332	
102	220	
418	371	
102	144	
406	272	
213	76	
615	357	
819	425	
1107	967	
137	274	
349	526	
86	71	
446	423	
275	215	
278	361	
364	876	
330	241	
178	294	
81	94	
75	61	
779	568	
265	165	
570	271	
474	167	
631	223	
434	215	
855	641	
663	294	
55	71	
709	623	
453	352	
823	571	
476	311	
268	127	
187	443	
354	541	
136	342	
628	1178	
190	178	
235	331	
343	376	
292	681	
737	626	
596	712	
247	403	
71	30	
1005	630	
122	400	
288	563	
333	886	
638	183	
215	210	
933	1034	
144	300	
166	279	
252	396	
161	476	
287	349	
864	1029	
1082	615	
613	1373	
435	485	
293	263	
79	168	
158	47	
322	980	
427	677	
252	232	
165	158	
398	337	
247	476	
533	751	
435	295	
124	254	
790	377	
275	130	
668	723	
183	99	
557	113	
308	205	
120	127	
664	491	
706	416	
732	1092	
122	349	
126	77	
658	1342	
330	304	
708	189	
237	427	
454	605	
970	841	
123	103	
299	351	
832	305	
994	282	
701	577	
101	149	
192	350	
123	170	
689	172	
402	356	
274	501	
177	277	
335	269	
347	319	
952	657	
714	266	
295	241	
1123	580	
590	444	
245	222	
983	584	
260	172	
871	353	
246	193	
309	89	
167	397	
129	110	
676	262	
240	55	
755	707	
694	480	
114	85	
638	721	
63	133	
619	548	
122	353	
Most likely scenario
678	1016	
661	295	
371	324	
208	231	
581	492	
688	708	
1265	1212	
344	618	
105	175	
372	905	
385	436	
299	404	
966	1040	
1031	1307	
200	755	
513	726	
625	673	
433	787	
449	376	
377	710	
510	960	
451	769	
300	440	
170	146	
295	402	
892	338	
195	464	
588	538	
118	109	
622	1258	
513	1454	
525	291	
209	163	
293	354	
321	415	
363	195	
1479	366	
130	139	
448	598	
358	1010	
781	592	
680	362	
774	462	
92	68	
460	668	
315	240	
738	808	
702	227	
506	659	
567	968	
366	979	
166	240	
536	1010	
188	372	
832	921	
613	787	
217	120	
501	589	
271	306	
640	1289	
199	523	
292	324	
94	246	
282	221	
403	1255	
342	454	
70	131	
136	282	
619	676	
693	525	
984	538	
148	147	
204	444	
167	239	
679	501	
194	162	
508	481	
294	132	
1200	387	
1011	705	
1280	1395	
196	462	
672	580	
114	83	
461	465	
331	295	
293	473	
576	990	
643	456	
243	470	
125	150	
87	85	
782	672	
321	287	
637	386	
764	277	
649	255	
620	329	
911	1194	
1164	401	
103	83	
1067	988	
633	568	
1138	957	
666	377	
356	251	
326	619	
380	542	
264	420	
873	1209	
240	272	
464	545	
406	580	
479	778	
1040	771	
729	777	
397	524	
112	56	
1402	652	
132	426	
440	565	
641	1415	
718	335	
350	218	
992	1426	
205	465	
212	327	
323	490	
250	835	
552	412	
889	1124	
1172	677	
1112	1448	
647	761	
353	334	
132	212	
223	94	
533	1044	
625	1151	
257	237	
172	208	
784	363	
339	706	
627	1103	
510	344	
181	266	
999	603	
435	220	
1006	1338	
226	128	
597	214	
351	294	
209	230	
1107	806	
763	549	
1278	1424	
241	436	
138	95	
1297	1347	
592	607	
854	292	
260	454	
657	749	
988	978	
185	157	
438	466	
1132	489	
1075	385	
1237	1077	
201	218	
199	397	
193	240	
1084	297	
646	501	
384	509	
347	315	
337	535	
583	400	
1093	986	
835	476	
317	341	
1348	608	
961	465	
379	365	
1030	772	
486	319	
1268	680	
320	242	
313	93	
243	432	
165	183	
876	348	
263	74	
871	1057	
987	489	
178	102	
905	1042	
108	203	
685	842	
179	440	
The worst scenario
952	1045	
903	442	
455	395	
231	250	
813	656	
823	1026	
1269	1444	
424	704	
148	251	
545	948	
567	637	
356	479	
1382	1269	
1238	1547	
298	1103	
763	997	
769	861	
609	875	
499	402	
496	721	
699	1422	
544	1035	
372	561	
192	210	
417	408	
1009	497	
259	610	
740	642	
126	122	
722	1321	
582	1902	
537	398	
250	220	
339	387	
346	589	
543	221	
2007	459	
156	183	
464	825	
396	1023	
884	669	
886	389	
786	492	
125	75	
640	690	
465	325	
813	1134	
944	290	
574	964	
675	1207	
522	1115	
249	330	
672	1044	
276	526	
977	1129	
649	988	
306	137	
579	821	
351	325	
755	1753	
261	583	
308	342	
120	303	
306	297	
537	1566	
471	567	
85	133	
188	324	
728	922	
825	674	
1108	655	
183	209	
234	657	
207	336	
896	716	
287	218	
587	629	
427	177	
1364	532	
1129	771	
1890	2033	
226	692	
851	715	
151	98	
518	607	
464	389	
326	621	
722	1459	
922	622	
308	521	
171	225	
121	117	
926	725	
335	417	
804	551	
1133	293	
700	287	
654	371	
916	1299	
1464	434	
118	96	
1265	1427	
658	627	
1496	1017	
906	384	
453	347	
386	846	
508	777	
297	495	
1081	1669	
294	354	
548	637	
423	764	
599	1041	
1489	968	
945	824	
564	663	
132	57	
1428	776	
170	528	
467	829	
863	2099	
1075	369	
445	325	
1471	1876	
261	502	
273	434	
436	543	
346	1012	
785	505	
1027	1508	
1553	788	
1656	1807	
868	843	
399	366	
175	249	
270	99	
777	1145	
837	1239	
376	254	
211	231	
786	377	
355	844	
911	1626	
645	353	
220	317	
1214	730	
469	266	
1216	1924	
301	168	
796	294	
487	333	
269	258	
1209	903	
1135	626	
1851	1739	
272	514	
171	111	
1660	1767	
712	726	
1008	394	
344	591	
684	1123	
1297	1425	
263	202	
471	618	
1279	681	
1200	568	
1593	1285	
295	309	
241	479	
269	321	
1239	360	
682	562	
454	737	
350	407	
435	584	
734	473	
1258	1063	
979	615	
360	497	
1786	738	
1429	526	
420	424	
1100	854	
663	376	
1837	901	
414	264	
456	128	
297	641	
174	242	
1129	442	
384	80	
1300	1463	
1253	678	
254	148	
1034	1099	
120	295	
961	1106	
200	492	
