Factories	2	Jobs	100	Machines	2

Total number of component types per job processed by HSPM
5	5	6	7	11	5	6	7	5	7	10	8	8	12	5	8	5	6	9	9	8	12	12	11	9	11	11	7	10	8	12	7	11	11	8	5	11	6	9	10	8	7	9	8	9	9	11	10	9	10	5	10	6	8	6	11	11	5	12	8	11	5	10	12	8	6	8	12	11	8	11	10	12	12	7	11	11	9	10	11	8	5	10	7	9	9	10	12	10	8	9	6	10	10	11	12	11	12	5	10	

Total number of component types per job processed by MFPM
1	2	1	4	4	2	3	4	4	2	5	1	4	4	4	4	3	4	1	4	2	2	1	3	4	4	4	2	4	4	1	1	4	4	5	3	5	2	1	5	2	5	5	3	2	3	1	1	5	1	3	1	1	4	1	1	5	2	3	3	5	1	1	4	4	4	1	1	5	4	4	2	1	1	5	3	3	3	4	2	3	3	2	2	3	4	3	4	3	1	2	4	5	4	2	3	2	5	1	5	

All component type numbers for each job to be processed by HSPM
0	6	7	50	11	58	15	41	17	66	
13	66	0	23	14	24	1	48	6	33	
9	29	4	32	15	69	7	18	0	49	5	48	
8	28	6	34	5	9	3	1	15	65	9	60	1	26	
1	38	6	47	16	36	2	52	10	60	11	43	14	62	4	51	19	13	15	53	8	34	
0	12	3	25	8	74	19	3	17	69	
14	3	15	59	6	24	17	71	2	75	11	72	
8	34	11	21	4	14	2	58	9	9	16	26	17	61	
0	12	16	63	6	13	10	11	3	42	
6	47	5	62	7	34	8	66	4	41	0	70	10	33	
18	27	12	49	5	51	15	30	9	43	7	75	19	16	17	32	16	46	2	61	
9	27	1	70	8	5	12	44	14	73	11	28	17	26	18	21	
5	59	8	5	7	68	12	28	3	16	4	45	6	49	14	15	
15	53	18	67	5	23	19	36	13	75	17	40	16	21	6	13	7	16	2	55	10	64	12	34	
0	38	16	43	19	10	15	59	9	51	
0	34	3	12	16	16	9	18	17	6	19	46	11	28	2	10	
6	74	11	62	7	1	19	69	15	61	
2	21	4	32	8	33	13	30	17	54	3	13	
3	30	17	20	11	60	6	21	8	25	15	62	19	45	12	66	18	58	
11	18	14	52	10	40	5	32	17	36	19	60	2	66	9	58	8	10	
11	10	15	54	18	37	1	48	16	65	13	62	12	7	9	14	
6	75	3	20	7	58	18	40	8	37	10	16	12	19	4	47	0	36	15	63	1	67	16	65	
7	25	2	22	17	37	15	67	16	51	0	14	10	12	6	18	13	53	18	39	19	68	8	19	
14	70	4	35	9	9	5	49	17	45	2	15	8	71	16	12	0	58	12	63	13	36	
14	36	4	53	17	1	9	58	16	74	7	28	19	25	8	3	13	8	
15	68	1	30	17	72	19	63	13	4	10	70	14	50	11	33	16	48	7	31	0	25	
11	52	5	59	14	74	17	39	9	6	13	9	3	57	15	47	0	13	12	28	6	64	
15	71	13	62	1	36	9	6	7	53	11	2	2	25	
5	33	11	8	6	70	1	25	15	47	13	58	17	60	10	36	0	26	4	12	
17	37	11	38	4	74	18	21	10	33	7	61	8	50	12	70	
18	13	10	67	4	9	11	19	2	69	19	34	8	54	7	28	17	23	6	68	3	44	14	52	
18	29	9	59	12	3	15	2	5	4	16	60	2	9	
19	28	4	27	2	68	9	74	12	1	0	8	13	42	18	53	15	46	16	73	8	9	
14	52	11	56	18	51	5	37	4	21	1	10	9	67	6	13	3	41	17	34	19	31	
13	51	18	3	12	22	3	63	1	30	4	10	14	14	19	6	
10	27	0	56	13	55	17	14	2	51	
6	75	18	40	11	53	10	64	5	74	15	57	8	50	3	65	12	68	4	32	19	25	
8	10	19	49	10	7	15	46	14	37	9	17	
9	6	16	43	1	72	17	70	0	22	11	32	8	56	14	4	4	29	
19	40	1	19	4	65	8	46	6	33	9	11	5	42	7	37	16	14	0	34	
7	64	18	52	9	45	0	73	15	72	8	31	4	60	16	56	
2	41	9	70	8	42	13	62	7	27	16	9	10	65	
12	7	8	33	7	59	18	36	11	53	5	19	10	5	3	15	15	73	
12	46	13	4	15	38	7	9	16	39	17	16	5	72	6	53	
18	21	3	26	19	39	8	31	11	3	16	5	7	50	5	74	15	1	
1	15	0	58	4	22	9	26	16	3	6	13	5	21	14	54	3	16	
8	56	11	33	0	42	15	4	6	60	1	1	3	14	18	27	14	12	13	31	2	13	
12	62	3	3	4	65	1	52	0	35	8	13	17	34	13	6	7	51	9	39	
3	20	2	29	19	37	10	17	5	5	7	53	8	47	9	68	12	59	
5	72	14	8	17	30	12	60	15	68	19	35	16	33	4	41	11	20	18	49	
2	70	7	59	14	16	1	41	19	38	
16	35	0	56	12	24	4	13	6	57	19	15	18	51	9	26	8	58	14	43	
3	51	2	57	0	29	11	10	14	13	10	53	
0	15	13	38	7	71	6	59	10	47	4	39	19	7	9	53	
7	25	11	51	18	44	17	28	13	20	19	48	
18	27	15	50	13	43	16	1	7	51	1	21	11	46	19	66	14	69	5	52	10	37	
2	69	8	59	1	45	14	30	9	67	18	11	7	14	13	47	0	56	19	20	4	55	
3	2	15	7	5	31	12	45	8	37	
11	19	7	62	13	73	19	11	1	63	5	35	14	66	2	72	4	27	17	12	8	42	12	17	
4	62	9	4	11	29	8	9	6	11	3	56	7	40	12	1	
8	21	7	69	10	24	12	55	19	67	2	56	0	71	11	11	17	70	5	38	6	37	
2	33	12	64	4	41	10	12	3	51	
2	30	10	69	8	19	12	51	1	6	18	63	17	38	3	2	15	58	14	50	
13	75	15	55	5	73	11	26	8	51	3	10	18	58	2	72	10	29	19	47	6	32	14	15	
5	25	6	16	19	60	14	57	16	38	9	10	18	6	10	35	
13	4	15	2	3	13	8	46	2	14	12	45	
15	7	14	34	6	2	13	37	17	8	0	6	10	22	4	71	
10	8	2	29	7	37	6	26	18	71	0	58	12	49	8	74	19	35	4	40	3	21	13	25	
14	28	17	29	1	13	15	10	19	61	0	3	10	38	8	2	6	68	7	15	12	16	
4	70	19	73	15	36	1	69	2	1	6	52	8	39	9	68	
18	74	19	44	13	53	16	61	3	5	17	52	1	19	14	33	2	39	7	45	4	16	
4	21	12	64	13	48	7	39	10	8	2	51	17	24	0	26	8	30	14	11	
12	49	9	58	10	31	8	33	18	47	6	67	1	18	0	59	3	54	11	24	19	68	16	51	
11	40	8	29	13	12	1	35	19	28	16	60	3	59	2	43	12	56	15	51	7	45	9	75	
13	63	2	17	11	52	0	31	8	67	12	42	19	15	
8	5	15	36	17	31	2	34	6	33	16	54	11	24	5	28	18	68	9	46	12	16	
0	2	11	17	8	1	7	71	13	16	18	39	14	21	10	20	3	45	15	32	16	44	
14	61	10	71	2	64	6	51	16	14	4	73	0	63	12	22	7	46	
15	44	12	12	18	18	0	74	4	9	9	29	16	32	3	24	1	50	17	31	
13	12	11	49	12	71	17	45	18	52	19	47	5	31	6	29	16	61	14	9	0	16	
12	58	16	17	4	10	0	26	8	13	13	35	19	65	15	3	
1	67	8	4	12	14	2	28	17	38	
12	24	8	7	7	54	0	23	13	43	1	62	2	35	14	32	11	42	4	71	
8	2	1	37	13	17	10	39	2	66	3	16	16	29	
4	48	12	20	8	50	7	66	5	3	16	14	2	71	15	28	14	31	
7	61	8	35	12	53	0	21	17	63	16	48	5	24	2	17	1	36	
17	63	18	14	12	49	6	54	10	56	16	66	2	35	0	18	8	11	11	70	
6	34	13	61	14	47	10	67	9	48	5	22	7	6	15	13	2	10	1	39	3	68	18	49	
13	4	10	72	12	50	18	66	1	70	2	54	16	6	19	18	4	15	11	12	
12	42	10	32	15	63	3	55	7	31	6	15	18	60	13	50	
13	63	12	35	9	20	11	33	1	10	15	54	0	74	8	59	7	14	
18	32	8	50	10	8	7	3	13	14	11	62	
12	36	2	22	11	54	18	72	14	71	19	3	9	52	16	7	13	16	15	24	
9	32	19	50	18	4	17	5	6	69	1	67	10	38	5	24	16	65	11	29	
8	70	4	60	17	37	5	32	10	40	15	19	0	31	14	66	1	29	3	56	13	51	
4	23	11	50	14	39	18	12	13	64	0	28	7	58	19	55	2	45	10	56	9	49	15	24	
6	43	10	20	1	1	0	48	19	21	18	24	9	32	14	23	15	51	11	40	7	10	
9	52	1	17	4	38	18	71	19	54	7	8	11	63	0	16	6	6	12	72	15	39	13	55	
17	24	5	56	11	33	6	37	19	19	
1	50	0	59	10	19	18	52	16	40	6	32	5	63	7	25	2	20	13	44	

All component type numbers for each job to be processed by MFPM
8	12	
1	13	3	23	
6	25	
1	21	2	7	8	6	9	12	
2	19	7	7	4	21	0	1	
4	9	9	17	
6	3	3	8	5	15	
0	22	7	2	5	17	6	14	
4	21	1	22	3	18	2	6	
7	11	3	14	
2	3	5	5	7	23	6	2	8	4	
9	9	
9	8	2	24	0	13	5	16	
9	18	2	21	7	19	6	10	
8	17	4	15	3	23	6	1	
7	19	2	10	8	9	0	3	
2	18	8	17	0	2	
9	18	5	25	0	14	3	9	
6	7	
8	20	4	3	2	2	7	18	
0	7	5	6	
8	9	2	22	
5	5	
4	4	2	21	0	9	
6	16	5	25	3	12	8	22	
3	21	9	7	2	15	7	5	
3	16	2	5	1	23	0	9	
0	23	4	25	
0	11	3	17	8	3	9	18	
5	17	4	18	3	25	2	16	
9	21	
5	16	
4	19	2	10	1	14	7	17	
6	11	9	13	1	10	0	15	
3	11	7	15	8	18	2	22	0	19	
7	13	3	16	0	23	
4	15	3	3	9	22	6	8	7	24	
4	9	6	5	
6	6	
6	14	8	22	7	4	1	2	9	11	
2	16	3	25	
1	24	3	4	2	18	6	15	4	25	
1	13	0	20	9	12	3	11	2	14	
4	1	8	2	1	16	
2	22	9	20	
8	21	2	3	4	10	
3	10	
9	25	
3	15	9	24	5	6	8	8	6	14	
8	22	
3	16	7	3	8	9	
0	18	
2	21	
6	12	3	11	1	4	2	5	
5	16	
9	1	
6	11	9	10	0	18	1	21	3	25	
0	23	5	21	
4	15	3	2	8	16	
3	8	8	12	4	1	
1	10	8	8	6	12	7	18	5	14	
7	15	
2	18	
0	19	9	3	7	15	1	18	
9	25	5	12	0	11	2	9	
7	6	0	7	2	20	8	10	
0	18	
8	23	
1	24	0	7	8	13	4	14	5	20	
5	4	4	12	0	21	1	9	
9	7	1	18	4	15	7	14	
5	16	7	1	
7	15	
6	25	
4	15	1	12	9	17	7	18	2	25	
6	8	5	15	0	11	
6	19	5	3	4	11	
9	17	8	11	1	18	
0	13	2	15	8	3	4	10	
2	10	9	6	
7	7	4	4	0	18	
0	24	8	11	5	3	
4	4	3	15	
9	10	2	1	
9	6	8	13	4	22	
0	11	8	7	7	25	5	1	
2	7	1	24	6	2	
6	15	2	14	3	22	7	11	
2	23	9	24	6	12	
8	21	
4	20	6	19	
6	21	4	8	0	18	9	19	
1	24	0	6	5	5	6	13	3	17	
8	25	5	23	2	8	1	2	
2	3	8	19	
1	19	7	11	3	3	
3	22	0	24	
3	25	6	6	5	16	7	17	0	2	
3	6	
3	21	6	5	2	8	0	15	5	18	

Three processing times per job on each machine
The best scenario
466	333	
252	443	
332	781	
236	296	
598	1184	
1096	681	
111	122	
347	326	
134	311	
924	963	
406	691	
176	387	
491	551	
345	445	
286	426	
137	536	
246	262	
410	1019	
124	125	
483	869	
101	296	
152	309	
160	106	
299	844	
775	347	
586	806	
792	304	
543	612	
135	307	
78	131	
338	556	
1035	224	
298	437	
272	444	
832	756	
517	356	
291	268	
484	464	
131	105	
275	385	
946	714	
510	219	
268	218	
354	585	
315	352	
278	134	
1119	662	
497	192	
488	415	
471	745	
404	347	
455	805	
79	95	
418	602	
405	660	
431	919	
238	420	
162	67	
825	507	
195	225	
1018	443	
321	1075	
199	294	
95	191	
564	505	
531	689	
128	212	
508	720	
343	170	
690	369	
526	499	
524	682	
339	804	
596	181	
89	207	
761	714	
531	1006	
142	178	
430	189	
688	256	
1043	506	
338	210	
504	429	
593	574	
55	181	
166	185	
262	325	
302	168	
949	233	
460	356	
785	970	
390	1034	
494	151	
1264	914	
487	318	
182	217	
578	484	
726	401	
416	340	
367	445	
Most likely scenario
898	345	
330	465	
467	953	
420	503	
1036	1198	
1195	716	
155	191	
428	519	
249	595	
1430	1410	
745	808	
302	427	
604	671	
451	737	
314	524	
140	565	
489	280	
411	1259	
179	140	
492	954	
169	396	
182	351	
188	187	
308	961	
1117	415	
992	1055	
1019	475	
606	640	
168	568	
79	139	
594	969	
1045	356	
493	444	
405	475	
1435	1035	
547	456	
454	282	
578	536	
207	117	
446	446	
1248	979	
532	341	
290	327	
638	943	
356	545	
392	185	
1221	1166	
514	282	
826	546	
535	994	
574	602	
679	876	
137	159	
453	654	
468	702	
437	1418	
447	474	
183	88	
882	993	
363	294	
1407	569	
577	1325	
316	466	
155	318	
574	998	
625	704	
198	385	
612	900	
391	303	
921	572	
690	779	
752	862	
584	820	
910	269	
106	263	
799	1246	
781	1014	
210	222	
631	310	
815	304	
1100	701	
580	260	
786	529	
1185	645	
91	261	
209	228	
272	469	
423	272	
1134	339	
581	401	
876	1018	
425	1126	
554	257	
1332	920	
613	475	
317	414	
639	561	
997	452	
437	396	
531	695	
The worst scenario
1169	426	
335	554	
645	1241	
529	504	
1240	1765	
1709	947	
198	243	
461	545	
332	714	
1831	1835	
885	1100	
448	504	
655	974	
551	1050	
336	756	
200	721	
658	346	
607	1757	
222	187	
595	969	
184	517	
247	421	
218	233	
450	1309	
1218	468	
1142	1286	
1123	647	
631	932	
203	814	
114	203	
840	1071	
1274	431	
499	665	
578	489	
2124	1519	
585	598	
485	391	
841	610	
310	148	
481	481	
1507	1203	
739	498	
347	478	
710	947	
450	611	
511	250	
1411	1264	
640	354	
947	729	
695	1164	
817	695	
1018	881	
144	227	
536	974	
611	804	
446	1935	
663	614	
264	93	
1284	1466	
484	295	
1945	590	
615	1904	
359	638	
158	442	
719	1082	
846	803	
218	449	
757	959	
406	336	
946	656	
913	813	
755	945	
872	1198	
927	313	
119	356	
1155	1273	
801	1427	
290	242	
763	345	
1071	444	
1590	975	
755	385	
1094	554	
1632	890	
109	318	
243	318	
368	526	
569	289	
1218	378	
696	577	
1231	1143	
565	1503	
728	358	
1560	1152	
900	482	
379	539	
691	619	
1348	461	
499	562	
765	717	
