Factories	7	Jobs	150	Machines	2

Total number of component types per job processed by HSPM
9	9	11	9	7	12	12	7	10	7	8	6	5	8	12	5	7	8	11	12	12	11	7	6	8	6	7	12	9	12	9	12	5	10	10	10	9	9	12	5	11	12	7	6	11	11	12	12	6	8	5	11	11	8	9	7	10	11	7	11	8	7	8	7	8	10	10	9	7	7	10	11	7	12	9	6	7	9	11	5	8	11	12	5	11	9	12	11	9	7	5	7	11	9	10	7	12	10	10	7	11	6	5	8	5	5	6	6	10	10	10	7	7	10	8	9	12	8	9	10	7	8	10	6	9	10	8	5	7	10	11	11	12	6	6	12	5	8	5	7	5	5	8	10	9	12	8	7	7	11	

Total number of component types per job processed by MFPM
3	4	2	1	5	1	4	5	1	1	4	3	4	5	5	5	2	5	2	2	1	2	4	4	2	5	2	2	2	5	3	4	3	5	1	5	5	2	5	1	4	5	2	4	1	2	4	1	5	5	3	2	3	2	5	2	3	4	4	2	3	1	5	4	3	3	2	3	3	2	2	3	1	1	4	4	5	4	2	3	2	3	1	3	1	2	2	3	4	4	1	1	2	2	5	2	3	2	4	5	1	5	3	3	2	4	3	1	1	5	3	3	5	3	2	5	5	3	3	3	2	1	3	3	4	2	2	4	3	4	2	4	1	5	1	5	4	4	5	2	5	4	3	5	1	1	1	5	5	1	

All component type numbers for each job to be processed by HSPM
13	66	8	31	16	57	17	58	6	7	15	4	9	73	19	61	14	20	
13	40	16	46	7	27	9	63	3	8	10	10	17	41	11	39	4	53	
4	57	12	56	5	33	0	27	11	47	8	60	16	58	9	15	2	48	7	3	10	14	
1	70	19	55	4	73	11	61	9	9	2	10	14	30	12	64	5	62	
15	13	10	43	19	67	18	60	17	36	3	34	0	69	
8	40	1	34	5	69	13	5	4	55	9	50	7	73	19	22	14	39	0	19	15	48	11	51	
11	6	0	45	3	25	18	17	10	60	17	62	15	57	4	65	19	4	9	19	16	69	13	14	
11	48	18	69	10	61	17	41	13	11	19	32	7	4	
17	38	11	1	8	47	2	43	9	60	3	23	5	62	0	11	19	42	6	26	
9	5	14	50	4	8	6	58	10	75	13	54	5	35	
14	69	6	19	17	16	16	33	1	26	13	3	5	71	8	54	
4	5	15	55	18	51	10	65	13	8	14	19	
10	62	5	73	1	37	4	44	9	53	
6	75	14	26	8	2	7	60	19	15	17	45	1	33	18	59	
10	2	5	13	14	62	7	41	18	59	6	56	19	50	9	32	11	55	17	65	16	35	2	71	
16	44	12	7	0	39	14	17	17	29	
2	63	6	39	11	14	17	62	7	72	5	9	9	75	
11	14	10	54	14	18	6	43	8	58	13	72	16	48	18	22	
10	29	19	6	7	62	17	13	13	39	12	59	0	64	18	42	1	72	16	57	6	60	
17	71	2	39	5	12	9	59	7	56	1	43	10	4	16	62	14	31	4	63	12	53	18	66	
0	27	5	28	18	57	1	58	3	15	6	44	12	20	9	4	2	61	13	72	17	29	7	49	
10	1	9	30	17	37	7	33	6	3	3	57	8	48	1	14	5	20	0	47	11	59	
3	3	1	22	10	34	16	1	18	75	14	41	0	23	
16	31	18	39	13	57	7	41	6	28	19	59	
15	75	17	69	2	68	6	7	7	50	19	26	13	35	18	32	
9	63	12	66	1	34	14	17	6	10	16	36	
12	31	13	30	17	21	2	12	8	41	0	11	4	45	
17	48	13	7	0	24	2	33	18	64	6	32	7	71	9	31	8	16	5	41	4	68	11	17	
9	7	17	64	13	24	3	63	16	38	12	16	1	65	5	70	14	40	
8	36	9	17	12	11	7	53	5	8	1	29	10	10	16	13	4	49	18	66	17	39	2	72	
10	34	8	10	15	59	18	53	1	28	9	45	11	12	4	46	12	2	
3	46	2	53	7	16	4	75	11	65	16	10	13	74	0	11	15	58	1	60	12	43	10	7	
11	15	7	59	19	46	3	20	8	14	
18	49	10	69	16	33	5	57	14	52	3	71	13	44	4	70	19	74	2	73	
6	5	5	47	13	22	7	3	1	42	15	62	16	23	0	12	17	70	19	16	
16	56	12	22	13	27	17	13	6	75	0	12	1	43	4	61	14	35	15	44	
2	63	1	11	3	24	19	10	8	54	18	52	5	43	13	51	9	5	
14	23	1	44	3	1	0	33	2	43	17	42	15	50	4	10	16	72	
16	13	2	23	10	32	15	58	12	67	4	30	5	68	18	27	13	17	9	66	3	73	6	7	
0	62	18	44	3	32	1	30	6	56	
15	48	6	61	14	2	16	59	13	52	2	37	18	7	7	40	3	36	19	13	11	62	
17	33	8	12	6	7	1	58	15	37	19	41	9	66	3	44	4	68	2	27	13	65	7	54	
8	14	12	51	15	40	1	9	6	38	19	67	3	33	
10	23	11	2	4	12	6	48	14	29	19	7	
10	51	8	17	3	59	12	29	13	10	17	65	7	30	14	8	11	16	16	72	19	27	
0	31	14	58	1	1	11	38	8	56	16	4	13	43	19	6	9	59	17	26	3	13	
14	68	5	40	12	54	2	10	1	57	0	60	11	19	3	46	18	43	16	21	13	55	7	4	
2	4	15	60	5	42	0	14	16	17	17	13	13	18	6	15	12	31	9	49	7	66	4	6	
9	65	14	40	19	45	7	22	0	34	10	13	
18	13	12	34	9	36	15	63	6	15	13	25	14	71	8	40	
3	38	12	13	9	42	14	22	18	8	
3	7	8	6	1	32	10	25	18	45	17	28	19	8	13	74	9	3	14	66	7	22	
9	56	1	70	17	16	18	14	7	32	13	50	6	39	2	9	0	30	16	8	3	68	
5	11	16	30	19	42	6	47	18	13	17	26	3	3	1	18	
16	8	10	75	13	53	9	59	3	34	15	10	12	38	8	9	7	3	
10	68	8	19	3	4	19	2	1	38	17	20	6	35	
4	61	15	3	6	67	8	18	7	62	17	21	2	6	5	50	18	26	19	71	
13	46	1	34	5	11	3	75	17	2	12	69	15	64	19	16	18	18	11	61	2	4	
18	54	2	46	11	22	12	19	5	28	8	15	10	69	
4	59	19	69	14	61	11	72	9	45	6	5	16	65	8	12	12	32	13	20	17	23	
3	72	10	71	2	51	5	23	11	36	4	26	8	66	17	46	
15	71	2	67	16	1	4	39	3	10	12	23	7	14	
19	68	6	2	17	62	15	50	11	12	7	45	4	53	1	73	
12	43	0	54	15	27	6	32	4	38	19	48	8	13	
12	14	16	49	17	55	4	34	7	46	19	24	9	42	8	44	
1	7	16	18	8	11	5	10	12	9	9	62	6	57	0	64	17	42	10	44	
2	66	4	5	1	39	15	47	0	24	19	11	16	53	11	44	5	31	14	13	
11	61	10	25	5	24	6	44	13	49	9	1	12	33	0	67	15	63	
3	52	7	51	12	45	2	21	1	70	4	62	14	7	
2	27	18	20	10	29	3	37	14	8	12	14	1	71	
11	67	1	6	14	5	3	22	5	15	4	41	9	45	2	37	8	24	0	68	
1	41	19	10	11	2	16	6	15	48	9	75	14	43	17	65	3	54	8	18	0	68	
7	73	17	10	15	12	14	18	8	34	18	41	0	60	
19	42	9	9	12	21	6	27	17	44	10	25	11	37	15	46	18	11	4	55	14	38	13	39	
13	19	15	43	14	30	3	56	12	14	1	62	4	21	6	63	2	2	
19	44	1	41	17	51	4	70	18	32	12	54	
19	73	16	72	4	15	11	57	13	67	17	3	6	5	
4	13	17	55	18	52	10	57	8	48	6	29	0	54	2	17	16	16	
13	67	12	61	0	60	19	65	11	10	4	17	16	18	18	58	14	53	10	23	17	1	
7	46	10	26	2	41	17	19	19	15	
15	9	4	68	1	18	14	52	3	22	19	40	10	14	0	45	
11	1	8	15	17	30	14	65	7	27	12	55	18	17	10	9	3	25	0	28	9	18	
0	3	9	69	10	21	1	73	6	49	13	72	18	5	4	61	5	46	3	64	2	74	11	11	
15	20	13	52	19	40	8	33	12	60	
11	62	6	47	16	43	12	35	15	16	9	22	5	2	19	71	1	28	18	74	7	14	
1	51	5	37	6	73	19	23	7	35	14	16	2	20	8	45	11	10	
0	6	14	42	1	5	2	74	7	30	9	31	4	68	12	71	5	66	8	9	19	4	15	10	
14	49	15	35	17	20	6	16	19	4	7	55	2	67	18	15	5	10	13	37	12	27	
2	67	8	3	3	47	15	48	12	4	17	39	14	55	18	69	1	35	
2	11	1	64	13	28	7	33	5	54	15	75	4	25	
18	48	4	46	15	26	14	32	9	28	
11	75	13	7	18	5	6	29	16	13	5	33	17	14	
5	63	9	5	19	6	12	3	10	23	0	68	2	66	4	27	1	43	14	69	15	74	
3	62	10	67	13	73	9	40	8	13	14	64	11	51	6	33	12	36	
4	73	8	53	17	51	5	56	7	26	14	2	6	54	1	20	3	68	13	19	
19	42	3	60	10	52	4	74	1	18	2	47	12	64	
3	73	9	10	1	3	12	47	4	6	13	71	14	16	7	64	10	5	2	70	11	75	8	61	
13	64	12	57	15	20	14	39	6	45	2	34	7	60	11	11	8	54	16	18	
5	37	9	71	16	52	2	50	12	65	6	53	19	39	14	15	17	35	1	34	
13	34	15	71	8	41	6	43	0	60	19	25	7	50	
11	41	8	35	19	31	3	43	6	14	0	56	2	22	14	58	13	23	16	57	1	13	
3	67	10	51	12	32	16	71	8	20	17	17	
16	31	1	70	13	36	3	63	17	57	
3	68	5	74	19	40	2	31	4	35	10	45	7	19	12	6	
7	16	18	20	3	28	4	15	2	54	
9	11	2	29	7	43	6	8	4	54	
3	68	8	75	4	2	13	61	17	25	12	64	
6	15	15	2	12	28	1	10	8	40	5	57	
2	5	9	69	1	51	19	42	10	12	15	11	5	41	3	8	13	18	11	70	
2	21	1	22	11	59	15	60	4	14	6	46	17	6	10	28	0	23	19	75	
6	54	19	8	1	60	16	16	9	69	10	66	4	14	5	21	0	42	11	28	
7	44	14	60	1	37	17	68	3	29	6	15	2	38	
0	19	15	47	5	41	10	63	17	5	19	48	4	25	
12	27	5	34	11	21	15	9	14	19	8	43	16	61	19	6	6	44	7	25	
18	41	8	42	15	70	5	74	17	8	7	48	19	26	14	31	
19	60	18	43	17	35	1	44	16	14	12	20	7	62	9	36	8	65	
2	24	15	36	13	5	8	57	16	2	17	6	11	61	19	11	14	18	6	32	1	7	5	34	
7	72	14	50	12	54	0	9	1	23	13	55	17	24	5	46	
15	6	1	15	9	28	19	41	2	36	12	45	17	69	10	50	18	16	
10	21	0	15	18	41	6	33	1	17	5	64	14	2	11	65	15	5	9	46	
8	50	6	33	4	68	14	2	3	60	11	74	16	47	
10	48	12	57	13	73	4	17	11	68	14	62	5	72	1	22	
6	21	10	55	16	52	9	20	1	74	18	7	8	28	2	66	14	53	7	26	
14	64	17	28	19	23	18	15	13	3	9	16	
5	17	2	10	11	1	13	30	4	61	10	47	1	19	0	2	7	74	
8	55	19	7	13	16	2	64	11	23	3	43	1	52	14	33	7	51	4	17	
9	64	3	5	11	1	15	55	16	74	4	61	13	6	12	75	
19	31	0	47	9	33	15	60	7	6	
14	62	11	13	8	11	13	56	6	8	16	39	7	3	
4	32	17	18	14	67	9	1	16	48	15	72	2	75	12	45	1	27	0	50	
15	42	12	30	2	63	11	50	18	11	14	26	8	19	4	46	0	58	19	61	6	39	
16	36	13	20	10	74	0	1	8	73	5	47	15	41	6	9	12	32	17	39	1	26	
6	58	7	51	8	71	13	38	0	31	4	34	19	11	3	19	2	45	15	26	16	9	12	12	
19	55	18	58	0	61	10	14	4	35	17	44	
3	30	5	13	4	16	16	50	0	25	13	51	
11	64	13	5	0	17	17	1	3	58	15	75	14	44	19	39	9	3	10	72	16	35	2	69	
13	12	11	30	9	22	6	26	2	31	
15	37	9	42	11	52	3	8	17	26	12	67	4	29	16	69	
8	3	18	44	13	54	19	25	0	4	
2	8	19	60	15	39	7	72	16	42	8	16	10	26	
19	23	14	19	10	52	13	38	7	1	
15	58	18	33	19	74	8	16	4	31	
9	50	19	45	12	32	7	5	2	28	0	25	6	56	8	2	
6	66	17	61	13	34	0	9	15	67	4	75	9	42	10	8	5	4	3	2	
10	28	3	3	9	73	12	46	14	40	15	1	5	74	18	20	13	27	
9	23	13	12	19	53	18	3	17	35	5	55	4	60	6	69	0	46	14	54	8	75	11	56	
14	10	1	57	16	53	19	21	8	39	9	6	17	51	7	40	
1	34	2	29	14	74	18	9	8	28	19	8	5	26	
9	14	1	49	8	5	14	53	11	72	10	69	17	29	
8	21	5	12	7	74	6	47	18	72	3	10	0	73	10	7	17	52	2	13	12	48	

All component type numbers for each job to be processed by MFPM
1	12	7	13	5	9	
9	18	8	20	0	10	7	4	
4	13	3	22	
9	4	
7	17	0	6	5	20	8	15	1	21	
3	19	
0	23	5	18	2	24	3	11	
1	2	9	21	5	12	2	23	8	18	
3	6	
5	25	
2	13	3	3	5	15	1	20	
0	12	9	6	2	21	
9	24	5	21	0	25	3	23	
3	3	7	12	4	21	6	18	0	7	
8	6	2	5	0	7	9	11	6	15	
0	4	9	24	3	19	6	21	8	10	
1	4	0	14	
6	18	3	24	2	10	7	14	0	5	
8	15	6	5	
5	21	1	14	
5	9	
6	14	1	21	
4	13	3	21	7	25	6	24	
6	23	9	3	0	21	3	1	
4	22	2	9	
5	12	1	11	8	4	3	15	4	13	
7	18	6	8	
2	2	8	5	
5	21	4	18	
6	20	7	17	1	6	2	15	0	14	
4	4	3	22	5	7	
3	20	1	3	5	13	4	10	
0	4	7	12	6	16	
6	16	3	22	0	8	9	14	4	1	
9	3	
2	7	5	5	3	14	6	1	8	2	
7	22	6	3	5	7	4	9	0	21	
0	10	5	5	
8	23	1	5	3	25	0	24	9	10	
2	21	
2	16	5	4	3	19	8	6	
0	6	2	8	4	11	1	20	3	14	
4	7	6	22	
4	10	1	16	2	9	6	21	
9	1	
7	10	3	21	
4	15	7	16	0	17	9	13	
8	23	
7	4	2	1	3	17	6	21	5	10	
4	23	5	16	9	10	1	22	3	7	
8	23	7	16	9	4	
6	1	1	11	
3	8	0	9	1	11	
3	2	2	5	
9	5	0	9	8	3	5	2	1	7	
1	3	5	4	
7	11	8	15	1	16	
9	4	5	21	3	15	6	2	
4	10	9	1	2	8	1	3	
2	6	0	2	
4	18	1	22	2	2	
4	10	
2	4	5	17	6	8	1	7	9	20	
8	9	9	20	1	23	0	15	
9	3	2	12	0	2	
1	20	7	22	4	1	
7	16	4	20	
4	17	6	10	8	2	
8	24	6	1	5	3	
2	5	8	18	
4	12	6	16	
7	11	0	6	9	5	
2	6	
0	18	
1	4	8	21	9	22	7	5	
1	7	8	14	2	3	0	19	
5	1	2	10	3	4	6	16	7	17	
8	25	6	18	1	1	0	17	
9	18	6	2	
4	19	0	10	7	18	
6	13	9	11	
5	1	0	8	6	12	
7	23	
3	5	6	21	0	14	
4	14	
0	14	2	25	
3	9	4	20	
1	21	9	12	5	3	
8	17	9	8	6	9	7	3	
9	2	5	12	3	3	0	22	
7	5	
7	6	
7	13	5	20	
2	20	0	14	
9	23	4	25	8	22	5	9	6	13	
9	3	1	19	
2	21	3	13	8	15	
7	18	2	22	
9	3	1	17	4	9	6	1	
7	13	0	8	3	18	8	9	9	19	
5	15	
5	6	6	22	9	8	0	21	3	20	
2	3	3	15	8	1	
6	4	5	7	7	25	
2	23	4	6	
5	11	0	5	2	18	7	8	
5	15	8	4	4	2	
1	15	
0	8	
8	9	5	25	1	13	9	19	7	17	
9	4	8	9	5	21	
1	23	3	25	8	21	
7	11	8	25	2	4	0	1	9	23	
5	20	4	8	0	23	
2	19	3	7	
7	20	8	25	9	13	3	3	0	8	
9	14	7	23	2	7	4	24	6	19	
3	4	8	21	1	6	
4	11	0	9	6	16	
7	7	6	18	0	24	
1	22	4	9	
6	20	
8	10	3	6	4	19	
6	5	4	9	1	23	
6	12	2	18	7	23	4	20	
6	1	0	4	
1	2	9	5	
6	18	3	7	7	15	9	23	
3	2	1	23	8	21	
7	19	1	13	6	3	0	9	
1	2	0	21	
0	13	9	14	2	16	1	7	
1	20	
0	13	3	19	2	12	1	5	5	23	
4	7	
2	1	8	23	5	18	1	15	0	9	
4	25	7	20	6	24	0	21	
8	16	2	3	7	6	4	12	
9	20	8	13	0	5	4	11	7	23	
8	23	4	19	
1	20	7	10	6	11	9	23	8	15	
0	17	7	18	3	10	4	7	
2	21	8	3	3	24	
4	18	2	9	1	5	8	4	7	11	
5	21	
5	4	
1	13	
7	15	6	19	2	10	9	18	0	8	
5	12	0	4	1	25	7	6	2	11	
4	6	

Three processing times per job on each machine
The best scenario
75	74	
100	85	
88	55	
29	54	
299	139	
227	305	
459	450	
54	34	
116	134	
123	137	
76	271	
218	232	
96	126	
238	154	
104	35	
103	69	
312	300	
299	177	
127	267	
69	209	
210	473	
338	185	
139	103	
71	32	
122	363	
30	82	
482	124	
199	235	
38	22	
140	413	
40	69	
95	116	
36	173	
88	142	
55	49	
110	97	
129	79	
26	96	
128	82	
304	205	
75	121	
165	182	
54	96	
92	47	
214	221	
218	179	
215	326	
91	185	
169	188	
213	469	
297	114	
182	289	
46	72	
204	250	
62	84	
119	98	
157	87	
57	48	
101	95	
113	217	
440	252	
55	66	
178	143	
435	101	
97	113	
449	306	
225	198	
143	97	
214	344	
94	54	
132	200	
419	178	
464	459	
59	52	
243	120	
275	253	
68	203	
55	35	
301	349	
525	355	
57	21	
46	16	
25	30	
154	148	
470	304	
284	268	
358	121	
39	69	
77	71	
105	241	
299	106	
88	174	
146	379	
167	394	
19	29	
396	164	
80	257	
58	186	
39	32	
115	27	
41	35	
155	137	
90	373	
51	71	
113	98	
348	178	
59	206	
139	123	
292	254	
63	106	
28	56	
60	51	
284	198	
34	96	
66	30	
101	150	
317	216	
205	272	
46	39	
84	194	
37	49	
70	151	
319	308	
88	134	
331	205	
40	24	
164	106	
37	112	
156	52	
45	54	
286	218	
169	128	
288	263	
379	181	
152	211	
399	355	
78	161	
138	218	
58	69	
32	69	
150	199	
236	136	
105	137	
154	105	
117	216	
154	77	
144	261	
167	159	
63	32	
60	16	
Most likely scenario
143	100	
187	97	
114	94	
32	65	
329	268	
293	481	
472	565	
88	51	
160	170	
189	181	
99	313	
312	294	
191	172	
376	187	
111	68	
155	87	
330	430	
357	252	
147	268	
126	275	
228	551	
415	188	
150	148	
74	53	
154	394	
43	106	
485	149	
307	243	
43	44	
225	536	
51	83	
147	183	
48	187	
148	225	
65	91	
178	109	
132	86	
32	124	
154	99	
405	298	
88	198	
279	307	
93	188	
171	77	
419	231	
396	228	
285	338	
159	325	
170	226	
288	472	
464	156	
265	539	
89	122	
305	313	
118	118	
133	107	
249	141	
64	78	
162	129	
204	401	
491	481	
61	100	
308	251	
506	186	
130	159	
466	315	
263	202	
186	132	
307	354	
100	100	
150	361	
425	235	
475	460	
96	86	
259	151	
518	336	
113	249	
67	37	
480	402	
554	543	
62	40	
55	22	
32	45	
216	171	
523	359	
297	368	
588	221	
50	89	
85	73	
151	457	
464	155	
127	287	
194	426	
241	572	
27	53	
411	285	
138	263	
83	190	
58	36	
116	49	
55	47	
173	199	
172	422	
58	78	
185	153	
360	252	
105	208	
151	174	
338	282	
77	110	
35	80	
61	70	
313	241	
58	100	
90	52	
149	222	
330	254	
262	337	
62	60	
105	308	
50	52	
133	176	
364	337	
113	224	
387	346	
56	28	
322	172	
73	114	
166	95	
51	83	
516	275	
237	147	
334	301	
453	285	
230	228	
406	513	
112	300	
162	345	
116	105	
47	136	
297	303	
286	179	
164	151	
292	134	
121	252	
173	153	
256	278	
174	227	
77	38	
85	25	
The worst scenario
193	150	
224	138	
156	140	
33	71	
397	291	
415	594	
634	703	
98	56	
205	175	
274	243	
128	422	
387	431	
234	218	
515	194	
143	102	
190	102	
380	615	
490	362	
151	315	
160	289	
325	723	
426	206	
217	168	
106	60	
205	482	
59	138	
536	182	
330	249	
62	59	
275	627	
63	112	
214	224	
59	248	
220	273	
82	135	
246	145	
165	125	
43	167	
186	127	
554	416	
112	231	
316	423	
133	260	
231	104	
520	293	
554	273	
425	427	
199	468	
206	282	
389	680	
518	177	
276	681	
103	126	
381	405	
148	157	
153	110	
311	198	
68	106	
234	141	
214	423	
646	492	
86	129	
317	323	
590	190	
145	202	
495	419	
270	284	
237	190	
400	466	
141	116	
204	483	
435	239	
695	626	
128	111	
328	208	
598	372	
139	369	
80	43	
679	524	
740	744	
83	46	
69	31	
44	58	
232	217	
717	467	
375	511	
653	231	
69	128	
116	77	
157	673	
673	212	
135	409	
276	603	
306	637	
28	71	
602	402	
177	343	
113	210	
61	52	
118	72	
57	66	
220	273	
253	533	
83	89	
266	160	
370	290	
106	275	
211	196	
429	378	
89	160	
44	92	
91	101	
404	327	
66	125	
113	68	
187	290	
468	320	
333	397	
76	74	
117	453	
63	54	
173	178	
425	388	
141	296	
410	422	
75	36	
385	174	
74	119	
188	115	
63	115	
518	396	
334	211	
393	437	
604	316	
294	267	
443	745	
142	393	
197	507	
162	119	
64	184	
321	332	
422	252	
207	225	
379	186	
142	301	
253	204	
368	303	
235	295	
105	39	
96	36	
