Factories	7	Jobs	150	Machines	3

Total number of component types per job processed by HSPM
5	10	8	9	7	11	5	5	9	12	10	6	8	7	8	8	10	12	7	7	8	12	6	7	12	11	7	9	5	6	10	6	8	9	9	8	9	12	5	7	11	7	7	10	12	11	9	7	5	11	6	5	8	11	6	7	10	7	7	12	12	8	9	5	12	11	8	6	9	10	8	8	8	7	12	6	8	5	7	7	5	9	7	12	10	10	6	11	8	5	11	11	7	12	8	8	10	8	5	9	8	12	6	8	8	12	9	10	5	6	10	8	10	7	10	5	8	9	5	9	5	12	10	6	7	11	9	9	9	8	9	10	6	10	7	7	12	6	5	6	10	12	10	10	5	12	7	8	7	9	

Total number of component types per job processed by MFPM
1	5	5	1	1	1	2	4	1	3	1	1	3	5	3	5	2	4	1	3	4	4	1	2	5	2	4	3	4	5	3	4	3	5	4	5	5	1	4	1	3	2	5	1	3	2	1	2	5	1	1	2	2	1	1	4	3	3	3	1	1	1	2	4	5	3	5	2	2	4	1	4	5	1	3	5	4	2	4	4	4	1	3	2	4	4	1	4	2	1	4	1	3	1	3	3	2	2	5	5	1	3	1	2	1	3	4	5	1	2	4	2	5	4	1	5	3	5	5	2	1	1	1	2	5	5	3	4	1	5	2	3	5	5	4	1	5	4	5	5	3	4	3	5	2	4	2	2	1	5	1	2	5	5	1	2	3	3	5	4	4	1	3	3	1	1	2	2	4	1	2	3	5	2	2	2	1	5	4	4	2	4	5	4	3	2	4	1	1	1	2	4	5	4	3	5	5	4	5	4	2	4	2	5	3	3	5	4	2	2	5	4	3	4	3	2	3	4	5	3	4	4	4	5	5	5	5	4	3	3	2	3	4	4	1	2	1	5	4	4	2	5	3	1	2	5	5	2	2	2	4	1	4	3	4	1	3	4	4	1	5	2	3	5	4	5	2	3	5	4	3	1	1	1	5	2	5	4	5	3	1	3	4	4	5	3	4	5	5	4	5	2	2	3	5	4	2	5	2	4	

All component type numbers for each job to be processed by HSPM
8	29	12	39	2	28	17	20	13	55	
7	31	11	51	18	28	15	59	13	13	16	25	8	73	10	74	2	68	3	21	
9	44	19	73	8	50	2	67	13	37	17	2	6	17	11	19	
14	24	13	12	15	38	3	2	0	63	5	4	18	72	16	53	19	61	
9	75	15	45	11	65	8	37	4	16	1	10	0	35	
11	17	9	41	19	30	14	2	6	6	7	24	17	60	3	12	4	23	8	21	15	13	
19	31	18	32	6	3	10	46	11	43	
4	47	17	37	11	60	14	39	0	11	
9	38	12	69	14	3	1	35	2	47	19	56	8	4	6	40	10	67	
5	64	16	19	1	6	12	41	11	8	18	46	14	20	6	67	7	17	19	39	17	7	15	50	
11	30	13	27	12	48	2	60	7	25	8	17	16	40	19	14	1	53	5	69	
14	72	17	73	2	46	5	36	6	57	8	60	
0	41	6	3	10	73	13	26	18	4	7	68	15	69	16	31	
16	53	9	41	3	37	10	28	4	34	1	55	15	23	
1	36	5	62	10	22	14	11	4	72	9	39	12	73	16	17	
7	3	9	48	12	19	13	31	11	63	5	69	6	29	19	57	
13	21	5	22	18	50	17	47	11	55	7	19	0	10	9	34	1	40	15	58	
14	38	12	46	2	68	13	52	9	17	5	62	17	71	16	75	0	20	19	44	1	21	15	65	
3	2	12	27	5	47	18	25	6	54	4	6	11	66	
19	10	4	31	0	16	18	21	5	57	17	44	8	4	
3	61	6	20	10	36	13	33	15	66	12	38	5	48	14	35	
14	52	9	11	12	60	7	54	18	39	6	74	17	63	15	58	8	28	13	16	1	56	2	14	
6	70	14	64	2	57	16	60	0	48	7	33	
14	22	17	43	2	51	4	47	5	9	19	16	3	61	
1	70	3	48	4	30	5	64	11	36	12	61	13	75	15	68	8	31	17	47	14	12	7	66	
1	65	5	7	3	39	12	21	2	16	14	40	11	75	15	59	0	69	4	53	10	72	
9	69	15	30	19	3	1	32	13	55	4	27	17	72	
3	67	1	20	13	22	19	53	2	16	18	73	9	29	4	48	5	33	
17	62	6	43	16	63	11	5	5	30	
0	63	13	44	7	31	2	71	12	2	14	15	
14	3	5	4	12	52	16	40	9	33	15	23	19	57	10	55	2	22	11	45	
5	44	16	65	17	69	3	62	8	26	9	43	
14	5	3	64	16	69	0	11	7	32	8	8	11	2	13	48	
3	12	5	60	16	74	17	38	14	22	0	40	15	7	12	35	2	68	
14	60	2	46	3	73	19	59	15	49	1	48	11	19	12	13	17	24	
18	66	11	10	4	19	6	7	1	16	3	72	2	35	12	3	
10	57	6	51	0	73	14	6	12	30	4	68	5	35	17	48	8	72	
9	51	12	8	16	16	4	30	0	29	3	47	19	56	11	10	10	7	8	73	2	54	7	6	
9	33	11	72	17	75	1	59	15	15	
15	68	11	7	19	41	7	1	1	26	17	70	12	56	
16	67	13	50	4	63	15	61	12	6	2	62	17	32	19	21	7	3	11	48	18	9	
18	72	5	56	7	46	12	27	13	44	11	4	1	6	
17	11	9	26	13	25	18	39	2	34	4	48	0	51	
6	33	13	21	19	73	14	17	18	18	11	34	0	57	15	14	9	44	3	11	
17	30	8	2	16	62	0	17	5	11	19	49	7	39	9	56	2	55	12	34	14	7	13	16	
15	37	14	59	12	58	18	2	19	10	1	19	13	11	11	72	6	65	16	9	17	24	
16	9	8	43	6	58	14	26	3	46	18	10	7	17	10	30	19	33	
11	36	16	30	0	75	10	15	7	63	13	51	3	48	
15	31	3	11	10	5	14	67	18	38	
14	59	0	6	12	1	9	19	7	47	11	70	17	58	19	56	2	24	15	68	13	9	
9	7	6	51	10	47	1	24	7	59	11	70	
18	24	9	57	8	45	6	29	1	5	
12	6	3	25	13	60	19	68	6	73	18	26	1	30	11	29	
8	60	9	32	5	26	13	37	18	20	4	24	10	64	7	2	12	67	11	55	1	4	
0	63	16	12	17	47	5	13	13	14	8	65	
10	74	7	38	4	46	5	55	11	50	6	31	1	14	
9	23	3	43	17	7	0	18	16	74	15	33	4	25	13	45	2	58	5	41	
11	74	8	57	2	48	7	56	10	60	4	18	3	30	
7	68	19	12	18	43	8	36	14	3	2	6	9	41	
5	42	7	15	18	22	13	11	1	5	0	54	4	13	8	36	17	57	6	63	12	61	9	71	
18	70	11	52	3	4	1	10	15	66	7	74	0	73	19	30	5	54	12	62	10	63	8	27	
0	34	5	21	19	35	10	45	4	75	11	22	16	31	18	28	
6	16	3	10	7	57	10	69	17	40	9	21	14	11	12	56	15	1	
7	60	16	19	4	48	11	65	6	42	
6	12	18	26	7	29	16	31	17	71	11	4	8	19	9	15	5	67	15	8	10	65	2	66	
1	67	17	15	18	74	15	11	16	3	11	34	3	54	14	58	13	65	10	5	4	22	
10	64	1	46	15	72	14	63	19	40	6	43	5	34	18	58	
0	5	10	42	9	75	2	36	17	20	5	26	
12	3	5	11	6	49	11	20	19	64	15	41	2	67	0	42	17	19	
0	5	15	35	14	72	8	37	11	75	5	19	13	52	12	27	18	21	6	40	
4	31	8	5	17	56	15	41	0	21	14	27	11	12	10	70	
13	33	9	38	15	1	0	25	12	66	6	46	18	50	7	55	
17	57	7	11	0	73	15	68	6	70	5	58	10	29	4	48	
12	40	14	15	8	69	16	10	11	48	2	5	6	24	
16	5	10	69	6	31	4	10	2	54	13	19	14	29	15	68	3	47	9	16	5	24	19	21	
3	24	7	21	12	34	14	71	13	63	0	49	
18	1	3	6	1	36	0	17	6	11	8	9	9	5	12	68	
11	27	17	43	0	46	1	10	18	29	
8	9	14	32	7	25	12	63	5	74	15	47	1	71	
4	73	9	9	7	74	1	5	2	18	12	55	10	14	
5	63	16	34	7	57	15	13	6	46	
10	29	17	13	19	21	4	46	12	43	14	64	18	65	9	25	5	61	
10	16	4	57	17	74	1	50	16	18	12	55	3	52	
17	15	10	63	1	50	13	71	15	42	18	9	14	64	16	39	11	58	5	60	6	46	12	17	
9	54	12	1	3	42	18	49	6	10	13	43	15	29	10	62	11	32	2	9	
8	50	13	33	17	41	12	22	3	13	11	18	0	65	16	48	9	38	1	15	
8	15	19	12	4	47	3	70	17	8	12	63	
16	52	15	68	11	12	10	72	19	36	13	4	1	62	14	61	12	33	5	46	0	5	
3	11	1	13	10	59	7	35	2	2	5	39	16	9	18	75	
15	19	1	72	18	75	17	27	8	61	
1	34	9	6	14	20	17	69	7	15	12	44	4	33	13	46	10	23	5	8	2	40	
5	65	8	22	12	15	13	4	3	30	1	41	9	57	17	7	15	67	14	13	0	43	
1	23	15	21	17	57	18	52	12	47	10	30	0	60	
0	55	13	61	8	16	6	10	16	74	3	34	17	26	11	28	14	71	2	6	19	31	15	14	
10	63	3	38	17	6	15	4	16	44	13	72	5	75	8	31	
19	67	9	44	15	73	3	5	1	43	16	9	4	45	11	26	
19	59	1	27	17	49	4	8	0	44	7	18	3	17	15	23	13	3	16	20	
3	7	16	73	4	71	9	54	11	44	17	75	10	66	13	6	
18	75	3	45	0	58	2	36	15	57	
1	45	12	37	18	70	6	29	14	49	4	34	10	5	17	21	16	11	
5	18	14	31	16	2	7	53	9	48	0	71	10	17	2	1	
10	16	18	55	12	62	1	46	15	38	7	3	17	73	13	32	9	29	19	69	14	8	2	75	
14	15	18	54	3	35	9	32	1	22	4	50	
14	65	10	33	9	1	11	60	5	70	2	72	6	19	8	6	
13	54	9	74	5	30	16	41	10	44	14	35	0	65	12	24	
19	48	6	22	5	3	0	30	4	2	13	61	15	74	3	40	12	45	18	13	9	31	2	53	
16	7	19	36	2	44	13	13	4	67	12	73	11	68	14	21	6	71	
12	66	2	40	3	10	14	58	15	52	11	59	6	9	17	32	16	44	1	63	
7	68	13	9	17	74	3	10	1	6	
4	53	3	50	0	52	18	54	16	29	9	10	
10	38	17	53	3	33	8	51	9	35	16	65	7	8	5	49	4	61	6	32	
4	28	11	21	18	56	10	33	1	53	8	18	16	49	0	51	
1	64	12	49	18	21	0	4	6	12	15	35	11	75	7	44	5	36	13	71	
13	72	9	55	5	4	3	45	17	68	16	23	0	7	
18	5	17	24	11	44	6	2	16	63	15	18	9	52	1	67	19	12	12	53	
19	38	7	65	14	2	17	24	3	33	
7	14	0	51	5	10	12	50	17	40	15	37	6	4	3	11	
9	64	1	33	15	19	4	50	3	71	14	23	8	30	0	51	10	75	
19	7	8	37	12	38	4	48	6	24	
0	71	4	15	17	7	12	39	18	48	19	53	8	22	6	52	9	28	
1	71	4	29	15	58	16	49	17	20	
14	67	5	6	19	70	10	16	11	40	12	44	17	55	0	22	9	36	1	31	18	21	8	58	
11	7	19	51	4	22	18	37	14	15	15	17	3	1	12	9	1	73	0	8	
6	43	9	18	3	58	13	56	7	23	1	59	
3	14	8	75	19	16	2	33	4	10	6	27	12	59	
9	2	14	73	4	58	16	55	19	27	6	62	18	48	5	1	13	37	8	59	2	8	
12	33	13	7	14	60	18	37	3	27	1	14	9	38	0	19	5	42	
7	19	15	25	2	23	19	66	5	24	16	70	8	69	12	18	14	1	
3	55	12	75	4	46	19	43	7	12	11	35	6	38	10	51	15	64	
18	15	16	40	17	29	9	12	6	14	4	68	13	72	7	21	
13	46	8	63	18	25	11	26	0	59	10	53	2	24	3	51	17	66	
17	21	13	39	12	13	3	55	11	31	8	74	6	19	2	54	1	58	10	65	
12	41	19	61	10	50	17	25	3	11	15	57	
19	14	13	4	9	50	12	15	10	5	16	25	8	7	7	16	2	34	14	60	
11	32	0	47	19	4	14	56	1	37	7	27	9	63	
11	34	6	24	3	8	17	69	7	31	8	62	9	26	
19	57	2	62	8	33	0	8	9	66	3	38	6	46	5	73	13	32	4	71	17	40	1	37	
13	67	2	38	18	14	6	24	5	23	19	20	
13	64	10	44	12	55	5	23	4	62	
14	54	15	61	18	12	16	1	0	65	12	4	
6	26	13	47	19	48	7	66	8	12	1	36	5	67	3	42	17	1	0	39	
7	8	12	13	13	47	9	73	2	18	1	10	19	39	4	24	8	41	6	75	10	11	17	26	
3	65	0	43	17	42	8	44	15	57	12	70	7	3	14	67	11	24	4	40	
18	33	12	28	3	17	2	63	7	73	4	56	1	13	11	7	15	24	17	18	
6	22	11	10	4	61	0	55	14	36	
14	2	9	14	4	31	17	44	7	54	5	74	15	37	2	53	8	5	10	19	6	55	11	52	
18	27	1	13	10	71	17	31	5	58	9	64	7	63	
4	49	3	3	12	40	14	69	11	63	16	62	9	34	10	54	
14	20	10	73	12	63	9	28	6	54	13	62	1	31	
18	75	19	11	16	43	9	30	14	28	13	58	4	35	3	31	15	40	

All component type numbers for each job to be processed by MFPM
3	22	
1	37	3	26	9	28	8	41	6	27	
7	9	6	6	3	5	2	14	1	11	
3	48	
8	12	
5	44	
1	19	5	23	
0	28	1	49	3	30	9	42	
2	20	
2	32	5	26	1	37	
8	21	
8	48	
5	18	8	21	4	15	
7	31	8	36	6	44	3	40	4	39	
2	15	9	23	5	22	
0	48	4	45	5	43	8	50	3	46	
9	18	7	25	
7	39	1	47	3	49	4	44	
2	7	
7	48	5	36	0	41	
4	19	7	7	3	6	1	9	
9	38	3	29	8	42	6	32	
3	25	
4	26	9	29	
9	13	5	22	7	20	1	25	6	2	
7	44	9	31	
5	9	6	23	4	13	9	4	
0	30	3	40	1	32	
7	20	5	21	3	23	9	9	
5	39	3	27	8	28	4	30	1	37	
8	19	6	8	5	20	
5	42	8	50	2	43	1	49	
8	14	5	8	9	23	
5	30	9	43	2	41	1	32	4	46	
3	6	7	23	6	21	9	8	
9	33	4	44	1	28	5	41	7	35	
3	10	2	20	4	5	9	6	7	1	
3	49	
7	19	1	11	6	8	3	16	
0	35	
0	2	7	16	9	18	
7	37	1	40	
3	17	0	14	4	1	6	23	7	6	
2	37	
0	16	2	12	7	9	
3	42	8	41	
9	17	
6	37	0	26	
9	10	1	22	8	2	0	9	5	5	
3	29	
1	14	
8	48	2	30	
6	16	9	17	
3	32	
1	18	
7	39	3	46	6	45	8	35	
3	10	7	12	0	11	
8	37	5	45	7	33	
2	23	3	9	1	20	
0	44	
7	12	
6	41	
1	21	8	15	
3	32	9	34	6	42	2	29	
9	22	4	20	6	23	1	18	2	7	
0	35	9	33	2	26	
8	20	3	23	5	15	6	5	9	1	
2	45	9	48	
3	10	2	9	
8	41	2	32	3	27	1	30	
1	25	
7	48	1	33	9	40	4	45	
4	20	9	8	2	7	1	23	7	5	
7	37	
3	17	6	5	7	4	
0	41	4	31	5	27	1	48	3	47	
2	10	5	18	4	24	3	15	
2	29	3	36	
6	23	4	24	7	17	5	1	
8	40	6	45	7	27	5	26	
2	24	5	11	1	17	4	25	
3	49	
7	2	6	18	3	6	
4	28	0	35	
2	17	6	4	0	13	7	23	
3	27	5	29	1	28	9	33	
2	10	
1	32	5	49	7	48	8	44	
8	1	5	18	
9	48	
7	2	5	13	2	7	9	14	
2	45	
4	15	8	2	1	24	
7	39	
1	10	0	25	3	9	
0	37	2	45	6	47	
2	5	0	15	
5	30	4	37	
7	21	2	4	3	15	9	17	8	5	
4	38	9	41	3	47	0	33	8	30	
5	15	
0	46	1	28	6	36	
2	22	
9	45	0	30	
7	18	
7	44	9	49	1	31	
6	1	7	17	4	12	3	21	
0	35	8	50	2	32	4	33	6	46	
5	18	
2	50	5	32	
1	15	6	8	4	12	2	17	
5	34	3	33	
0	14	7	8	5	6	4	23	1	1	
0	45	7	41	4	31	9	47	
6	10	
0	47	4	44	7	36	8	38	9	39	
5	4	0	16	8	1	
2	45	9	41	5	34	3	30	7	28	
5	17	7	6	6	24	8	23	0	9	
4	42	6	37	
6	12	
5	32	
9	16	
3	31	7	30	
8	1	9	11	2	15	5	25	3	16	
0	28	2	30	1	42	8	29	7	48	
4	15	2	3	5	5	
7	45	9	33	1	50	3	44	
2	12	
7	43	9	31	0	41	2	32	5	29	
1	20	8	11	
9	33	3	48	6	39	
3	6	9	20	6	24	8	2	2	9	
2	35	6	34	4	40	5	42	9	30	
1	7	2	16	4	14	6	24	
2	47	
7	13	5	4	8	15	3	21	1	10	
4	29	7	41	1	34	8	33	
8	12	9	1	2	4	4	25	1	2	
8	37	6	47	7	29	1	44	2	32	
6	23	9	4	8	16	
4	34	5	38	7	37	0	32	
9	19	2	14	3	1	
2	48	6	29	5	26	8	41	1	27	
9	19	8	20	
3	47	0	40	8	33	5	34	
6	15	2	14	
7	38	6	27	
3	8	
8	43	0	41	7	38	6	34	4	29	
1	9	
2	26	0	30	
5	22	4	13	3	24	8	17	7	6	
7	40	4	48	0	28	6	35	8	26	
6	25	
1	29	0	38	
9	20	4	16	7	8	
5	33	9	43	6	28	
6	24	9	19	5	21	4	25	0	1	
9	35	1	32	5	42	8	27	
1	23	8	11	9	10	5	1	
6	32	
8	23	7	11	4	6	
0	40	7	39	9	34	
0	22	
9	41	
6	16	4	7	
3	42	9	36	
6	4	7	13	4	17	3	23	
5	34	
5	18	3	5	
6	36	4	44	5	39	
6	24	8	20	0	5	1	12	3	11	
9	29	8	46	
4	6	5	13	
8	27	0	34	
7	24	
5	45	4	43	9	49	2	37	0	39	
2	16	1	24	9	14	7	4	
9	30	5	27	7	48	3	41	
4	19	2	7	
8	42	3	30	1	35	0	50	
5	22	4	19	1	25	2	17	6	8	
4	28	5	30	3	29	1	35	
2	11	6	21	9	19	
0	46	4	42	
7	13	5	16	9	20	3	5	
4	45	
1	7	
4	44	
0	23	4	4	
8	34	6	45	2	40	7	50	
2	9	1	2	0	22	7	18	6	3	
3	45	2	32	6	28	7	35	
2	21	7	25	1	17	
4	43	0	36	9	47	2	31	1	39	
2	15	5	9	3	5	7	11	6	3	
9	49	0	48	5	46	7	34	
7	23	8	17	6	14	0	2	5	16	
8	37	9	43	7	46	5	50	
1	25	4	9	
5	34	2	31	4	32	1	40	
6	14	5	3	
2	30	1	36	4	33	7	44	3	39	
7	8	5	16	8	11	
8	36	3	44	9	49	
5	18	2	13	4	8	1	11	3	25	
6	43	9	41	8	30	5	28	
6	23	4	19	
1	38	4	37	
1	6	3	1	9	23	4	18	7	15	
2	43	0	34	5	28	6	45	
4	1	3	12	2	20	
5	30	6	47	4	38	1	41	
2	13	6	20	5	12	
4	28	0	39	
4	19	0	9	2	18	
3	50	6	29	1	27	0	40	
4	3	1	24	6	6	2	16	7	23	
3	34	2	44	7	28	
0	20	3	9	4	21	5	22	
1	47	2	49	5	39	6	36	
6	15	2	5	5	19	3	11	
0	46	8	32	5	29	7	35	6	39	
6	24	8	25	3	20	9	5	1	10	
7	26	8	29	3	45	1	47	2	28	
0	11	6	16	5	22	7	10	1	18	
1	42	8	26	5	28	0	50	
3	8	6	23	7	2	
2	28	3	35	9	37	
4	24	6	21	
9	32	3	34	7	41	
5	19	1	20	0	16	7	11	
0	34	1	32	3	41	8	29	
6	19	
4	35	5	39	
0	10	
8	30	9	27	4	44	1	35	7	39	
5	9	4	22	2	17	7	3	
2	31	9	36	0	42	7	26	
1	12	4	21	
2	50	7	43	9	31	8	35	3	42	
9	11	8	8	4	6	
6	27	
0	7	1	18	
9	49	4	40	8	32	2	31	6	46	
3	24	7	23	2	15	0	8	9	20	
4	31	5	38	
6	2	7	10	
8	41	0	37	
8	22	1	21	2	23	4	24	
3	42	
2	6	0	21	5	25	7	18	
8	48	3	39	4	49	
7	2	8	21	6	5	9	10	
7	45	
8	12	1	5	0	21	
3	36	1	41	7	32	8	43	
7	22	3	10	4	13	9	18	
6	26	
9	24	2	21	4	13	8	22	5	6	
4	33	1	38	
4	11	0	21	1	20	
4	44	2	32	3	36	9	27	0	43	
8	15	3	13	1	1	6	4	
0	35	1	36	2	33	5	46	3	42	
1	17	6	6	
9	46	1	45	6	27	
6	15	4	2	3	17	5	10	1	1	
3	45	5	44	7	37	6	40	
9	17	5	5	6	6	
8	28	
9	12	
5	36	
9	2	5	17	6	19	0	13	8	5	
9	44	3	34	
9	21	6	4	0	18	7	2	1	12	
8	37	0	36	6	30	4	29	
5	19	9	4	6	14	2	2	1	1	
9	38	6	31	7	47	
4	23	
1	50	0	30	5	45	
0	1	3	12	8	4	4	25	
7	42	5	27	3	32	2	50	
5	21	9	17	1	13	8	10	6	20	
0	28	1	49	2	50	
4	25	6	11	8	14	1	8	
2	41	1	30	6	31	9	47	7	43	
1	17	5	18	8	10	7	11	2	15	
2	31	3	27	7	43	5	50	
7	13	2	12	9	14	5	3	1	18	
1	32	5	48	
6	24	5	19	
1	43	6	35	2	45	
4	22	9	19	8	6	2	18	0	8	
4	30	7	32	2	37	6	28	
9	11	3	6	
2	30	4	38	1	31	3	32	8	29	
3	1	5	5	
6	42	0	27	5	35	3	47	

Three processing times per job on each machine
The best scenario
718	1070	488	
195	736	643	
655	851	1408	
66	218	110	
579	178	649	
595	312	431	
94	317	321	
265	140	470	
168	369	380	
300	562	248	
386	172	143	
829	682	565	
216	741	206	
1060	506	909	
885	807	278	
488	855	863	
423	403	875	
798	456	834	
286	546	592	
807	333	217	
566	228	343	
105	156	258	
1156	269	445	
710	400	1140	
812	527	564	
141	54	141	
998	619	262	
874	970	1027	
272	278	399	
408	479	228	
562	402	187	
312	387	279	
286	404	507	
289	434	168	
242	322	136	
174	307	189	
702	836	326	
340	267	130	
203	545	208	
903	609	461	
436	359	416	
119	69	37	
660	701	361	
626	392	725	
496	1132	306	
338	686	424	
955	408	468	
794	398	616	
115	178	126	
357	506	391	
611	486	594	
628	454	644	
376	286	401	
233	180	325	
159	313	387	
454	372	393	
396	553	1039	
341	140	132	
542	562	207	
691	702	707	
113	127	112	
108	279	63	
229	904	440	
398	279	383	
152	341	130	
563	750	647	
240	533	780	
315	644	552	
825	428	646	
443	737	793	
52	70	192	
640	693	223	
549	450	409	
635	410	948	
278	881	653	
435	266	538	
813	680	471	
548	296	745	
691	468	553	
643	836	577	
276	218	239	
970	1230	860	
167	253	301	
315	471	130	
430	191	276	
319	337	763	
136	77	69	
830	648	890	
274	364	644	
233	374	524	
539	268	963	
282	535	586	
116	105	234	
266	197	165	
109	155	89	
251	182	283	
144	554	168	
271	517	232	
595	340	575	
514	697	356	
441	823	656	
82	169	233	
464	610	377	
297	235	415	
1121	278	314	
615	511	211	
704	407	237	
171	291	149	
732	617	316	
815	814	1126	
778	443	1076	
91	138	105	
167	302	563	
124	216	241	
237	250	119	
629	700	644	
216	617	132	
653	252	338	
329	347	257	
655	334	1033	
732	567	360	
498	347	255	
200	185	104	
304	214	159	
348	294	783	
289	343	330	
124	85	102	
212	326	353	
284	863	233	
479	726	823	
487	689	802	
200	102	282	
443	406	647	
306	162	100	
830	262	450	
309	158	143	
1142	895	942	
975	967	667	
565	158	717	
141	235	283	
549	657	775	
703	696	675	
123	306	693	
194	340	301	
258	759	568	
412	422	376	
371	566	216	
913	494	907	
478	1370	552	
558	545	1058	
Most likely scenario
1044	1143	562	
365	774	943	
1291	1040	1417	
114	238	111	
649	288	757	
730	347	708	
186	363	495	
366	262	527	
296	537	647	
329	691	338	
458	331	283	
1140	1138	728	
431	778	243	
1129	679	935	
951	879	318	
844	1074	920	
499	671	1055	
808	637	852	
543	762	771	
980	645	424	
847	455	574	
156	217	329	
1397	476	830	
1041	618	1388	
1168	654	952	
144	80	162	
1007	685	513	
878	1423	1241	
529	286	510	
693	770	421	
702	610	294	
568	491	390	
416	638	757	
460	494	238	
328	335	238	
195	312	235	
917	1008	423	
390	404	210	
374	568	388	
1015	654	650	
820	553	779	
164	85	71	
1144	1049	465	
753	734	893	
991	1362	401	
673	893	680	
971	626	530	
1437	723	645	
195	352	244	
541	558	392	
841	562	785	
843	506	1087	
752	293	687	
264	351	467	
260	314	511	
604	657	554	
662	595	1404	
397	251	176	
661	609	259	
711	766	774	
193	194	221	
117	353	113	
419	1127	667	
486	460	537	
213	354	237	
794	1043	827	
327	957	875	
423	1014	916	
1047	478	931	
617	741	1067	
63	118	199	
1025	906	327	
913	632	428	
1161	725	1011	
306	999	1082	
536	395	661	
860	901	591	
816	532	1142	
875	507	625	
972	1280	914	
393	394	378	
1454	1498	966	
168	459	314	
553	597	182	
507	243	301	
424	538	773	
198	140	114	
875	1010	974	
520	367	710	
304	480	593	
1040	367	1024	
318	883	651	
130	196	384	
295	284	260	
133	195	93	
411	336	421	
245	676	235	
364	555	312	
988	640	583	
624	777	635	
530	956	764	
163	240	387	
591	650	640	
489	458	532	
1189	471	350	
791	902	327	
970	487	311	
189	335	245	
1405	635	419	
940	1010	1302	
963	565	1079	
118	243	171	
262	464	675	
150	251	473	
254	265	131	
1110	960	918	
369	659	219	
752	399	675	
471	478	308	
694	546	1054	
755	703	486	
734	408	283	
209	215	202	
322	303	311	
428	447	800	
469	366	489	
137	153	174	
345	441	522	
420	888	355	
481	1283	982	
502	707	1070	
292	184	455	
761	716	675	
388	163	197	
911	400	472	
445	249	158	
1394	1051	1110	
1369	1184	1211	
743	291	754	
240	313	412	
881	837	799	
791	1161	955	
223	317	722	
214	440	380	
296	876	685	
589	521	472	
625	609	272	
1257	833	933	
745	1500	652	
800	751	1232	
The worst scenario
1437	1268	632	
443	1032	1383	
1839	1521	1610	
148	259	164	
823	388	963	
934	406	776	
243	511	643	
546	365	706	
332	725	858	
410	823	427	
510	492	397	
1393	1482	798	
537	857	268	
1679	858	1163	
1094	1260	369	
1036	1164	1056	
598	918	1225	
1036	680	887	
752	988	833	
1131	964	541	
1165	649	780	
157	263	411	
2074	481	1150	
1123	666	1907	
1207	832	1117	
171	102	190	
1245	717	588	
919	1968	1650	
563	308	605	
973	1055	463	
794	853	387	
573	664	474	
503	688	765	
687	644	265	
336	450	268	
214	404	306	
1187	1433	519	
581	459	273	
541	574	483	
1284	842	790	
852	780	980	
219	96	88	
1303	1289	549	
873	948	1226	
1422	2025	467	
699	1111	687	
1086	680	659	
1984	844	656	
266	387	271	
661	833	516	
1115	683	1029	
872	580	1183	
845	366	735	
269	460	622	
362	326	742	
643	769	669	
665	668	1463	
398	290	261	
673	808	333	
775	795	836	
269	281	282	
147	412	158	
531	1275	823	
564	485	729	
284	462	276	
855	1182	1006	
489	1165	1286	
516	1107	1176	
1328	643	1226	
874	1028	1582	
76	154	277	
1115	934	337	
1252	715	636	
1621	1056	1099	
380	1342	1204	
582	576	988	
868	1227	696	
984	711	1426	
1200	701	921	
1204	1458	982	
419	559	412	
1687	1938	1209	
244	495	444	
734	767	250	
669	338	382	
425	670	815	
217	144	148	
1062	1157	1076	
748	498	1028	
422	568	660	
1105	444	1441	
459	1019	728	
174	200	560	
377	308	264	
168	290	134	
563	401	517	
290	763	309	
494	596	428	
1166	930	600	
729	1125	735	
710	1110	897	
185	251	509	
614	874	774	
636	581	696	
1352	597	467	
1000	953	472	
972	551	440	
232	415	288	
1891	822	510	
1117	1208	1876	
1183	692	1509	
144	292	226	
316	543	879	
168	352	602	
311	267	192	
1165	1207	1305	
535	848	256	
807	460	733	
648	716	396	
988	723	1140	
785	921	719	
808	546	356	
272	288	236	
456	337	425	
565	466	1168	
696	408	590	
199	208	175	
376	536	646	
485	933	477	
580	1893	1345	
508	802	1301	
391	230	563	
960	777	768	
524	231	249	
1145	497	584	
606	280	173	
1885	1503	1169	
1454	1494	1606	
978	323	976	
326	467	592	
1275	974	903	
997	1366	1094	
267	446	1073	
311	556	404	
364	1179	1006	
610	758	620	
745	873	332	
1525	931	941	
870	1607	761	
1054	1056	1234	
