Factories	6	Jobs	50	Machines	3

Total number of component types per job processed by HSPM
5	9	6	6	5	9	11	10	9	11	11	5	8	8	7	11	10	11	8	6	11	6	6	10	7	5	9	6	5	7	12	5	9	11	7	6	5	7	12	8	8	6	12	10	9	11	11	11	5	9	

Total number of component types per job processed by MFPM
3	3	2	5	5	3	3	4	4	1	1	4	4	5	5	2	2	5	1	2	4	1	5	3	2	2	5	2	3	1	2	3	5	4	5	5	5	4	5	5	5	5	5	5	2	5	5	5	1	5	5	5	4	5	4	4	5	3	2	2	1	2	4	1	3	1	5	2	1	3	5	3	4	2	1	1	4	1	5	4	4	3	2	1	5	1	1	5	3	1	5	3	3	2	4	4	4	2	2	4	

All component type numbers for each job to be processed by HSPM
17	46	9	41	2	56	18	29	0	7	
10	18	5	51	19	59	16	55	1	46	3	41	7	16	4	65	13	6	
9	38	12	24	4	71	1	31	13	17	0	50	
13	21	9	18	14	63	12	73	5	74	18	40	
5	58	11	70	6	9	3	7	16	71	
4	17	9	33	2	62	15	60	1	38	19	22	17	47	8	11	11	55	
6	7	0	55	11	75	15	54	8	42	19	23	7	4	16	60	17	12	13	68	4	45	
18	51	17	64	5	14	16	27	9	3	7	68	19	11	2	63	3	16	11	21	
10	62	12	68	11	30	3	63	13	75	8	25	19	5	9	65	18	41	
1	6	6	42	9	10	19	18	16	71	11	36	15	15	4	57	12	37	7	55	17	47	
7	39	5	34	14	13	17	67	0	66	13	43	8	33	3	68	10	72	16	49	15	32	
13	29	18	15	9	75	7	9	15	32	
12	69	2	29	1	42	18	66	15	38	19	2	9	34	3	75	
0	69	13	2	15	61	7	73	4	48	12	5	18	64	19	55	
3	58	19	6	16	55	12	56	4	73	13	53	15	7	
6	19	18	54	1	70	12	36	11	35	15	67	2	59	16	53	0	41	9	49	8	1	
19	74	10	51	17	26	16	61	7	52	13	28	11	73	6	63	14	55	3	42	
17	57	14	21	8	70	15	19	7	34	0	47	5	60	3	65	2	73	16	18	11	54	
19	48	5	28	7	46	8	60	13	14	11	61	6	7	15	73	
0	49	18	27	6	71	10	73	3	47	11	64	
5	19	8	48	6	50	0	62	10	2	17	33	18	10	16	36	4	39	19	44	12	67	
19	51	8	4	14	3	15	17	17	10	1	5	
15	33	13	52	11	25	3	39	19	62	6	21	
6	25	16	63	1	31	12	72	2	24	4	9	13	52	14	74	11	34	10	73	
19	23	14	39	5	15	0	63	13	25	3	47	10	11	
19	12	1	9	2	40	12	59	5	62	
15	3	14	71	16	55	18	74	6	23	9	4	7	70	13	68	8	35	
15	56	7	18	0	43	14	73	17	13	16	32	
19	12	8	19	1	65	17	15	4	8	
18	27	15	52	12	72	0	41	14	25	2	49	9	74	
2	9	18	59	14	45	0	44	1	47	15	36	4	3	5	11	17	49	11	42	19	14	12	64	
18	58	13	42	11	60	12	59	10	71	
10	41	14	15	17	30	2	31	13	23	1	68	8	29	7	22	18	70	
15	70	11	8	3	32	13	49	8	65	6	1	19	21	9	42	0	16	17	41	7	7	
4	50	16	18	8	6	1	68	7	52	14	20	0	36	
2	40	19	21	4	67	17	49	16	19	11	12	
1	10	18	67	2	16	17	33	16	59	
12	12	15	31	0	74	16	37	13	11	18	61	9	23	
14	11	2	57	8	25	17	59	16	36	18	66	5	67	0	16	9	74	7	20	19	18	11	23	
5	64	7	22	11	26	1	74	2	3	6	73	13	61	18	35	
17	31	9	6	1	8	2	5	6	52	8	59	15	35	11	28	
15	1	8	37	16	26	11	62	7	73	1	3	
19	19	5	69	12	16	15	63	3	8	16	14	14	1	8	53	1	13	4	57	9	73	7	64	
6	28	4	23	7	39	16	56	2	30	18	12	1	51	11	19	15	14	9	43	
5	59	16	1	19	14	18	38	8	24	2	43	17	47	4	34	15	10	
3	16	13	75	12	21	19	71	9	34	5	68	1	18	7	11	14	41	17	55	6	32	
8	45	2	55	17	37	1	30	18	50	16	7	3	3	10	59	9	29	19	56	5	42	
10	44	19	50	12	49	11	32	14	28	15	12	3	33	6	59	9	61	1	57	18	18	
5	9	0	29	10	40	12	48	15	32	
17	52	8	2	9	14	7	10	10	66	19	23	1	21	15	34	3	53	

All component type numbers for each job to be processed by MFPM
5	20	6	14	8	4	
4	33	6	34	9	31	
1	25	6	8	
4	45	5	50	0	30	6	34	9	36	
2	7	1	24	8	5	9	17	7	19	
7	28	5	39	3	40	
5	23	8	14	6	11	
9	33	5	26	4	50	2	47	
6	8	3	14	9	4	0	5	
0	50	
4	8	
5	30	4	50	6	34	7	31	
5	5	6	25	8	13	0	9	
5	48	9	42	0	29	2	35	7	39	
9	7	2	13	3	8	8	14	6	16	
3	38	0	48	
3	25	8	20	
2	36	5	33	4	46	6	45	0	30	
3	19	
3	47	9	35	
2	8	8	20	3	24	4	25	
1	31	
7	20	2	18	6	15	3	5	5	14	
9	44	0	37	8	42	
2	7	9	22	
0	27	8	28	
5	11	0	3	3	10	1	16	7	7	
7	49	3	33	
4	10	8	13	2	23	
1	33	
4	7	8	2	
4	27	2	35	3	44	
5	21	3	8	9	13	4	5	8	22	
4	29	2	43	0	35	6	28	
1	7	2	14	9	23	4	10	5	16	
1	41	0	35	9	49	6	46	2	45	
0	16	2	19	8	18	5	21	3	3	
2	50	0	30	6	33	8	32	
7	9	0	18	5	7	4	23	3	2	
2	40	6	32	9	42	0	28	7	31	
3	12	5	24	6	5	4	10	0	17	
1	31	0	29	3	50	4	40	8	47	
6	24	8	14	3	8	2	4	0	9	
6	44	0	47	8	46	7	33	5	43	
6	20	9	13	
8	26	9	48	2	39	7	36	6	46	
5	20	7	6	0	10	9	3	4	8	
5	39	4	45	0	38	8	27	9	40	
4	22	
6	39	9	40	4	31	8	49	1	45	
1	7	4	25	5	11	0	23	2	18	
6	43	5	45	2	46	3	50	0	42	
3	8	1	11	7	2	4	25	
8	39	4	47	2	36	1	27	0	31	
8	19	7	3	2	11	1	18	
7	42	5	31	0	38	4	27	
9	15	2	25	0	24	4	7	6	3	
3	30	2	35	0	42	
3	7	0	4	
9	34	0	44	
8	7	
2	49	8	45	
4	25	3	23	6	11	2	22	
5	33	
0	17	7	4	1	24	
4	28	
9	25	8	11	3	7	1	20	6	17	
2	50	7	28	
7	21	
4	37	1	30	8	29	
0	5	1	17	8	6	4	25	5	7	
2	42	1	34	0	50	
7	13	0	1	5	24	4	17	
4	49	7	38	
2	20	
0	28	
3	8	0	17	9	22	8	10	
3	33	
6	1	3	24	2	14	1	5	0	10	
7	46	5	50	9	34	6	41	
1	8	3	17	4	16	5	25	
4	41	9	29	6	28	
9	5	8	21	
1	27	
4	2	9	23	1	24	6	7	0	10	
9	41	
7	23	
3	28	7	48	5	37	8	38	2	43	
0	14	7	4	8	6	
3	39	
7	25	1	5	9	13	0	10	2	9	
7	32	2	29	3	46	
5	9	7	12	1	5	
9	40	4	32	
4	14	9	18	0	20	7	7	
9	41	2	29	1	28	5	47	
8	8	7	6	0	17	4	23	
5	34	7	43	
7	17	8	15	
7	45	5	34	4	40	3	36	

Three processing times per job on each machine
The best scenario
94	156	126	
162	55	101	
242	280	426	
166	317	196	
108	147	114	
66	90	61	
255	136	441	
59	37	34	
165	98	90	
120	78	113	
335	325	153	
39	92	75	
185	100	174	
65	66	64	
166	198	175	
51	155	203	
203	167	92	
15	49	49	
71	75	197	
139	260	131	
328	232	96	
62	98	16	
194	243	82	
69	212	192	
380	343	278	
213	150	302	
271	398	130	
136	255	139	
34	105	93	
453	113	218	
283	246	324	
37	100	63	
118	88	195	
141	142	130	
253	145	522	
242	156	328	
254	241	146	
200	94	207	
148	177	81	
239	296	149	
128	54	110	
48	45	21	
167	129	125	
140	115	136	
43	65	57	
314	244	281	
66	42	54	
302	177	89	
322	147	210	
367	381	139	
Most likely scenario
135	180	156	
238	90	120	
333	306	456	
229	372	275	
131	165	116	
126	135	101	
322	164	596	
73	69	49	
197	108	159	
165	96	180	
340	511	250	
69	143	149	
294	134	216	
71	69	75	
302	316	230	
91	176	297	
241	253	115	
27	60	51	
85	115	295	
181	332	136	
407	246	159	
70	113	32	
238	248	126	
117	345	201	
506	534	405	
282	225	371	
510	497	211	
176	449	257	
47	137	130	
494	162	269	
447	320	349	
72	102	96	
197	129	233	
156	273	209	
322	182	554	
257	311	422	
399	329	208	
205	179	208	
171	302	133	
300	322	208	
162	78	141	
59	63	41	
208	197	209	
187	127	182	
51	95	69	
370	310	300	
96	47	92	
322	180	132	
355	227	356	
370	430	218	
The worst scenario
174	231	204	
239	131	127	
471	368	530	
257	425	303	
151	175	144	
175	146	102	
336	235	601	
88	80	70	
229	122	172	
171	134	262	
365	739	303	
71	204	166	
401	194	270	
89	75	103	
401	424	256	
134	233	393	
281	345	146	
33	74	57	
108	160	305	
182	359	165	
509	340	166	
76	127	40	
338	301	171	
174	452	271	
704	768	557	
295	303	399	
711	585	276	
246	530	347	
63	169	170	
621	229	331	
541	464	480	
103	103	121	
213	140	288	
228	384	270	
460	195	771	
342	432	532	
571	374	279	
293	256	249	
233	443	160	
423	455	303	
163	112	194	
88	64	51	
217	292	260	
188	171	204	
57	98	100	
383	347	321	
135	48	96	
476	240	157	
467	275	406	
398	536	307	
