Factories	3	Jobs	50	Machines	3

Total number of component types per job processed by HSPM
8	8	9	6	5	8	8	11	5	12	6	5	5	10	10	11	6	12	7	12	5	7	7	8	12	11	9	11	8	10	5	7	11	5	5	8	10	11	6	6	9	11	7	7	5	5	10	12	10	12	

Total number of component types per job processed by MFPM
1	5	3	3	4	1	3	1	2	5	5	2	5	1	1	2	5	1	2	3	3	5	2	5	2	4	2	4	4	3	3	5	4	4	1	3	3	5	4	4	5	5	5	3	5	5	3	3	4	1	2	1	2	5	2	3	3	1	4	2	5	1	4	5	2	5	5	3	4	3	4	5	3	2	2	1	1	5	4	5	3	4	3	4	2	4	5	2	4	2	2	4	3	2	3	5	5	4	1	3	

All component type numbers for each job to be processed by HSPM
0	75	11	66	16	64	4	40	10	14	19	32	13	9	7	13	
17	33	5	50	8	51	9	38	2	31	0	7	13	28	14	60	
7	55	12	64	11	61	14	20	18	59	8	39	13	69	16	18	19	9	
14	1	8	66	13	16	12	71	2	11	1	33	
3	61	17	40	7	19	11	7	13	45	
12	37	1	63	16	33	4	25	11	4	0	46	13	3	5	28	
7	1	2	50	16	2	10	13	0	11	1	57	6	15	13	16	
14	8	19	49	10	17	8	18	15	5	0	36	12	32	2	33	18	51	6	10	9	28	
11	75	12	35	8	73	16	59	15	9	
14	48	0	43	13	15	5	33	17	27	12	11	9	62	16	1	1	69	3	60	15	16	7	49	
5	38	16	21	2	43	6	2	19	45	7	20	
19	39	15	49	17	32	8	7	6	55	
2	53	5	64	13	66	18	45	9	13	
6	45	16	25	15	52	10	64	17	30	1	24	3	32	11	18	9	62	8	39	
10	6	0	72	9	14	16	8	15	18	6	17	12	73	7	37	11	70	17	9	
0	36	10	2	11	67	19	9	12	42	3	25	8	15	4	69	7	20	16	12	14	32	
7	38	1	56	10	72	2	62	18	52	8	3	
12	45	1	6	18	30	8	18	14	74	0	59	15	35	19	52	4	63	13	28	3	7	17	70	
3	23	10	36	19	17	16	4	13	22	18	71	14	25	
15	53	11	39	9	4	12	62	17	3	18	66	6	37	5	13	13	9	2	68	10	65	4	72	
6	61	4	50	5	39	1	51	14	68	
5	48	8	60	11	37	1	50	6	42	18	46	2	70	
4	48	16	63	6	10	8	75	5	52	18	32	9	71	
4	64	10	42	12	17	17	61	19	10	14	3	7	44	8	13	
3	49	7	2	9	42	0	48	13	63	4	64	12	22	8	1	15	15	19	66	5	31	18	29	
13	23	18	57	19	69	0	36	17	27	7	41	11	12	10	18	2	55	16	9	12	19	
4	22	5	66	3	65	2	71	6	47	19	13	12	44	15	7	0	27	
2	57	4	16	13	50	8	21	16	70	7	13	10	31	18	46	17	37	14	47	3	48	
10	39	18	5	1	73	17	3	13	45	11	26	5	52	7	49	
1	65	11	31	8	4	18	13	9	34	2	37	13	56	10	71	12	40	4	23	
17	72	19	4	12	39	7	43	9	64	
15	43	14	35	9	23	10	47	19	51	2	62	11	18	
7	13	17	68	0	51	3	35	2	47	12	1	16	41	19	57	5	56	18	12	4	44	
2	56	6	38	4	8	17	66	13	1	
7	21	19	74	4	27	17	41	9	12	
2	55	12	20	3	68	4	27	9	54	15	40	17	23	14	43	
4	4	17	56	3	48	1	73	11	36	19	15	16	68	15	22	13	46	14	32	
0	60	15	48	14	64	1	45	11	35	5	69	2	5	4	27	9	66	6	34	3	67	
9	39	13	30	3	68	6	48	18	45	17	6	
11	35	10	13	17	45	13	36	4	22	16	53	
17	14	12	68	4	43	14	60	8	7	11	49	18	55	3	35	15	27	
16	54	18	70	9	4	17	41	1	3	12	75	3	25	5	40	0	27	14	42	15	19	
19	55	10	60	5	34	15	30	9	68	6	7	11	70	
19	24	12	49	9	66	3	4	8	22	14	2	7	60	
11	15	9	19	6	40	5	61	2	53	
3	40	2	35	6	59	9	37	14	55	
11	7	6	47	14	70	17	45	4	33	9	15	13	52	16	63	2	18	5	55	
10	50	13	21	7	54	17	59	2	11	16	1	6	25	0	28	11	36	14	62	18	45	3	74	
1	52	0	3	17	49	11	19	12	8	5	56	6	67	8	5	18	15	3	54	
18	43	10	71	2	24	12	20	4	19	11	66	3	58	19	23	1	32	14	72	8	48	17	57	

All component type numbers for each job to be processed by MFPM
9	17	
5	36	4	44	2	42	6	30	8	27	
3	19	2	9	7	23	
0	41	2	48	4	44	
6	2	5	9	4	11	9	18	
8	45	
1	15	4	12	0	9	
3	50	
3	1	7	25	
5	27	2	38	0	44	6	37	9	34	
4	18	2	4	6	7	1	15	5	9	
5	38	2	26	
8	6	7	16	5	25	2	2	6	17	
4	32	
8	1	
0	37	4	43	
7	4	0	14	8	16	3	6	9	21	
9	45	
7	16	6	4	
4	48	1	44	8	28	
0	20	6	22	8	16	
8	42	5	37	9	48	2	49	3	50	
2	17	5	18	
3	36	6	42	0	44	7	39	9	45	
8	12	0	21	
5	34	3	31	4	35	9	32	
8	1	3	2	
9	34	1	48	8	41	6	39	
6	9	4	13	3	20	8	25	
2	26	0	42	1	50	
9	14	1	2	3	22	
6	46	2	31	7	35	0	38	4	28	
8	22	3	11	5	19	1	20	
5	42	3	32	6	50	2	29	
4	23	
5	47	2	33	8	39	
6	5	2	7	7	1	
3	43	0	39	1	33	7	47	5	30	
9	1	3	4	5	24	0	2	
1	26	0	42	7	37	9	50	
4	24	6	23	1	20	3	9	8	10	
6	47	2	40	7	33	4	26	0	38	
2	25	4	20	7	21	9	24	8	13	
5	43	3	26	8	39	
0	24	1	20	8	19	4	7	5	11	
3	43	5	41	2	47	1	30	4	33	
0	23	4	22	5	5	
3	46	2	29	7	30	
8	20	5	11	3	21	6	17	
3	38	
4	11	6	19	
1	26	
0	14	3	5	
4	40	3	45	0	38	1	48	2	37	
5	17	6	9	
6	40	2	32	7	48	
0	17	3	23	7	12	
4	39	
7	19	9	22	5	18	4	24	
0	37	4	26	
4	1	6	6	3	23	7	25	1	16	
3	30	
5	5	3	10	2	24	6	7	
6	44	2	26	9	36	1	28	0	45	
5	18	8	2	
1	44	8	47	3	37	0	40	7	32	
1	16	7	4	9	13	6	6	2	19	
0	40	7	42	5	38	
5	20	8	11	1	13	7	7	
3	35	9	28	6	37	
3	17	1	2	9	23	4	12	
5	44	3	30	6	38	8	26	0	35	
0	3	2	24	8	11	
3	26	4	45	
7	10	6	6	
1	50	
0	13	
4	43	7	32	3	34	8	27	2	41	
8	14	2	22	0	17	3	4	
7	48	0	27	8	37	6	41	2	44	
3	7	8	24	1	4	
0	31	8	43	2	49	1	38	
9	21	1	5	0	10	
2	41	3	27	4	29	9	28	
2	3	6	15	
4	44	8	27	3	42	7	39	
9	5	3	14	0	22	1	16	2	4	
5	48	6	32	
5	25	1	6	3	23	8	11	
7	29	2	37	
0	13	4	10	
0	31	6	33	7	28	1	27	
6	16	5	17	4	25	
0	44	9	28	
5	16	6	3	1	12	
4	28	5	46	9	34	8	41	0	29	
5	7	8	16	4	5	6	2	0	25	
0	37	9	28	2	27	1	31	
1	8	
2	44	4	40	7	50	

Three processing times per job on each machine
The best scenario
454	424	251	
1110	542	568	
474	340	675	
93	128	127	
379	101	367	
71	195	102	
221	181	190	
65	218	45	
537	470	359	
386	553	331	
262	513	713	
540	449	1013	
467	347	364	
238	932	285	
750	426	608	
336	104	189	
111	510	175	
482	327	295	
250	546	244	
722	830	395	
449	373	316	
404	135	261	
150	143	122	
372	124	599	
430	933	859	
697	382	754	
232	343	434	
137	228	164	
511	565	377	
710	136	606	
156	250	649	
252	572	142	
268	195	277	
62	36	65	
36	131	103	
539	253	210	
146	42	145	
523	291	326	
870	524	188	
412	709	385	
371	377	538	
198	1185	751	
264	321	111	
272	406	376	
378	307	230	
330	343	557	
374	706	809	
490	552	299	
154	244	249	
424	100	231	
Most likely scenario
687	577	311	
1199	1072	630	
836	582	1024	
96	157	197	
481	191	431	
137	220	107	
318	322	238	
87	272	78	
654	646	392	
647	898	599	
440	775	734	
645	865	1088	
494	623	366	
350	1396	446	
759	540	874	
459	114	283	
200	567	210	
693	520	434	
367	554	334	
1139	1197	410	
768	534	458	
571	257	396	
164	216	144	
562	197	619	
747	1035	1104	
1116	597	1055	
282	496	504	
156	328	238	
938	587	660	
718	264	934	
291	395	790	
300	647	231	
462	228	394	
122	55	109	
58	185	116	
696	397	289	
175	50	160	
565	497	365	
1169	599	367	
605	711	590	
580	430	671	
373	1319	1000	
265	398	116	
315	597	608	
440	376	261	
341	456	728	
483	1145	873	
536	646	527	
216	304	283	
455	158	379	
The worst scenario
851	743	437	
1719	1189	939	
1149	747	1053	
136	195	249	
514	273	439	
183	245	152	
389	380	334	
98	329	89	
670	947	445	
690	1147	803	
638	1068	750	
673	949	1320	
535	882	436	
361	1874	627	
1006	714	1231	
602	143	368	
251	571	274	
961	577	633	
431	740	386	
1577	1632	463	
964	728	524	
781	283	503	
202	239	194	
658	252	844	
1112	1308	1516	
1550	887	1288	
289	702	611	
177	482	324	
1173	707	873	
1038	330	961	
425	455	1057	
334	950	304	
689	283	429	
145	60	143	
67	230	164	
931	457	361	
176	51	214	
701	693	471	
1422	784	447	
697	792	633	
701	615	825	
419	1322	1247	
387	404	152	
375	802	808	
486	526	303	
417	629	1082	
612	1640	1269	
681	746	750	
269	340	316	
513	230	496	
