Factories	6	Jobs	50	Machines	3

Total number of component types per job processed by HSPM
10	10	10	11	11	8	6	10	11	5	10	12	10	5	9	10	5	11	7	8	7	10	5	5	9	5	12	8	8	8	6	11	7	8	9	5	12	8	5	11	7	7	9	6	8	6	9	11	8	6	

Total number of component types per job processed by MFPM
4	4	4	3	5	4	2	3	1	4	1	4	4	2	3	1	2	3	4	5	2	2	1	3	5	4	1	4	4	1	4	4	4	1	5	3	2	3	4	4	3	3	2	4	5	2	4	5	3	5	5	5	2	3	1	1	4	4	4	4	2	4	3	2	1	2	4	5	3	4	5	3	2	3	5	4	3	1	3	2	2	1	4	4	4	1	2	4	3	3	2	4	3	3	3	3	3	4	1	3	

All component type numbers for each job to be processed by HSPM
17	58	6	21	11	38	5	43	14	22	18	42	0	16	13	4	1	45	8	46	
13	17	3	47	0	7	9	71	14	20	17	30	19	42	18	36	4	70	15	38	
0	43	19	40	4	63	13	52	16	61	1	11	15	16	9	29	17	13	5	21	
13	19	17	6	10	59	16	18	7	54	3	8	18	70	1	58	12	75	15	57	0	40	
8	10	6	58	19	24	15	9	1	27	5	34	17	11	0	36	11	51	9	7	4	48	
11	4	14	36	16	45	19	7	8	6	5	41	17	67	12	60	
4	73	6	69	16	74	10	51	2	7	1	42	
5	33	6	18	14	51	1	10	3	21	7	29	15	72	0	5	4	7	10	50	
11	33	2	55	16	11	18	54	10	56	5	13	12	48	19	53	3	57	7	23	1	12	
4	51	11	21	0	27	8	33	9	14	
14	11	4	54	19	38	3	33	10	42	9	58	15	6	1	16	13	24	2	34	
11	75	2	63	19	30	0	51	13	8	1	58	17	71	7	52	14	53	6	27	8	47	10	61	
8	4	11	10	18	6	10	36	12	29	1	67	3	12	5	71	17	21	13	13	
0	10	14	43	4	25	3	71	13	69	
15	18	1	24	9	6	14	9	11	48	0	52	8	21	4	32	18	34	
10	16	1	33	13	72	5	24	17	53	9	14	15	29	11	68	16	60	0	55	
17	6	11	70	19	69	6	67	0	38	
16	1	3	6	6	71	18	53	2	11	5	58	7	54	0	26	19	51	8	42	12	41	
3	30	7	44	5	37	16	17	10	3	9	40	13	16	
9	67	18	50	19	51	15	70	8	2	4	69	2	48	11	35	
7	50	12	23	5	31	10	62	4	49	0	74	11	70	
2	34	3	25	4	33	9	64	8	39	17	32	6	42	16	53	7	10	0	30	
4	4	3	57	18	37	0	5	6	27	
3	41	1	66	11	59	4	18	18	24	
1	41	8	63	0	19	19	33	5	36	9	45	14	68	16	42	17	22	
2	41	17	15	3	7	4	5	19	27	
0	56	11	45	14	4	15	54	3	14	8	16	7	32	18	73	10	26	17	19	4	71	12	40	
1	1	16	18	18	21	12	14	13	48	0	54	17	13	9	43	
16	64	7	56	8	25	13	24	5	26	0	51	15	32	19	4	
6	15	1	72	5	52	17	73	12	38	15	43	9	49	0	45	
19	12	0	23	3	11	18	45	12	21	15	54	
6	24	17	11	19	1	11	39	12	57	7	15	15	35	3	74	2	53	14	41	5	9	
16	47	14	35	18	48	3	10	12	24	19	25	11	40	
10	55	6	56	9	50	12	60	18	52	4	62	15	38	8	5	
17	66	1	61	0	37	13	60	2	22	14	3	19	75	12	28	9	12	
14	25	12	23	1	66	11	46	2	43	
1	73	14	67	4	21	10	33	19	54	5	23	17	20	15	32	9	71	2	31	6	7	11	51	
10	47	9	29	4	3	6	12	16	62	1	59	19	60	2	64	
3	55	5	59	4	60	2	69	10	52	
16	6	4	1	13	68	17	65	19	35	5	44	1	24	9	32	8	5	11	10	2	19	
2	58	12	45	4	68	7	26	0	32	5	73	15	48	
9	70	14	67	8	61	10	51	6	55	4	52	3	45	
17	40	5	2	8	12	14	69	2	22	9	14	15	23	12	39	7	54	
18	68	16	43	11	58	9	64	3	38	4	42	
3	18	0	25	8	65	6	32	2	31	12	19	18	53	11	62	
8	5	1	45	15	48	0	31	6	74	7	39	
10	36	8	28	13	55	5	17	7	15	9	8	12	71	1	63	14	48	
3	36	9	28	0	63	8	33	19	65	1	16	5	21	18	67	6	62	16	49	2	23	
12	1	10	24	14	30	5	47	15	44	16	14	1	26	11	51	
7	34	19	23	15	6	16	68	3	62	11	32	

All component type numbers for each job to be processed by MFPM
4	21	0	8	9	3	8	11	
0	48	6	28	9	31	2	40	
2	14	7	1	3	11	4	9	
1	39	5	35	8	43	
0	15	2	8	7	12	8	11	1	3	
5	35	2	27	6	36	1	39	
3	12	1	8	
9	47	6	37	3	50	
1	23	
1	38	5	37	8	49	6	41	
6	3	
9	38	4	27	8	50	5	34	
6	4	0	3	9	1	4	23	
8	42	2	43	
3	18	9	16	5	20	
2	34	
7	24	2	6	
8	41	4	38	1	42	
7	21	5	13	6	11	3	8	
2	49	8	43	9	33	5	37	4	47	
4	24	1	3	
6	27	9	32	
9	10	
9	49	1	30	3	43	
0	8	4	12	7	21	6	23	3	3	
7	27	4	45	5	28	3	31	
7	11	
8	31	3	34	0	29	5	42	
6	7	5	22	7	11	0	25	
6	41	
4	24	6	17	0	25	1	11	
9	46	8	43	0	31	6	30	
7	4	9	12	2	2	8	6	
7	39	
2	14	4	21	6	3	5	5	3	24	
0	34	8	33	1	30	
3	19	9	4	
0	33	5	45	8	28	
5	7	6	5	4	22	2	14	
3	35	8	43	7	42	4	45	
1	19	2	3	6	17	
8	33	5	35	1	50	
2	25	9	9	
8	42	0	49	2	31	4	29	
4	12	8	21	5	11	7	24	1	22	
6	50	0	40	
6	19	3	11	8	15	2	7	
0	48	1	35	4	39	3	49	9	44	
6	14	7	15	0	12	
1	37	2	41	5	33	4	46	9	27	
8	8	3	2	2	12	6	24	7	4	
0	36	6	48	3	45	2	50	5	29	
3	12	1	7	
9	29	8	48	4	39	
7	4	
6	31	
2	23	1	6	3	11	4	8	
5	43	3	48	2	49	7	36	
6	3	8	5	4	10	5	4	
8	50	3	33	1	26	7	45	
2	11	7	10	
8	36	1	43	0	35	5	42	
6	6	9	15	7	22	
2	40	9	44	
3	14	
9	37	2	45	
0	22	6	7	1	19	7	15	
4	34	1	35	5	28	3	39	0	26	
2	25	1	11	7	17	
2	33	3	41	8	39	7	45	
5	10	4	18	3	4	1	9	8	7	
2	41	0	35	4	38	
0	5	7	25	
5	46	4	36	6	49	
0	14	6	7	4	4	7	15	5	8	
8	33	6	35	4	47	5	41	
0	14	7	5	8	23	
9	36	
6	18	2	16	7	12	
6	50	4	45	
8	7	3	23	
0	27	
7	2	5	9	6	17	3	23	
7	42	5	27	1	35	0	46	
8	5	7	18	3	12	0	7	
8	37	
6	16	2	17	
0	36	6	46	1	50	5	43	
8	14	0	12	4	2	
7	27	2	48	5	38	
5	7	6	2	
5	41	0	47	9	34	8	45	
6	22	5	3	1	4	
5	34	8	46	1	48	
3	16	9	11	0	2	
2	49	9	32	3	26	
3	1	8	25	0	24	
4	31	7	44	3	50	5	33	
3	20	
6	38	7	26	2	47	

Three processing times per job on each machine
The best scenario
89	114	90	
84	327	393	
25	67	63	
46	37	42	
353	217	340	
235	235	201	
477	214	394	
117	240	175	
151	167	92	
190	260	108	
115	231	214	
57	147	74	
44	23	38	
12	36	34	
297	160	186	
195	231	427	
116	265	313	
157	145	142	
18	41	72	
180	195	219	
129	167	150	
39	110	62	
47	34	29	
109	205	374	
160	81	190	
470	448	515	
185	132	331	
316	219	553	
206	500	240	
54	35	40	
124	125	101	
153	60	102	
247	160	325	
220	148	195	
106	100	107	
263	394	240	
61	52	46	
135	237	162	
311	277	192	
77	85	131	
89	424	137	
197	255	440	
50	189	203	
95	156	109	
63	193	73	
111	290	192	
276	160	64	
97	140	87	
325	210	409	
88	430	283	
Most likely scenario
175	154	103	
136	350	424	
35	134	68	
88	54	52	
481	249	355	
270	274	245	
514	242	449	
223	269	238	
273	299	178	
268	310	206	
150	403	278	
100	182	143	
59	29	47	
18	39	59	
380	188	290	
213	232	440	
189	299	393	
238	177	194	
20	73	77	
263	216	222	
148	210	243	
65	220	70	
57	45	50	
133	392	380	
275	134	209	
487	492	566	
271	188	410	
334	242	592	
313	569	276	
87	44	59	
193	138	108	
214	73	169	
389	302	389	
249	225	266	
139	131	113	
388	487	277	
103	72	68	
158	394	303	
329	288	367	
122	122	143	
135	453	208	
366	427	479	
88	272	239	
159	247	116	
74	240	103	
120	327	304	
277	206	82	
137	261	108	
468	405	434	
172	500	312	
The worst scenario
250	169	145	
163	445	490	
45	153	94	
113	70	63	
511	331	467	
279	321	270	
695	288	599	
242	400	308	
366	320	202	
275	348	217	
175	473	356	
149	183	184	
63	33	54	
22	56	78	
500	255	427	
277	248	626	
212	315	548	
271	237	201	
29	89	92	
306	273	314	
167	229	248	
83	295	75	
62	60	73	
155	509	554	
373	135	224	
566	709	778	
301	251	528	
477	251	619	
367	824	301	
129	57	66	
282	162	149	
320	99	221	
456	335	468	
272	287	306	
196	167	121	
426	550	300	
149	79	92	
174	395	375	
430	387	461	
169	138	159	
201	478	286	
470	478	488	
126	398	266	
215	269	145	
102	336	144	
176	376	317	
403	231	107	
166	318	137	
498	476	458	
227	578	366	
