Factories	5	Jobs	100	Machines	2

Total number of component types per job processed by HSPM
5	11	11	11	6	7	5	10	8	10	12	12	8	10	9	5	8	6	9	5	5	8	10	5	10	6	12	7	5	10	11	6	8	6	5	6	11	12	7	12	8	5	5	9	7	8	9	11	11	5	12	12	5	10	11	7	8	7	11	9	12	5	8	5	7	12	11	11	9	5	10	9	6	5	12	9	9	12	5	5	7	12	7	9	10	6	10	9	8	9	5	11	11	12	5	5	9	6	5	10	

Total number of component types per job processed by MFPM
1	1	2	4	3	1	5	5	5	5	4	3	1	5	3	2	4	3	4	4	4	3	2	1	4	1	4	2	1	1	3	1	2	3	5	2	3	5	4	2	4	5	4	2	2	5	3	1	1	1	1	3	2	2	1	5	2	5	5	3	4	2	4	3	3	1	1	2	4	3	1	2	4	1	5	4	5	1	5	3	1	4	4	3	5	4	2	1	4	3	3	5	3	4	5	4	3	4	3	4	

All component type numbers for each job to be processed by HSPM
10	24	8	37	16	36	7	38	11	58	
16	29	13	21	7	75	3	54	14	49	11	44	12	3	10	36	2	58	1	14	18	37	
16	49	14	11	19	17	0	19	18	13	2	50	6	66	12	21	17	48	8	73	1	16	
16	62	2	12	19	1	10	55	18	60	12	20	0	61	1	64	5	52	15	58	7	73	
5	63	10	29	18	71	17	72	11	23	15	74	
8	33	4	54	14	35	9	37	10	10	16	1	0	44	
16	6	7	72	15	34	1	26	19	31	
0	61	2	49	12	14	18	24	3	41	5	75	1	66	10	72	13	1	6	73	
6	67	19	60	8	75	15	2	0	72	7	10	5	54	4	62	
11	3	3	24	17	54	12	66	7	43	6	44	4	7	8	55	0	22	10	53	
6	3	18	16	9	2	1	13	10	63	2	33	4	49	17	69	12	58	11	45	13	14	8	21	
5	33	6	15	1	57	19	55	12	20	4	34	2	1	8	22	13	27	3	14	9	37	14	19	
8	52	12	50	15	65	10	6	18	36	17	51	6	18	0	69	
14	35	4	66	17	28	2	43	3	8	12	24	0	49	16	44	7	58	8	2	
0	8	1	33	16	63	7	67	13	19	17	20	14	14	15	2	3	51	
19	29	11	62	8	15	10	17	5	71	
8	42	17	53	13	16	1	56	3	63	14	75	7	7	18	49	
6	28	14	41	7	50	5	54	15	55	10	2	
0	75	11	21	18	12	8	69	14	6	10	17	3	33	12	20	6	11	
17	45	9	26	0	1	13	11	10	33	
17	16	4	5	1	55	3	23	9	40	
15	40	14	38	4	2	16	5	8	3	3	59	11	39	7	63	
10	30	19	55	14	20	2	72	15	61	13	14	4	53	8	41	7	74	16	23	
10	41	4	13	1	46	3	44	19	68	
10	43	8	21	12	19	14	31	15	75	18	14	5	39	17	35	19	63	0	38	
16	29	13	18	12	19	5	63	19	28	7	15	
6	20	15	34	13	15	5	68	3	6	2	38	0	64	17	52	19	63	10	65	9	33	18	28	
13	49	17	10	19	16	7	33	1	24	15	7	14	62	
15	37	17	41	19	2	2	43	8	65	
5	49	4	30	3	19	10	21	2	25	1	1	6	14	19	46	8	15	16	64	
14	5	18	38	3	29	8	50	4	35	1	59	17	68	11	8	2	34	16	42	9	17	
11	7	5	36	17	69	14	16	16	29	8	65	
2	39	15	55	8	40	9	26	12	35	18	11	0	62	7	74	
10	32	8	59	4	75	3	33	15	25	0	28	
15	56	13	47	14	63	5	75	19	57	
2	12	19	45	13	23	18	68	14	43	16	44	
9	36	13	45	3	15	17	63	2	13	8	75	6	40	16	68	0	59	7	64	1	35	
3	14	5	1	15	6	7	50	19	62	16	27	2	9	0	46	11	43	12	25	18	30	14	24	
14	73	7	18	19	38	18	24	9	5	5	6	1	10	
0	33	14	72	9	62	1	5	16	61	17	18	13	37	7	30	10	71	3	75	2	67	18	48	
2	38	15	12	0	37	9	33	17	5	6	74	7	49	19	66	
16	63	18	46	12	13	8	44	15	33	
16	70	7	9	1	68	14	27	3	43	
11	75	8	31	16	71	10	42	17	61	9	17	19	33	12	51	15	44	
14	65	1	63	7	72	13	31	11	19	8	35	0	50	
19	7	3	30	17	35	8	9	9	39	5	15	12	50	11	70	
19	34	13	6	2	44	16	31	15	1	17	26	0	61	3	75	6	47	
13	46	16	53	19	9	3	33	12	20	10	10	5	29	6	30	8	16	11	75	14	2	
6	34	0	49	12	66	17	47	1	6	18	50	15	56	4	51	10	28	16	29	9	19	
14	60	15	10	16	61	17	49	5	17	
13	27	11	65	3	13	18	50	0	45	9	21	19	16	7	36	2	72	1	1	16	41	5	59	
9	65	17	24	8	19	6	9	19	15	2	43	5	35	11	32	12	52	3	40	0	21	4	61	
9	12	0	47	10	72	1	56	5	57	
11	37	6	74	3	50	10	53	1	39	16	15	19	13	8	51	13	10	9	72	
15	3	5	67	13	17	16	23	0	4	17	39	2	6	19	16	18	75	3	25	1	7	
10	10	11	62	6	47	0	34	13	9	17	45	7	31	
9	1	3	69	17	46	13	8	7	61	10	68	12	73	5	62	
18	70	10	28	8	49	7	46	19	58	0	18	11	43	
18	42	1	51	3	56	10	75	6	48	11	38	4	5	13	55	14	60	12	49	16	22	
10	29	15	1	9	20	4	16	1	57	8	74	2	17	16	27	13	55	
12	8	3	30	9	23	17	55	6	65	19	67	4	24	18	4	5	64	2	58	0	66	16	72	
16	58	4	69	9	67	19	11	12	54	
14	26	3	74	12	1	13	16	0	29	2	18	19	55	17	73	
11	13	4	25	18	14	19	11	7	75	
2	60	7	50	4	30	8	8	0	22	11	37	9	39	
8	66	0	74	3	48	18	3	6	1	9	15	1	62	13	30	10	33	12	6	19	63	11	51	
15	36	6	75	1	16	12	45	17	51	18	38	11	30	4	35	3	27	13	7	9	49	
16	35	6	38	17	57	14	3	12	47	4	9	18	43	7	1	0	16	3	17	13	30	
18	51	8	42	14	43	6	16	2	27	9	12	3	74	10	38	4	26	
4	63	3	26	15	53	1	51	9	57	
8	41	17	74	9	4	19	15	2	5	6	28	18	48	0	71	16	2	12	26	
9	24	11	61	5	41	14	25	16	45	6	47	15	6	10	17	13	38	
11	28	7	6	8	48	10	62	0	63	12	65	
8	75	4	66	13	31	7	43	11	65	
14	71	2	2	18	34	3	38	13	65	5	47	10	19	19	27	15	15	1	30	17	6	6	33	
2	68	16	11	4	7	17	14	5	48	3	42	0	9	6	18	19	64	
13	34	10	1	0	27	1	39	16	73	17	48	7	10	3	44	5	15	
6	35	5	49	9	26	18	70	11	68	7	56	15	4	14	39	19	52	17	57	4	7	8	47	
18	3	1	29	4	73	12	40	7	13	
5	74	0	5	4	27	13	51	10	50	
4	37	3	59	17	67	18	18	14	75	5	49	16	19	
13	55	2	11	5	16	10	25	7	57	17	42	11	56	19	17	18	14	8	2	15	41	3	66	
15	6	13	10	9	39	11	58	0	41	10	72	8	55	
17	33	7	63	4	42	19	11	5	50	18	51	3	25	8	13	14	3	
4	11	19	17	5	61	14	68	0	57	8	55	2	22	15	33	11	19	3	7	
2	5	14	48	9	19	7	57	8	7	13	27	
12	2	10	3	13	48	5	29	15	74	18	65	7	45	1	75	8	14	3	71	
18	20	6	48	9	23	12	15	0	5	2	40	3	37	7	55	19	14	
6	28	17	6	2	10	7	13	16	32	12	39	8	49	5	59	
8	52	1	48	14	45	0	16	7	27	4	12	17	74	3	9	15	39	
4	27	15	58	19	70	13	34	0	56	
6	33	13	31	11	27	5	47	7	12	8	35	4	56	18	46	0	42	19	40	1	9	
4	8	9	6	19	73	16	49	8	15	14	64	3	24	13	60	0	45	17	70	15	56	
12	40	19	34	4	35	13	10	14	29	5	26	2	45	6	70	8	31	1	51	3	71	0	9	
11	20	6	65	7	21	3	58	2	27	
19	15	11	19	14	30	17	11	2	34	
14	39	18	38	4	33	16	47	15	9	8	59	5	42	19	27	2	28	
1	12	2	38	10	72	8	7	11	33	3	67	
11	16	18	68	3	74	10	25	13	54	
17	8	3	38	12	25	16	17	5	23	19	45	2	51	9	75	18	26	1	48	

All component type numbers for each job to be processed by MFPM
8	6	
5	16	
0	18	3	23	
4	25	5	12	1	16	8	17	
8	3	2	19	0	21	
7	9	
1	22	5	2	3	8	6	12	7	1	
7	11	5	21	2	10	1	3	6	16	
4	5	7	8	0	24	2	25	5	17	
0	4	6	17	2	12	1	5	9	11	
7	9	3	20	0	4	6	2	
5	24	0	21	9	2	
8	3	
6	12	9	24	2	23	3	4	0	19	
5	16	3	22	0	18	
6	12	8	24	
1	25	0	1	3	19	5	14	
6	20	5	22	3	4	
8	4	3	21	5	12	0	1	
4	15	0	18	1	21	6	5	
3	12	6	1	0	22	9	4	
2	17	5	25	8	10	
1	25	4	17	
4	1	
5	16	9	3	7	24	2	21	
6	22	
9	6	4	17	6	11	0	23	
8	15	3	10	
2	8	
7	15	
7	10	2	20	8	25	
1	15	
6	20	1	25	
6	5	7	12	4	24	
6	18	7	20	2	8	3	21	0	22	
6	3	9	12	
8	1	1	6	7	2	
6	6	3	4	0	25	4	11	1	15	
8	10	9	6	0	22	2	23	
1	18	5	1	
5	14	2	15	4	2	1	9	
5	23	3	2	4	19	6	20	1	25	
5	21	4	17	3	14	0	24	
0	9	7	24	
4	21	6	3	
2	12	1	1	8	6	0	4	3	2	
2	17	0	6	4	24	
0	20	
1	1	
6	8	
5	1	
8	17	0	8	9	3	
5	23	6	1	
9	23	0	2	
3	2	
6	1	7	12	8	18	0	7	2	9	
0	10	5	22	
1	1	3	11	7	4	6	20	5	18	
8	24	9	18	7	23	2	15	4	11	
1	3	4	25	6	20	
2	14	9	12	0	21	1	17	
9	25	0	12	
3	7	5	2	1	13	0	14	
9	6	6	18	1	16	
3	12	0	9	5	24	
1	2	
5	8	
9	2	6	17	
7	19	5	25	1	7	8	14	
4	20	8	23	0	11	
3	4	
8	23	5	3	
2	1	4	19	6	12	9	18	
1	4	
0	25	3	21	4	9	9	14	6	15	
1	6	4	12	3	11	6	7	
9	24	4	6	8	23	0	1	6	18	
5	4	
2	6	5	17	7	13	3	4	9	15	
0	3	8	23	3	5	
8	16	
9	18	6	4	3	25	4	21	
3	2	9	10	2	12	8	13	
8	6	7	14	6	10	
8	15	6	25	0	6	9	14	4	10	
6	25	7	12	8	14	9	9	
5	20	3	6	
3	16	
7	20	0	22	2	7	3	18	
8	4	6	17	1	5	
3	21	9	17	6	19	
7	6	4	25	3	12	2	24	5	11	
2	25	9	11	8	17	
4	13	0	8	9	2	3	1	
1	11	3	3	5	9	9	14	8	10	
0	17	7	14	9	3	8	10	
2	14	5	10	3	3	
6	24	5	4	4	18	2	6	
4	25	6	19	1	1	
8	18	7	1	4	20	1	7	

Three processing times per job on each machine
The best scenario
484	404	
75	130	
269	361	
795	517	
258	98	
583	762	
362	107	
467	352	
762	716	
313	711	
233	161	
352	674	
984	667	
272	152	
183	120	
589	538	
968	387	
82	77	
169	125	
544	546	
69	131	
200	193	
216	124	
404	706	
689	453	
89	74	
904	303	
223	135	
99	114	
413	786	
445	311	
578	580	
318	238	
910	1093	
194	211	
549	1014	
96	139	
446	280	
395	494	
220	193	
127	192	
158	149	
822	688	
543	662	
406	469	
148	210	
312	207	
696	714	
336	398	
496	422	
230	167	
622	823	
243	368	
372	533	
862	588	
145	130	
505	472	
711	237	
113	116	
618	581	
368	698	
645	432	
152	134	
1042	509	
30	115	
426	292	
130	182	
328	245	
516	476	
84	74	
253	522	
403	211	
171	150	
215	199	
363	262	
486	835	
263	181	
165	72	
728	1109	
883	434	
87	102	
254	390	
272	530	
239	250	
195	316	
443	457	
825	729	
306	112	
506	575	
277	254	
121	225	
445	475	
498	699	
516	262	
722	946	
153	136	
978	612	
203	386	
327	496	
294	613	
Most likely scenario
693	772	
143	166	
322	372	
1151	577	
276	175	
949	774	
370	113	
641	639	
872	918	
600	1011	
305	201	
643	675	
1194	882	
327	237	
279	203	
594	627	
1025	405	
105	125	
231	206	
686	762	
135	150	
315	337	
310	141	
465	827	
868	684	
152	86	
975	600	
418	197	
106	167	
749	874	
501	377	
945	709	
395	454	
1346	1302	
309	289	
809	1195	
146	144	
644	490	
533	507	
249	227	
208	214	
244	231	
1018	771	
910	978	
644	706	
275	239	
529	412	
716	742	
425	446	
959	436	
254	221	
1057	1079	
320	457	
724	561	
992	732	
234	186	
753	695	
846	470	
134	127	
1107	791	
394	724	
1081	526	
153	178	
1158	701	
50	133	
462	326	
229	232	
552	416	
814	716	
151	118	
443	581	
625	317	
204	244	
422	276	
435	442	
776	1015	
280	217	
170	130	
1136	1230	
909	439	
116	152	
488	754	
298	783	
294	364	
371	418	
597	591	
1355	1290	
433	126	
532	836	
524	371	
160	293	
649	561	
891	926	
663	346	
1084	1334	
164	229	
1356	1140	
340	387	
505	718	
353	707	
The worst scenario
885	869	
167	245	
470	375	
1218	726	
320	205	
1164	855	
494	146	
686	662	
1187	1251	
657	1124	
431	224	
857	794	
1771	1152	
459	300	
316	286	
795	799	
1263	607	
109	139	
265	286	
910	780	
170	169	
451	456	
414	163	
496	898	
1052	872	
154	109	
1392	839	
562	208	
146	244	
805	899	
636	422	
1013	806	
504	558	
1805	1645	
334	430	
814	1755	
204	179	
803	683	
561	531	
272	236	
239	310	
348	240	
1495	992	
1000	1252	
875	1006	
409	358	
618	593	
864	904	
587	495	
1021	602	
326	228	
1161	1429	
391	545	
1027	663	
1001	981	
320	279	
999	869	
999	586	
200	180	
1222	888	
588	842	
1152	707	
201	265	
1193	850	
53	193	
516	471	
309	259	
823	444	
1083	731	
213	157	
472	719	
884	378	
240	321	
626	401	
509	468	
963	1066	
325	259	
187	156	
1490	1830	
1187	655	
139	186	
625	1080	
381	884	
426	543	
450	588	
753	797	
1860	1801	
439	185	
675	956	
587	484	
225	301	
673	797	
1019	967	
970	504	
1089	1693	
226	335	
1759	1609	
358	497	
632	929	
503	911	
