Factories	6	Jobs	50	Machines	2

Total number of component types per job processed by HSPM
12	11	9	5	8	10	6	10	11	11	9	8	8	8	5	11	10	10	8	10	6	12	6	7	11	10	7	7	6	9	6	11	9	9	12	6	5	9	5	8	8	10	9	11	8	7	5	12	9	10	

Total number of component types per job processed by MFPM
4	3	5	5	4	5	3	4	1	4	4	3	4	5	1	3	4	3	3	4	1	5	1	3	4	3	4	3	5	1	4	3	5	4	2	1	4	1	1	4	4	3	1	4	3	5	4	5	3	5	

All component type numbers for each job to be processed by HSPM
7	14	6	15	4	64	8	1	0	71	11	52	18	69	1	55	3	2	5	12	19	28	13	59	
3	44	16	21	8	49	7	42	19	14	17	7	1	50	9	30	0	71	12	18	4	53	
18	14	4	22	17	21	8	5	10	40	15	64	19	57	11	75	14	4	
2	60	6	61	8	54	3	49	13	65	
3	71	4	38	6	23	17	39	1	73	11	69	18	61	5	45	
9	7	12	39	16	12	7	65	13	66	14	43	19	61	5	46	18	72	3	9	
16	26	10	10	0	24	1	22	7	59	6	33	
15	38	4	12	6	46	13	36	17	66	5	50	7	26	19	22	8	47	0	9	
13	2	19	9	16	58	0	18	4	5	14	20	12	49	18	55	6	16	17	73	9	37	
11	53	10	59	2	30	6	1	18	11	4	54	12	75	3	62	0	34	14	16	13	31	
8	49	3	10	16	36	11	19	1	29	0	31	6	66	13	12	12	59	
9	7	17	60	10	69	18	29	0	34	16	12	1	27	19	62	
0	16	11	61	4	70	13	11	2	50	10	66	6	55	3	29	
18	19	8	14	0	37	4	66	11	45	10	5	15	20	9	64	
8	14	2	52	15	66	9	11	3	7	
8	21	1	23	7	32	0	2	11	47	4	36	16	17	6	65	17	71	2	26	10	64	
5	22	17	37	15	27	11	14	7	4	18	53	14	51	12	36	10	9	19	66	
15	67	4	49	12	12	8	13	16	17	5	18	7	59	0	47	2	34	10	1	
16	4	3	56	2	45	4	17	0	20	18	49	7	44	8	67	
7	67	10	32	17	46	3	51	0	73	16	33	2	74	1	66	5	29	11	1	
8	3	6	18	13	35	0	16	18	2	3	62	
8	66	10	62	9	14	3	60	11	31	4	50	1	48	12	36	6	49	17	65	5	42	15	55	
12	3	6	59	7	51	13	11	3	18	10	30	
4	16	7	37	5	31	19	57	9	74	10	71	18	32	
15	4	4	10	0	11	17	70	18	41	19	45	2	72	12	25	3	7	6	49	13	1	
5	12	11	56	0	44	9	21	10	67	3	33	17	16	4	6	2	64	12	47	
4	9	8	28	12	26	9	74	14	52	5	1	13	48	
17	10	8	75	3	63	11	1	5	46	18	67	12	65	
18	43	1	4	5	53	11	47	13	46	14	73	
0	36	7	63	1	8	15	70	18	30	17	48	12	38	11	9	19	39	
9	41	19	23	6	16	18	1	8	67	14	6	
16	50	8	54	11	36	12	45	4	66	3	31	15	7	19	30	9	14	6	73	18	21	
11	66	18	36	1	1	12	53	8	3	2	14	15	17	16	73	17	26	
10	51	2	37	4	56	1	16	12	13	0	17	19	33	14	62	11	66	
16	11	18	74	9	51	4	22	10	56	3	41	11	49	14	53	8	66	12	75	15	70	7	61	
14	12	2	44	15	43	10	35	19	14	8	54	
19	2	16	23	4	60	7	62	13	7	
5	9	9	56	0	55	10	16	6	8	12	43	19	32	1	42	13	10	
8	19	1	24	16	20	10	65	15	11	
10	55	18	72	14	31	11	10	15	1	17	13	19	52	3	38	
18	28	3	22	14	36	5	55	10	50	6	63	7	11	1	5	
13	17	7	25	6	36	3	63	5	46	16	72	12	42	18	9	1	3	9	4	
4	60	15	33	18	19	5	10	13	49	17	2	14	68	8	41	7	32	
14	49	9	73	12	16	8	52	4	42	15	59	1	74	10	31	13	35	0	10	6	47	
13	60	12	61	17	41	2	55	9	48	14	73	15	75	0	30	
6	32	15	62	14	27	7	58	3	53	18	47	8	4	
3	33	1	70	0	28	4	66	12	52	
16	64	6	35	11	60	3	12	0	23	5	53	7	1	17	16	10	11	1	55	18	46	15	24	
10	71	8	18	17	50	18	22	1	45	11	2	5	68	9	25	16	21	
7	51	14	75	9	7	8	68	10	66	1	60	18	64	0	18	6	25	19	65	

All component type numbers for each job to be processed by MFPM
8	2	3	1	9	4	1	20	
5	8	9	25	6	15	
7	12	5	22	8	15	4	3	0	1	
3	2	6	20	5	3	8	24	1	6	
8	8	2	18	9	12	0	22	
0	25	5	20	1	11	9	16	6	17	
6	13	4	15	1	3	
2	22	9	2	5	8	0	17	
0	11	
8	7	4	4	9	15	6	6	
9	15	8	8	3	6	0	22	
9	14	3	25	5	15	
2	17	0	9	4	20	1	14	
6	22	0	14	3	5	7	20	5	16	
4	21	
4	21	6	10	7	7	
8	10	4	16	5	18	0	1	
3	24	9	14	4	13	
3	24	0	6	2	22	
0	5	3	23	9	20	2	2	
4	8	
7	12	1	4	4	15	2	20	9	16	
0	16	
4	22	2	7	1	2	
2	6	1	13	9	2	8	16	
8	4	2	10	7	8	
5	10	0	5	1	16	7	4	
3	1	7	15	6	21	
6	23	4	22	1	24	9	15	5	5	
1	21	
6	9	3	11	7	7	5	23	
6	21	7	8	5	3	
5	6	2	4	7	1	9	23	1	3	
8	19	9	25	2	16	7	1	
9	20	5	21	
3	20	
9	20	3	12	8	11	4	18	
2	23	
0	14	
9	6	6	11	0	16	2	9	
3	3	2	11	5	20	4	6	
4	5	9	6	1	3	
5	5	
4	5	8	18	0	7	3	25	
0	12	2	15	8	21	
1	2	6	25	9	16	8	3	3	7	
9	23	6	4	0	6	2	24	
0	14	7	19	6	8	8	21	9	10	
6	3	3	20	2	4	
8	18	1	5	2	10	6	16	0	20	

Three processing times per job on each machine
The best scenario
20	42	
122	110	
274	153	
75	112	
234	223	
56	72	
372	287	
180	359	
143	193	
52	191	
99	86	
89	297	
185	176	
84	366	
288	239	
482	359	
135	274	
194	262	
161	148	
37	100	
102	158	
230	131	
69	423	
255	125	
126	192	
215	192	
352	138	
52	58	
62	33	
309	412	
76	50	
279	253	
173	292	
52	46	
54	94	
86	103	
246	321	
87	55	
86	55	
63	110	
151	310	
28	60	
339	209	
177	293	
338	506	
194	99	
409	87	
322	384	
195	118	
199	94	
Most likely scenario
32	83	
126	144	
360	206	
146	192	
349	333	
73	77	
514	439	
274	465	
275	289	
90	221	
132	127	
131	409	
192	191	
118	445	
340	344	
568	412	
258	296	
230	363	
244	187	
68	103	
199	296	
272	241	
135	439	
366	208	
213	218	
338	292	
570	240	
64	62	
64	50	
349	490	
79	69	
451	296	
216	465	
54	61	
89	142	
87	187	
351	475	
113	56	
145	97	
118	142	
226	447	
56	120	
368	256	
265	457	
354	590	
374	144	
459	152	
496	473	
204	186	
302	103	
The worst scenario
45	113	
169	201	
383	251	
194	197	
396	356	
91	89	
730	654	
291	598	
357	388	
101	303	
134	132	
167	494	
277	233	
143	522	
508	469	
790	456	
382	352	
252	490	
284	245	
76	127	
222	421	
292	358	
177	551	
390	285	
217	274	
476	420	
749	255	
76	89	
84	58	
478	599	
106	87	
648	298	
256	658	
61	75	
95	166	
117	228	
402	581	
169	71	
156	134	
147	143	
252	562	
71	160	
549	312	
279	671	
378	643	
510	180	
519	173	
529	490	
271	216	
303	124	
